190.0
158.0
192.0
179.0
207.0
304.0
332.0
315.0
262.0
306.0
342.0
306.0
319.0
293.0
222.0
213.0
193.0
199.0
194.0
158.87
184.0
186.0
166.0
192.0
188.0
162.0
181.0
192.0
241.0
295.0
299.0
316.0
274.0
317.0
318.0
312.0
323.0
277.0
251.0
212.0
212.0
206.0
187.0
158.87
182.0
181.0
175.0
190.0
176.0
182.0
204.0
294.0
538.0
808.0
819.0
902.0
830.0
849.0
842.0
835.0
802.0
655.0
451.0
366.0
303.0
225.0
220.0
219.845
203.0
197.0
166.52
191.5
178.5
193.5
207.0
295.0
536.68
813.68
803.68
866.0
777.0
821.0
832.0
806.0
779.0
681.0
493.0
379.0
317.0
245.0
218.0
219.845
200.0
190.0
199.0
193.0
181.0
205.0
205.0
277.0
513.0
734.0
771.0
837.0
790.0
796.0
758.0
775.0
745.0
614.0
405.0
326.0
281.0
222.0
225.0
169.86
193.5
190.0
182.5
242.68
221.59
180.38
271.52
304.84
484.36
689.36
753.52
748.52
657.64
724.16
735.16
711.16
725.16
622.76
443.76
386.4
311.4
284.4
272.76
206.395
187.0
190.0
182.5
266.84000000000003
221.59
180.38
135.8
283.42
151.0
676.52
790.76
812.26
556.0
763.0
1011.0
702.0
779.0
624.0
357.0
259.0
241.0
203.0
241.38
206.395
359.52
150.52
164.18
263.0
175.0
241.0
157.0
164.0
202.0
252.0
255.0
261.0
223.0
246.0
248.0
254.0
238.0
214.0
205.0
198.0
185.0
188.0
168.0
158.87
263.3
158.76
162.36
217.0
175.0
203.0
159.36
159.0
178.5
221.0
213.5
242.5
237.0
211.0
225.5
221.5
216.0
190.5
189.5
188.0
173.0
178.0
174.5
158.87
173.0
192.0
166.0
266.84000000000003
221.59
155.76
205.99
262.0
524.0
795.0
828.0
876.0
779.0
829.0
364.0
721.5
793.0
651.0
444.0
333.0
286.0
228.0
210.0
206.395
220.09
202.0
212.1
291.0
221.59
140.0
205.99
285.6
951.0
805.0
759.0
831.0
284.0
769.0899999999998
790.0
741.0
777.0
634.0
430.0
328.0
288.0
249.0
203.0
206.395
267.18
264.18
258.2
260.18
262.18
257.18
276.18
309.2
512.18
698.18
719.18
722.18
614.2
709.18
700.18
584.18
454.18
494.2
660.18
263.18
348.0
227.0
194.0
206.395
263.3
167.0
164.0
171.0
162.0
165.0
166.0
154.0
155.0
190.0
172.0
224.0
251.0
176.0
203.0
189.0
194.0
167.0
174.0
178.0
161.0
168.0
181.0
147.84
167.08
176.0
150.0
171.0
178.0
154.0
165.0
162.0
170.0
189.0
205.0
229.0
255.0
197.0
201.0
176.0
210.0
187.0
170.0
176.0
188.0
160.0
184.0
149.385
155.08
177.0
160.0
170.0
170.0
153.0
152.0
162.0
160.0
178.0
190.0
183.0
204.0
178.0
199.0
218.0
190.0
179.0
198.0
187.0
170.0
178.0
179.0
150.93
160.0
190.0
149.0
164.0
177.0
161.0
188.0
281.0
507.0
731.0
790.0
818.0
748.0
838.0
824.0
815.0
805.0
656.0
429.0
357.0
317.0
286.0
228.0
242.93
230.0
239.0
197.0
244.0
212.0
223.0
242.0
315.0
577.0
778.0
803.0
636.0
979.0
625.0
946.0
777.0
777.0
625.0
425.0
230.0
301.0
250.5
413.0
193.41
202.0
206.0
450.0
477.0
191.5
248.0
144.0
234.0
242.0
207.0
206.0
243.0
230.0
709.0
684.0
718.0
699.0
612.0
430.0
354.0
285.0
215.0
214.0
193.41
174.0
173.0
180.0
173.0
171.0
180.0
179.0
222.0
409.0
682.0
490.0
823.0
719.0
793.0
796.0
768.0
772.0
634.0
449.0
376.0
310.0
242.0
222.0
193.41
167.0
174.0
188.0
167.0
173.0
181.0
197.0
251.0
461.0
745.0
774.0
827.0
743.0
769.0
743.0
773.0
761.0
681.0
468.0
418.0
312.0
242.0
232.0
193.41
177.0
166.0
190.0
160.0
164.0
186.0
182.0
252.0
439.0
745.0
791.0
833.0
749.0
778.0
758.0
764.0
723.0
639.0
382.0
341.0
262.0
223.0
212.0
193.41
178.0
174.0
172.0
153.0
194.0
167.0
155.0
168.0
185.0
244.0
251.0
260.0
246.0
268.0
271.0
265.0
260.0
213.0
192.0
199.0
202.0
164.0
177.5
160.42000000000004
168.0
161.0
172.0
146.5
161.0
181.0
166.0
177.0
201.0
246.0
280.0
308.0
237.0
287.0
287.0
321.0
286.0
236.0
223.0
185.0
172.0
191.0
176.0
169.91
160.0
165.0
168.0
153.0
181.0
152.0
180.0
284.0
437.0
753.0
807.0
883.0
799.0
826.0
813.0
811.0
801.0
701.0
465.0
411.0
353.0
260.0
247.0
193.41
191.0
188.0
178.0
175.0
205.0
156.0
208.0
264.0
480.0
772.0
806.0
882.0
780.0
815.0
799.0
814.0
789.0
687.0
487.0
438.0
354.0
266.0
248.0
193.41
183.0
198.0
161.0
200.0
168.0
186.0
188.0
267.0
522.0
779.0
839.0
894.0
837.0
838.0
808.0
805.0
798.0
703.0
477.0
454.0
365.0
292.0
271.0
193.41
224.0
203.0
188.0
191.0
192.0
189.0
214.0
264.0
469.0
792.0
811.0
873.0
775.0
809.0
778.0
761.0
758.0
645.0
449.0
373.0
334.0
268.0
243.0
193.41
184.0
192.0
208.0
183.0
203.0
163.5
191.0
266.0
475.0
734.0
764.0
835.0
768.0
758.0
702.0
688.0
568.0
484.0
337.0
256.0
242.0
222.0
159.0
143.89
171.0
147.0
161.0
146.5
146.0
140.0
130.0
135.0
132.0
148.0
161.0
171.0
151.56
161.56
165.0
173.0
148.0
165.0
161.0
131.0
162.0
154.0
129.0
145.87
136.0
133.0
154.0
140.0
132.0
147.0
129.5
136.0
148.0
189.0
181.0
171.0
194.0
205.0
188.0
182.0
182.0
156.0
134.0
158.0
162.0
137.0
136.0
159.84
138.04
148.04
145.0
139.0
150.0
136.0
129.0
137.0
144.0
162.0
151.0
211.0
197.0
180.0
171.0
186.0
162.0
141.0
145.0
175.0
146.0
140.0
137.0
155.88
133.0
138.0
146.0
146.0
135.0
133.0
131.0
138.0
132.0
148.0
167.0
192.0
200.0
187.0
162.0
172.5
161.0
175.0
140.0
148.0
150.0
145.0
137.0
138.86
135.0
133.0
159.0
134.0
141.0
135.5
141.0
139.0
149.08
168.08
188.0
208.0
200.0
183.0
193.0
159.0
172.0
192.0
151.0
172.0
133.0
159.0
152.0
140.9
159.0
138.0
148.0
142.0
150.0
138.0
138.0
129.0
137.0
160.0
177.0
211.0
207.0
175.0
178.0
175.0
155.0
180.0
156.0
158.0
139.0
155.0
129.0
163.82
164.5
137.0
151.0
148.0
147.0
129.0
144.5
142.0
140.0
189.0
179.0
242.0
235.0
217.0
187.0
200.0
196.0
186.0
173.5
158.08
171.0
151.0
139.0
149.87
136.0
137.0
143.0
141.0
134.0
138.0
191.0
246.5
409.56
694.0
725.0
751.0
648.0
724.0
698.0
709.0
695.0
562.0
348.0
275.0
263.0
220.0
188.0
143.89
173.0
151.0
162.0
168.0
151.0
166.0
168.0
227.0
429.0
689.0
687.0
750.0
635.0
697.0
685.0
709.0
679.0
574.0
323.0
271.0
244.0
244.0
196.0
143.89
178.0
165.0
181.0
173.0
170.0
167.04
171.0
251.0
438.0
702.2
714.4
743.4
645.4
718.4
695.4
706.2
687.2
607.2
392.2
334.2
322.2
252.68
201.0
143.89
188.5
162.52
178.5
174.0
165.0
166.0
174.0
239.0
430.0
688.0
735.0
758.0
670.0
736.0
737.0
732.0
702.0
613.0
367.0
303.0
279.0
272.0
231.0
143.89
199.0
172.0
176.0
175.0
167.0
185.0
168.0
230.0
406.0
670.24
719.24
725.24
645.24
688.0
701.84
664.84
683.84
567.84
351.84
314.84
286.0
275.0
229.0
143.89
188.0
204.0
187.0
162.0
206.0
183.0
197.0
241.0
458.0
742.0
708.0
782.52
668.52
726.0
718.0
712.0
717.0
591.0
347.0
290.0
258.0
232.0
230.0
143.89
170.0
166.52
177.5
173.0
172.0
174.0
175.0
266.0
449.0
738.0
727.0
790.0
713.0
748.0
725.0
719.0
717.0
601.0
357.0
291.0
223.0
221.0
197.0
157.34
205.0
187.0
200.0
196.0
186.0
194.0
184.0
190.0
193.0
246.0
237.0
255.0
248.0
258.0
240.0
254.0
243.0
239.0
224.0
208.0
212.0
203.0
202.0
157.34
195.0
199.0
195.0
188.0
209.0
197.0
229.0
378.0
644.0
906.0
930.0
964.0
877.0
918.0
915.0
916.0
893.0
725.0
469.0
390.0
303.0
246.0
240.0
224.43
200.0
207.0
233.0
211.0
196.0
211.0
243.0
355.0
645.0
822.52
895.52
946.52
854.52
910.52
901.52
868.08
846.08
768.08
559.08
453.84
337.84
291.84
245.0
224.43
207.0
204.5
224.5
215.5
222.0
200.5
226.5
317.64
637.68
875.68
885.68
927.0
829.0
902.0
886.0
874.0
850.0
748.0
447.0
342.0
310.0
273.52
262.52
224.43
207.0
202.0
216.0
220.0
205.0
200.5
226.5
356.0
599.0
870.0
893.0
930.0
844.0
867.0
851.52
868.52
874.0
703.0
485.0
400.0
321.0
261.0
234.0
224.43
207.0
205.0
219.0
204.0
199.0
200.5
226.5
366.0
608.0
855.0
851.0
910.0
819.0
860.0
860.0
838.0
851.0
715.0
452.0
384.0
334.0
279.0
236.0
224.43
211.0
207.0
213.0
186.0
214.0
201.0
192.0
200.0
231.0
280.0
299.0
304.0
285.0
320.0
307.0
316.0
291.0
257.0
242.0
224.0
220.0
226.0
189.0
157.34
186.5
194.5
186.5
182.0
200.5
204.0
176.0
179.0
215.0
240.0
233.0
252.0
238.0
244.0
266.0
239.0
253.0
245.0
236.0
218.0
222.0
217.0
193.0
157.34
207.0
207.0
192.0
188.0
199.0
200.5
226.5
334.56
571.0
853.0
866.0
904.0
839.0
874.0
886.0
885.0
872.0
763.32
493.32
383.32
341.0
284.0
250.0
224.43
207.0
205.0
184.5
193.0
199.0
200.5
210.0
352.0
649.0
850.0
934.0
948.0
825.0
889.52
898.52
886.52
861.52
745.0
479.0
328.0
292.08
271.08
223.0
224.43
207.0
203.0
177.0
198.0
193.0
190.0
214.0
337.0
574.0
878.0
909.52
950.52
829.0
894.0
875.0
887.0
865.0
731.0
459.0
356.0
312.0
262.0
208.0
186.0
207.0
200.0
186.5
193.5
196.5
185.0
190.0
320.0
551.0
852.0
875.0
931.0
805.0
880.0
873.0
880.0
872.0
723.0
513.0
387.0
314.0
282.0
223.0
180.94
214.0
197.0
196.0
189.0
200.0
201.0
190.0
343.0
593.0
831.0
904.0
928.0
812.0
858.0
850.0
860.0
839.0
724.0
508.0
360.0
289.0
238.0
231.0
180.94
186.5
194.5
186.5
178.0
187.0
160.0
159.0
174.0
214.0
290.0
262.0
269.0
238.0
285.0
273.0
285.0
271.0
244.0
197.0
177.0
189.0
164.0
182.0
162.83
162.0
182.0
160.0
172.0
175.0
154.0
152.0
159.0
181.0
245.0
263.0
286.0
234.0
289.0
284.0
266.0
268.0
251.0
216.0
193.0
230.0
203.0
206.0
164.365
160.0
183.0
151.0
161.04
180.04
188.5
170.0
292.0
509.0
839.0
827.0
859.0
746.0
837.0
815.56
811.56
826.0
685.0
457.0
378.0
321.0
254.0
235.0
180.94
191.0
168.0
188.0
171.0
165.0
176.0
182.0
283.0
532.0
801.0
833.0
839.0
740.0
806.0
797.0
813.0
806.0
669.0
437.0
388.0
327.0
260.0
240.0
180.94
188.0
176.0
168.0
184.0
178.0
187.0
178.0
303.0
550.0
790.0
824.0
851.0
724.0
817.0
812.0
785.0
785.0
659.0
412.0
338.0
295.0
246.0
236.0
180.94
171.0
174.0
173.0
173.0
171.0
170.0
181.0
283.0
510.0
814.0
831.0
858.0
757.0
816.0
809.0
800.0
784.0
678.0
443.0
361.0
306.0
274.0
249.0
180.94
194.0
177.0
160.0
182.0
161.0
159.0
184.0
275.0
514.0
803.0
801.0
860.0
739.0
795.0
787.0
751.0
761.0
631.0
460.0
318.0
255.0
230.0
202.0
180.94
163.5
162.0
179.0
168.5
148.0
174.0
152.0
158.0
170.0
184.0
194.0
204.0
197.0
210.0
199.0
215.0
186.0
183.0
172.0
194.5
196.0
174.0
164.0
165.9
165.0
162.0
159.0
165.0
154.0
158.0
151.0
165.0
161.0
170.0
173.0
194.0
170.0
172.0
195.0
184.0
189.0
184.0
170.0
196.0
174.0
170.0
144.0
165.87
162.0
168.5
153.0
156.0
164.0
150.0
159.0
160.0
143.0
171.0
196.0
204.0
188.0
189.5
209.0
200.0
203.0
196.5
185.5
186.5
183.5
174.2
158.5
164.39
192.0
178.5
172.0
174.2
166.0
162.5
158.2
261.2
432.2
628.2
819.0
808.0
707.0
825.0
785.0
790.0
760.0
668.0
461.0
356.0
286.0
232.0
215.0
180.94
190.0
180.0
184.0
164.0
171.0
166.0
167.0
299.0
540.68
760.68
819.0
854.0
748.0
826.0
800.0
787.0
773.0
653.0
447.0
331.0
315.0
245.0
221.0
180.94
184.0
184.0
173.0
162.0
175.0
170.0
177.0
284.0
512.0
788.0
824.0
847.0
736.0
805.0
790.0
781.0
757.0
638.0
441.0
339.0
281.0
244.0
232.0
180.94
178.0
199.0
164.0
187.0
167.5
175.0
205.0
300.56
497.56
719.52
760.52
794.48
706.16
738.16
729.16
725.48
710.48
613.68
447.68
290.0
253.0
232.0
205.0
180.94
160.0
175.0
155.84
156.5
156.84
162.84
161.84
165.84
161.0
213.0
219.0
214.0
206.0
207.0
223.0
216.0
217.0
209.0
201.0
177.0
193.0
174.0
173.0
162.91
164.0
172.0
166.0
157.0
177.0
155.52
140.52
174.0
157.68
233.115
234.615
233.615
223.5
225.12
243.08
218.5
196.0
197.0
206.0
181.5
189.0
181.0
175.5
160.89999999999995
166.52
156.52
165.52
166.52
160.0
164.0
179.0
272.0
469.0
727.0
786.0
798.0
717.0
768.0
765.0
746.0
745.0
610.0
455.0
343.0
317.0
237.0
225.0
180.94
206.0
193.0
181.0
181.0
190.0
183.0
175.0
307.0
510.0
730.0
796.0
806.0
747.0
759.0
766.0
766.0
768.0
620.0
424.0
357.0
253.0
214.0
194.0
180.94
197.0
164.0
178.0
165.0
176.0
177.0
171.0
305.0
516.0
732.0
780.0
823.0
713.0
774.0
761.0
762.0
742.0
611.0
420.0
325.52
296.52
262.0
200.0
180.94
186.0
181.0
173.0
176.0
165.0
190.0
171.0
303.0
508.0
745.0
789.0
841.0
726.0
797.0
761.0
757.0
773.0
645.0
433.0
326.0
274.0
242.0
203.0
175.88
182.0
173.0
195.0
166.0
175.0
175.0
184.0
283.0
502.0
749.0
740.0
793.0
697.0
739.0
713.0
721.0
700.0
577.0
399.0
312.0
272.0
229.0
226.0
170.39999999999995
159.14
172.0
170.5
159.5
169.5
164.26
146.76
177.5
156.84
253.23
250.23
253.23
223.5
243.24
263.16
218.5
239.0
210.0
211.0
186.0
185.0
188.0
175.5
160.89999999999995
154.28
172.0
175.0
162.0
162.0
173.0
153.0
181.0
156.0
205.0
217.0
210.0
241.0
215.0
213.0
221.0
232.0
213.0
208.0
189.0
193.0
176.0
178.0
160.89999999999995
160.24
168.0
160.0
171.0
175.0
164.0
172.0
273.0
470.0
757.0
742.0
777.0
708.0
756.0
762.0
765.0
758.0
648.0
462.0
351.0
287.0
251.0
224.0
170.39999999999995
188.0
159.0
171.0
172.0
161.0
165.0
177.0
283.0
505.0
761.0
785.0
791.0
689.0
781.0
771.0
769.0
757.0
623.0
447.0
334.0
281.0
218.0
224.0
170.39999999999995
175.0
183.0
159.0
176.0
188.0
166.0
198.0
281.0
529.0
768.0
778.0
830.0
721.0
797.0
784.0
778.0
755.0
644.0
397.0
352.0
286.0
249.0
215.0
170.39999999999995
187.0
165.0
183.0
166.0
178.0
171.0
186.0
280.0
523.0
740.0
764.0
810.0
725.0
758.0
768.0
765.0
751.0
650.0
423.0
310.0
266.0
232.0
214.0
170.39999999999995
193.0
176.0
187.0
174.0
166.0
176.0
186.0
277.0
519.0
745.0
750.0
794.0
723.0
745.0
618.0
612.0
623.0
533.0
389.0
354.0
297.0
229.0
214.0
170.39999999999995
189.0
187.0
188.0
188.0
179.0
195.0
172.0
195.0
205.0
261.0
263.0
281.0
924.0
913.0
895.0
881.0
719.0
511.0
382.0
347.0
301.0
267.16
255.38
218.0
232.0
209.0
248.0
204.0
227.0
214.0
364.0
613.0
855.0
877.0
900.0
807.0
905.0
874.0
833.0
870.12
739.0
478.0
385.0
349.0
278.0
222.0
255.38
235.0
220.0
216.0
213.0
213.0
207.0
217.0
179.0
211.0
240.0
214.0
231.0
253.0
229.0
225.0
223.0
248.0
235.0
251.0
250.0
230.0
240.0
242.0
216.5
217.0
198.0
208.0
207.0
208.0
210.0
208.0
200.0
222.0
225.0
205.0
257.0
223.0
244.0
249.0
237.0
239.0
251.0
270.0
237.0
250.0
241.0
196.0
259.05
224.5
224.0
193.0
235.0
214.0
239.0
212.0
357.0
633.0
925.0
936.0
951.0
883.0
904.0
926.0
914.0
903.0
811.08
536.0
431.0
356.0
264.0
268.0
255.38
231.0
234.0
199.0
213.0
215.0
221.0
216.0
351.0
636.0
890.0
920.0
937.0
887.0
899.8
931.8
901.8
902.8
744.8
516.76
429.76
305.76
289.76
215.0
262.86
228.0
248.0
226.0
195.0
249.0
223.0
214.0
407.0
682.0
870.0
910.0
939.0
843.0
922.0
886.08
917.0
892.0
771.0
509.0
394.0
322.0
278.0
282.0
224.43
215.5
229.0
236.0
248.0
205.0
237.0
205.0
385.0
642.0
906.0
926.0
957.0
855.0
887.0
932.0
923.0
852.0
740.0
494.0
351.0
307.68
268.68
248.0
224.43
215.5
211.0
222.0
196.0
220.0
209.5
196.0
336.24
605.24
837.72
879.72
899.72
822.72
854.0
859.24
819.24
812.24
691.24
455.0
304.0
264.0
222.0
214.0
224.43
206.5
199.0
188.0
201.0
194.0
186.0
199.0
193.0
216.0
272.0
301.0
317.0
260.52
325.52
305.0
330.16
305.16
275.16
255.5
239.0
228.0
187.0
217.0
208.94
196.0
200.0
204.0
182.0
192.0
196.0
182.0
195.0
213.0
221.0
242.0
239.0
250.0
251.0
251.0
251.0
244.0
275.0
241.0
241.0
206.0
205.0
207.0
208.94
203.0
187.0
196.0
189.0
210.0
182.0
187.0
351.0
607.52
863.52
928.52
927.52
864.52
906.52
898.0
898.0
875.0
745.0
448.0
396.0
329.0
281.0
221.0
224.43
206.0
211.0
208.0
196.0
224.0
191.0
226.0
326.0
590.0
869.0
888.0
939.0
841.04
884.04
879.84
869.84
851.84
756.84
507.84
373.84
340.0
261.0
233.0
224.43
236.0
207.0
209.0
217.0
193.0
221.0
192.0
344.0
588.0
830.0
875.0
917.0
817.0
869.0
856.0
855.0
838.0
713.0
453.0
366.0
329.0
281.0
236.0
224.43
225.0
205.0
205.0
215.0
201.0
211.0
211.0
345.0
593.0
830.0
848.0
895.0
790.0
834.0
813.0
791.0
735.0
609.0
397.0
306.0
282.0
248.0
226.0
224.43
198.5
198.0
205.5
193.5
199.5
201.0
180.5
200.0
209.5
226.0
238.0
238.5
241.0
239.0
248.0
245.5
253.04
242.0
236.0
231.0
209.0
226.0
186.0
208.94
201.0
196.0
207.0
205.0
207.0
201.0
180.5
205.0
206.0
231.0
234.0
238.0
232.0
227.0
245.0
240.0
240.0
209.0
217.0
231.0
206.0
214.0
194.0
208.94
193.0
205.0
194.0
204.5
201.5
206.0
179.0
192.0
220.0
261.0
267.5
287.56
263.0
265.0
282.0
272.0
283.0
251.0
220.0
237.0
233.0
210.0
201.0
208.94
201.0
198.0
208.0
215.0
203.0
187.0
218.0
351.0
620.0
946.0
938.56
975.56
902.0
947.0
956.0
957.0
932.0
807.0
596.0
483.0
358.0
272.0
225.0
224.43
206.0
222.0
218.0
211.0
226.0
202.0
202.0
387.0
660.0
914.0
951.0
989.0
917.0
955.0
938.0
928.0
935.0
796.0
528.0
444.0
368.0
280.0
234.0
224.43
210.0
236.0
201.0
214.0
227.0
202.0
236.0
369.0
629.0
942.0
956.0
990.0
892.0
944.0
919.0
920.56
925.56
807.0
548.0
395.0
346.0
295.0
255.0
224.43
214.0
203.0
220.0
202.0
198.0
220.0
207.0
382.0
641.0
917.0
939.0
997.0
903.0
964.0
940.0
931.0
928.0
793.0
543.0
447.0
357.0
266.0
247.0
224.43
200.0
218.0
204.0
214.0
200.0
219.0
209.0
384.0
643.0
938.0
982.0
1019.0
891.0
949.0
944.0
897.0
902.0
778.0
534.0
391.0
345.04
278.04
246.0
224.43
210.0
205.0
210.0
204.0
196.0
216.0
197.0
201.0
219.0
273.0
301.0
284.0
275.0
298.0
291.0
311.0
278.0
264.0
252.0
230.0
224.0
215.0
182.0
208.94
204.0
201.0
191.0
189.0
202.0
199.0
190.0
188.0
200.0
242.0
250.0
282.0
290.0
270.0
282.0
253.0
289.0
261.0
263.0
223.0
229.0
221.0
205.0
208.94
213.0
200.0
209.0
212.0
201.5
210.0
196.0
367.0
623.0
943.0
984.0
1033.0
943.0
987.0
993.0
958.0
963.0
839.0
538.0
426.0
334.0
263.0
226.0
224.43
217.0
200.0
200.0
210.0
203.0
206.0
211.0
358.0
630.0
944.0
973.0
1030.0
944.0
993.0
986.0
956.0
960.0
807.0
563.0
449.0
327.0
284.0
252.0
224.43
224.0
207.0
196.0
226.0
202.0
203.0
225.0
360.0
647.0
933.0
954.0
1032.56
934.56
990.0
969.0
961.0
933.0
838.0
531.0
427.0
350.0
293.0
257.0
224.43
236.0
200.0
218.0
229.0
207.0
222.0
236.0
367.0
649.0
943.0
999.0
1041.0
942.0
962.0
957.0
927.0
949.0
786.0
564.0
457.0
362.0
272.0
249.0
224.43
215.0
207.0
207.0
211.0
202.0
213.0
206.0
369.0
650.0
925.0
978.0
1015.0
927.0
953.0
925.0
910.0
850.0
658.0
433.0
378.0
304.0
258.0
235.0
224.43
206.0
218.0
215.0
203.0
216.0
199.0
208.0
203.0
230.0
310.0
315.0
333.0
289.0
340.0
341.0
331.0
349.0
326.0
285.0
277.0
244.0
231.0
196.0
208.94
194.0
210.0
223.0
194.0
225.0
197.0
198.0
210.0
211.0
245.0
264.0
283.0
278.0
265.0
268.0
280.0
263.0
257.0
270.0
261.0
230.0
225.0
218.0
208.94
215.0
204.0
208.0
201.0
213.0
202.0
229.0
369.0
625.0
966.0
1004.0
1026.0
949.0
1001.0
956.0
970.0
945.0
826.0
594.0
445.0
364.0
294.0
236.0
224.43
228.0
213.0
221.0
219.0
213.0
214.0
240.0
381.0
638.0
945.0
950.0
994.0
910.0
988.0
992.0
971.0
946.0
825.0
556.0
466.0
388.0
293.0
273.0
224.43
224.0
235.0
202.0
229.0
200.0
222.0
235.0
383.0
620.0
939.0
965.0
1012.0
911.0
986.0
964.0
961.0
939.0
808.0
523.0
409.0
347.0
319.0
282.0
224.43
245.0
234.0
207.0
225.0
226.0
234.0
236.0
421.04
629.04
941.0
980.0
1030.0
940.0
921.0
950.0
933.0
916.0
764.0
600.0
486.0
381.0
305.0
242.0
224.43
207.0
218.0
212.0
221.0
207.0
199.0
239.0
388.0
640.0
948.0
944.0
989.0
887.0
938.0
932.0
921.0
899.0
737.0
496.0
401.0
353.0
268.0
229.0
224.43
216.0
204.0
218.0
214.0
197.0
216.0
204.0
198.0
266.0
339.56
361.56
362.0
323.0
342.0
357.0
354.0
358.0
327.0
264.0
243.0
237.0
234.0
220.0
208.94
215.0
213.0
219.0
208.0
213.0
192.0
217.0
201.0
242.0
341.0
330.0
378.0
324.0
352.0
366.0
345.0
355.0
361.0
280.0
252.0
227.0
202.0
173.0
208.94
176.0
178.0
211.0
212.0
171.0
188.0
193.0
352.0
545.0
960.0
1004.0
1040.0
926.0
975.0
973.0
982.0
965.0
856.0
619.0
463.0
315.0
261.0
250.0
224.43
201.0
207.0
210.0
203.0
205.0
202.0
229.0
372.0
654.0
879.0
975.0
997.0
920.0
937.0
930.0
925.0
904.0
742.0
486.0
422.0
342.0
269.0
236.0
224.43
202.0
205.0
208.0
202.0
207.0
198.0
229.0
349.0
657.0
946.0
999.0
1030.0
908.0
966.0
971.0
955.0
949.0
785.0
526.0
407.0
337.0
267.0
221.0
224.43
200.0
213.0
203.0
203.0
220.0
218.0
220.0
220.0
228.0
204.0
228.0
410.0
616.0
891.12
930.0
956.0
837.0
896.0
900.0
904.0
868.0
777.12
484.0
442.0
384.0
315.0
292.0
244.92
220.0
209.0
222.0
243.0
221.0
216.0
208.0
360.0
612.0
860.12
896.0
898.0
809.0
863.0
878.0
868.0
836.0
712.0
484.0
395.0
304.0
291.0
203.0
255.41
192.0
210.0
196.0
215.0
224.0
178.0
204.0
199.0
244.0
282.0
309.0
301.0
285.0
275.0
277.0
258.0
276.12
247.0
200.0
250.0
198.0
225.0
205.0
175.41
190.0
209.0
209.5
207.5
223.0
190.5
215.0
199.0
249.06
302.36
314.8
346.48
312.48
295.48
288.48
298.48
284.48
294.0
233.0
240.0
240.0
215.0
221.0
175.41
183.0
192.0
182.0
187.0
207.0
195.0
181.0
339.0
598.0
902.0
922.0
1001.0
906.08
938.0
923.0
916.0
892.0
779.0
517.0
404.0
311.0
260.0
214.0
255.41
187.0
204.0
204.0
215.0
195.0
202.0
196.0
370.0
618.0
844.0
898.08
944.0
871.0
870.0
893.0
917.0
873.0
751.0
544.12
441.0
339.0
276.0
230.0
255.41
216.0
204.0
188.0
213.0
200.0
212.0
209.0
337.0
628.0
885.0
952.0
965.0
843.0
911.0
898.0
911.0
891.0
758.0
533.2
428.0
347.0
272.0
241.0
255.41
228.0
197.0
199.0
198.0
205.0
186.0
215.0
363.0
615.0
911.0
913.0
959.0
869.0
941.0
931.0
946.0
915.0
788.0
563.0
471.0
329.0
289.0
264.0
255.41
224.0
219.0
213.0
242.0
210.0
235.0
233.0
369.0
625.0
923.12
988.12
977.0
885.0
941.0
923.0
905.0
907.0
759.0
477.0
433.0
291.0
268.0
243.0
255.41
211.0
208.0
223.0
200.0
222.0
203.0
226.0
199.0
254.12
244.0
243.0
290.0
259.52
270.76
276.0
241.0
253.0
247.0
229.0
254.0
212.0
213.0
225.0
175.41
200.0
213.0
228.0
194.0
212.0
185.0
208.0
206.0
222.0
245.0
260.0
277.0
269.0
246.04
271.04
273.0
239.0
250.0
250.0
237.0
217.0
203.0
206.0
175.41
202.0
193.0
190.0
188.0
196.0
194.0
219.0
367.0
646.0
927.0
962.0
995.0
952.0
944.0
946.0
965.12
964.0
751.0
553.0
446.0
357.0
338.0
248.0
255.41
217.0
239.0
203.0
240.0
231.0
203.0
232.0
384.0
652.0
880.0
955.0
964.0
881.12
927.0
923.0
898.0
890.0
742.0
579.12
458.0
388.0
292.0
268.0
255.41
211.0
249.0
199.0
230.0
205.0
203.0
212.0
344.0
587.0
845.0
885.0
942.0
855.04
930.04
904.0
894.0
858.0
754.0
474.0
407.0
369.0
311.0
265.0
255.41
219.0
218.0
201.0
210.0
197.0
180.0
226.0
374.0
620.0
896.0
926.0
949.0
862.0
921.12
864.0
896.0
878.12
746.0
458.12
425.0
385.0
292.0
248.0
255.41
208.0
184.0
178.0
194.0
207.0
188.0
197.0
368.0
688.0
855.0
890.0
971.0
858.0
887.0
894.0
884.08
853.12
687.0
470.0
316.12
289.0
232.0
233.0
255.41
196.0
197.0
225.0
187.0
194.0
210.0
195.0
180.0
200.0
192.0
200.0
195.0
228.0
200.0
187.0
210.0
200.0
214.0
215.0
212.0
204.0
217.0
213.0
175.41
206.0
211.0
201.0
204.0
195.0
191.0
186.0
190.0
202.0
212.0
247.0
257.0
243.0
240.0
242.0
211.0
209.0
194.0
217.5
220.0
190.0
204.0
196.0
175.41
207.0
187.0
192.0
193.0
198.0
182.0
200.0
179.0
216.0
201.0
233.0
249.04
230.0
226.0
241.0
243.0
212.0
224.0
217.5
217.0
218.0
198.0
212.0
175.41
216.0
196.0
189.0
175.0
190.0
192.0
186.0
371.0
666.0
938.0
972.0
1043.0
974.0
931.0
943.0
945.0
916.08
813.0
566.0
465.0
367.0
282.0
268.0
255.41
224.0
208.0
201.0
209.0
205.0
195.0
203.0
387.0
691.84
942.04
964.84
986.84
912.84
972.84
915.72
946.64
934.64
781.64
592.64
508.64
375.64
298.64
236.0
255.41
217.0
202.0
223.0
205.5
215.5
195.0
236.0
383.0
679.0
919.0
1010.0
1040.0
916.0
1003.0
953.0
945.0
895.0
779.0
592.0
452.0
380.0
269.0
269.0
255.41
215.0
211.0
245.0
202.0
226.0
195.0
217.0
365.0
692.88
913.88
957.08
982.88
886.88
906.88
909.44
902.56
850.0
709.0
537.0
394.0
303.0
237.0
205.0
255.41
177.0
194.0
174.0
156.0
172.0
165.0
160.0
457.0
208.0
278.0
255.0
248.0
217.0
271.0
250.0
275.0
244.0
249.04
217.5
214.0
212.0
184.0
210.0
179.88
188.0
201.0
198.0
180.0
180.0
184.0
178.0
182.0
196.0
250.0
281.0
280.0
278.0
250.0
246.0
261.0
261.0
255.0
220.0
205.0
222.0
182.0
204.0
176.915
187.0
179.0
182.0
189.0
180.0
174.0
223.0
332.0
650.12
925.16
974.16
1000.28
885.16
943.16
921.16
942.0
893.0
778.0
527.0
419.0
374.0
328.0
260.0
265.9
215.0
223.0
234.0
232.0
205.0
216.0
232.0
398.0
691.0
923.12
1006.11
1040.0
969.0
1004.0
935.0
952.0
928.0
783.0
510.0
443.0
396.0
357.12
292.0
260.81
217.0
226.0
230.0
217.0
209.0
216.0
222.0
384.0
606.0
915.0
928.0
970.0
911.0
969.0
913.0
890.0
918.0
733.0
498.0
443.0
372.0
312.0
285.0
260.81
225.0
225.5
224.5
206.0
201.0
196.0
234.0
394.0
643.12
929.0
927.0
1001.0
941.0
923.0
907.08
890.0
882.0
736.0
539.0
428.0
408.0
364.0
263.0
255.72
225.0
225.0
219.0
251.0
221.0
225.0
237.0
380.0
672.0
930.0
969.0
1023.0
911.0
937.0
969.0
931.12
911.0
759.0
501.0
397.0
352.0
302.0
271.0
252.36
206.0
207.0
205.5
196.0
201.0
192.0
202.0
216.0
286.0
301.0
297.0
316.0
309.0
300.0
303.0
311.0
285.0
309.0
238.0
225.0
239.0
209.0
236.0
176.915
206.0
213.0
213.0
216.0
193.0
198.0
186.0
230.0
246.0
310.0
324.0
355.0
308.0
289.0
270.0
287.0
275.0
279.0
240.0
245.0
256.0
217.0
210.0
176.915
225.0
194.0
207.0
192.0
199.0
205.0
217.0
376.0
605.0
852.0
929.0
929.0
852.52
887.52
864.12
873.0
867.52
696.52
519.44
452.44
331.44
287.76
261.0
252.36
225.0
200.5
216.5
205.5
201.0
211.5
250.6
347.6
620.6
805.6
839.6
889.0
875.0
833.0
841.0
842.0
836.0
669.0
489.0
411.0
327.0
276.0
263.0
252.36
225.0
207.0
226.0
219.0
203.0
218.0
249.0
386.0
631.0
830.0
832.0
916.0
875.12
844.0
861.0
848.08
824.0
686.12
478.6
370.6
363.0
276.0
282.0
252.36
233.0
213.0
211.0
236.0
212.0
236.0
220.0
383.0
650.0
839.0
882.0
924.0
881.0
889.0
850.0
854.0
834.0
689.0
505.0
416.0
332.0
311.0
256.0
252.36
236.0
247.0
211.0
203.0
231.0
233.0
259.0
351.0
662.0
888.0
876.0
972.12
873.0
898.0
837.0
832.0
839.0
665.0
497.0
382.0
325.0
299.0
232.0
252.36
224.0
212.0
210.0
218.0
206.0
233.0
196.0
190.0
205.0
212.0
219.0
220.0
224.0
229.0
215.0
218.0
228.0
225.0
215.0
222.0
203.0
239.0
217.0
176.915
206.0
217.0
217.0
208.0
204.0
202.0
203.0
201.0
199.0
216.0
242.0
270.0
249.0
238.0
231.0
244.0
238.0
223.0
242.0
218.0
234.0
215.0
209.0
176.915
207.0
206.0
201.0
192.0
220.0
200.0
225.0
383.0
672.0
933.0
1000.0
1047.0
949.12
1006.0
953.0
959.0
928.0
790.0
563.0
434.0
393.0
320.0
278.0
252.36
232.0
236.0
250.0
231.0
230.0
223.0
239.0
389.0
680.0
940.0
966.12
1041.0
925.0
955.12
960.0
932.0
914.0
761.0
480.0
407.12
336.0
289.0
244.0
252.36
222.0
201.0
223.0
216.0
267.0
201.0
222.0
359.0
696.0
752.0
970.0
1028.0
982.0
897.0
930.0
932.0
945.0
556.12
486.0
340.0
297.12
245.0
257.45
216.0
219.0
226.0
204.0
224.0
195.0
216.0
342.0
587.0
792.8
846.8
866.8
837.8
867.8
868.24
879.24
887.24
777.24
557.0
438.0
387.0
308.0
251.0
257.45
237.0
217.0
210.0
204.0
216.0
243.0
216.0
329.0
584.0
831.0
894.0
859.0
820.0
843.0
869.0
837.0
858.12
742.0
543.0
401.0
360.0
304.0
273.0
257.45
240.0
210.0
192.0
197.0
219.0
203.0
220.0
311.0
607.52
809.52
881.0
877.0
775.0
828.08
821.0
760.0
720.0
605.52
438.52
344.0
301.0
283.0
226.0
257.45
192.0
194.0
186.0
191.0
166.0
179.0
168.0
181.0
172.0
208.0
192.0
198.0
199.0
205.0
195.0
223.0
220.0
218.0
219.0
206.0
183.0
177.0
172.0
167.97
180.0
177.0
186.0
172.0
187.0
155.0
173.0
173.0
186.0
174.0
193.0
189.0
192.0
185.0
183.0
201.0
220.0
203.0
208.0
181.0
189.0
182.0
186.0
169.45499999999996
186.0
175.0
184.0
184.0
198.0
153.0
178.0
165.0
167.0
174.0
207.0
171.0
201.0
189.0
193.0
185.0
198.0
186.0
212.0
205.5
197.0
191.0
193.0
170.94
188.0
179.0
195.0
178.0
170.0
192.0
183.0
309.0
588.0
857.0
873.0
901.0
821.0
891.0
884.0
893.2
877.0
761.0
559.0
428.0
371.0
290.08
258.0
257.45
216.0
210.0
222.0
200.0
214.0
229.0
204.0
334.0
603.0
843.0
903.12
933.0
830.0
878.0
896.0
891.0
866.0
780.0
526.0
433.12
351.0
297.0
258.0
257.45
192.0
210.0
210.0
220.0
202.0
192.0
224.0
331.0
609.0
853.0
899.12
912.0
835.0
865.0
898.0
900.0
860.0
734.0
550.0
418.0
336.0
279.0
226.0
257.45
211.0
220.0
209.0
214.0
198.0
191.0
223.0
326.0
633.0
862.0
866.0
888.0
822.0
867.0
915.12
898.0
858.0
761.0
510.0
423.0
377.12
321.0
234.0
269.98
216.0
218.5
200.0
199.5
254.61
250.61
211.5
316.24
571.41
738.17
879.08
913.08
825.08
864.08
893.6
864.6
861.6
717.6
487.6
402.6
329.6
282.6
237.0
260.42
199.0
207.0
199.0
220.0
213.0
233.0
196.0
207.0
229.0
277.0
281.0
280.0
264.0
275.0
324.0
285.0
288.0
239.0
251.0
205.5
239.0
216.0
226.0
175.41
199.0
208.0
201.0
189.0
204.0
198.0
185.0
195.0
183.0
192.0
227.0
238.0
234.0
249.0
219.0
225.0
228.0
220.0
226.0
230.0
238.0
227.0
190.0
175.41
216.0
217.0
191.0
185.0
215.0
188.0
200.0
325.0
612.0
898.0
896.0
940.0
860.0
927.0
932.0
917.0
923.0
760.08
568.0
495.0
385.0
278.0
239.0
260.42
221.0
249.0
208.0
222.0
207.0
212.0
222.0
327.0
598.0
861.0
904.0
909.12
817.0
923.0
890.0
895.0
898.0
735.12
560.0
410.0
352.0
300.0
241.0
260.42
226.0
224.0
211.0
219.0
211.0
212.0
215.0
326.0
600.0
860.0
872.0
915.0
823.0
882.0
928.0
855.0
871.12
741.0
542.0
384.0
349.0
280.0
246.0
260.42
224.0
203.0
211.0
215.0
222.0
191.0
236.0
344.0
609.0
855.0
881.0
930.0
853.0
905.0
889.0
915.0
836.0
714.0
572.0
460.12
367.0
272.0
241.0
260.42
229.0
226.0
214.0
232.0
206.0
186.0
219.0
365.0
587.0
850.0
884.08
923.0
824.0
861.0
879.0
878.0
868.0
722.0
536.0
379.0
374.0
278.0
275.0
260.42
212.0
228.0
209.0
217.0
209.0
232.0
210.0
214.0
259.0
298.0
297.0
362.0
272.0
306.04
290.04
297.0
301.0
276.0
220.0
221.0
230.0
193.0
212.0
175.41
180.0
204.0
216.0
186.0
202.0
211.0
196.0
187.0
221.0
257.0
260.0
285.0
249.0
256.0
289.52
260.52
286.0
253.0
234.0
252.0
221.0
213.0
238.0
175.41
186.0
216.0
206.0
193.0
207.0
182.0
188.0
359.0
596.0
930.12
909.12
960.0
840.0
913.0
918.0
922.0
882.0
763.0
530.0
432.0
329.0
294.0
238.0
250.86
225.0
223.0
233.0
211.0
224.0
221.0
229.0
339.0
647.0
874.0
900.0
918.0
828.0
907.0
923.0
888.0
879.0
764.0
526.0
442.0
396.0
310.12
234.0
250.335
213.0
237.0
248.0
211.0
230.0
202.0
242.0
351.0
619.0
881.0
895.0
942.0
802.0
902.0
893.0
876.08
861.0
771.0
575.0
457.0
370.0
286.0
254.0
250.335
209.0
218.0
208.0
228.0
220.0
202.0
244.0
325.0
666.68
834.68
884.0
906.0
831.0
899.0
895.0
891.12
851.0
781.0
555.0
447.0
368.0
315.0
264.0
250.335
216.0
236.0
201.0
230.0
186.0
237.0
212.0
337.0
621.0
840.12
855.0
916.0
838.0
848.0
863.0
834.0
798.0
696.0
464.0
370.0
285.0
260.0
187.0
250.335
221.0
184.0
174.0
188.0
177.0
171.0
186.0
183.0
192.0
215.0
241.0
260.0
258.0
255.0
244.0
262.0
259.0
264.0
232.0
223.0
221.0
195.0
218.0
175.41
195.0
187.0
179.0
168.0
182.0
190.0
162.0
191.0
197.0
212.0
262.0
272.0
257.0
240.0
255.0
249.0
247.0
229.0
241.0
228.0
215.0
221.0
198.0
175.41
200.0
174.0
193.0
189.0
175.0
180.0
188.0
329.0
594.0
887.0
893.0
941.0
899.08
908.0
931.0
888.0
871.0
756.12
564.0
486.0
378.0
311.0
255.0
250.335
220.0
227.0
198.0
235.0
208.0
188.0
230.0
336.0
620.0
856.0
868.0
908.0
818.0
893.08
888.0
855.0
889.0
747.0
545.0
516.0
418.0
299.0
251.0
250.335
214.5
218.0
224.0
211.0
198.0
215.0
213.0
373.0
613.12
906.0
911.0
976.0
853.0
895.12
896.0
889.0
903.0
756.0
553.0
410.0
310.0
320.0
254.0
249.81
209.0
209.0
210.0
206.0
202.0
222.0
241.0
320.0
584.0
894.0
934.0
939.0
851.0
909.0
895.12
924.0
875.0
763.0
612.0
486.0
373.2
345.0
272.0
248.875
226.0
216.0
237.0
223.0
231.0
210.0
210.0
365.0
667.0
861.0
897.0
978.0
857.0
881.0
914.0
899.0
858.0
764.0
513.0
446.0
407.12
331.0
270.0
247.94
218.0
199.0
218.0
188.0
205.0
205.0
187.0
264.0
303.0
346.0
315.0
360.0
322.0
334.0
323.0
340.0
332.12
304.0
272.0
260.0
251.0
233.0
220.0
175.41
206.0
215.0
217.0
188.0
196.0
185.0
236.0
206.0
197.0
233.0
226.0
253.0
269.0
247.0
232.0
237.0
241.0
225.0
241.0
243.0
240.0
208.0
213.0
175.41
199.0
208.0
198.0
210.0
197.0
195.0
235.0
359.0
642.0
887.0
912.0
1021.0
907.0
957.0
944.0
931.0
917.0
796.12
570.0
465.0
386.0
323.0
272.0
250.91
213.0
226.0
221.0
234.0
245.0
218.0
229.0
392.0
670.0
929.0
963.12
1042.0
916.12
929.0
951.0
941.0
915.0
779.0
592.0
437.0
398.0
323.0
253.0
253.43
229.0
207.0
218.0
226.0
218.0
230.0
214.0
372.0
654.0
882.0
936.0
986.0
883.0
892.0
925.0
909.0
898.0
773.0
562.0
494.0
364.0
314.0
265.0
255.95
226.0
218.0
220.0
220.0
228.0
204.0
228.0
410.0
616.0
891.12
930.0
956.0
837.0
896.0
900.0
904.0
868.0
777.12
484.0
442.0
384.0
315.0
292.0
244.92
220.0
209.0
222.0
243.0
221.0
216.0
208.0
360.0
612.0
860.12
896.0
898.0
809.0
863.0
878.0
868.0
836.0
712.0
484.0
395.0
304.0
291.0
203.0
255.41
192.0
210.0
196.0
215.0
224.0
178.0
204.0
199.0
244.0
282.0
309.0
301.0
285.0
275.0
277.0
258.0
276.12
247.0
200.0
250.0
198.0
225.0
205.0
175.41
190.0
209.0
209.5
207.5
223.0
190.5
215.0
199.0
249.06
302.36
314.8
346.48
312.48
295.48
288.48
298.48
284.48
294.0
233.0
240.0
240.0
215.0
221.0
175.41
183.0
192.0
182.0
187.0
207.0
195.0
181.0
339.0
598.0
902.0
209.0
197.0
199.0
183.0
180.0
344.0
577.0
895.0
913.08
963.0
876.0
909.2
913.0
929.0
895.0
779.0
592.0
470.0
375.0
317.0
267.0
263.345
217.0
218.0
212.0
204.0
213.5
190.0
236.0
334.0
573.0
840.0
861.0
893.0
836.0
902.0
864.0
879.0
889.0
758.0
498.0
450.24
352.0
296.0
242.0
263.345
256.0
237.0
215.0
211.0
228.0
240.0
208.0
329.0
570.0
850.0
875.0
893.0
818.0
910.0
868.12
895.0
863.0
790.0
554.0
454.0
388.0
336.0
327.0
263.83
238.0
269.0
229.0
228.0
216.0
223.0
264.0
336.0
557.0
849.0
902.0
911.0
849.0
888.0
900.0
884.0
876.0
762.0
580.0
441.0
377.0
299.0
284.0
278.88
218.0
239.0
210.0
217.0
217.0
202.0
224.0
345.12
564.0
860.0
856.0
904.0
817.12
883.0
871.0
838.0
829.0
710.0
522.0
402.0
349.0
284.0
218.0
269.46500000000003
196.0
196.0
209.0
215.0
201.0
181.0
195.0
185.0
196.0
212.0
231.0
247.0
230.0
226.0
242.0
240.0
244.0
259.0
241.0
235.0
220.0
199.0
178.0
163.925
200.0
209.0
200.0
209.0
183.0
195.0
177.0
198.0
195.0
216.0
209.0
202.0
211.0
225.0
222.0
199.0
208.0
226.0
191.0
213.0
246.0
195.0
193.0
163.925
185.0
186.0
195.0
193.0
184.0
174.0
202.0
190.0
185.0
218.0
233.0
219.0
233.0
243.0
248.0
240.0
256.0
228.0
216.0
227.0
209.0
218.0
187.0
163.925
195.0
185.0
202.0
190.0
198.0
185.0
190.0
315.0
596.0
893.0
943.0
953.0
888.0
929.12
957.0
907.08
905.0
804.0
546.08
486.0
348.0
277.0
251.0
269.46500000000003
189.0
219.0
215.0
207.0
217.0
204.0
202.0
320.0
612.0
864.0
896.0
925.0
841.0
911.0
907.12
893.0
885.0
752.0
545.0
467.0
355.0
327.0
221.0
269.46500000000003
202.5
230.0
203.5
212.0
204.0
220.0
208.0
349.0
563.0
861.0
874.0
940.0
832.0
868.0
881.0
865.0
894.0
748.0
515.0
376.0
341.0
302.0
279.08
269.46500000000003
216.0
241.0
203.5
210.0
210.0
203.0
219.0
331.0
587.0
829.0
879.0
872.0
802.0
859.0
829.0
844.0
827.12
673.0
477.0
409.0
278.0
247.0
218.0
269.46500000000003
179.0
181.0
204.0
175.0
182.0
182.0
197.0
176.0
208.0
240.0
216.0
242.0
205.0
234.0
246.0
221.0
206.0
243.0
212.0
202.0
187.0
197.0
177.0
163.925
173.0
181.0
177.0
193.0
193.0
190.0
177.0
208.0
229.56
211.0
213.0
214.0
208.0
240.0
206.0
212.0
268.0
206.0
219.0
213.0
209.0
221.0
186.0
163.925
195.0
199.0
192.0
200.0
178.0
187.0
192.0
322.0
581.0
854.12
860.0
871.0
798.0
841.0
851.0
863.12
832.0
700.0
513.0
420.0
323.0
290.0
256.0
269.46500000000003
206.0
213.0
237.0
227.0
202.0
205.0
213.0
343.0
586.0
822.04
893.04
928.0
840.0
882.0
900.08
864.0
848.0
758.0
492.0
437.0
402.12
293.0
239.0
269.46500000000003
239.0
194.0
220.0
236.0
213.0
205.0
234.0
334.0
584.0
813.0
868.0
902.0
822.0
857.0
851.0
825.0
864.0
707.0
531.0
436.0
369.0
341.0
249.0
260.05
222.5
233.0
220.0
224.0
220.0
208.0
238.0
343.0
585.0
885.0
928.0
933.0
842.0
890.12
887.12
894.0
856.0
752.2
516.0
396.0
353.0
258.0
274.0
252.485
206.0
222.0
233.0
195.0
218.0
209.0
205.0
336.0
591.0
827.0
855.0
897.0
839.0
873.12
855.0
847.0
820.0
714.0
490.0
443.0
367.0
267.0
216.0
252.485
209.0
195.0
210.0
195.0
220.0
191.0
200.0
218.0
251.12
285.0
259.0
313.0
265.0
300.0
282.0
279.0
267.0
247.0
248.0
250.0
230.0
214.0
218.0
163.925
197.0
184.0
206.0
190.0
187.0
189.0
206.0
214.0
207.0
221.0
211.0
230.0
245.0
237.0
205.0
233.0
248.0
241.0
237.0
207.0
225.0
207.0
210.0
163.925
187.0
210.0
207.0
207.0
193.0
207.0
199.0
344.0
603.0
857.0
897.0
943.0
867.0
929.0
903.0
909.0
890.0
804.0
535.0
426.0
346.0
316.0
271.0
252.485
201.0
195.0
201.0
235.0
210.5
210.5
207.0
329.0
597.0
840.0
930.0
932.0
864.0
893.12
896.0
881.08
877.0
792.0
527.12
426.0
343.0
295.0
246.0
244.92
216.0
250.0
226.0
229.0
228.0
214.0
222.0
311.0
610.0
831.0
887.0
901.0
831.0
900.0
868.0
877.0
863.0
756.0
539.0
445.0
366.0
297.0
268.0
257.45
219.0
203.0
213.0
213.0
214.0
215.0
202.0
320.0
602.0
835.0
915.0
893.0
823.0
825.0
816.12
837.0
820.0
720.0
486.0
385.0
326.0
280.0
248.0
257.45
231.0
202.0
204.0
210.0
232.0
206.0
190.0
343.0
664.0
848.0
877.0
890.0
799.12
866.0
865.12
845.0
869.0
711.0
451.0
376.0
310.0
273.0
245.0
257.45
186.0
193.0
193.0
220.0
183.0
204.0
206.0
200.0
228.0
258.0
289.0
277.0
283.0
271.0
280.0
291.0
267.0
245.0
220.0
234.0
195.0
215.0
212.0
163.925
203.0
187.0
202.0
192.0
204.0
189.0
180.0
205.0
207.0
217.0
206.0
212.0
248.0
232.0
235.0
245.0
242.0
233.0
230.0
230.0
228.0
247.0
182.0
163.925
206.0
212.0
200.0
216.0
184.0
189.0
208.0
308.0
583.0
836.0
859.0
852.0
808.52
870.52
854.12
844.32
830.32
737.44
556.12
486.0
340.0
297.12
245.0
257.45
216.0
219.0
226.0
204.0
224.0
195.0
216.0
342.0
587.0
792.8
846.8
866.8
837.8
867.8
868.24
879.24
887.24
777.24
557.0
438.0
387.0
308.0
251.0
257.45
237.0
217.0
210.0
204.0
216.0
243.0
216.0
329.0
584.0
831.0
894.0
859.0
820.0
843.0
869.0
837.0
858.12
742.0
543.0
401.0
360.0
304.0
273.0
257.45
240.0
210.0
192.0
197.0
219.0
203.0
220.0
311.0
607.52
809.52
881.0
877.0
775.0
828.08
821.0
760.0
720.0
605.52
438.52
344.0
301.0
283.0
226.0
257.45
192.0
194.0
186.0
191.0
166.0
179.0
168.0
181.0
172.0
208.0
192.0
198.0
199.0
205.0
195.0
223.0
220.0
218.0
219.0
206.0
183.0
177.0
172.0
167.97
180.0
177.0
186.0
172.0
187.0
155.0
173.0
173.0
186.0
174.0
193.0
189.0
192.0
185.0
183.0
201.0
220.0
203.0
208.0
181.0
189.0
182.0
186.0
169.45499999999996
186.0
175.0
184.0
184.0
198.0
153.0
178.0
165.0
167.0
174.0
207.0
171.0
201.0
189.0
193.0
185.0
198.0
186.0
212.0
205.5
197.0
191.0
193.0
170.94
188.0
179.0
195.0
178.0
170.0
192.0
183.0
309.0
588.0
857.0
873.0
901.0
821.0
891.0
884.0
893.2
877.0
761.0
559.0
428.0
371.0
290.08
258.0
257.45
216.0
210.0
222.0
200.0
214.0
229.0
204.0
334.0
603.0
843.0
903.12
933.0
830.0
878.0
896.0
891.0
866.0
780.0
526.0
433.12
351.0
297.0
258.0
257.45
192.0
210.0
210.0
220.0
202.0
192.0
224.0
331.0
609.0
853.0
899.12
912.0
835.0
865.0
898.0
900.0
860.0
734.0
550.0
418.0
336.0
279.0
226.0
257.45
211.0
220.0
209.0
214.0
198.0
191.0
223.0
326.0
633.0
862.0
866.0
888.0
822.0
867.0
915.12
898.0
858.0
761.0
510.0
423.0
377.12
321.0
234.0
269.98
216.0
218.5
200.0
199.5
254.61
250.61
211.5
316.24
571.41
738.17
879.08
913.08
825.08
864.08
893.6
864.6
861.6
717.6
487.6
402.6
329.6
282.6
237.0
260.42
199.0
207.0
199.0
220.0
213.0
233.0
196.0
207.0
229.0
277.0
281.0
280.0
264.0
275.0
324.0
285.0
288.0
239.0
251.0
205.5
239.0
216.0
226.0
175.41
199.0
208.0
201.0
189.0
204.0
198.0
185.0
195.0
183.0
192.0
227.0
238.0
234.0
249.0
219.0
225.0
228.0
220.0
833.0
923.0
847.0
873.0
849.0
844.0
821.0
717.0
504.0
434.0
345.0
256.0
234.0
231.32
217.0
217.0
200.0
196.0
201.0
193.0
201.0
322.0
580.0
831.0
862.0
934.0
817.0
880.0
854.56
816.56
814.0
703.0
424.0
322.0
274.0
216.0
204.0
175.88
197.0
172.0
177.0
189.0
178.0
165.0
181.0
170.0
206.0
293.0
292.0
300.0
239.0
319.0
309.0
301.0
315.0
284.0
223.0
193.0
194.0
195.0
172.0
163.38
189.0
168.0
172.0
189.0
165.0
164.0
178.0
179.0
186.0
242.0
232.0
251.0
218.0
257.0
237.0
258.0
251.0
231.0
219.0
206.0
199.0
212.0
189.0
170.91
185.0
173.0
185.0
179.0
181.0
178.0
183.0
328.0
570.0
843.0
878.0
951.0
841.0
898.0
880.0
883.0
873.0
732.0
482.0
366.0
321.0
274.0
234.0
209.41
203.0
208.0
197.0
204.0
186.0
201.0
204.0
331.0
567.0
874.0
892.0
970.0
856.0
880.0
893.0
878.0
852.0
727.0
459.0
364.0
287.0
281.0
240.0
209.41
214.0
201.0
206.0
198.0
216.0
194.0
202.0
317.0
563.0
890.0
883.0
947.0
864.0
892.0
894.0
879.0
841.0
705.0
463.0
375.0
333.0
279.0
248.0
242.94
212.0
217.0
211.0
199.0
189.0
206.0
224.0
311.0
565.0
855.0
869.0
945.0
809.0
908.0
886.0
864.0
860.0
717.0
555.0
447.0
355.0
277.0
235.0
256.385
188.0
202.0
197.0
186.0
199.0
180.0
218.0
297.0
595.0
835.0
868.0
933.0
825.0
857.0
875.0
832.0
837.0
721.0
514.0
377.0
302.0
229.0
224.0
256.385
179.0
183.0
184.0
177.0
171.0
178.0
186.0
182.0
201.0
268.0
263.0
297.56
268.56
306.0
308.0
331.0
302.0
277.0
216.0
215.0
217.0
181.0
199.0
167.915
182.0
194.0
172.0
199.0
188.0
170.0
177.0
181.0
195.0
225.0
252.0
241.0
230.0
267.5
268.52
257.0
240.0
205.0
202.0
205.0
188.0
182.0
196.0
167.915
176.0
182.0
185.0
171.0
174.0
175.0
210.0
323.0
566.0
852.0
869.56
939.56
844.0
884.0
873.0
853.0
865.0
720.0
432.0
346.0
292.0
260.0
233.0
256.385
189.0
186.0
186.0
193.0
175.0
184.0
209.0
319.0
573.0
874.0
863.0
948.0
822.56
898.56
895.0
886.0
875.0
732.0
506.0
353.0
324.0
264.0
249.0
256.385
206.0
194.0
198.0
205.0
183.0
200.0
212.0
321.0
599.0
851.0
903.0
958.0
850.0
891.0
899.0
874.0
837.0
714.0
425.0
328.0
273.0
251.0
233.0
256.385
195.0
210.0
195.0
198.0
206.0
194.0
222.0
342.0
608.0
884.0
914.0
998.0
862.0
918.0
899.0
906.0
851.0
719.0
465.0
340.0
301.0
250.0
240.0
256.385
209.0
197.0
210.0
201.0
199.0
186.0
200.0
329.0
567.0
866.0
890.0
770.96
695.96
770.96
759.96
741.96
728.96
590.96
353.96
303.96
273.96
251.5
234.5
256.385
194.0
174.825
169.32
198.0
171.325
165.82
165.32
199.5
225.5
247.96
265.96
237.0
231.0
229.0
241.0
227.0
246.0
211.0
200.0
195.0
168.0
184.0
151.0
167.915
194.0
155.65
166.64
198.0
154.65
161.64
153.64
199.5
225.5
258.48
295.98
284.5
279.0
238.0
222.0
237.0
220.0
203.0
195.0
196.0
209.0
175.0
175.0
164.92
159.04
162.0
206.0
164.0
159.0
155.0
189.0
291.0
565.0
823.0
817.0
886.0
844.0
832.0
850.0
832.0
823.0
683.0
467.0
345.0
268.0
253.0
229.0
256.385
184.52
199.0
202.0
206.0
189.0
209.0
198.0
338.0
549.0
834.0
833.0
914.0
832.0
866.0
844.0
852.0
832.0
696.0
429.0
357.0
295.0
246.0
213.0
256.385
210.0
188.0
204.0
189.0
195.0
191.0
225.0
322.0
589.0
868.0
889.0
940.0
862.0
888.0
863.0
883.0
849.0
724.0
480.0
375.0
300.0
264.0
234.0
256.385
196.0
206.0
213.0
190.0
191.0
211.0
223.0
332.0
569.0
908.0
897.0
969.0
847.0
904.0
888.0
890.0
863.0
723.0
461.0
398.0
330.0
279.0
267.0
256.385
242.0
206.0
212.0
210.0
208.0
201.0
216.0
339.0
602.0
865.0
910.0
974.0
887.0
892.0
903.0
902.0
840.0
686.0
417.0
354.0
281.0
230.0
236.0
256.385
206.0
198.0
201.0
197.0
190.0
187.0
184.0
218.0
256.0
269.0
326.0
332.0
327.0
331.0
330.0
319.72
309.72
252.2
250.2
228.5
213.0
210.0
198.0
172.39
198.0
202.0
196.0
191.0
188.0
198.0
180.0
198.0
240.0
272.0
293.44
305.44
297.44
312.44
327.44
305.44
312.44
282.0
250.0
261.0
225.0
207.0
204.0
172.39
203.0
203.0
189.0
208.0
178.0
189.0
217.0
308.0
594.0
872.0
928.0
998.0
879.0
947.0
934.0
916.0
891.0
746.0
508.0
369.0
333.0
242.0
221.0
256.385
193.0
202.0
207.0
185.0
205.0
197.0
229.5
332.52
613.0
873.0
899.0
972.0
869.0
859.0
868.0
875.0
878.0
725.0
473.0
371.0
319.0
266.0
247.0
256.385
215.0
203.0
213.0
201.0
213.0
196.0
242.0
327.0
609.0
867.0
902.0
969.0
879.0
904.0
880.0
882.0
856.0
718.0
478.0
347.0
314.0
273.0
276.0
256.385
410.08
408.08
404.08
407.08
407.08
405.08
427.08
462.08
512.08
572.16
568.16
638.08
641.08
588.08
875.0
874.16
859.16
709.0
498.0
361.0
310.0
290.0
233.0
256.385
227.0
199.0
217.0
188.0
218.0
190.0
220.0
343.0
598.0
870.0
903.0
966.0
834.0
865.0
880.0
885.0
852.0
736.0
441.0
353.0
268.0
259.0
218.0
256.385
190.0
206.0
191.0
185.0
194.0
185.0
187.0
222.0
214.0
262.0
285.0
291.0
276.0
290.0
308.0
292.0
292.0
287.0
256.0
221.0
235.0
199.0
180.0
172.39
196.0
173.0
198.0
184.0
191.0
178.0
184.0
217.5
224.5
238.0
272.0
265.0
261.0
269.0
284.0
267.0
263.0
261.0
225.0
218.0
229.0
205.0
190.0
172.39
182.0
199.0
184.0
180.0
176.0
200.0
194.0
318.0
572.0
863.0
901.0
988.0
861.0
922.0
920.0
873.0
881.0
732.0
453.0
394.0
306.0
281.0
250.0
256.385
228.0
207.0
202.0
216.0
197.0
221.0
222.0
341.0
568.0
850.0
881.0
927.0
844.0
872.0
851.0
869.0
841.0
714.0
493.0
412.0
335.0
270.0
248.0
256.385
206.5
213.5
196.0
199.5
195.5
207.0
216.0
322.0
608.0
844.0
862.0
929.0
842.0
861.0
861.0
835.08
850.08
716.0
460.0
382.0
318.0
275.0
239.0
256.385
206.5
220.0
190.0
183.0
194.0
193.0
206.0
320.0
587.0
851.0
833.0
927.0
841.0
896.0
874.0
847.0
849.0
675.0
406.0
335.0
277.0
250.0
216.0
256.385
206.5
189.0
187.0
170.0
186.0
183.0
200.0
297.0
562.0
833.0
871.0
940.0
821.0
878.0
846.0
832.0
798.0
678.0
391.0
320.0
290.0
248.0
211.0
256.385
186.0
175.0
188.0
185.0
179.0
179.0
172.0
213.0
235.0
274.0
270.0
299.0
290.0
305.0
290.0
261.0
257.0
220.0
210.0
192.0
207.0
199.0
196.0
179.86
189.0
175.0
183.0
168.0
171.0
173.0
182.0
179.0
173.0
211.0
206.0
240.0
206.0
227.0
223.0
216.0
215.0
197.0
208.0
201.0
177.0
202.0
178.0
161.88
185.0
181.0
162.0
196.0
170.0
182.5
201.0
286.0
555.0
826.0
852.0
930.0
847.0
880.0
861.0
842.0
847.0
708.0
456.0
374.0
311.0
265.0
247.0
256.385
218.0
189.0
213.0
195.5
182.0
182.0
208.0
297.0
563.0
832.0
856.0
946.0
830.0
886.0
846.0
854.0
819.0
685.0
474.0
324.0
300.0
249.0
217.0
256.385
184.0
189.0
204.0
195.0
194.0
193.0
217.0
286.0
566.0
844.0
826.0
928.0
800.0
866.0
815.0
819.0
808.0
674.0
492.0
361.0
292.0
244.0
235.0
256.385
198.0
201.0
575.0
457.0
370.0
286.0
254.0
250.335
209.0
218.0
208.0
228.0
220.0
202.0
244.0
325.0
666.68
834.68
884.0
906.0
831.0
899.0
895.0
891.12
851.0
781.0
555.0
447.0
368.0
315.0
264.0
250.335
216.0
236.0
201.0
230.0
186.0
237.0
212.0
337.0
621.0
840.12
855.0
916.0
838.0
848.0
863.0
834.0
798.0
696.0
464.0
370.0
285.0
260.0
187.0
250.335
221.0
184.0
174.0
188.0
177.0
171.0
186.0
183.0
192.0
215.0
241.0
260.0
258.0
255.0
244.0
262.0
259.0
264.0
232.0
223.0
221.0
195.0
218.0
175.41
195.0
187.0
179.0
168.0
182.0
190.0
162.0
191.0
197.0
212.0
262.0
272.0
257.0
240.0
255.0
249.0
247.0
229.0
241.0
228.0
215.0
221.0
198.0
175.41
200.0
174.0
193.0
189.0
175.0
180.0
188.0
329.0
594.0
887.0
893.0
941.0
899.08
908.0
931.0
888.0
871.0
756.12
564.0
486.0
378.0
311.0
255.0
250.335
220.0
227.0
198.0
235.0
208.0
188.0
230.0
336.0
620.0
856.0
868.0
908.0
818.0
893.08
888.0
855.0
889.0
747.0
545.0
516.0
418.0
299.0
251.0
250.335
214.5
218.0
224.0
211.0
198.0
215.0
213.0
373.0
613.12
906.0
911.0
976.0
853.0
895.12
896.0
889.0
903.0
756.0
553.0
410.0
310.0
320.0
254.0
249.81
209.0
209.0
210.0
206.0
202.0
222.0
241.0
320.0
584.0
894.0
934.0
939.0
851.0
909.0
895.12
924.0
875.0
763.0
612.0
486.0
373.2
345.0
272.0
248.875
226.0
216.0
237.0
223.0
231.0
210.0
210.0
365.0
667.0
861.0
897.0
978.0
857.0
881.0
914.0
899.0
858.0
764.0
513.0
446.0
407.12
331.0
270.0
247.94
218.0
199.0
218.0
188.0
205.0
205.0
187.0
264.0
303.0
346.0
315.0
360.0
322.0
334.0
323.0
340.0
332.12
304.0
272.0
260.0
251.0
233.0
220.0
175.41
206.0
215.0
217.0
188.0
196.0
185.0
236.0
206.0
197.0
233.0
226.0
253.0
269.0
247.0
232.0
237.0
241.0
225.0
241.0
243.0
240.0
208.0
213.0
175.41
199.0
208.0
198.0
210.0
197.0
195.0
235.0
359.0
642.0
887.0
912.0
1021.0
907.0
957.0
944.0
931.0
917.0
796.12
570.0
465.0
386.0
323.0
272.0
250.91
213.0
226.0
221.0
234.0
245.0
218.0
229.0
392.0
670.0
929.0
963.12
1042.0
916.12
929.0
951.0
941.0
915.0
779.0
592.0
437.0
398.0
323.0
253.0
253.43
229.0
207.0
218.0
226.0
218.0
230.0
214.0
372.0
654.0
882.0
936.0
986.0
883.0
892.0
925.0
909.0
898.0
773.0
562.0
494.0
364.0
314.0
265.0
255.95
226.0
218.0
220.0
220.0
228.0
204.0
228.0
410.0
616.0
891.12
930.0
956.0
837.0
896.0
900.0
904.0
868.0
777.12
484.0
442.0
384.0
315.0
292.0
244.92
220.0
209.0
222.0
243.0
221.0
216.0
208.0
360.0
612.0
860.12
896.0
898.0
809.0
863.0
878.0
868.0
836.0
712.0
484.0
395.0
304.0
291.0
203.0
255.41
192.0
210.0
196.0
215.0
224.0
178.0
204.0
199.0
244.0
282.0
309.0
301.0
285.0
275.0
277.0
258.0
276.12
247.0
200.0
250.0
198.0
225.0
205.0
175.41
190.0
209.0
209.5
207.5
223.0
190.5
215.0
199.0
249.06
302.36
314.8
346.48
312.48
295.48
288.48
298.48
284.48
294.0
233.0
240.0
240.0
215.0
221.0
175.41
183.0
192.0
182.0
187.0
207.0
195.0
181.0
339.0
598.0
902.0
922.0
1001.0
906.08
938.0
923.0
916.0
892.0
779.0
517.0
404.0
311.0
260.0
214.0
255.41
187.0
204.0
204.0
215.0
195.0
202.0
196.0
370.0
618.0
844.0
898.08
944.0
871.0
870.0
893.0
917.0
873.0
751.0
544.12
441.0
339.0
276.0
230.0
255.41
216.0
204.0
188.0
213.0
200.0
212.0
209.0
337.0
628.0
885.0
952.0
965.0
843.0
911.0
898.0
911.0
891.0
758.0
533.2
428.0
347.0
272.0
241.0
255.41
228.0
197.0
199.0
198.0
205.0
186.0
215.0
363.0
615.0
911.0
913.0
959.0
869.0
941.0
931.0
946.0
915.0
788.0
563.0
471.0
329.0
289.0
264.0
255.41
224.0
219.0
213.0
242.0
210.0
235.0
233.0
369.0
625.0
923.12
988.12
977.0
885.0
941.0
923.0
905.0
907.0
759.0
477.0
433.0
291.0
268.0
243.0
255.41
211.0
208.0
223.0
200.0
222.0
203.0
226.0
199.0
254.12
244.0
243.0
290.0
259.52
270.76
276.0
241.0
253.0
247.0
229.0
254.0
212.0
213.0
225.0
175.41
200.0
213.0
228.0
194.0
212.0
185.0
208.0
206.0
222.0
245.0
260.0
277.0
269.0
246.04
271.04
273.0
239.0
250.0
250.0
237.0
217.0
203.0
206.0
175.41
202.0
193.0
190.0
188.0
196.0
194.0
219.0
367.0
646.0
927.0
962.0
995.0
952.0
944.0
946.0
965.12
964.0
751.0
553.0
446.0
357.0
338.0
248.0
255.41
217.0
239.0
203.0
240.0
231.0
203.0
232.0
384.0
652.0
880.0
955.0
964.0
881.12
927.0
923.0
898.0
890.0
742.0
579.12
458.0
388.0
292.0
268.0
255.41
211.0
249.0
199.0
230.0
205.0
203.0
212.0
344.0
587.0
845.0
885.0
942.0
855.04
930.04
904.0
894.0
858.0
754.0
474.0
407.0
369.0
311.0
265.0
255.41
219.0
218.0
201.0
210.0
197.0
180.0
226.0
374.0
620.0
896.0
926.0
949.0
862.0
921.12
864.0
896.0
878.12
746.0
458.12
425.0
385.0
292.0
248.0
255.41
208.0
184.0
178.0
194.0
207.0
188.0
197.0
368.0
688.0
855.0
890.0
971.0
858.0
887.0
894.0
884.08
853.12
687.0
470.0
316.12
289.0
232.0
233.0
255.41
196.0
197.0
225.0
187.0
194.0
210.0
195.0
180.0
200.0
192.0
200.0
195.0
228.0
200.0
187.0
210.0
200.0
214.0
215.0
212.0
204.0
217.0
213.0
175.41
206.0
211.0
201.0
204.0
195.0
191.0
186.0
190.0
202.0
212.0
247.0
257.0
243.0
240.0
242.0
211.0
209.0
194.0
217.5
220.0
190.0
204.0
196.0
175.41
207.0
187.0
192.0
193.0
198.0
182.0
200.0
179.0
216.0
201.0
233.0
249.04
230.0
226.0
241.0
243.0
212.0
224.0
217.5
217.0
218.0
198.0
212.0
175.41
216.0
196.0
189.0
175.0
190.0
192.0
186.0
371.0
666.0
938.0
972.0
1043.0
974.0
931.0
943.0
945.0
916.08
813.0
566.0
465.0
367.0
282.0
268.0
255.41
224.0
208.0
201.0
209.0
205.0
195.0
203.0
387.0
691.84
942.04
964.84
986.84
912.84
972.84
915.72
946.64
934.64
781.64
592.64
508.64
375.64
298.64
236.0
255.41
217.0
202.0
223.0
205.5
215.5
195.0
236.0
383.0
679.0
919.0
1010.0
1040.0
916.0
1003.0
953.0
945.0
895.0
779.0
592.0
452.0
380.0
269.0
269.0
255.41
215.0
211.0
245.0
202.0
226.0
195.0
217.0
365.0
692.88
913.88
957.08
982.88
886.88
906.88
909.44
902.56
850.0
709.0
537.0
394.0
303.0
237.0
205.0
255.41
177.0
194.0
174.0
156.0
172.0
165.0
160.0
457.0
208.0
278.0
255.0
248.0
217.0
271.0
250.0
275.0
244.0
249.04
217.5
214.0
212.0
184.0
210.0
179.88
188.0
201.0
198.0
180.0
180.0
184.0
178.0
182.0
196.0
250.0
281.0
280.0
278.0
250.0
246.0
261.0
261.0
255.0
220.0
205.0
222.0
182.0
204.0
176.915
187.0
179.0
182.0
189.0
180.0
174.0
223.0
332.0
650.12
925.16
974.16
1000.28
885.16
943.16
921.16
942.0
893.0
778.0
527.0
419.0
374.0
328.0
260.0
265.9
215.0
223.0
234.0
232.0
205.0
216.0
232.0
398.0
691.0
923.12
1006.11
1040.0
969.0
1004.0
935.0
952.0
928.0
783.0
510.0
443.0
396.0
357.12
292.0
260.81
217.0
226.0
230.0
217.0
209.0
216.0
222.0
384.0
606.0
915.0
268.0
255.41
211.0
249.0
199.0
230.0
205.0
203.0
212.0
344.0
587.0
845.0
885.0
942.0
855.04
930.04
904.0
894.0
858.0
754.0
474.0
407.0
369.0
311.0
265.0
255.41
219.0
218.0
201.0
210.0
197.0
180.0
226.0
374.0
620.0
896.0
926.0
949.0
862.0
921.12
864.0
896.0
878.12
746.0
458.12
425.0
385.0
292.0
248.0
255.41
208.0
184.0
178.0
194.0
207.0
188.0
197.0
368.0
688.0
855.0
890.0
971.0
858.0
887.0
894.0
884.08
853.12
687.0
470.0
316.12
289.0
232.0
233.0
255.41
196.0
197.0
225.0
187.0
194.0
210.0
195.0
180.0
200.0
192.0
200.0
195.0
228.0
200.0
187.0
210.0
200.0
214.0
215.0
212.0
204.0
217.0
213.0
175.41
206.0
211.0
201.0
204.0
195.0
191.0
186.0
190.0
202.0
212.0
247.0
257.0
243.0
240.0
242.0
211.0
209.0
194.0
217.5
220.0
190.0
204.0
196.0
175.41
207.0
187.0
192.0
193.0
198.0
182.0
200.0
179.0
216.0
201.0
233.0
249.04
230.0
226.0
241.0
243.0
212.0
224.0
217.5
217.0
218.0
198.0
212.0
175.41
216.0
196.0
189.0
175.0
190.0
192.0
186.0
371.0
666.0
938.0
972.0
1043.0
974.0
931.0
943.0
945.0
916.08
813.0
566.0
465.0
367.0
282.0
268.0
255.41
224.0
208.0
201.0
209.0
205.0
195.0
203.0
387.0
691.84
942.04
964.84
986.84
912.84
972.84
915.72
946.64
934.64
781.64
592.64
508.64
375.64
298.64
236.0
255.41
217.0
202.0
223.0
205.5
215.5
195.0
236.0
383.0
679.0
919.0
1010.0
1040.0
916.0
1003.0
953.0
945.0
895.0
779.0
592.0
452.0
380.0
269.0
269.0
255.41
215.0
211.0
245.0
202.0
226.0
195.0
217.0
365.0
692.88
913.88
957.08
982.88
886.88
906.88
909.44
902.56
850.0
709.0
537.0
394.0
303.0
237.0
205.0
255.41
177.0
194.0
174.0
156.0
172.0
165.0
160.0
457.0
208.0
278.0
255.0
248.0
217.0
271.0
250.0
275.0
244.0
249.04
217.5
214.0
212.0
184.0
210.0
179.88
188.0
201.0
198.0
180.0
180.0
184.0
178.0
182.0
196.0
250.0
281.0
280.0
278.0
250.0
246.0
261.0
261.0
255.0
220.0
205.0
222.0
182.0
204.0
176.915
187.0
179.0
182.0
189.0
180.0
174.0
223.0
332.0
650.12
925.16
974.16
1000.28
885.16
943.16
921.16
942.0
893.0
778.0
527.0
419.0
374.0
328.0
260.0
265.9
215.0
223.0
234.0
232.0
205.0
216.0
232.0
398.0
691.0
923.12
1006.11
1040.0
969.0
1004.0
935.0
952.0
928.0
783.0
510.0
443.0
396.0
357.12
292.0
260.81
217.0
226.0
230.0
217.0
209.0
216.0
222.0
384.0
606.0
915.0
928.0
970.0
911.0
969.0
913.0
890.0
918.0
733.0
498.0
443.0
372.0
312.0
285.0
260.81
225.0
225.5
224.5
206.0
201.0
196.0
234.0
394.0
643.12
929.0
927.0
1001.0
941.0
923.0
907.08
890.0
882.0
736.0
539.0
428.0
408.0
364.0
263.0
255.72
225.0
225.0
219.0
251.0
221.0
225.0
237.0
380.0
672.0
930.0
969.0
1023.0
911.0
937.0
969.0
931.12
911.0
759.0
501.0
397.0
352.0
302.0
271.0
252.36
206.0
207.0
205.5
196.0
201.0
192.0
202.0
216.0
286.0
301.0
297.0
316.0
309.0
300.0
303.0
311.0
285.0
309.0
238.0
225.0
239.0
209.0
236.0
176.915
206.0
213.0
213.0
216.0
193.0
198.0
186.0
230.0
246.0
310.0
324.0
355.0
308.0
289.0
270.0
287.0
275.0
279.0
240.0
245.0
256.0
217.0
210.0
176.915
225.0
194.0
207.0
192.0
199.0
205.0
217.0
376.0
605.0
852.0
929.0
929.0
852.52
887.52
864.12
873.0
867.52
696.52
519.44
452.44
331.44
287.76
261.0
252.36
225.0
200.5
216.5
205.5
201.0
211.5
250.6
347.6
620.6
805.6
839.6
889.0
875.0
833.0
841.0
842.0
836.0
669.0
489.0
411.0
327.0
276.0
263.0
252.36
225.0
207.0
226.0
219.0
203.0
218.0
249.0
386.0
631.0
830.0
832.0
916.0
875.12
844.0
861.0
848.08
824.0
686.12
478.6
370.6
363.0
276.0
282.0
252.36
233.0
213.0
211.0
236.0
212.0
236.0
220.0
383.0
650.0
839.0
882.0
924.0
881.0
889.0
850.0
854.0
834.0
689.0
505.0
416.0
332.0
311.0
256.0
252.36
236.0
247.0
211.0
203.0
231.0
233.0
259.0
351.0
662.0
888.0
876.0
972.12
873.0
898.0
837.0
832.0
839.0
665.0
497.0
382.0
325.0
299.0
232.0
252.36
224.0
212.0
210.0
218.0
206.0
233.0
196.0
190.0
205.0
212.0
219.0
220.0
224.0
229.0
215.0
218.0
228.0
225.0
215.0
222.0
203.0
239.0
217.0
176.915
206.0
217.0
217.0
208.0
204.0
202.0
203.0
201.0
199.0
216.0
242.0
270.0
249.0
238.0
231.0
244.0
238.0
223.0
242.0
218.0
234.0
215.0
209.0
176.915
207.0
206.0
201.0
192.0
220.0
200.0
225.0
383.0
672.0
933.0
1000.0
1047.0
949.12
1006.0
953.0
959.0
928.0
790.0
563.0
434.0
393.0
320.0
278.0
252.36
232.0
236.0
250.0
231.0
230.0
223.0
239.0
389.0
680.0
940.0
966.12
1041.0
925.0
955.12
960.0
932.0
914.0
761.0
480.0
407.12
336.0
289.0
244.0
252.36
222.0
201.0
223.0
216.0
267.0
201.0
222.0
359.0
696.0
752.0
970.0
1028.0
982.0
897.0
930.0
932.0
945.0
804.0
564.08
392.0
400.0
313.0
266.0
252.36
228.0
232.0
212.0
226.0
234.0
251.0
204.0
338.0
625.0
933.0
940.0
1006.0
962.08
950.0
941.0
951.0
947.0
800.0
512.0
434.12
384.0
320.0
246.0
249.0
240.0
204.0
214.0
214.0
241.0
221.0
224.0
350.0
595.0
946.0
944.0
999.0
915.0
935.08
892.0
899.0
873.0
792.0
418.0
322.0
269.0
258.0
226.0
259.97
231.0
197.0
210.0
216.0
239.0
191.0
211.0
197.0
204.0
241.0
258.0
244.0
254.0
297.0
280.0
291.0
258.0
253.0
261.0
230.0
252.0
214.0
234.0
176.915
204.0
225.0
225.0
218.0
203.0
218.0
187.0
207.0
232.0
210.0
214.0
312.0
269.0
291.5
232.0
253.0
250.0
238.0
234.0
235.0
208.0
217.0
211.0
176.915
233.0
212.0
223.0
195.0
212.0
210.0
212.0
335.0
625.0
936.0
972.0
1061.0
995.0
1003.0
1029.0
976.0
980.12
808.0
535.0
392.0
306.0
287.0
280.0
259.97
237.0
234.0
232.0
218.0
209.0
211.0
223.0
370.0
614.0
936.12
992.0
1025.12
968.0
994.0
968.0
952.0
995.0
846.0
542.0
444.0
357.0
309.0
246.0
259.97
237.0
219.0
246.0
223.0
217.0
220.0
213.0
360.0
637.0
915.0
949.0
1032.06
972.0
954.0
953.12
959.0
917.0
799.0
515.12
434.0
344.0
333.0
249.0
259.97
241.0
227.0
227.0
206.0
224.0
210.0
222.0
356.0
618.0
927.0
988.0
1039.0
969.0
966.12
997.0
980.12
960.0
852.0
568.0
410.0
358.0
296.0
268.0
259.97
268.0
222.0
237.0
233.0
226.0
229.0
205.0
372.0
597.0
919.0
953.0
1026.0
939.0
978.0
970.0
926.08
919.0
813.0
464.0
360.0
360.0
252.0
249.0
259.97
200.0
205.0
221.0
213.0
219.0
205.0
218.0
221.0
238.0
248.0
272.0
269.0
275.0
286.0
283.0
275.0
270.0
259.0
252.0
253.0
225.0
216.0
239.0
176.915
212.0
211.0
210.0
250.0
186.0
202.0
197.0
200.0
204.0
221.0
231.0
265.0
256.0
250.0
260.6
272.6
261.0
247.0
247.0
223.0
218.0
220.0
189.0
176.915
176.0
187.0
216.0
180.0
177.0
185.0
197.0
333.0
626.0
836.12
961.5
1062.0
971.0
984.0
995.0
953.08
962.0
837.0
575.0
448.0
377.0
300.0
279.0
259.97
232.0
205.0
257.0
216.0
216.0
202.0
230.0
357.0
648.0
919.0
970.0
1055.5
950.12
984.0
334.0
603.0
843.0
903.12
933.0
830.0
878.0
896.0
891.0
866.0
780.0
526.0
433.12
351.0
297.0
258.0
257.45
192.0
210.0
210.0
220.0
202.0
192.0
224.0
331.0
609.0
853.0
899.12
912.0
835.0
865.0
898.0
900.0
860.0
734.0
550.0
418.0
336.0
279.0
226.0
257.45
211.0
220.0
209.0
214.0
198.0
191.0
223.0
326.0
633.0
862.0
866.0
888.0
822.0
867.0
915.12
898.0
858.0
761.0
510.0
423.0
377.12
321.0
234.0
269.98
216.0
218.5
200.0
199.5
254.61
250.61
211.5
316.24
571.41
738.17
879.08
913.08
825.08
864.08
893.6
864.6
861.6
717.6
487.6
402.6
329.6
282.6
237.0
260.42
199.0
207.0
199.0
220.0
213.0
233.0
196.0
207.0
229.0
277.0
281.0
280.0
264.0
275.0
324.0
285.0
288.0
239.0
251.0
205.5
239.0
216.0
226.0
175.41
199.0
208.0
201.0
189.0
204.0
198.0
185.0
195.0
183.0
192.0
227.0
238.0
234.0
249.0
219.0
225.0
228.0
220.0
226.0
230.0
238.0
227.0
190.0
175.41
216.0
217.0
191.0
185.0
215.0
188.0
200.0
325.0
612.0
898.0
896.0
940.0
860.0
927.0
932.0
917.0
923.0
760.08
568.0
495.0
385.0
278.0
239.0
260.42
221.0
249.0
208.0
222.0
207.0
212.0
222.0
327.0
598.0
861.0
904.0
909.12
817.0
923.0
890.0
895.0
898.0
735.12
560.0
410.0
352.0
300.0
241.0
260.42
226.0
224.0
211.0
219.0
211.0
212.0
215.0
326.0
600.0
860.0
872.0
915.0
823.0
882.0
928.0
855.0
871.12
741.0
542.0
384.0
349.0
280.0
246.0
260.42
224.0
203.0
211.0
215.0
222.0
191.0
236.0
344.0
609.0
855.0
881.0
930.0
853.0
905.0
889.0
915.0
836.0
714.0
572.0
460.12
367.0
272.0
241.0
260.42
229.0
226.0
214.0
232.0
206.0
186.0
219.0
365.0
587.0
850.0
884.08
923.0
824.0
861.0
879.0
878.0
868.0
722.0
536.0
379.0
374.0
278.0
275.0
260.42
212.0
228.0
209.0
217.0
209.0
232.0
210.0
214.0
259.0
298.0
297.0
362.0
272.0
306.04
290.04
297.0
301.0
276.0
220.0
221.0
230.0
193.0
212.0
175.41
180.0
204.0
216.0
186.0
202.0
211.0
196.0
187.0
221.0
257.0
260.0
285.0
249.0
256.0
289.52
260.52
286.0
253.0
234.0
252.0
221.0
213.0
238.0
175.41
186.0
216.0
206.0
193.0
207.0
182.0
188.0
359.0
596.0
930.12
909.12
960.0
840.0
913.0
918.0
922.0
882.0
763.0
530.0
432.0
329.0
294.0
238.0
250.86
225.0
223.0
233.0
211.0
224.0
221.0
229.0
339.0
647.0
874.0
900.0
918.0
828.0
907.0
923.0
888.0
879.0
764.0
526.0
442.0
396.0
310.12
234.0
250.335
213.0
237.0
248.0
211.0
230.0
202.0
242.0
351.0
619.0
881.0
895.0
942.0
802.0
902.0
893.0
876.08
861.0
771.0
575.0
457.0
370.0
286.0
254.0
250.335
209.0
218.0
208.0
228.0
220.0
202.0
244.0
325.0
666.68
834.68
884.0
906.0
831.0
899.0
895.0
891.12
851.0
781.0
555.0
447.0
368.0
315.0
264.0
250.335
216.0
236.0
201.0
230.0
186.0
237.0
212.0
337.0
621.0
840.12
855.0
916.0
838.0
848.0
863.0
834.0
798.0
696.0
464.0
370.0
285.0
260.0
187.0
250.335
221.0
184.0
174.0
188.0
177.0
171.0
186.0
183.0
192.0
215.0
241.0
260.0
258.0
255.0
244.0
262.0
259.0
264.0
232.0
223.0
221.0
195.0
218.0
175.41
195.0
187.0
179.0
168.0
182.0
190.0
162.0
191.0
197.0
212.0
262.0
272.0
257.0
240.0
255.0
249.0
247.0
229.0
241.0
228.0
215.0
221.0
198.0
175.41
200.0
174.0
193.0
189.0
175.0
180.0
188.0
329.0
594.0
887.0
893.0
941.0
899.08
908.0
931.0
888.0
871.0
756.12
564.0
486.0
378.0
311.0
255.0
250.335
220.0
227.0
198.0
235.0
208.0
188.0
230.0
336.0
620.0
856.0
868.0
908.0
818.0
893.08
888.0
855.0
889.0
747.0
545.0
516.0
418.0
299.0
251.0
250.335
214.5
218.0
224.0
211.0
198.0
215.0
213.0
373.0
613.12
906.0
911.0
976.0
853.0
895.12
896.0
889.0
903.0
756.0
553.0
410.0
310.0
320.0
254.0
249.81
209.0
209.0
210.0
206.0
202.0
222.0
241.0
320.0
584.0
894.0
934.0
939.0
851.0
909.0
895.12
924.0
875.0
763.0
612.0
486.0
373.2
345.0
272.0
248.875
226.0
216.0
237.0
223.0
231.0
210.0
210.0
365.0
667.0
861.0
897.0
978.0
857.0
881.0
914.0
899.0
858.0
764.0
513.0
446.0
407.12
331.0
270.0
247.94
218.0
199.0
218.0
188.0
205.0
205.0
187.0
264.0
303.0
346.0
315.0
360.0
322.0
334.0
323.0
340.0
332.12
304.0
272.0
260.0
251.0
233.0
220.0
175.41
206.0
215.0
217.0
188.0
196.0
185.0
236.0
206.0
197.0
233.0
226.0
253.0
269.0
247.0
232.0
237.0
241.0
225.0
241.0
243.0
240.0
208.0
213.0
175.41
199.0
208.0
198.0
210.0
197.0
195.0
235.0
359.0
642.0
887.0
912.0
1021.0
907.0
957.0
944.0
931.0
917.0
796.12
570.0
465.0
386.0
323.0
272.0
250.91
213.0
226.0
221.0
234.0
245.0
218.0
229.0
392.0
670.0
929.0
963.12
1042.0
916.12
929.0
951.0
941.0
915.0
779.0
592.0
437.0
398.0
323.0
253.0
253.43
229.0
207.0
218.0
226.0
218.0
230.0
214.0
372.0
654.0
882.0
936.0
986.0
883.0
892.0
925.0
909.0
898.0
773.0
562.0
494.0
364.0
314.0
265.0
255.95
226.0
218.0
220.0
220.0
228.0
204.0
228.0
410.0
616.0
891.12
930.0
956.0
837.0
896.0
900.0
904.0
868.0
777.12
484.0
442.0
384.0
315.0
292.0
244.92
220.0
209.0
222.0
243.0
221.0
216.0
208.0
360.0
612.0
860.12
896.0
898.0
809.0
863.0
878.0
868.0
836.0
712.0
484.0
395.0
304.0
291.0
203.0
255.41
192.0
210.0
196.0
215.0
224.0
178.0
204.0
199.0
244.0
282.0
309.0
301.0
285.0
275.0
277.0
258.0
276.12
247.0
200.0
250.0
198.0
225.0
205.0
175.41
190.0
209.0
209.5
207.5
223.0
190.5
215.0
199.0
249.06
302.36
314.8
346.48
312.48
295.48
288.48
298.48
284.48
294.0
233.0
240.0
240.0
215.0
221.0
175.41
183.0
192.0
182.0
187.0
207.0
195.0
181.0
339.0
598.0
902.0
922.0
1001.0
906.08
938.0
923.0
916.0
892.0
779.0
517.0
404.0
311.0
260.0
214.0
255.41
187.0
204.0
204.0
215.0
195.0
202.0
196.0
370.0
618.0
844.0
898.08
944.0
871.0
870.0
893.0
917.0
873.0
751.0
544.12
441.0
339.0
276.0
230.0
255.41
216.0
204.0
188.0
213.0
200.0
212.0
209.0
337.0
628.0
885.0
952.0
965.0
843.0
911.0
898.0
911.0
891.0
758.0
533.2
428.0
347.0
272.0
241.0
255.41
228.0
197.0
199.0
198.0
205.0
186.0
215.0
363.0
615.0
911.0
913.0
959.0
869.0
941.0
931.0
946.0
915.0
788.0
563.0
471.0
329.0
289.0
264.0
255.41
224.0
219.0
213.0
242.0
210.0
235.0
233.0
369.0
625.0
923.12
988.12
977.0
885.0
941.0
923.0
905.0
907.0
759.0
477.0
433.0
291.0
268.0
243.0
255.41
211.0
208.0
223.0
200.0
222.0
203.0
226.0
199.0
254.12
244.0
243.0
290.0
259.52
270.76
276.0
241.0
253.0
247.0
229.0
254.0
212.0
213.0
225.0
175.41
200.0
213.0
228.0
194.0
212.0
185.0
208.0
206.0
222.0
245.0
260.0
277.0
269.0
246.04
271.04
273.0
239.0
250.0
250.0
237.0
217.0
203.0
206.0
175.41
202.0
193.0
190.0
188.0
196.0
194.0
219.0
367.0
646.0
927.0
962.0
995.0
952.0
944.0
946.0
965.12
964.0
751.0
553.0
446.0
357.0
338.0
248.0
861.0
879.0
878.0
868.0
722.0
536.0
379.0
374.0
278.0
275.0
260.42
212.0
228.0
209.0
217.0
209.0
232.0
210.0
214.0
259.0
298.0
297.0
362.0
272.0
306.04
290.04
297.0
301.0
276.0
220.0
221.0
230.0
193.0
212.0
175.41
180.0
204.0
216.0
186.0
202.0
211.0
196.0
187.0
221.0
257.0
260.0
285.0
249.0
256.0
289.52
260.52
286.0
253.0
234.0
252.0
221.0
213.0
238.0
175.41
186.0
216.0
206.0
193.0
207.0
182.0
188.0
359.0
596.0
930.12
909.12
960.0
840.0
913.0
918.0
922.0
882.0
763.0
530.0
432.0
329.0
294.0
238.0
250.86
225.0
223.0
233.0
211.0
224.0
221.0
229.0
339.0
647.0
874.0
900.0
918.0
828.0
907.0
923.0
888.0
879.0
764.0
526.0
442.0
396.0
310.12
234.0
250.335
213.0
237.0
248.0
211.0
230.0
202.0
242.0
351.0
619.0
881.0
895.0
942.0
802.0
902.0
893.0
876.08
861.0
771.0
575.0
457.0
370.0
286.0
254.0
250.335
209.0
218.0
208.0
228.0
220.0
202.0
244.0
325.0
666.68
834.68
884.0
906.0
831.0
899.0
895.0
891.12
851.0
781.0
555.0
447.0
368.0
315.0
264.0
250.335
216.0
236.0
201.0
230.0
186.0
237.0
212.0
337.0
621.0
840.12
855.0
916.0
838.0
848.0
863.0
834.0
798.0
696.0
464.0
370.0
285.0
260.0
187.0
250.335
221.0
184.0
174.0
188.0
177.0
171.0
186.0
183.0
192.0
215.0
241.0
260.0
258.0
255.0
244.0
262.0
259.0
264.0
232.0
223.0
221.0
195.0
218.0
175.41
195.0
187.0
179.0
168.0
182.0
190.0
162.0
191.0
197.0
212.0
262.0
272.0
257.0
240.0
255.0
249.0
247.0
229.0
241.0
228.0
215.0
221.0
198.0
175.41
200.0
174.0
193.0
189.0
175.0
180.0
188.0
329.0
594.0
887.0
893.0
941.0
899.08
908.0
931.0
888.0
871.0
756.12
564.0
486.0
378.0
311.0
255.0
250.335
220.0
227.0
198.0
235.0
208.0
188.0
230.0
336.0
620.0
856.0
868.0
908.0
818.0
893.08
888.0
855.0
889.0
747.0
545.0
516.0
418.0
299.0
251.0
250.335
214.5
218.0
224.0
211.0
198.0
215.0
213.0
373.0
613.12
906.0
911.0
976.0
853.0
895.12
896.0
889.0
903.0
756.0
553.0
410.0
310.0
320.0
254.0
249.81
209.0
209.0
210.0
206.0
202.0
222.0
241.0
320.0
584.0
894.0
934.0
939.0
851.0
909.0
895.12
924.0
875.0
763.0
612.0
486.0
373.2
345.0
272.0
248.875
226.0
216.0
237.0
223.0
231.0
210.0
210.0
365.0
667.0
861.0
897.0
978.0
857.0
881.0
914.0
899.0
858.0
764.0
513.0
446.0
407.12
331.0
270.0
247.94
218.0
199.0
218.0
188.0
205.0
205.0
187.0
264.0
303.0
346.0
315.0
360.0
322.0
334.0
323.0
340.0
332.12
304.0
272.0
260.0
251.0
233.0
220.0
175.41
206.0
215.0
217.0
188.0
196.0
185.0
236.0
206.0
197.0
233.0
226.0
253.0
269.0
247.0
232.0
237.0
241.0
225.0
241.0
243.0
240.0
208.0
213.0
175.41
199.0
208.0
198.0
210.0
197.0
195.0
235.0
359.0
642.0
887.0
912.0
1021.0
907.0
957.0
944.0
931.0
917.0
796.12
570.0
465.0
386.0
323.0
272.0
250.91
213.0
226.0
221.0
234.0
245.0
218.0
229.0
392.0
670.0
929.0
963.12
1042.0
916.12
929.0
951.0
941.0
915.0
779.0
592.0
437.0
398.0
323.0
253.0
253.43
229.0
207.0
218.0
226.0
218.0
230.0
214.0
372.0
654.0
882.0
936.0
986.0
883.0
892.0
925.0
909.0
898.0
773.0
562.0
494.0
364.0
314.0
265.0
255.95
226.0
218.0
220.0
220.0
228.0
204.0
228.0
410.0
616.0
891.12
930.0
956.0
837.0
896.0
900.0
904.0
868.0
777.12
484.0
442.0
384.0
315.0
292.0
244.92
220.0
209.0
222.0
243.0
221.0
216.0
208.0
360.0
612.0
860.12
896.0
898.0
809.0
863.0
878.0
868.0
836.0
712.0
484.0
395.0
304.0
291.0
203.0
255.41
192.0
210.0
196.0
215.0
224.0
178.0
204.0
199.0
244.0
282.0
309.0
301.0
285.0
275.0
277.0
258.0
276.12
247.0
200.0
250.0
198.0
225.0
205.0
175.41
190.0
209.0
209.5
207.5
223.0
190.5
215.0
199.0
249.06
302.36
314.8
346.48
312.48
295.48
288.48
298.48
284.48
294.0
233.0
240.0
240.0
215.0
221.0
175.41
183.0
192.0
182.0
187.0
207.0
195.0
181.0
339.0
598.0
902.0
922.0
1001.0
906.08
938.0
923.0
916.0
892.0
779.0
517.0
404.0
311.0
260.0
214.0
255.41
187.0
204.0
204.0
215.0
195.0
202.0
196.0
370.0
618.0
844.0
898.08
944.0
871.0
870.0
893.0
917.0
873.0
751.0
544.12
441.0
339.0
276.0
230.0
255.41
216.0
204.0
188.0
213.0
200.0
212.0
209.0
337.0
628.0
885.0
952.0
965.0
843.0
911.0
898.0
911.0
891.0
758.0
533.2
428.0
347.0
272.0
241.0
255.41
228.0
197.0
199.0
198.0
205.0
186.0
215.0
363.0
615.0
911.0
913.0
959.0
869.0
941.0
931.0
946.0
915.0
788.0
563.0
471.0
329.0
289.0
264.0
255.41
224.0
219.0
213.0
242.0
210.0
235.0
233.0
369.0
625.0
923.12
988.12
977.0
885.0
941.0
923.0
905.0
907.0
759.0
477.0
433.0
291.0
268.0
243.0
255.41
211.0
208.0
223.0
200.0
222.0
203.0
226.0
199.0
254.12
244.0
243.0
290.0
259.52
270.76
276.0
241.0
253.0
247.0
229.0
254.0
212.0
213.0
225.0
175.41
200.0
213.0
228.0
194.0
212.0
185.0
208.0
206.0
222.0
245.0
260.0
277.0
269.0
246.04
271.04
273.0
239.0
250.0
250.0
237.0
217.0
203.0
206.0
175.41
202.0
193.0
190.0
188.0
196.0
194.0
219.0
367.0
646.0
927.0
962.0
995.0
952.0
944.0
946.0
965.12
964.0
751.0
553.0
446.0
357.0
338.0
248.0
255.41
217.0
239.0
203.0
240.0
231.0
203.0
232.0
384.0
652.0
880.0
955.0
964.0
881.12
927.0
923.0
898.0
890.0
742.0
579.12
458.0
388.0
292.0
268.0
255.41
211.0
249.0
199.0
230.0
205.0
203.0
212.0
344.0
587.0
845.0
885.0
942.0
855.04
930.04
904.0
894.0
858.0
754.0
474.0
407.0
369.0
311.0
265.0
255.41
219.0
218.0
201.0
210.0
197.0
180.0
226.0
374.0
620.0
896.0
926.0
949.0
862.0
921.12
864.0
896.0
878.12
746.0
458.12
425.0
385.0
292.0
248.0
255.41
208.0
184.0
178.0
194.0
207.0
188.0
197.0
368.0
688.0
855.0
890.0
971.0
858.0
887.0
894.0
884.08
853.12
687.0
470.0
316.12
289.0
232.0
233.0
255.41
196.0
197.0
225.0
187.0
194.0
210.0
195.0
180.0
200.0
192.0
200.0
195.0
228.0
200.0
187.0
210.0
200.0
214.0
215.0
212.0
204.0
217.0
213.0
175.41
206.0
211.0
201.0
204.0
195.0
191.0
186.0
190.0
202.0
212.0
247.0
257.0
243.0
240.0
242.0
211.0
209.0
194.0
217.5
220.0
190.0
204.0
196.0
175.41
207.0
187.0
192.0
193.0
198.0
182.0
200.0
179.0
216.0
201.0
233.0
249.04
230.0
226.0
241.0
243.0
212.0
224.0
217.5
217.0
218.0
198.0
212.0
175.41
216.0
196.0
189.0
175.0
190.0
192.0
186.0
371.0
666.0
938.0
972.0
1043.0
974.0
931.0
943.0
945.0
916.08
813.0
566.0
465.0
367.0
282.0
268.0
255.41
224.0
208.0
201.0
209.0
205.0
195.0
203.0
387.0
691.84
942.04
964.84
986.84
912.84
972.84
915.72
946.64
934.64
781.64
592.64
508.64
375.64
298.64
236.0
255.41
217.0
202.0
223.0
205.5
215.5
195.0
236.0
383.0
679.0
919.0
1010.0
1040.0
916.0
1003.0
953.0
945.0
895.0
779.0
592.0
452.0
380.0
269.0
269.0
255.41
215.0
211.0
245.0
202.0
226.0
227.0
246.0
226.0
222.0
378.0
640.0
884.0
961.0
971.12
864.0
947.0
927.0
901.0
852.0
735.0
486.0
409.0
284.0
285.0
258.0
206.825
221.0
230.0
238.0
217.0
221.0
231.0
214.0
321.0
590.0
848.0
857.0
880.0
819.0
832.0
828.0
762.0
776.0
604.0
406.0
323.0
313.0
234.0
204.0
206.825
224.0
221.0
202.0
233.0
204.0
202.0
208.0
190.0
212.0
207.0
202.0
213.0
205.0
193.0
188.0
209.0
213.0
203.0
203.0
216.0
194.0
196.0
241.0
223.09
193.0
229.0
213.0
201.0
199.0
197.0
198.0
318.0
492.0
637.0
640.0
651.0
649.0
649.0
641.0
620.0
601.0
497.0
390.0
234.0
234.0
217.0
215.0
206.825
203.0
209.0
204.0
212.0
202.0
219.0
204.0
291.0
474.0
577.0
621.0
641.0
599.0
627.0
627.0
668.8
628.8
484.0
393.0
273.0
229.0
219.0
223.0
206.825
204.0
196.0
193.0
208.0
201.0
176.0
203.0
233.0
411.0
528.0
526.0
541.0
504.0
524.0
430.0
315.0
273.0
201.0
175.0
166.0
181.0
168.0
191.0
161.85
166.0
160.0
191.0
173.0
171.0
160.0
202.0
147.0
143.0
164.0
177.0
166.0
157.0
178.0
152.0
168.0
158.0
166.0
167.0
184.0
159.0
167.0
176.0
163.86
181.0
170.0
157.0
180.0
174.0
170.0
155.0
140.0
175.0
165.0
167.0
179.0
156.0
156.0
161.0
156.0
157.0
165.0
172.0
187.0
179.0
173.0
181.0
162.86
145.0
180.0
167.0
172.0
160.0
165.0
159.0
160.0
158.0
160.0
157.0
171.0
148.0
158.0
160.5
146.5
165.0
178.0
177.0
173.0
184.0
172.0
180.0
162.86
159.0
167.5
168.0
147.0
167.5
172.0
137.0
158.0
162.0
136.0
148.0
153.0
166.0
146.0
160.0
137.0
165.0
153.0
170.0
178.0
181.0
171.0
178.0
161.86
175.0
155.0
170.0
177.0
175.0
157.0
157.0
170.0
158.0
139.0
157.0
139.0
160.0
146.0
142.0
145.0
160.0
152.0
174.0
162.0
185.0
165.0
177.0
159.88
184.0
181.0
161.0
195.0
168.0
170.0
144.0
146.0
152.0
155.0
170.5
181.0
157.0
161.0
164.0
172.0
155.0
181.0
164.0
177.0
174.0
171.0
168.0
163.925
161.0
171.0
191.0
173.0
165.0
156.0
172.0
158.0
159.0
202.0
184.0
180.0
179.0
190.0
184.0
171.0
191.0
176.0
192.0
181.0
189.0
159.0
173.0
163.925
164.0
190.0
152.0
185.0
176.0
160.0
179.0
275.0
508.0
648.0
662.0
670.0
674.0
695.0
643.0
651.0
626.0
512.0
403.0
301.0
242.0
242.0
228.0
212.03500000000003
220.0
202.0
199.0
201.0
233.0
222.0
184.0
336.0
591.0
836.0
850.0
835.0
757.0
829.12
822.0
805.0
803.0
701.0
463.0
355.0
292.0
263.0
222.0
212.03500000000003
221.0
220.0
211.0
203.0
205.0
231.0
209.0
322.0
614.0
840.0
853.0
904.0
829.0
915.0
885.0
866.0
824.0
744.0
476.0
344.0
282.0
256.0
278.0
212.03500000000003
220.0
219.0
218.0
217.0
229.0
213.0
217.0
345.0
611.0
806.12
843.0
849.0
801.0
868.0
832.0
852.0
804.0
675.0
397.0
307.0
256.0
237.0
223.0
212.03500000000003
208.0
208.0
214.0
221.0
229.0
216.0
210.0
191.0
209.0
217.0
214.0
216.0
222.0
229.0
218.0
211.0
225.84
215.0
243.0
216.0
221.0
228.0
198.0
163.925
205.0
206.0
200.0
207.0
240.0
211.5
218.0
341.0
693.16
937.16
939.16
979.16
906.16
981.28
950.16
955.16
930.16
806.16
616.16
454.16
362.16
294.16
265.0
212.03500000000003
229.0
219.0
231.0
230.0
251.0
210.0
215.0
344.0
668.0
973.0
968.0
996.0
909.08
970.0
962.0
987.0
947.0
807.0
563.0
475.08
356.0
294.0
261.0
212.03500000000003
261.0
205.0
227.0
205.0
225.0
220.0
224.0
347.64
668.64
950.76
952.12
995.68
938.56
976.0
968.52
969.52
918.04
795.04
568.56
464.56
332.0
293.0
297.0
212.03500000000003
236.5
217.0
223.5
210.5
219.0
224.0
222.0
350.7
666.83
849.7
990.68
993.92
878.92
961.92
943.04
928.92
929.92
769.92
551.92
479.92
373.92
310.92
246.0
212.03500000000003
236.5
217.0
223.5
210.5
219.0
228.0
220.0
348.0
631.0
923.0
965.0
994.0
917.12
956.68
920.68
947.68
936.84
797.72
523.2
397.2
342.2
291.0
232.0
212.03500000000003
212.5
248.0
210.0
212.0
201.0
213.0
206.0
200.0
214.0
258.0
287.0
269.0
243.04
264.04
267.52
262.52
260.68
215.0
271.68
226.5
224.0
228.0
219.0
163.925
217.0
184.0
221.0
216.0
207.0
210.0
202.0
209.0
219.0
236.0
243.0
247.0
260.0
261.76
252.26
258.76
273.76
254.0
265.0
237.0
227.0
228.0
212.0
163.925
212.0
229.0
220.0
216.0
213.0
216.0
218.0
329.0
601.0
930.0
1000.08
1023.0
920.0
956.0
969.0
975.0
947.12
791.0
593.0
427.0
358.0
328.0
300.0
212.03500000000003
248.84
244.0
237.76
242.72
237.0
231.0
224.0
366.0
661.0
936.0
986.0
1002.0
923.0
971.12
955.12
906.0
920.0
815.0
554.32
452.84
349.84
324.0
275.0
262.22
285.68
244.0
255.52
227.0
261.0
246.0
217.0
422.36
662.48
913.8
950.48
966.6
905.68
955.0
937.84
924.72
898.88
833.88
561.88
451.0
392.0
318.0
303.0
267.155
246.84
244.0
242.76
232.5
243.5
235.0
223.0
307.0
596.72
929.72
931.04
946.04
872.04
911.04
904.04
879.04
904.04
800.04
546.04
466.04
361.04
326.04
256.0
267.155
246.84
259.0
230.0
238.0
226.0
224.0
233.0
341.0
604.0
864.0
919.0
918.12
854.0
885.0
894.0
874.0
845.0
749.0
478.0
406.12
320.0
273.0
247.0
267.155
219.5
198.0
215.5
205.0
216.0
208.5
218.5
204.5
214.5
229.0
231.0
235.0
254.0
254.0
252.26
277.48
253.48
241.0
254.0
216.0
264.0
226.0
211.0
163.925
219.5
198.0
215.5
205.0
216.0
208.5
218.5
204.5
214.5
208.0
220.5
252.0
251.5
242.76
252.26
257.74
255.24
251.84
253.0
215.0
251.5
226.0
211.0
163.925
246.84
255.66
232.0
240.5
231.5
217.5
204.0
334.0
573.0
906.0
931.44
985.32
942.44
939.68
942.68
944.68
917.16
791.16
572.16
528.16
405.16
361.16
278.0
267.155
246.84
255.66
234.0
243.0
237.0
211.0
247.0
334.0
587.0
894.0
947.0
971.4
868.32
927.4
928.0
900.44
920.44
778.44
547.44
459.44
381.44
301.44
269.0
272.09
246.84
252.32
225.0
242.0
223.0
249.0
212.0
356.0
596.08
837.0
907.0
955.0
923.0
883.0
923.0
876.0
859.0
768.0
538.0
383.0
349.0
329.0
278.0
249.98
246.84
241.0
216.0
238.0
244.0
224.0
238.0
337.0
557.0
885.0
919.0
939.0
864.12
892.0
922.0
883.0
865.0
760.0
527.0
413.0
335.0
322.0
285.0
250.395
246.84
234.0
208.0
226.0
211.0
233.0
215.0
351.0
581.0
914.12
918.52
941.52
862.52
906.52
902.12
929.0
889.12
770.32
514.32
413.32
348.0
282.0
274.0
250.395
219.5
198.0
215.5
194.0
225.0
207.0
218.5
204.5
210.0
241.0
210.0
252.0
249.0
232.0
237.0
238.0
257.0
241.0
252.0
215.0
251.5
226.0
211.0
163.925
219.5
212.0
210.0
201.0
204.0
200.0
235.0
200.0
215.0
228.0
234.0
269.0
239.0
253.0
264.0
225.0
233.0
233.0
221.0
214.0
239.0
224.0
210.0
163.925
246.84
214.0
198.0
219.0
198.0
227.0
215.0
334.0
572.0
915.0
966.0
984.0
925.0
935.0
952.0
895.0
917.0
801.0
531.0
407.12
305.0
275.0
246.0
250.395
208.0
229.0
225.0
228.0
216.0
199.0
244.0
311.0
628.0
903.0
942.0
955.0
866.12
937.0
936.0
905.12
910.0
765.0
524.12
454.0
341.0
299.0
247.0
250.81
211.0
256.92
270.92
267.92
227.5
259.92
272.92
302.92
368.92
883.0
909.0
941.0
865.0
869.0
897.0
858.0
761.0
695.0
493.0
409.0
343.0
257.0
262.93
239.0
239.0
257.0
226.0
238.0
233.0
221.0
384.0
639.0
953.0
963.0
1048.0
950.0
993.0
949.0
968.0
964.0
825.12
597.0
478.0
381.0
316.0
285.0
262.93
248.0
249.0
226.0
244.0
231.0
222.0
245.0
375.0
650.0
935.0
971.0
1058.0
951.08
984.0
969.0
949.0
963.0
793.0
599.0
409.0
332.0
287.0
289.0
262.93
202.0
198.0
200.0
208.0
222.0
194.0
190.0
203.0
226.0
239.0
242.0
260.0
259.0
264.0
283.0
244.0
268.0
247.0
214.0
230.0
243.0
201.0
212.0
176.915
191.0
206.0
218.0
195.0
218.5
196.5
199.0
209.0
221.5
223.0
253.04
314.16
305.16
254.4
275.48
262.48
268.84
262.84
239.5
232.5
248.0
214.0
196.0
176.915
196.0
217.0
191.0
202.0
215.0
208.0
208.0
359.0
654.0
931.0
1018.0
1024.0
952.0
1014.0
986.0
990.0
941.0
817.0
527.0
432.0
351.0
290.0
308.0
254.92
224.0
241.0
227.0
237.0
210.0
248.0
230.0
402.0
630.0
970.0
992.0
1048.12
991.0
999.0
994.0
967.0
977.0
834.0
606.0
449.0
437.0
299.0
267.0
253.41
258.0
204.0
229.0
225.0
209.0
232.0
217.0
381.0
674.0
944.12
1013.0
1051.7199999999998
974.0
1056.0
1004.12
988.0
978.0
848.0
571.0
429.0
421.0
321.0
277.0
253.41
227.0
238.0
218.0
236.0
216.0
216.0
248.0
385.0
688.0
911.0
980.0
1051.7199999999998
958.0
1003.0
963.08
958.0
951.0
845.0
566.08
439.0
373.0
321.0
266.0
253.41
216.0
220.0
239.0
228.0
226.0
206.0
232.0
388.0
666.0
940.0
962.0
1051.7199999999998
946.68
973.68
999.12
948.0
909.0
805.0
488.0
359.0
337.0
275.0
245.0
253.41
202.0
203.0
205.0
213.0
215.0
199.0
208.0
215.0
221.5
223.0
264.08
243.08
311.64
255.7
268.74
279.04
246.04
232.0
239.5
232.5
248.0
204.5
231.0
176.915
200.0
200.0
181.0
190.0
197.0
216.0
196.0
205.0
217.0
207.0
239.0
272.0
318.12
257.0
262.0
243.0
264.0
221.0
265.0
235.0
253.0
195.0
215.0
176.915
188.0
224.0
195.0
197.0
204.0
187.0
185.0
369.0
632.0
950.32
1007.32
1055.32
959.0
1006.4
973.4
994.4
967.52
843.4
585.12
426.0
474.0
309.0
258.0
253.41
231.0
211.0
227.0
241.0
217.0
223.0
240.0
350.0
625.8
957.32
1002.32
1048.12
964.12
989.12
955.44
978.44
934.44
865.44
583.44
446.64
357.0
318.0
276.0
253.41
223.5
206.0
225.0
236.5
235.0
231.0
219.0
376.0
642.0
923.0
957.0
1049.0
934.0
969.08
959.08
942.12
900.0
842.0
520.0
431.0
356.0
290.0
258.0
251.9
216.0
201.0
223.0
232.0
211.0
214.0
212.0
376.0
663.0
909.0
952.0
1045.0
937.0
948.0
971.24
924.0
906.0
812.0
512.0
364.0
343.0
317.0
253.0
249.905
217.0
211.0
194.0
213.0
195.0
214.0
206.0
342.0
599.0
905.0
929.0
1030.0
956.0
954.0
913.0
903.0
884.0
773.0
507.0
362.0
315.0
255.0
237.0
249.905
194.0
192.0
205.0
195.0
197.0
204.0
189.5
213.0
212.0
255.0
285.0
270.52
251.52
286.0
267.0
243.0
252.0
246.0
245.0
221.0
211.0
217.0
202.0
176.915
216.0
201.0
200.0
186.0
189.0
192.0
183.0
196.0
189.0
219.0
224.0
291.0
284.0
241.0
242.0
251.0
268.0
255.0
226.0
241.0
229.0
231.0
208.0
176.915
185.0
193.0
188.0
193.0
202.0
185.0
212.0
350.0
637.0
972.0
928.0
1048.0
959.0
959.12
990.0
946.0
935.0
823.0
531.0
477.16
362.0
316.0
245.0
249.905
273.24
203.5
256.24
199.0
280.24
197.0
216.5
349.24
609.24
787.24
978.0
1044.0
945.0
967.0
990.0
961.0
914.0
817.0
565.0
423.0
349.0
288.0
242.0
249.905
234.62
214.0
245.0
205.0
218.0
209.0
221.0
361.0
671.0
929.0
997.0
1063.0
956.0
967.0
974.0
955.0
922.0
808.0
522.0
427.0
387.0
310.0
239.0
249.905
234.62
214.0
228.0
215.0
213.0
211.0
225.0
394.0
677.0
940.0
979.0
1062.24
956.0
948.0
951.0
949.16
960.0
815.0
492.0
395.0
344.12
292.0
244.0
249.905
234.62
238.0
197.0
206.5
213.0
199.0
217.0
367.0
646.0
944.0
932.0
1029.0
904.0
1000.0
940.0
939.0
895.0
810.0
487.0
330.0
312.0
279.0
225.0
249.905
205.0
218.0
185.0
191.0
173.0
186.0
194.0
208.0
204.0
273.0
297.0
296.0
298.0
295.0
299.0
299.0
298.0
264.0
244.0
231.0
224.0
223.0
200.0
176.915
193.0
206.0
182.0
203.0
174.0
190.0
188.0
167.0
192.0
230.0
208.0
244.0
270.0
234.0
240.0
258.0
232.0
241.0
229.0
228.0
241.0
217.0
207.0
176.915
196.0
196.0
197.0
198.0
215.0
183.0
202.0
349.0
591.0
894.0
920.0
992.0
950.0
987.12
945.0
929.0
881.0
792.0
543.0
432.0
297.0
283.12
240.0
249.905
233.0
213.0
196.0
232.0
212.0
205.0
219.0
356.0
590.0
931.0
931.0
1040.0
946.0
989.0
996.12
960.0
952.0
855.0
567.0
455.0
356.0
291.0
248.0
249.905
218.0
231.0
227.0
218.0
228.0
220.0
255.0
378.0
622.0
950.0
998.0
1057.52
956.52
1009.0
970.0
934.0
937.0
798.0
482.0
436.0
361.0
292.0
279.0
249.905
238.0
203.0
214.0
220.0
217.0
246.0
213.0
374.0
641.0
930.0
945.0
1039.12
939.0
954.0
983.0
935.0
952.0
830.0
578.0
430.0
389.0
338.0
258.0
247.91
246.0
230.0
208.0
221.0
209.0
235.0
240.0
364.0
624.0
958.12
965.12
1018.0
972.0
950.0
941.0
980.0
923.0
812.0
498.0
432.0
361.0
325.0
246.0
251.385
207.0
242.0
204.0
204.0
209.0
188.0
221.0
245.0
228.0
260.0
286.0
284.0
251.0
315.0
276.0
300.0
288.0
257.0
257.0
246.0
238.0
225.0
218.0
176.915
221.0
233.0
198.0
186.0
212.0
199.0
190.0
216.0
223.0
208.0
217.0
292.0
268.0
241.0
220.0
217.0
242.0
231.0
211.0
228.0
241.0
221.0
215.0
176.915
202.0
199.0
211.0
215.0
199.0
188.0
215.0
345.0
691.0
965.0
1001.12
1021.64
952.0
991.0
996.0
972.08
951.0
810.0
552.12
459.0
407.0
335.0
268.0
251.385
219.5
222.5
215.5
228.5
205.5
191.0
243.28
399.28
653.28
910.28
951.28
1025.28
949.28
970.28
947.0
945.12
915.0
796.0
532.0
463.0
367.0
313.0
270.0
254.86
237.0
246.0
220.0
242.0
212.0
191.0
220.64
411.0
664.0
928.0
917.0
1003.12
922.0
949.0
933.0
936.08
900.0
745.0
453.0
401.0
298.0
288.0
222.0
258.545
204.0
211.0
205.0
192.0
216.0
213.0
190.0
222.0
201.0
226.0
214.0
295.0
280.0
224.0
259.0
234.0
223.0
238.0
204.0
242.0
211.0
212.0
184.0
176.915
211.0
188.0
183.0
199.0
194.0
170.0
193.0
187.0
241.0
251.0
216.0
324.0
309.0
253.0
232.0
228.0
261.0
225.5
213.0
216.0
209.0
190.0
195.0
176.915
199.0
199.0
226.0
185.0
199.0
185.0
181.0
195.0
204.0
213.0
219.0
237.0
218.0
224.0
234.0
231.0
249.0
213.0
222.0
213.0
223.0
205.0
198.0
176.915
208.0
204.0
197.0
196.0
199.0
194.0
198.0
365.0
667.0
905.0
947.0
1052.0
927.0
975.0
927.0
942.0
899.0
797.0
455.0
358.0
336.0
292.0
235.0
258.545
217.5
225.0
237.0
235.0
198.0
213.0
214.0
371.0
640.0
947.0
973.0
1051.0
960.24
1024.0
1002.0
978.0
978.0
872.12
642.0
518.0
365.12
311.0
275.0
262.23
217.5
227.0
236.0
254.0
220.0
238.0
221.0
412.04
626.04
928.0
1009.0
1055.0
948.0
995.0
986.0
987.0
942.0
793.0
640.12
445.0
369.0
313.0
262.0
243.27
217.5
226.0
221.0
242.0
201.0
235.0
262.0
359.0
629.0
938.0
978.0
1043.0
260.0
265.9
215.0
223.0
234.0
232.0
205.0
216.0
232.0
398.0
691.0
923.12
1006.11
1040.0
969.0
1004.0
935.0
952.0
928.0
783.0
510.0
443.0
396.0
357.12
292.0
260.81
217.0
226.0
230.0
217.0
209.0
216.0
222.0
384.0
606.0
915.0
928.0
970.0
911.0
969.0
913.0
890.0
918.0
733.0
498.0
443.0
372.0
312.0
285.0
260.81
225.0
225.5
224.5
206.0
201.0
196.0
234.0
394.0
643.12
929.0
927.0
1001.0
941.0
923.0
907.08
890.0
882.0
736.0
539.0
428.0
408.0
364.0
263.0
255.72
225.0
225.0
219.0
251.0
221.0
225.0
237.0
380.0
672.0
930.0
969.0
1023.0
911.0
937.0
969.0
931.12
911.0
759.0
501.0
397.0
352.0
302.0
271.0
252.36
206.0
207.0
205.5
196.0
201.0
192.0
202.0
216.0
286.0
301.0
297.0
316.0
309.0
300.0
303.0
311.0
285.0
309.0
238.0
225.0
239.0
209.0
236.0
176.915
206.0
213.0
213.0
216.0
193.0
198.0
186.0
230.0
246.0
310.0
324.0
355.0
308.0
289.0
270.0
287.0
275.0
279.0
240.0
245.0
256.0
217.0
210.0
176.915
225.0
194.0
207.0
192.0
199.0
205.0
217.0
376.0
605.0
852.0
929.0
929.0
852.52
887.52
864.12
873.0
867.52
696.52
519.44
452.44
331.44
287.76
261.0
252.36
225.0
200.5
216.5
205.5
201.0
211.5
250.6
347.6
620.6
805.6
839.6
889.0
875.0
833.0
841.0
842.0
836.0
669.0
489.0
411.0
327.0
276.0
263.0
252.36
225.0
207.0
226.0
219.0
203.0
218.0
249.0
386.0
631.0
830.0
832.0
916.0
875.12
844.0
861.0
848.08
824.0
686.12
478.6
370.6
363.0
276.0
282.0
252.36
233.0
213.0
211.0
236.0
212.0
236.0
220.0
383.0
650.0
839.0
882.0
924.0
881.0
889.0
850.0
854.0
834.0
689.0
505.0
416.0
332.0
311.0
256.0
252.36
236.0
247.0
211.0
203.0
231.0
233.0
259.0
351.0
662.0
888.0
876.0
972.12
873.0
898.0
837.0
832.0
839.0
665.0
497.0
382.0
325.0
299.0
232.0
252.36
224.0
212.0
210.0
218.0
206.0
233.0
196.0
190.0
205.0
212.0
219.0
220.0
224.0
229.0
215.0
218.0
228.0
225.0
215.0
222.0
203.0
239.0
217.0
176.915
206.0
217.0
217.0
208.0
204.0
202.0
203.0
201.0
199.0
216.0
242.0
270.0
249.0
238.0
231.0
244.0
238.0
223.0
242.0
218.0
234.0
215.0
209.0
176.915
207.0
206.0
201.0
192.0
220.0
200.0
225.0
383.0
672.0
933.0
1000.0
1047.0
949.12
1006.0
953.0
959.0
928.0
790.0
563.0
434.0
393.0
320.0
278.0
252.36
232.0
236.0
250.0
231.0
230.0
223.0
239.0
389.0
680.0
940.0
966.12
1041.0
925.0
955.12
960.0
932.0
914.0
761.0
480.0
407.12
336.0
289.0
244.0
252.36
222.0
201.0
223.0
216.0
267.0
201.0
222.0
359.0
696.0
752.0
970.0
1028.0
982.0
897.0
930.0
932.0
945.0
804.0
564.08
392.0
400.0
313.0
266.0
252.36
228.0
232.0
212.0
226.0
234.0
251.0
204.0
338.0
625.0
933.0
940.0
1006.0
962.08
950.0
941.0
951.0
947.0
800.0
512.0
434.12
384.0
320.0
246.0
249.0
240.0
204.0
214.0
214.0
241.0
221.0
224.0
350.0
595.0
946.0
944.0
999.0
915.0
935.08
892.0
899.0
873.0
792.0
418.0
322.0
269.0
258.0
226.0
259.97
231.0
197.0
210.0
216.0
239.0
191.0
211.0
197.0
204.0
241.0
258.0
244.0
254.0
297.0
280.0
291.0
258.0
253.0
261.0
230.0
252.0
214.0
234.0
176.915
204.0
225.0
225.0
218.0
203.0
218.0
187.0
207.0
232.0
210.0
214.0
312.0
269.0
291.5
232.0
253.0
250.0
238.0
234.0
235.0
208.0
217.0
211.0
176.915
233.0
212.0
223.0
195.0
212.0
210.0
212.0
335.0
625.0
936.0
972.0
1061.0
995.0
1003.0
1029.0
976.0
980.12
808.0
535.0
392.0
306.0
287.0
280.0
259.97
237.0
234.0
232.0
218.0
209.0
211.0
223.0
370.0
614.0
936.12
992.0
1025.12
968.0
994.0
968.0
952.0
995.0
846.0
542.0
444.0
357.0
309.0
246.0
259.97
237.0
219.0
246.0
223.0
217.0
220.0
213.0
360.0
637.0
915.0
949.0
1032.06
972.0
954.0
953.12
959.0
917.0
799.0
515.12
434.0
344.0
333.0
249.0
259.97
241.0
227.0
227.0
206.0
224.0
210.0
222.0
356.0
618.0
927.0
988.0
1039.0
969.0
966.12
997.0
980.12
960.0
852.0
568.0
410.0
358.0
296.0
268.0
259.97
268.0
222.0
237.0
233.0
226.0
229.0
205.0
372.0
597.0
919.0
953.0
1026.0
939.0
978.0
970.0
926.08
919.0
813.0
464.0
360.0
360.0
252.0
249.0
259.97
200.0
205.0
221.0
213.0
219.0
205.0
218.0
221.0
238.0
248.0
272.0
269.0
275.0
286.0
283.0
275.0
270.0
259.0
252.0
253.0
225.0
216.0
239.0
176.915
212.0
211.0
210.0
250.0
186.0
202.0
197.0
200.0
204.0
221.0
231.0
265.0
256.0
250.0
260.6
272.6
261.0
247.0
247.0
223.0
218.0
220.0
189.0
176.915
176.0
187.0
216.0
180.0
177.0
185.0
197.0
333.0
626.0
836.12
961.5
1062.0
971.0
984.0
995.0
953.08
962.0
837.0
575.0
448.0
377.0
300.0
279.0
259.97
232.0
205.0
257.0
216.0
216.0
202.0
230.0
357.0
648.0
919.0
970.0
1055.5
950.12
984.0
1035.0
962.0
936.24
856.0
601.0
474.0
376.0
311.0
262.0
270.94
239.0
247.0
247.0
236.0
222.0
226.0
244.0
375.0
643.0
958.0
953.12
1049.0
964.0
969.0
987.24
985.0
945.0
812.0
600.0
399.0
409.0
343.0
257.0
262.93
239.0
239.0
257.0
226.0
238.0
233.0
221.0
384.0
639.0
953.0
963.0
1048.0
950.0
993.0
949.0
968.0
964.0
825.12
597.0
478.0
381.0
316.0
285.0
262.93
248.0
249.0
226.0
244.0
231.0
222.0
245.0
375.0
650.0
935.0
971.0
1058.0
951.08
984.0
969.0
949.0
963.0
793.0
599.0
409.0
332.0
287.0
289.0
262.93
202.0
198.0
200.0
208.0
222.0
194.0
190.0
203.0
226.0
239.0
242.0
260.0
259.0
264.0
283.0
244.0
268.0
247.0
214.0
230.0
243.0
201.0
212.0
176.915
191.0
206.0
218.0
195.0
218.5
196.5
199.0
209.0
221.5
223.0
253.04
314.16
305.16
254.4
275.48
262.48
268.84
262.84
239.5
232.5
248.0
214.0
196.0
176.915
196.0
217.0
191.0
202.0
215.0
208.0
208.0
359.0
654.0
931.0
1018.0
1024.0
952.0
1014.0
986.0
990.0
941.0
817.0
527.0
432.0
351.0
290.0
308.0
254.92
224.0
241.0
227.0
237.0
210.0
248.0
230.0
402.0
630.0
970.0
992.0
1048.12
991.0
999.0
994.0
967.0
977.0
834.0
606.0
449.0
437.0
299.0
267.0
253.41
258.0
204.0
229.0
225.0
209.0
232.0
217.0
381.0
674.0
944.12
1013.0
1051.7199999999998
974.0
1056.0
1004.12
988.0
978.0
848.0
571.0
429.0
421.0
321.0
277.0
253.41
227.0
238.0
218.0
236.0
216.0
216.0
248.0
385.0
688.0
911.0
980.0
1051.7199999999998
958.0
1003.0
963.08
958.0
951.0
845.0
566.08
439.0
373.0
321.0
266.0
253.41
216.0
220.0
239.0
228.0
226.0
206.0
232.0
388.0
666.0
940.0
962.0
1051.7199999999998
946.68
973.68
999.12
948.0
909.0
805.0
488.0
359.0
337.0
275.0
245.0
253.41
202.0
203.0
205.0
213.0
215.0
199.0
208.0
215.0
221.5
223.0
264.08
243.08
311.64
255.7
268.74
279.04
246.04
232.0
239.5
232.5
248.0
204.5
231.0
176.915
200.0
200.0
181.0
190.0
197.0
216.0
196.0
205.0
217.0
207.0
239.0
272.0
318.12
257.0
262.0
243.0
264.0
221.0
265.0
235.0
253.0
195.0
215.0
176.915
188.0
224.0
195.0
197.0
204.0
187.0
185.0
369.0
632.0
950.32
1007.32
1055.32
959.0
1006.4
821.0
551.0
427.0
357.0
293.0
265.0
255.91000000000003
247.0
220.0
250.0
233.0
229.0
227.0
245.0
377.0
676.0
986.0
990.0
1025.0
941.0
1004.0
984.0
985.0
964.0
843.0
577.0
438.0
377.0
354.0
283.0
255.91000000000003
249.0
253.0
255.0
252.0
253.0
250.0
237.0
381.0
697.0
1016.0
1023.0
1036.12
951.0
1038.0
1012.12
1025.0
963.0
819.0
544.0
408.0
362.0
304.0
271.0
254.91
221.0
246.0
227.0
248.0
229.0
233.0
226.0
238.0
224.0
278.0
294.12
274.0
290.0
276.0
290.0
270.0
317.0
299.0
288.0
259.0
234.0
284.32
297.44
282.32
265.32
270.32
268.32
269.32
254.32
270.32
255.32
202.5
306.32
269.32
287.32
279.32
297.32
285.32
274.32
290.32
293.32
240.5
309.32
250.32
329.32
296.32
256.32
223.09
295.32
264.32
266.32
284.32
270.32
289.32
268.32
385.32
571.32
667.32
978.32
848.32
808.32
746.32
1026.32
880.44
839.32
777.32
545.32
485.32
406.32
331.32
298.32
307.31
276.32
294.32
264.32
287.32
295.32
315.32
284.32
373.32
576.32
826.32
861.4
883.32
796.32
887.32
878.32
880.32
845.32
752.32
559.32
448.32
396.32
313.32
282.32
319.27
275.32
288.32
317.32
296.32
286.32
316.32
261.32
353.32
561.32
904.0
937.0
981.12
884.0
941.0
949.0
896.0
929.0
776.0
554.0
398.0
365.12
314.0
241.0
272.95
224.0
231.0
230.0
237.0
230.0
222.0
231.0
328.0
667.0
943.0
959.0
1010.0
903.0
967.12
975.0
942.0
926.0
834.0
562.0
458.0
443.0
356.0
291.0
261.93
261.0
257.0
245.0
261.0
258.0
232.0
238.0
366.0
660.08
956.0
952.0
994.0
909.12
964.0
955.0
944.0
893.12
708.0
487.0
359.0
306.0
258.0
250.0
270.89
212.0
220.0
184.0
184.0
197.0
205.0
191.0
167.0
211.0
194.0
183.0
193.0
202.0
158.0
178.0
187.0
189.0
182.0
208.0
200.0
183.0
193.0
192.0
223.09
187.0
173.0
183.0
210.0
181.0
180.0
174.0
190.0
224.5
233.0
220.0
227.0
230.0
223.0
235.0
228.0
250.0
231.0
235.0
223.0
205.0
199.0
193.0
223.09
202.0
195.0
182.0
185.0
184.0
202.0
165.0
312.0
618.0
930.0
992.0
1028.0
930.0
1008.0
980.0
976.0
961.0
859.0
591.0
456.0
360.0
271.12
255.0
270.89
234.0
210.0
226.0
242.0
221.0
208.0
218.0
355.0
643.0
972.12
978.2
1003.2
1023.2
974.2
1002.2
988.0
980.0
840.0
589.0
426.0
399.0
310.0
314.0
279.85
247.0
233.0
241.0
221.0
236.0
217.0
224.0
349.0
654.0
939.0
980.0
982.0
929.0
993.0
970.12
939.0
933.08
799.0
529.0
413.0
362.0
320.0
284.0
263.93
280.0
268.0
259.0
259.0
253.0
247.0
242.0
336.0
630.0
948.0
977.12
1050.0
955.0
969.08
990.0
967.0
958.0
844.0
594.0
433.0
386.0
286.0
312.32
288.67
261.0
255.0
241.0
255.0
235.0
232.0
219.0
359.0
622.0
938.12
1001.0
1005.0
972.0
1021.0
1001.0
945.0
945.0
806.12
542.0
373.0
330.0
289.0
265.0
249.84
209.0
193.0
230.0
213.0
232.0
212.0
209.0
192.0
238.0
254.0
257.0
261.0
228.0
238.0
266.0
285.0
268.0
281.0
277.0
285.0
252.0
239.0
230.0
223.09
215.0
219.5
220.5
229.0
207.0
236.0
198.0
237.0
205.0
226.0
256.0
260.0
250.0
260.0
263.0
245.0
262.0
256.0
237.0
253.0
237.0
260.0
226.0
223.09
224.0
205.0
219.0
220.0
231.0
216.0
207.0
372.0
643.0
969.0
995.11
896.0
827.0
863.0
857.08
836.0
799.0
696.0
561.0
404.12
303.0
269.0
267.0
249.885
232.0
220.0
242.0
208.0
233.0
209.0
222.0
364.0
677.0
967.0
1021.12
1017.0
929.0
1020.0
991.0
997.08
953.0
844.0
624.12
519.0
369.0
284.0
269.0
249.885
238.0
250.0
252.0
244.0
245.0
250.0
220.0
353.0
656.0
940.0
980.0
1005.0
915.0
973.0
979.0
978.0
928.0
827.0
574.0
470.0
366.0
298.0
265.0
249.93
244.0
242.0
250.0
240.0
223.0
237.0
231.0
356.0
638.0
909.0
981.0
986.0
894.12
935.0
906.0
911.0
888.0
796.0
585.0
456.0
381.0
327.0
268.0
247.92
244.0
262.0
246.0
233.0
224.0
238.0
239.0
369.0
631.0
917.0
956.12
957.12
889.0
941.0
939.0
925.12
921.0
775.0
541.0
474.0
406.0
277.0
243.0
249.925
229.0
246.0
211.0
243.0
215.0
231.0
205.0
217.0
244.0
250.0
286.0
282.0
297.0
272.0
275.0
296.0
277.0
256.0
278.0
233.0
249.0
212.0
209.0
223.09
207.0
207.0
217.0
213.0
212.0
226.0
219.0
231.0
217.0
229.0
204.0
232.0
227.0
209.0
228.0
249.0
239.0
232.0
242.0
248.0
231.0
198.0
215.0
223.09
211.0
216.0
204.0
226.0
219.0
201.0
211.0
358.0
648.0
938.0
1009.0
1007.0
944.0
964.0
1013.0
970.0
950.0
875.0
592.0
441.0
355.0
299.0
243.0
251.93
264.0
241.0
259.0
244.0
260.0
235.0
240.0
351.0
639.0
911.0
992.0
990.0
868.0
977.0
953.12
933.12
942.0
820.0
543.0
478.0
361.0
315.0
255.0
251.865
234.0
228.0
219.0
227.0
223.0
216.0
198.0
342.0
624.0
944.0
931.0
939.0
912.0
934.0
903.0
919.0
910.12
751.0
529.0
473.0
352.0
282.0
262.0
251.8
275.0
230.0
226.0
227.0
246.0
226.0
222.0
378.0
640.0
884.0
961.0
971.12
864.0
947.0
927.0
901.0
852.0
735.0
486.0
409.0
284.0
285.0
258.0
206.825
221.0
230.0
238.0
217.0
221.0
231.0
214.0
321.0
590.0
848.0
857.0
880.0
819.0
832.0
828.0
762.0
776.0
604.0
406.0
323.0
313.0
234.0
204.0
206.825
224.0
221.0
202.0
233.0
204.0
202.0
208.0
190.0
212.0
207.0
202.0
213.0
205.0
193.0
188.0
209.0
213.0
203.0
203.0
216.0
194.0
196.0
241.0
223.09
193.0
229.0
213.0
201.0
199.0
197.0
198.0
318.0
492.0
637.0
640.0
651.0
649.0
649.0
641.0
620.0
601.0
497.0
390.0
234.0
234.0
217.0
215.0
206.825
203.0
209.0
204.0
212.0
202.0
219.0
204.0
291.0
474.0
577.0
621.0
641.0
599.0
627.0
627.0
668.8
628.8
484.0
393.0
273.0
229.0
219.0
223.0
206.825
204.0
196.0
193.0
208.0
201.0
176.0
203.0
233.0
411.0
528.0
526.0
541.0
504.0
524.0
430.0
315.0
273.0
201.0
175.0
166.0
181.0
168.0
191.0
161.85
166.0
160.0
191.0
173.0
171.0
160.0
202.0
147.0
143.0
164.0
177.0
166.0
157.0
178.0
152.0
168.0
158.0
166.0
167.0
184.0
159.0
167.0
176.0
163.86
181.0
170.0
157.0
180.0
174.0
170.0
155.0
140.0
175.0
165.0
167.0
179.0
156.0
156.0
161.0
156.0
157.0
165.0
172.0
187.0
179.0
173.0
181.0
162.86
145.0
180.0
167.0
172.0
160.0
165.0
159.0
160.0
158.0
160.0
157.0
171.0
148.0
158.0
160.5
146.5
165.0
178.0
177.0
173.0
184.0
172.0
180.0
162.86
159.0
167.5
168.0
147.0
167.5
172.0
137.0
158.0
162.0
136.0
148.0
153.0
166.0
146.0
160.0
137.0
165.0
153.0
170.0
178.0
181.0
171.0
178.0
161.86
175.0
155.0
170.0
177.0
175.0
157.0
157.0
170.0
158.0
139.0
157.0
139.0
160.0
146.0
142.0
145.0
160.0
152.0
174.0
162.0
185.0
165.0
177.0
159.88
184.0
181.0
161.0
195.0
168.0
170.0
144.0
146.0
152.0
155.0
170.5
181.0
157.0
161.0
164.0
172.0
155.0
181.0
164.0
177.0
174.0
171.0
168.0
163.925
161.0
171.0
191.0
173.0
165.0
156.0
172.0
158.0
159.0
202.0
184.0
180.0
179.0
190.0
184.0
171.0
191.0
176.0
192.0
181.0
189.0
159.0
173.0
163.925
164.0
190.0
152.0
185.0
176.0
160.0
179.0
275.0
508.0
843.4
585.12
426.0
474.0
309.0
258.0
253.41
231.0
211.0
227.0
241.0
217.0
223.0
240.0
350.0
625.8
957.32
1002.32
1048.12
964.12
989.12
955.44
978.44
934.44
865.44
583.44
446.64
357.0
318.0
276.0
253.41
223.5
206.0
225.0
236.5
235.0
231.0
219.0
376.0
642.0
923.0
957.0
1049.0
934.0
969.08
959.08
942.12
900.0
842.0
520.0
431.0
356.0
290.0
258.0
251.9
216.0
201.0
223.0
232.0
211.0
214.0
212.0
376.0
663.0
909.0
952.0
1045.0
937.0
948.0
971.24
924.0
906.0
812.0
512.0
364.0
343.0
317.0
253.0
249.905
217.0
211.0
194.0
213.0
195.0
214.0
206.0
342.0
599.0
905.0
929.0
1030.0
956.0
954.0
913.0
903.0
884.0
773.0
507.0
362.0
315.0
255.0
237.0
249.905
194.0
192.0
205.0
195.0
197.0
204.0
189.5
213.0
212.0
255.0
285.0
270.52
251.52
286.0
267.0
243.0
252.0
246.0
245.0
221.0
211.0
217.0
202.0
176.915
216.0
201.0
200.0
186.0
189.0
192.0
183.0
196.0
189.0
219.0
224.0
291.0
284.0
241.0
242.0
251.0
268.0
255.0
226.0
241.0
229.0
231.0
208.0
176.915
185.0
193.0
188.0
193.0
202.0
185.0
212.0
350.0
637.0
972.0
928.0
1048.0
959.0
959.12
990.0
946.0
935.0
823.0
531.0
477.16
362.0
316.0
245.0
249.905
273.24
203.5
256.24
199.0
280.24
197.0
216.5
349.24
609.24
787.24
978.0
1044.0
945.0
967.0
990.0
961.0
914.0
817.0
565.0
423.0
349.0
288.0
242.0
249.905
234.62
214.0
245.0
205.0
218.0
209.0
221.0
361.0
671.0
929.0
997.0
1063.0
956.0
967.0
974.0
955.0
922.0
808.0
522.0
427.0
387.0
310.0
239.0
249.905
234.62
214.0
228.0
215.0
213.0
211.0
225.0
394.0
677.0
940.0
979.0
1062.24
956.0
948.0
951.0
949.16
960.0
815.0
492.0
395.0
344.12
292.0
244.0
249.905
234.62
238.0
197.0
206.5
213.0
199.0
217.0
367.0
646.0
944.0
932.0
1029.0
904.0
1000.0
940.0
939.0
895.0
810.0
487.0
330.0
312.0
279.0
225.0
249.905
205.0
218.0
185.0
191.0
173.0
186.0
194.0
208.0
204.0
273.0
297.0
296.0
298.0
295.0
299.0
299.0
298.0
264.0
244.0
231.0
224.0
223.0
200.0
176.915
193.0
206.0
182.0
203.0
174.0
190.0
188.0
167.0
192.0
230.0
208.0
244.0
270.0
234.0
240.0
258.0
232.0
241.0
229.0
228.0
241.0
217.0
207.0
176.915
196.0
196.0
197.0
198.0
215.0
183.0
202.0
349.0
591.0
894.0
920.0
992.0
950.0
987.12
945.0
929.0
881.0
792.0
543.0
432.0
297.0
283.12
240.0
249.905
233.0
213.0
196.0
232.0
212.0
205.0
219.0
356.0
590.0
931.0
931.0
1040.0
946.0
989.0
996.12
960.0
952.0
855.0
567.0
455.0
356.0
291.0
248.0
249.905
218.0
231.0
227.0
218.0
228.0
220.0
255.0
378.0
622.0
950.0
998.0
1057.52
956.52
1009.0
970.0
934.0
937.0
798.0
482.0
436.0
361.0
292.0
279.0
249.905
238.0
203.0
214.0
220.0
217.0
246.0
213.0
374.0
641.0
930.0
945.0
1039.12
939.0
954.0
983.0
935.0
952.0
830.0
578.0
430.0
389.0
338.0
258.0
247.91
246.0
230.0
208.0
221.0
209.0
235.0
240.0
364.0
624.0
958.12
965.12
1018.0
972.0
950.0
941.0
980.0
923.0
812.0
498.0
432.0
361.0
325.0
246.0
251.385
207.0
242.0
204.0
204.0
209.0
188.0
221.0
245.0
228.0
260.0
286.0
284.0
251.0
315.0
276.0
300.0
288.0
257.0
257.0
246.0
238.0
225.0
218.0
176.915
221.0
233.0
198.0
186.0
212.0
199.0
190.0
216.0
223.0
208.0
217.0
292.0
268.0
241.0
220.0
217.0
242.0
231.0
211.0
228.0
241.0
221.0
215.0
176.915
202.0
199.0
211.0
215.0
199.0
188.0
215.0
345.0
691.0
965.0
1001.12
1021.64
952.0
991.0
996.0
972.08
951.0
810.0
552.12
459.0
407.0
335.0
268.0
251.385
219.5
222.5
215.5
228.5
205.5
191.0
243.28
399.28
653.28
910.28
951.28
1025.28
949.28
970.28
947.0
945.12
915.0
796.0
532.0
463.0
367.0
313.0
270.0
254.86
237.0
246.0
220.0
242.0
212.0
191.0
220.64
411.0
664.0
928.0
917.0
1003.12
922.0
949.0
933.0
936.08
900.0
745.0
453.0
401.0
298.0
288.0
222.0
258.545
204.0
211.0
205.0
192.0
216.0
213.0
190.0
222.0
201.0
226.0
214.0
295.0
280.0
224.0
259.0
234.0
223.0
238.0
204.0
242.0
211.0
212.0
184.0
176.915
211.0
188.0
183.0
199.0
194.0
170.0
193.0
187.0
241.0
251.0
216.0
324.0
309.0
253.0
232.0
228.0
261.0
225.5
213.0
216.0
209.0
190.0
195.0
176.915
199.0
199.0
226.0
185.0
199.0
185.0
181.0
195.0
204.0
213.0
219.0
237.0
218.0
224.0
234.0
231.0
249.0
213.0
222.0
213.0
223.0
205.0
198.0
176.915
208.0
204.0
197.0
196.0
199.0
194.0
198.0
365.0
667.0
905.0
947.0
1052.0
927.0
975.0
927.0
942.0
899.0
797.0
455.0
358.0
336.0
292.0
235.0
258.545
217.5
225.0
237.0
235.0
198.0
213.0
214.0
371.0
640.0
947.0
973.0
1051.0
960.24
1024.0
1002.0
978.0
978.0
872.12
642.0
518.0
365.12
311.0
275.0
262.23
217.5
227.0
236.0
254.0
220.0
238.0
221.0
412.04
626.04
928.0
1009.0
1055.0
948.0
995.0
986.0
987.0
942.0
793.0
640.12
445.0
369.0
313.0
262.0
243.27
217.5
226.0
221.0
242.0
201.0
235.0
262.0
359.0
629.0
938.0
978.0
1043.0
959.0
976.0
935.0
952.0
946.96
798.84
546.84
427.52
350.0
306.0
260.0
247.76
217.5
221.0
215.0
212.0
214.0
206.0
217.0
373.08
644.0
923.0
968.12
1028.28
932.28
972.28
940.28
911.0
895.0
808.12
516.0
411.0
342.0
300.0
245.0
252.25
217.5
214.0
217.0
213.0
231.0
242.0
215.0
378.0
629.0
873.0
896.0
989.0
881.0
877.0
947.0
863.0
875.0
786.0
495.0
388.0
352.0
273.0
241.0
251.115
203.0
201.0
215.0
195.0
205.5
192.0
189.0
196.5
222.0
228.0
223.0
249.0
240.0
223.0
237.0
254.0
222.0
225.0
233.0
216.0
219.0
216.0
206.0
176.915
207.0
203.0
204.0
205.0
212.0
199.0
197.0
198.0
200.0
210.0
236.0
249.0
244.0
235.0
239.0
220.0
252.0
220.0
235.0
245.0
220.5
207.0
215.0
176.915
227.0
207.0
217.0
221.0
197.0
193.0
200.0
401.56
596.56
882.0
961.0
1017.12
925.0
939.0
940.0
924.0
913.0
791.0
565.0
435.0
354.0
270.0
245.0
251.115
230.0
216.0
219.0
229.0
207.0
213.0
244.0
339.0
655.0
900.0
934.0
981.12
883.0
919.0
935.0
907.0
913.0
778.0
452.0
386.0
356.0
278.0
235.0
251.115
230.5
226.0
209.0
221.0
222.0
219.0
214.0
360.0
629.0
894.0
941.0
1003.0
910.0
939.32
924.32
918.4
873.56
779.56
487.56
407.08
340.2
288.08
253.5
251.115
230.5
208.0
204.5
233.0
218.0
221.5
210.0
378.16
649.16
909.92
946.0
1007.92
872.92
921.16
909.04
882.76
879.76
740.76
557.88
412.76
378.36
330.04
272.0
251.115
230.5
209.5
204.5
245.0
214.0
224.0
231.0
380.0
614.0
908.0
965.0
982.0
917.0
919.0
906.0
892.0
909.0
727.0
451.0
374.0
323.0
279.0
247.0
251.115
197.5
222.0
209.0
207.0
216.0
210.0
202.0
226.0
214.0
216.0
204.0
239.0
241.0
239.0
220.0
254.0
243.5
220.0
225.0
235.0
222.0
224.0
196.0
176.915
197.5
205.0
196.0
192.0
214.0
216.0
196.0
189.0
220.0
250.72
233.5
284.72
291.72
254.72
259.72
249.72
243.5
231.0
240.0
235.5
218.5
224.5
199.0
176.915
230.5
209.5
200.0
206.0
219.0
250.28
268.28
389.28
609.28
226.0
170.39999999999995
159.14
172.0
170.5
159.5
169.5
164.26
146.76
177.5
156.84
253.23
250.23
253.23
223.5
243.24
263.16
218.5
239.0
210.0
211.0
186.0
185.0
188.0
175.5
160.89999999999995
154.28
172.0
175.0
162.0
162.0
173.0
153.0
181.0
156.0
205.0
217.0
210.0
241.0
215.0
213.0
221.0
232.0
213.0
208.0
189.0
193.0
176.0
178.0
160.89999999999995
160.24
168.0
160.0
171.0
175.0
164.0
172.0
273.0
470.0
757.0
742.0
777.0
708.0
756.0
762.0
765.0
758.0
648.0
462.0
351.0
287.0
251.0
224.0
170.39999999999995
188.0
159.0
171.0
172.0
161.0
165.0
177.0
283.0
505.0
761.0
785.0
791.0
689.0
781.0
771.0
769.0
757.0
623.0
447.0
334.0
281.0
218.0
224.0
170.39999999999995
175.0
183.0
159.0
176.0
188.0
166.0
198.0
281.0
529.0
768.0
778.0
830.0
721.0
797.0
784.0
778.0
755.0
644.0
397.0
352.0
286.0
249.0
215.0
170.39999999999995
187.0
165.0
183.0
166.0
178.0
171.0
186.0
280.0
523.0
740.0
764.0
810.0
725.0
758.0
768.0
765.0
751.0
650.0
423.0
310.0
266.0
232.0
214.0
170.39999999999995
193.0
176.0
187.0
174.0
166.0
176.0
186.0
277.0
519.0
745.0
750.0
794.0
723.0
745.0
618.0
612.0
623.0
533.0
389.0
354.0
297.0
229.0
214.0
170.39999999999995
189.0
187.0
188.0
188.0
179.0
195.0
172.0
195.0
205.0
261.0
263.0
281.0
247.0
283.0
274.0
273.0
264.0
241.0
194.0
209.0
205.0
217.0
183.0
160.89999999999995
194.0
191.0
186.0
188.0
178.0
186.0
192.0
181.0
186.0
246.0
257.0
262.0
250.0
261.0
270.0
248.0
291.0
231.0
213.0
202.0
179.0
198.0
187.0
160.89999999999995
177.0
187.0
176.0
200.0
178.0
176.0
195.0
255.0
432.0
603.0
778.0
815.0
753.0
790.0
791.0
782.0
778.0
666.0
426.0
353.0
303.0
240.0
208.0
170.39999999999995
180.0
164.0
178.0
162.0
166.0
182.0
168.0
280.0
527.0
787.0
790.0
840.0
727.0
790.0
789.0
769.0
756.0
629.0
445.0
367.0
332.0
263.0
222.0
170.39999999999995
173.0
178.0
160.0
190.0
159.0
146.0
209.0
273.0
510.0
763.0
786.0
821.0
720.0
775.0
759.0
755.0
755.0
637.0
420.0
356.0
318.0
255.0
260.0
170.39999999999995
178.0
167.0
175.0
170.0
174.0
156.0
187.0
266.0
508.0
771.0
745.0
816.0
713.0
772.0
765.0
740.0
750.0
611.0
437.0
387.0
316.0
272.0
219.0
170.39999999999995
184.0
177.0
186.0
173.0
170.0
179.0
178.0
267.0
478.0
748.0
776.0
801.0
699.0
758.0
731.0
737.0
701.0
602.0
419.0
358.0
285.0
245.0
214.0
170.39999999999995
180.0
179.0
164.0
167.0
182.0
153.0
171.0
167.0
167.0
209.0
203.0
217.0
199.0
211.0
222.0
213.0
213.0
207.0
193.0
189.0
178.0
194.0
177.0
158.89
182.0
158.0
172.0
168.0
161.0
177.0
165.0
155.0
157.0
196.0
201.0
191.0
216.0
182.0
192.0
207.0
202.0
191.0
189.0
189.0
173.0
186.5
181.0
161.87
180.5
155.5
160.0
181.0
170.0
158.0
168.0
172.0
171.0
192.0
216.0
247.0
249.0
228.0
210.0
223.0
216.0
207.0
189.0
192.0
202.0
179.0
185.0
166.88
187.5
186.5
181.0
173.0
180.5
183.5
172.5
284.32
471.32
675.32
685.32
804.0
711.0
786.0
780.0
768.0
772.0
650.0
490.0
338.0
281.0
268.0
227.0
170.39999999999995
191.0
196.0
176.0
176.0
191.0
183.5
167.0
293.0
510.0
755.0
775.0
819.0
718.0
766.0
751.0
786.0
763.0
657.0
446.0
357.0
296.0
250.0
222.0
170.39999999999995
184.0
190.0
164.0
187.0
155.0
183.5
190.0
281.0
508.0
793.0
799.0
849.0
749.0
810.0
813.0
807.0
783.0
662.0
462.0
349.0
294.0
268.0
252.0
170.39999999999995
203.0
193.0
189.0
195.0
189.0
188.0
193.0
281.0
514.0
796.0
796.0
887.0
773.0
806.0
817.0
815.0
787.0
667.0
441.0
340.0
272.0
182.0
183.0
164.92
179.0
153.0
161.0
154.0
149.0
149.0
168.0
152.0
176.0
190.0
196.0
216.0
184.0
220.0
196.0
200.0
207.0
190.0
185.0
188.0
175.0
154.0
164.0
155.93
151.0
156.0
162.0
158.0
150.0
144.0
165.0
133.0
154.0
178.0
172.0
197.0
174.0
200.0
188.0
186.0
212.0
164.0
201.0
184.0
166.0
164.0
149.0
160.385
137.0
156.0
158.0
152.0
153.0
154.0
162.0
259.0
477.0
782.0
821.0
870.0
753.0
828.0
808.0
809.0
796.0
674.0
435.0
374.0
317.0
256.0
232.0
193.96
183.0
200.0
172.0
166.0
192.0
168.0
192.0
305.0
497.0
793.0
807.0
834.0
741.0
809.0
790.0
829.0
773.0
650.0
430.0
362.0
291.0
254.0
212.0
193.96
174.0
189.0
171.0
176.0
181.0
167.0
184.0
284.0
494.0
765.0
775.0
831.0
736.0
777.0
777.0
781.0
783.0
632.0
378.0
299.0
265.0
231.0
233.0
193.96
180.0
192.0
168.0
176.0
178.5
162.64
183.5
284.36
498.36
767.0
776.6
830.6
708.6
774.6
773.6
773.0
742.52
651.52
425.0
364.0
278.0
257.0
207.0
193.96
187.0
196.0
176.0
186.0
176.0
189.0
183.0
298.0
541.0
772.0
771.0
820.0
712.0
788.0
784.0
742.0
743.0
629.0
388.0
291.0
272.0
229.0
212.0
193.96
176.0
174.0
165.0
175.0
176.0
164.0
162.0
164.0
159.0
192.5
203.0
199.0
200.0
209.5
208.5
204.5
210.5
187.0
197.0
185.0
187.0
174.0
166.0
160.385
168.9
181.0
175.0
154.0
171.0
165.0
159.52
173.5
164.0
207.0
234.0
201.0
226.0
219.0
229.0
223.0
209.0
210.0
193.0
186.0
187.0
174.0
182.0
160.385
152.0
184.0
160.0
162.0
180.0
150.0
184.0
271.0
498.52
771.52
757.0
812.0
723.0
784.0
765.0
760.0
770.0
645.52
399.52
343.0
291.0
249.0
229.0
193.96
158.5
177.0
175.0
165.0
174.0
162.0
199.0
255.0
499.0
737.0
734.0
788.0
671.32
743.32
729.32
747.0
721.0
628.0
442.48
352.48
273.48
245.5
217.0
193.96
158.5
188.0
180.0
168.0
190.0
180.0
190.0
284.0
480.52
742.52
749.52
803.52
699.52
767.52
739.0
746.0
734.0
617.0
429.0
350.0
265.0
242.0
204.0
193.96
158.5
185.5
180.0
168.0
192.0
174.0
196.5
282.48
431.48
647.48
682.84
822.0
706.0
783.0
770.0
779.0
762.0
651.0
482.0
386.0
320.0
255.0
223.0
193.96
158.5
183.0
185.0
171.0
194.0
168.0
203.0
283.0
520.0
745.0
789.0
816.04
734.04
773.0
765.0
779.0
740.0
636.0
429.0
330.0
276.0
227.0
197.0
193.96
168.9
177.0
172.0
173.0
177.0
166.0
165.0
183.0
204.0
279.0
281.0
284.0
260.0
266.0
289.0
278.0
267.0
249.0
223.0
207.0
200.0
194.0
192.0
164.84
168.9
196.0
164.0
196.0
160.0
162.0
156.0
177.0
195.0
256.0
256.0
246.0
232.0
260.0
260.0
263.0
268.0
205.0
205.0
211.0
184.0
202.0
170.0
172.425
165.0
176.0
185.0
168.0
174.0
173.0
181.0
275.0
484.0
777.0
796.56
848.56
736.0
805.0
784.0
776.0
791.0
661.0
459.0
373.0
290.0
247.0
214.0
193.96
179.0
196.0
185.0
186.0
184.0
184.0
200.0
297.0
509.52
775.52
771.6
816.6
727.6
782.6
767.6
765.52
743.52
653.52
501.52
376.52
288.52
251.52
210.5
193.96
171.45
187.0
175.5
194.0
200.0
184.0
195.0
300.6
522.6
760.6
792.6
848.0
746.0
793.0
785.0
806.0
780.0
646.0
408.0
303.0
272.0
244.0
207.0
193.96
171.45
178.0
166.0
194.0
172.0
165.0
190.0
277.0
529.0
774.0
790.0
856.0
746.0
813.0
812.0
810.0
795.0
686.0
449.0
349.0
311.0
277.0
227.0
193.96
171.45
203.0
193.0
202.0
193.0
157.0
191.5
303.0
529.0
814.0
808.24
851.6
734.6
799.6
252.0
214.0
234.0
176.915
204.0
225.0
225.0
218.0
203.0
218.0
187.0
207.0
232.0
210.0
214.0
312.0
269.0
291.5
232.0
253.0
250.0
238.0
234.0
235.0
208.0
217.0
211.0
176.915
233.0
212.0
223.0
195.0
212.0
210.0
212.0
335.0
625.0
936.0
972.0
1061.0
995.0
1003.0
1029.0
976.0
980.12
808.0
535.0
392.0
306.0
287.0
280.0
259.97
237.0
234.0
232.0
218.0
209.0
211.0
223.0
370.0
614.0
936.12
992.0
1025.12
968.0
994.0
968.0
952.0
995.0
846.0
542.0
444.0
357.0
309.0
246.0
259.97
237.0
219.0
246.0
223.0
217.0
220.0
213.0
360.0
637.0
915.0
949.0
1032.06
972.0
954.0
953.12
959.0
917.0
799.0
515.12
434.0
344.0
333.0
249.0
259.97
241.0
227.0
227.0
206.0
224.0
210.0
222.0
356.0
618.0
927.0
988.0
1039.0
969.0
966.12
997.0
980.12
960.0
852.0
568.0
410.0
358.0
296.0
268.0
259.97
268.0
222.0
237.0
233.0
226.0
229.0
205.0
372.0
597.0
919.0
953.0
1026.0
939.0
978.0
970.0
926.08
919.0
813.0
464.0
360.0
360.0
252.0
249.0
259.97
200.0
205.0
221.0
213.0
219.0
205.0
218.0
221.0
238.0
248.0
272.0
269.0
275.0
286.0
283.0
275.0
270.0
259.0
252.0
253.0
225.0
216.0
239.0
176.915
212.0
211.0
210.0
250.0
186.0
202.0
197.0
200.0
204.0
221.0
231.0
265.0
256.0
250.0
260.6
272.6
261.0
247.0
247.0
223.0
218.0
220.0
189.0
176.915
176.0
187.0
216.0
180.0
177.0
185.0
197.0
333.0
626.0
836.12
961.5
1062.0
971.0
984.0
995.0
953.08
962.0
837.0
575.0
448.0
377.0
300.0
279.0
259.97
232.0
205.0
257.0
216.0
216.0
202.0
230.0
357.0
648.0
919.0
970.0
1055.5
950.12
984.0
1035.0
962.0
936.24
856.0
601.0
474.0
376.0
311.0
262.0
270.94
239.0
247.0
247.0
236.0
222.0
226.0
244.0
375.0
643.0
958.0
953.12
1049.0
964.0
969.0
987.24
985.0
945.0
812.0
600.0
399.0
409.0
343.0
257.0
262.93
239.0
239.0
257.0
226.0
238.0
233.0
221.0
384.0
639.0
953.0
963.0
1048.0
950.0
993.0
949.0
968.0
964.0
825.12
597.0
478.0
381.0
316.0
285.0
262.93
248.0
249.0
226.0
244.0
231.0
222.0
245.0
375.0
650.0
935.0
971.0
1058.0
951.08
984.0
969.0
949.0
963.0
793.0
599.0
409.0
332.0
287.0
289.0
262.93
202.0
198.0
200.0
208.0
222.0
194.0
190.0
203.0
226.0
239.0
242.0
260.0
259.0
264.0
283.0
244.0
268.0
247.0
214.0
230.0
243.0
201.0
212.0
176.915
191.0
206.0
218.0
195.0
218.5
196.5
199.0
209.0
221.5
223.0
253.04
314.16
305.16
254.4
275.48
262.48
268.84
262.84
239.5
232.5
248.0
214.0
196.0
176.915
196.0
217.0
191.0
202.0
215.0
208.0
208.0
359.0
654.0
931.0
1018.0
1024.0
952.0
1014.0
986.0
990.0
941.0
817.0
527.0
432.0
351.0
290.0
308.0
254.92
224.0
241.0
227.0
237.0
210.0
248.0
230.0
402.0
630.0
970.0
992.0
1048.12
991.0
999.0
994.0
967.0
977.0
834.0
606.0
449.0
437.0
299.0
267.0
253.41
258.0
204.0
229.0
225.0
209.0
232.0
217.0
381.0
674.0
944.12
1013.0
1051.7199999999998
974.0
1056.0
1004.12
988.0
978.0
848.0
571.0
429.0
421.0
321.0
277.0
253.41
227.0
238.0
218.0
236.0
216.0
216.0
248.0
385.0
688.0
911.0
980.0
1051.7199999999998
958.0
1003.0
963.08
958.0
951.0
845.0
566.08
439.0
373.0
321.0
266.0
253.41
216.0
220.0
239.0
228.0
226.0
206.0
232.0
388.0
666.0
940.0
962.0
1051.7199999999998
946.68
973.68
999.12
948.0
909.0
805.0
488.0
359.0
337.0
275.0
245.0
253.41
202.0
203.0
205.0
213.0
215.0
199.0
208.0
215.0
221.5
223.0
264.08
243.08
311.64
255.7
268.74
279.04
246.04
232.0
239.5
232.5
248.0
204.5
231.0
176.915
200.0
200.0
181.0
190.0
197.0
216.0
196.0
205.0
217.0
207.0
239.0
272.0
318.12
257.0
262.0
243.0
264.0
221.0
265.0
235.0
253.0
195.0
215.0
176.915
188.0
224.0
195.0
197.0
204.0
187.0
185.0
369.0
632.0
950.32
1007.32
1055.32
959.0
1006.4
973.4
994.4
967.52
843.4
585.12
426.0
474.0
309.0
258.0
253.41
231.0
211.0
227.0
241.0
217.0
223.0
240.0
350.0
625.8
957.32
1002.32
1048.12
964.12
989.12
955.44
978.44
934.44
865.44
583.44
446.64
357.0
318.0
276.0
253.41
223.5
206.0
225.0
236.5
235.0
231.0
219.0
376.0
642.0
923.0
957.0
1049.0
934.0
969.08
959.08
942.12
900.0
842.0
520.0
431.0
356.0
290.0
258.0
251.9
216.0
201.0
223.0
232.0
211.0
214.0
212.0
376.0
663.0
909.0
952.0
1045.0
937.0
948.0
971.24
924.0
906.0
812.0
512.0
364.0
343.0
317.0
253.0
249.905
217.0
211.0
194.0
213.0
195.0
214.0
206.0
342.0
599.0
905.0
929.0
1030.0
956.0
954.0
913.0
903.0
884.0
773.0
507.0
362.0
315.0
255.0
237.0
249.905
194.0
192.0
205.0
195.0
197.0
204.0
189.5
213.0
212.0
255.0
285.0
270.52
251.52
286.0
267.0
243.0
252.0
246.0
245.0
221.0
211.0
217.0
202.0
176.915
216.0
201.0
200.0
186.0
189.0
192.0
183.0
196.0
189.0
219.0
224.0
291.0
284.0
241.0
242.0
251.0
268.0
255.0
226.0
241.0
229.0
231.0
208.0
176.915
185.0
193.0
188.0
193.0
202.0
185.0
212.0
350.0
637.0
972.0
928.0
1048.0
959.0
959.12
990.0
946.0
935.0
823.0
531.0
477.16
362.0
316.0
245.0
249.905
273.24
203.5
256.24
199.0
280.24
197.0
216.5
349.24
609.24
787.24
978.0
1044.0
945.0
967.0
990.0
961.0
914.0
817.0
565.0
423.0
349.0
288.0
242.0
249.905
234.62
214.0
245.0
205.0
218.0
209.0
221.0
361.0
671.0
929.0
997.0
1063.0
956.0
967.0
974.0
955.0
922.0
808.0
522.0
427.0
387.0
310.0
239.0
249.905
234.62
214.0
228.0
215.0
213.0
211.0
225.0
394.0
677.0
940.0
979.0
1062.24
956.0
948.0
951.0
949.16
960.0
815.0
492.0
395.0
344.12
292.0
244.0
249.905
234.62
238.0
197.0
206.5
213.0
199.0
217.0
367.0
646.0
944.0
932.0
1029.0
904.0
1000.0
940.0
939.0
895.0
810.0
487.0
330.0
312.0
279.0
225.0
249.905
205.0
218.0
185.0
191.0
173.0
186.0
194.0
208.0
204.0
273.0
297.0
296.0
298.0
295.0
299.0
299.0
298.0
264.0
244.0
231.0
224.0
223.0
200.0
176.915
193.0
206.0
182.0
203.0
174.0
190.0
188.0
167.0
192.0
230.0
208.0
244.0
270.0
234.0
240.0
258.0
232.0
241.0
229.0
228.0
241.0
217.0
207.0
176.915
196.0
196.0
197.0
198.0
215.0
183.0
202.0
349.0
591.0
894.0
920.0
992.0
950.0
987.12
945.0
929.0
881.0
792.0
543.0
432.0
297.0
283.12
240.0
249.905
233.0
213.0
196.0
232.0
212.0
205.0
219.0
356.0
590.0
931.0
931.0
1040.0
946.0
989.0
996.12
960.0
952.0
855.0
567.0
455.0
356.0
291.0
248.0
249.905
218.0
231.0
227.0
218.0
228.0
220.0
255.0
378.0
622.0
950.0
998.0
1057.52
956.52
1009.0
970.0
934.0
937.0
798.0
482.0
436.0
361.0
292.0
279.0
249.905
238.0
203.0
214.0
220.0
217.0
246.0
213.0
374.0
641.0
930.0
945.0
1039.12
939.0
954.0
983.0
935.0
952.0
830.0
578.0
430.0
389.0
338.0
258.0
247.91
246.0
230.0
208.0
221.0
209.0
235.0
240.0
364.0
624.0
958.12
965.12
1018.0
972.0
950.0
941.0
980.0
923.0
812.0
498.0
432.0
361.0
325.0
246.0
251.385
207.0
242.0
204.0
204.0
209.0
188.0
221.0
245.0
228.0
260.0
286.0
284.0
283.0
520.0
745.0
789.0
816.04
734.04
773.0
765.0
779.0
740.0
636.0
429.0
330.0
276.0
227.0
197.0
193.96
168.9
177.0
172.0
173.0
177.0
166.0
165.0
183.0
204.0
279.0
281.0
284.0
260.0
266.0
289.0
278.0
267.0
249.0
223.0
207.0
200.0
194.0
192.0
164.84
168.9
196.0
164.0
196.0
160.0
162.0
156.0
177.0
195.0
256.0
256.0
246.0
232.0
260.0
260.0
263.0
268.0
205.0
205.0
211.0
184.0
202.0
170.0
172.425
165.0
176.0
185.0
168.0
174.0
173.0
181.0
275.0
484.0
777.0
796.56
848.56
736.0
805.0
784.0
776.0
791.0
661.0
459.0
373.0
290.0
247.0
214.0
193.96
179.0
196.0
185.0
186.0
184.0
184.0
200.0
297.0
509.52
775.52
771.6
816.6
727.6
782.6
767.6
765.52
743.52
653.52
501.52
376.52
288.52
251.52
210.5
193.96
171.45
187.0
175.5
194.0
200.0
184.0
195.0
300.6
522.6
760.6
792.6
848.0
746.0
793.0
785.0
806.0
780.0
646.0
408.0
303.0
272.0
244.0
207.0
193.96
171.45
178.0
166.0
194.0
172.0
165.0
190.0
277.0
529.0
774.0
790.0
856.0
746.0
813.0
812.0
810.0
795.0
686.0
449.0
349.0
311.0
277.0
227.0
193.96
171.45
203.0
193.0
202.0
193.0
157.0
191.5
303.0
529.0
814.0
808.24
851.6
734.6
799.6
796.0
791.0
766.0
636.96
369.16
313.16
274.64
268.58000000000004
218.0
193.96
161.8
187.5
167.24
188.0
164.0
172.5
153.0
166.5
187.0
218.5
236.0
263.0
220.5
271.8
239.5
250.8
264.8
225.0
211.0
186.0
203.0
187.0
178.0
172.425
157.4
179.0
175.0
188.0
168.0
183.0
150.0
156.0
179.0
181.0
216.0
205.0
209.0
221.0
219.0
204.0
213.0
195.0
195.0
210.0
192.0
187.0
178.0
180.01
163.9
193.0
169.98
175.98
165.99
149.0
193.0
283.0
502.0
764.0
783.0
862.0
766.0
794.0
807.0
786.0
767.16
639.16
445.16
375.16
328.16
260.16
222.0
193.96
164.95
183.0
184.0
184.0
179.0
180.0
187.0
288.0
519.0
796.0
776.0
840.0
769.0
787.0
813.0
788.0
766.0
671.0
474.0
367.0
300.0
263.0
226.0
193.96
164.95
180.0
202.0
167.0
197.0
189.0
201.0
298.0
526.0
784.0
786.0
876.0
734.0
797.0
813.0
785.0
795.0
660.0
456.0
316.0
296.0
251.0
230.0
223.0
164.95
201.0
185.0
202.0
190.0
186.0
214.0
290.0
524.0
775.0
809.0
850.0
747.0
815.0
812.68
799.68
785.68
688.0
475.52
352.52
284.0
238.0
222.5
246.315
164.95
193.0
176.0
190.5
182.5
175.5
199.0
304.88
527.0
778.0
786.0
861.0
738.0
819.0
803.0
793.0
774.0
669.0
385.0
300.0
250.0
225.0
215.0
246.315
157.4
187.0
175.0
180.0
182.0
175.0
160.0
172.0
216.0
285.0
302.0
280.0
251.0
288.0
283.0
283.0
288.0
243.0
197.0
186.0
195.0
175.0
176.0
179.95499999999996
157.4
166.0
162.0
175.0
167.0
167.0
168.0
160.0
197.0
270.52
264.52
267.0
260.0
264.0
251.0
254.0
256.0
226.0
197.0
189.0
198.0
172.0
179.0
179.9
166.0
185.0
167.0
179.0
175.0
165.0
184.0
297.0
488.0
811.0
822.0
889.0
776.0
809.0
834.0
798.0
809.0
673.0
428.0
351.0
295.0
259.0
231.0
246.315
416.92
414.92
412.92
413.92
408.92
415.92
426.92
455.92
516.92
554.92
546.92
594.92
590.92
545.92
539.92
544.92
788.0
673.0
416.16
402.16
289.0
259.0
242.0
246.315
217.0
184.0
196.0
204.0
186.0
200.0
200.0
308.0
512.0
775.0
801.0
851.0
776.0
813.0
775.0
765.0
745.0
568.0
372.0
275.0
236.0
185.0
185.0
246.315
153.0
158.0
171.0
154.0
154.0
161.0
154.0
148.0
162.0
179.0
168.0
213.0
187.0
167.0
152.0
151.0
170.0
144.0
152.0
178.0
152.0
148.0
171.0
149.9
152.0
158.0
148.0
160.0
159.0
146.0
143.0
155.0
155.0
160.0
230.0
241.0
245.0
196.0
185.0
208.0
179.0
167.0
179.0
172.5
168.0
161.0
157.0
162.9
150.0
157.0
162.0
141.0
164.0
151.0
144.0
142.0
160.0
192.0
193.0
199.0
181.0
192.0
205.0
208.0
185.0
175.0
173.0
167.0
168.0
166.0
153.0
155.85
171.0
152.0
145.0
164.0
159.0
159.0
190.0
286.0
511.0
780.0
774.0
775.0
704.0
769.0
759.0
765.0
750.0
628.0
475.0
335.0
280.0
230.0
204.0
246.315
182.0
183.0
176.0
180.04
179.0
168.0
199.0
306.0
531.0
810.0
833.0
872.0
798.0
832.0
831.0
839.0
804.0
688.0
445.0
340.04
322.04
245.0
231.0
246.315
194.0
192.0
192.0
184.0
199.0
177.0
214.0
282.0
491.0
812.0
832.56
898.56
791.56
831.56
825.8
812.16
802.32
683.08
567.08
415.56
356.56
253.32
227.0
246.315
190.0
189.0
196.5
181.0
196.5
176.5
206.0
310.28
530.28
807.28
838.28
907.04
808.04
865.04
840.04
832.04
799.04
696.0
424.0
323.0
291.0
240.0
224.0
246.315
197.5
189.0
196.5
181.0
196.5
176.0
198.0
285.0
526.0
806.0
822.0
882.0
783.0
827.24
826.24
808.24
798.24
691.04
488.04
359.0
318.0
260.0
238.0
246.315
205.0
186.0
201.0
178.0
194.0
177.0
209.0
278.0
527.0
824.0
835.0
904.0
818.32
859.32
838.32
855.0
813.0
712.0
484.32
369.32
284.32
227.0
215.0
246.315
173.5
164.5
169.5
165.0
171.0
158.0
155.01999999999995
154.0
189.0
228.5
207.5
205.0
201.0
207.0
217.5
219.0
252.8
226.0
198.0
198.0
179.5
186.5
169.5
163.38
173.5
164.5
169.5
165.0
171.0
158.0
166.04
166.0
189.0
228.5
222.0
211.0
221.0
222.0
230.0
230.0
216.0
226.0
198.0
198.0
191.0
207.0
186.0
163.38
232.34
179.0
203.0
180.0
201.0
177.0
195.0
298.0
510.0
817.0
868.0
918.0
829.0
874.52
855.52
837.0
807.0
680.0
448.0
378.0
290.0
245.0
228.0
246.315
259.68
252.68
258.68
236.72
257.68
249.68
257.2
340.2
514.68
782.68
788.68
859.68
774.68
785.68
776.68
767.68
739.68
664.68
483.68
411.68
357.68
318.68
288.68
269.63
307.44
281.44
286.44
293.44
274.44
295.44
289.44
365.44
514.44
712.44
766.44
852.44
748.44
765.44
758.44
742.44
727.44
674.44
465.44
398.44
344.44
324.44
311.44
286.76
212.0
204.0
207.0
183.0
209.0
192.0
209.0
317.0
539.0
837.0
859.0
952.0
811.0
854.0
854.0
831.0
835.0
715.0
490.0
368.0
326.0
273.0
243.0
231.32
210.5
199.0
219.0
215.0
207.0
221.0
218.0
321.0
557.0
825.52
862.52
926.0
821.0
876.44
870.44
882.44
862.44
715.44
430.44
318.44
279.44
279.84000000000003
236.0
231.32
173.5
164.5
169.5
165.0
171.0
158.0
173.51999999999995
168.0
218.0
265.0
292.0
307.0
292.0
280.0
272.0
282.0
280.0
277.0
223.0
229.0
186.0
193.0
192.0
163.38
173.5
164.5
169.5
165.0
171.0
158.0
173.51999999999995
168.0
212.0
279.0
292.0
303.5
265.5
299.5
290.5
291.5
297.5
280.5
223.0
211.0
190.0
194.0
182.0
163.38
210.5
201.0
212.0
198.5
202.5
202.5
203.0
289.72
479.68
736.68
791.68
852.68
779.68
812.68
809.68
762.68
776.68
662.68
425.68
355.68
302.68
286.68
263.68
231.32
210.5
201.0
212.0
198.5
202.5
202.5
203.0
291.52
520.52
750.52
791.52
849.52
769.52
807.52
801.52
786.52
779.52
685.52
484.52
387.52
328.52
257.52
253.84
231.32
210.5
201.0
212.0
198.5
202.5
202.5
203.0
264.0
514.0
800.0
818.0
895.0
784.0
835.0
819.0
812.0
785.0
698.0
453.0
340.0
300.0
264.0
244.0
231.32
209.0
203.0
205.0
182.0
198.0
184.0
188.0
292.0
506.0
820.0
833.0
923.0
847.0
873.0
849.0
844.0
821.0
717.0
504.0
434.0
345.0
256.0
234.0
244.0
453.0
753.0
787.0
837.0
709.0
763.0
775.0
755.0
752.0
656.0
390.0
339.0
296.0
263.0
222.0
143.89
169.44
173.0
183.0
187.0
189.0
163.5
192.0
247.0
441.0
742.0
767.0
796.0
711.0
770.0
768.0
750.0
741.0
642.0
383.0
308.0
286.0
249.0
248.0
143.89
169.44
196.0
191.0
183.0
182.0
163.5
197.0
262.0
450.0
717.0
758.0
804.0
706.0
751.0
754.0
757.0
725.0
627.0
378.0
269.0
246.0
212.0
190.0
143.89
172.0
161.0
175.0
164.0
161.0
158.0
170.0
164.0
174.0
244.0
268.0
248.0
238.0
244.0
271.56
257.56
260.0
227.0
203.0
183.0
189.0
185.0
182.0
146.85
182.0
153.0
149.0
176.0
159.0
155.0
164.0
153.0
167.0
172.0
202.0
223.0
207.0
184.0
198.0
223.0
197.0
206.0
172.0
175.5
190.0
165.0
174.0
161.365
159.0
171.0
173.0
160.0
175.0
156.0
192.0
262.0
444.0
745.0
752.0
809.0
724.0
769.0
776.0
763.0
755.0
646.0
426.0
341.0
288.0
251.0
223.0
143.89
184.0
181.0
171.0
186.0
193.0
167.0
185.0
273.0
452.0
756.0
741.0
801.0
687.0
767.0
772.0
758.0
739.0
647.0
417.0
342.0
288.0
240.0
205.0
143.89
194.0
186.0
171.0
195.0
159.0
195.0
180.0
257.0
445.0
743.0
782.0
826.0
734.0
785.0
805.0
759.0
760.0
625.0
425.0
332.0
314.0
274.0
214.0
143.89
187.0
173.0
171.0
162.0
175.0
172.0
174.0
235.0
444.0
713.08
763.08
809.0
719.0
761.0
762.0
771.0
748.0
646.0
453.0
394.0
324.0
268.0
231.0
143.89
180.0
181.0
158.0
182.0
176.0
184.0
170.0
253.0
467.0
725.0
772.0
779.0
680.0
753.56
735.56
714.0
715.0
608.0
372.0
314.0
291.0
286.0
227.0
143.89
185.0
175.0
159.0
177.0
153.0
168.0
148.0
150.0
177.0
222.0
235.0
258.0
213.0
244.0
235.0
243.0
231.0
256.0
186.0
168.0
194.0
170.0
174.0
175.88
165.0
153.0
172.0
160.0
156.0
170.0
149.0
132.0
161.0
190.0
184.0
190.0
205.0
191.0
213.0
209.0
206.0
212.0
166.0
157.0
170.0
152.0
164.0
157.88
147.0
164.0
150.0
154.0
154.0
148.0
166.0
252.0
421.0
748.04
743.04
771.0
696.0
765.0
755.0
740.0
740.0
624.0
426.0
360.0
321.0
265.0
253.0
822.0
706.0
783.0
770.0
779.0
762.0
651.0
482.0
386.0
320.0
255.0
223.0
193.96
158.5
183.0
185.0
171.0
194.0
168.0
203.0
283.0
520.0
745.0
789.0
816.04
734.04
773.0
765.0
779.0
740.0
636.0
429.0
330.0
276.0
227.0
197.0
193.96
168.9
177.0
172.0
173.0
177.0
166.0
165.0
183.0
204.0
279.0
281.0
284.0
260.0
266.0
289.0
278.0
267.0
249.0
223.0
207.0
200.0
194.0
192.0
164.84
168.9
196.0
164.0
196.0
160.0
162.0
156.0
177.0
195.0
256.0
256.0
246.0
232.0
260.0
260.0
263.0
268.0
205.0
205.0
211.0
184.0
202.0
170.0
172.425
165.0
176.0
185.0
168.0
174.0
173.0
181.0
275.0
484.0
777.0
796.56
848.56
736.0
805.0
784.0
776.0
791.0
661.0
459.0
373.0
290.0
247.0
214.0
193.96
179.0
196.0
185.0
186.0
184.0
184.0
200.0
297.0
509.52
775.52
771.6
816.6
727.6
782.6
767.6
765.52
743.52
653.52
501.52
376.52
288.52
251.52
210.5
193.96
171.45
187.0
175.5
194.0
200.0
184.0
195.0
300.6
522.6
760.6
792.6
848.0
746.0
793.0
785.0
806.0
780.0
646.0
408.0
303.0
272.0
244.0
207.0
193.96
171.45
178.0
166.0
194.0
172.0
165.0
190.0
277.0
529.0
774.0
790.0
856.0
746.0
813.0
812.0
810.0
795.0
686.0
449.0
349.0
311.0
277.0
227.0
193.96
171.45
203.0
193.0
202.0
193.0
157.0
191.5
303.0
529.0
814.0
808.24
851.6
734.6
799.6
796.0
791.0
766.0
636.96
369.16
313.16
274.64
268.58000000000004
218.0
193.96
161.8
187.5
167.24
188.0
164.0
172.5
153.0
166.5
187.0
218.5
236.0
263.0
220.5
271.8
239.5
250.8
264.8
225.0
211.0
186.0
203.0
187.0
178.0
172.425
157.4
179.0
175.0
188.0
168.0
183.0
150.0
156.0
179.0
181.0
216.0
205.0
209.0
221.0
219.0
204.0
213.0
195.0
195.0
210.0
192.0
187.0
178.0
180.01
163.9
193.0
169.98
175.98
165.99
149.0
193.0
283.0
502.0
764.0
783.0
862.0
766.0
794.0
807.0
786.0
767.16
639.16
445.16
375.16
328.16
260.16
222.0
193.96
164.95
183.0
184.0
184.0
179.0
180.0
187.0
288.0
519.0
796.0
776.0
840.0
769.0
787.0
813.0
788.0
766.0
671.0
474.0
367.0
300.0
263.0
226.0
193.96
164.95
180.0
202.0
167.0
197.0
189.0
201.0
298.0
526.0
784.0
786.0
876.0
734.0
797.0
813.0
785.0
795.0
660.0
456.0
316.0
296.0
251.0
230.0
223.0
164.95
201.0
185.0
202.0
190.0
186.0
214.0
290.0
524.0
775.0
809.0
850.0
747.0
815.0
812.68
799.68
785.68
688.0
475.52
352.52
284.0
238.0
222.5
246.315
164.95
193.0
176.0
190.5
182.5
175.5
199.0
304.88
527.0
778.0
786.0
861.0
738.0
819.0
803.0
793.0
774.0
669.0
385.0
300.0
250.0
225.0
215.0
246.315
157.4
187.0
175.0
180.0
182.0
175.0
160.0
172.0
216.0
285.0
302.0
280.0
251.0
288.0
283.0
283.0
288.0
243.0
197.0
186.0
195.0
175.0
176.0
179.95499999999996
157.4
166.0
162.0
175.0
167.0
167.0
168.0
160.0
197.0
270.52
264.52
267.0
260.0
264.0
251.0
254.0
256.0
226.0
197.0
189.0
198.0
172.0
179.0
179.9
166.0
185.0
167.0
179.0
175.0
165.0
184.0
297.0
488.0
811.0
822.0
889.0
776.0
809.0
834.0
798.0
809.0
673.0
428.0
351.0
295.0
259.0
231.0
246.315
416.92
414.92
412.92
413.92
408.92
415.92
426.92
455.92
516.92
554.92
546.92
594.92
590.92
545.92
539.92
544.92
788.0
673.0
416.16
402.16
289.0
259.0
242.0
246.315
217.0
184.0
196.0
204.0
186.0
200.0
200.0
308.0
512.0
775.0
801.0
851.0
776.0
813.0
775.0
765.0
745.0
568.0
372.0
275.0
236.0
185.0
185.0
246.315
153.0
158.0
171.0
154.0
154.0
161.0
154.0
148.0
162.0
179.0
168.0
213.0
187.0
167.0
152.0
151.0
170.0
144.0
152.0
178.0
152.0
148.0
171.0
149.9
152.0
158.0
148.0
160.0
159.0
146.0
143.0
155.0
155.0
160.0
230.0
241.0
245.0
196.0
185.0
208.0
179.0
167.0
179.0
172.5
168.0
161.0
157.0
162.9
150.0
157.0
162.0
141.0
164.0
151.0
144.0
142.0
160.0
192.0
193.0
199.0
181.0
192.0
205.0
208.0
185.0
175.0
173.0
167.0
168.0
166.0
153.0
155.85
171.0
152.0
145.0
164.0
159.0
159.0
190.0
286.0
511.0
780.0
774.0
775.0
704.0
769.0
759.0
765.0
750.0
628.0
475.0
335.0
280.0
230.0
204.0
246.315
182.0
183.0
176.0
180.04
179.0
168.0
199.0
306.0
531.0
810.0
833.0
872.0
798.0
832.0
831.0
839.0
804.0
688.0
445.0
340.04
322.04
245.0
231.0
246.315
194.0
192.0
192.0
184.0
199.0
177.0
214.0
282.0
491.0
812.0
832.56
898.56
791.56
831.56
825.8
812.16
802.32
683.08
567.08
415.56
356.56
253.32
227.0
246.315
190.0
189.0
196.5
181.0
196.5
176.5
206.0
310.28
530.28
807.28
838.28
907.04
808.04
865.04
840.04
832.04
799.04
696.0
424.0
323.0
291.0
240.0
224.0
246.315
197.5
189.0
196.5
181.0
196.5
176.0
198.0
285.0
526.0
806.0
822.0
882.0
783.0
827.24
826.24
808.24
798.24
691.04
488.04
359.0
318.0
260.0
238.0
246.315
205.0
186.0
201.0
178.0
194.0
177.0
209.0
278.0
527.0
824.0
835.0
904.0
818.32
859.32
838.32
855.0
813.0
712.0
484.32
369.32
284.32
227.0
215.0
246.315
173.5
164.5
169.5
165.0
171.0
158.0
155.01999999999995
154.0
189.0
228.5
207.5
205.0
201.0
207.0
217.5
219.0
252.8
226.0
198.0
198.0
179.5
186.5
169.5
163.38
173.5
164.5
169.5
165.0
171.0
158.0
166.04
166.0
189.0
228.5
222.0
211.0
221.0
222.0
230.0
230.0
216.0
226.0
198.0
198.0
191.0
207.0
186.0
163.38
232.34
179.0
203.0
180.0
201.0
177.0
195.0
298.0
510.0
817.0
868.0
918.0
829.0
874.52
855.52
837.0
807.0
680.0
448.0
378.0
290.0
245.0
228.0
246.315
259.68
252.68
258.68
236.72
257.68
249.68
257.2
340.2
514.68
782.68
788.68
859.68
774.68
785.68
776.68
767.68
739.68
664.68
483.68
411.68
357.68
318.68
288.68
269.63
307.44
281.44
286.44
293.44
274.44
295.44
289.44
365.44
514.44
712.44
766.44
852.44
748.44
765.44
758.44
742.44
727.44
674.44
465.44
398.44
344.44
324.44
311.44
286.76
212.0
204.0
207.0
183.0
209.0
192.0
209.0
317.0
539.0
837.0
859.0
952.0
811.0
854.0
854.0
831.0
835.0
715.0
490.0
368.0
326.0
273.0
243.0
231.32
210.5
199.0
219.0
215.0
207.0
221.0
218.0
321.0
557.0
825.52
862.52
926.0
821.0
876.44
870.44
882.44
862.44
715.44
430.44
318.44
279.44
279.84000000000003
236.0
231.32
173.5
164.5
169.5
165.0
171.0
158.0
173.51999999999995
168.0
218.0
265.0
292.0
307.0
292.0
280.0
272.0
282.0
280.0
277.0
223.0
229.0
186.0
193.0
192.0
163.38
173.5
164.5
169.5
165.0
171.0
158.0
173.51999999999995
168.0
212.0
279.0
292.0
303.5
265.5
299.5
290.5
291.5
297.5
280.5
223.0
211.0
190.0
194.0
182.0
163.38
210.5
201.0
212.0
198.5
202.5
202.5
203.0
289.72
479.68
736.68
791.68
852.68
779.68
812.68
809.68
762.68
776.68
662.68
425.68
355.68
302.68
286.68
263.68
231.32
210.5
201.0
212.0
198.5
202.5
202.5
203.0
291.52
520.52
750.52
791.52
849.52
769.52
807.52
801.52
786.52
779.52
685.52
484.52
387.52
328.52
257.52
253.84
231.32
210.5
201.0
212.0
198.5
202.5
202.5
203.0
264.0
514.0
800.0
818.0
895.0
784.0
835.0
819.0
812.0
785.0
698.0
453.0
340.0
300.0
264.0
244.0
231.32
209.0
203.0
205.0
893.0
885.0
752.0
545.0
467.0
355.0
327.0
221.0
269.46500000000003
202.5
230.0
203.5
212.0
204.0
220.0
208.0
349.0
563.0
861.0
874.0
940.0
832.0
868.0
881.0
865.0
894.0
748.0
515.0
376.0
341.0
302.0
279.08
269.46500000000003
216.0
241.0
203.5
210.0
210.0
203.0
219.0
331.0
587.0
829.0
879.0
872.0
802.0
859.0
829.0
844.0
827.12
673.0
477.0
409.0
278.0
247.0
218.0
269.46500000000003
179.0
181.0
204.0
175.0
182.0
182.0
197.0
176.0
208.0
240.0
216.0
242.0
205.0
234.0
246.0
221.0
206.0
243.0
212.0
202.0
187.0
197.0
177.0
163.925
173.0
181.0
177.0
193.0
193.0
190.0
177.0
208.0
229.56
211.0
213.0
214.0
208.0
240.0
206.0
212.0
268.0
206.0
219.0
213.0
209.0
221.0
186.0
163.925
195.0
199.0
192.0
200.0
178.0
187.0
192.0
322.0
581.0
854.12
860.0
871.0
798.0
841.0
851.0
863.12
832.0
700.0
513.0
420.0
323.0
290.0
256.0
269.46500000000003
206.0
213.0
237.0
227.0
202.0
205.0
213.0
343.0
586.0
822.04
893.04
928.0
840.0
882.0
900.08
864.0
848.0
758.0
492.0
437.0
402.12
293.0
239.0
269.46500000000003
239.0
194.0
220.0
236.0
213.0
205.0
234.0
334.0
584.0
813.0
868.0
902.0
822.0
857.0
851.0
825.0
864.0
707.0
531.0
436.0
369.0
341.0
249.0
260.05
222.5
233.0
220.0
224.0
220.0
208.0
238.0
343.0
585.0
885.0
928.0
933.0
842.0
890.12
887.12
894.0
856.0
752.2
516.0
396.0
353.0
258.0
274.0
252.485
206.0
222.0
233.0
195.0
218.0
209.0
205.0
336.0
591.0
827.0
855.0
897.0
839.0
873.12
855.0
847.0
820.0
714.0
490.0
443.0
367.0
267.0
216.0
252.485
209.0
195.0
210.0
195.0
220.0
191.0
200.0
218.0
251.12
285.0
259.0
313.0
265.0
300.0
282.0
279.0
267.0
247.0
248.0
250.0
230.0
214.0
218.0
163.925
197.0
184.0
206.0
190.0
187.0
189.0
206.0
214.0
207.0
221.0
211.0
230.0
245.0
237.0
205.0
233.0
248.0
241.0
237.0
207.0
225.0
207.0
210.0
163.925
187.0
210.0
207.0
207.0
193.0
207.0
199.0
344.0
603.0
857.0
897.0
943.0
867.0
929.0
903.0
909.0
890.0
804.0
535.0
426.0
346.0
316.0
271.0
252.485
201.0
195.0
201.0
235.0
210.5
210.5
207.0
329.0
597.0
840.0
930.0
932.0
864.0
893.12
896.0
881.08
877.0
792.0
527.12
426.0
343.0
295.0
246.0
244.92
216.0
250.0
226.0
229.0
228.0
214.0
222.0
311.0
610.0
831.0
887.0
901.0
831.0
900.0
868.0
877.0
863.0
756.0
539.0
445.0
366.0
297.0
268.0
257.45
219.0
203.0
213.0
213.0
214.0
215.0
202.0
320.0
602.0
835.0
915.0
893.0
823.0
825.0
816.12
837.0
820.0
720.0
486.0
385.0
326.0
280.0
248.0
257.45
231.0
202.0
204.0
210.0
232.0
206.0
190.0
343.0
664.0
848.0
877.0
890.0
799.12
866.0
865.12
845.0
869.0
711.0
451.0
376.0
310.0
273.0
245.0
257.45
186.0
193.0
193.0
220.0
183.0
204.0
206.0
200.0
228.0
258.0
289.0
277.0
283.0
271.0
280.0
291.0
267.0
245.0
220.0
234.0
195.0
215.0
212.0
163.925
203.0
187.0
202.0
192.0
204.0
189.0
180.0
205.0
207.0
217.0
206.0
212.0
248.0
232.0
235.0
245.0
242.0
233.0
230.0
230.0
228.0
247.0
182.0
163.925
206.0
212.0
200.0
216.0
184.0
189.0
208.0
308.0
583.0
836.0
859.0
852.0
808.52
870.52
854.12
844.32
830.32
737.44
556.12
486.0
340.0
297.12
245.0
257.45
216.0
219.0
226.0
204.0
224.0
195.0
216.0
342.0
587.0
792.8
846.8
866.8
837.8
867.8
868.24
879.24
887.24
777.24
557.0
438.0
387.0
308.0
251.0
257.45
237.0
217.0
210.0
204.0
216.0
243.0
216.0
329.0
584.0
831.0
894.0
859.0
820.0
843.0
869.0
837.0
858.12
742.0
543.0
401.0
360.0
304.0
273.0
257.45
240.0
210.0
192.0
197.0
219.0
203.0
220.0
311.0
607.52
809.52
881.0
877.0
775.0
828.08
821.0
760.0
720.0
605.52
438.52
344.0
301.0
283.0
226.0
257.45
192.0
194.0
186.0
191.0
166.0
179.0
168.0
181.0
172.0
208.0
192.0
198.0
199.0
205.0
195.0
223.0
220.0
218.0
219.0
206.0
183.0
177.0
172.0
167.97
180.0
177.0
186.0
172.0
187.0
155.0
173.0
173.0
186.0
174.0
193.0
189.0
192.0
185.0
183.0
201.0
220.0
203.0
208.0
181.0
189.0
182.0
186.0
169.45499999999996
186.0
175.0
184.0
184.0
198.0
153.0
178.0
165.0
167.0
174.0
207.0
171.0
201.0
189.0
193.0
185.0
198.0
186.0
212.0
205.5
197.0
191.0
193.0
170.94
188.0
179.0
195.0
178.0
170.0
192.0
183.0
309.0
588.0
857.0
873.0
901.0
821.0
891.0
884.0
893.2
877.0
761.0
559.0
428.0
371.0
290.08
258.0
257.45
216.0
210.0
222.0
200.0
214.0
229.0
204.0
334.0
603.0
843.0
903.12
933.0
830.0
878.0
896.0
891.0
866.0
780.0
526.0
433.12
351.0
297.0
258.0
257.45
192.0
210.0
210.0
220.0
202.0
192.0
224.0
331.0
609.0
853.0
899.12
912.0
835.0
865.0
898.0
900.0
860.0
734.0
550.0
418.0
336.0
279.0
226.0
257.45
211.0
220.0
209.0
214.0
198.0
191.0
223.0
326.0
633.0
862.0
866.0
888.0
822.0
867.0
915.12
898.0
858.0
761.0
510.0
423.0
377.12
321.0
234.0
269.98
216.0
218.5
200.0
199.5
254.61
250.61
211.5
316.24
571.41
738.17
879.08
913.08
825.08
864.08
893.6
864.6
861.6
717.6
487.6
402.6
329.6
282.6
237.0
260.42
199.0
207.0
199.0
220.0
213.0
233.0
196.0
207.0
229.0
277.0
281.0
280.0
264.0
275.0
324.0
285.0
288.0
239.0
251.0
205.5
239.0
216.0
226.0
175.41
199.0
208.0
201.0
189.0
204.0
198.0
185.0
195.0
183.0
192.0
227.0
238.0
234.0
249.0
219.0
225.0
228.0
220.0
226.0
230.0
238.0
227.0
190.0
175.41
216.0
217.0
191.0
185.0
215.0
188.0
200.0
325.0
612.0
898.0
896.0
940.0
860.0
927.0
932.0
917.0
923.0
760.08
568.0
495.0
385.0
278.0
239.0
260.42
221.0
249.0
208.0
222.0
207.0
212.0
222.0
327.0
598.0
861.0
904.0
909.12
817.0
923.0
890.0
895.0
898.0
735.12
560.0
410.0
352.0
300.0
241.0
260.42
226.0
224.0
211.0
219.0
211.0
212.0
215.0
326.0
600.0
860.0
872.0
915.0
823.0
882.0
928.0
855.0
871.12
741.0
542.0
384.0
349.0
280.0
246.0
260.42
224.0
203.0
211.0
215.0
222.0
191.0
236.0
344.0
609.0
855.0
881.0
930.0
853.0
905.0
889.0
915.0
836.0
714.0
572.0
460.12
367.0
272.0
241.0
260.42
229.0
226.0
214.0
232.0
206.0
186.0
219.0
365.0
587.0
850.0
884.08
923.0
824.0
861.0
879.0
878.0
868.0
722.0
536.0
379.0
374.0
278.0
275.0
260.42
212.0
228.0
209.0
217.0
209.0
232.0
210.0
214.0
259.0
298.0
297.0
362.0
272.0
306.04
290.04
297.0
301.0
276.0
220.0
221.0
230.0
193.0
212.0
175.41
180.0
204.0
216.0
186.0
202.0
211.0
196.0
187.0
221.0
257.0
260.0
285.0
249.0
256.0
289.52
260.52
286.0
253.0
234.0
252.0
221.0
213.0
238.0
175.41
186.0
216.0
206.0
193.0
207.0
182.0
188.0
359.0
596.0
930.12
909.12
960.0
840.0
913.0
918.0
922.0
882.0
763.0
530.0
432.0
329.0
294.0
238.0
250.86
225.0
223.0
233.0
211.0
224.0
221.0
229.0
339.0
647.0
874.0
900.0
918.0
828.0
907.0
923.0
888.0
879.0
764.0
526.0
442.0
396.0
310.12
234.0
250.335
213.0
237.0
248.0
211.0
230.0
202.0
242.0
204.0
176.0
179.0
215.0
240.0
233.0
252.0
238.0
244.0
266.0
239.0
253.0
245.0
236.0
218.0
222.0
217.0
193.0
157.34
207.0
207.0
192.0
188.0
199.0
200.5
226.5
334.56
571.0
853.0
866.0
904.0
839.0
874.0
886.0
885.0
872.0
763.32
493.32
383.32
341.0
284.0
250.0
224.43
207.0
205.0
184.5
193.0
199.0
200.5
210.0
352.0
649.0
850.0
934.0
948.0
825.0
889.52
898.52
886.52
861.52
745.0
479.0
328.0
292.08
271.08
223.0
224.43
207.0
203.0
177.0
198.0
193.0
190.0
214.0
337.0
574.0
878.0
909.52
950.52
829.0
894.0
875.0
887.0
865.0
731.0
459.0
356.0
312.0
262.0
208.0
186.0
207.0
200.0
186.5
193.5
196.5
185.0
190.0
320.0
551.0
852.0
875.0
931.0
805.0
880.0
873.0
880.0
872.0
723.0
513.0
387.0
314.0
282.0
223.0
180.94
214.0
197.0
196.0
189.0
200.0
201.0
190.0
343.0
593.0
831.0
904.0
928.0
812.0
858.0
850.0
860.0
839.0
724.0
508.0
360.0
289.0
238.0
231.0
180.94
186.5
194.5
186.5
178.0
187.0
160.0
159.0
174.0
214.0
290.0
262.0
269.0
238.0
285.0
273.0
285.0
271.0
244.0
197.0
177.0
189.0
164.0
182.0
162.83
162.0
182.0
160.0
172.0
175.0
154.0
152.0
159.0
181.0
245.0
263.0
286.0
234.0
289.0
284.0
266.0
268.0
251.0
216.0
193.0
230.0
203.0
206.0
164.365
160.0
183.0
151.0
161.04
180.04
188.5
170.0
292.0
509.0
839.0
827.0
859.0
746.0
837.0
815.56
811.56
826.0
685.0
457.0
378.0
321.0
254.0
235.0
180.94
191.0
168.0
188.0
171.0
165.0
176.0
182.0
283.0
532.0
801.0
833.0
839.0
740.0
806.0
797.0
813.0
806.0
669.0
437.0
388.0
327.0
260.0
240.0
180.94
188.0
176.0
168.0
184.0
178.0
187.0
178.0
303.0
550.0
790.0
824.0
851.0
724.0
817.0
812.0
785.0
785.0
659.0
412.0
338.0
295.0
246.0
236.0
180.94
171.0
174.0
173.0
173.0
171.0
170.0
181.0
283.0
510.0
814.0
831.0
858.0
757.0
816.0
809.0
800.0
784.0
678.0
443.0
361.0
306.0
274.0
249.0
180.94
194.0
177.0
160.0
182.0
161.0
159.0
184.0
275.0
514.0
803.0
801.0
860.0
739.0
795.0
787.0
751.0
761.0
631.0
460.0
318.0
255.0
230.0
202.0
180.94
163.5
162.0
179.0
168.5
148.0
174.0
152.0
158.0
170.0
184.0
194.0
204.0
197.0
210.0
199.0
215.0
186.0
183.0
172.0
194.5
196.0
174.0
164.0
165.9
165.0
162.0
159.0
165.0
154.0
158.0
151.0
165.0
161.0
170.0
173.0
194.0
170.0
172.0
195.0
184.0
189.0
184.0
170.0
196.0
174.0
170.0
144.0
165.87
162.0
168.5
153.0
156.0
164.0
150.0
159.0
160.0
143.0
171.0
196.0
204.0
188.0
189.5
209.0
200.0
203.0
196.5
185.5
186.5
183.5
174.2
158.5
164.39
192.0
178.5
172.0
174.2
166.0
162.5
158.2
261.2
432.2
628.2
819.0
808.0
707.0
825.0
785.0
790.0
760.0
668.0
461.0
356.0
286.0
232.0
215.0
180.94
190.0
180.0
184.0
164.0
171.0
166.0
167.0
299.0
540.68
760.68
819.0
854.0
748.0
826.0
800.0
787.0
773.0
653.0
447.0
331.0
315.0
245.0
221.0
180.94
184.0
184.0
173.0
162.0
175.0
170.0
177.0
284.0
512.0
788.0
824.0
847.0
736.0
805.0
790.0
781.0
757.0
638.0
441.0
339.0
281.0
244.0
232.0
180.94
178.0
199.0
164.0
187.0
167.5
175.0
205.0
300.56
497.56
719.52
760.52
794.48
706.16
738.16
729.16
725.48
710.48
613.68
447.68
290.0
253.0
232.0
205.0
180.94
160.0
175.0
155.84
156.5
156.84
162.84
161.84
165.84
161.0
213.0
219.0
214.0
206.0
207.0
223.0
216.0
217.0
209.0
201.0
177.0
193.0
174.0
173.0
162.91
164.0
172.0
166.0
157.0
177.0
155.52
140.52
174.0
157.68
233.115
234.615
233.615
223.5
225.12
243.08
218.5
196.0
197.0
206.0
181.5
189.0
181.0
175.5
160.89999999999995
166.52
156.52
165.52
166.52
160.0
164.0
179.0
272.0
469.0
727.0
786.0
798.0
717.0
768.0
765.0
746.0
745.0
610.0
455.0
343.0
317.0
237.0
225.0
180.94
206.0
193.0
181.0
181.0
190.0
183.0
175.0
307.0
510.0
730.0
796.0
806.0
747.0
759.0
766.0
766.0
768.0
620.0
424.0
357.0
253.0
214.0
194.0
180.94
197.0
164.0
178.0
165.0
176.0
177.0
171.0
305.0
516.0
732.0
780.0
823.0
713.0
774.0
761.0
762.0
742.0
611.0
420.0
325.52
296.52
262.0
200.0
180.94
186.0
181.0
173.0
176.0
165.0
190.0
171.0
303.0
508.0
745.0
789.0
841.0
726.0
797.0
761.0
757.0
773.0
645.0
433.0
326.0
274.0
242.0
203.0
175.88
182.0
173.0
195.0
166.0
175.0
175.0
184.0
283.0
502.0
749.0
740.0
793.0
697.0
739.0
713.0
721.0
700.0
577.0
399.0
312.0
272.0
229.0
226.0
170.39999999999995
159.14
172.0
170.5
159.5
169.5
164.26
146.76
177.5
156.84
253.23
250.23
253.23
223.5
243.24
263.16
218.5
239.0
210.0
211.0
186.0
185.0
188.0
175.5
160.89999999999995
154.28
172.0
175.0
162.0
162.0
173.0
153.0
181.0
156.0
205.0
217.0
210.0
241.0
215.0
213.0
221.0
232.0
213.0
208.0
189.0
193.0
176.0
178.0
160.89999999999995
160.24
168.0
160.0
171.0
175.0
164.0
172.0
273.0
470.0
757.0
742.0
777.0
708.0
756.0
762.0
765.0
758.0
648.0
462.0
351.0
287.0
251.0
224.0
170.39999999999995
188.0
159.0
171.0
172.0
161.0
165.0
177.0
283.0
505.0
761.0
785.0
791.0
689.0
781.0
771.0
769.0
757.0
623.0
447.0
334.0
281.0
218.0
224.0
170.39999999999995
175.0
183.0
159.0
176.0
188.0
166.0
198.0
281.0
529.0
768.0
778.0
830.0
721.0
797.0
784.0
778.0
755.0
644.0
397.0
352.0
286.0
249.0
215.0
170.39999999999995
187.0
165.0
183.0
166.0
178.0
171.0
186.0
280.0
523.0
740.0
764.0
810.0
725.0
758.0
768.0
765.0
751.0
650.0
423.0
310.0
266.0
232.0
214.0
170.39999999999995
193.0
176.0
187.0
174.0
166.0
176.0
186.0
277.0
519.0
745.0
750.0
794.0
723.0
745.0
618.0
612.0
623.0
533.0
389.0
354.0
297.0
229.0
214.0
170.39999999999995
189.0
187.0
188.0
188.0
179.0
195.0
172.0
195.0
205.0
261.0
263.0
281.0
247.0
283.0
274.0
273.0
264.0
241.0
194.0
209.0
205.0
217.0
183.0
160.89999999999995
194.0
191.0
186.0
188.0
178.0
186.0
192.0
181.0
186.0
246.0
257.0
262.0
250.0
261.0
270.0
248.0
291.0
231.0
213.0
202.0
179.0
198.0
187.0
160.89999999999995
177.0
187.0
176.0
200.0
178.0
176.0
195.0
255.0
432.0
603.0
778.0
815.0
753.0
790.0
791.0
782.0
778.0
666.0
426.0
353.0
303.0
240.0
208.0
170.39999999999995
180.0
164.0
178.0
162.0
166.0
182.0
168.0
280.0
527.0
787.0
790.0
840.0
727.0
790.0
789.0
769.0
756.0
629.0
445.0
367.0
332.0
263.0
222.0
170.39999999999995
173.0
178.0
160.0
190.0
159.0
146.0
209.0
273.0
510.0
763.0
786.0
821.0
720.0
775.0
759.0
755.0
755.0
637.0
420.0
356.0
318.0
255.0
260.0
170.39999999999995
178.0
167.0
175.0
170.0
174.0
156.0
187.0
266.0
508.0
771.0
745.0
816.0
713.0
772.0
765.0
740.0
750.0
611.0
437.0
387.0
316.0
272.0
219.0
170.39999999999995
184.0
177.0
186.0
173.0
170.0
179.0
178.0
267.0
478.0
748.0
776.0
801.0
699.0
758.0
731.0
737.0
701.0
602.0
419.0
358.0
285.0
245.0
214.0
170.39999999999995
180.0
179.0
164.0
167.0
182.0
153.0
171.0
167.0
167.0
209.0
203.0
217.0
199.0
211.0
222.0
213.0
213.0
207.0
193.0
189.0
178.0
191.0
183.5
167.0
293.0
510.0
755.0
775.0
819.0
718.0
766.0
751.0
786.0
763.0
657.0
446.0
357.0
296.0
250.0
222.0
170.39999999999995
184.0
190.0
164.0
187.0
155.0
183.5
190.0
281.0
508.0
793.0
799.0
849.0
749.0
810.0
813.0
807.0
783.0
662.0
462.0
349.0
294.0
268.0
252.0
170.39999999999995
203.0
193.0
189.0
195.0
189.0
188.0
193.0
281.0
514.0
796.0
796.0
887.0
773.0
806.0
817.0
815.0
787.0
667.0
441.0
340.0
272.0
182.0
183.0
164.92
179.0
153.0
161.0
154.0
149.0
149.0
168.0
152.0
176.0
190.0
196.0
216.0
184.0
220.0
196.0
200.0
207.0
190.0
185.0
188.0
175.0
154.0
164.0
155.93
151.0
156.0
162.0
158.0
150.0
144.0
165.0
133.0
154.0
178.0
172.0
197.0
174.0
200.0
188.0
186.0
212.0
164.0
201.0
184.0
166.0
164.0
149.0
160.385
137.0
156.0
158.0
152.0
153.0
154.0
162.0
259.0
477.0
782.0
821.0
870.0
753.0
828.0
808.0
809.0
796.0
674.0
435.0
374.0
317.0
256.0
232.0
193.96
183.0
200.0
172.0
166.0
192.0
168.0
192.0
305.0
497.0
793.0
807.0
834.0
741.0
809.0
790.0
829.0
773.0
650.0
430.0
362.0
291.0
254.0
212.0
193.96
174.0
189.0
171.0
176.0
181.0
167.0
184.0
284.0
494.0
765.0
775.0
831.0
736.0
777.0
777.0
781.0
783.0
632.0
378.0
299.0
265.0
231.0
233.0
193.96
180.0
192.0
168.0
176.0
178.5
162.64
183.5
284.36
498.36
767.0
776.6
830.6
708.6
774.6
773.6
773.0
742.52
651.52
425.0
364.0
278.0
257.0
207.0
193.96
187.0
196.0
176.0
186.0
176.0
189.0
183.0
298.0
541.0
772.0
771.0
820.0
712.0
788.0
784.0
742.0
743.0
629.0
388.0
291.0
272.0
229.0
212.0
193.96
176.0
174.0
165.0
175.0
176.0
164.0
162.0
164.0
159.0
192.5
203.0
199.0
200.0
209.5
208.5
204.5
210.5
187.0
197.0
185.0
187.0
174.0
166.0
160.385
168.9
181.0
175.0
154.0
171.0
165.0
159.52
173.5
164.0
207.0
234.0
201.0
226.0
219.0
229.0
223.0
209.0
210.0
193.0
186.0
187.0
174.0
182.0
160.385
152.0
184.0
160.0
162.0
180.0
150.0
184.0
271.0
498.52
771.52
757.0
812.0
723.0
784.0
765.0
760.0
770.0
645.52
399.52
343.0
291.0
249.0
229.0
193.96
158.5
177.0
175.0
165.0
174.0
162.0
199.0
255.0
499.0
737.0
734.0
788.0
671.32
743.32
729.32
747.0
721.0
628.0
442.48
352.48
273.48
245.5
217.0
193.96
158.5
188.0
180.0
168.0
190.0
180.0
190.0
284.0
480.52
742.52
749.52
803.52
699.52
767.52
739.0
746.0
734.0
617.0
429.0
350.0
265.0
242.0
204.0
193.96
158.5
185.5
180.0
168.0
192.0
174.0
196.5
282.48
431.48
647.48
682.84
822.0
706.0
783.0
770.0
779.0
762.0
651.0
482.0
386.0
320.0
255.0
223.0
193.96
158.5
183.0
185.0
171.0
194.0
168.0
203.0
283.0
520.0
745.0
789.0
816.04
734.04
773.0
765.0
779.0
740.0
636.0
429.0
330.0
276.0
227.0
197.0
193.96
168.9
177.0
172.0
173.0
177.0
166.0
165.0
183.0
204.0
279.0
281.0
284.0
260.0
266.0
289.0
278.0
267.0
249.0
223.0
207.0
200.0
194.0
192.0
164.84
168.9
196.0
164.0
196.0
160.0
162.0
156.0
177.0
195.0
256.0
256.0
246.0
232.0
260.0
260.0
263.0
268.0
205.0
205.0
211.0
184.0
202.0
170.0
172.425
165.0
176.0
185.0
168.0
174.0
173.0
181.0
275.0
484.0
777.0
796.56
848.56
736.0
805.0
784.0
776.0
791.0
661.0
459.0
373.0
290.0
247.0
214.0
193.96
179.0
196.0
185.0
186.0
184.0
184.0
200.0
297.0
509.52
775.52
771.6
816.6
727.6
782.6
767.6
765.52
743.52
653.52
501.52
376.52
288.52
251.52
210.5
193.96
171.45
187.0
175.5
194.0
200.0
184.0
195.0
300.6
522.6
760.6
792.6
848.0
746.0
793.0
785.0
806.0
780.0
646.0
408.0
303.0
272.0
244.0
207.0
193.96
171.45
178.0
166.0
194.0
172.0
165.0
190.0
277.0
529.0
774.0
790.0
856.0
746.0
813.0
812.0
810.0
795.0
686.0
449.0
349.0
311.0
277.0
227.0
193.96
171.45
203.0
193.0
202.0
193.0
157.0
191.5
303.0
529.0
814.0
808.24
851.6
734.6
799.6
796.0
791.0
766.0
636.96
369.16
313.16
274.64
268.58000000000004
218.0
193.96
161.8
187.5
167.24
188.0
164.0
172.5
153.0
166.5
187.0
218.5
236.0
263.0
220.5
271.8
239.5
250.8
264.8
225.0
211.0
186.0
203.0
187.0
178.0
172.425
157.4
179.0
175.0
188.0
168.0
183.0
150.0
156.0
179.0
181.0
216.0
205.0
209.0
221.0
219.0
204.0
213.0
195.0
195.0
210.0
192.0
187.0
178.0
180.01
163.9
193.0
169.98
175.98
165.99
149.0
193.0
283.0
502.0
764.0
783.0
862.0
766.0
794.0
807.0
786.0
767.16
639.16
445.16
375.16
328.16
260.16
222.0
193.96
164.95
183.0
184.0
184.0
179.0
180.0
187.0
288.0
519.0
796.0
776.0
840.0
769.0
787.0
813.0
788.0
766.0
671.0
474.0
367.0
300.0
263.0
226.0
193.96
164.95
180.0
202.0
167.0
197.0
189.0
201.0
298.0
526.0
784.0
786.0
876.0
734.0
797.0
813.0
785.0
795.0
660.0
456.0
316.0
296.0
251.0
230.0
223.0
164.95
201.0
185.0
202.0
190.0
186.0
214.0
290.0
524.0
775.0
809.0
850.0
747.0
815.0
812.68
799.68
785.68
688.0
475.52
352.52
284.0
238.0
222.5
246.315
164.95
193.0
176.0
190.5
182.5
175.5
199.0
304.88
527.0
778.0
786.0
861.0
738.0
819.0
803.0
793.0
774.0
669.0
385.0
300.0
250.0
225.0
215.0
246.315
157.4
187.0
175.0
180.0
182.0
175.0
160.0
172.0
216.0
285.0
302.0
280.0
251.0
288.0
283.0
283.0
288.0
243.0
197.0
186.0
195.0
175.0
176.0
179.95499999999996
157.4
166.0
162.0
175.0
167.0
167.0
168.0
160.0
197.0
270.52
264.52
267.0
260.0
264.0
251.0
254.0
256.0
226.0
197.0
189.0
198.0
172.0
179.0
179.9
166.0
185.0
167.0
179.0
175.0
165.0
184.0
297.0
488.0
811.0
822.0
889.0
776.0
809.0
834.0
798.0
809.0
673.0
428.0
351.0
295.0
259.0
231.0
246.315
416.92
414.92
412.92
413.92
408.92
415.92
426.92
455.92
516.92
554.92
546.92
594.92
590.92
545.92
539.92
544.92
788.0
673.0
416.16
402.16
289.0
259.0
242.0
246.315
217.0
184.0
196.0
204.0
186.0
200.0
200.0
308.0
512.0
775.0
801.0
851.0
776.0
813.0
775.0
765.0
745.0
568.0
372.0
275.0
236.0
185.0
185.0
246.315
153.0
158.0
171.0
154.0
154.0
161.0
154.0
148.0
162.0
179.0
168.0
213.0
187.0
167.0
152.0
151.0
170.0
144.0
152.0
178.0
152.0
148.0
171.0
149.9
152.0
158.0
148.0
160.0
159.0
146.0
143.0
155.0
155.0
160.0
230.0
241.0
245.0
196.0
185.0
208.0
179.0
167.0
179.0
172.5
168.0
161.0
157.0
162.9
150.0
157.0
162.0
141.0
164.0
151.0
144.0
142.0
160.0
192.0
193.0
199.0
181.0
192.0
205.0
208.0
185.0
175.0
173.0
167.0
168.0
166.0
153.0
155.85
171.0
152.0
145.0
164.0
159.0
159.0
190.0
286.0
511.0
780.0
774.0
775.0
704.0
769.0
759.0
765.0
750.0
628.0
475.0
335.0
280.0
230.0
204.0
246.315
182.0
183.0
176.0
180.04
179.0
168.0
199.0
306.0
531.0
810.0
833.0
872.0
798.0
832.0
831.0
839.0
804.0
688.0
445.0
340.04
322.04
245.0
231.0
246.315
194.0
192.0
192.0
184.0
199.0
177.0
214.0
282.0
491.0
812.0
832.56
898.56
791.56
831.56
825.8
812.16
802.32
683.08
567.08
415.56
174.0
170.0
155.0
140.0
175.0
165.0
167.0
179.0
156.0
156.0
161.0
156.0
157.0
165.0
172.0
187.0
179.0
173.0
181.0
162.86
145.0
180.0
167.0
172.0
160.0
165.0
159.0
160.0
158.0
160.0
157.0
171.0
148.0
158.0
160.5
146.5
165.0
178.0
177.0
173.0
184.0
172.0
180.0
162.86
159.0
167.5
168.0
147.0
167.5
172.0
137.0
158.0
162.0
136.0
148.0
153.0
166.0
146.0
160.0
137.0
165.0
153.0
170.0
178.0
181.0
171.0
178.0
161.86
175.0
155.0
170.0
177.0
175.0
157.0
157.0
170.0
158.0
139.0
157.0
139.0
160.0
146.0
142.0
145.0
160.0
152.0
174.0
162.0
185.0
165.0
177.0
159.88
184.0
181.0
161.0
195.0
168.0
170.0
144.0
146.0
152.0
155.0
170.5
181.0
157.0
161.0
164.0
172.0
155.0
181.0
164.0
177.0
174.0
171.0
168.0
163.925
161.0
171.0
191.0
173.0
165.0
156.0
172.0
158.0
159.0
202.0
184.0
180.0
179.0
190.0
184.0
171.0
191.0
176.0
192.0
181.0
189.0
159.0
173.0
163.925
164.0
190.0
152.0
185.0
176.0
160.0
179.0
275.0
508.0
648.0
662.0
670.0
674.0
695.0
643.0
651.0
626.0
512.0
403.0
301.0
242.0
242.0
228.0
212.03500000000003
220.0
202.0
199.0
201.0
233.0
222.0
184.0
336.0
591.0
836.0
850.0
835.0
757.0
829.12
822.0
805.0
803.0
701.0
463.0
355.0
292.0
263.0
222.0
212.03500000000003
221.0
220.0
211.0
203.0
205.0
231.0
209.0
322.0
614.0
840.0
853.0
904.0
829.0
915.0
885.0
866.0
824.0
744.0
476.0
344.0
282.0
256.0
278.0
212.03500000000003
220.0
219.0
218.0
217.0
229.0
213.0
217.0
345.0
611.0
806.12
843.0
849.0
801.0
868.0
832.0
852.0
804.0
675.0
397.0
307.0
256.0
237.0
223.0
212.03500000000003
208.0
208.0
214.0
221.0
229.0
216.0
210.0
191.0
209.0
217.0
214.0
216.0
222.0
229.0
218.0
211.0
225.84
215.0
243.0
216.0
221.0
228.0
198.0
163.925
205.0
206.0
200.0
207.0
240.0
211.5
218.0
341.0
693.16
937.16
939.16
979.16
906.16
981.28
950.16
955.16
930.16
806.16
616.16
454.16
362.16
294.16
265.0
212.03500000000003
229.0
219.0
231.0
230.0
251.0
210.0
215.0
344.0
668.0
973.0
968.0
996.0
909.08
970.0
962.0
987.0
947.0
807.0
563.0
475.08
356.0
294.0
261.0
212.03500000000003
261.0
205.0
227.0
205.0
225.0
220.0
224.0
347.64
668.64
950.76
952.12
995.68
938.56
976.0
968.52
969.52
918.04
795.04
568.56
464.56
332.0
293.0
297.0
212.03500000000003
236.5
217.0
223.5
210.5
219.0
224.0
222.0
350.7
666.83
849.7
990.68
993.92
878.92
961.92
943.04
928.92
929.92
769.92
551.92
479.92
373.92
310.92
246.0
212.03500000000003
236.5
217.0
223.5
210.5
219.0
228.0
220.0
348.0
631.0
923.0
965.0
994.0
917.12
956.68
920.68
947.68
936.84
797.72
523.2
397.2
342.2
291.0
232.0
212.03500000000003
212.5
248.0
210.0
212.0
201.0
213.0
206.0
200.0
214.0
258.0
287.0
269.0
243.04
264.04
267.52
262.52
260.68
215.0
271.68
226.5
224.0
228.0
219.0
163.925
217.0
184.0
221.0
216.0
207.0
210.0
202.0
209.0
219.0
236.0
243.0
247.0
260.0
261.76
252.26
258.76
273.76
254.0
265.0
237.0
227.0
228.0
212.0
163.925
212.0
229.0
220.0
216.0
213.0
216.0
218.0
329.0
601.0
930.0
1000.08
1023.0
920.0
956.0
969.0
975.0
947.12
791.0
593.0
427.0
358.0
328.0
300.0
212.03500000000003
248.84
244.0
237.76
242.72
237.0
231.0
224.0
366.0
661.0
936.0
986.0
1002.0
923.0
971.12
955.12
906.0
920.0
815.0
554.32
452.84
349.84
324.0
275.0
262.22
285.68
244.0
255.52
227.0
261.0
246.0
217.0
422.36
662.48
913.8
950.48
966.6
905.68
955.0
937.84
924.72
898.88
833.88
561.88
451.0
392.0
318.0
303.0
267.155
246.84
244.0
242.76
232.5
243.5
235.0
223.0
307.0
596.72
929.72
931.04
946.04
872.04
911.04
904.04
879.04
904.04
800.04
546.04
466.04
361.04
326.04
256.0
267.155
246.84
259.0
230.0
238.0
226.0
224.0
233.0
341.0
604.0
864.0
919.0
918.12
854.0
885.0
894.0
874.0
845.0
749.0
478.0
406.12
320.0
273.0
247.0
267.155
219.5
198.0
215.5
205.0
216.0
208.5
218.5
204.5
214.5
229.0
231.0
235.0
254.0
254.0
252.26
277.48
253.48
241.0
254.0
216.0
264.0
226.0
211.0
163.925
219.5
198.0
215.5
205.0
216.0
208.5
218.5
204.5
214.5
208.0
220.5
252.0
251.5
242.76
252.26
257.74
255.24
251.84
253.0
215.0
251.5
226.0
211.0
163.925
246.84
255.66
232.0
240.5
231.5
217.5
204.0
334.0
573.0
906.0
931.44
985.32
942.44
939.68
942.68
944.68
917.16
791.16
572.16
528.16
405.16
361.16
278.0
267.155
246.84
255.66
234.0
243.0
237.0
211.0
247.0
334.0
587.0
894.0
947.0
971.4
868.32
927.4
928.0
900.44
920.44
778.44
547.44
459.44
381.44
301.44
269.0
272.09
246.84
252.32
225.0
242.0
223.0
249.0
212.0
356.0
596.08
837.0
907.0
955.0
923.0
883.0
923.0
876.0
859.0
768.0
538.0
383.0
349.0
329.0
278.0
249.98
246.84
241.0
216.0
238.0
244.0
224.0
238.0
337.0
557.0
885.0
919.0
939.0
864.12
892.0
922.0
883.0
865.0
760.0
527.0
413.0
335.0
322.0
285.0
250.395
246.84
234.0
208.0
226.0
211.0
233.0
215.0
351.0
581.0
914.12
918.52
941.52
862.52
906.52
902.12
929.0
889.12
770.32
514.32
413.32
348.0
282.0
274.0
250.395
219.5
198.0
215.5
194.0
225.0
207.0
218.5
204.5
210.0
241.0
210.0
252.0
249.0
232.0
237.0
238.0
257.0
241.0
252.0
215.0
251.5
226.0
211.0
163.925
219.5
212.0
210.0
201.0
204.0
200.0
235.0
200.0
215.0
228.0
234.0
269.0
239.0
253.0
264.0
225.0
233.0
233.0
221.0
214.0
239.0
224.0
210.0
163.925
246.84
214.0
198.0
219.0
198.0
227.0
215.0
334.0
572.0
915.0
966.0
984.0
925.0
935.0
952.0
895.0
917.0
801.0
531.0
407.12
305.0
275.0
246.0
250.395
208.0
229.0
225.0
228.0
216.0
199.0
244.0
311.0
628.0
903.0
942.0
955.0
866.12
937.0
936.0
905.12
910.0
765.0
524.12
454.0
341.0
299.0
247.0
250.81
211.0
256.92
270.92
267.92
227.5
259.92
272.92
302.92
368.92
883.0
909.0
941.0
865.0
869.0
897.0
858.0
761.0
695.0
493.0
435.0
369.12
314.0
245.0
265.94
214.0
242.0
228.0
233.0
239.0
225.0
239.0
320.0
608.0
881.0
908.0
927.12
878.0
899.0
867.0
891.0
860.0
767.08
575.0
495.0
397.0
313.0
256.0
262.86
242.0
225.0
220.0
229.0
233.0
242.0
218.0
371.0
603.0
911.0
922.0
941.0
888.0
900.0
920.0
949.0
879.0
763.0
502.0
435.0
316.0
342.0
261.0
263.345
222.0
195.0
207.0
212.0
209.0
211.0
208.0
204.0
239.0
256.0
249.0
248.0
260.0
275.0
264.0
259.0
246.0
256.0
232.0
241.0
222.0
225.0
197.0
163.925
196.0
189.0
191.0
199.0
186.0
199.0
195.0
199.0
220.0
209.0
257.0
236.0
240.0
252.0
272.0
223.0
236.0
239.0
243.0
254.0
214.0
211.0
227.0
163.925
198.0
197.0
209.0
197.0
199.0
183.0
180.0
344.0
577.0
895.0
913.08
963.0
876.0
909.2
913.0
929.0
895.0
779.0
592.0
470.0
375.0
317.0
267.0
263.345
217.0
218.0
212.0
204.0
213.5
190.0
236.0
334.0
573.0
840.0
861.0
893.0
836.0
902.0
864.0
879.0
889.0
758.0
498.0
450.24
352.0
296.0
242.0
263.345
256.0
237.0
215.0
211.0
228.0
240.0
208.0
329.0
570.0
850.0
875.0
893.0
818.0
910.0
868.12
895.0
863.0
790.0
554.0
454.0
160.385
137.0
156.0
158.0
152.0
153.0
154.0
162.0
259.0
477.0
782.0
821.0
870.0
753.0
828.0
808.0
809.0
796.0
674.0
435.0
374.0
317.0
256.0
232.0
193.96
183.0
200.0
172.0
166.0
192.0
168.0
192.0
305.0
497.0
793.0
807.0
834.0
741.0
809.0
790.0
829.0
773.0
650.0
430.0
362.0
291.0
254.0
212.0
193.96
174.0
189.0
171.0
176.0
181.0
167.0
184.0
284.0
494.0
765.0
775.0
831.0
736.0
777.0
777.0
781.0
783.0
632.0
378.0
299.0
265.0
231.0
233.0
193.96
180.0
192.0
168.0
176.0
178.5
162.64
183.5
284.36
498.36
767.0
776.6
830.6
708.6
774.6
773.6
773.0
742.52
651.52
425.0
364.0
278.0
257.0
207.0
193.96
187.0
196.0
176.0
186.0
176.0
189.0
183.0
298.0
541.0
772.0
771.0
820.0
712.0
788.0
784.0
742.0
743.0
629.0
388.0
291.0
272.0
229.0
212.0
193.96
176.0
174.0
165.0
175.0
176.0
164.0
162.0
164.0
159.0
192.5
203.0
199.0
200.0
209.5
208.5
204.5
210.5
187.0
197.0
185.0
187.0
174.0
166.0
160.385
168.9
181.0
175.0
154.0
171.0
165.0
159.52
173.5
164.0
207.0
234.0
201.0
226.0
219.0
229.0
223.0
209.0
210.0
193.0
186.0
187.0
174.0
182.0
160.385
152.0
184.0
160.0
162.0
180.0
150.0
184.0
271.0
498.52
771.52
757.0
812.0
723.0
784.0
765.0
760.0
770.0
645.52
399.52
343.0
291.0
249.0
229.0
193.96
158.5
177.0
175.0
165.0
174.0
162.0
199.0
255.0
499.0
737.0
734.0
788.0
671.32
743.32
729.32
747.0
721.0
628.0
442.48
352.48
273.48
245.5
217.0
193.96
158.5
188.0
180.0
168.0
190.0
180.0
190.0
284.0
480.52
742.52
749.52
803.52
699.52
767.52
739.0
746.0
734.0
617.0
429.0
350.0
265.0
242.0
204.0
193.96
158.5
185.5
180.0
168.0
192.0
174.0
196.5
282.48
431.48
647.48
682.84
822.0
706.0
783.0
770.0
779.0
762.0
651.0
482.0
386.0
320.0
255.0
223.0
193.96
158.5
183.0
185.0
171.0
194.0
168.0
203.0
283.0
520.0
745.0
789.0
816.04
734.04
773.0
765.0
779.0
740.0
636.0
429.0
330.0
276.0
227.0
197.0
193.96
168.9
177.0
172.0
173.0
177.0
166.0
165.0
183.0
204.0
279.0
281.0
284.0
260.0
266.0
289.0
278.0
267.0
249.0
223.0
207.0
200.0
194.0
192.0
164.84
168.9
196.0
164.0
196.0
160.0
162.0
156.0
177.0
195.0
256.0
256.0
246.0
232.0
260.0
260.0
263.0
268.0
205.0
205.0
211.0
184.0
202.0
170.0
172.425
165.0
176.0
185.0
168.0
174.0
173.0
181.0
275.0
484.0
777.0
796.56
848.56
736.0
805.0
784.0
776.0
791.0
661.0
459.0
373.0
290.0
247.0
214.0
193.96
179.0
196.0
185.0
186.0
184.0
184.0
200.0
297.0
509.52
775.52
771.6
816.6
727.6
782.6
767.6
765.52
743.52
653.52
501.52
376.52
288.52
251.52
210.5
193.96
171.45
187.0
175.5
194.0
200.0
184.0
195.0
300.6
522.6
760.6
792.6
848.0
746.0
793.0
785.0
806.0
780.0
646.0
408.0
303.0
272.0
244.0
207.0
193.96
171.45
178.0
166.0
194.0
172.0
165.0
190.0
277.0
529.0
774.0
790.0
856.0
746.0
813.0
812.0
810.0
795.0
686.0
449.0
349.0
311.0
277.0
227.0
193.96
171.45
203.0
193.0
202.0
193.0
157.0
191.5
303.0
529.0
814.0
808.24
851.6
734.6
799.6
796.0
791.0
766.0
636.96
369.16
313.16
274.64
268.58000000000004
218.0
193.96
161.8
187.5
167.24
188.0
164.0
172.5
153.0
166.5
187.0
218.5
236.0
263.0
220.5
271.8
239.5
250.8
264.8
225.0
211.0
186.0
203.0
187.0
178.0
172.425
157.4
179.0
175.0
188.0
168.0
183.0
150.0
156.0
179.0
181.0
216.0
205.0
209.0
221.0
219.0
204.0
213.0
195.0
195.0
210.0
192.0
187.0
178.0
180.01
163.9
193.0
169.98
175.98
165.99
149.0
193.0
283.0
502.0
764.0
783.0
862.0
766.0
794.0
807.0
786.0
767.16
639.16
445.16
375.16
328.16
260.16
222.0
193.96
164.95
183.0
184.0
184.0
179.0
180.0
187.0
288.0
519.0
796.0
776.0
840.0
769.0
787.0
813.0
788.0
766.0
671.0
474.0
367.0
300.0
263.0
226.0
193.96
164.95
180.0
202.0
167.0
197.0
189.0
201.0
298.0
526.0
784.0
786.0
876.0
734.0
797.0
813.0
785.0
795.0
660.0
456.0
316.0
296.0
251.0
230.0
223.0
164.95
201.0
185.0
202.0
190.0
186.0
214.0
290.0
524.0
775.0
809.0
850.0
747.0
815.0
812.68
799.68
785.68
688.0
475.52
352.52
284.0
238.0
222.5
246.315
164.95
193.0
176.0
190.5
182.5
175.5
199.0
304.88
527.0
778.0
786.0
861.0
738.0
819.0
803.0
793.0
774.0
669.0
385.0
300.0
250.0
225.0
215.0
246.315
157.4
187.0
175.0
180.0
182.0
175.0
160.0
172.0
216.0
285.0
302.0
280.0
251.0
288.0
283.0
283.0
288.0
243.0
197.0
186.0
195.0
175.0
176.0
179.95499999999996
157.4
166.0
162.0
175.0
167.0
167.0
168.0
160.0
197.0
270.52
264.52
267.0
260.0
264.0
251.0
254.0
256.0
226.0
197.0
189.0
198.0
172.0
179.0
179.9
166.0
185.0
167.0
179.0
175.0
165.0
184.0
297.0
488.0
811.0
822.0
889.0
776.0
809.0
834.0
798.0
809.0
673.0
428.0
351.0
295.0
259.0
231.0
246.315
416.92
414.92
412.92
413.92
408.92
415.92
426.92
455.92
516.92
554.92
546.92
594.92
590.92
545.92
539.92
544.92
788.0
673.0
416.16
402.16
289.0
259.0
242.0
246.315
217.0
184.0
196.0
204.0
186.0
200.0
200.0
308.0
512.0
775.0
801.0
851.0
776.0
813.0
775.0
765.0
745.0
568.0
372.0
275.0
236.0
185.0
185.0
246.315
153.0
158.0
171.0
154.0
154.0
161.0
154.0
148.0
162.0
179.0
168.0
213.0
187.0
167.0
152.0
151.0
170.0
144.0
152.0
178.0
152.0
148.0
171.0
149.9
152.0
158.0
148.0
160.0
159.0
146.0
143.0
155.0
155.0
160.0
230.0
241.0
245.0
196.0
185.0
208.0
179.0
167.0
179.0
172.5
168.0
161.0
157.0
162.9
150.0
157.0
162.0
141.0
164.0
151.0
144.0
142.0
160.0
192.0
193.0
199.0
181.0
192.0
205.0
208.0
185.0
175.0
173.0
167.0
168.0
166.0
153.0
155.85
171.0
152.0
145.0
164.0
159.0
159.0
190.0
286.0
511.0
780.0
774.0
775.0
704.0
769.0
759.0
765.0
750.0
628.0
475.0
335.0
280.0
230.0
204.0
246.315
182.0
183.0
176.0
180.04
179.0
168.0
199.0
306.0
531.0
810.0
833.0
872.0
798.0
832.0
831.0
839.0
804.0
688.0
445.0
340.04
322.04
245.0
231.0
246.315
194.0
192.0
192.0
184.0
199.0
177.0
214.0
282.0
491.0
812.0
832.56
898.56
791.56
831.56
825.8
812.16
802.32
683.08
567.08
415.56
356.56
253.32
227.0
246.315
190.0
189.0
196.5
181.0
196.5
176.5
206.0
310.28
530.28
807.28
838.28
907.04
808.04
865.04
840.04
832.04
799.04
696.0
424.0
323.0
291.0
240.0
224.0
246.315
197.5
189.0
196.5
181.0
196.5
176.0
198.0
285.0
526.0
806.0
822.0
882.0
783.0
827.24
826.24
808.24
798.24
691.04
488.04
359.0
318.0
260.0
238.0
246.315
205.0
186.0
201.0
178.0
194.0
177.0
209.0
278.0
527.0
824.0
835.0
904.0
818.32
859.32
838.32
855.0
813.0
712.0
484.32
369.32
284.32
227.0
215.0
246.315
173.5
164.5
169.5
165.0
171.0
158.0
155.01999999999995
154.0
189.0
228.5
207.5
205.0
201.0
207.0
217.5
219.0
252.8
226.0
198.0
198.0
179.5
186.5
169.5
163.38
173.5
164.5
169.5
165.0
171.0
158.0
166.04
166.0
189.0
228.5
222.0
211.0
221.0
222.0
230.0
963.08
958.0
951.0
845.0
566.08
439.0
373.0
321.0
266.0
253.41
216.0
220.0
239.0
228.0
226.0
206.0
232.0
388.0
666.0
940.0
962.0
1051.7199999999998
946.68
973.68
999.12
948.0
909.0
805.0
488.0
359.0
337.0
275.0
245.0
253.41
202.0
203.0
205.0
213.0
215.0
199.0
208.0
215.0
221.5
223.0
264.08
243.08
311.64
255.7
268.74
279.04
246.04
232.0
239.5
232.5
248.0
204.5
231.0
176.915
200.0
200.0
181.0
190.0
197.0
216.0
196.0
205.0
217.0
207.0
239.0
272.0
318.12
257.0
262.0
243.0
264.0
221.0
265.0
235.0
253.0
195.0
215.0
176.915
188.0
224.0
195.0
197.0
204.0
187.0
185.0
369.0
632.0
950.32
1007.32
1055.32
959.0
1006.4
973.4
994.4
967.52
843.4
585.12
426.0
474.0
309.0
258.0
253.41
231.0
211.0
227.0
241.0
217.0
223.0
240.0
350.0
625.8
957.32
1002.32
1048.12
964.12
989.12
955.44
978.44
934.44
865.44
583.44
446.64
357.0
318.0
276.0
253.41
223.5
206.0
225.0
236.5
235.0
231.0
219.0
376.0
642.0
923.0
957.0
1049.0
934.0
969.08
959.08
942.12
900.0
842.0
520.0
431.0
356.0
290.0
258.0
251.9
216.0
201.0
223.0
232.0
211.0
214.0
212.0
376.0
663.0
909.0
952.0
1045.0
937.0
948.0
971.24
924.0
906.0
812.0
512.0
364.0
343.0
317.0
253.0
249.905
217.0
211.0
194.0
213.0
195.0
214.0
206.0
342.0
599.0
905.0
929.0
1030.0
956.0
954.0
913.0
903.0
884.0
773.0
507.0
362.0
315.0
255.0
237.0
249.905
194.0
192.0
205.0
195.0
197.0
204.0
189.5
213.0
212.0
255.0
285.0
270.52
251.52
286.0
267.0
243.0
252.0
246.0
245.0
221.0
211.0
217.0
202.0
176.915
216.0
201.0
200.0
186.0
189.0
192.0
183.0
196.0
189.0
219.0
224.0
291.0
284.0
241.0
242.0
251.0
268.0
255.0
226.0
241.0
229.0
231.0
208.0
176.915
185.0
193.0
188.0
193.0
202.0
185.0
212.0
350.0
637.0
972.0
928.0
1048.0
959.0
959.12
990.0
946.0
935.0
823.0
531.0
477.16
362.0
316.0
245.0
249.905
273.24
203.5
256.24
199.0
280.24
197.0
216.5
349.24
609.24
787.24
978.0
1044.0
945.0
967.0
990.0
961.0
914.0
817.0
565.0
423.0
349.0
288.0
242.0
249.905
234.62
214.0
245.0
205.0
218.0
209.0
221.0
361.0
671.0
929.0
997.0
1063.0
956.0
967.0
974.0
955.0
922.0
808.0
522.0
427.0
387.0
310.0
239.0
249.905
234.62
214.0
228.0
215.0
213.0
211.0
225.0
394.0
677.0
940.0
979.0
1062.24
956.0
948.0
951.0
949.16
960.0
815.0
492.0
395.0
344.12
292.0
244.0
249.905
234.62
238.0
197.0
206.5
213.0
199.0
217.0
367.0
646.0
944.0
932.0
1029.0
904.0
1000.0
940.0
939.0
895.0
810.0
487.0
330.0
312.0
279.0
225.0
249.905
205.0
218.0
185.0
191.0
173.0
186.0
194.0
208.0
204.0
273.0
297.0
296.0
298.0
295.0
299.0
299.0
298.0
264.0
244.0
231.0
224.0
223.0
200.0
176.915
193.0
206.0
182.0
203.0
174.0
190.0
188.0
167.0
192.0
230.0
208.0
244.0
270.0
234.0
240.0
258.0
232.0
241.0
229.0
228.0
241.0
217.0
207.0
176.915
196.0
196.0
197.0
198.0
215.0
183.0
202.0
349.0
591.0
894.0
920.0
992.0
950.0
987.12
945.0
929.0
881.0
792.0
543.0
432.0
297.0
283.12
240.0
249.905
233.0
213.0
196.0
232.0
212.0
205.0
219.0
356.0
590.0
931.0
931.0
1040.0
946.0
989.0
996.12
960.0
952.0
855.0
567.0
455.0
356.0
291.0
248.0
249.905
218.0
231.0
227.0
218.0
228.0
220.0
255.0
378.0
622.0
950.0
998.0
1057.52
956.52
1009.0
970.0
934.0
937.0
798.0
482.0
436.0
361.0
292.0
279.0
249.905
238.0
203.0
214.0
220.0
217.0
246.0
213.0
374.0
641.0
930.0
945.0
1039.12
939.0
954.0
983.0
935.0
952.0
830.0
578.0
430.0
389.0
338.0
258.0
247.91
246.0
230.0
208.0
221.0
209.0
235.0
240.0
364.0
624.0
958.12
965.12
1018.0
972.0
950.0
941.0
980.0
923.0
812.0
498.0
432.0
361.0
325.0
246.0
251.385
207.0
242.0
204.0
204.0
209.0
188.0
221.0
245.0
228.0
260.0
286.0
284.0
251.0
315.0
276.0
300.0
288.0
257.0
257.0
246.0
238.0
225.0
218.0
176.915
221.0
233.0
198.0
186.0
212.0
199.0
190.0
216.0
223.0
208.0
217.0
292.0
268.0
241.0
220.0
217.0
242.0
231.0
211.0
228.0
241.0
221.0
215.0
176.915
202.0
199.0
211.0
215.0
199.0
188.0
215.0
345.0
691.0
965.0
1001.12
1021.64
952.0
991.0
996.0
972.08
951.0
810.0
552.12
459.0
407.0
335.0
268.0
251.385
219.5
222.5
215.5
228.5
205.5
191.0
243.28
399.28
653.28
910.28
951.28
1025.28
949.28
970.28
947.0
945.12
915.0
796.0
532.0
463.0
367.0
313.0
270.0
254.86
237.0
246.0
220.0
242.0
212.0
191.0
220.64
411.0
664.0
928.0
917.0
1003.12
922.0
949.0
933.0
936.08
900.0
745.0
453.0
401.0
298.0
288.0
222.0
258.545
204.0
211.0
205.0
192.0
216.0
213.0
190.0
222.0
201.0
226.0
214.0
295.0
280.0
224.0
259.0
234.0
223.0
238.0
204.0
242.0
211.0
212.0
184.0
176.915
211.0
188.0
183.0
199.0
194.0
170.0
193.0
187.0
241.0
251.0
216.0
324.0
309.0
253.0
232.0
228.0
261.0
225.5
213.0
216.0
209.0
190.0
195.0
176.915
199.0
199.0
226.0
185.0
199.0
185.0
181.0
195.0
204.0
213.0
219.0
237.0
218.0
224.0
234.0
231.0
249.0
213.0
222.0
213.0
223.0
205.0
198.0
176.915
208.0
204.0
197.0
196.0
199.0
194.0
198.0
365.0
667.0
905.0
947.0
1052.0
927.0
975.0
927.0
942.0
899.0
797.0
455.0
358.0
336.0
292.0
235.0
258.545
217.5
225.0
237.0
235.0
198.0
213.0
214.0
371.0
640.0
947.0
973.0
1051.0
960.24
1024.0
1002.0
978.0
978.0
872.12
642.0
518.0
365.12
311.0
275.0
262.23
217.5
227.0
236.0
254.0
220.0
238.0
221.0
412.04
626.04
928.0
1009.0
1055.0
948.0
995.0
986.0
987.0
942.0
793.0
640.12
445.0
369.0
313.0
262.0
243.27
217.5
226.0
221.0
242.0
201.0
235.0
262.0
359.0
629.0
938.0
978.0
1043.0
959.0
976.0
935.0
952.0
946.96
798.84
546.84
427.52
350.0
306.0
260.0
247.76
217.5
221.0
215.0
212.0
214.0
206.0
217.0
373.08
644.0
923.0
968.12
1028.28
932.28
972.28
940.28
911.0
895.0
808.12
516.0
411.0
342.0
300.0
245.0
252.25
217.5
214.0
217.0
213.0
231.0
242.0
215.0
378.0
629.0
873.0
896.0
989.0
881.0
877.0
947.0
863.0
875.0
786.0
495.0
388.0
352.0
273.0
241.0
251.115
203.0
201.0
215.0
195.0
205.5
192.0
189.0
196.5
222.0
228.0
223.0
249.0
240.0
223.0
237.0
254.0
222.0
225.0
233.0
216.0
219.0
216.0
206.0
176.915
207.0
203.0
204.0
205.0
212.0
199.0
197.0
198.0
200.0
210.0
236.0
249.0
244.0
235.0
239.0
220.0
252.0
220.0
235.0
245.0
220.5
207.0
215.0
176.915
227.0
207.0
217.0
221.0
197.0
193.0
200.0
401.56
596.56
882.0
961.0
1017.12
925.0
939.0
940.0
924.0
913.0
791.0
565.0
435.0
354.0
270.0
245.0
251.115
230.0
216.0
219.0
229.0
207.0
213.0
244.0
339.0
655.0
900.0
934.0
981.12
883.0
919.0
935.0
907.0
913.0
778.0
452.0
386.0
356.0
278.0
235.0
251.115
230.5
226.0
209.0
221.0
222.0
219.0
214.0
360.0
629.0
894.0
941.0
1003.0
910.0
939.32
924.32
918.4
873.56
779.56
487.56
407.08
340.2
288.08
253.5
251.115
230.5
208.0
204.5
233.0
218.0
221.5
187.0
221.0
257.0
260.0
285.0
249.0
256.0
289.52
260.52
286.0
253.0
234.0
252.0
221.0
213.0
238.0
175.41
186.0
216.0
206.0
193.0
207.0
182.0
188.0
359.0
596.0
930.12
909.12
960.0
840.0
913.0
918.0
922.0
882.0
763.0
530.0
432.0
329.0
294.0
238.0
250.86
225.0
223.0
233.0
211.0
224.0
221.0
229.0
339.0
647.0
874.0
900.0
918.0
828.0
907.0
923.0
888.0
879.0
764.0
526.0
442.0
396.0
310.12
234.0
250.335
213.0
237.0
248.0
211.0
230.0
202.0
242.0
351.0
619.0
881.0
895.0
942.0
802.0
902.0
893.0
876.08
861.0
771.0
575.0
457.0
370.0
286.0
254.0
250.335
209.0
218.0
208.0
228.0
220.0
202.0
244.0
325.0
666.68
834.68
884.0
906.0
831.0
899.0
895.0
891.12
851.0
781.0
555.0
447.0
368.0
315.0
264.0
250.335
216.0
236.0
201.0
230.0
186.0
237.0
212.0
337.0
621.0
840.12
855.0
916.0
838.0
848.0
863.0
834.0
798.0
696.0
464.0
370.0
285.0
260.0
187.0
250.335
221.0
184.0
174.0
188.0
177.0
171.0
186.0
183.0
192.0
215.0
241.0
260.0
258.0
255.0
244.0
262.0
259.0
264.0
232.0
223.0
221.0
195.0
218.0
175.41
195.0
187.0
179.0
168.0
182.0
190.0
162.0
191.0
197.0
212.0
262.0
272.0
257.0
240.0
255.0
249.0
247.0
229.0
241.0
228.0
215.0
221.0
198.0
175.41
200.0
174.0
193.0
189.0
175.0
180.0
188.0
329.0
594.0
887.0
893.0
941.0
899.08
908.0
931.0
888.0
871.0
756.12
564.0
486.0
378.0
311.0
255.0
250.335
220.0
227.0
198.0
235.0
208.0
188.0
230.0
336.0
620.0
856.0
868.0
908.0
818.0
893.08
888.0
855.0
889.0
747.0
545.0
516.0
418.0
299.0
251.0
250.335
214.5
218.0
224.0
211.0
198.0
215.0
213.0
373.0
613.12
906.0
911.0
976.0
853.0
895.12
896.0
889.0
903.0
756.0
553.0
410.0
310.0
320.0
254.0
249.81
209.0
209.0
210.0
206.0
202.0
222.0
241.0
320.0
584.0
894.0
934.0
939.0
851.0
909.0
895.12
924.0
875.0
763.0
612.0
486.0
373.2
345.0
272.0
248.875
226.0
216.0
237.0
223.0
231.0
210.0
210.0
365.0
667.0
861.0
897.0
978.0
857.0
881.0
914.0
899.0
858.0
764.0
513.0
446.0
407.12
331.0
270.0
247.94
218.0
199.0
218.0
188.0
205.0
205.0
187.0
264.0
303.0
346.0
315.0
360.0
322.0
334.0
323.0
340.0
332.12
304.0
272.0
260.0
251.0
233.0
220.0
175.41
206.0
215.0
217.0
188.0
196.0
185.0
236.0
206.0
197.0
233.0
226.0
253.0
269.0
247.0
232.0
237.0
241.0
225.0
241.0
243.0
240.0
208.0
213.0
175.41
199.0
208.0
198.0
210.0
197.0
195.0
235.0
359.0
642.0
887.0
912.0
1021.0
907.0
957.0
944.0
931.0
917.0
796.12
570.0
465.0
386.0
323.0
272.0
250.91
213.0
226.0
221.0
234.0
245.0
218.0
229.0
392.0
670.0
929.0
963.12
1042.0
916.12
929.0
951.0
941.0
915.0
779.0
592.0
437.0
398.0
323.0
253.0
253.43
229.0
207.0
218.0
226.0
218.0
230.0
214.0
372.0
654.0
882.0
936.0
986.0
883.0
892.0
925.0
909.0
898.0
773.0
562.0
494.0
364.0
314.0
265.0
255.95
226.0
218.0
220.0
220.0
228.0
204.0
228.0
410.0
616.0
891.12
930.0
956.0
837.0
896.0
900.0
904.0
868.0
777.12
484.0
442.0
384.0
315.0
292.0
244.92
220.0
209.0
222.0
243.0
221.0
216.0
208.0
360.0
612.0
860.12
896.0
898.0
809.0
863.0
878.0
868.0
836.0
712.0
484.0
395.0
304.0
291.0
203.0
255.41
192.0
210.0
196.0
215.0
224.0
178.0
204.0
199.0
244.0
282.0
309.0
301.0
285.0
275.0
277.0
258.0
276.12
247.0
200.0
250.0
198.0
225.0
205.0
175.41
190.0
209.0
209.5
207.5
223.0
190.5
215.0
199.0
249.06
302.36
314.8
346.48
312.48
295.48
288.48
298.48
284.48
294.0
233.0
240.0
240.0
215.0
221.0
175.41
183.0
192.0
182.0
187.0
207.0
195.0
181.0
339.0
598.0
902.0
922.0
1001.0
906.08
938.0
923.0
916.0
892.0
779.0
517.0
404.0
311.0
260.0
214.0
255.41
187.0
204.0
204.0
215.0
195.0
202.0
196.0
370.0
618.0
844.0
898.08
944.0
871.0
870.0
893.0
917.0
873.0
751.0
544.12
441.0
339.0
276.0
230.0
255.41
216.0
204.0
188.0
213.0
200.0
212.0
209.0
337.0
628.0
885.0
952.0
965.0
843.0
911.0
898.0
911.0
891.0
758.0
533.2
428.0
347.0
272.0
241.0
255.41
228.0
197.0
199.0
198.0
205.0
186.0
215.0
363.0
615.0
911.0
913.0
959.0
869.0
941.0
931.0
946.0
915.0
788.0
563.0
471.0
329.0
289.0
264.0
255.41
224.0
219.0
213.0
242.0
210.0
235.0
233.0
369.0
625.0
923.12
988.12
977.0
885.0
941.0
923.0
905.0
907.0
759.0
477.0
433.0
291.0
268.0
243.0
255.41
211.0
208.0
223.0
200.0
222.0
203.0
226.0
199.0
254.12
244.0
243.0
290.0
259.52
270.76
276.0
241.0
253.0
247.0
229.0
254.0
212.0
213.0
225.0
175.41
200.0
213.0
228.0
194.0
212.0
185.0
208.0
206.0
222.0
245.0
260.0
277.0
269.0
246.04
271.04
273.0
239.0
250.0
250.0
237.0
217.0
203.0
206.0
175.41
202.0
193.0
190.0
188.0
196.0
194.0
219.0
367.0
646.0
927.0
962.0
995.0
952.0
944.0
946.0
965.12
964.0
751.0
553.0
446.0
357.0
338.0
248.0
255.41
217.0
239.0
203.0
240.0
231.0
203.0
232.0
384.0
652.0
880.0
955.0
964.0
881.12
927.0
923.0
898.0
890.0
742.0
579.12
458.0
388.0
292.0
268.0
255.41
211.0
249.0
199.0
230.0
205.0
203.0
212.0
344.0
587.0
845.0
885.0
942.0
855.04
930.04
904.0
894.0
858.0
754.0
474.0
407.0
369.0
311.0
265.0
255.41
219.0
218.0
201.0
210.0
197.0
180.0
226.0
374.0
620.0
896.0
926.0
949.0
862.0
921.12
864.0
896.0
878.12
746.0
458.12
425.0
385.0
292.0
248.0
255.41
208.0
184.0
178.0
194.0
207.0
188.0
197.0
368.0
688.0
855.0
890.0
971.0
858.0
887.0
894.0
884.08
853.12
687.0
470.0
316.12
289.0
232.0
233.0
255.41
196.0
197.0
225.0
187.0
194.0
210.0
195.0
180.0
200.0
192.0
200.0
195.0
228.0
200.0
187.0
210.0
200.0
214.0
215.0
212.0
204.0
217.0
213.0
175.41
206.0
211.0
201.0
204.0
195.0
191.0
186.0
190.0
202.0
212.0
247.0
257.0
243.0
240.0
242.0
211.0
209.0
194.0
217.5
220.0
190.0
204.0
196.0
175.41
207.0
187.0
192.0
193.0
198.0
182.0
200.0
179.0
216.0
201.0
233.0
249.04
230.0
226.0
241.0
243.0
212.0
224.0
217.5
217.0
218.0
198.0
212.0
175.41
216.0
196.0
189.0
175.0
190.0
192.0
186.0
371.0
666.0
938.0
972.0
1043.0
974.0
931.0
943.0
945.0
916.08
813.0
566.0
465.0
367.0
282.0
268.0
255.41
224.0
208.0
201.0
209.0
205.0
195.0
203.0
387.0
691.84
942.04
964.84
986.84
912.84
972.84
915.72
946.64
934.64
781.64
592.64
508.64
375.64
298.64
236.0
255.41
217.0
202.0
223.0
205.5
215.5
195.0
236.0
383.0
679.0
919.0
1010.0
1040.0
916.0
1003.0
953.0
945.0
895.0
779.0
592.0
452.0
380.0
269.0
269.0
255.41
215.0
211.0
245.0
202.0
226.0
195.0
217.0
365.0
692.88
913.88
957.08
982.88
886.88
906.88
909.44
902.56
850.0
709.0
537.0
394.0
303.0
237.0
205.0
255.41
177.0
194.0
174.0
156.0
172.0
165.0
160.0
457.0
208.0
278.0
255.0
248.0
217.0
271.0
250.0
275.0
244.0
249.04
217.5
214.0
212.0
184.0
210.0
282.0
204.5
416.0
219.845
202.5
182.54
190.0
177.5
577.0
183.0
202.0
279.0
512.0
788.0
798.0
869.0
778.0
835.0
805.0
802.0
768.0
617.0
432.0
353.0
278.0
248.0
219.0
219.845
202.5
168.08
189.0
173.0
179.0
170.0
217.0
278.0
517.0
788.0
770.0
847.0
744.0
829.0
770.0
779.0
758.0
620.0
445.0
335.0
320.0
278.0
233.0
219.845
195.0
187.0
179.0
175.0
181.0
166.0
202.0
289.0
551.0
805.0
241.0
865.0
776.0
849.0
827.0
803.0
801.0
671.0
464.0
388.0
324.0
255.0
217.0
219.845
196.0
192.0
176.0
182.5
178.0
184.0
211.0
285.0
506.0
807.0
810.0
883.0
808.0
844.0
814.0
810.0
783.0
640.0
411.0
331.0
282.0
230.0
200.0
219.845
182.0
196.0
178.0
164.0
190.0
158.0
192.0
179.0
207.0
304.0
332.0
315.0
262.0
306.0
342.0
306.0
319.0
293.0
222.0
213.0
193.0
199.0
194.0
158.87
184.0
186.0
166.0
192.0
188.0
162.0
181.0
192.0
241.0
295.0
299.0
316.0
274.0
317.0
318.0
312.0
323.0
277.0
251.0
212.0
212.0
206.0
187.0
158.87
182.0
181.0
175.0
190.0
176.0
182.0
204.0
294.0
538.0
808.0
819.0
902.0
830.0
849.0
842.0
835.0
802.0
655.0
451.0
366.0
303.0
225.0
220.0
219.845
203.0
197.0
166.52
191.5
178.5
193.5
207.0
295.0
536.68
813.68
803.68
866.0
777.0
821.0
832.0
806.0
779.0
681.0
493.0
379.0
317.0
245.0
218.0
219.845
200.0
190.0
199.0
193.0
181.0
205.0
205.0
277.0
513.0
734.0
771.0
837.0
790.0
796.0
758.0
775.0
745.0
614.0
405.0
326.0
281.0
222.0
225.0
169.86
193.5
190.0
182.5
242.68
221.59
180.38
271.52
304.84
484.36
689.36
753.52
748.52
657.64
724.16
735.16
711.16
725.16
622.76
443.76
386.4
311.4
284.4
272.76
206.395
187.0
190.0
182.5
266.84000000000003
221.59
180.38
135.8
283.42
151.0
676.52
790.76
812.26
556.0
763.0
1011.0
702.0
779.0
624.0
357.0
259.0
241.0
203.0
241.38
206.395
359.52
150.52
164.18
263.0
175.0
241.0
157.0
164.0
202.0
252.0
255.0
261.0
223.0
246.0
248.0
254.0
238.0
214.0
205.0
198.0
185.0
188.0
168.0
158.87
263.3
158.76
162.36
217.0
175.0
203.0
159.36
159.0
178.5
221.0
213.5
242.5
237.0
211.0
225.5
221.5
216.0
190.5
189.5
188.0
173.0
178.0
174.5
158.87
173.0
192.0
166.0
266.84000000000003
221.59
155.76
205.99
262.0
524.0
795.0
828.0
876.0
779.0
829.0
364.0
721.5
793.0
651.0
444.0
333.0
286.0
228.0
210.0
206.395
220.09
202.0
212.1
291.0
221.59
140.0
205.99
285.6
951.0
805.0
759.0
831.0
284.0
769.0899999999998
790.0
741.0
777.0
634.0
430.0
328.0
288.0
249.0
203.0
206.395
267.18
264.18
258.2
260.18
262.18
257.18
276.18
309.2
512.18
698.18
719.18
722.18
614.2
709.18
700.18
584.18
454.18
494.2
660.18
263.18
348.0
227.0
194.0
206.395
263.3
167.0
164.0
171.0
162.0
165.0
166.0
154.0
155.0
190.0
172.0
224.0
251.0
176.0
203.0
189.0
194.0
167.0
174.0
178.0
161.0
168.0
181.0
147.84
167.08
176.0
150.0
171.0
178.0
154.0
165.0
162.0
170.0
189.0
205.0
229.0
255.0
197.0
201.0
176.0
210.0
187.0
170.0
176.0
188.0
160.0
184.0
149.385
155.08
177.0
160.0
170.0
170.0
153.0
152.0
162.0
160.0
178.0
190.0
183.0
204.0
178.0
199.0
218.0
190.0
179.0
198.0
187.0
170.0
178.0
179.0
150.93
160.0
190.0
149.0
164.0
177.0
161.0
188.0
281.0
507.0
731.0
790.0
818.0
748.0
838.0
824.0
815.0
805.0
656.0
429.0
357.0
317.0
286.0
228.0
242.93
230.0
239.0
197.0
244.0
212.0
223.0
242.0
315.0
577.0
778.0
803.0
636.0
979.0
625.0
946.0
777.0
777.0
625.0
425.0
230.0
301.0
250.5
413.0
193.41
202.0
206.0
450.0
477.0
191.5
248.0
144.0
234.0
242.0
207.0
206.0
243.0
230.0
709.0
684.0
718.0
699.0
612.0
430.0
354.0
285.0
215.0
214.0
193.41
174.0
173.0
180.0
173.0
171.0
180.0
179.0
222.0
409.0
682.0
490.0
823.0
719.0
793.0
796.0
768.0
772.0
634.0
449.0
376.0
310.0
242.0
222.0
193.41
167.0
174.0
188.0
167.0
173.0
181.0
197.0
251.0
461.0
745.0
774.0
827.0
743.0
769.0
743.0
773.0
761.0
681.0
468.0
418.0
312.0
242.0
232.0
193.41
177.0
166.0
190.0
160.0
164.0
186.0
182.0
252.0
439.0
745.0
791.0
833.0
749.0
778.0
758.0
764.0
723.0
639.0
382.0
341.0
262.0
223.0
212.0
193.41
178.0
174.0
172.0
153.0
194.0
167.0
155.0
168.0
185.0
244.0
251.0
260.0
246.0
268.0
271.0
265.0
260.0
213.0
192.0
199.0
202.0
164.0
177.5
160.42000000000004
168.0
161.0
172.0
146.5
161.0
181.0
166.0
177.0
201.0
246.0
280.0
308.0
237.0
287.0
287.0
321.0
286.0
236.0
223.0
185.0
172.0
191.0
176.0
169.91
160.0
165.0
168.0
153.0
181.0
152.0
180.0
284.0
437.0
753.0
807.0
883.0
799.0
826.0
813.0
811.0
801.0
701.0
465.0
411.0
353.0
260.0
247.0
193.41
191.0
188.0
178.0
175.0
205.0
156.0
208.0
264.0
480.0
772.0
806.0
882.0
780.0
815.0
799.0
814.0
789.0
687.0
487.0
438.0
354.0
266.0
248.0
193.41
183.0
198.0
161.0
200.0
168.0
186.0
188.0
267.0
522.0
779.0
839.0
894.0
837.0
838.0
808.0
805.0
798.0
703.0
477.0
454.0
365.0
292.0
271.0
193.41
224.0
203.0
188.0
191.0
192.0
189.0
214.0
264.0
469.0
792.0
811.0
873.0
775.0
809.0
778.0
761.0
758.0
645.0
449.0
373.0
334.0
268.0
243.0
193.41
184.0
192.0
208.0
183.0
203.0
163.5
191.0
266.0
475.0
734.0
764.0
835.0
768.0
758.0
702.0
688.0
568.0
484.0
337.0
256.0
242.0
222.0
159.0
143.89
171.0
147.0
161.0
146.5
146.0
140.0
130.0
135.0
132.0
148.0
161.0
171.0
151.56
161.56
165.0
173.0
148.0
165.0
161.0
131.0
162.0
154.0
129.0
145.87
136.0
133.0
154.0
140.0
132.0
147.0
129.5
136.0
148.0
189.0
181.0
171.0
194.0
205.0
188.0
182.0
182.0
156.0
134.0
158.0
162.0
137.0
136.0
159.84
138.04
148.04
145.0
139.0
150.0
136.0
129.0
137.0
144.0
162.0
151.0
211.0
197.0
180.0
171.0
186.0
162.0
141.0
145.0
175.0
146.0
140.0
137.0
155.88
133.0
138.0
146.0
146.0
135.0
133.0
131.0
138.0
132.0
148.0
167.0
192.0
200.0
187.0
162.0
172.5
161.0
175.0
140.0
148.0
150.0
145.0
137.0
138.86
135.0
133.0
159.0
134.0
141.0
135.5
141.0
139.0
149.08
168.08
188.0
208.0
200.0
183.0
193.0
159.0
172.0
192.0
151.0
172.0
133.0
159.0
152.0
140.9
159.0
138.0
148.0
142.0
150.0
138.0
138.0
129.0
137.0
160.0
177.0
211.0
207.0
175.0
178.0
175.0
155.0
180.0
156.0
158.0
139.0
155.0
129.0
163.82
164.5
137.0
151.0
148.0
147.0
129.0
144.5
142.0
140.0
189.0
179.0
242.0
235.0
217.0
187.0
200.0
196.0
186.0
173.5
158.08
171.0
151.0
139.0
149.87
136.0
137.0
143.0
141.0
134.0
138.0
191.0
246.5
409.56
694.0
725.0
751.0
648.0
724.0
698.0
709.0
695.0
562.0
348.0
275.0
263.0
220.0
188.0
143.89
173.0
151.0
162.0
168.0
151.0
166.0
168.0
227.0
429.0
689.0
687.0
750.0
635.0
697.0
685.0
709.0
679.0
574.0
323.0
271.0
244.0
244.0
196.0
143.89
178.0
165.0
181.0
173.0
170.0
167.04
171.0
251.0
438.0
702.2
714.4
743.4
412.0
338.0
295.0
246.0
236.0
180.94
171.0
174.0
173.0
173.0
171.0
170.0
181.0
283.0
510.0
814.0
831.0
858.0
757.0
816.0
809.0
800.0
784.0
678.0
443.0
361.0
306.0
274.0
249.0
180.94
194.0
177.0
160.0
182.0
161.0
159.0
184.0
275.0
514.0
803.0
801.0
860.0
739.0
795.0
787.0
751.0
761.0
631.0
460.0
318.0
255.0
230.0
202.0
180.94
163.5
162.0
179.0
168.5
148.0
174.0
152.0
158.0
170.0
184.0
194.0
204.0
197.0
210.0
199.0
215.0
186.0
183.0
172.0
194.5
196.0
174.0
164.0
165.9
165.0
162.0
159.0
165.0
154.0
158.0
151.0
165.0
161.0
170.0
173.0
194.0
170.0
172.0
195.0
184.0
189.0
184.0
170.0
196.0
174.0
170.0
144.0
165.87
162.0
168.5
153.0
156.0
164.0
150.0
159.0
160.0
143.0
171.0
196.0
204.0
188.0
189.5
209.0
200.0
203.0
196.5
185.5
186.5
183.5
174.2
158.5
164.39
192.0
178.5
172.0
174.2
166.0
162.5
158.2
261.2
432.2
628.2
819.0
808.0
707.0
825.0
785.0
790.0
760.0
668.0
461.0
356.0
286.0
232.0
215.0
180.94
190.0
180.0
184.0
164.0
171.0
166.0
167.0
299.0
540.68
760.68
819.0
854.0
748.0
826.0
800.0
787.0
773.0
653.0
447.0
331.0
315.0
245.0
221.0
180.94
184.0
184.0
173.0
162.0
175.0
170.0
177.0
284.0
512.0
788.0
824.0
847.0
736.0
805.0
790.0
781.0
757.0
638.0
441.0
339.0
281.0
244.0
232.0
180.94
178.0
199.0
164.0
187.0
167.5
175.0
205.0
300.56
497.56
719.52
760.52
794.48
706.16
738.16
729.16
725.48
710.48
613.68
447.68
290.0
253.0
232.0
205.0
180.94
160.0
175.0
155.84
156.5
156.84
162.84
161.84
165.84
161.0
213.0
219.0
214.0
206.0
207.0
223.0
216.0
217.0
209.0
201.0
177.0
193.0
174.0
173.0
162.91
164.0
172.0
166.0
157.0
177.0
155.52
140.52
174.0
157.68
233.115
234.615
233.615
223.5
225.12
243.08
218.5
196.0
197.0
206.0
181.5
189.0
181.0
175.5
160.89999999999995
166.52
156.52
165.52
166.52
160.0
164.0
179.0
272.0
469.0
727.0
786.0
798.0
717.0
768.0
765.0
746.0
745.0
610.0
455.0
343.0
317.0
237.0
225.0
180.94
206.0
193.0
181.0
181.0
190.0
183.0
175.0
307.0
510.0
730.0
796.0
806.0
747.0
759.0
766.0
766.0
768.0
620.0
424.0
357.0
253.0
214.0
194.0
180.94
197.0
164.0
178.0
165.0
176.0
177.0
171.0
305.0
516.0
732.0
780.0
823.0
713.0
774.0
761.0
762.0
742.0
611.0
420.0
325.52
296.52
262.0
200.0
180.94
186.0
181.0
173.0
176.0
165.0
190.0
171.0
303.0
508.0
745.0
789.0
841.0
726.0
797.0
761.0
757.0
773.0
645.0
433.0
326.0
274.0
242.0
203.0
175.88
182.0
173.0
195.0
166.0
175.0
175.0
184.0
283.0
502.0
749.0
740.0
793.0
697.0
739.0
713.0
721.0
700.0
577.0
399.0
312.0
272.0
229.0
226.0
170.39999999999995
159.14
172.0
170.5
159.5
169.5
164.26
146.76
177.5
156.84
253.23
250.23
253.23
223.5
243.24
263.16
218.5
239.0
210.0
211.0
186.0
185.0
188.0
175.5
160.89999999999995
154.28
172.0
175.0
162.0
162.0
173.0
153.0
181.0
156.0
205.0
217.0
210.0
241.0
215.0
213.0
221.0
232.0
213.0
208.0
189.0
193.0
176.0
178.0
160.89999999999995
160.24
168.0
160.0
171.0
175.0
164.0
172.0
273.0
470.0
757.0
742.0
777.0
708.0
756.0
762.0
765.0
758.0
648.0
462.0
351.0
287.0
251.0
224.0
170.39999999999995
188.0
159.0
171.0
172.0
161.0
165.0
177.0
283.0
505.0
761.0
785.0
791.0
689.0
781.0
771.0
769.0
757.0
623.0
447.0
334.0
281.0
218.0
224.0
170.39999999999995
175.0
183.0
159.0
176.0
188.0
166.0
198.0
281.0
529.0
768.0
778.0
830.0
721.0
797.0
784.0
778.0
755.0
644.0
397.0
352.0
286.0
249.0
215.0
170.39999999999995
187.0
165.0
183.0
166.0
178.0
171.0
186.0
280.0
523.0
740.0
764.0
810.0
725.0
758.0
768.0
765.0
751.0
650.0
423.0
310.0
266.0
232.0
214.0
170.39999999999995
193.0
176.0
187.0
174.0
166.0
176.0
186.0
277.0
519.0
745.0
750.0
794.0
723.0
745.0
618.0
612.0
623.0
533.0
389.0
354.0
297.0
229.0
214.0
170.39999999999995
189.0
187.0
188.0
188.0
179.0
195.0
172.0
195.0
205.0
261.0
263.0
281.0
247.0
283.0
274.0
273.0
264.0
241.0
194.0
209.0
205.0
217.0
183.0
160.89999999999995
194.0
191.0
186.0
188.0
178.0
186.0
192.0
181.0
186.0
246.0
257.0
262.0
250.0
261.0
270.0
248.0
291.0
231.0
213.0
202.0
179.0
198.0
187.0
160.89999999999995
177.0
187.0
176.0
200.0
178.0
176.0
195.0
255.0
432.0
603.0
778.0
815.0
753.0
790.0
791.0
782.0
778.0
666.0
426.0
353.0
303.0
240.0
208.0
170.39999999999995
180.0
164.0
178.0
162.0
166.0
182.0
168.0
280.0
527.0
787.0
790.0
840.0
727.0
790.0
789.0
769.0
756.0
629.0
445.0
367.0
332.0
263.0
222.0
170.39999999999995
173.0
178.0
160.0
190.0
159.0
146.0
209.0
273.0
510.0
763.0
786.0
821.0
720.0
775.0
759.0
755.0
755.0
637.0
420.0
356.0
318.0
255.0
260.0
170.39999999999995
178.0
167.0
175.0
170.0
174.0
156.0
187.0
266.0
508.0
771.0
745.0
816.0
713.0
772.0
765.0
740.0
750.0
611.0
437.0
387.0
316.0
272.0
219.0
170.39999999999995
184.0
177.0
186.0
173.0
170.0
179.0
178.0
267.0
478.0
748.0
776.0
801.0
699.0
758.0
731.0
737.0
701.0
602.0
419.0
358.0
285.0
245.0
214.0
170.39999999999995
180.0
179.0
164.0
167.0
182.0
153.0
171.0
167.0
167.0
209.0
203.0
217.0
199.0
211.0
222.0
213.0
213.0
207.0
193.0
189.0
178.0
194.0
177.0
158.89
182.0
158.0
172.0
168.0
161.0
177.0
165.0
155.0
157.0
196.0
201.0
191.0
216.0
182.0
192.0
207.0
202.0
191.0
189.0
189.0
173.0
186.5
181.0
161.87
180.5
155.5
160.0
181.0
170.0
158.0
168.0
172.0
171.0
192.0
216.0
247.0
249.0
228.0
210.0
223.0
216.0
207.0
189.0
192.0
202.0
179.0
185.0
166.88
187.5
186.5
181.0
173.0
180.5
183.5
172.5
284.32
471.32
675.32
685.32
804.0
711.0
786.0
780.0
768.0
772.0
650.0
490.0
338.0
281.0
268.0
227.0
170.39999999999995
191.0
196.0
176.0
176.0
191.0
183.5
167.0
293.0
510.0
755.0
775.0
819.0
718.0
766.0
751.0
786.0
763.0
657.0
446.0
357.0
296.0
250.0
222.0
170.39999999999995
184.0
190.0
164.0
187.0
155.0
183.5
190.0
281.0
508.0
793.0
799.0
849.0
749.0
810.0
813.0
807.0
783.0
662.0
462.0
349.0
294.0
268.0
252.0
170.39999999999995
203.0
193.0
189.0
195.0
189.0
188.0
193.0
281.0
514.0
796.0
796.0
887.0
773.0
806.0
817.0
815.0
787.0
667.0
441.0
340.0
272.0
182.0
183.0
164.92
179.0
153.0
161.0
154.0
149.0
149.0
168.0
152.0
176.0
190.0
196.0
216.0
184.0
220.0
196.0
200.0
207.0
190.0
185.0
188.0
175.0
154.0
164.0
155.93
151.0
156.0
162.0
158.0
150.0
144.0
165.0
133.0
154.0
178.0
172.0
197.0
174.0
200.0
188.0
186.0
212.0
164.0
201.0
184.0
166.0
164.0
149.0
160.385
137.0
156.0
158.0
152.0
153.0
154.0
162.0
259.0
477.0
782.0
821.0
870.0
753.0
828.0
808.0
809.0
796.0
674.0
435.0
374.0
317.0
256.0
232.0
193.96
183.0
200.0
172.0
166.0
192.0
168.0
192.0
305.0
497.0
793.0
807.0
834.0
741.0
809.0
790.0
829.0
773.0
650.0
430.0
362.0
291.0
254.0
212.0
193.96
174.0
189.0
171.0
176.0
181.0
167.0
184.0
284.0
494.0
765.0
252.5
237.5
222.5
216.5
207.0
216.5
189.0
187.0
200.0
204.0
179.0
186.0
210.0
321.0
581.0
887.0
897.0
926.0
817.0
867.0
871.12
914.0
867.0
766.0
527.0
451.0
365.0
295.0
240.0
268.885
208.0
231.0
197.0
226.0
219.0
221.0
200.0
330.0
564.0
844.0
882.0
935.0
824.0
856.0
917.0
863.0
865.12
756.0
556.0
447.0
366.0
298.0
250.0
268.885
216.0
255.0
213.0
229.0
198.0
210.0
202.0
362.0
590.0
864.0
861.0
936.0
850.0
867.0
915.0
861.0
872.0
793.08
555.52
464.52
421.0
306.0
278.0
279.82
240.0
212.0
207.0
223.0
223.0
222.0
225.0
348.0
597.0
862.0
859.0
939.0
842.0
898.0
892.0
903.0
886.12
792.0
576.0
497.0
379.0
281.0
257.0
261.32
226.0
219.0
211.0
238.0
202.0
202.0
223.0
357.0
596.0
891.0
908.0
945.0
889.0
895.0
903.0
865.0
867.0
756.0
491.0
399.0
301.0
254.0
226.0
261.32
205.0
210.0
208.0
200.0
193.0
194.0
204.0
178.0
213.0
238.0
260.0
246.0
237.0
266.0
261.0
323.0
327.0
294.0
274.0
251.0
226.0
227.0
215.0
216.5
209.0
216.5
212.5
188.0
198.0
199.0
198.0
187.0
246.0
281.0
262.0
324.0
319.0
304.0
344.0
326.0
308.0
286.0
237.0
188.0
226.0
181.0
205.0
216.5
217.0
175.0
184.0
171.0
183.0
190.0
197.0
294.0
556.12
842.0
902.0
919.0
839.0
899.0
922.0
895.0
882.08
774.0
608.0
494.0
358.0
318.0
255.0
242.82
217.0
214.0
220.0
212.0
226.0
208.0
230.0
332.0
562.0
884.0
889.0
951.0
818.0
898.0
914.0
859.0
883.0
760.0
573.0
422.0
349.0
260.0
247.0
250.32
217.0
202.0
212.0
222.0
226.0
213.0
207.0
360.12
587.0
852.0
895.0
929.0
816.0
875.0
895.0
868.0
863.0
773.0
575.0
468.0
350.0
269.0
250.0
250.32
217.0
238.0
218.0
232.0
231.0
227.0
200.0
372.0
589.0
896.0
913.08
954.0
841.12
909.0
894.0
899.0
887.0
800.0
550.0
451.0
407.0
280.0
270.0
250.32
208.0
249.0
236.0
233.0
216.0
204.0
216.0
348.0
589.0
893.04
905.04
939.0
833.0
871.0
891.0
891.0
853.0
750.0
501.0
408.0
327.0
267.0
247.0
250.32
213.0
223.0
217.0
215.0
219.0
206.0
189.0
242.0
263.0
319.0
304.0
337.0
304.0
312.0
321.0
314.0
272.0
292.0
224.0
249.0
241.0
220.0
203.0
216.5
221.0
199.0
189.0
203.0
241.0
201.0
197.0
220.0
193.0
220.0
213.0
270.0
221.0
257.0
233.0
240.0
232.0
244.0
223.0
234.0
225.0
214.0
203.0
216.5
221.0
210.0
208.0
224.0
189.0
212.0
186.0
330.0
591.0
870.0
905.0
940.0
860.0
895.0
893.0
925.0
885.0
771.0
545.0
410.0
319.0
308.0
204.0
250.32
211.0
232.0
205.0
225.0
193.0
217.0
216.0
316.0
602.0
877.0
912.0
945.0
842.0
945.0
889.0
901.0
916.0
730.0
518.0
422.0
347.0
287.0
264.0
250.32
234.0
220.0
227.0
193.0
208.0
170.0
227.0
310.0
536.0
872.0
861.0
898.0
827.0
880.0
877.0
837.0
892.0
757.0
483.0
437.0
341.0
295.0
222.0
250.32
231.0
226.0
207.0
204.0
230.0
215.0
184.0
341.0
554.0
863.0
881.0
949.0
830.0
903.0
877.0
889.0
835.0
738.0
548.0
475.0
403.0
287.0
243.0
257.82
220.0
207.0
198.0
204.0
198.0
185.0
224.0
324.0
552.0
893.0
883.0
901.0
758.0
837.0
785.0
767.0
792.0
646.0
484.0
416.0
311.0
263.08
240.5
251.475
228.0
212.0
196.0
209.0
231.0
197.0
233.0
232.0
209.0
307.0
313.0
331.0
311.0
313.0
330.0
314.0
320.12
310.0
257.0
221.0
240.0
234.0
202.0
216.5
206.0
218.0
199.0
197.0
206.0
204.0
225.0
217.0
204.0
214.0
241.0
254.0
253.0
239.0
248.0
248.0
251.0
244.0
259.0
267.0
213.0
241.0
221.0
216.5
223.0
184.0
230.0
206.0
210.0
197.0
191.0
318.0
606.0
855.0
899.0
964.0
841.0
895.0
884.0
894.0
879.0
783.0
570.0
536.0
376.0
248.0
238.0
251.475
227.0
206.0
211.0
216.5
213.0
210.5
209.0
304.04
596.0
897.0
884.0
947.0
810.0
939.0
896.0
888.0
886.0
752.0
619.0
474.0
374.0
312.0
249.0
245.13
227.0
228.0
192.0
227.0
216.0
224.0
227.0
331.0
645.0
886.32
907.44
946.32
858.0
898.0
911.0
910.56
888.56
777.08
589.08
426.04
321.44
277.44
247.0
268.805
231.0
202.0
220.0
200.0
239.0
199.0
205.0
321.0
616.0
877.0
914.0
989.0
833.0
912.0
898.0
905.0
887.0
763.0
552.0
446.0
377.0
255.0
256.0
268.805
244.76
205.0
214.5
194.5
219.5
231.0
218.0
303.0
567.0
901.0
944.0
988.0
882.0
898.0
889.0
923.0
881.0
745.0
540.0
406.0
320.0
293.0
265.0
268.805
205.0
213.5
206.5
196.5
203.0
203.5
205.0
208.0
231.26
258.92
271.92
295.92
255.92
288.02
277.92
267.92
291.92
255.92
247.92
261.22
218.5
225.5
220.5
216.5
205.0
213.5
206.5
196.5
203.0
203.5
205.0
208.0
231.26
278.22
266.44
273.44
288.96
288.02
265.44
317.98
271.44
287.96
252.44
255.44
218.5
225.5
220.5
216.5
244.76
205.0
214.5
194.5
219.5
228.5
196.5
329.92
591.92
922.92
893.92
947.92
866.92
901.92
928.92
907.92
919.92
784.92
573.92
472.92
378.92
315.92
265.0
268.805
244.76
208.0
209.0
189.0
200.0
226.0
175.0
371.0
596.0
879.08
921.84
911.28
871.28
924.76
914.0
899.0
892.0
768.32
561.32
486.32
359.0
292.0
265.0
268.805
244.76
264.56
236.94
229.44
226.44
239.44
257.68
380.88
616.88
857.88
915.88
890.88
845.36
839.49
862.88
822.89
864.88
811.88
615.89
504.6
379.6
348.61
326.6
292.48
258.52
259.22
236.94
229.44
226.44
239.44
256.88
363.56
585.6
812.8
878.8
883.8
809.8
832.8
824.8
864.8
843.8
766.8
611.8
506.8
405.8
314.8
317.8
296.07
250.28
253.88
264.88
269.88
252.88
252.88
251.88
376.88
575.88
839.88
839.88
896.28
806.28
837.28
801.28
847.28
821.88
731.08
503.76
450.76
341.76
324.08
292.88
255.89
205.0
213.5
206.5
196.5
203.0
203.5
205.0
208.0
258.52
297.52
318.52
375.0
322.0
337.04
340.04
368.04
345.04
320.0
266.0
258.0
224.0
210.0
220.0
216.5
205.0
213.5
206.5
196.5
203.0
203.5
205.0
208.0
242.76
254.76
282.56
298.56
289.56
292.56
307.56
283.56
312.56
275.56
249.0
249.0
227.0
216.0
205.5
216.5
281.72
307.92
278.96
292.96
275.96
295.96
259.96
360.96
540.96
784.96
850.96
859.96
790.96
856.96
852.96
828.96
833.96
790.04
632.96
566.96
444.96
334.96
336.96
324.86
269.86
231.0
251.48
260.48
245.98
250.98
242.48
327.0
620.0
907.0
928.0
957.0
905.0
940.0
957.0
950.0
897.0
827.0
590.0
485.0
423.0
344.0
298.0
291.44
258.0
219.0
224.0
228.0
216.0
206.0
225.0
379.0
606.0
913.0
912.0
960.0
886.0
948.0
906.0
918.0
894.0
768.0
568.0
409.0
360.0
284.0
254.0
291.44
264.0
210.0
216.0
213.0
232.0
203.0
238.0
379.0
607.0
864.0
906.0
935.0
854.0
865.0
895.0
864.0
853.0
760.0
533.0
414.0
351.52
270.52
270.0
258.02
234.5
207.0
229.0
210.0
213.5
208.0
249.76
340.0
645.0
819.0
889.0
915.0
891.0
899.0
850.0
858.0
878.76
727.76
491.76
354.76
294.52
278.52
204.0
252.96
204.0
209.0
214.0
196.0
200.0
203.0
185.0
199.0
227.0
212.0
229.0
228.0
233.0
207.0
246.0
214.0
225.0
243.0
232.0
240.0
230.0
222.0
191.0
216.5
221.0
203.0
206.0
197.0
194.0
197.0
191.0
207.0
177.0
232.0
843.0
911.0
898.0
911.0
891.0
758.0
533.2
428.0
347.0
272.0
241.0
255.41
228.0
197.0
199.0
198.0
205.0
186.0
215.0
363.0
615.0
911.0
913.0
959.0
869.0
941.0
931.0
946.0
915.0
788.0
563.0
471.0
329.0
289.0
264.0
255.41
224.0
219.0
213.0
242.0
210.0
235.0
233.0
369.0
625.0
923.12
988.12
977.0
885.0
941.0
923.0
905.0
907.0
759.0
477.0
433.0
291.0
268.0
243.0
255.41
211.0
208.0
223.0
200.0
222.0
203.0
226.0
199.0
254.12
244.0
243.0
290.0
259.52
270.76
276.0
241.0
253.0
247.0
229.0
254.0
212.0
213.0
225.0
175.41
200.0
213.0
228.0
194.0
212.0
185.0
208.0
206.0
222.0
245.0
260.0
277.0
269.0
246.04
271.04
273.0
239.0
250.0
250.0
237.0
217.0
203.0
206.0
175.41
202.0
193.0
190.0
188.0
196.0
194.0
219.0
367.0
646.0
927.0
962.0
995.0
952.0
944.0
946.0
965.12
964.0
751.0
553.0
446.0
357.0
338.0
248.0
255.41
217.0
239.0
203.0
240.0
231.0
203.0
232.0
384.0
652.0
880.0
955.0
964.0
881.12
927.0
923.0
898.0
890.0
742.0
579.12
458.0
388.0
292.0
268.0
255.41
211.0
249.0
199.0
230.0
205.0
203.0
212.0
344.0
587.0
845.0
885.0
942.0
855.04
930.04
904.0
894.0
858.0
754.0
474.0
407.0
369.0
311.0
265.0
255.41
219.0
218.0
201.0
210.0
197.0
180.0
226.0
374.0
620.0
896.0
926.0
949.0
862.0
921.12
864.0
896.0
878.12
746.0
458.12
425.0
385.0
292.0
248.0
255.41
208.0
184.0
178.0
194.0
207.0
188.0
197.0
368.0
688.0
855.0
890.0
971.0
858.0
887.0
894.0
884.08
853.12
687.0
470.0
316.12
289.0
232.0
233.0
255.41
196.0
197.0
225.0
187.0
194.0
210.0
195.0
180.0
200.0
192.0
200.0
195.0
228.0
200.0
187.0
210.0
200.0
214.0
215.0
212.0
204.0
217.0
213.0
175.41
206.0
211.0
201.0
204.0
195.0
191.0
186.0
190.0
202.0
212.0
247.0
257.0
243.0
240.0
242.0
211.0
209.0
194.0
217.5
220.0
190.0
204.0
196.0
175.41
207.0
187.0
192.0
193.0
198.0
182.0
200.0
179.0
216.0
201.0
233.0
249.04
230.0
226.0
241.0
243.0
212.0
224.0
217.5
217.0
218.0
198.0
212.0
175.41
216.0
196.0
189.0
175.0
190.0
192.0
186.0
371.0
666.0
938.0
972.0
1043.0
974.0
931.0
943.0
945.0
916.08
813.0
566.0
465.0
367.0
282.0
268.0
255.41
224.0
208.0
201.0
209.0
205.0
195.0
203.0
387.0
691.84
942.04
964.84
986.84
912.84
972.84
915.72
946.64
934.64
781.64
592.64
508.64
375.64
298.64
236.0
255.41
217.0
202.0
223.0
205.5
215.5
195.0
236.0
383.0
679.0
919.0
1010.0
1040.0
916.0
1003.0
953.0
945.0
895.0
779.0
592.0
452.0
380.0
269.0
269.0
255.41
215.0
211.0
245.0
202.0
226.0
195.0
217.0
365.0
692.88
913.88
957.08
982.88
886.88
906.88
909.44
902.56
850.0
709.0
537.0
394.0
303.0
237.0
205.0
255.41
177.0
194.0
174.0
156.0
172.0
165.0
160.0
457.0
208.0
278.0
255.0
248.0
217.0
271.0
250.0
275.0
244.0
249.04
217.5
214.0
212.0
184.0
210.0
179.88
188.0
201.0
198.0
180.0
180.0
184.0
178.0
182.0
196.0
250.0
281.0
280.0
278.0
250.0
246.0
261.0
261.0
255.0
220.0
205.0
222.0
182.0
204.0
176.915
187.0
179.0
182.0
189.0
180.0
174.0
223.0
332.0
650.12
925.16
974.16
1000.28
885.16
943.16
921.16
942.0
893.0
778.0
527.0
419.0
374.0
328.0
260.0
265.9
215.0
223.0
234.0
232.0
205.0
216.0
232.0
398.0
691.0
923.12
1006.11
1040.0
969.0
1004.0
935.0
952.0
928.0
783.0
510.0
443.0
396.0
357.12
292.0
260.81
217.0
226.0
230.0
217.0
209.0
216.0
222.0
384.0
606.0
915.0
928.0
970.0
911.0
969.0
913.0
890.0
918.0
733.0
498.0
443.0
372.0
312.0
285.0
260.81
225.0
225.5
224.5
206.0
201.0
196.0
234.0
394.0
643.12
929.0
927.0
1001.0
941.0
923.0
907.08
890.0
882.0
736.0
539.0
428.0
408.0
364.0
263.0
255.72
225.0
225.0
219.0
251.0
221.0
225.0
237.0
380.0
672.0
930.0
969.0
1023.0
911.0
937.0
969.0
931.12
911.0
759.0
501.0
397.0
352.0
302.0
271.0
252.36
206.0
207.0
205.5
196.0
201.0
192.0
202.0
216.0
286.0
301.0
297.0
316.0
309.0
300.0
303.0
311.0
285.0
309.0
238.0
225.0
239.0
209.0
236.0
176.915
206.0
213.0
213.0
216.0
193.0
198.0
186.0
230.0
246.0
310.0
324.0
355.0
308.0
289.0
270.0
287.0
275.0
279.0
240.0
245.0
256.0
217.0
210.0
176.915
225.0
194.0
207.0
192.0
199.0
205.0
217.0
376.0
605.0
852.0
929.0
929.0
852.52
887.52
864.12
873.0
867.52
696.52
519.44
452.44
331.44
287.76
261.0
252.36
225.0
200.5
216.5
205.5
201.0
211.5
250.6
347.6
620.6
805.6
839.6
889.0
875.0
833.0
841.0
842.0
836.0
669.0
489.0
411.0
327.0
276.0
263.0
252.36
225.0
207.0
226.0
219.0
203.0
218.0
249.0
386.0
631.0
830.0
832.0
916.0
875.12
844.0
861.0
848.08
824.0
686.12
478.6
370.6
363.0
276.0
282.0
252.36
233.0
213.0
211.0
236.0
212.0
236.0
220.0
383.0
650.0
839.0
882.0
924.0
881.0
889.0
850.0
854.0
834.0
689.0
505.0
416.0
332.0
311.0
256.0
252.36
236.0
247.0
211.0
203.0
231.0
233.0
259.0
351.0
662.0
888.0
876.0
972.12
873.0
898.0
837.0
832.0
839.0
665.0
497.0
382.0
325.0
299.0
232.0
252.36
224.0
212.0
210.0
218.0
206.0
233.0
196.0
190.0
205.0
212.0
219.0
220.0
224.0
229.0
215.0
218.0
228.0
225.0
215.0
222.0
203.0
239.0
217.0
176.915
206.0
217.0
217.0
208.0
204.0
202.0
203.0
201.0
199.0
216.0
242.0
270.0
249.0
238.0
231.0
244.0
238.0
223.0
242.0
218.0
234.0
215.0
209.0
176.915
207.0
206.0
201.0
192.0
220.0
200.0
225.0
383.0
672.0
933.0
1000.0
1047.0
949.12
1006.0
953.0
959.0
928.0
790.0
563.0
434.0
393.0
320.0
278.0
252.36
232.0
236.0
250.0
231.0
230.0
223.0
239.0
389.0
680.0
940.0
966.12
1041.0
925.0
955.12
960.0
932.0
914.0
761.0
480.0
407.12
336.0
289.0
244.0
252.36
222.0
201.0
223.0
216.0
267.0
201.0
222.0
359.0
696.0
752.0
970.0
1028.0
982.0
897.0
930.0
932.0
945.0
804.0
564.08
392.0
400.0
313.0
266.0
252.36
228.0
232.0
212.0
226.0
234.0
251.0
204.0
338.0
625.0
933.0
940.0
1006.0
962.08
950.0
941.0
951.0
947.0
800.0
512.0
434.12
384.0
320.0
246.0
249.0
240.0
204.0
214.0
214.0
241.0
221.0
224.0
350.0
595.0
946.0
944.0
999.0
915.0
935.08
892.0
899.0
873.0
792.0
418.0
322.0
269.0
258.0
226.0
259.97
231.0
197.0
210.0
216.0
239.0
191.0
211.0
197.0
204.0
241.0
258.0
244.0
254.0
297.0
280.0
291.0
258.0
253.0
261.0
230.0
252.0
214.0
234.0
176.915
204.0
225.0
225.0
218.0
203.0
218.0
187.0
207.0
232.0
210.0
214.0
312.0
269.0
291.5
232.0
253.0
250.0
238.0
234.0
235.0
208.0
217.0
211.0
176.915
233.0
212.0
223.0
195.0
212.0
210.0
212.0
335.0
625.0
936.0
972.0
1061.0
995.0
1003.0
1029.0
976.0
980.12
808.0
535.0
392.0
306.0
287.0
280.0
259.97
237.0
234.0
232.0
218.0
209.0
211.0
223.0
370.0
614.0
936.12
992.0
1025.12
968.0
994.0
968.0
952.0
995.0
846.0
542.0
444.0
357.0
309.0
246.0
259.97
237.0
219.0
246.0
223.0
131.0
162.0
154.0
129.0
145.87
136.0
133.0
154.0
140.0
132.0
147.0
129.5
136.0
148.0
189.0
181.0
171.0
194.0
205.0
188.0
182.0
182.0
156.0
134.0
158.0
162.0
137.0
136.0
159.84
138.04
148.04
145.0
139.0
150.0
136.0
129.0
137.0
144.0
162.0
151.0
211.0
197.0
180.0
171.0
186.0
162.0
141.0
145.0
175.0
146.0
140.0
137.0
155.88
133.0
138.0
146.0
146.0
135.0
133.0
131.0
138.0
132.0
148.0
167.0
192.0
200.0
187.0
162.0
172.5
161.0
175.0
140.0
148.0
150.0
145.0
137.0
138.86
135.0
133.0
159.0
134.0
141.0
135.5
141.0
139.0
149.08
168.08
188.0
208.0
200.0
183.0
193.0
159.0
172.0
192.0
151.0
172.0
133.0
159.0
152.0
140.9
159.0
138.0
148.0
142.0
150.0
138.0
138.0
129.0
137.0
160.0
177.0
211.0
207.0
175.0
178.0
175.0
155.0
180.0
156.0
158.0
139.0
155.0
129.0
163.82
164.5
137.0
151.0
148.0
147.0
129.0
144.5
142.0
140.0
189.0
179.0
242.0
235.0
217.0
187.0
200.0
196.0
186.0
173.5
158.08
171.0
151.0
139.0
149.87
136.0
137.0
143.0
141.0
134.0
138.0
191.0
246.5
409.56
694.0
725.0
751.0
648.0
724.0
698.0
709.0
695.0
562.0
348.0
275.0
263.0
220.0
188.0
143.89
173.0
151.0
162.0
168.0
151.0
166.0
168.0
227.0
429.0
689.0
687.0
750.0
635.0
697.0
685.0
709.0
679.0
574.0
323.0
271.0
244.0
244.0
196.0
143.89
178.0
165.0
181.0
173.0
170.0
167.04
171.0
251.0
438.0
702.2
714.4
743.4
645.4
718.4
695.4
706.2
687.2
607.2
392.2
334.2
322.2
252.68
201.0
143.89
188.5
162.52
178.5
174.0
165.0
166.0
174.0
239.0
430.0
688.0
735.0
758.0
670.0
736.0
737.0
732.0
702.0
613.0
367.0
303.0
279.0
272.0
231.0
143.89
199.0
172.0
176.0
175.0
167.0
185.0
168.0
230.0
406.0
670.24
719.24
725.24
645.24
688.0
701.84
664.84
683.84
567.84
351.84
314.84
286.0
275.0
229.0
143.89
188.0
204.0
187.0
162.0
206.0
183.0
197.0
241.0
458.0
742.0
708.0
782.52
668.52
726.0
718.0
712.0
717.0
591.0
347.0
290.0
258.0
232.0
230.0
143.89
170.0
166.52
177.5
173.0
172.0
174.0
175.0
266.0
449.0
738.0
727.0
790.0
713.0
748.0
725.0
719.0
717.0
601.0
357.0
291.0
253.0
235.0
204.0
143.89
170.0
173.0
172.0
154.0
173.0
187.0
151.0
155.0
149.38
237.0
232.0
249.0
236.5
230.5
231.0
218.0
223.0
211.0
191.0
183.0
183.0
175.0
166.0
148.36
162.0
168.0
162.0
178.0
165.0
154.52
160.5
159.76
158.76
240.5
250.0
248.5
236.5
230.5
201.0
206.0
211.0
216.0
223.0
196.0
188.0
188.0
172.0
148.36
176.0
154.0
168.0
146.0
172.5
172.0
162.0
290.0
411.0
742.0
779.0
815.0
716.0
763.0
782.0
788.0
759.0
653.0
409.0
320.0
288.0
261.0
206.0
143.89
177.94
165.5
172.0
156.0
172.5
171.5
168.5
278.6
450.6
674.6
707.6
694.6
617.6
707.6
716.6
709.6
687.6
609.6
403.6
342.6
338.6
297.6
231.0
143.89
179.88
177.0
176.0
166.0
173.0
171.0
175.0
244.0
453.0
753.0
787.0
837.0
709.0
763.0
775.0
755.0
752.0
656.0
390.0
339.0
296.0
263.0
222.0
143.89
169.44
173.0
183.0
187.0
189.0
163.5
192.0
247.0
441.0
742.0
767.0
796.0
711.0
770.0
768.0
750.0
741.0
642.0
383.0
308.0
286.0
249.0
248.0
143.89
169.44
196.0
191.0
183.0
182.0
163.5
197.0
262.0
450.0
717.0
758.0
804.0
706.0
751.0
754.0
757.0
725.0
627.0
378.0
269.0
246.0
212.0
190.0
143.89
172.0
161.0
175.0
164.0
161.0
158.0
170.0
164.0
174.0
244.0
268.0
248.0
238.0
244.0
271.56
257.56
260.0
227.0
203.0
183.0
189.0
185.0
182.0
146.85
182.0
153.0
149.0
176.0
159.0
155.0
164.0
153.0
167.0
172.0
202.0
223.0
207.0
184.0
198.0
223.0
197.0
206.0
172.0
175.5
190.0
165.0
174.0
161.365
159.0
171.0
173.0
160.0
175.0
156.0
192.0
262.0
444.0
745.0
752.0
809.0
724.0
769.0
776.0
763.0
755.0
646.0
426.0
341.0
288.0
251.0
223.0
143.89
184.0
181.0
171.0
186.0
193.0
167.0
185.0
273.0
452.0
756.0
741.0
801.0
687.0
767.0
772.0
758.0
739.0
647.0
417.0
342.0
288.0
240.0
205.0
143.89
194.0
186.0
171.0
195.0
159.0
195.0
180.0
257.0
445.0
743.0
782.0
826.0
734.0
785.0
805.0
759.0
760.0
625.0
425.0
332.0
314.0
274.0
214.0
143.89
187.0
173.0
171.0
162.0
175.0
172.0
174.0
235.0
444.0
713.08
763.08
809.0
719.0
761.0
762.0
771.0
748.0
646.0
453.0
394.0
324.0
268.0
231.0
143.89
180.0
181.0
158.0
182.0
176.0
184.0
170.0
253.0
467.0
725.0
772.0
779.0
680.0
753.56
735.56
714.0
715.0
608.0
372.0
314.0
291.0
286.0
227.0
143.89
185.0
175.0
159.0
177.0
153.0
168.0
148.0
150.0
177.0
222.0
235.0
258.0
213.0
244.0
235.0
243.0
231.0
256.0
186.0
168.0
194.0
170.0
174.0
175.88
165.0
153.0
172.0
160.0
156.0
170.0
149.0
132.0
161.0
190.0
184.0
190.0
205.0
191.0
213.0
209.0
206.0
212.0
166.0
157.0
170.0
152.0
164.0
157.88
147.0
164.0
150.0
154.0
154.0
148.0
166.0
252.0
421.0
748.04
743.04
771.0
696.0
765.0
755.0
740.0
740.0
624.0
426.0
360.0
321.0
265.0
253.0
165.0
155.0
157.0
196.0
201.0
191.0
216.0
182.0
192.0
207.0
202.0
191.0
189.0
189.0
173.0
186.5
181.0
161.87
180.5
155.5
160.0
181.0
170.0
158.0
168.0
172.0
171.0
192.0
216.0
247.0
249.0
228.0
210.0
223.0
216.0
207.0
189.0
192.0
202.0
179.0
185.0
166.88
187.5
186.5
181.0
173.0
180.5
183.5
172.5
284.32
471.32
675.32
685.32
804.0
711.0
786.0
780.0
768.0
772.0
650.0
490.0
338.0
281.0
268.0
227.0
170.39999999999995
191.0
196.0
176.0
176.0
191.0
183.5
167.0
293.0
510.0
755.0
775.0
819.0
718.0
766.0
751.0
786.0
763.0
657.0
446.0
357.0
296.0
250.0
222.0
170.39999999999995
184.0
190.0
164.0
187.0
155.0
183.5
190.0
281.0
508.0
793.0
799.0
849.0
749.0
810.0
813.0
807.0
783.0
662.0
462.0
349.0
294.0
268.0
252.0
170.39999999999995
203.0
193.0
189.0
195.0
189.0
188.0
193.0
281.0
514.0
796.0
796.0
887.0
773.0
806.0
817.0
815.0
787.0
667.0
441.0
340.0
272.0
182.0
183.0
164.92
179.0
153.0
161.0
154.0
149.0
149.0
168.0
152.0
176.0
190.0
196.0
216.0
184.0
220.0
196.0
200.0
207.0
190.0
185.0
188.0
175.0
154.0
164.0
155.93
151.0
156.0
162.0
158.0
150.0
144.0
165.0
133.0
154.0
178.0
172.0
197.0
174.0
200.0
188.0
186.0
212.0
164.0
201.0
184.0
166.0
164.0
149.0
160.385
137.0
156.0
158.0
152.0
153.0
154.0
162.0
259.0
477.0
782.0
821.0
870.0
753.0
828.0
808.0
809.0
796.0
674.0
435.0
374.0
317.0
256.0
232.0
193.96
183.0
200.0
172.0
166.0
192.0
168.0
192.0
305.0
497.0
793.0
807.0
834.0
741.0
809.0
790.0
829.0
773.0
650.0
430.0
362.0
291.0
254.0
212.0
193.96
174.0
189.0
171.0
176.0
181.0
167.0
184.0
284.0
494.0
765.0
775.0
831.0
736.0
777.0
777.0
781.0
783.0
632.0
378.0
299.0
265.0
231.0
233.0
193.96
180.0
192.0
168.0
176.0
178.5
162.64
183.5
284.36
498.36
767.0
776.6
830.6
708.6
774.6
773.6
773.0
742.52
651.52
425.0
364.0
278.0
257.0
207.0
193.96
187.0
196.0
176.0
186.0
176.0
189.0
183.0
298.0
541.0
772.0
771.0
820.0
712.0
788.0
784.0
742.0
743.0
629.0
388.0
291.0
272.0
229.0
212.0
193.96
176.0
174.0
165.0
175.0
176.0
164.0
162.0
164.0
159.0
192.5
203.0
199.0
200.0
209.5
208.5
204.5
210.5
187.0
197.0
185.0
187.0
174.0
166.0
160.385
168.9
181.0
175.0
154.0
171.0
165.0
159.52
173.5
164.0
207.0
234.0
201.0
226.0
219.0
229.0
223.0
209.0
210.0
193.0
186.0
187.0
174.0
182.0
160.385
152.0
184.0
160.0
162.0
180.0
150.0
184.0
271.0
498.52
771.52
757.0
812.0
723.0
784.0
765.0
760.0
770.0
645.52
399.52
343.0
291.0
249.0
229.0
193.96
158.5
177.0
175.0
165.0
174.0
162.0
199.0
255.0
499.0
737.0
734.0
788.0
671.32
743.32
729.32
747.0
721.0
628.0
442.48
352.48
273.48
245.5
217.0
193.96
158.5
188.0
180.0
168.0
190.0
180.0
190.0
284.0
480.52
742.52
749.52
803.52
699.52
767.52
739.0
746.0
734.0
617.0
429.0
350.0
265.0
242.0
204.0
193.96
158.5
185.5
180.0
168.0
192.0
174.0
196.5
282.48
431.48
647.48
682.84
822.0
706.0
783.0
770.0
779.0
762.0
651.0
482.0
386.0
320.0
255.0
223.0
193.96
158.5
183.0
185.0
171.0
194.0
168.0
203.0
283.0
520.0
745.0
789.0
816.04
734.04
773.0
765.0
779.0
740.0
636.0
429.0
330.0
276.0
227.0
197.0
193.96
168.9
177.0
172.0
173.0
177.0
166.0
165.0
183.0
204.0
279.0
281.0
284.0
260.0
266.0
289.0
278.0
267.0
249.0
223.0
207.0
200.0
194.0
192.0
164.84
168.9
196.0
164.0
196.0
160.0
162.0
156.0
177.0
195.0
256.0
256.0
246.0
232.0
260.0
260.0
263.0
268.0
205.0
205.0
211.0
184.0
202.0
170.0
172.425
165.0
176.0
185.0
168.0
174.0
173.0
181.0
275.0
484.0
777.0
796.56
848.56
736.0
805.0
784.0
776.0
791.0
661.0
459.0
373.0
290.0
247.0
214.0
193.96
179.0
196.0
185.0
186.0
184.0
184.0
200.0
297.0
509.52
775.52
771.6
816.6
727.6
782.6
767.6
765.52
743.52
653.52
501.52
376.52
288.52
251.52
210.5
193.96
171.45
187.0
175.5
194.0
200.0
184.0
195.0
300.6
522.6
760.6
792.6
848.0
746.0
793.0
785.0
806.0
780.0
646.0
408.0
303.0
272.0
244.0
207.0
193.96
171.45
178.0
166.0
194.0
172.0
165.0
190.0
277.0
529.0
774.0
790.0
856.0
746.0
813.0
812.0
810.0
795.0
686.0
449.0
349.0
311.0
277.0
227.0
193.96
171.45
203.0
193.0
202.0
193.0
157.0
191.5
303.0
529.0
814.0
808.24
851.6
734.6
799.6
796.0
791.0
766.0
636.96
369.16
313.16
274.64
268.58000000000004
218.0
193.96
161.8
187.5
167.24
188.0
164.0
172.5
153.0
166.5
187.0
218.5
236.0
263.0
220.5
271.8
239.5
250.8
264.8
225.0
211.0
186.0
203.0
187.0
178.0
172.425
157.4
179.0
175.0
188.0
168.0
183.0
150.0
156.0
179.0
181.0
216.0
205.0
209.0
221.0
219.0
204.0
213.0
195.0
195.0
210.0
192.0
187.0
178.0
180.01
163.9
193.0
169.98
175.98
165.99
149.0
193.0
283.0
502.0
764.0
783.0
862.0
766.0
794.0
807.0
786.0
767.16
639.16
445.16
375.16
328.16
260.16
222.0
193.96
164.95
183.0
184.0
184.0
179.0
180.0
187.0
288.0
519.0
796.0
776.0
840.0
769.0
787.0
813.0
788.0
766.0
671.0
474.0
367.0
300.0
263.0
226.0
193.96
164.95
180.0
202.0
167.0
197.0
189.0
201.0
298.0
526.0
784.0
786.0
876.0
734.0
797.0
813.0
785.0
795.0
660.0
456.0
316.0
296.0
251.0
230.0
223.0
164.95
201.0
185.0
202.0
190.0
186.0
214.0
290.0
524.0
775.0
809.0
850.0
747.0
815.0
812.68
799.68
785.68
688.0
475.52
352.52
284.0
238.0
222.5
246.315
164.95
193.0
176.0
190.5
182.5
175.5
199.0
304.88
527.0
778.0
786.0
861.0
738.0
819.0
803.0
793.0
774.0
669.0
385.0
300.0
250.0
225.0
215.0
246.315
157.4
187.0
175.0
180.0
182.0
175.0
160.0
172.0
216.0
285.0
302.0
280.0
251.0
288.0
283.0
283.0
288.0
243.0
197.0
186.0
195.0
175.0
176.0
179.95499999999996
157.4
166.0
162.0
175.0
167.0
167.0
168.0
160.0
197.0
270.52
264.52
267.0
260.0
264.0
251.0
254.0
256.0
226.0
197.0
189.0
198.0
172.0
179.0
179.9
166.0
185.0
167.0
179.0
175.0
165.0
184.0
297.0
488.0
811.0
822.0
889.0
776.0
809.0
834.0
798.0
809.0
673.0
428.0
351.0
295.0
259.0
231.0
246.315
416.92
414.92
412.92
413.92
408.92
415.92
426.92
455.92
516.92
554.92
546.92
594.92
590.92
545.92
539.92
544.92
788.0
673.0
416.16
402.16
289.0
259.0
242.0
246.315
217.0
184.0
196.0
204.0
186.0
200.0
200.0
308.0
512.0
775.0
801.0
851.0
776.0
813.0
775.0
765.0
745.0
568.0
372.0
275.0
236.0
185.0
185.0
246.315
153.0
158.0
171.0
154.0
154.0
161.0
154.0
148.0
162.0
179.0
168.0
213.0
187.0
167.0
152.0
151.0
170.0
144.0
152.0
178.0
152.0
148.0
171.0
149.9
152.0
158.0
148.0
160.0
159.0
146.0
143.0
155.0
155.0
160.0
230.0
241.0
245.0
196.0
185.0
208.0
179.0
167.0
179.0
172.5
168.0
161.0
157.0
162.9
150.0
157.0
162.0
141.0
164.0
151.0
144.0
142.0
160.0
192.0
193.0
199.0
181.0
192.0
205.0
208.0
185.0
175.0
173.0
167.0
168.0
166.0
199.0
216.0
242.0
270.0
249.0
238.0
231.0
244.0
238.0
223.0
242.0
218.0
234.0
215.0
209.0
176.915
207.0
206.0
201.0
192.0
220.0
200.0
225.0
383.0
672.0
933.0
1000.0
1047.0
949.12
1006.0
953.0
959.0
928.0
790.0
563.0
434.0
393.0
320.0
278.0
252.36
232.0
236.0
250.0
231.0
230.0
223.0
239.0
389.0
680.0
940.0
966.12
1041.0
925.0
955.12
960.0
932.0
914.0
761.0
480.0
407.12
336.0
289.0
244.0
252.36
222.0
201.0
223.0
216.0
267.0
201.0
222.0
359.0
696.0
752.0
970.0
1028.0
982.0
897.0
930.0
932.0
945.0
804.0
564.08
392.0
400.0
313.0
266.0
252.36
228.0
232.0
212.0
226.0
234.0
251.0
204.0
338.0
625.0
933.0
940.0
1006.0
962.08
950.0
941.0
951.0
947.0
800.0
512.0
434.12
384.0
320.0
246.0
249.0
240.0
204.0
214.0
214.0
241.0
221.0
224.0
350.0
595.0
946.0
944.0
999.0
915.0
935.08
892.0
899.0
873.0
792.0
418.0
322.0
269.0
258.0
226.0
259.97
231.0
197.0
210.0
216.0
239.0
191.0
211.0
197.0
204.0
241.0
258.0
244.0
254.0
297.0
280.0
291.0
258.0
253.0
261.0
230.0
252.0
214.0
234.0
176.915
204.0
225.0
225.0
218.0
203.0
218.0
187.0
207.0
232.0
210.0
214.0
312.0
269.0
291.5
232.0
253.0
250.0
238.0
234.0
235.0
208.0
217.0
211.0
176.915
233.0
212.0
223.0
195.0
212.0
210.0
212.0
335.0
625.0
936.0
972.0
1061.0
995.0
1003.0
1029.0
976.0
980.12
808.0
535.0
392.0
306.0
287.0
280.0
259.97
237.0
234.0
232.0
218.0
209.0
211.0
223.0
370.0
614.0
936.12
992.0
1025.12
968.0
994.0
968.0
952.0
995.0
846.0
542.0
444.0
357.0
309.0
246.0
259.97
237.0
219.0
246.0
223.0
217.0
220.0
213.0
360.0
637.0
915.0
949.0
1032.06
972.0
954.0
953.12
959.0
917.0
799.0
515.12
434.0
344.0
333.0
249.0
259.97
241.0
227.0
227.0
206.0
224.0
210.0
222.0
356.0
618.0
927.0
988.0
1039.0
969.0
966.12
997.0
980.12
960.0
852.0
568.0
410.0
358.0
296.0
268.0
259.97
268.0
222.0
237.0
233.0
226.0
229.0
205.0
372.0
597.0
919.0
953.0
1026.0
939.0
978.0
970.0
926.08
919.0
813.0
464.0
360.0
360.0
252.0
249.0
259.97
200.0
205.0
221.0
213.0
219.0
205.0
218.0
221.0
238.0
248.0
272.0
269.0
275.0
286.0
283.0
275.0
270.0
259.0
252.0
253.0
225.0
216.0
239.0
176.915
212.0
211.0
210.0
250.0
186.0
202.0
197.0
200.0
204.0
221.0
231.0
265.0
256.0
250.0
260.6
272.6
261.0
247.0
247.0
223.0
218.0
220.0
189.0
176.915
176.0
187.0
216.0
180.0
177.0
185.0
197.0
333.0
626.0
836.12
961.5
1062.0
971.0
984.0
995.0
953.08
962.0
837.0
575.0
448.0
377.0
300.0
279.0
259.97
232.0
205.0
257.0
216.0
216.0
202.0
230.0
357.0
648.0
919.0
970.0
1055.5
950.12
984.0
1035.0
962.0
936.24
856.0
601.0
474.0
376.0
311.0
262.0
270.94
239.0
247.0
247.0
236.0
222.0
226.0
244.0
375.0
643.0
958.0
953.12
1049.0
964.0
969.0
987.24
985.0
945.0
812.0
600.0
399.0
409.0
343.0
257.0
262.93
239.0
239.0
257.0
226.0
238.0
233.0
221.0
384.0
639.0
953.0
963.0
1048.0
950.0
993.0
949.0
968.0
964.0
825.12
597.0
478.0
381.0
316.0
285.0
262.93
248.0
249.0
226.0
244.0
231.0
222.0
245.0
375.0
650.0
935.0
971.0
1058.0
951.08
984.0
969.0
949.0
963.0
793.0
599.0
409.0
332.0
287.0
289.0
262.93
202.0
198.0
200.0
208.0
222.0
194.0
190.0
203.0
226.0
239.0
242.0
260.0
259.0
264.0
283.0
244.0
268.0
247.0
214.0
230.0
243.0
201.0
212.0
176.915
191.0
206.0
218.0
195.0
218.5
196.5
199.0
209.0
221.5
223.0
253.04
314.16
305.16
254.4
275.48
262.48
268.84
262.84
239.5
232.5
248.0
214.0
196.0
176.915
196.0
217.0
191.0
202.0
215.0
208.0
208.0
359.0
654.0
931.0
1018.0
1024.0
952.0
1014.0
986.0
990.0
941.0
817.0
527.0
432.0
351.0
290.0
308.0
254.92
224.0
241.0
227.0
237.0
210.0
248.0
230.0
402.0
630.0
970.0
992.0
1048.12
991.0
999.0
994.0
967.0
977.0
834.0
606.0
449.0
437.0
299.0
267.0
253.41
258.0
204.0
229.0
225.0
209.0
232.0
217.0
381.0
674.0
944.12
1013.0
1051.7199999999998
974.0
1056.0
1004.12
988.0
978.0
848.0
571.0
429.0
421.0
321.0
277.0
253.41
227.0
238.0
218.0
236.0
216.0
216.0
248.0
385.0
688.0
911.0
980.0
1051.7199999999998
958.0
1003.0
963.08
958.0
951.0
845.0
566.08
439.0
373.0
321.0
266.0
253.41
216.0
220.0
239.0
228.0
226.0
206.0
232.0
388.0
666.0
940.0
962.0
1051.7199999999998
946.68
973.68
999.12
948.0
909.0
805.0
488.0
359.0
337.0
275.0
245.0
253.41
202.0
203.0
205.0
213.0
215.0
199.0
208.0
215.0
221.5
223.0
264.08
243.08
311.64
255.7
268.74
279.04
246.04
232.0
239.5
232.5
248.0
204.5
231.0
176.915
200.0
200.0
181.0
190.0
197.0
216.0
196.0
205.0
217.0
207.0
239.0
272.0
318.12
257.0
262.0
243.0
264.0
221.0
265.0
235.0
253.0
195.0
215.0
176.915
188.0
224.0
195.0
197.0
204.0
187.0
185.0
369.0
632.0
950.32
1007.32
1055.32
959.0
1006.4
973.4
994.4
967.52
843.4
585.12
426.0
474.0
309.0
258.0
253.41
231.0
211.0
227.0
241.0
217.0
223.0
240.0
350.0
625.8
957.32
1002.32
1048.12
964.12
989.12
955.44
978.44
934.44
865.44
583.44
446.64
357.0
318.0
276.0
253.41
223.5
206.0
225.0
236.5
235.0
231.0
219.0
376.0
642.0
923.0
957.0
1049.0
934.0
969.08
959.08
942.12
900.0
842.0
520.0
431.0
356.0
290.0
258.0
251.9
216.0
201.0
223.0
232.0
211.0
214.0
212.0
376.0
663.0
909.0
952.0
1045.0
937.0
948.0
971.24
924.0
906.0
812.0
512.0
364.0
343.0
317.0
253.0
249.905
217.0
211.0
194.0
213.0
195.0
214.0
206.0
342.0
599.0
905.0
929.0
1030.0
956.0
954.0
913.0
903.0
884.0
773.0
507.0
362.0
315.0
255.0
237.0
249.905
194.0
192.0
205.0
195.0
197.0
204.0
189.5
213.0
212.0
255.0
285.0
270.52
251.52
286.0
267.0
243.0
252.0
246.0
245.0
221.0
211.0
217.0
202.0
176.915
216.0
201.0
200.0
186.0
189.0
192.0
183.0
196.0
189.0
219.0
224.0
291.0
284.0
241.0
242.0
251.0
268.0
255.0
226.0
241.0
229.0
231.0
208.0
176.915
185.0
193.0
188.0
193.0
202.0
185.0
212.0
350.0
637.0
972.0
928.0
1048.0
959.0
959.12
990.0
946.0
935.0
823.0
531.0
477.16
362.0
316.0
245.0
249.905
273.24
203.5
256.24
199.0
280.24
197.0
216.5
349.24
609.24
787.24
978.0
1044.0
945.0
967.0
990.0
961.0
914.0
817.0
565.0
423.0
349.0
288.0
242.0
249.905
234.62
214.0
245.0
205.0
218.0
209.0
221.0
361.0
671.0
929.0
997.0
1063.0
956.0
967.0
974.0
955.0
922.0
808.0
522.0
427.0
387.0
310.0
239.0
249.905
234.62
214.0
228.0
215.0
213.0
211.0
225.0
394.0
677.0
940.0
979.0
1062.24
956.0
948.0
951.0
949.16
960.0
815.0
492.0
395.0
344.12
292.0
244.0
249.905
234.62
238.0
197.0
206.5
213.0
199.0
217.0
367.0
646.0
944.0
932.0
1029.0
904.0
1000.0
940.0
939.0
895.0
810.0
487.0
330.0
312.0
279.0
225.0
249.905
205.0
218.0
185.0
191.0
173.0
186.0
194.0
208.0
204.0
273.0
297.0
296.0
298.0
295.0
299.0
299.0
298.0
264.0
244.0
231.0
224.0
223.0
200.0
176.915
384.0
349.0
280.0
246.0
260.42
224.0
203.0
211.0
215.0
222.0
191.0
236.0
344.0
609.0
855.0
881.0
930.0
853.0
905.0
889.0
915.0
836.0
714.0
572.0
460.12
367.0
272.0
241.0
260.42
229.0
226.0
214.0
232.0
206.0
186.0
219.0
365.0
587.0
850.0
884.08
923.0
824.0
861.0
879.0
878.0
868.0
722.0
536.0
379.0
374.0
278.0
275.0
260.42
212.0
228.0
209.0
217.0
209.0
232.0
210.0
214.0
259.0
298.0
297.0
362.0
272.0
306.04
290.04
297.0
301.0
276.0
220.0
221.0
230.0
193.0
212.0
175.41
180.0
204.0
216.0
186.0
202.0
211.0
196.0
187.0
221.0
257.0
260.0
285.0
249.0
256.0
289.52
260.52
286.0
253.0
234.0
252.0
221.0
213.0
238.0
175.41
186.0
216.0
206.0
193.0
207.0
182.0
188.0
359.0
596.0
930.12
909.12
960.0
840.0
913.0
918.0
922.0
882.0
763.0
530.0
432.0
329.0
294.0
238.0
250.86
225.0
223.0
233.0
211.0
224.0
221.0
229.0
339.0
647.0
874.0
900.0
918.0
828.0
907.0
923.0
888.0
879.0
764.0
526.0
442.0
396.0
310.12
234.0
250.335
213.0
237.0
248.0
211.0
230.0
202.0
242.0
351.0
619.0
881.0
895.0
942.0
802.0
902.0
893.0
876.08
861.0
771.0
575.0
457.0
370.0
286.0
254.0
250.335
209.0
218.0
208.0
228.0
220.0
202.0
244.0
325.0
666.68
834.68
884.0
906.0
831.0
899.0
895.0
891.12
851.0
781.0
555.0
447.0
368.0
315.0
264.0
250.335
216.0
236.0
201.0
230.0
186.0
237.0
212.0
337.0
621.0
840.12
855.0
916.0
838.0
848.0
863.0
834.0
798.0
696.0
464.0
370.0
285.0
260.0
187.0
250.335
221.0
184.0
174.0
188.0
177.0
171.0
186.0
183.0
192.0
215.0
241.0
260.0
258.0
255.0
244.0
262.0
259.0
264.0
232.0
223.0
221.0
195.0
218.0
175.41
195.0
187.0
179.0
168.0
182.0
190.0
162.0
191.0
197.0
212.0
262.0
272.0
257.0
240.0
255.0
249.0
247.0
229.0
241.0
228.0
215.0
221.0
198.0
175.41
200.0
174.0
193.0
189.0
175.0
180.0
188.0
329.0
594.0
887.0
893.0
941.0
899.08
908.0
931.0
888.0
871.0
756.12
564.0
486.0
378.0
311.0
255.0
250.335
220.0
227.0
198.0
235.0
208.0
188.0
230.0
336.0
620.0
856.0
868.0
908.0
818.0
893.08
888.0
855.0
889.0
747.0
545.0
516.0
418.0
299.0
251.0
250.335
214.5
218.0
224.0
211.0
198.0
215.0
213.0
373.0
613.12
906.0
911.0
976.0
853.0
895.12
896.0
889.0
903.0
756.0
553.0
410.0
310.0
320.0
254.0
249.81
209.0
209.0
210.0
206.0
202.0
222.0
241.0
320.0
584.0
894.0
934.0
939.0
851.0
909.0
895.12
924.0
875.0
763.0
612.0
486.0
373.2
345.0
272.0
248.875
226.0
216.0
237.0
223.0
231.0
210.0
210.0
365.0
667.0
861.0
897.0
978.0
857.0
881.0
914.0
899.0
858.0
764.0
513.0
446.0
407.12
331.0
270.0
247.94
218.0
199.0
218.0
188.0
205.0
205.0
187.0
264.0
303.0
346.0
315.0
360.0
322.0
334.0
323.0
340.0
332.12
304.0
272.0
260.0
251.0
233.0
220.0
175.41
206.0
215.0
217.0
188.0
196.0
185.0
236.0
206.0
197.0
233.0
226.0
253.0
269.0
247.0
232.0
237.0
241.0
225.0
241.0
243.0
240.0
208.0
213.0
175.41
199.0
208.0
198.0
210.0
197.0
195.0
235.0
359.0
642.0
887.0
912.0
1021.0
907.0
957.0
944.0
931.0
917.0
796.12
570.0
465.0
386.0
323.0
272.0
250.91
213.0
226.0
221.0
234.0
245.0
218.0
229.0
392.0
670.0
929.0
963.12
1042.0
916.12
929.0
951.0
941.0
915.0
779.0
592.0
437.0
398.0
323.0
253.0
253.43
229.0
207.0
218.0
226.0
218.0
230.0
214.0
372.0
654.0
882.0
936.0
986.0
883.0
892.0
925.0
909.0
898.0
773.0
562.0
494.0
364.0
314.0
265.0
255.95
226.0
218.0
220.0
220.0
228.0
204.0
228.0
410.0
616.0
891.12
930.0
956.0
837.0
896.0
900.0
904.0
868.0
777.12
484.0
442.0
384.0
315.0
292.0
244.92
220.0
209.0
222.0
243.0
221.0
216.0
208.0
360.0
612.0
860.12
896.0
898.0
809.0
863.0
878.0
868.0
836.0
712.0
484.0
395.0
304.0
291.0
203.0
255.41
192.0
210.0
196.0
215.0
224.0
178.0
204.0
199.0
244.0
282.0
309.0
301.0
285.0
275.0
277.0
258.0
276.12
247.0
200.0
250.0
198.0
225.0
205.0
175.41
190.0
209.0
209.5
207.5
223.0
190.5
215.0
199.0
249.06
302.36
314.8
346.48
312.48
295.48
288.48
298.48
284.48
294.0
233.0
240.0
240.0
215.0
221.0
175.41
183.0
192.0
182.0
187.0
207.0
195.0
181.0
339.0
598.0
902.0
922.0
1001.0
906.08
938.0
923.0
916.0
892.0
779.0
517.0
404.0
311.0
260.0
214.0
255.41
187.0
204.0
204.0
215.0
195.0
202.0
196.0
370.0
618.0
844.0
898.08
944.0
871.0
870.0
893.0
917.0
873.0
751.0
544.12
441.0
339.0
276.0
230.0
255.41
216.0
204.0
188.0
213.0
200.0
212.0
209.0
337.0
628.0
885.0
952.0
965.0
843.0
911.0
898.0
911.0
891.0
758.0
533.2
428.0
347.0
272.0
241.0
255.41
228.0
197.0
199.0
198.0
205.0
186.0
215.0
363.0
615.0
911.0
913.0
959.0
869.0
941.0
931.0
946.0
915.0
788.0
563.0
471.0
329.0
289.0
264.0
255.41
224.0
219.0
213.0
242.0
210.0
235.0
233.0
369.0
625.0
923.12
988.12
977.0
885.0
941.0
923.0
905.0
907.0
759.0
477.0
433.0
291.0
268.0
243.0
255.41
211.0
208.0
223.0
200.0
222.0
203.0
226.0
199.0
254.12
244.0
243.0
290.0
259.52
270.76
276.0
241.0
253.0
247.0
229.0
254.0
212.0
213.0
225.0
175.41
200.0
213.0
228.0
194.0
212.0
185.0
208.0
206.0
222.0
245.0
260.0
277.0
269.0
246.04
271.04
273.0
239.0
250.0
250.0
237.0
217.0
203.0
206.0
175.41
202.0
193.0
190.0
188.0
196.0
194.0
219.0
367.0
646.0
927.0
962.0
995.0
952.0
944.0
946.0
965.12
964.0
751.0
553.0
446.0
357.0
338.0
248.0
255.41
217.0
239.0
203.0
240.0
231.0
203.0
232.0
384.0
652.0
880.0
955.0
964.0
881.12
927.0
923.0
898.0
890.0
742.0
579.12
458.0
388.0
292.0
268.0
255.41
211.0
249.0
199.0
230.0
205.0
203.0
212.0
344.0
587.0
845.0
885.0
942.0
855.04
930.04
904.0
894.0
858.0
754.0
474.0
407.0
369.0
311.0
265.0
255.41
219.0
218.0
201.0
210.0
197.0
180.0
226.0
374.0
620.0
896.0
926.0
949.0
862.0
921.12
864.0
896.0
878.12
746.0
458.12
425.0
385.0
292.0
248.0
255.41
208.0
184.0
178.0
194.0
207.0
188.0
197.0
368.0
688.0
855.0
890.0
971.0
858.0
887.0
894.0
884.08
853.12
687.0
470.0
316.12
289.0
232.0
233.0
255.41
196.0
197.0
225.0
187.0
194.0
210.0
195.0
180.0
200.0
192.0
200.0
195.0
228.0
200.0
187.0
210.0
200.0
214.0
215.0
212.0
204.0
217.0
213.0
175.41
206.0
211.0
201.0
204.0
195.0
191.0
186.0
190.0
202.0
212.0
247.0
257.0
243.0
240.0
242.0
211.0
209.0
194.0
217.5
220.0
190.0
204.0
196.0
175.41
207.0
187.0
192.0
193.0
198.0
182.0
200.0
179.0
216.0
201.0
233.0
249.04
230.0
226.0
241.0
243.0
212.0
224.0
217.5
217.0
218.0
198.0
212.0
175.41
216.0
196.0
189.0
175.0
190.0
192.0
186.0
371.0
666.0
938.0
972.0
1043.0
974.0
931.0
943.0
945.0
916.08
813.0
566.0
465.0
367.0
282.0
268.0
255.41
224.0
208.0
201.0
209.0
205.0
195.0
203.0
387.0
691.84
942.04
964.84
221.0
236.0
217.0
224.0
349.0
654.0
939.0
980.0
982.0
929.0
993.0
970.12
939.0
933.08
799.0
529.0
413.0
362.0
320.0
284.0
263.93
280.0
268.0
259.0
259.0
253.0
247.0
242.0
336.0
630.0
948.0
977.12
1050.0
955.0
969.08
990.0
967.0
958.0
844.0
594.0
433.0
386.0
286.0
312.32
288.67
261.0
255.0
241.0
255.0
235.0
232.0
219.0
359.0
622.0
938.12
1001.0
1005.0
972.0
1021.0
1001.0
945.0
945.0
806.12
542.0
373.0
330.0
289.0
265.0
249.84
209.0
193.0
230.0
213.0
232.0
212.0
209.0
192.0
238.0
254.0
257.0
261.0
228.0
238.0
266.0
285.0
268.0
281.0
277.0
285.0
252.0
239.0
230.0
223.09
215.0
219.5
220.5
229.0
207.0
236.0
198.0
237.0
205.0
226.0
256.0
260.0
250.0
260.0
263.0
245.0
262.0
256.0
237.0
253.0
237.0
260.0
226.0
223.09
224.0
205.0
219.0
220.0
231.0
216.0
207.0
372.0
643.0
969.0
995.11
896.0
827.0
863.0
857.08
836.0
799.0
696.0
561.0
404.12
303.0
269.0
267.0
249.885
232.0
220.0
242.0
208.0
233.0
209.0
222.0
364.0
677.0
967.0
1021.12
1017.0
929.0
1020.0
991.0
997.08
953.0
844.0
624.12
519.0
369.0
284.0
269.0
249.885
238.0
250.0
252.0
244.0
245.0
250.0
220.0
353.0
656.0
940.0
980.0
1005.0
915.0
973.0
979.0
978.0
928.0
827.0
574.0
470.0
366.0
298.0
265.0
249.93
244.0
242.0
250.0
240.0
223.0
237.0
231.0
356.0
638.0
909.0
981.0
986.0
894.12
935.0
906.0
911.0
888.0
796.0
585.0
456.0
381.0
327.0
268.0
247.92
244.0
262.0
246.0
233.0
224.0
238.0
239.0
369.0
631.0
917.0
956.12
957.12
889.0
941.0
939.0
925.12
921.0
775.0
541.0
474.0
406.0
277.0
243.0
249.925
229.0
246.0
211.0
243.0
215.0
231.0
205.0
217.0
244.0
250.0
286.0
282.0
297.0
272.0
275.0
296.0
277.0
256.0
278.0
233.0
249.0
212.0
209.0
223.09
207.0
207.0
217.0
213.0
212.0
226.0
219.0
231.0
217.0
229.0
204.0
232.0
227.0
209.0
228.0
249.0
239.0
232.0
242.0
248.0
231.0
198.0
215.0
223.09
211.0
216.0
204.0
226.0
219.0
201.0
211.0
358.0
648.0
938.0
1009.0
1007.0
944.0
964.0
1013.0
970.0
950.0
875.0
592.0
441.0
355.0
299.0
243.0
251.93
264.0
241.0
259.0
244.0
260.0
235.0
240.0
351.0
639.0
911.0
992.0
990.0
868.0
977.0
953.12
933.12
942.0
820.0
543.0
478.0
361.0
315.0
255.0
251.865
234.0
228.0
219.0
227.0
223.0
216.0
198.0
342.0
624.0
944.0
931.0
939.0
912.0
934.0
903.0
919.0
910.12
751.0
529.0
473.0
352.0
282.0
262.0
251.8
275.0
230.0
226.0
227.0
246.0
226.0
222.0
378.0
640.0
884.0
961.0
971.12
864.0
947.0
927.0
901.0
852.0
735.0
486.0
409.0
284.0
285.0
258.0
206.825
221.0
230.0
238.0
217.0
221.0
231.0
214.0
321.0
590.0
848.0
857.0
880.0
819.0
832.0
828.0
762.0
776.0
604.0
406.0
323.0
313.0
234.0
204.0
206.825
224.0
221.0
202.0
233.0
204.0
202.0
208.0
190.0
212.0
207.0
202.0
213.0
205.0
193.0
188.0
209.0
213.0
203.0
203.0
216.0
194.0
196.0
241.0
223.09
193.0
229.0
213.0
201.0
199.0
197.0
198.0
318.0
492.0
637.0
640.0
651.0
649.0
649.0
641.0
620.0
601.0
497.0
390.0
234.0
234.0
217.0
215.0
206.825
203.0
209.0
204.0
212.0
202.0
219.0
204.0
291.0
474.0
577.0
621.0
641.0
599.0
627.0
627.0
668.8
628.8
484.0
393.0
273.0
229.0
219.0
223.0
206.825
204.0
196.0
193.0
208.0
201.0
176.0
203.0
233.0
411.0
528.0
526.0
541.0
504.0
524.0
430.0
315.0
273.0
201.0
175.0
166.0
181.0
168.0
191.0
161.85
166.0
160.0
191.0
173.0
171.0
160.0
202.0
147.0
143.0
164.0
177.0
166.0
157.0
178.0
152.0
168.0
158.0
166.0
167.0
184.0
159.0
167.0
176.0
163.86
181.0
170.0
157.0
180.0
174.0
170.0
155.0
140.0
175.0
165.0
167.0
179.0
156.0
156.0
161.0
156.0
157.0
165.0
172.0
187.0
179.0
173.0
181.0
162.86
145.0
180.0
167.0
172.0
160.0
165.0
159.0
160.0
158.0
160.0
157.0
171.0
148.0
158.0
160.5
146.5
165.0
178.0
177.0
173.0
184.0
172.0
180.0
162.86
159.0
167.5
168.0
147.0
167.5
172.0
137.0
158.0
162.0
136.0
148.0
153.0
166.0
146.0
160.0
137.0
165.0
153.0
170.0
178.0
181.0
171.0
178.0
161.86
175.0
155.0
170.0
177.0
175.0
157.0
157.0
170.0
158.0
139.0
157.0
139.0
160.0
146.0
142.0
145.0
160.0
152.0
174.0
162.0
185.0
165.0
177.0
159.88
184.0
181.0
161.0
195.0
168.0
170.0
144.0
146.0
152.0
155.0
170.5
181.0
157.0
161.0
164.0
172.0
155.0
181.0
164.0
177.0
174.0
171.0
168.0
163.925
161.0
171.0
191.0
173.0
165.0
156.0
172.0
158.0
159.0
202.0
184.0
180.0
179.0
190.0
184.0
171.0
191.0
176.0
192.0
181.0
189.0
159.0
173.0
163.925
164.0
190.0
152.0
185.0
176.0
160.0
179.0
275.0
508.0
648.0
662.0
670.0
674.0
695.0
643.0
651.0
626.0
512.0
403.0
301.0
242.0
242.0
228.0
212.03500000000003
220.0
202.0
199.0
201.0
233.0
222.0
184.0
336.0
591.0
836.0
850.0
835.0
757.0
829.12
822.0
805.0
803.0
701.0
463.0
355.0
292.0
263.0
222.0
212.03500000000003
221.0
220.0
211.0
203.0
205.0
231.0
209.0
322.0
614.0
840.0
853.0
904.0
829.0
915.0
885.0
866.0
824.0
744.0
476.0
344.0
282.0
256.0
278.0
212.03500000000003
220.0
219.0
218.0
217.0
229.0
213.0
217.0
345.0
611.0
806.12
843.0
849.0
801.0
868.0
832.0
852.0
804.0
675.0
397.0
307.0
256.0
237.0
223.0
212.03500000000003
208.0
208.0
214.0
221.0
229.0
216.0
210.0
191.0
209.0
217.0
214.0
216.0
222.0
229.0
218.0
211.0
225.84
215.0
243.0
216.0
221.0
228.0
198.0
163.925
205.0
206.0
200.0
207.0
240.0
211.5
218.0
341.0
693.16
937.16
939.16
979.16
906.16
981.28
950.16
955.16
930.16
806.16
616.16
454.16
362.16
294.16
265.0
212.03500000000003
229.0
219.0
231.0
230.0
251.0
210.0
215.0
344.0
668.0
973.0
968.0
996.0
909.08
970.0
962.0
987.0
947.0
807.0
563.0
475.08
356.0
294.0
261.0
212.03500000000003
261.0
205.0
227.0
205.0
225.0
220.0
224.0
347.64
668.64
950.76
952.12
995.68
938.56
976.0
968.52
969.52
918.04
795.04
568.56
464.56
332.0
293.0
297.0
212.03500000000003
236.5
217.0
223.5
210.5
219.0
224.0
222.0
350.7
666.83
849.7
990.68
993.92
878.92
961.92
943.04
928.92
929.92
769.92
551.92
479.92
373.92
310.92
246.0
212.03500000000003
236.5
217.0
223.5
210.5
219.0
228.0
220.0
348.0
631.0
923.0
965.0
994.0
917.12
956.68
920.68
947.68
936.84
797.72
523.2
397.2
342.2
291.0
232.0
212.03500000000003
212.5
248.0
210.0
212.0
201.0
213.0
206.0
200.0
214.0
258.0
287.0
269.0
243.04
264.04
267.52
262.52
260.68
215.0
271.68
226.5
224.0
228.0
219.0
163.925
217.0
184.0
221.0
216.0
207.0
210.0
202.0
209.0
219.0
236.0
243.0
247.0
260.0
261.76
252.26
258.76
273.76
254.0
265.0
237.0
227.0
228.0
212.0
163.925
212.0
229.0
220.0
216.0
213.0
216.0
218.0
329.0
601.0
930.0
1000.08
1023.0
920.0
956.0
969.0
975.0
947.12
791.0
593.0
427.0
358.0
328.0
300.0
212.03500000000003
248.84
244.0
237.76
242.72
237.0
231.0
224.0
366.0
661.0
936.0
986.0
1002.0
923.0
971.12
955.12
906.0
920.0
815.0
554.32
915.0
885.0
866.0
824.0
744.0
476.0
344.0
282.0
256.0
278.0
212.03500000000003
220.0
219.0
218.0
217.0
229.0
213.0
217.0
345.0
611.0
806.12
843.0
849.0
801.0
868.0
832.0
852.0
804.0
675.0
397.0
307.0
256.0
237.0
223.0
212.03500000000003
208.0
208.0
214.0
221.0
229.0
216.0
210.0
191.0
209.0
217.0
214.0
216.0
222.0
229.0
218.0
211.0
225.84
215.0
243.0
216.0
221.0
228.0
198.0
163.925
205.0
206.0
200.0
207.0
240.0
211.5
218.0
341.0
693.16
937.16
939.16
979.16
906.16
981.28
950.16
955.16
930.16
806.16
616.16
454.16
362.16
294.16
265.0
212.03500000000003
229.0
219.0
231.0
230.0
251.0
210.0
215.0
344.0
668.0
973.0
968.0
996.0
909.08
970.0
962.0
987.0
947.0
807.0
563.0
475.08
356.0
294.0
261.0
212.03500000000003
261.0
205.0
227.0
205.0
225.0
220.0
224.0
347.64
668.64
950.76
952.12
995.68
938.56
976.0
968.52
969.52
918.04
795.04
568.56
464.56
332.0
293.0
297.0
212.03500000000003
236.5
217.0
223.5
210.5
219.0
224.0
222.0
350.7
666.83
849.7
990.68
993.92
878.92
961.92
943.04
928.92
929.92
769.92
551.92
479.92
373.92
310.92
246.0
212.03500000000003
236.5
217.0
223.5
210.5
219.0
228.0
220.0
348.0
631.0
923.0
965.0
994.0
917.12
956.68
920.68
947.68
936.84
797.72
523.2
397.2
342.2
291.0
232.0
212.03500000000003
212.5
248.0
210.0
212.0
201.0
213.0
206.0
200.0
214.0
258.0
287.0
269.0
243.04
264.04
267.52
262.52
260.68
215.0
271.68
226.5
224.0
228.0
219.0
163.925
217.0
184.0
221.0
216.0
207.0
210.0
202.0
209.0
219.0
236.0
243.0
247.0
260.0
261.76
252.26
258.76
273.76
254.0
265.0
237.0
227.0
228.0
212.0
163.925
212.0
229.0
220.0
216.0
213.0
216.0
218.0
329.0
601.0
930.0
1000.08
1023.0
920.0
956.0
969.0
975.0
947.12
791.0
593.0
427.0
358.0
328.0
300.0
212.03500000000003
248.84
244.0
237.76
242.72
237.0
231.0
224.0
366.0
661.0
936.0
986.0
1002.0
923.0
971.12
955.12
906.0
920.0
815.0
554.32
452.84
349.84
324.0
275.0
262.22
285.68
244.0
255.52
227.0
261.0
246.0
217.0
422.36
662.48
913.8
950.48
966.6
905.68
955.0
937.84
924.72
898.88
833.88
561.88
451.0
392.0
318.0
303.0
267.155
246.84
244.0
242.76
232.5
243.5
235.0
223.0
307.0
596.72
929.72
931.04
946.04
872.04
911.04
904.04
879.04
904.04
800.04
546.04
466.04
361.04
326.04
256.0
267.155
246.84
259.0
230.0
238.0
226.0
224.0
233.0
341.0
604.0
864.0
919.0
918.12
854.0
885.0
894.0
874.0
845.0
749.0
478.0
406.12
320.0
273.0
247.0
267.155
219.5
198.0
215.5
205.0
216.0
208.5
218.5
204.5
214.5
229.0
231.0
235.0
254.0
254.0
252.26
277.48
253.48
241.0
254.0
216.0
264.0
226.0
211.0
163.925
219.5
198.0
215.5
205.0
216.0
208.5
218.5
204.5
214.5
208.0
220.5
252.0
251.5
242.76
252.26
257.74
255.24
251.84
253.0
215.0
251.5
226.0
211.0
163.925
246.84
255.66
232.0
240.5
231.5
217.5
204.0
334.0
573.0
906.0
931.44
985.32
942.44
939.68
942.68
944.68
917.16
791.16
572.16
528.16
405.16
361.16
278.0
267.155
246.84
255.66
234.0
243.0
237.0
211.0
247.0
334.0
587.0
894.0
947.0
971.4
868.32
927.4
928.0
900.44
920.44
778.44
547.44
459.44
381.44
301.44
269.0
272.09
246.84
252.32
225.0
242.0
223.0
249.0
212.0
356.0
596.08
837.0
907.0
955.0
923.0
883.0
923.0
876.0
859.0
768.0
538.0
383.0
349.0
329.0
278.0
249.98
246.84
241.0
216.0
238.0
244.0
224.0
238.0
337.0
557.0
885.0
919.0
939.0
864.12
892.0
922.0
883.0
865.0
760.0
527.0
413.0
335.0
322.0
285.0
250.395
246.84
234.0
208.0
226.0
211.0
233.0
215.0
351.0
581.0
914.12
918.52
941.52
862.52
906.52
902.12
929.0
889.12
770.32
514.32
413.32
348.0
282.0
274.0
250.395
219.5
198.0
215.5
194.0
225.0
207.0
218.5
204.5
210.0
241.0
210.0
252.0
249.0
232.0
237.0
238.0
257.0
241.0
252.0
215.0
251.5
226.0
211.0
163.925
219.5
212.0
210.0
201.0
204.0
200.0
235.0
200.0
215.0
228.0
234.0
269.0
239.0
253.0
264.0
225.0
233.0
233.0
221.0
214.0
239.0
224.0
210.0
163.925
246.84
214.0
198.0
219.0
198.0
227.0
215.0
334.0
572.0
915.0
966.0
984.0
925.0
935.0
952.0
895.0
917.0
801.0
531.0
407.12
305.0
275.0
246.0
250.395
208.0
229.0
225.0
228.0
216.0
199.0
244.0
311.0
628.0
903.0
942.0
955.0
866.12
937.0
936.0
905.12
910.0
765.0
524.12
454.0
341.0
299.0
247.0
250.81
211.0
256.92
270.92
267.92
227.5
259.92
272.92
302.92
368.92
883.0
909.0
941.0
865.0
869.0
897.0
858.0
761.0
695.0
493.0
435.0
369.12
314.0
245.0
265.94
214.0
242.0
228.0
233.0
239.0
225.0
239.0
320.0
608.0
881.0
908.0
927.12
878.0
899.0
867.0
891.0
860.0
767.08
575.0
495.0
397.0
313.0
256.0
262.86
242.0
225.0
220.0
229.0
233.0
242.0
218.0
371.0
603.0
911.0
922.0
941.0
888.0
900.0
920.0
949.0
879.0
763.0
502.0
435.0
316.0
342.0
261.0
263.345
222.0
195.0
207.0
212.0
209.0
211.0
208.0
204.0
239.0
256.0
249.0
248.0
260.0
275.0
264.0
259.0
246.0
256.0
232.0
241.0
222.0
225.0
197.0
163.925
196.0
189.0
191.0
199.0
186.0
199.0
195.0
199.0
220.0
209.0
257.0
236.0
240.0
252.0
272.0
223.0
236.0
239.0
243.0
254.0
214.0
211.0
227.0
163.925
198.0
197.0
209.0
197.0
199.0
183.0
180.0
344.0
577.0
895.0
913.08
963.0
876.0
909.2
913.0
929.0
895.0
779.0
592.0
470.0
375.0
317.0
267.0
263.345
217.0
218.0
212.0
204.0
213.5
190.0
236.0
334.0
573.0
840.0
861.0
893.0
836.0
902.0
864.0
879.0
889.0
758.0
498.0
450.24
352.0
296.0
242.0
263.345
256.0
237.0
215.0
211.0
228.0
240.0
208.0
329.0
570.0
850.0
875.0
893.0
818.0
910.0
868.12
895.0
863.0
790.0
554.0
454.0
388.0
336.0
327.0
263.83
238.0
269.0
229.0
228.0
216.0
223.0
264.0
336.0
557.0
849.0
902.0
911.0
849.0
888.0
900.0
884.0
876.0
762.0
580.0
441.0
377.0
299.0
284.0
278.88
218.0
239.0
210.0
217.0
217.0
202.0
224.0
345.12
564.0
860.0
856.0
904.0
817.12
883.0
871.0
838.0
829.0
710.0
522.0
402.0
349.0
284.0
218.0
269.46500000000003
196.0
196.0
209.0
215.0
201.0
181.0
195.0
185.0
196.0
212.0
231.0
247.0
230.0
226.0
242.0
240.0
244.0
259.0
241.0
235.0
220.0
199.0
178.0
163.925
200.0
209.0
200.0
209.0
183.0
195.0
177.0
198.0
195.0
216.0
209.0
202.0
211.0
225.0
222.0
199.0
208.0
226.0
191.0
213.0
246.0
195.0
193.0
163.925
185.0
186.0
195.0
193.0
184.0
174.0
202.0
190.0
185.0
218.0
233.0
219.0
233.0
243.0
248.0
240.0
256.0
228.0
216.0
227.0
209.0
218.0
187.0
163.925
195.0
185.0
202.0
190.0
198.0
185.0
190.0
315.0
596.0
893.0
943.0
953.0
888.0
929.12
957.0
907.08
905.0
804.0
546.08
486.0
348.0
277.0
251.0
269.46500000000003
189.0
219.0
215.0
207.0
217.0
204.0
202.0
320.0
612.0
864.0
896.0
925.0
841.0
911.0
907.12
893.0
885.0
752.0
545.0
467.0
355.0
327.0
221.0
269.46500000000003
202.5
230.0
203.5
212.0
204.0
220.0
208.0
349.0
563.0
861.0
874.0
940.0
832.0
868.0
881.0
865.0
894.0
748.0
515.0
376.0
341.0
302.0
279.08
269.46500000000003
216.0
241.0
203.5
210.0
210.0
964.0
843.0
577.0
438.0
377.0
354.0
283.0
255.91000000000003
249.0
253.0
255.0
252.0
253.0
250.0
237.0
381.0
697.0
1016.0
1023.0
1036.12
951.0
1038.0
1012.12
1025.0
963.0
819.0
544.0
408.0
362.0
304.0
271.0
254.91
221.0
246.0
227.0
248.0
229.0
233.0
226.0
238.0
224.0
278.0
294.12
274.0
290.0
276.0
290.0
270.0
317.0
299.0
288.0
259.0
234.0
284.32
297.44
282.32
265.32
270.32
268.32
269.32
254.32
270.32
255.32
202.5
306.32
269.32
287.32
279.32
297.32
285.32
274.32
290.32
293.32
240.5
309.32
250.32
329.32
296.32
256.32
223.09
295.32
264.32
266.32
284.32
270.32
289.32
268.32
385.32
571.32
667.32
978.32
848.32
808.32
746.32
1026.32
880.44
839.32
777.32
545.32
485.32
406.32
331.32
298.32
307.31
276.32
294.32
264.32
287.32
295.32
315.32
284.32
373.32
576.32
826.32
861.4
883.32
796.32
887.32
878.32
880.32
845.32
752.32
559.32
448.32
396.32
313.32
282.32
319.27
275.32
288.32
317.32
296.32
286.32
316.32
261.32
353.32
561.32
904.0
937.0
981.12
884.0
941.0
949.0
896.0
929.0
776.0
554.0
398.0
365.12
314.0
241.0
272.95
224.0
231.0
230.0
237.0
230.0
222.0
231.0
328.0
667.0
943.0
959.0
1010.0
903.0
967.12
975.0
942.0
926.0
834.0
562.0
458.0
443.0
356.0
291.0
261.93
261.0
257.0
245.0
261.0
258.0
232.0
238.0
366.0
660.08
956.0
952.0
994.0
909.12
964.0
955.0
944.0
893.12
708.0
487.0
359.0
306.0
258.0
250.0
270.89
212.0
220.0
184.0
184.0
197.0
205.0
191.0
167.0
211.0
194.0
183.0
193.0
202.0
158.0
178.0
187.0
189.0
182.0
208.0
200.0
183.0
193.0
192.0
223.09
187.0
173.0
183.0
210.0
181.0
180.0
174.0
190.0
224.5
233.0
220.0
227.0
230.0
223.0
235.0
228.0
250.0
231.0
235.0
223.0
205.0
199.0
193.0
223.09
202.0
195.0
182.0
185.0
184.0
202.0
165.0
312.0
618.0
930.0
992.0
1028.0
930.0
1008.0
980.0
976.0
961.0
859.0
591.0
456.0
360.0
271.12
255.0
270.89
234.0
210.0
226.0
242.0
221.0
208.0
218.0
355.0
643.0
972.12
978.2
1003.2
1023.2
974.2
1002.2
988.0
980.0
840.0
589.0
426.0
399.0
310.0
314.0
279.85
247.0
233.0
241.0
221.0
236.0
217.0
224.0
349.0
654.0
939.0
980.0
982.0
929.0
993.0
970.12
939.0
933.08
799.0
529.0
413.0
362.0
320.0
284.0
263.93
280.0
268.0
259.0
259.0
253.0
247.0
242.0
336.0
630.0
948.0
977.12
1050.0
955.0
969.08
990.0
967.0
958.0
844.0
594.0
433.0
386.0
286.0
312.32
288.67
261.0
255.0
241.0
255.0
235.0
232.0
219.0
359.0
622.0
938.12
1001.0
1005.0
972.0
1021.0
1001.0
945.0
945.0
806.12
542.0
373.0
330.0
289.0
265.0
249.84
209.0
193.0
230.0
213.0
232.0
212.0
209.0
192.0
238.0
254.0
257.0
261.0
228.0
238.0
266.0
285.0
268.0
281.0
277.0
285.0
252.0
239.0
230.0
223.09
215.0
219.5
220.5
229.0
207.0
236.0
198.0
237.0
205.0
226.0
256.0
260.0
250.0
260.0
263.0
245.0
262.0
256.0
237.0
253.0
237.0
260.0
226.0
223.09
224.0
205.0
219.0
220.0
231.0
216.0
207.0
372.0
643.0
969.0
995.11
896.0
827.0
863.0
857.08
836.0
799.0
696.0
561.0
404.12
303.0
269.0
267.0
249.885
232.0
220.0
242.0
208.0
233.0
209.0
222.0
364.0
677.0
967.0
1021.12
1017.0
929.0
1020.0
991.0
997.08
953.0
844.0
624.12
519.0
369.0
284.0
269.0
249.885
238.0
250.0
252.0
244.0
245.0
250.0
220.0
353.0
656.0
940.0
980.0
1005.0
915.0
973.0
979.0
978.0
928.0
827.0
574.0
470.0
366.0
298.0
265.0
249.93
244.0
242.0
250.0
240.0
223.0
237.0
231.0
356.0
638.0
909.0
981.0
986.0
894.12
935.0
906.0
911.0
888.0
796.0
585.0
456.0
381.0
327.0
268.0
247.92
244.0
262.0
246.0
233.0
224.0
238.0
239.0
369.0
631.0
917.0
956.12
957.12
889.0
941.0
939.0
925.12
921.0
775.0
541.0
474.0
406.0
277.0
243.0
249.925
229.0
246.0
211.0
243.0
215.0
231.0
205.0
217.0
244.0
250.0
286.0
282.0
297.0
272.0
275.0
296.0
277.0
256.0
278.0
233.0
249.0
212.0
209.0
223.09
207.0
207.0
217.0
213.0
212.0
226.0
219.0
231.0
217.0
229.0
204.0
232.0
227.0
209.0
228.0
249.0
239.0
232.0
242.0
248.0
231.0
198.0
215.0
223.09
211.0
216.0
204.0
226.0
219.0
201.0
211.0
358.0
648.0
938.0
1009.0
1007.0
944.0
964.0
1013.0
970.0
950.0
875.0
592.0
441.0
355.0
299.0
243.0
251.93
264.0
241.0
259.0
244.0
260.0
235.0
240.0
351.0
639.0
911.0
992.0
990.0
868.0
977.0
953.12
933.12
942.0
820.0
543.0
478.0
361.0
315.0
255.0
251.865
234.0
228.0
219.0
227.0
223.0
216.0
198.0
342.0
624.0
944.0
931.0
939.0
912.0
934.0
903.0
919.0
910.12
751.0
529.0
473.0
352.0
282.0
262.0
251.8
275.0
230.0
226.0
227.0
246.0
226.0
222.0
378.0
640.0
884.0
961.0
971.12
864.0
947.0
927.0
901.0
852.0
735.0
486.0
409.0
284.0
285.0
258.0
206.825
221.0
230.0
238.0
217.0
221.0
231.0
214.0
321.0
590.0
848.0
857.0
880.0
819.0
832.0
828.0
762.0
776.0
604.0
406.0
323.0
313.0
234.0
204.0
206.825
224.0
221.0
202.0
233.0
204.0
202.0
208.0
190.0
212.0
207.0
202.0
213.0
205.0
193.0
188.0
209.0
213.0
203.0
203.0
216.0
194.0
196.0
241.0
223.09
193.0
229.0
213.0
201.0
199.0
197.0
198.0
318.0
492.0
637.0
640.0
651.0
649.0
649.0
641.0
620.0
601.0
497.0
390.0
234.0
234.0
217.0
215.0
206.825
203.0
209.0
204.0
212.0
202.0
219.0
204.0
291.0
474.0
577.0
621.0
641.0
599.0
627.0
627.0
668.8
628.8
484.0
393.0
273.0
229.0
219.0
223.0
206.825
204.0
196.0
193.0
208.0
201.0
176.0
203.0
233.0
411.0
528.0
526.0
541.0
504.0
524.0
430.0
315.0
273.0
201.0
175.0
166.0
181.0
168.0
191.0
161.85
166.0
160.0
191.0
173.0
171.0
160.0
202.0
147.0
143.0
164.0
177.0
166.0
157.0
178.0
152.0
168.0
158.0
166.0
167.0
184.0
159.0
167.0
176.0
163.86
181.0
170.0
157.0
180.0
174.0
170.0
155.0
140.0
175.0
165.0
167.0
179.0
156.0
156.0
161.0
156.0
157.0
165.0
172.0
187.0
179.0
173.0
181.0
162.86
145.0
180.0
167.0
172.0
160.0
165.0
159.0
160.0
158.0
160.0
157.0
171.0
148.0
158.0
160.5
146.5
165.0
178.0
177.0
173.0
184.0
172.0
180.0
162.86
159.0
167.5
168.0
147.0
167.5
172.0
137.0
158.0
162.0
136.0
148.0
153.0
166.0
146.0
160.0
137.0
165.0
153.0
170.0
178.0
181.0
171.0
178.0
161.86
175.0
155.0
170.0
177.0
175.0
157.0
157.0
170.0
158.0
139.0
157.0
139.0
160.0
146.0
142.0
145.0
160.0
152.0
174.0
162.0
185.0
165.0
177.0
159.88
184.0
181.0
161.0
195.0
168.0
170.0
144.0
146.0
152.0
155.0
170.5
181.0
157.0
161.0
164.0
172.0
155.0
181.0
164.0
177.0
174.0
171.0
168.0
163.925
161.0
171.0
191.0
173.0
165.0
156.0
172.0
158.0
159.0
202.0
184.0
180.0
179.0
190.0
184.0
171.0
191.0
176.0
192.0
181.0
189.0
159.0
173.0
163.925
164.0
190.0
152.0
185.0
176.0
160.0
179.0
275.0
508.0
648.0
662.0
670.0
674.0
695.0
643.0
651.0
626.0
512.0
403.0
301.0
242.0
242.0
228.0
212.03500000000003
220.0
202.0
199.0
201.0
233.0
222.0
184.0
336.0
240.0
272.0
293.44
305.44
297.44
312.44
327.44
305.44
312.44
282.0
250.0
261.0
225.0
207.0
204.0
172.39
203.0
203.0
189.0
208.0
178.0
189.0
217.0
308.0
594.0
872.0
928.0
998.0
879.0
947.0
934.0
916.0
891.0
746.0
508.0
369.0
333.0
242.0
221.0
256.385
193.0
202.0
207.0
185.0
205.0
197.0
229.5
332.52
613.0
873.0
899.0
972.0
869.0
859.0
868.0
875.0
878.0
725.0
473.0
371.0
319.0
266.0
247.0
256.385
215.0
203.0
213.0
201.0
213.0
196.0
242.0
327.0
609.0
867.0
902.0
969.0
879.0
904.0
880.0
882.0
856.0
718.0
478.0
347.0
314.0
273.0
276.0
256.385
410.08
408.08
404.08
407.08
407.08
405.08
427.08
462.08
512.08
572.16
568.16
638.08
641.08
588.08
875.0
874.16
859.16
709.0
498.0
361.0
310.0
290.0
233.0
256.385
227.0
199.0
217.0
188.0
218.0
190.0
220.0
343.0
598.0
870.0
903.0
966.0
834.0
865.0
880.0
885.0
852.0
736.0
441.0
353.0
268.0
259.0
218.0
256.385
190.0
206.0
191.0
185.0
194.0
185.0
187.0
222.0
214.0
262.0
285.0
291.0
276.0
290.0
308.0
292.0
292.0
287.0
256.0
221.0
235.0
199.0
180.0
172.39
196.0
173.0
198.0
184.0
191.0
178.0
184.0
217.5
224.5
238.0
272.0
265.0
261.0
269.0
284.0
267.0
263.0
261.0
225.0
218.0
229.0
205.0
190.0
172.39
182.0
199.0
184.0
180.0
176.0
200.0
194.0
318.0
572.0
863.0
901.0
988.0
861.0
922.0
920.0
873.0
881.0
732.0
453.0
394.0
306.0
281.0
250.0
256.385
228.0
207.0
202.0
216.0
197.0
221.0
222.0
341.0
568.0
850.0
881.0
927.0
844.0
872.0
851.0
869.0
841.0
714.0
493.0
412.0
335.0
270.0
248.0
256.385
206.5
213.5
196.0
199.5
195.5
207.0
216.0
322.0
608.0
844.0
862.0
929.0
842.0
861.0
861.0
835.08
850.08
716.0
460.0
382.0
318.0
275.0
239.0
256.385
206.5
220.0
190.0
183.0
194.0
193.0
206.0
320.0
587.0
851.0
833.0
927.0
841.0
896.0
874.0
847.0
849.0
675.0
406.0
335.0
277.0
250.0
216.0
256.385
206.5
189.0
187.0
170.0
186.0
183.0
200.0
297.0
562.0
833.0
871.0
940.0
821.0
878.0
846.0
832.0
798.0
678.0
391.0
320.0
290.0
248.0
211.0
256.385
186.0
175.0
188.0
185.0
179.0
179.0
172.0
213.0
235.0
274.0
270.0
299.0
290.0
305.0
290.0
261.0
257.0
220.0
210.0
192.0
207.0
199.0
196.0
179.86
189.0
175.0
183.0
168.0
171.0
173.0
182.0
179.0
173.0
211.0
206.0
240.0
206.0
227.0
223.0
216.0
215.0
197.0
208.0
201.0
177.0
202.0
178.0
161.88
185.0
181.0
162.0
196.0
170.0
182.5
201.0
286.0
555.0
826.0
852.0
930.0
847.0
880.0
861.0
842.0
847.0
708.0
456.0
374.0
311.0
265.0
247.0
256.385
218.0
189.0
213.0
195.5
182.0
182.0
208.0
297.0
563.0
832.0
856.0
946.0
830.0
886.0
846.0
854.0
819.0
685.0
474.0
324.0
300.0
249.0
217.0
256.385
184.0
189.0
204.0
195.0
194.0
193.0
217.0
286.0
566.0
844.0
826.0
928.0
800.0
866.0
815.0
819.0
808.0
674.0
492.0
361.0
292.0
244.0
235.0
256.385
198.0
201.0
158.0
210.0
281.0
178.0
212.0
286.0
543.0
814.0
806.0
897.0
767.0
838.0
808.0
765.0
832.0
683.0
314.0
348.0
291.0
713.0
250.0
269.83
155.0
199.0
190.0
225.0
190.0
189.0
224.0
307.0
528.0
816.0
854.0
899.0
798.0
855.0
811.0
825.0
800.0
643.0
421.0
335.0
290.0
241.0
211.0
219.845
187.0
210.0
195.0
186.0
200.0
178.0
172.0
209.0
224.0
281.0
285.0
307.0
257.0
299.0
297.0
295.0
297.0
255.0
230.0
223.0
204.0
197.0
207.0
156.885
191.0
177.0
189.0
190.0
174.0
187.0
188.0
188.0
224.0
254.0
282.0
282.0
260.0
280.0
299.0
284.0
250.0
233.0
229.0
221.0
213.0
204.0
192.0
156.885
189.0
189.0
176.0
195.0
177.0
175.0
208.0
319.0
578.0
834.0
853.0
908.0
821.0
855.0
827.0
818.0
782.52
638.52
423.0
347.0
298.0
256.0
243.0
219.845
201.0
193.0
196.0
173.0
204.0
171.0
220.0
314.0
558.0
784.0
820.0
907.0
792.0
824.0
815.0
805.0
821.0
654.0
452.0
357.0
305.0
229.0
225.0
219.845
194.0
206.0
177.0
197.0
197.0
178.5
206.0
317.0
536.0
789.0
834.0
888.0
795.0
843.0
813.0
801.0
792.0
632.0
419.0
334.0
293.0
253.0
213.0
219.845
176.0
206.0
188.0
205.0
190.0
186.0
211.0
330.0
569.0
810.0
857.0
916.0
791.0
863.0
862.0
853.0
809.0
657.0
433.0
364.0
296.0
237.0
218.0
219.845
188.0
177.0
193.0
180.0
184.0
186.0
208.0
305.0
545.0
768.0
770.0
843.0
776.0
796.0
800.0
747.0
746.0
594.0
396.0
311.0
264.0
227.0
186.0
219.845
172.0
175.0
157.0
158.0
172.0
155.0
153.0
178.0
185.0
241.0
250.56
250.56
218.0
235.0
263.0
234.0
226.0
212.0
200.0
201.0
174.0
175.0
179.0
151.89
185.0
158.0
164.0
172.5
151.0
171.0
161.0
159.0
197.0
227.0
264.0
277.0
211.0
281.0
277.0
267.0
272.0
265.0
181.0
179.0
196.0
178.0
158.0
169.9
159.0
159.0
158.0
168.0
151.0
164.0
164.0
293.0
526.0
824.0
827.0
897.0
815.0
870.0
876.0
841.0
836.0
351.0
782.0
396.0
320.0
248.0
225.0
219.845
184.0
192.0
185.0
190.0
183.0
184.0
190.0
304.0
570.0
827.0
846.0
928.0
821.0
875.0
857.0
849.0
828.0
689.0
464.0
367.0
297.0
246.0
225.0
219.845
187.0
198.0
184.0
192.0
190.0
178.0
223.0
286.0
556.0
829.0
832.0
872.0
806.0
862.31
830.0
818.0
799.0
665.0
450.0
346.0
276.0
239.0
233.0
219.845
201.0
185.0
192.0
192.0
202.0
183.0
212.0
303.0
539.0
816.0
652.0
296.0
302.0
852.655
829.0
817.0
807.0
657.0
433.0
345.0
292.0
259.0
228.0
219.845
210.0
197.0
191.0
182.0
182.0
197.0
206.0
293.0
530.0
797.0
817.0
869.0
818.0
843.0
818.0
817.0
780.0
592.0
513.0
348.0
145.0
161.0
421.0
219.845
257.0
188.0
155.0
187.0
188.0
161.0
176.0
173.0
202.0
230.0
261.0
257.0
269.0
259.0
226.0
286.5
295.5
458.0
398.0
205.0
275.0
175.5
286.0
158.87
162.0
146.0
188.0
175.5
268.0
139.0
191.0
213.0
189.0
214.0
222.0
266.0
228.0
218.0
253.0
286.5
295.5
420.0
265.0
231.0
148.0
173.0
240.0
158.87
202.5
182.54
190.0
177.5
770.0
296.0
179.0
291.0
438.0
858.0
747.0
350.0
798.0
852.0
811.0
808.0
768.0
661.0
432.0
346.0
282.0
204.5
416.0
219.845
202.5
182.54
190.0
177.5
577.0
183.0
202.0
279.0
512.0
788.0
798.0
869.0
778.0
835.0
805.0
802.0
768.0
617.0
432.0
353.0
278.0
248.0
219.0
219.845
202.5
168.08
189.0
173.0
179.0
170.0
217.0
278.0
517.0
788.0
770.0
847.0
744.0
829.0
770.0
779.0
758.0
620.0
445.0
335.0
320.0
278.0
233.0
219.845
195.0
187.0
179.0
175.0
181.0
166.0
202.0
289.0
551.0
805.0
241.0
865.0
776.0
849.0
827.0
803.0
801.0
671.0
464.0
388.0
324.0
255.0
217.0
219.845
196.0
192.0
176.0
182.5
178.0
184.0
211.0
285.0
506.0
807.0
810.0
883.0
808.0
844.0
814.0
810.0
783.0
640.0
411.0
331.0
282.0
230.0
200.0
219.845
182.0
196.0
178.0
164.0
190.0
158.0
192.0
179.0
207.0
304.0
332.0
315.0
262.0
306.0
342.0
306.0
319.0
293.0
222.0
213.0
193.0
199.0
194.0
158.87
317.0
260.52
325.52
305.0
330.16
305.16
275.16
255.5
239.0
228.0
187.0
217.0
208.94
196.0
200.0
204.0
182.0
192.0
196.0
182.0
195.0
213.0
221.0
242.0
239.0
250.0
251.0
251.0
251.0
244.0
275.0
241.0
241.0
206.0
205.0
207.0
208.94
203.0
187.0
196.0
189.0
210.0
182.0
187.0
351.0
607.52
863.52
928.52
927.52
864.52
906.52
898.0
898.0
875.0
745.0
448.0
396.0
329.0
281.0
221.0
224.43
206.0
211.0
208.0
196.0
224.0
191.0
226.0
326.0
590.0
869.0
888.0
939.0
841.04
884.04
879.84
869.84
851.84
756.84
507.84
373.84
340.0
261.0
233.0
224.43
236.0
207.0
209.0
217.0
193.0
221.0
192.0
344.0
588.0
830.0
875.0
917.0
817.0
869.0
856.0
855.0
838.0
713.0
453.0
366.0
329.0
281.0
236.0
224.43
225.0
205.0
205.0
215.0
201.0
211.0
211.0
345.0
593.0
830.0
848.0
895.0
790.0
834.0
813.0
791.0
735.0
609.0
397.0
306.0
282.0
248.0
226.0
224.43
198.5
198.0
205.5
193.5
199.5
201.0
180.5
200.0
209.5
226.0
238.0
238.5
241.0
239.0
248.0
245.5
253.04
242.0
236.0
231.0
209.0
226.0
186.0
208.94
201.0
196.0
207.0
205.0
207.0
201.0
180.5
205.0
206.0
231.0
234.0
238.0
232.0
227.0
245.0
240.0
240.0
209.0
217.0
231.0
206.0
214.0
194.0
208.94
193.0
205.0
194.0
204.5
201.5
206.0
179.0
192.0
220.0
261.0
267.5
287.56
263.0
265.0
282.0
272.0
283.0
251.0
220.0
237.0
233.0
210.0
201.0
208.94
201.0
198.0
208.0
215.0
203.0
187.0
218.0
351.0
620.0
946.0
938.56
975.56
902.0
947.0
956.0
957.0
932.0
807.0
596.0
483.0
358.0
272.0
225.0
224.43
206.0
222.0
218.0
211.0
226.0
202.0
202.0
387.0
660.0
914.0
951.0
989.0
917.0
955.0
938.0
928.0
935.0
796.0
528.0
444.0
368.0
280.0
234.0
224.43
210.0
236.0
201.0
214.0
227.0
202.0
236.0
369.0
629.0
942.0
956.0
990.0
892.0
944.0
919.0
920.56
925.56
807.0
548.0
395.0
346.0
295.0
255.0
224.43
214.0
203.0
220.0
202.0
198.0
220.0
207.0
382.0
641.0
917.0
939.0
997.0
903.0
964.0
940.0
931.0
928.0
793.0
543.0
447.0
357.0
266.0
247.0
224.43
200.0
218.0
204.0
214.0
200.0
219.0
209.0
384.0
643.0
938.0
982.0
1019.0
891.0
949.0
944.0
897.0
902.0
778.0
534.0
391.0
345.04
278.04
246.0
224.43
210.0
205.0
210.0
204.0
196.0
216.0
197.0
201.0
219.0
273.0
301.0
284.0
275.0
298.0
291.0
311.0
278.0
264.0
252.0
230.0
224.0
215.0
182.0
208.94
204.0
201.0
191.0
189.0
202.0
199.0
190.0
188.0
200.0
242.0
250.0
282.0
290.0
270.0
282.0
253.0
289.0
261.0
263.0
223.0
229.0
221.0
205.0
208.94
213.0
200.0
209.0
212.0
201.5
210.0
196.0
367.0
623.0
943.0
984.0
1033.0
943.0
987.0
993.0
958.0
963.0
839.0
538.0
426.0
334.0
263.0
226.0
224.43
217.0
200.0
200.0
210.0
203.0
206.0
211.0
358.0
630.0
944.0
973.0
1030.0
944.0
993.0
986.0
956.0
960.0
807.0
563.0
449.0
327.0
284.0
252.0
224.43
224.0
207.0
196.0
226.0
202.0
203.0
225.0
360.0
647.0
933.0
954.0
1032.56
934.56
990.0
969.0
961.0
933.0
838.0
531.0
427.0
350.0
293.0
257.0
224.43
236.0
200.0
218.0
229.0
207.0
222.0
236.0
367.0
649.0
943.0
999.0
1041.0
942.0
962.0
957.0
927.0
949.0
786.0
564.0
457.0
362.0
272.0
249.0
224.43
215.0
207.0
207.0
211.0
202.0
213.0
206.0
369.0
650.0
925.0
978.0
1015.0
927.0
953.0
925.0
910.0
850.0
658.0
433.0
378.0
304.0
258.0
235.0
224.43
206.0
218.0
215.0
203.0
216.0
199.0
208.0
203.0
230.0
310.0
315.0
333.0
289.0
340.0
341.0
331.0
349.0
326.0
285.0
277.0
244.0
231.0
196.0
208.94
194.0
210.0
223.0
194.0
225.0
197.0
198.0
210.0
211.0
245.0
264.0
283.0
278.0
265.0
268.0
280.0
263.0
257.0
270.0
261.0
230.0
225.0
218.0
208.94
215.0
204.0
208.0
201.0
213.0
202.0
229.0
369.0
625.0
966.0
1004.0
1026.0
949.0
1001.0
956.0
970.0
945.0
826.0
594.0
445.0
364.0
294.0
236.0
224.43
228.0
213.0
221.0
219.0
213.0
214.0
240.0
381.0
638.0
945.0
950.0
994.0
910.0
988.0
992.0
971.0
946.0
825.0
556.0
466.0
388.0
293.0
273.0
224.43
224.0
235.0
202.0
229.0
200.0
222.0
235.0
383.0
620.0
939.0
965.0
1012.0
911.0
986.0
964.0
961.0
939.0
808.0
523.0
409.0
347.0
319.0
282.0
224.43
245.0
234.0
207.0
225.0
226.0
234.0
236.0
421.04
629.04
941.0
980.0
1030.0
940.0
921.0
950.0
933.0
916.0
764.0
600.0
486.0
381.0
305.0
242.0
224.43
207.0
218.0
212.0
221.0
207.0
199.0
239.0
388.0
640.0
948.0
944.0
989.0
887.0
938.0
932.0
921.0
899.0
737.0
496.0
401.0
353.0
268.0
229.0
224.43
216.0
204.0
218.0
214.0
197.0
216.0
204.0
198.0
266.0
339.56
361.56
362.0
323.0
342.0
357.0
354.0
358.0
327.0
264.0
243.0
237.0
234.0
220.0
208.94
215.0
213.0
219.0
208.0
213.0
192.0
217.0
201.0
242.0
341.0
330.0
378.0
324.0
352.0
366.0
345.0
355.0
361.0
280.0
252.0
227.0
202.0
173.0
208.94
176.0
178.0
211.0
212.0
171.0
188.0
193.0
352.0
545.0
960.0
1004.0
1040.0
926.0
975.0
973.0
982.0
965.0
856.0
619.0
463.0
315.0
261.0
250.0
224.43
201.0
207.0
210.0
203.0
205.0
202.0
229.0
372.0
654.0
879.0
975.0
997.0
920.0
937.0
930.0
925.0
904.0
742.0
486.0
422.0
342.0
269.0
236.0
224.43
202.0
205.0
208.0
202.0
207.0
198.0
229.0
349.0
657.0
946.0
999.0
1030.0
908.0
966.0
971.0
955.0
949.0
785.0
526.0
407.0
337.0
267.0
221.0
224.43
200.0
213.0
203.0
203.0
220.0
205.0
233.0
347.0
639.0
917.0
982.0
1005.0
899.0
958.0
921.0
938.0
907.0
759.0
470.0
376.0
340.0
299.0
245.0
224.43
223.0
231.0
222.0
204.0
233.0
217.0
225.0
387.0
625.0
941.0
877.0
866.0
825.0
831.0
821.0
805.0
781.0
631.0
493.0
396.0
276.0
251.0
247.0
224.43
227.0
215.0
220.0
202.0
213.0
214.0
207.0
207.0
296.0
393.0
394.0
405.0
354.0
392.0
400.0
402.0
374.0
337.0
246.0
230.0
224.0
214.0
201.0
208.94
183.0
199.0
178.0
186.0
174.0
186.0
172.0
195.0
224.0
329.56
345.56
347.0
338.0
344.0
323.0
322.0
335.0
269.0
241.0
238.0
221.0
213.0
210.0
208.94
206.0
190.0
196.0
196.0
204.0
196.0
232.0
343.0
717.0
849.0
869.0
918.0
859.0
872.0
872.0
858.0
851.0
706.0
480.0
352.0
301.0
277.0
235.0
224.43
203.0
184.0
196.0
188.0
202.0
190.0
209.0
373.0
565.0
829.0
839.0
879.0
842.0
836.0
799.0
824.0
766.0
650.0
448.0
325.0
291.0
266.0
235.0
224.43
235.0
221.0
227.0
209.0
236.0
209.0
249.0
368.0
586.0
766.0
790.0
835.0
799.0
798.0
784.0
781.0
737.0
570.0
414.0
323.0
289.0
258.0
261.0
224.43
220.0
208.0
228.0
205.0
218.0
226.0
218.0
377.0
557.0
739.04
753.04
763.0
738.0
704.0
670.0
682.0
649.0
534.0
376.0
293.0
232.0
217.0
230.0
224.43
205.0
195.0
217.0
197.0
218.0
188.0
216.0
327.0
492.0
612.0
657.0
659.0
656.0
645.0
608.0
578.0
561.0
469.0
332.0
283.0
200.0
192.0
183.0
224.43
189.0
177.0
206.0
209.0
222.0
364.0
677.0
967.0
1021.12
1017.0
929.0
1020.0
991.0
997.08
953.0
844.0
624.12
519.0
369.0
284.0
269.0
249.885
238.0
250.0
252.0
244.0
245.0
250.0
220.0
353.0
656.0
940.0
980.0
1005.0
915.0
973.0
979.0
978.0
928.0
827.0
574.0
470.0
366.0
298.0
265.0
249.93
244.0
242.0
250.0
240.0
223.0
237.0
231.0
356.0
638.0
909.0
981.0
986.0
894.12
935.0
906.0
911.0
888.0
796.0
585.0
456.0
381.0
327.0
268.0
247.92
244.0
262.0
246.0
233.0
224.0
238.0
239.0
369.0
631.0
917.0
956.12
957.12
889.0
941.0
939.0
925.12
921.0
775.0
541.0
474.0
406.0
277.0
243.0
249.925
229.0
246.0
211.0
243.0
215.0
231.0
205.0
217.0
244.0
250.0
286.0
282.0
297.0
272.0
275.0
296.0
277.0
256.0
278.0
233.0
249.0
212.0
209.0
223.09
207.0
207.0
217.0
213.0
212.0
226.0
219.0
231.0
217.0
229.0
204.0
232.0
227.0
209.0
228.0
249.0
239.0
232.0
242.0
248.0
231.0
198.0
215.0
223.09
211.0
216.0
204.0
226.0
219.0
201.0
211.0
358.0
648.0
938.0
1009.0
1007.0
944.0
964.0
1013.0
970.0
950.0
875.0
592.0
441.0
355.0
299.0
243.0
251.93
264.0
241.0
259.0
244.0
260.0
235.0
240.0
351.0
639.0
911.0
992.0
990.0
868.0
977.0
953.12
933.12
942.0
820.0
543.0
478.0
361.0
315.0
255.0
251.865
234.0
228.0
219.0
227.0
223.0
216.0
198.0
342.0
624.0
944.0
931.0
939.0
912.0
934.0
903.0
919.0
910.12
751.0
529.0
473.0
352.0
282.0
262.0
251.8
275.0
230.0
226.0
227.0
246.0
226.0
222.0
378.0
640.0
884.0
961.0
971.12
864.0
947.0
927.0
901.0
852.0
735.0
486.0
409.0
284.0
285.0
258.0
206.825
221.0
230.0
238.0
217.0
221.0
231.0
214.0
321.0
590.0
848.0
857.0
880.0
819.0
832.0
828.0
762.0
776.0
604.0
406.0
323.0
313.0
234.0
204.0
206.825
224.0
221.0
202.0
233.0
204.0
202.0
208.0
190.0
212.0
207.0
202.0
213.0
205.0
193.0
188.0
209.0
213.0
203.0
203.0
216.0
194.0
196.0
241.0
223.09
193.0
229.0
213.0
201.0
199.0
197.0
198.0
318.0
492.0
637.0
640.0
651.0
649.0
649.0
641.0
620.0
601.0
497.0
390.0
234.0
234.0
217.0
215.0
206.825
203.0
209.0
204.0
212.0
202.0
219.0
204.0
291.0
474.0
577.0
621.0
641.0
599.0
627.0
627.0
668.8
628.8
484.0
393.0
273.0
229.0
219.0
223.0
206.825
204.0
196.0
193.0
208.0
201.0
176.0
203.0
233.0
411.0
528.0
526.0
541.0
504.0
524.0
430.0
315.0
273.0
201.0
175.0
166.0
181.0
168.0
191.0
161.85
166.0
160.0
191.0
173.0
171.0
160.0
202.0
147.0
143.0
164.0
177.0
166.0
157.0
178.0
152.0
168.0
158.0
166.0
167.0
184.0
159.0
167.0
176.0
163.86
181.0
170.0
157.0
180.0
174.0
170.0
155.0
140.0
175.0
165.0
167.0
179.0
156.0
156.0
161.0
156.0
157.0
165.0
172.0
187.0
179.0
173.0
181.0
162.86
145.0
180.0
167.0
172.0
160.0
165.0
159.0
160.0
158.0
160.0
157.0
171.0
148.0
158.0
160.5
146.5
165.0
178.0
177.0
173.0
184.0
172.0
180.0
162.86
159.0
167.5
168.0
147.0
167.5
172.0
137.0
158.0
162.0
136.0
148.0
153.0
166.0
146.0
160.0
137.0
165.0
153.0
170.0
178.0
181.0
171.0
178.0
161.86
175.0
155.0
170.0
177.0
175.0
157.0
157.0
170.0
158.0
139.0
157.0
139.0
160.0
146.0
142.0
145.0
160.0
152.0
174.0
162.0
185.0
165.0
177.0
159.88
184.0
181.0
161.0
195.0
168.0
170.0
144.0
146.0
152.0
155.0
170.5
181.0
157.0
161.0
164.0
172.0
155.0
181.0
164.0
177.0
174.0
171.0
168.0
163.925
161.0
171.0
191.0
173.0
165.0
156.0
172.0
158.0
159.0
202.0
184.0
180.0
179.0
190.0
184.0
171.0
191.0
176.0
192.0
181.0
189.0
159.0
173.0
163.925
164.0
190.0
152.0
185.0
176.0
160.0
179.0
275.0
508.0
648.0
662.0
670.0
674.0
695.0
643.0
651.0
626.0
512.0
403.0
301.0
242.0
242.0
228.0
212.03500000000003
220.0
202.0
199.0
201.0
233.0
222.0
184.0
336.0
591.0
836.0
850.0
835.0
757.0
829.12
822.0
805.0
803.0
701.0
463.0
355.0
292.0
263.0
222.0
212.03500000000003
221.0
220.0
211.0
203.0
205.0
231.0
209.0
322.0
614.0
840.0
853.0
904.0
829.0
915.0
885.0
866.0
824.0
744.0
476.0
344.0
282.0
256.0
278.0
212.03500000000003
220.0
219.0
218.0
217.0
229.0
213.0
217.0
345.0
611.0
806.12
843.0
849.0
801.0
868.0
832.0
852.0
804.0
675.0
397.0
307.0
256.0
237.0
223.0
212.03500000000003
208.0
208.0
214.0
221.0
229.0
216.0
210.0
191.0
209.0
217.0
214.0
216.0
222.0
229.0
218.0
211.0
225.84
215.0
243.0
216.0
221.0
228.0
198.0
163.925
205.0
206.0
200.0
207.0
240.0
211.5
218.0
341.0
693.16
937.16
939.16
979.16
906.16
981.28
950.16
955.16
930.16
806.16
616.16
454.16
362.16
294.16
265.0
212.03500000000003
229.0
219.0
231.0
230.0
251.0
210.0
215.0
344.0
668.0
973.0
968.0
996.0
909.08
970.0
962.0
987.0
947.0
807.0
563.0
475.08
356.0
294.0
261.0
212.03500000000003
261.0
205.0
227.0
205.0
225.0
220.0
224.0
347.64
668.64
950.76
952.12
995.68
938.56
976.0
968.52
969.52
918.04
795.04
568.56
464.56
332.0
293.0
297.0
212.03500000000003
236.5
217.0
223.5
210.5
219.0
224.0
222.0
350.7
666.83
849.7
990.68
993.92
878.92
961.92
943.04
928.92
929.92
769.92
551.92
479.92
373.92
310.92
246.0
212.03500000000003
236.5
217.0
223.5
210.5
219.0
228.0
220.0
348.0
631.0
923.0
965.0
994.0
917.12
956.68
920.68
947.68
936.84
797.72
523.2
397.2
342.2
291.0
232.0
212.03500000000003
212.5
248.0
210.0
212.0
201.0
213.0
206.0
200.0
214.0
258.0
287.0
269.0
243.04
264.04
267.52
262.52
260.68
215.0
271.68
226.5
224.0
228.0
219.0
163.925
217.0
184.0
221.0
216.0
207.0
210.0
202.0
209.0
219.0
236.0
243.0
247.0
260.0
261.76
252.26
258.76
273.76
254.0
265.0
237.0
227.0
228.0
212.0
163.925
212.0
229.0
220.0
216.0
213.0
216.0
218.0
329.0
601.0
930.0
1000.08
1023.0
920.0
956.0
969.0
975.0
947.12
791.0
593.0
427.0
358.0
328.0
300.0
212.03500000000003
248.84
244.0
237.76
242.72
237.0
231.0
224.0
366.0
661.0
936.0
986.0
1002.0
923.0
971.12
955.12
906.0
920.0
815.0
554.32
452.84
349.84
324.0
275.0
262.22
285.68
244.0
255.52
227.0
261.0
246.0
217.0
422.36
662.48
913.8
950.48
966.6
905.68
955.0
937.84
924.72
898.88
833.88
561.88
451.0
392.0
318.0
303.0
267.155
246.84
244.0
242.76
232.5
243.5
235.0
223.0
307.0
596.72
929.72
931.04
946.04
872.04
911.04
904.04
879.04
904.04
800.04
546.04
466.04
361.04
326.04
256.0
267.155
246.84
259.0
230.0
238.0
226.0
224.0
233.0
341.0
604.0
864.0
919.0
918.12
854.0
885.0
894.0
874.0
845.0
749.0
478.0
406.12
320.0
273.0
247.0
267.155
219.5
198.0
215.5
205.0
216.0
208.5
218.5
204.5
214.5
229.0
231.0
235.0
254.0
254.0
252.26
277.48
253.48
241.0
254.0
216.0
264.0
226.0
211.0
163.925
219.5
198.0
215.5
205.0
216.0
208.5
218.5
204.5
214.5
208.0
220.5
252.0
251.5
242.76
252.26
257.74
255.24
251.84
253.0
215.0
251.5
226.0
211.0
163.925
246.84
255.66
232.0
240.5
231.5
217.5
204.0
334.0
573.0
906.0
931.44
985.32
942.44
939.68
942.68
944.68
917.16
791.16
572.16
528.16
405.16
157.0
139.0
160.0
146.0
142.0
145.0
160.0
152.0
174.0
162.0
185.0
165.0
177.0
159.88
184.0
181.0
161.0
195.0
168.0
170.0
144.0
146.0
152.0
155.0
170.5
181.0
157.0
161.0
164.0
172.0
155.0
181.0
164.0
177.0
174.0
171.0
168.0
163.925
161.0
171.0
191.0
173.0
165.0
156.0
172.0
158.0
159.0
202.0
184.0
180.0
179.0
190.0
184.0
171.0
191.0
176.0
192.0
181.0
189.0
159.0
173.0
163.925
164.0
190.0
152.0
185.0
176.0
160.0
179.0
275.0
508.0
648.0
662.0
670.0
674.0
695.0
643.0
651.0
626.0
512.0
403.0
301.0
242.0
242.0
228.0
212.03500000000003
220.0
202.0
199.0
201.0
233.0
222.0
184.0
336.0
591.0
836.0
850.0
835.0
757.0
829.12
822.0
805.0
803.0
701.0
463.0
355.0
292.0
263.0
222.0
212.03500000000003
221.0
220.0
211.0
203.0
205.0
231.0
209.0
322.0
614.0
840.0
853.0
904.0
829.0
915.0
885.0
866.0
824.0
744.0
476.0
344.0
282.0
256.0
278.0
212.03500000000003
220.0
219.0
218.0
217.0
229.0
213.0
217.0
345.0
611.0
806.12
843.0
849.0
801.0
868.0
832.0
852.0
804.0
675.0
397.0
307.0
256.0
237.0
223.0
212.03500000000003
208.0
208.0
214.0
221.0
229.0
216.0
210.0
191.0
209.0
217.0
214.0
216.0
222.0
229.0
218.0
211.0
225.84
215.0
243.0
216.0
221.0
228.0
198.0
163.925
205.0
206.0
200.0
207.0
240.0
211.5
218.0
341.0
693.16
937.16
939.16
979.16
906.16
981.28
950.16
955.16
930.16
806.16
616.16
454.16
362.16
294.16
265.0
212.03500000000003
229.0
219.0
231.0
230.0
251.0
210.0
215.0
344.0
668.0
973.0
968.0
996.0
909.08
970.0
962.0
987.0
947.0
807.0
563.0
475.08
356.0
294.0
261.0
212.03500000000003
261.0
205.0
227.0
205.0
225.0
220.0
224.0
347.64
668.64
950.76
952.12
995.68
938.56
976.0
968.52
969.52
918.04
795.04
568.56
464.56
332.0
293.0
297.0
212.03500000000003
236.5
217.0
223.5
210.5
219.0
224.0
222.0
350.7
666.83
849.7
990.68
993.92
878.92
961.92
943.04
928.92
929.92
769.92
551.92
479.92
373.92
310.92
246.0
212.03500000000003
236.5
217.0
223.5
210.5
219.0
228.0
220.0
348.0
631.0
923.0
965.0
994.0
917.12
956.68
920.68
947.68
936.84
797.72
523.2
397.2
342.2
291.0
232.0
212.03500000000003
212.5
248.0
210.0
212.0
201.0
213.0
206.0
200.0
214.0
258.0
287.0
269.0
243.04
264.04
267.52
262.52
260.68
215.0
271.68
226.5
224.0
228.0
219.0
163.925
217.0
184.0
221.0
216.0
207.0
210.0
202.0
209.0
219.0
236.0
243.0
247.0
260.0
261.76
252.26
258.76
273.76
254.0
265.0
237.0
227.0
228.0
212.0
163.925
212.0
229.0
220.0
216.0
213.0
216.0
218.0
329.0
601.0
930.0
1000.08
1023.0
920.0
956.0
969.0
975.0
947.12
791.0
593.0
427.0
358.0
328.0
300.0
212.03500000000003
248.84
244.0
237.76
242.72
237.0
231.0
224.0
366.0
661.0
936.0
986.0
1002.0
923.0
971.12
955.12
906.0
920.0
815.0
554.32
452.84
349.84
324.0
275.0
262.22
285.68
244.0
255.52
227.0
261.0
246.0
217.0
422.36
662.48
913.8
950.48
966.6
905.68
955.0
937.84
924.72
898.88
833.88
561.88
451.0
392.0
318.0
303.0
267.155
246.84
244.0
242.76
232.5
243.5
235.0
223.0
307.0
596.72
929.72
931.04
946.04
872.04
911.04
904.04
879.04
904.04
800.04
546.04
466.04
361.04
326.04
256.0
267.155
246.84
259.0
230.0
238.0
226.0
224.0
233.0
341.0
604.0
864.0
919.0
918.12
854.0
885.0
894.0
874.0
845.0
749.0
478.0
406.12
320.0
273.0
247.0
267.155
219.5
198.0
215.5
205.0
216.0
208.5
218.5
204.5
214.5
229.0
231.0
235.0
254.0
254.0
252.26
277.48
253.48
241.0
254.0
216.0
264.0
226.0
211.0
163.925
219.5
198.0
215.5
205.0
216.0
208.5
218.5
204.5
214.5
208.0
220.5
252.0
251.5
242.76
252.26
257.74
255.24
251.84
253.0
215.0
251.5
226.0
211.0
163.925
246.84
255.66
232.0
240.5
231.5
217.5
204.0
334.0
573.0
906.0
931.44
985.32
942.44
939.68
942.68
944.68
917.16
791.16
572.16
528.16
405.16
361.16
278.0
267.155
246.84
255.66
234.0
243.0
237.0
211.0
247.0
334.0
587.0
894.0
947.0
971.4
868.32
927.4
928.0
900.44
920.44
778.44
547.44
459.44
381.44
301.44
269.0
272.09
246.84
252.32
225.0
242.0
223.0
249.0
212.0
356.0
596.08
837.0
907.0
955.0
923.0
883.0
923.0
876.0
859.0
768.0
538.0
383.0
349.0
329.0
278.0
249.98
246.84
241.0
216.0
238.0
244.0
224.0
238.0
337.0
557.0
885.0
919.0
939.0
864.12
892.0
922.0
883.0
865.0
760.0
527.0
413.0
335.0
322.0
285.0
250.395
246.84
234.0
208.0
226.0
211.0
233.0
215.0
351.0
581.0
914.12
918.52
941.52
862.52
906.52
902.12
929.0
889.12
770.32
514.32
413.32
348.0
282.0
274.0
250.395
219.5
198.0
215.5
194.0
225.0
207.0
218.5
204.5
210.0
241.0
210.0
252.0
249.0
232.0
237.0
238.0
257.0
241.0
252.0
215.0
251.5
226.0
211.0
163.925
219.5
212.0
210.0
201.0
204.0
200.0
235.0
200.0
215.0
228.0
234.0
269.0
239.0
253.0
264.0
225.0
233.0
233.0
221.0
214.0
239.0
224.0
210.0
163.925
246.84
214.0
198.0
219.0
198.0
227.0
215.0
334.0
572.0
915.0
966.0
984.0
925.0
935.0
952.0
895.0
917.0
801.0
531.0
407.12
305.0
275.0
246.0
250.395
208.0
229.0
225.0
228.0
216.0
199.0
244.0
311.0
628.0
903.0
942.0
955.0
866.12
937.0
936.0
905.12
910.0
765.0
524.12
454.0
341.0
299.0
247.0
250.81
211.0
256.92
270.92
267.92
227.5
259.92
272.92
302.92
368.92
883.0
909.0
941.0
865.0
869.0
897.0
858.0
761.0
695.0
493.0
435.0
369.12
314.0
245.0
265.94
214.0
242.0
228.0
233.0
239.0
225.0
239.0
320.0
608.0
881.0
908.0
927.12
878.0
899.0
867.0
891.0
860.0
767.08
575.0
495.0
397.0
313.0
256.0
262.86
242.0
225.0
220.0
229.0
233.0
242.0
218.0
371.0
603.0
911.0
922.0
941.0
888.0
900.0
920.0
949.0
879.0
763.0
502.0
435.0
316.0
342.0
261.0
263.345
222.0
195.0
207.0
212.0
209.0
211.0
208.0
204.0
239.0
256.0
249.0
248.0
260.0
275.0
264.0
259.0
246.0
256.0
232.0
241.0
222.0
225.0
197.0
163.925
196.0
189.0
191.0
199.0
186.0
199.0
195.0
199.0
220.0
209.0
257.0
236.0
240.0
252.0
272.0
223.0
236.0
239.0
243.0
254.0
214.0
211.0
227.0
163.925
198.0
197.0
209.0
197.0
199.0
183.0
180.0
344.0
577.0
895.0
913.08
963.0
876.0
909.2
913.0
929.0
895.0
779.0
592.0
470.0
375.0
317.0
267.0
263.345
217.0
218.0
212.0
204.0
213.5
190.0
236.0
334.0
573.0
840.0
861.0
893.0
836.0
902.0
864.0
879.0
889.0
758.0
498.0
450.24
352.0
296.0
242.0
263.345
256.0
237.0
215.0
211.0
228.0
240.0
208.0
329.0
570.0
850.0
875.0
893.0
818.0
910.0
868.12
895.0
863.0
790.0
554.0
454.0
388.0
336.0
327.0
263.83
238.0
269.0
229.0
228.0
216.0
223.0
264.0
336.0
557.0
849.0
902.0
911.0
849.0
888.0
900.0
884.0
876.0
762.0
580.0
441.0
377.0
299.0
284.0
278.88
218.0
239.0
210.0
217.0
217.0
202.0
224.0
345.12
564.0
860.0
856.0
904.0
817.12
883.0
871.0
838.0
829.0
710.0
522.0
402.0
349.0
284.0
218.0
269.46500000000003
196.0
196.0
209.0
215.0
201.0
181.0
195.0
185.0
196.0
212.0
231.0
247.0
230.0
226.0
242.0
240.0
244.0
259.0
241.0
235.0
220.0
199.0
178.0
163.925
200.0
209.0
156.0
208.0
264.0
480.0
772.0
806.0
882.0
780.0
815.0
799.0
814.0
789.0
687.0
487.0
438.0
354.0
266.0
248.0
193.41
183.0
198.0
161.0
200.0
168.0
186.0
188.0
267.0
522.0
779.0
839.0
894.0
837.0
838.0
808.0
805.0
798.0
703.0
477.0
454.0
365.0
292.0
271.0
193.41
224.0
203.0
188.0
191.0
192.0
189.0
214.0
264.0
469.0
792.0
811.0
873.0
775.0
809.0
778.0
761.0
758.0
645.0
449.0
373.0
334.0
268.0
243.0
193.41
184.0
192.0
208.0
183.0
203.0
163.5
191.0
266.0
475.0
734.0
764.0
835.0
768.0
758.0
702.0
688.0
568.0
484.0
337.0
256.0
242.0
222.0
159.0
143.89
171.0
147.0
161.0
146.5
146.0
140.0
130.0
135.0
132.0
148.0
161.0
171.0
151.56
161.56
165.0
173.0
148.0
165.0
161.0
131.0
162.0
154.0
129.0
145.87
136.0
133.0
154.0
140.0
132.0
147.0
129.5
136.0
148.0
189.0
181.0
171.0
194.0
205.0
188.0
182.0
182.0
156.0
134.0
158.0
162.0
137.0
136.0
159.84
138.04
148.04
145.0
139.0
150.0
136.0
129.0
137.0
144.0
162.0
151.0
211.0
197.0
180.0
171.0
186.0
162.0
141.0
145.0
175.0
146.0
140.0
137.0
155.88
133.0
138.0
146.0
146.0
135.0
133.0
131.0
138.0
132.0
148.0
167.0
192.0
200.0
187.0
162.0
172.5
161.0
175.0
140.0
148.0
150.0
145.0
137.0
138.86
135.0
133.0
159.0
134.0
141.0
135.5
141.0
139.0
149.08
168.08
188.0
208.0
200.0
183.0
193.0
159.0
172.0
192.0
151.0
172.0
133.0
159.0
152.0
140.9
159.0
138.0
148.0
142.0
150.0
138.0
138.0
129.0
137.0
160.0
177.0
211.0
207.0
175.0
178.0
175.0
155.0
180.0
156.0
158.0
139.0
155.0
129.0
163.82
164.5
137.0
151.0
148.0
147.0
129.0
144.5
142.0
140.0
189.0
179.0
242.0
235.0
217.0
187.0
200.0
196.0
186.0
173.5
158.08
171.0
151.0
139.0
149.87
136.0
137.0
143.0
141.0
134.0
138.0
191.0
246.5
409.56
694.0
725.0
751.0
648.0
724.0
698.0
709.0
695.0
562.0
348.0
275.0
263.0
220.0
188.0
143.89
173.0
151.0
162.0
168.0
151.0
166.0
168.0
227.0
429.0
689.0
687.0
750.0
635.0
697.0
685.0
709.0
679.0
574.0
323.0
271.0
244.0
244.0
196.0
143.89
178.0
165.0
181.0
173.0
170.0
167.04
171.0
251.0
438.0
702.2
714.4
743.4
645.4
718.4
695.4
706.2
687.2
607.2
392.2
334.2
322.2
252.68
201.0
143.89
188.5
162.52
178.5
174.0
165.0
166.0
174.0
239.0
430.0
688.0
735.0
758.0
670.0
736.0
737.0
732.0
702.0
613.0
367.0
303.0
279.0
272.0
231.0
143.89
199.0
172.0
176.0
175.0
167.0
185.0
168.0
230.0
406.0
670.24
719.24
725.24
645.24
688.0
701.84
664.84
683.84
567.84
351.84
314.84
286.0
275.0
229.0
143.89
188.0
204.0
187.0
162.0
206.0
183.0
197.0
241.0
458.0
742.0
708.0
782.52
668.52
726.0
718.0
712.0
717.0
591.0
347.0
290.0
258.0
232.0
230.0
143.89
170.0
166.52
177.5
173.0
172.0
174.0
175.0
266.0
449.0
738.0
727.0
790.0
713.0
748.0
725.0
719.0
717.0
601.0
357.0
291.0
253.0
235.0
204.0
143.89
170.0
173.0
172.0
154.0
173.0
187.0
151.0
155.0
149.38
237.0
232.0
249.0
236.5
230.5
231.0
218.0
223.0
211.0
191.0
183.0
183.0
175.0
166.0
148.36
162.0
168.0
162.0
178.0
165.0
154.52
160.5
159.76
158.76
240.5
250.0
248.5
236.5
230.5
201.0
206.0
211.0
216.0
223.0
196.0
188.0
188.0
172.0
148.36
176.0
154.0
168.0
146.0
172.5
172.0
162.0
290.0
411.0
742.0
779.0
815.0
716.0
763.0
782.0
788.0
759.0
653.0
409.0
320.0
288.0
261.0
206.0
143.89
177.94
165.5
172.0
156.0
172.5
171.5
168.5
278.6
450.6
674.6
707.6
694.6
617.6
707.6
716.6
709.6
687.6
609.6
403.6
342.6
338.6
297.6
231.0
143.89
179.88
177.0
176.0
166.0
173.0
171.0
175.0
244.0
453.0
753.0
787.0
837.0
709.0
763.0
775.0
755.0
752.0
656.0
390.0
339.0
296.0
263.0
222.0
143.89
169.44
173.0
183.0
187.0
189.0
163.5
192.0
247.0
441.0
742.0
767.0
796.0
711.0
770.0
768.0
750.0
741.0
642.0
383.0
308.0
286.0
249.0
248.0
143.89
169.44
196.0
191.0
183.0
182.0
163.5
197.0
262.0
450.0
717.0
758.0
804.0
706.0
751.0
754.0
757.0
725.0
627.0
378.0
269.0
246.0
212.0
190.0
143.89
172.0
161.0
175.0
164.0
161.0
158.0
170.0
164.0
174.0
244.0
268.0
248.0
238.0
244.0
271.56
257.56
260.0
227.0
203.0
183.0
189.0
185.0
182.0
146.85
182.0
153.0
149.0
176.0
159.0
155.0
164.0
153.0
167.0
172.0
202.0
223.0
207.0
184.0
198.0
223.0
197.0
206.0
172.0
175.5
190.0
165.0
174.0
161.365
159.0
171.0
173.0
160.0
175.0
156.0
192.0
262.0
444.0
745.0
752.0
809.0
724.0
769.0
776.0
763.0
755.0
646.0
426.0
341.0
288.0
251.0
223.0
143.89
184.0
181.0
171.0
186.0
193.0
167.0
185.0
273.0
452.0
756.0
741.0
801.0
687.0
767.0
772.0
758.0
739.0
647.0
417.0
342.0
288.0
240.0
205.0
143.89
194.0
186.0
171.0
195.0
159.0
195.0
180.0
257.0
445.0
743.0
782.0
826.0
734.0
785.0
805.0
759.0
760.0
625.0
425.0
332.0
314.0
274.0
214.0
143.89
187.0
173.0
171.0
162.0
175.0
172.0
174.0
235.0
444.0
713.08
763.08
809.0
719.0
761.0
762.0
771.0
748.0
646.0
453.0
394.0
324.0
268.0
231.0
143.89
180.0
181.0
158.0
182.0
176.0
184.0
170.0
253.0
467.0
725.0
772.0
779.0
680.0
753.56
735.56
714.0
715.0
608.0
372.0
314.0
291.0
286.0
227.0
143.89
185.0
175.0
159.0
177.0
153.0
168.0
148.0
150.0
177.0
222.0
235.0
258.0
213.0
244.0
235.0
243.0
231.0
256.0
186.0
168.0
194.0
170.0
174.0
175.88
165.0
153.0
172.0
160.0
156.0
170.0
149.0
132.0
161.0
190.0
184.0
190.0
205.0
191.0
213.0
209.0
206.0
212.0
166.0
157.0
170.0
152.0
164.0
157.88
147.0
164.0
150.0
154.0
154.0
148.0
166.0
252.0
421.0
748.04
743.04
771.0
696.0
765.0
755.0
740.0
740.0
624.0
426.0
360.0
321.0
265.0
253.0
367.0
300.0
263.0
226.0
193.96
164.95
180.0
202.0
167.0
197.0
189.0
201.0
298.0
526.0
784.0
786.0
876.0
734.0
797.0
813.0
785.0
795.0
660.0
456.0
316.0
296.0
251.0
230.0
223.0
164.95
201.0
185.0
202.0
190.0
186.0
214.0
290.0
524.0
775.0
809.0
850.0
747.0
815.0
812.68
799.68
785.68
688.0
475.52
352.52
284.0
238.0
222.5
246.315
164.95
193.0
176.0
190.5
182.5
175.5
199.0
304.88
527.0
778.0
786.0
861.0
738.0
819.0
803.0
793.0
774.0
669.0
385.0
300.0
250.0
225.0
215.0
246.315
157.4
187.0
175.0
180.0
182.0
175.0
160.0
172.0
216.0
285.0
302.0
280.0
251.0
288.0
283.0
283.0
288.0
243.0
197.0
186.0
195.0
175.0
176.0
179.95499999999996
157.4
166.0
162.0
175.0
167.0
167.0
168.0
160.0
197.0
270.52
264.52
267.0
260.0
264.0
251.0
254.0
256.0
226.0
197.0
189.0
198.0
172.0
179.0
179.9
166.0
185.0
167.0
179.0
175.0
165.0
184.0
297.0
488.0
811.0
822.0
889.0
776.0
809.0
834.0
798.0
809.0
673.0
428.0
351.0
295.0
259.0
231.0
246.315
416.92
414.92
412.92
413.92
408.92
415.92
426.92
455.92
516.92
554.92
546.92
594.92
590.92
545.92
539.92
544.92
788.0
673.0
416.16
402.16
289.0
259.0
242.0
246.315
217.0
184.0
196.0
204.0
186.0
200.0
200.0
308.0
512.0
775.0
801.0
851.0
776.0
813.0
775.0
765.0
745.0
568.0
372.0
275.0
236.0
185.0
185.0
246.315
153.0
158.0
171.0
154.0
154.0
161.0
154.0
148.0
162.0
179.0
168.0
213.0
187.0
167.0
152.0
151.0
170.0
144.0
152.0
178.0
152.0
148.0
171.0
149.9
152.0
158.0
148.0
160.0
159.0
146.0
143.0
155.0
155.0
160.0
230.0
241.0
245.0
196.0
185.0
208.0
179.0
167.0
179.0
172.5
168.0
161.0
157.0
162.9
150.0
157.0
162.0
141.0
164.0
151.0
144.0
142.0
160.0
192.0
193.0
199.0
181.0
192.0
205.0
208.0
185.0
175.0
173.0
167.0
168.0
166.0
153.0
155.85
171.0
152.0
145.0
164.0
159.0
159.0
190.0
286.0
511.0
780.0
774.0
775.0
704.0
769.0
759.0
765.0
750.0
628.0
475.0
335.0
280.0
230.0
204.0
246.315
182.0
183.0
176.0
180.04
179.0
168.0
199.0
306.0
531.0
810.0
833.0
872.0
798.0
832.0
831.0
839.0
804.0
688.0
445.0
340.04
322.04
245.0
231.0
246.315
194.0
192.0
192.0
184.0
199.0
177.0
214.0
282.0
491.0
812.0
832.56
898.56
791.56
831.56
825.8
812.16
802.32
683.08
567.08
415.56
356.56
253.32
227.0
246.315
190.0
189.0
196.5
181.0
196.5
176.5
206.0
310.28
530.28
807.28
838.28
907.04
808.04
865.04
840.04
832.04
799.04
696.0
424.0
323.0
291.0
240.0
224.0
246.315
197.5
189.0
196.5
181.0
196.5
176.0
198.0
285.0
526.0
806.0
822.0
882.0
783.0
827.24
826.24
808.24
798.24
691.04
488.04
359.0
318.0
260.0
238.0
246.315
205.0
186.0
201.0
178.0
194.0
177.0
209.0
278.0
527.0
824.0
835.0
904.0
818.32
859.32
838.32
855.0
813.0
712.0
484.32
369.32
284.32
227.0
215.0
246.315
173.5
164.5
169.5
165.0
171.0
158.0
155.01999999999995
154.0
189.0
228.5
207.5
205.0
201.0
207.0
217.5
219.0
252.8
226.0
198.0
198.0
179.5
186.5
169.5
163.38
173.5
164.5
169.5
165.0
171.0
158.0
166.04
166.0
189.0
228.5
222.0
211.0
221.0
222.0
230.0
230.0
216.0
226.0
198.0
198.0
191.0
207.0
186.0
163.38
232.34
179.0
203.0
180.0
201.0
177.0
195.0
298.0
510.0
817.0
868.0
918.0
829.0
874.52
855.52
837.0
807.0
680.0
448.0
378.0
290.0
245.0
228.0
246.315
259.68
252.68
258.68
236.72
257.68
249.68
257.2
340.2
514.68
782.68
788.68
859.68
774.68
785.68
776.68
767.68
739.68
664.68
483.68
411.68
357.68
318.68
288.68
269.63
307.44
281.44
286.44
293.44
274.44
295.44
289.44
365.44
514.44
712.44
766.44
852.44
748.44
765.44
758.44
742.44
727.44
674.44
465.44
398.44
344.44
324.44
311.44
286.76
212.0
204.0
207.0
183.0
209.0
192.0
209.0
317.0
539.0
837.0
859.0
952.0
811.0
854.0
854.0
831.0
835.0
715.0
490.0
368.0
326.0
273.0
243.0
231.32
210.5
199.0
219.0
215.0
207.0
221.0
218.0
321.0
557.0
825.52
862.52
926.0
821.0
876.44
870.44
882.44
862.44
715.44
430.44
318.44
279.44
279.84000000000003
236.0
231.32
173.5
164.5
169.5
165.0
171.0
158.0
173.51999999999995
168.0
218.0
265.0
292.0
307.0
292.0
280.0
272.0
282.0
280.0
277.0
223.0
229.0
186.0
193.0
192.0
163.38
173.5
164.5
169.5
165.0
171.0
158.0
173.51999999999995
168.0
212.0
279.0
292.0
303.5
265.5
299.5
290.5
291.5
297.5
280.5
223.0
211.0
190.0
194.0
182.0
163.38
210.5
201.0
212.0
198.5
202.5
202.5
203.0
289.72
479.68
736.68
791.68
852.68
779.68
812.68
809.68
762.68
776.68
662.68
425.68
355.68
302.68
286.68
263.68
231.32
210.5
201.0
212.0
198.5
202.5
202.5
203.0
291.52
520.52
750.52
791.52
849.52
769.52
807.52
801.52
786.52
779.52
685.52
484.52
387.52
328.52
257.52
253.84
231.32
210.5
201.0
212.0
198.5
202.5
202.5
203.0
264.0
514.0
800.0
818.0
895.0
784.0
835.0
819.0
812.0
785.0
698.0
453.0
340.0
300.0
264.0
244.0
231.32
209.0
203.0
205.0
182.0
198.0
184.0
188.0
292.0
506.0
820.0
833.0
923.0
847.0
873.0
849.0
844.0
821.0
717.0
504.0
434.0
345.0
256.0
234.0
231.32
217.0
217.0
200.0
196.0
201.0
193.0
201.0
322.0
580.0
831.0
862.0
934.0
817.0
880.0
854.56
816.56
814.0
703.0
424.0
322.0
274.0
216.0
204.0
175.88
197.0
172.0
177.0
189.0
178.0
165.0
181.0
170.0
206.0
293.0
292.0
300.0
239.0
319.0
309.0
301.0
315.0
284.0
223.0
193.0
194.0
195.0
172.0
163.38
189.0
168.0
172.0
189.0
165.0
164.0
178.0
179.0
186.0
242.0
232.0
251.0
218.0
257.0
237.0
258.0
251.0
231.0
219.0
206.0
199.0
212.0
189.0
170.91
185.0
173.0
185.0
179.0
181.0
178.0
183.0
328.0
570.0
843.0
878.0
951.0
841.0
898.0
880.0
883.0
873.0
732.0
482.0
366.0
321.0
274.0
234.0
209.41
203.0
208.0
197.0
204.0
186.0
201.0
204.0
331.0
567.0
874.0
892.0
970.0
856.0
880.0
893.0
878.0
852.0
727.0
459.0
364.0
287.0
281.0
240.0
209.41
214.0
201.0
206.0
198.0
216.0
194.0
202.0
317.0
563.0
890.0
883.0
947.0
864.0
892.0
894.0
879.0
841.0
705.0
463.0
375.0
333.0
279.0
248.0
242.94
212.0
217.0
211.0
199.0
189.0
206.0
224.0
311.0
565.0
855.0
869.0
945.0
809.0
908.0
886.0
864.0
860.0
717.0
555.0
447.0
355.0
277.0
235.0
256.385
188.0
202.0
197.0
186.0
199.0
180.0
218.0
297.0
595.0
835.0
868.0
933.0
825.0
857.0
875.0
832.0
837.0
721.0
514.0
377.0
302.0
229.0
224.0
256.385
179.0
183.0
184.0
177.0
171.0
178.0
186.0
182.0
201.0
268.0
263.0
297.56
268.56
306.0
308.0
331.0
302.0
277.0
216.0
215.0
217.0
181.0
199.0
167.915
182.0
194.0
172.0
199.0
188.0
170.0
177.0
181.0
195.0
225.0
252.0
241.0
230.0
267.5
268.52
257.0
240.0
205.0
202.0
205.0
188.0
182.0
196.0
167.915
176.0
182.0
185.0
171.0
174.0
175.0
210.0
323.0
566.0
852.0
869.56
939.56
844.0
884.0
873.0
853.0
865.0
720.0
432.0
346.0
292.0
260.0
233.0
256.385
189.0
186.0
186.0
193.0
175.0
184.0
209.0
319.0
573.0
874.0
863.0
356.0
290.0
258.0
251.9
216.0
201.0
223.0
232.0
211.0
214.0
212.0
376.0
663.0
909.0
952.0
1045.0
937.0
948.0
971.24
924.0
906.0
812.0
512.0
364.0
343.0
317.0
253.0
249.905
217.0
211.0
194.0
213.0
195.0
214.0
206.0
342.0
599.0
905.0
929.0
1030.0
956.0
954.0
913.0
903.0
884.0
773.0
507.0
362.0
315.0
255.0
237.0
249.905
194.0
192.0
205.0
195.0
197.0
204.0
189.5
213.0
212.0
255.0
285.0
270.52
251.52
286.0
267.0
243.0
252.0
246.0
245.0
221.0
211.0
217.0
202.0
176.915
216.0
201.0
200.0
186.0
189.0
192.0
183.0
196.0
189.0
219.0
224.0
291.0
284.0
241.0
242.0
251.0
268.0
255.0
226.0
241.0
229.0
231.0
208.0
176.915
185.0
193.0
188.0
193.0
202.0
185.0
212.0
350.0
637.0
972.0
928.0
1048.0
959.0
959.12
990.0
946.0
935.0
823.0
531.0
477.16
362.0
316.0
245.0
249.905
273.24
203.5
256.24
199.0
280.24
197.0
216.5
349.24
609.24
787.24
978.0
1044.0
945.0
967.0
990.0
961.0
914.0
817.0
565.0
423.0
349.0
288.0
242.0
249.905
234.62
214.0
245.0
205.0
218.0
209.0
221.0
361.0
671.0
929.0
997.0
1063.0
956.0
967.0
974.0
955.0
922.0
808.0
522.0
427.0
387.0
310.0
239.0
249.905
234.62
214.0
228.0
215.0
213.0
211.0
225.0
394.0
677.0
940.0
979.0
1062.24
956.0
948.0
951.0
949.16
960.0
815.0
492.0
395.0
344.12
292.0
244.0
249.905
234.62
238.0
197.0
206.5
213.0
199.0
217.0
367.0
646.0
944.0
932.0
1029.0
904.0
1000.0
940.0
939.0
895.0
810.0
487.0
330.0
312.0
279.0
225.0
249.905
205.0
218.0
185.0
191.0
173.0
186.0
194.0
208.0
204.0
273.0
297.0
296.0
298.0
295.0
299.0
299.0
298.0
264.0
244.0
231.0
224.0
223.0
200.0
176.915
193.0
206.0
182.0
203.0
174.0
190.0
188.0
167.0
192.0
230.0
208.0
244.0
270.0
234.0
240.0
258.0
232.0
241.0
229.0
228.0
241.0
217.0
207.0
176.915
196.0
196.0
197.0
198.0
215.0
183.0
202.0
349.0
591.0
894.0
920.0
992.0
950.0
987.12
945.0
929.0
881.0
792.0
543.0
432.0
297.0
283.12
240.0
249.905
233.0
213.0
196.0
232.0
212.0
205.0
219.0
356.0
590.0
931.0
931.0
1040.0
946.0
989.0
996.12
960.0
952.0
855.0
567.0
455.0
356.0
291.0
248.0
249.905
218.0
231.0
227.0
218.0
228.0
220.0
255.0
378.0
622.0
950.0
998.0
1057.52
956.52
1009.0
970.0
934.0
937.0
798.0
482.0
436.0
361.0
292.0
279.0
249.905
238.0
203.0
214.0
220.0
217.0
246.0
213.0
374.0
641.0
930.0
945.0
1039.12
939.0
954.0
983.0
935.0
952.0
830.0
578.0
430.0
389.0
338.0
258.0
247.91
246.0
230.0
208.0
221.0
209.0
235.0
240.0
364.0
624.0
958.12
965.12
1018.0
972.0
950.0
941.0
980.0
923.0
812.0
498.0
432.0
361.0
325.0
246.0
251.385
207.0
242.0
204.0
204.0
209.0
188.0
221.0
245.0
228.0
260.0
286.0
284.0
251.0
315.0
276.0
300.0
288.0
257.0
257.0
246.0
238.0
225.0
218.0
176.915
221.0
233.0
198.0
186.0
212.0
199.0
190.0
216.0
223.0
208.0
217.0
292.0
268.0
241.0
220.0
217.0
242.0
231.0
211.0
228.0
241.0
221.0
215.0
176.915
202.0
199.0
211.0
215.0
199.0
188.0
215.0
345.0
691.0
965.0
1001.12
1021.64
952.0
991.0
996.0
972.08
951.0
810.0
552.12
459.0
407.0
335.0
268.0
251.385
219.5
222.5
215.5
228.5
205.5
191.0
243.28
399.28
653.28
910.28
951.28
1025.28
949.28
970.28
947.0
945.12
915.0
796.0
532.0
463.0
367.0
313.0
270.0
254.86
237.0
246.0
220.0
242.0
212.0
191.0
220.64
411.0
664.0
928.0
917.0
1003.12
922.0
949.0
933.0
936.08
900.0
745.0
453.0
401.0
298.0
288.0
222.0
258.545
204.0
211.0
205.0
192.0
216.0
213.0
190.0
222.0
201.0
226.0
214.0
295.0
280.0
224.0
259.0
234.0
223.0
238.0
204.0
242.0
211.0
212.0
184.0
176.915
211.0
188.0
183.0
199.0
194.0
170.0
193.0
187.0
241.0
251.0
216.0
324.0
309.0
253.0
232.0
228.0
261.0
225.5
213.0
216.0
209.0
190.0
195.0
176.915
199.0
199.0
226.0
185.0
199.0
185.0
181.0
195.0
204.0
213.0
219.0
237.0
218.0
224.0
234.0
231.0
249.0
213.0
222.0
213.0
223.0
205.0
198.0
176.915
208.0
204.0
197.0
196.0
199.0
194.0
198.0
365.0
667.0
905.0
947.0
1052.0
927.0
975.0
927.0
942.0
899.0
797.0
455.0
358.0
336.0
292.0
235.0
258.545
217.5
225.0
237.0
235.0
198.0
213.0
214.0
371.0
640.0
947.0
973.0
1051.0
960.24
1024.0
1002.0
978.0
978.0
872.12
642.0
518.0
365.12
311.0
275.0
262.23
217.5
227.0
236.0
254.0
220.0
238.0
221.0
412.04
626.04
928.0
1009.0
1055.0
948.0
995.0
986.0
987.0
942.0
793.0
640.12
445.0
369.0
313.0
262.0
243.27
217.5
226.0
221.0
242.0
201.0
235.0
262.0
359.0
629.0
938.0
978.0
1043.0
959.0
976.0
935.0
952.0
946.96
798.84
546.84
427.52
350.0
306.0
260.0
247.76
217.5
221.0
215.0
212.0
214.0
206.0
217.0
373.08
644.0
923.0
968.12
1028.28
932.28
972.28
940.28
911.0
895.0
808.12
516.0
411.0
342.0
300.0
245.0
252.25
217.5
214.0
217.0
213.0
231.0
242.0
215.0
378.0
629.0
873.0
896.0
989.0
881.0
877.0
947.0
863.0
875.0
786.0
495.0
388.0
352.0
273.0
241.0
251.115
203.0
201.0
215.0
195.0
205.5
192.0
189.0
196.5
222.0
228.0
223.0
249.0
240.0
223.0
237.0
254.0
222.0
225.0
233.0
216.0
219.0
216.0
206.0
176.915
207.0
203.0
204.0
205.0
212.0
199.0
197.0
198.0
200.0
210.0
236.0
249.0
244.0
235.0
239.0
220.0
252.0
220.0
235.0
245.0
220.5
207.0
215.0
176.915
227.0
207.0
217.0
221.0
197.0
193.0
200.0
401.56
596.56
882.0
961.0
1017.12
925.0
939.0
940.0
924.0
913.0
791.0
565.0
435.0
354.0
270.0
245.0
251.115
230.0
216.0
219.0
229.0
207.0
213.0
244.0
339.0
655.0
900.0
934.0
981.12
883.0
919.0
935.0
907.0
913.0
778.0
452.0
386.0
356.0
278.0
235.0
251.115
230.5
226.0
209.0
221.0
222.0
219.0
214.0
360.0
629.0
894.0
941.0
1003.0
910.0
939.32
924.32
918.4
873.56
779.56
487.56
407.08
340.2
288.08
253.5
251.115
230.5
208.0
204.5
233.0
218.0
221.5
210.0
378.16
649.16
909.92
946.0
1007.92
872.92
921.16
909.04
882.76
879.76
740.76
557.88
412.76
378.36
330.04
272.0
251.115
230.5
209.5
204.5
245.0
214.0
224.0
231.0
380.0
614.0
908.0
965.0
982.0
917.0
919.0
906.0
892.0
909.0
727.0
451.0
374.0
323.0
279.0
247.0
251.115
197.5
222.0
209.0
207.0
216.0
210.0
202.0
226.0
214.0
216.0
204.0
239.0
241.0
239.0
220.0
254.0
243.5
220.0
225.0
235.0
222.0
224.0
196.0
176.915
197.5
205.0
196.0
192.0
214.0
216.0
196.0
189.0
220.0
250.72
233.5
284.72
291.72
254.72
259.72
249.72
243.5
231.0
240.0
235.5
218.5
224.5
199.0
176.915
230.5
209.5
200.0
206.0
219.0
250.28
268.28
389.28
609.28
871.28
905.28
959.28
902.12
988.0
940.0
949.0
912.0
807.0
622.0
489.68
385.8
318.68
267.0
249.98
230.5
211.0
214.0
212.5
214.0
229.0
229.0
361.0
651.0
924.0
960.0
988.0
932.0
934.0
943.0
922.0
908.0
799.0
530.0
447.0
377.0
281.0
256.0
250.455
230.5
231.0
228.0
219.0
217.5
224.5
222.5
383.0
634.0
900.0
918.0
1009.0
168.5
148.0
174.0
152.0
158.0
170.0
184.0
194.0
204.0
197.0
210.0
199.0
215.0
186.0
183.0
172.0
194.5
196.0
174.0
164.0
165.9
165.0
162.0
159.0
165.0
154.0
158.0
151.0
165.0
161.0
170.0
173.0
194.0
170.0
172.0
195.0
184.0
189.0
184.0
170.0
196.0
174.0
170.0
144.0
165.87
162.0
168.5
153.0
156.0
164.0
150.0
159.0
160.0
143.0
171.0
196.0
204.0
188.0
189.5
209.0
200.0
203.0
196.5
185.5
186.5
183.5
174.2
158.5
164.39
192.0
178.5
172.0
174.2
166.0
162.5
158.2
261.2
432.2
628.2
819.0
808.0
707.0
825.0
785.0
790.0
760.0
668.0
461.0
356.0
286.0
232.0
215.0
180.94
190.0
180.0
184.0
164.0
171.0
166.0
167.0
299.0
540.68
760.68
819.0
854.0
748.0
826.0
800.0
787.0
773.0
653.0
447.0
331.0
315.0
245.0
221.0
180.94
184.0
184.0
173.0
162.0
175.0
170.0
177.0
284.0
512.0
788.0
824.0
847.0
736.0
805.0
790.0
781.0
757.0
638.0
441.0
339.0
281.0
244.0
232.0
180.94
178.0
199.0
164.0
187.0
167.5
175.0
205.0
300.56
497.56
719.52
760.52
794.48
706.16
738.16
729.16
725.48
710.48
613.68
447.68
290.0
253.0
232.0
205.0
180.94
160.0
175.0
155.84
156.5
156.84
162.84
161.84
165.84
161.0
213.0
219.0
214.0
206.0
207.0
223.0
216.0
217.0
209.0
201.0
177.0
193.0
174.0
173.0
162.91
164.0
172.0
166.0
157.0
177.0
155.52
140.52
174.0
157.68
233.115
234.615
233.615
223.5
225.12
243.08
218.5
196.0
197.0
206.0
181.5
189.0
181.0
175.5
160.89999999999995
166.52
156.52
165.52
166.52
160.0
164.0
179.0
272.0
469.0
727.0
786.0
798.0
717.0
768.0
765.0
746.0
745.0
610.0
455.0
343.0
317.0
237.0
225.0
180.94
206.0
193.0
181.0
181.0
190.0
183.0
175.0
307.0
510.0
730.0
796.0
806.0
747.0
759.0
766.0
766.0
768.0
620.0
424.0
357.0
253.0
214.0
194.0
180.94
197.0
164.0
178.0
165.0
176.0
177.0
171.0
305.0
516.0
732.0
780.0
823.0
713.0
774.0
761.0
762.0
742.0
611.0
420.0
325.52
296.52
262.0
200.0
180.94
186.0
181.0
173.0
176.0
165.0
190.0
171.0
303.0
508.0
745.0
789.0
841.0
726.0
797.0
761.0
757.0
773.0
645.0
433.0
326.0
274.0
242.0
203.0
175.88
182.0
173.0
195.0
166.0
175.0
175.0
184.0
283.0
502.0
749.0
740.0
793.0
697.0
739.0
713.0
721.0
700.0
577.0
399.0
312.0
272.0
229.0
226.0
170.39999999999995
159.14
172.0
170.5
159.5
169.5
164.26
146.76
177.5
156.84
253.23
250.23
253.23
223.5
243.24
263.16
218.5
239.0
210.0
211.0
186.0
185.0
188.0
175.5
160.89999999999995
154.28
172.0
175.0
162.0
162.0
173.0
153.0
181.0
156.0
205.0
217.0
210.0
241.0
215.0
213.0
221.0
232.0
213.0
208.0
189.0
193.0
176.0
178.0
160.89999999999995
160.24
168.0
160.0
171.0
175.0
164.0
172.0
273.0
470.0
757.0
742.0
777.0
708.0
756.0
762.0
765.0
758.0
648.0
462.0
351.0
287.0
251.0
224.0
170.39999999999995
188.0
159.0
171.0
172.0
161.0
165.0
177.0
283.0
505.0
761.0
785.0
791.0
689.0
781.0
771.0
769.0
757.0
623.0
447.0
334.0
281.0
218.0
224.0
170.39999999999995
175.0
183.0
159.0
176.0
188.0
166.0
198.0
281.0
529.0
768.0
778.0
830.0
721.0
797.0
784.0
778.0
755.0
644.0
397.0
352.0
286.0
249.0
215.0
170.39999999999995
187.0
165.0
183.0
166.0
178.0
171.0
186.0
280.0
523.0
740.0
764.0
810.0
725.0
758.0
768.0
765.0
751.0
650.0
423.0
310.0
266.0
232.0
214.0
170.39999999999995
193.0
176.0
187.0
174.0
166.0
176.0
186.0
277.0
519.0
745.0
750.0
794.0
723.0
745.0
618.0
612.0
623.0
533.0
389.0
354.0
297.0
229.0
214.0
170.39999999999995
189.0
187.0
188.0
188.0
179.0
195.0
172.0
195.0
205.0
261.0
263.0
281.0
247.0
283.0
274.0
273.0
264.0
241.0
194.0
209.0
205.0
217.0
183.0
160.89999999999995
194.0
191.0
186.0
188.0
178.0
186.0
192.0
181.0
186.0
246.0
257.0
262.0
250.0
261.0
270.0
248.0
291.0
231.0
213.0
202.0
179.0
198.0
187.0
160.89999999999995
177.0
187.0
176.0
200.0
178.0
176.0
195.0
255.0
432.0
603.0
778.0
815.0
753.0
790.0
791.0
782.0
778.0
666.0
426.0
353.0
303.0
240.0
208.0
170.39999999999995
180.0
164.0
178.0
162.0
166.0
182.0
168.0
280.0
527.0
787.0
790.0
840.0
727.0
790.0
789.0
769.0
756.0
629.0
445.0
367.0
332.0
263.0
222.0
170.39999999999995
173.0
178.0
160.0
190.0
159.0
146.0
209.0
273.0
510.0
763.0
786.0
821.0
720.0
775.0
759.0
755.0
755.0
637.0
420.0
356.0
318.0
255.0
260.0
170.39999999999995
178.0
167.0
175.0
170.0
174.0
156.0
187.0
266.0
508.0
771.0
745.0
816.0
713.0
772.0
765.0
740.0
750.0
611.0
437.0
387.0
316.0
272.0
219.0
170.39999999999995
184.0
177.0
186.0
173.0
170.0
179.0
178.0
267.0
478.0
748.0
776.0
801.0
699.0
758.0
731.0
737.0
701.0
602.0
419.0
358.0
285.0
245.0
214.0
170.39999999999995
180.0
179.0
164.0
167.0
182.0
153.0
171.0
167.0
167.0
209.0
203.0
217.0
199.0
211.0
222.0
213.0
213.0
207.0
193.0
189.0
178.0
194.0
177.0
158.89
182.0
158.0
172.0
168.0
161.0
177.0
165.0
155.0
157.0
196.0
201.0
191.0
216.0
182.0
192.0
207.0
202.0
191.0
189.0
189.0
173.0
186.5
181.0
161.87
180.5
155.5
160.0
181.0
170.0
158.0
168.0
172.0
171.0
192.0
216.0
247.0
249.0
228.0
210.0
223.0
216.0
207.0
189.0
192.0
202.0
179.0
185.0
166.88
187.5
186.5
181.0
173.0
180.5
183.5
172.5
284.32
471.32
675.32
685.32
804.0
711.0
786.0
780.0
768.0
772.0
650.0
490.0
338.0
281.0
268.0
227.0
170.39999999999995
191.0
196.0
176.0
176.0
191.0
183.5
167.0
293.0
510.0
755.0
775.0
819.0
718.0
766.0
751.0
786.0
763.0
657.0
446.0
357.0
296.0
250.0
222.0
170.39999999999995
184.0
190.0
164.0
187.0
155.0
183.5
190.0
281.0
508.0
793.0
799.0
849.0
749.0
810.0
813.0
807.0
783.0
662.0
462.0
349.0
294.0
268.0
252.0
170.39999999999995
203.0
193.0
189.0
195.0
189.0
188.0
193.0
281.0
514.0
796.0
796.0
887.0
773.0
806.0
817.0
815.0
787.0
667.0
441.0
340.0
272.0
182.0
183.0
164.92
179.0
153.0
161.0
154.0
149.0
149.0
168.0
152.0
176.0
190.0
196.0
216.0
184.0
220.0
196.0
200.0
207.0
190.0
185.0
188.0
175.0
154.0
164.0
155.93
151.0
156.0
162.0
158.0
150.0
144.0
165.0
133.0
154.0
178.0
172.0
197.0
174.0
200.0
188.0
186.0
212.0
164.0
201.0
184.0
166.0
164.0
149.0
160.385
137.0
156.0
158.0
152.0
153.0
154.0
162.0
259.0
477.0
782.0
821.0
870.0
753.0
828.0
808.0
809.0
796.0
674.0
435.0
374.0
317.0
256.0
232.0
193.96
183.0
200.0
172.0
166.0
192.0
168.0
192.0
305.0
497.0
793.0
807.0
834.0
741.0
809.0
790.0
829.0
773.0
650.0
430.0
362.0
291.0
254.0
212.0
193.96
174.0
189.0
171.0
176.0
181.0
167.0
184.0
284.0
494.0
765.0
775.0
831.0
736.0
777.0
777.0
781.0
783.0
632.0
378.0
299.0
265.0
231.0
233.0
193.96
180.0
192.0
168.0
176.0
178.5
162.64
183.5
284.36
498.36
767.0
776.6
830.6
708.6
774.6
773.6
773.0
742.52
651.52
425.0
364.0
278.0
257.0
207.0
193.96
187.0
196.0
176.0
186.0
176.0
189.0
183.0
298.0
541.0
772.0
771.0
820.0
712.0
788.0
784.0
742.0
743.0
629.0
388.0
868.0
857.0
704.0
520.0
383.0
270.0
239.0
199.0
224.43
184.0
197.0
184.0
182.0
189.0
189.0
166.0
186.0
205.0
264.0
258.0
278.0
270.08
316.08
314.0
302.0
310.0
241.0
230.0
224.0
223.0
221.0
197.0
157.34
205.0
187.0
200.0
196.0
186.0
194.0
184.0
190.0
193.0
246.0
237.0
255.0
248.0
258.0
240.0
254.0
243.0
239.0
224.0
208.0
212.0
203.0
202.0
157.34
195.0
199.0
195.0
188.0
209.0
197.0
229.0
378.0
644.0
906.0
930.0
964.0
877.0
918.0
915.0
916.0
893.0
725.0
469.0
390.0
303.0
246.0
240.0
224.43
200.0
207.0
233.0
211.0
196.0
211.0
243.0
355.0
645.0
822.52
895.52
946.52
854.52
910.52
901.52
868.08
846.08
768.08
559.08
453.84
337.84
291.84
245.0
224.43
207.0
204.5
224.5
215.5
222.0
200.5
226.5
317.64
637.68
875.68
885.68
927.0
829.0
902.0
886.0
874.0
850.0
748.0
447.0
342.0
310.0
273.52
262.52
224.43
207.0
202.0
216.0
220.0
205.0
200.5
226.5
356.0
599.0
870.0
893.0
930.0
844.0
867.0
851.52
868.52
874.0
703.0
485.0
400.0
321.0
261.0
234.0
224.43
207.0
205.0
219.0
204.0
199.0
200.5
226.5
366.0
608.0
855.0
851.0
910.0
819.0
860.0
860.0
838.0
851.0
715.0
452.0
384.0
334.0
279.0
236.0
224.43
211.0
207.0
213.0
186.0
214.0
201.0
192.0
200.0
231.0
280.0
299.0
304.0
285.0
320.0
307.0
316.0
291.0
257.0
242.0
224.0
220.0
226.0
189.0
157.34
186.5
194.5
186.5
182.0
200.5
204.0
176.0
179.0
215.0
240.0
233.0
252.0
238.0
244.0
266.0
239.0
253.0
245.0
236.0
218.0
222.0
217.0
193.0
157.34
207.0
207.0
192.0
188.0
199.0
200.5
226.5
334.56
571.0
853.0
866.0
904.0
839.0
874.0
886.0
885.0
872.0
763.32
493.32
383.32
341.0
284.0
250.0
224.43
207.0
205.0
184.5
193.0
199.0
200.5
210.0
352.0
649.0
850.0
934.0
948.0
825.0
889.52
898.52
886.52
861.52
745.0
479.0
328.0
292.08
271.08
223.0
224.43
207.0
203.0
177.0
198.0
193.0
190.0
214.0
337.0
574.0
878.0
909.52
950.52
829.0
894.0
875.0
887.0
865.0
731.0
459.0
356.0
312.0
262.0
208.0
186.0
207.0
200.0
186.5
193.5
196.5
185.0
190.0
320.0
551.0
852.0
875.0
931.0
805.0
880.0
873.0
880.0
872.0
723.0
513.0
387.0
314.0
282.0
223.0
180.94
214.0
197.0
196.0
189.0
200.0
201.0
190.0
343.0
593.0
831.0
904.0
928.0
812.0
858.0
850.0
860.0
839.0
724.0
508.0
360.0
289.0
238.0
231.0
180.94
186.5
194.5
186.5
178.0
187.0
160.0
159.0
174.0
214.0
290.0
262.0
269.0
238.0
285.0
273.0
285.0
271.0
244.0
197.0
177.0
189.0
164.0
182.0
162.83
162.0
182.0
160.0
172.0
175.0
154.0
152.0
159.0
181.0
245.0
263.0
286.0
234.0
289.0
284.0
266.0
268.0
251.0
216.0
193.0
230.0
203.0
206.0
164.365
160.0
183.0
151.0
161.04
180.04
188.5
170.0
292.0
509.0
839.0
827.0
859.0
746.0
837.0
815.56
811.56
826.0
685.0
457.0
378.0
321.0
254.0
235.0
180.94
191.0
168.0
188.0
171.0
165.0
176.0
182.0
283.0
532.0
801.0
833.0
839.0
740.0
806.0
797.0
813.0
806.0
669.0
437.0
388.0
327.0
260.0
240.0
180.94
188.0
176.0
168.0
184.0
178.0
187.0
178.0
303.0
550.0
790.0
824.0
851.0
724.0
817.0
812.0
785.0
785.0
659.0
412.0
338.0
295.0
246.0
236.0
180.94
171.0
174.0
173.0
173.0
171.0
170.0
181.0
283.0
510.0
814.0
831.0
858.0
757.0
816.0
809.0
800.0
784.0
678.0
443.0
361.0
306.0
274.0
249.0
180.94
194.0
177.0
160.0
182.0
161.0
159.0
184.0
275.0
514.0
803.0
801.0
860.0
739.0
795.0
787.0
751.0
761.0
631.0
460.0
318.0
255.0
230.0
202.0
180.94
163.5
162.0
179.0
168.5
148.0
174.0
152.0
158.0
170.0
184.0
194.0
204.0
197.0
210.0
199.0
215.0
186.0
183.0
172.0
194.5
196.0
174.0
164.0
165.9
165.0
162.0
159.0
165.0
154.0
158.0
151.0
165.0
161.0
170.0
173.0
194.0
170.0
172.0
195.0
184.0
189.0
184.0
170.0
196.0
174.0
170.0
144.0
165.87
162.0
168.5
153.0
156.0
164.0
150.0
159.0
160.0
143.0
171.0
196.0
204.0
188.0
189.5
209.0
200.0
203.0
196.5
185.5
186.5
183.5
174.2
158.5
164.39
192.0
178.5
172.0
174.2
166.0
162.5
158.2
261.2
432.2
628.2
819.0
808.0
707.0
825.0
785.0
790.0
760.0
668.0
461.0
356.0
286.0
232.0
215.0
180.94
190.0
180.0
184.0
164.0
171.0
166.0
167.0
299.0
540.68
760.68
819.0
854.0
748.0
826.0
800.0
787.0
773.0
653.0
447.0
331.0
315.0
245.0
221.0
180.94
184.0
184.0
173.0
162.0
175.0
170.0
177.0
284.0
512.0
788.0
824.0
847.0
736.0
805.0
790.0
781.0
757.0
638.0
441.0
339.0
281.0
244.0
232.0
180.94
178.0
199.0
164.0
187.0
167.5
175.0
205.0
300.56
497.56
719.52
760.52
794.48
706.16
738.16
729.16
725.48
710.48
613.68
447.68
290.0
253.0
232.0
205.0
180.94
160.0
175.0
155.84
156.5
156.84
162.84
161.84
165.84
161.0
213.0
219.0
214.0
206.0
207.0
223.0
216.0
217.0
209.0
201.0
177.0
193.0
174.0
173.0
162.91
164.0
172.0
166.0
157.0
177.0
155.52
140.52
174.0
157.68
233.115
234.615
233.615
223.5
225.12
243.08
218.5
196.0
197.0
206.0
181.5
189.0
181.0
175.5
160.89999999999995
166.52
156.52
165.52
166.52
160.0
164.0
179.0
272.0
469.0
727.0
786.0
798.0
717.0
768.0
765.0
746.0
745.0
610.0
455.0
343.0
317.0
237.0
225.0
180.94
206.0
193.0
181.0
181.0
190.0
183.0
175.0
307.0
510.0
730.0
796.0
806.0
747.0
759.0
766.0
766.0
768.0
620.0
424.0
357.0
253.0
214.0
194.0
180.94
197.0
164.0
178.0
165.0
176.0
177.0
171.0
305.0
516.0
732.0
780.0
823.0
713.0
774.0
761.0
762.0
742.0
611.0
420.0
325.52
296.52
262.0
200.0
180.94
186.0
181.0
173.0
176.0
165.0
190.0
171.0
303.0
508.0
745.0
789.0
841.0
726.0
797.0
761.0
757.0
773.0
645.0
433.0
326.0
274.0
242.0
203.0
175.88
182.0
173.0
195.0
166.0
175.0
175.0
184.0
283.0
502.0
749.0
740.0
793.0
697.0
739.0
713.0
721.0
700.0
577.0
399.0
312.0
272.0
229.0
226.0
170.39999999999995
159.14
172.0
170.5
159.5
169.5
164.26
146.76
177.5
156.84
253.23
250.23
253.23
223.5
243.24
263.16
218.5
239.0
210.0
211.0
186.0
185.0
188.0
175.5
160.89999999999995
154.28
172.0
175.0
162.0
162.0
173.0
153.0
181.0
156.0
205.0
217.0
210.0
241.0
215.0
213.0
221.0
232.0
213.0
208.0
189.0
193.0
176.0
178.0
160.89999999999995
160.24
168.0
160.0
171.0
175.0
164.0
172.0
273.0
470.0
757.0
742.0
777.0
708.0
756.0
762.0
765.0
758.0
648.0
462.0
351.0
287.0
251.0
224.0
170.39999999999995
188.0
159.0
171.0
172.0
161.0
165.0
177.0
283.0
505.0
761.0
785.0
791.0
689.0
781.0
771.0
769.0
757.0
623.0
447.0
334.0
281.0
218.0
224.0
170.39999999999995
175.0
183.0
159.0
176.0
188.0
166.0
198.0
281.0
529.0
768.0
778.0
830.0
721.0
797.0
784.0
778.0
755.0
644.0
397.0
352.0
286.0
249.0
215.0
170.39999999999995
187.0
165.0
183.0
166.0
178.0
171.0
186.0
280.0
523.0
740.0
764.0
810.0
725.0
758.0
768.0
765.0
751.0
650.0
423.0
310.0
266.0
232.0
214.0
170.39999999999995
193.0
176.0
187.0
174.0
166.0
176.0
186.0
187.0
202.0
192.0
204.0
189.0
180.0
205.0
207.0
217.0
206.0
212.0
248.0
232.0
235.0
245.0
242.0
233.0
230.0
230.0
228.0
247.0
182.0
163.925
206.0
212.0
200.0
216.0
184.0
189.0
208.0
308.0
583.0
836.0
859.0
852.0
808.52
870.52
854.12
844.32
830.32
737.44
556.12
486.0
340.0
297.12
245.0
257.45
216.0
219.0
226.0
204.0
224.0
195.0
216.0
342.0
587.0
792.8
846.8
866.8
837.8
867.8
868.24
879.24
887.24
777.24
557.0
438.0
387.0
308.0
251.0
257.45
237.0
217.0
210.0
204.0
216.0
243.0
216.0
329.0
584.0
831.0
894.0
859.0
820.0
843.0
869.0
837.0
858.12
742.0
543.0
401.0
360.0
304.0
273.0
257.45
240.0
210.0
192.0
197.0
219.0
203.0
220.0
311.0
607.52
809.52
881.0
877.0
775.0
828.08
821.0
760.0
720.0
605.52
438.52
344.0
301.0
283.0
226.0
257.45
192.0
194.0
186.0
191.0
166.0
179.0
168.0
181.0
172.0
208.0
192.0
198.0
199.0
205.0
195.0
223.0
220.0
218.0
219.0
206.0
183.0
177.0
172.0
167.97
180.0
177.0
186.0
172.0
187.0
155.0
173.0
173.0
186.0
174.0
193.0
189.0
192.0
185.0
183.0
201.0
220.0
203.0
208.0
181.0
189.0
182.0
186.0
169.45499999999996
186.0
175.0
184.0
184.0
198.0
153.0
178.0
165.0
167.0
174.0
207.0
171.0
201.0
189.0
193.0
185.0
198.0
186.0
212.0
205.5
197.0
191.0
193.0
170.94
188.0
179.0
195.0
178.0
170.0
192.0
183.0
309.0
588.0
857.0
873.0
901.0
821.0
891.0
884.0
893.2
877.0
761.0
559.0
428.0
371.0
290.08
258.0
257.45
216.0
210.0
222.0
200.0
214.0
229.0
204.0
334.0
603.0
843.0
903.12
933.0
830.0
878.0
896.0
891.0
866.0
780.0
526.0
433.12
351.0
297.0
258.0
257.45
192.0
210.0
210.0
220.0
202.0
192.0
224.0
331.0
609.0
853.0
899.12
912.0
835.0
865.0
898.0
900.0
860.0
734.0
550.0
418.0
336.0
279.0
226.0
257.45
211.0
220.0
209.0
214.0
198.0
191.0
223.0
326.0
633.0
862.0
866.0
888.0
822.0
867.0
915.12
898.0
858.0
761.0
510.0
423.0
377.12
321.0
234.0
269.98
216.0
218.5
200.0
199.5
254.61
250.61
211.5
316.24
571.41
738.17
879.08
913.08
825.08
864.08
893.6
864.6
861.6
717.6
487.6
402.6
329.6
282.6
237.0
260.42
199.0
207.0
199.0
220.0
213.0
233.0
196.0
207.0
229.0
277.0
281.0
280.0
264.0
275.0
324.0
285.0
288.0
239.0
251.0
205.5
239.0
216.0
226.0
175.41
199.0
208.0
201.0
189.0
204.0
198.0
185.0
195.0
183.0
192.0
227.0
238.0
234.0
249.0
219.0
225.0
228.0
220.0
226.0
230.0
238.0
227.0
190.0
175.41
216.0
217.0
191.0
185.0
215.0
188.0
200.0
325.0
612.0
898.0
896.0
940.0
860.0
927.0
932.0
917.0
923.0
760.08
568.0
495.0
385.0
278.0
239.0
260.42
221.0
249.0
208.0
222.0
207.0
212.0
222.0
327.0
598.0
861.0
904.0
909.12
817.0
923.0
890.0
895.0
898.0
735.12
560.0
410.0
352.0
300.0
241.0
260.42
226.0
224.0
211.0
219.0
211.0
212.0
215.0
326.0
600.0
860.0
872.0
915.0
823.0
882.0
928.0
855.0
871.12
741.0
542.0
384.0
349.0
280.0
246.0
260.42
224.0
203.0
211.0
215.0
222.0
191.0
236.0
344.0
609.0
855.0
881.0
930.0
853.0
905.0
889.0
915.0
836.0
714.0
572.0
460.12
367.0
272.0
241.0
260.42
229.0
226.0
214.0
232.0
206.0
186.0
219.0
365.0
587.0
850.0
884.08
923.0
824.0
861.0
879.0
878.0
868.0
722.0
536.0
379.0
374.0
278.0
275.0
260.42
212.0
228.0
209.0
217.0
209.0
232.0
210.0
214.0
259.0
298.0
297.0
362.0
272.0
306.04
290.04
297.0
301.0
276.0
220.0
221.0
230.0
193.0
212.0
175.41
180.0
204.0
216.0
186.0
202.0
211.0
196.0
187.0
221.0
257.0
260.0
285.0
249.0
256.0
289.52
260.52
286.0
253.0
234.0
252.0
221.0
213.0
238.0
175.41
186.0
216.0
206.0
193.0
207.0
182.0
188.0
359.0
596.0
930.12
909.12
960.0
840.0
913.0
918.0
922.0
882.0
763.0
530.0
432.0
329.0
294.0
238.0
250.86
225.0
223.0
233.0
211.0
224.0
221.0
229.0
339.0
647.0
874.0
900.0
918.0
828.0
907.0
923.0
888.0
879.0
764.0
526.0
442.0
396.0
310.12
234.0
250.335
213.0
237.0
248.0
211.0
230.0
202.0
242.0
351.0
619.0
881.0
895.0
942.0
802.0
902.0
893.0
876.08
861.0
771.0
575.0
457.0
370.0
286.0
254.0
250.335
209.0
218.0
208.0
228.0
220.0
202.0
244.0
325.0
666.68
834.68
884.0
906.0
831.0
899.0
895.0
891.12
851.0
781.0
555.0
447.0
368.0
315.0
264.0
250.335
216.0
236.0
201.0
230.0
186.0
237.0
212.0
337.0
621.0
840.12
855.0
916.0
838.0
848.0
863.0
834.0
798.0
696.0
464.0
370.0
285.0
260.0
187.0
250.335
221.0
184.0
174.0
188.0
177.0
171.0
186.0
183.0
192.0
215.0
241.0
260.0
258.0
255.0
244.0
262.0
259.0
264.0
232.0
223.0
221.0
195.0
218.0
175.41
195.0
187.0
179.0
168.0
182.0
190.0
162.0
191.0
197.0
212.0
262.0
272.0
257.0
240.0
255.0
249.0
247.0
229.0
241.0
228.0
215.0
221.0
198.0
175.41
200.0
174.0
193.0
189.0
175.0
180.0
188.0
329.0
594.0
887.0
893.0
941.0
899.08
908.0
931.0
888.0
871.0
756.12
564.0
486.0
378.0
311.0
255.0
250.335
220.0
227.0
198.0
235.0
208.0
188.0
230.0
336.0
620.0
856.0
868.0
908.0
818.0
893.08
888.0
855.0
889.0
747.0
545.0
516.0
418.0
299.0
251.0
250.335
214.5
218.0
224.0
211.0
198.0
215.0
213.0
373.0
613.12
906.0
911.0
976.0
853.0
895.12
896.0
889.0
903.0
756.0
553.0
410.0
310.0
320.0
254.0
249.81
209.0
209.0
210.0
206.0
202.0
222.0
241.0
320.0
584.0
894.0
934.0
939.0
851.0
909.0
895.12
924.0
875.0
763.0
612.0
486.0
373.2
345.0
272.0
248.875
226.0
216.0
237.0
223.0
231.0
210.0
210.0
365.0
667.0
861.0
897.0
978.0
857.0
881.0
914.0
899.0
858.0
764.0
513.0
446.0
407.12
331.0
270.0
247.94
218.0
199.0
218.0
188.0
205.0
205.0
187.0
264.0
303.0
346.0
315.0
360.0
322.0
334.0
323.0
340.0
332.12
304.0
272.0
260.0
251.0
233.0
220.0
175.41
206.0
215.0
217.0
188.0
196.0
185.0
236.0
206.0
197.0
233.0
226.0
253.0
269.0
247.0
232.0
237.0
241.0
225.0
241.0
243.0
240.0
208.0
213.0
175.41
199.0
208.0
198.0
210.0
197.0
195.0
235.0
359.0
642.0
887.0
912.0
1021.0
907.0
957.0
944.0
931.0
917.0
796.12
570.0
465.0
386.0
323.0
272.0
250.91
213.0
226.0
221.0
234.0
245.0
218.0
229.0
392.0
670.0
929.0
963.12
1042.0
916.12
929.0
951.0
941.0
915.0
779.0
592.0
437.0
398.0
323.0
253.0
253.43
229.0
207.0
218.0
226.0
218.0
230.0
214.0
372.0
654.0
882.0
936.0
986.0
883.0
892.0
925.0
909.0
898.0
773.0
562.0
494.0
364.0
314.0
265.0
255.95
226.0
218.0
220.0
220.0
228.0
204.0
228.0
410.0
616.0
891.12
930.0
956.0
837.0
896.0
900.0
904.0
868.0
777.12
484.0
442.0
384.0
315.0
292.0
244.92
220.0
209.0
222.0
243.0
221.0
216.0
208.0
360.0
612.0
860.12
896.0
898.0
809.0
863.0
878.0
868.0
836.0
712.0
484.0
395.0
304.0
291.0
203.0
255.41
192.0
210.0
196.0
215.0
224.0
178.0
204.0
199.0
244.0
282.0
309.0
301.0
285.0
275.0
277.0
258.0
276.12
224.5
222.5
383.0
634.0
900.0
918.0
1009.0
898.12
952.0
947.0
961.0
927.12
788.0
572.0
450.0
357.0
276.0
235.0
250.93
231.0
211.0
227.0
206.0
221.0
220.0
216.0
363.0
631.0
913.0
935.0
1018.0
934.0
934.0
930.0
930.0
896.0
787.0
595.08
510.0
419.0
266.0
247.0
255.98
220.0
218.0
241.0
201.0
218.5
250.0
212.0
378.0
644.0
875.0
939.08
996.0
904.0
915.0
884.0
935.12
844.0
738.0
464.0
386.0
338.0
293.0
233.0
261.93
197.5
226.0
216.0
225.0
212.0
222.0
204.0
247.0
226.0
261.0
263.0
267.0
292.0
267.84
261.84
285.32
243.5
231.0
255.0
235.5
218.5
224.5
214.0
176.915
197.5
208.0
209.5
214.0
207.0
203.0
218.0
187.0
234.0
202.0
207.0
261.0
248.0
218.0
248.42
269.16
243.5
231.0
243.0
235.5
218.5
225.0
229.0
176.915
209.0
224.0
225.0
196.0
216.0
219.0
205.0
375.12
622.04
895.04
893.0
970.0
894.0
887.0
936.0
875.52
881.52
745.0
455.0
408.0
328.0
323.0
249.0
259.86
247.0
207.0
236.0
210.0
230.0
237.0
262.0
363.0
663.0
841.12
872.0
964.0
883.0
883.0
877.0
868.0
880.0
720.0
468.12
417.0
344.0
340.0
265.0
244.86
240.0
211.0
219.0
223.0
206.0
214.0
239.0
359.0
666.0
902.12
885.0
956.0
912.0
872.0
856.12
744.0
647.0
569.0
396.0
340.0
319.0
289.0
227.0
254.865
188.0
199.0
203.0
203.0
181.0
190.0
177.0
204.0
223.0
229.0
251.0
290.0
286.0
254.0
235.0
253.0
235.0
242.0
231.0
236.0
215.0
196.0
191.0
176.915
202.0
171.0
188.0
189.0
190.0
196.0
173.0
184.0
206.0
205.0
205.0
226.0
240.0
236.0
212.0
221.0
245.0
225.0
229.0
200.0
214.0
181.0
180.0
176.915
191.0
175.0
188.0
188.0
187.0
194.0
183.0
165.0
206.0
175.0
195.0
177.0
206.0
177.0
183.0
208.0
196.0
206.0
215.0
189.0
218.0
216.0
191.0
176.915
189.5
178.0
165.0
198.0
193.0
170.0
173.0
188.0
190.0
199.0
178.0
235.0
228.0
193.0
201.0
193.0
199.0
197.0
225.0
233.0
174.0
210.0
171.0
176.915
188.0
172.0
184.0
179.0
178.0
159.52
178.5
188.0
187.0
240.0
209.0
259.0
246.0
220.0
235.0
238.0
240.0
210.0
224.0
194.0
197.0
202.0
206.0
176.915
180.0
195.0
192.0
177.0
171.0
190.0
184.0
202.0
172.0
197.0
197.0
241.0
239.0
209.0
216.0
194.0
199.0
193.0
230.0
209.0
189.0
177.0
185.0
176.915
173.0
179.0
185.0
181.0
172.0
161.0
180.0
177.0
182.0
175.0
193.0
251.0
224.0
204.0
184.0
208.0
211.0
195.0
204.0
198.0
211.5
201.0
178.0
173.95
181.0
170.0
206.0
193.0
183.0
164.0
202.0
339.0
614.0
859.0
916.0
949.0
862.0
901.0
881.0
891.0
876.0
746.8
460.0
375.0
315.0
271.0
247.0
254.865
228.0
227.0
208.0
216.0
202.0
241.0
235.0
354.0
693.0
693.0
899.08
950.0
845.0
908.0
875.0
920.0
865.0
751.0
524.0
424.0
357.0
303.0
267.0
254.865
223.0
219.0
222.0
241.0
217.0
244.0
247.0
331.0
582.0
846.0
876.0
879.12
798.0
837.08
840.0
852.0
846.0
724.0
466.0
352.0
334.0
270.0
289.0
254.865
208.0
201.0
219.0
218.0
205.0
200.0
206.0
182.0
192.0
213.0
243.0
264.0
276.0
239.0
232.0
269.0
256.0
281.0
257.0
245.0
234.0
225.0
205.0
216.5
214.0
193.0
214.0
203.0
190.0
194.0
194.0
322.0
575.0
885.0
883.0
948.0
864.0
915.0
909.0
905.12
903.0
805.0
568.0
452.0
365.0
322.0
260.0
254.865
237.0
234.0
224.0
208.0
189.0
199.5
207.0
317.0
583.0
839.0
863.0
908.0
801.0
862.0
865.0
863.0
840.0
767.0
489.0
410.0
354.0
319.0
287.0
254.865
217.0
226.0
216.0
213.0
217.0
205.0
210.0
333.0
574.0
885.12
892.0
971.0
822.0
913.0
900.0
901.0
867.0
778.0
537.0
434.12
386.0
310.0
278.0
264.87
233.0
225.0
227.0
218.0
213.0
203.0
213.0
331.0
562.0
865.0
905.0
926.0
835.0
889.0
881.0
862.0
849.0
789.12
557.0
412.0
360.0
323.0
292.0
258.895
218.0
228.0
217.0
214.0
217.0
212.0
210.0
334.0
569.0
804.0
864.0
875.0
832.0
816.0
837.0
795.0
810.0
724.0
513.0
381.0
328.0
291.12
236.0
258.895
234.0
231.0
191.0
202.0
218.0
196.0
201.0
188.0
240.0
208.0
230.0
257.0
264.0
252.0
245.0
263.0
258.0
289.0
236.0
247.0
226.0
249.0
212.0
216.5
191.0
229.0
211.0
191.0
192.0
191.0
183.0
186.0
190.0
258.0
217.0
255.0
276.0
256.0
248.0
201.0
243.0
218.0
230.0
225.0
206.0
219.0
224.0
216.5
208.0
193.0
203.0
198.0
217.0
180.0
206.0
338.0
574.0
846.0
925.0
943.0
871.12
891.0
906.0
876.0
861.0
776.0
492.0
386.0
346.0
266.0
249.0
258.895
218.0
225.0
199.0
212.5
194.0
208.0
215.0
366.0
596.0
882.0
916.0
942.0
861.0
903.0
888.0
923.0
881.08
800.0
484.0
393.0
328.0
266.0
253.0
252.92
221.0
209.0
221.0
227.0
215.0
229.0
229.0
367.0
565.0
861.0
919.0
970.08
858.0
892.0
895.0
889.0
867.0
753.0
526.0
373.0
324.0
292.0
250.0
253.395
249.0
240.0
226.0
213.0
218.0
225.0
227.0
347.0
557.0
858.0
884.0
960.0
889.0
903.0
857.0
889.0
878.0
785.0
484.0
437.0
329.0
287.0
281.0
253.87
223.0
235.0
225.0
224.0
213.0
203.0
214.0
322.0
594.0
839.0
905.0
937.0
830.12
886.0
882.0
871.0
868.0
728.0
460.0
357.0
346.0
248.0
231.0
252.865
213.0
179.0
208.0
194.0
204.0
196.0
190.0
198.0
209.0
242.0
260.0
242.0
262.0
242.0
233.0
240.0
230.0
237.0
226.0
214.0
200.0
193.0
207.0
216.5
218.0
195.0
175.88
206.0
215.0
198.5
191.5
197.0
218.0
262.0
253.0
250.26
249.5
248.5
254.0
211.0
236.0
220.0
231.0
226.0
216.0
206.0
199.0
216.5
196.0
196.0
176.0
186.0
198.0
181.0
187.0
317.0
587.0
861.0
867.0
938.0
900.0
887.0
901.0
889.0
912.0
771.12
578.0
465.0
428.12
247.0
258.0
252.865
199.5
204.0
221.0
204.0
220.0
191.0
210.0
331.0
610.0
885.0
883.0
915.0
867.0
869.0
912.0
874.0
887.0
796.0
534.0
415.0
321.0
264.0
235.0
251.86
203.0
212.0
221.0
203.0
227.0
218.0
182.0
337.12
606.0
825.0
882.0
892.0
809.0
881.0
883.0
887.0
856.0
782.0
531.12
469.0
422.0
300.0
238.0
257.95
225.0
231.0
222.0
194.0
246.0
214.0
249.0
344.64
552.52
865.0
907.0
955.32
865.32
912.32
893.0
903.0
861.0
767.0
517.0
428.0
383.0
265.0
268.12
268.885
261.52
209.0
219.0
195.0
226.0
214.0
243.0
326.0
569.0
849.08
895.0
903.1
835.0
874.0
889.12
884.0
857.0
745.0
501.0
419.0
333.0
320.0
270.0
268.885
223.0
211.0
195.0
218.0
226.0
201.0
193.0
196.0
227.0
282.0
246.0
258.52
249.5
255.0
239.0
245.0
252.0
257.0
252.5
224.0
219.0
216.5
207.0
216.5
214.0
210.5
201.5
209.0
209.5
197.5
198.5
187.0
217.0
260.0
253.0
252.26
249.5
260.5
250.0
284.0
289.5
257.0
252.5
237.5
222.5
216.5
207.0
216.5
189.0
187.0
200.0
204.0
179.0
186.0
210.0
321.0
581.0
887.0
897.0
926.0
817.0
867.0
871.12
914.0
867.0
766.0
527.0
451.0
365.0
295.0
240.0
268.885
208.0
231.0
197.0
226.0
219.0
221.0
200.0
330.0
564.0
844.0
882.0
935.0
824.0
856.0
917.0
863.0
865.12
756.0
556.0
447.0
366.0
223.0
164.95
201.0
185.0
202.0
190.0
186.0
214.0
290.0
524.0
775.0
809.0
850.0
747.0
815.0
812.68
799.68
785.68
688.0
475.52
352.52
284.0
238.0
222.5
246.315
164.95
193.0
176.0
190.5
182.5
175.5
199.0
304.88
527.0
778.0
786.0
861.0
738.0
819.0
803.0
793.0
774.0
669.0
385.0
300.0
250.0
225.0
215.0
246.315
157.4
187.0
175.0
180.0
182.0
175.0
160.0
172.0
216.0
285.0
302.0
280.0
251.0
288.0
283.0
283.0
288.0
243.0
197.0
186.0
195.0
175.0
176.0
179.95499999999996
157.4
166.0
162.0
175.0
167.0
167.0
168.0
160.0
197.0
270.52
264.52
267.0
260.0
264.0
251.0
254.0
256.0
226.0
197.0
189.0
198.0
172.0
179.0
179.9
166.0
185.0
167.0
179.0
175.0
165.0
184.0
297.0
488.0
811.0
822.0
889.0
776.0
809.0
834.0
798.0
809.0
673.0
428.0
351.0
295.0
259.0
231.0
246.315
416.92
414.92
412.92
413.92
408.92
415.92
426.92
455.92
516.92
554.92
546.92
594.92
590.92
545.92
539.92
544.92
788.0
673.0
416.16
402.16
289.0
259.0
242.0
246.315
217.0
184.0
196.0
204.0
186.0
200.0
200.0
308.0
512.0
775.0
801.0
851.0
776.0
813.0
775.0
765.0
745.0
568.0
372.0
275.0
236.0
185.0
185.0
246.315
153.0
158.0
171.0
154.0
154.0
161.0
154.0
148.0
162.0
179.0
168.0
213.0
187.0
167.0
152.0
151.0
170.0
144.0
152.0
178.0
152.0
148.0
171.0
149.9
152.0
158.0
148.0
160.0
159.0
146.0
143.0
155.0
155.0
160.0
230.0
241.0
245.0
196.0
185.0
208.0
179.0
167.0
179.0
172.5
168.0
161.0
157.0
162.9
150.0
157.0
162.0
141.0
164.0
151.0
144.0
142.0
160.0
192.0
193.0
199.0
181.0
192.0
205.0
208.0
185.0
175.0
173.0
167.0
168.0
166.0
153.0
155.85
171.0
152.0
145.0
164.0
159.0
159.0
190.0
286.0
511.0
780.0
774.0
775.0
704.0
769.0
759.0
765.0
750.0
628.0
475.0
335.0
280.0
230.0
204.0
246.315
182.0
183.0
176.0
180.04
179.0
168.0
199.0
306.0
531.0
810.0
833.0
872.0
798.0
832.0
831.0
839.0
804.0
688.0
445.0
340.04
322.04
245.0
231.0
246.315
194.0
192.0
192.0
184.0
199.0
177.0
214.0
282.0
491.0
812.0
832.56
898.56
791.56
831.56
825.8
812.16
802.32
683.08
567.08
415.56
356.56
253.32
227.0
246.315
190.0
189.0
196.5
181.0
196.5
176.5
206.0
310.28
530.28
807.28
838.28
907.04
808.04
865.04
840.04
832.04
799.04
696.0
424.0
323.0
291.0
240.0
224.0
246.315
197.5
189.0
196.5
181.0
196.5
176.0
198.0
285.0
526.0
806.0
822.0
882.0
783.0
827.24
826.24
808.24
798.24
691.04
488.04
359.0
318.0
260.0
238.0
246.315
205.0
186.0
201.0
178.0
194.0
177.0
209.0
278.0
527.0
824.0
835.0
904.0
818.32
859.32
838.32
855.0
813.0
712.0
484.32
369.32
284.32
227.0
215.0
246.315
173.5
164.5
169.5
165.0
171.0
158.0
155.01999999999995
154.0
189.0
228.5
207.5
205.0
201.0
207.0
217.5
219.0
252.8
226.0
198.0
198.0
179.5
186.5
169.5
163.38
173.5
164.5
169.5
165.0
171.0
158.0
166.04
166.0
189.0
228.5
222.0
211.0
221.0
222.0
230.0
230.0
216.0
226.0
198.0
198.0
191.0
207.0
186.0
163.38
232.34
179.0
203.0
180.0
201.0
177.0
195.0
298.0
510.0
817.0
868.0
918.0
829.0
874.52
855.52
837.0
807.0
680.0
448.0
378.0
290.0
245.0
228.0
246.315
259.68
252.68
258.68
236.72
257.68
249.68
257.2
340.2
514.68
782.68
788.68
859.68
774.68
785.68
776.68
767.68
739.68
664.68
483.68
411.68
357.68
318.68
288.68
269.63
307.44
281.44
286.44
293.44
274.44
295.44
289.44
365.44
514.44
712.44
766.44
852.44
748.44
765.44
758.44
742.44
727.44
674.44
465.44
398.44
344.44
324.44
311.44
286.76
212.0
204.0
207.0
183.0
209.0
192.0
209.0
317.0
539.0
837.0
859.0
952.0
811.0
854.0
854.0
831.0
835.0
715.0
490.0
368.0
326.0
273.0
243.0
231.32
210.5
199.0
219.0
215.0
207.0
221.0
218.0
321.0
557.0
825.52
862.52
926.0
821.0
876.44
870.44
882.44
862.44
715.44
430.44
318.44
279.44
279.84000000000003
236.0
231.32
173.5
164.5
169.5
165.0
171.0
158.0
173.51999999999995
168.0
218.0
265.0
292.0
307.0
292.0
280.0
272.0
282.0
280.0
277.0
223.0
229.0
186.0
193.0
192.0
163.38
173.5
164.5
169.5
165.0
171.0
158.0
173.51999999999995
168.0
212.0
279.0
292.0
303.5
265.5
299.5
290.5
291.5
297.5
280.5
223.0
211.0
190.0
194.0
182.0
163.38
210.5
201.0
212.0
198.5
202.5
202.5
203.0
289.72
479.68
736.68
791.68
852.68
779.68
812.68
809.68
762.68
776.68
662.68
425.68
355.68
302.68
286.68
263.68
231.32
210.5
201.0
212.0
198.5
202.5
202.5
203.0
291.52
520.52
750.52
791.52
849.52
769.52
807.52
801.52
786.52
779.52
685.52
484.52
387.52
328.52
257.52
253.84
231.32
210.5
201.0
212.0
198.5
202.5
202.5
203.0
264.0
514.0
800.0
818.0
895.0
784.0
835.0
819.0
812.0
785.0
698.0
453.0
340.0
300.0
264.0
244.0
231.32
209.0
203.0
205.0
182.0
198.0
184.0
188.0
292.0
506.0
820.0
833.0
923.0
847.0
873.0
849.0
844.0
821.0
717.0
504.0
434.0
345.0
256.0
234.0
231.32
217.0
217.0
200.0
196.0
201.0
193.0
201.0
322.0
580.0
831.0
862.0
934.0
817.0
880.0
854.56
816.56
814.0
703.0
424.0
322.0
274.0
216.0
204.0
175.88
197.0
172.0
177.0
189.0
178.0
165.0
181.0
170.0
206.0
293.0
292.0
300.0
239.0
319.0
309.0
301.0
315.0
284.0
223.0
193.0
194.0
195.0
172.0
163.38
189.0
168.0
172.0
189.0
165.0
164.0
178.0
179.0
186.0
242.0
232.0
251.0
218.0
257.0
237.0
258.0
251.0
231.0
219.0
206.0
199.0
212.0
189.0
170.91
185.0
173.0
185.0
179.0
181.0
178.0
183.0
328.0
570.0
843.0
878.0
951.0
841.0
898.0
880.0
883.0
873.0
732.0
482.0
366.0
321.0
274.0
234.0
209.41
203.0
208.0
197.0
204.0
186.0
201.0
204.0
331.0
567.0
874.0
892.0
970.0
856.0
880.0
893.0
878.0
852.0
727.0
459.0
364.0
287.0
281.0
240.0
209.41
214.0
201.0
206.0
198.0
216.0
194.0
202.0
317.0
563.0
890.0
883.0
947.0
864.0
892.0
894.0
879.0
841.0
705.0
463.0
375.0
333.0
279.0
248.0
242.94
212.0
217.0
211.0
199.0
189.0
206.0
224.0
311.0
565.0
855.0
869.0
945.0
809.0
908.0
886.0
864.0
860.0
717.0
555.0
447.0
355.0
277.0
235.0
256.385
188.0
202.0
197.0
186.0
199.0
180.0
218.0
297.0
595.0
835.0
868.0
933.0
825.0
857.0
875.0
832.0
837.0
721.0
514.0
377.0
302.0
229.0
224.0
256.385
179.0
183.0
184.0
177.0
171.0
178.0
186.0
182.0
201.0
268.0
263.0
297.56
268.56
306.0
308.0
331.0
302.0
277.0
216.0
215.0
217.0
181.0
199.0
167.915
182.0
194.0
172.0
199.0
188.0
170.0
177.0
181.0
195.0
225.0
252.0
241.0
230.0
267.5
268.52
257.0
240.0
205.0
202.0
205.0
188.0
182.0
196.0
167.915
176.0
182.0
185.0
171.0
174.0
175.0
210.0
323.0
566.0
852.0
869.56
939.56
844.0
884.0
873.0
853.0
865.0
720.0
432.0
346.0
292.0
260.0
233.0
256.385
189.0
186.0
186.0
193.0
175.0
184.0
209.0
319.0
573.0
874.0
863.0
948.0
822.56
898.56
895.0
886.0
875.0
732.0
506.0
353.0
324.0
264.0
249.0
256.385
206.0
194.0
198.0
205.0
183.0
200.0
212.0
321.0
599.0
851.0
903.0
958.0
850.0
891.0
899.0
164.95
201.0
185.0
202.0
190.0
186.0
214.0
290.0
524.0
775.0
809.0
850.0
747.0
815.0
812.68
799.68
785.68
688.0
475.52
352.52
284.0
238.0
222.5
246.315
164.95
193.0
176.0
190.5
182.5
175.5
199.0
304.88
527.0
778.0
786.0
861.0
738.0
819.0
803.0
793.0
774.0
669.0
385.0
300.0
250.0
225.0
215.0
246.315
157.4
187.0
175.0
180.0
182.0
175.0
160.0
172.0
216.0
285.0
302.0
280.0
251.0
288.0
283.0
283.0
288.0
243.0
197.0
186.0
195.0
175.0
176.0
179.95499999999996
157.4
166.0
162.0
175.0
167.0
167.0
168.0
160.0
197.0
270.52
264.52
267.0
260.0
264.0
251.0
254.0
256.0
226.0
197.0
189.0
198.0
172.0
179.0
179.9
166.0
185.0
167.0
179.0
175.0
165.0
184.0
297.0
488.0
811.0
822.0
889.0
776.0
809.0
834.0
798.0
809.0
673.0
428.0
351.0
295.0
259.0
231.0
246.315
416.92
414.92
412.92
413.92
408.92
415.92
426.92
455.92
516.92
554.92
546.92
594.92
590.92
545.92
539.92
544.92
788.0
673.0
416.16
402.16
289.0
259.0
242.0
246.315
217.0
184.0
196.0
204.0
186.0
200.0
200.0
308.0
512.0
775.0
801.0
851.0
776.0
813.0
775.0
765.0
745.0
568.0
372.0
275.0
236.0
185.0
185.0
246.315
153.0
158.0
171.0
154.0
154.0
161.0
154.0
148.0
162.0
179.0
168.0
213.0
187.0
167.0
152.0
151.0
170.0
144.0
152.0
178.0
152.0
148.0
171.0
149.9
152.0
158.0
148.0
160.0
159.0
146.0
143.0
155.0
155.0
160.0
230.0
241.0
245.0
196.0
185.0
208.0
179.0
167.0
179.0
172.5
168.0
161.0
157.0
162.9
150.0
157.0
162.0
141.0
164.0
151.0
144.0
142.0
160.0
192.0
193.0
199.0
181.0
192.0
205.0
208.0
185.0
175.0
173.0
167.0
168.0
166.0
153.0
155.85
171.0
152.0
145.0
164.0
159.0
159.0
190.0
286.0
511.0
780.0
774.0
775.0
704.0
769.0
759.0
765.0
750.0
628.0
475.0
335.0
280.0
230.0
204.0
246.315
182.0
183.0
176.0
180.04
179.0
168.0
199.0
306.0
531.0
810.0
833.0
872.0
798.0
832.0
831.0
839.0
804.0
688.0
445.0
340.04
322.04
245.0
231.0
246.315
194.0
192.0
192.0
184.0
199.0
177.0
214.0
282.0
491.0
812.0
832.56
898.56
791.56
831.56
825.8
812.16
802.32
683.08
567.08
415.56
356.56
253.32
227.0
246.315
190.0
189.0
196.5
181.0
196.5
176.5
206.0
310.28
530.28
807.28
838.28
907.04
808.04
865.04
840.04
832.04
799.04
696.0
424.0
323.0
291.0
240.0
224.0
246.315
197.5
189.0
196.5
181.0
196.5
176.0
198.0
285.0
526.0
806.0
822.0
882.0
783.0
827.24
826.24
808.24
798.24
691.04
488.04
359.0
318.0
260.0
238.0
246.315
205.0
186.0
201.0
178.0
194.0
177.0
209.0
278.0
527.0
824.0
835.0
904.0
818.32
859.32
838.32
855.0
813.0
712.0
484.32
369.32
284.32
227.0
215.0
246.315
173.5
164.5
169.5
165.0
171.0
158.0
155.01999999999995
154.0
189.0
228.5
207.5
205.0
201.0
207.0
217.5
219.0
252.8
226.0
198.0
198.0
179.5
186.5
169.5
163.38
173.5
164.5
169.5
165.0
171.0
158.0
166.04
166.0
189.0
228.5
222.0
211.0
221.0
222.0
230.0
230.0
216.0
226.0
198.0
198.0
191.0
207.0
186.0
163.38
232.34
179.0
203.0
180.0
201.0
177.0
195.0
298.0
510.0
817.0
868.0
918.0
829.0
874.52
855.52
837.0
807.0
680.0
448.0
378.0
290.0
245.0
228.0
246.315
259.68
252.68
258.68
236.72
257.68
249.68
257.2
340.2
514.68
782.68
788.68
859.68
774.68
785.68
776.68
767.68
739.68
664.68
483.68
411.68
357.68
318.68
288.68
269.63
307.44
281.44
286.44
293.44
274.44
295.44
289.44
365.44
514.44
712.44
766.44
852.44
748.44
765.44
758.44
742.44
727.44
674.44
465.44
398.44
344.44
324.44
311.44
286.76
212.0
204.0
207.0
183.0
209.0
192.0
209.0
317.0
539.0
837.0
859.0
952.0
811.0
854.0
854.0
831.0
835.0
715.0
490.0
368.0
326.0
273.0
243.0
231.32
210.5
199.0
219.0
215.0
207.0
221.0
218.0
321.0
557.0
825.52
862.52
926.0
821.0
876.44
870.44
882.44
862.44
715.44
430.44
318.44
279.44
279.84000000000003
236.0
231.32
173.5
164.5
169.5
165.0
171.0
158.0
173.51999999999995
168.0
218.0
265.0
292.0
307.0
292.0
280.0
272.0
282.0
280.0
277.0
223.0
229.0
186.0
193.0
192.0
163.38
173.5
164.5
169.5
165.0
171.0
158.0
173.51999999999995
168.0
212.0
279.0
292.0
303.5
265.5
299.5
290.5
291.5
297.5
280.5
223.0
211.0
190.0
194.0
182.0
163.38
210.5
201.0
212.0
198.5
202.5
202.5
203.0
289.72
479.68
736.68
791.68
852.68
779.68
812.68
809.68
762.68
776.68
662.68
425.68
355.68
302.68
286.68
263.68
231.32
210.5
201.0
212.0
198.5
202.5
202.5
203.0
291.52
520.52
750.52
791.52
849.52
769.52
807.52
801.52
786.52
779.52
685.52
484.52
387.52
328.52
257.52
253.84
231.32
210.5
201.0
212.0
198.5
202.5
202.5
203.0
264.0
514.0
800.0
818.0
895.0
784.0
835.0
819.0
812.0
785.0
698.0
453.0
340.0
300.0
264.0
244.0
231.32
209.0
203.0
205.0
182.0
198.0
184.0
188.0
292.0
506.0
820.0
833.0
923.0
847.0
873.0
849.0
844.0
821.0
717.0
504.0
434.0
345.0
256.0
234.0
231.32
217.0
217.0
200.0
196.0
201.0
193.0
201.0
322.0
580.0
831.0
862.0
934.0
817.0
880.0
854.56
816.56
814.0
703.0
424.0
322.0
274.0
216.0
204.0
175.88
197.0
172.0
177.0
189.0
178.0
165.0
181.0
170.0
206.0
293.0
292.0
300.0
239.0
319.0
309.0
301.0
315.0
284.0
223.0
193.0
194.0
195.0
172.0
163.38
189.0
168.0
172.0
189.0
165.0
164.0
178.0
179.0
186.0
242.0
232.0
251.0
218.0
257.0
237.0
258.0
251.0
231.0
219.0
206.0
199.0
212.0
189.0
170.91
185.0
173.0
185.0
179.0
181.0
178.0
183.0
328.0
570.0
843.0
878.0
951.0
841.0
898.0
880.0
883.0
873.0
732.0
482.0
366.0
321.0
274.0
234.0
209.41
203.0
208.0
197.0
204.0
186.0
201.0
204.0
331.0
567.0
874.0
892.0
970.0
856.0
880.0
893.0
878.0
852.0
727.0
459.0
364.0
287.0
281.0
240.0
209.41
214.0
201.0
206.0
198.0
216.0
194.0
202.0
317.0
563.0
890.0
883.0
947.0
864.0
892.0
894.0
879.0
841.0
705.0
463.0
375.0
333.0
279.0
248.0
242.94
212.0
217.0
211.0
199.0
189.0
206.0
224.0
311.0
565.0
855.0
869.0
945.0
809.0
908.0
886.0
864.0
860.0
717.0
555.0
447.0
355.0
277.0
235.0
256.385
188.0
202.0
197.0
186.0
199.0
180.0
218.0
297.0
595.0
835.0
868.0
933.0
825.0
857.0
875.0
832.0
837.0
721.0
514.0
377.0
302.0
229.0
224.0
256.385
179.0
183.0
184.0
177.0
171.0
178.0
186.0
182.0
201.0
268.0
263.0
297.56
268.56
306.0
308.0
331.0
302.0
277.0
216.0
215.0
217.0
181.0
199.0
167.915
182.0
194.0
172.0
199.0
188.0
170.0
177.0
181.0
195.0
225.0
252.0
241.0
230.0
267.5
268.52
257.0
240.0
205.0
202.0
205.0
188.0
182.0
196.0
167.915
176.0
182.0
185.0
171.0
174.0
175.0
210.0
323.0
566.0
852.0
869.56
939.56
844.0
884.0
873.0
853.0
865.0
720.0
432.0
346.0
292.0
260.0
233.0
256.385
189.0
186.0
186.0
193.0
175.0
184.0
209.0
319.0
573.0
874.0
863.0
948.0
822.56
898.56
895.0
886.0
875.0
732.0
506.0
353.0
324.0
264.0
249.0
256.385
206.0
194.0
198.0
205.0
183.0
200.0
212.0
321.0
599.0
851.0
903.0
958.0
850.0
891.0
899.0
874.0
968.0
952.0
939.0
920.0
751.0
510.0
373.0
302.0
230.0
216.0
224.43
201.0
192.0
204.0
209.0
185.0
197.0
220.0
378.0
669.0
942.0
970.0
975.0
888.0
922.0
924.0
919.0
915.0
767.0
509.0
414.0
366.0
286.0
240.0
224.43
228.0
207.0
228.0
208.0
233.0
207.0
229.0
350.0
655.0
890.0
902.0
934.0
859.0
909.0
912.0
887.0
891.0
764.0
533.0
426.0
344.0
267.0
229.0
224.43
223.5
217.0
214.0
207.5
223.0
206.0
230.5
333.48
544.49
903.0
950.0
977.0
880.0
924.0
916.0
925.0
910.0
768.0
586.0
443.0
357.0
254.0
255.0
224.43
223.5
227.0
200.0
207.0
213.0
205.0
232.0
373.0
671.0
941.04
947.04
984.0
878.0
956.0
934.0
922.0
912.0
749.0
545.0
409.0
314.0
279.0
245.0
224.43
198.5
225.0
226.0
209.0
225.0
210.5
182.5
206.0
256.0
299.0
313.0
310.0
271.0
311.0
304.0
303.0
300.0
261.0
250.0
258.0
246.0
221.0
212.0
157.34
198.5
219.0
204.0
218.0
210.0
218.0
182.5
200.0
235.0
255.0
271.0
273.0
281.0
260.0
268.52
270.52
247.0
263.0
241.0
227.0
227.0
198.0
205.0
157.34
219.0
206.0
190.0
191.0
209.0
201.0
231.0
352.0
637.0
910.0
941.0
964.0
848.0
924.0
887.0
908.0
882.0
718.0
463.0
373.0
305.0
246.0
219.0
224.43
198.0
202.0
200.0
192.0
193.0
197.0
230.0
358.0
630.0
904.0
937.0
964.0
857.0
900.0
914.0
907.0
885.0
734.0
449.0
364.0
307.0
255.0
251.0
224.43
209.0
194.0
190.0
211.0
198.0
191.0
229.0
361.0
658.0
882.0
909.0
943.0
829.0
889.0
884.0
890.0
840.0
710.0
446.0
391.0
317.0
279.0
240.0
224.43
202.0
207.0
190.0
221.0
186.0
190.0
234.0
343.0
625.0
838.0
888.0
924.0
799.0
851.0
857.0
854.0
837.0
696.0
445.0
369.0
273.6
277.0
205.0
224.43
197.0
195.0
206.0
196.0
184.0
199.0
191.0
194.0
225.0
254.0
258.0
264.0
249.0
251.0
267.0
255.0
237.0
249.0
225.0
213.0
197.0
220.0
184.0
157.34
193.0
185.0
186.0
205.0
178.0
192.0
193.0
174.0
183.0
241.0
214.0
217.0
244.0
218.0
249.0
225.0
241.0
233.0
216.0
201.0
222.0
191.0
190.5
157.34
195.0
189.0
186.0
189.0
190.5
191.5
197.0
353.0
632.0
894.0
924.0
957.0
878.0
921.0
909.0
889.0
891.0
729.0
563.0
408.0
336.0
275.0
233.0
224.43
204.0
198.0
195.0
199.0
195.0
193.0
219.0
363.0
614.0
881.0
933.0
929.0
843.0
880.0
865.0
844.0
816.0
678.0
423.0
333.0
295.0
281.0
222.0
224.43
209.0
200.0
202.0
220.0
185.0
203.0
215.0
353.0
664.0
898.0
915.0
962.0
845.0
896.0
892.0
917.0
887.0
708.0
490.0
399.0
342.0
276.0
245.0
224.43
189.0
214.0
201.0
215.0
202.0
194.0
221.5
343.56
658.0
904.0
943.0
981.0
889.0
934.0
911.0
905.0
885.0
750.0
532.0
444.0
332.0
256.0
214.0
224.43
205.0
205.0
198.0
201.5
219.0
196.0
228.0
351.0
640.0
892.0
898.0
926.0
853.0
890.0
880.0
868.0
857.0
704.0
520.0
383.0
270.0
239.0
199.0
224.43
184.0
197.0
184.0
182.0
189.0
189.0
166.0
186.0
205.0
264.0
258.0
278.0
270.08
316.08
314.0
302.0
310.0
241.0
230.0
224.0
223.0
221.0
197.0
157.34
205.0
187.0
200.0
196.0
186.0
194.0
184.0
190.0
193.0
246.0
237.0
255.0
248.0
258.0
240.0
254.0
243.0
239.0
224.0
208.0
212.0
203.0
202.0
157.34
195.0
199.0
195.0
188.0
209.0
197.0
229.0
378.0
644.0
906.0
930.0
964.0
877.0
918.0
915.0
916.0
893.0
725.0
469.0
390.0
303.0
246.0
240.0
224.43
200.0
207.0
233.0
211.0
196.0
211.0
243.0
355.0
645.0
822.52
895.52
946.52
854.52
910.52
901.52
868.08
846.08
768.08
559.08
453.84
337.84
291.84
245.0
224.43
207.0
204.5
224.5
215.5
222.0
200.5
226.5
317.64
637.68
875.68
885.68
927.0
829.0
902.0
886.0
874.0
850.0
748.0
447.0
342.0
310.0
273.52
262.52
224.43
207.0
202.0
216.0
220.0
205.0
200.5
226.5
356.0
599.0
870.0
893.0
930.0
844.0
867.0
851.52
868.52
874.0
703.0
485.0
400.0
321.0
261.0
234.0
224.43
207.0
205.0
219.0
204.0
199.0
200.5
226.5
366.0
608.0
855.0
851.0
910.0
819.0
860.0
860.0
838.0
851.0
715.0
452.0
384.0
334.0
279.0
236.0
224.43
211.0
207.0
213.0
186.0
214.0
201.0
192.0
200.0
231.0
280.0
299.0
304.0
285.0
320.0
307.0
316.0
291.0
257.0
242.0
224.0
220.0
226.0
189.0
157.34
186.5
194.5
186.5
182.0
200.5
204.0
176.0
179.0
215.0
240.0
233.0
252.0
238.0
244.0
266.0
239.0
253.0
245.0
236.0
218.0
222.0
217.0
193.0
157.34
207.0
207.0
192.0
188.0
199.0
200.5
226.5
334.56
571.0
853.0
866.0
904.0
839.0
874.0
886.0
885.0
872.0
763.32
493.32
383.32
341.0
284.0
250.0
224.43
207.0
205.0
184.5
193.0
199.0
200.5
210.0
352.0
649.0
850.0
934.0
948.0
825.0
889.52
898.52
886.52
861.52
745.0
479.0
328.0
292.08
271.08
223.0
224.43
207.0
203.0
177.0
198.0
193.0
190.0
214.0
337.0
574.0
878.0
909.52
950.52
829.0
894.0
875.0
887.0
865.0
731.0
459.0
356.0
312.0
262.0
208.0
186.0
207.0
200.0
186.5
193.5
196.5
185.0
190.0
320.0
551.0
852.0
875.0
931.0
805.0
880.0
873.0
880.0
872.0
723.0
513.0
387.0
314.0
282.0
223.0
180.94
214.0
197.0
196.0
189.0
200.0
201.0
190.0
343.0
593.0
831.0
904.0
928.0
812.0
858.0
850.0
860.0
839.0
724.0
508.0
360.0
289.0
238.0
231.0
180.94
186.5
194.5
186.5
178.0
187.0
160.0
159.0
174.0
214.0
290.0
262.0
269.0
238.0
285.0
273.0
285.0
271.0
244.0
197.0
177.0
189.0
164.0
182.0
162.83
162.0
182.0
160.0
172.0
175.0
154.0
152.0
159.0
181.0
245.0
263.0
286.0
234.0
289.0
284.0
266.0
268.0
251.0
216.0
193.0
230.0
203.0
206.0
164.365
160.0
183.0
151.0
161.04
180.04
188.5
170.0
292.0
509.0
839.0
827.0
859.0
746.0
837.0
815.56
811.56
826.0
685.0
457.0
378.0
321.0
254.0
235.0
180.94
191.0
168.0
188.0
171.0
165.0
176.0
182.0
283.0
532.0
801.0
833.0
839.0
740.0
806.0
797.0
813.0
806.0
669.0
437.0
388.0
327.0
260.0
240.0
180.94
188.0
176.0
168.0
184.0
178.0
187.0
178.0
303.0
550.0
790.0
824.0
851.0
724.0
817.0
812.0
785.0
785.0
659.0
412.0
338.0
295.0
246.0
236.0
180.94
171.0
174.0
173.0
173.0
171.0
170.0
181.0
283.0
510.0
814.0
831.0
858.0
757.0
816.0
809.0
800.0
784.0
678.0
443.0
361.0
306.0
274.0
249.0
180.94
194.0
177.0
160.0
182.0
161.0
159.0
184.0
275.0
514.0
803.0
801.0
860.0
739.0
795.0
787.0
751.0
761.0
631.0
460.0
318.0
255.0
230.0
202.0
180.94
163.5
162.0
179.0
168.5
148.0
174.0
152.0
158.0
170.0
184.0
194.0
204.0
197.0
210.0
199.0
215.0
186.0
183.0
172.0
194.5
196.0
174.0
164.0
165.9
165.0
162.0
159.0
165.0
154.0
158.0
151.0
165.0
161.0
170.0
173.0
194.0
170.0
172.0
195.0
184.0
189.0
184.0
170.0
196.0
174.0
170.0
144.0
165.87
162.0
168.5
153.0
156.0
164.0
150.0
159.0
160.0
143.0
171.0
196.0
204.0
188.0
189.5
209.0
200.0
203.0
196.5
185.5
186.5
183.5
174.2
158.5
164.39
192.0
178.5
172.0
174.2
166.0
890.12
887.12
894.0
856.0
752.2
516.0
396.0
353.0
258.0
274.0
252.485
206.0
222.0
233.0
195.0
218.0
209.0
205.0
336.0
591.0
827.0
855.0
897.0
839.0
873.12
855.0
847.0
820.0
714.0
490.0
443.0
367.0
267.0
216.0
252.485
209.0
195.0
210.0
195.0
220.0
191.0
200.0
218.0
251.12
285.0
259.0
313.0
265.0
300.0
282.0
279.0
267.0
247.0
248.0
250.0
230.0
214.0
218.0
163.925
197.0
184.0
206.0
190.0
187.0
189.0
206.0
214.0
207.0
221.0
211.0
230.0
245.0
237.0
205.0
233.0
248.0
241.0
237.0
207.0
225.0
207.0
210.0
163.925
187.0
210.0
207.0
207.0
193.0
207.0
199.0
344.0
603.0
857.0
897.0
943.0
867.0
929.0
903.0
909.0
890.0
804.0
535.0
426.0
346.0
316.0
271.0
252.485
201.0
195.0
201.0
235.0
210.5
210.5
207.0
329.0
597.0
840.0
930.0
932.0
864.0
893.12
896.0
881.08
877.0
792.0
527.12
426.0
343.0
295.0
246.0
244.92
216.0
250.0
226.0
229.0
228.0
214.0
222.0
311.0
610.0
831.0
887.0
901.0
831.0
900.0
868.0
877.0
863.0
756.0
539.0
445.0
366.0
297.0
268.0
257.45
219.0
203.0
213.0
213.0
214.0
215.0
202.0
320.0
602.0
835.0
915.0
893.0
823.0
825.0
816.12
837.0
820.0
720.0
486.0
385.0
326.0
280.0
248.0
257.45
231.0
202.0
204.0
210.0
232.0
206.0
190.0
343.0
664.0
848.0
877.0
890.0
799.12
866.0
865.12
845.0
869.0
711.0
451.0
376.0
310.0
273.0
245.0
257.45
186.0
193.0
193.0
220.0
183.0
204.0
206.0
200.0
228.0
258.0
289.0
277.0
283.0
271.0
280.0
291.0
267.0
245.0
220.0
234.0
195.0
215.0
212.0
163.925
203.0
187.0
202.0
192.0
204.0
189.0
180.0
205.0
207.0
217.0
206.0
212.0
248.0
232.0
235.0
245.0
242.0
233.0
230.0
230.0
228.0
247.0
182.0
163.925
206.0
212.0
200.0
216.0
184.0
189.0
208.0
308.0
583.0
836.0
859.0
852.0
808.52
870.52
854.12
844.32
830.32
737.44
556.12
486.0
340.0
297.12
245.0
257.45
216.0
219.0
226.0
204.0
224.0
195.0
216.0
342.0
587.0
792.8
846.8
866.8
837.8
867.8
868.24
879.24
887.24
777.24
557.0
438.0
387.0
308.0
251.0
257.45
237.0
217.0
210.0
204.0
216.0
243.0
216.0
329.0
584.0
831.0
894.0
859.0
820.0
843.0
869.0
837.0
858.12
742.0
543.0
401.0
360.0
304.0
273.0
257.45
240.0
210.0
192.0
197.0
219.0
203.0
220.0
311.0
607.52
809.52
881.0
877.0
775.0
828.08
821.0
760.0
720.0
605.52
438.52
344.0
301.0
283.0
226.0
257.45
192.0
194.0
186.0
191.0
166.0
179.0
168.0
181.0
172.0
208.0
192.0
198.0
199.0
205.0
195.0
223.0
220.0
218.0
219.0
206.0
183.0
177.0
172.0
167.97
180.0
177.0
186.0
172.0
187.0
155.0
173.0
173.0
186.0
174.0
193.0
189.0
192.0
185.0
183.0
201.0
220.0
203.0
208.0
181.0
189.0
182.0
186.0
169.45499999999996
186.0
175.0
184.0
184.0
198.0
153.0
178.0
165.0
167.0
174.0
207.0
171.0
201.0
189.0
193.0
185.0
198.0
186.0
212.0
205.5
197.0
191.0
193.0
170.94
188.0
179.0
195.0
178.0
170.0
192.0
183.0
309.0
588.0
857.0
873.0
901.0
821.0
891.0
884.0
893.2
877.0
761.0
559.0
428.0
371.0
290.08
258.0
257.45
216.0
210.0
222.0
200.0
214.0
229.0
204.0
334.0
603.0
843.0
903.12
933.0
830.0
878.0
896.0
891.0
866.0
780.0
526.0
433.12
351.0
297.0
258.0
257.45
192.0
210.0
210.0
220.0
202.0
192.0
224.0
331.0
609.0
853.0
899.12
912.0
835.0
865.0
898.0
900.0
860.0
734.0
550.0
418.0
336.0
279.0
226.0
257.45
211.0
220.0
209.0
214.0
198.0
191.0
223.0
326.0
633.0
862.0
866.0
888.0
822.0
867.0
915.12
898.0
858.0
761.0
510.0
423.0
377.12
321.0
234.0
269.98
216.0
218.5
200.0
199.5
254.61
250.61
211.5
316.24
571.41
738.17
879.08
913.08
825.08
864.08
893.6
864.6
861.6
717.6
487.6
402.6
329.6
282.6
237.0
260.42
199.0
207.0
199.0
220.0
213.0
233.0
196.0
207.0
229.0
277.0
281.0
280.0
264.0
275.0
324.0
285.0
288.0
239.0
251.0
205.5
239.0
216.0
226.0
175.41
199.0
208.0
201.0
189.0
204.0
198.0
185.0
195.0
183.0
192.0
227.0
238.0
234.0
249.0
219.0
225.0
228.0
220.0
226.0
230.0
238.0
227.0
190.0
175.41
216.0
217.0
191.0
185.0
215.0
188.0
200.0
325.0
612.0
898.0
896.0
940.0
860.0
927.0
932.0
917.0
923.0
760.08
568.0
495.0
385.0
278.0
239.0
260.42
221.0
249.0
208.0
222.0
207.0
212.0
222.0
327.0
598.0
861.0
904.0
909.12
817.0
923.0
890.0
895.0
898.0
735.12
560.0
410.0
352.0
300.0
241.0
260.42
226.0
224.0
211.0
219.0
211.0
212.0
215.0
326.0
600.0
860.0
872.0
915.0
823.0
882.0
928.0
855.0
871.12
741.0
542.0
384.0
349.0
280.0
246.0
260.42
224.0
203.0
211.0
215.0
222.0
191.0
236.0
344.0
609.0
855.0
881.0
930.0
853.0
905.0
889.0
915.0
836.0
714.0
572.0
460.12
367.0
272.0
241.0
260.42
229.0
226.0
214.0
232.0
206.0
186.0
219.0
365.0
587.0
850.0
884.08
923.0
824.0
861.0
879.0
878.0
868.0
722.0
536.0
379.0
374.0
278.0
275.0
260.42
212.0
228.0
209.0
217.0
209.0
232.0
210.0
214.0
259.0
298.0
297.0
362.0
272.0
306.04
290.04
297.0
301.0
276.0
220.0
221.0
230.0
193.0
212.0
175.41
180.0
204.0
216.0
186.0
202.0
211.0
196.0
187.0
221.0
257.0
260.0
285.0
249.0
256.0
289.52
260.52
286.0
253.0
234.0
252.0
221.0
213.0
238.0
175.41
186.0
216.0
206.0
193.0
207.0
182.0
188.0
359.0
596.0
930.12
909.12
960.0
840.0
913.0
918.0
922.0
882.0
763.0
530.0
432.0
329.0
294.0
238.0
250.86
225.0
223.0
233.0
211.0
224.0
221.0
229.0
339.0
647.0
874.0
900.0
918.0
828.0
907.0
923.0
888.0
879.0
764.0
526.0
442.0
396.0
310.12
234.0
250.335
213.0
237.0
248.0
211.0
230.0
202.0
242.0
351.0
619.0
881.0
895.0
942.0
802.0
902.0
893.0
876.08
861.0
771.0
575.0
457.0
370.0
286.0
254.0
250.335
209.0
218.0
208.0
228.0
220.0
202.0
244.0
325.0
666.68
834.68
884.0
906.0
831.0
899.0
895.0
891.12
851.0
781.0
555.0
447.0
368.0
315.0
264.0
250.335
216.0
236.0
201.0
230.0
186.0
237.0
212.0
337.0
621.0
840.12
855.0
916.0
838.0
848.0
863.0
834.0
798.0
696.0
464.0
370.0
285.0
260.0
187.0
250.335
221.0
184.0
174.0
188.0
177.0
171.0
186.0
183.0
192.0
215.0
241.0
260.0
258.0
255.0
244.0
262.0
259.0
264.0
232.0
223.0
221.0
195.0
218.0
175.41
195.0
187.0
179.0
168.0
182.0
190.0
162.0
191.0
197.0
212.0
262.0
272.0
257.0
240.0
255.0
249.0
247.0
229.0
241.0
228.0
215.0
221.0
198.0
175.41
200.0
174.0
193.0
189.0
175.0
180.0
188.0
329.0
594.0
887.0
893.0
941.0
899.08
908.0
931.0
888.0
871.0
756.12
564.0
486.0
378.0
311.0
255.0
250.335
220.0
227.0
198.0
235.0
208.0
188.0
230.0
336.0
620.0
856.0
868.0
908.0
818.0
893.08
888.0
855.0
889.0
747.0
545.0
516.0
418.0
299.0
251.0
250.335
214.5
218.0
224.0
211.0
198.0
215.0
213.0
373.0
613.12
906.0
911.0
976.0
853.0
895.12
896.0
889.0
903.0
756.0
553.0
410.0
310.0
320.0
254.0
249.81
209.0
209.0
210.0
206.0
202.0
190.0
197.0
294.0
556.12
842.0
902.0
919.0
839.0
899.0
922.0
895.0
882.08
774.0
608.0
494.0
358.0
318.0
255.0
242.82
217.0
214.0
220.0
212.0
226.0
208.0
230.0
332.0
562.0
884.0
889.0
951.0
818.0
898.0
914.0
859.0
883.0
760.0
573.0
422.0
349.0
260.0
247.0
250.32
217.0
202.0
212.0
222.0
226.0
213.0
207.0
360.12
587.0
852.0
895.0
929.0
816.0
875.0
895.0
868.0
863.0
773.0
575.0
468.0
350.0
269.0
250.0
250.32
217.0
238.0
218.0
232.0
231.0
227.0
200.0
372.0
589.0
896.0
913.08
954.0
841.12
909.0
894.0
899.0
887.0
800.0
550.0
451.0
407.0
280.0
270.0
250.32
208.0
249.0
236.0
233.0
216.0
204.0
216.0
348.0
589.0
893.04
905.04
939.0
833.0
871.0
891.0
891.0
853.0
750.0
501.0
408.0
327.0
267.0
247.0
250.32
213.0
223.0
217.0
215.0
219.0
206.0
189.0
242.0
263.0
319.0
304.0
337.0
304.0
312.0
321.0
314.0
272.0
292.0
224.0
249.0
241.0
220.0
203.0
216.5
221.0
199.0
189.0
203.0
241.0
201.0
197.0
220.0
193.0
220.0
213.0
270.0
221.0
257.0
233.0
240.0
232.0
244.0
223.0
234.0
225.0
214.0
203.0
216.5
221.0
210.0
208.0
224.0
189.0
212.0
186.0
330.0
591.0
870.0
905.0
940.0
860.0
895.0
893.0
925.0
885.0
771.0
545.0
410.0
319.0
308.0
204.0
250.32
211.0
232.0
205.0
225.0
193.0
217.0
216.0
316.0
602.0
877.0
912.0
945.0
842.0
945.0
889.0
901.0
916.0
730.0
518.0
422.0
347.0
287.0
264.0
250.32
234.0
220.0
227.0
193.0
208.0
170.0
227.0
310.0
536.0
872.0
861.0
898.0
827.0
880.0
877.0
837.0
892.0
757.0
483.0
437.0
341.0
295.0
222.0
250.32
231.0
226.0
207.0
204.0
230.0
215.0
184.0
341.0
554.0
863.0
881.0
949.0
830.0
903.0
877.0
889.0
835.0
738.0
548.0
475.0
403.0
287.0
243.0
257.82
220.0
207.0
198.0
204.0
198.0
185.0
224.0
324.0
552.0
893.0
883.0
901.0
758.0
837.0
785.0
767.0
792.0
646.0
484.0
416.0
311.0
263.08
240.5
251.475
228.0
212.0
196.0
209.0
231.0
197.0
233.0
232.0
209.0
307.0
313.0
331.0
311.0
313.0
330.0
314.0
320.12
310.0
257.0
221.0
240.0
234.0
202.0
216.5
206.0
218.0
199.0
197.0
206.0
204.0
225.0
217.0
204.0
214.0
241.0
254.0
253.0
239.0
248.0
248.0
251.0
244.0
259.0
267.0
213.0
241.0
221.0
216.5
223.0
184.0
230.0
206.0
210.0
197.0
191.0
318.0
606.0
855.0
899.0
964.0
841.0
895.0
884.0
894.0
879.0
783.0
570.0
536.0
376.0
248.0
238.0
251.475
227.0
206.0
211.0
216.5
213.0
210.5
209.0
304.04
596.0
897.0
884.0
947.0
810.0
939.0
896.0
888.0
886.0
752.0
619.0
474.0
374.0
312.0
249.0
245.13
227.0
228.0
192.0
227.0
216.0
224.0
227.0
331.0
645.0
886.32
907.44
946.32
858.0
898.0
911.0
910.56
888.56
777.08
589.08
426.04
321.44
277.44
247.0
268.805
231.0
202.0
220.0
200.0
239.0
199.0
205.0
321.0
616.0
877.0
914.0
989.0
833.0
912.0
898.0
905.0
887.0
763.0
552.0
446.0
377.0
255.0
256.0
268.805
244.76
205.0
214.5
194.5
219.5
231.0
218.0
303.0
567.0
901.0
944.0
988.0
882.0
898.0
889.0
923.0
881.0
745.0
540.0
406.0
320.0
293.0
265.0
268.805
205.0
213.5
206.5
196.5
203.0
203.5
205.0
208.0
231.26
258.92
271.92
295.92
255.92
288.02
277.92
267.92
291.92
255.92
247.92
261.22
218.5
225.5
220.5
216.5
205.0
213.5
206.5
196.5
203.0
203.5
205.0
208.0
231.26
278.22
266.44
273.44
288.96
288.02
265.44
317.98
271.44
287.96
252.44
255.44
218.5
225.5
220.5
216.5
244.76
205.0
214.5
194.5
219.5
228.5
196.5
329.92
591.92
922.92
893.92
947.92
866.92
901.92
928.92
907.92
919.92
784.92
573.92
472.92
378.92
315.92
265.0
268.805
244.76
208.0
209.0
189.0
200.0
226.0
175.0
371.0
596.0
879.08
921.84
911.28
871.28
924.76
914.0
899.0
892.0
768.32
561.32
486.32
359.0
292.0
265.0
268.805
244.76
264.56
236.94
229.44
226.44
239.44
257.68
380.88
616.88
857.88
915.88
890.88
845.36
839.49
862.88
822.89
864.88
811.88
615.89
504.6
379.6
348.61
326.6
292.48
258.52
259.22
236.94
229.44
226.44
239.44
256.88
363.56
585.6
812.8
878.8
883.8
809.8
832.8
824.8
864.8
843.8
766.8
611.8
506.8
405.8
314.8
317.8
296.07
250.28
253.88
264.88
269.88
252.88
252.88
251.88
376.88
575.88
839.88
839.88
896.28
806.28
837.28
801.28
847.28
821.88
731.08
503.76
450.76
341.76
324.08
292.88
255.89
205.0
213.5
206.5
196.5
203.0
203.5
205.0
208.0
258.52
297.52
318.52
375.0
322.0
337.04
340.04
368.04
345.04
320.0
266.0
258.0
224.0
210.0
220.0
216.5
205.0
213.5
206.5
196.5
203.0
203.5
205.0
208.0
242.76
254.76
282.56
298.56
289.56
292.56
307.56
283.56
312.56
275.56
249.0
249.0
227.0
216.0
205.5
216.5
281.72
307.92
278.96
292.96
275.96
295.96
259.96
360.96
540.96
784.96
850.96
859.96
790.96
856.96
852.96
828.96
833.96
790.04
632.96
566.96
444.96
334.96
336.96
324.86
269.86
231.0
251.48
260.48
245.98
250.98
242.48
327.0
620.0
907.0
928.0
957.0
905.0
940.0
957.0
950.0
897.0
827.0
590.0
485.0
423.0
344.0
298.0
291.44
258.0
219.0
224.0
228.0
216.0
206.0
225.0
379.0
606.0
913.0
912.0
960.0
886.0
948.0
906.0
918.0
894.0
768.0
568.0
409.0
360.0
284.0
254.0
291.44
264.0
210.0
216.0
213.0
232.0
203.0
238.0
379.0
607.0
864.0
906.0
935.0
854.0
865.0
895.0
864.0
853.0
760.0
533.0
414.0
351.52
270.52
270.0
258.02
234.5
207.0
229.0
210.0
213.5
208.0
249.76
340.0
645.0
819.0
889.0
915.0
891.0
899.0
850.0
858.0
878.76
727.76
491.76
354.76
294.52
278.52
204.0
252.96
204.0
209.0
214.0
196.0
200.0
203.0
185.0
199.0
227.0
212.0
229.0
228.0
233.0
207.0
246.0
214.0
225.0
243.0
232.0
240.0
230.0
222.0
191.0
216.5
221.0
203.0
206.0
197.0
194.0
197.0
191.0
207.0
177.0
232.0
234.0
260.0
255.0
236.0
253.0
271.0
253.0
291.0
266.0
263.0
240.0
256.0
233.0
216.5
205.0
210.0
207.0
207.0
195.0
213.0
199.0
338.0
632.0
916.0
977.0
991.0
906.0
922.0
946.0
909.0
882.0
760.0
549.0
426.0
373.0
274.0
288.0
247.9
477.28
476.28
475.28
475.28
474.28
476.28
486.28
524.28
600.28
658.28
663.28
699.28
711.28
683.28
640.28
677.28
676.28
626.28
577.28
429.0
356.0
280.0
273.0
255.38
262.0
220.0
233.0
221.0
220.0
230.0
247.0
375.0
602.0
882.0
922.0
994.0
890.0
929.0
900.0
881.0
898.0
748.0
483.0
407.0
366.0
300.0
290.0
255.38
252.0
231.0
245.0
214.0
246.0
206.0
226.0
370.0
604.0
894.0
895.0
930.0
859.0
924.0
913.0
895.0
881.0
719.0
511.0
382.0
347.0
301.0
267.16
255.38
218.0
232.0
209.0
248.0
204.0
227.0
214.0
364.0
613.0
855.0
877.0
900.0
807.0
905.0
874.0
833.0
870.12
739.0
478.0
385.0
349.0
278.0
222.0
255.38
235.0
220.0
216.0
213.0
213.0
207.0
217.0
179.0
211.0
240.0
214.0
231.0
253.0
229.0
225.0
223.0
248.0
235.0
251.0
250.0
230.0
240.0
242.0
216.5
217.0
198.0
208.0
207.0
208.0
210.0
208.0
200.0
222.0
225.0
205.0
257.0
223.0
244.0
249.0
237.0
239.0
251.0
270.0
237.0
250.0
791.0
782.0
778.0
666.0
426.0
353.0
303.0
240.0
208.0
170.39999999999995
180.0
164.0
178.0
162.0
166.0
182.0
168.0
280.0
527.0
787.0
790.0
840.0
727.0
790.0
789.0
769.0
756.0
629.0
445.0
367.0
332.0
263.0
222.0
170.39999999999995
173.0
178.0
160.0
190.0
159.0
146.0
209.0
273.0
510.0
763.0
786.0
821.0
720.0
775.0
759.0
755.0
755.0
637.0
420.0
356.0
318.0
255.0
260.0
170.39999999999995
178.0
167.0
175.0
170.0
174.0
156.0
187.0
266.0
508.0
771.0
745.0
816.0
713.0
772.0
765.0
740.0
750.0
611.0
437.0
387.0
316.0
272.0
219.0
170.39999999999995
184.0
177.0
186.0
173.0
170.0
179.0
178.0
267.0
478.0
748.0
776.0
801.0
699.0
758.0
731.0
737.0
701.0
602.0
419.0
358.0
285.0
245.0
214.0
170.39999999999995
180.0
179.0
164.0
167.0
182.0
153.0
171.0
167.0
167.0
209.0
203.0
217.0
199.0
211.0
222.0
213.0
213.0
207.0
193.0
189.0
178.0
194.0
177.0
158.89
182.0
158.0
172.0
168.0
161.0
177.0
165.0
155.0
157.0
196.0
201.0
191.0
216.0
182.0
192.0
207.0
202.0
191.0
189.0
189.0
173.0
186.5
181.0
161.87
180.5
155.5
160.0
181.0
170.0
158.0
168.0
172.0
171.0
192.0
216.0
247.0
249.0
228.0
210.0
223.0
216.0
207.0
189.0
192.0
202.0
179.0
185.0
166.88
187.5
186.5
181.0
173.0
180.5
183.5
172.5
284.32
471.32
675.32
685.32
804.0
711.0
786.0
780.0
768.0
772.0
650.0
490.0
338.0
281.0
268.0
227.0
170.39999999999995
191.0
196.0
176.0
176.0
191.0
183.5
167.0
293.0
510.0
755.0
775.0
819.0
718.0
766.0
751.0
786.0
763.0
657.0
446.0
357.0
296.0
250.0
222.0
170.39999999999995
184.0
190.0
164.0
187.0
155.0
183.5
190.0
281.0
508.0
793.0
799.0
849.0
749.0
810.0
813.0
807.0
783.0
662.0
462.0
349.0
294.0
268.0
252.0
170.39999999999995
203.0
193.0
189.0
195.0
189.0
188.0
193.0
281.0
514.0
796.0
796.0
887.0
773.0
806.0
817.0
815.0
787.0
667.0
441.0
340.0
272.0
182.0
183.0
164.92
179.0
153.0
161.0
154.0
149.0
149.0
168.0
152.0
176.0
190.0
196.0
216.0
184.0
220.0
196.0
200.0
207.0
190.0
185.0
188.0
175.0
154.0
164.0
155.93
151.0
156.0
162.0
158.0
150.0
144.0
165.0
133.0
154.0
178.0
172.0
197.0
174.0
200.0
188.0
186.0
212.0
164.0
201.0
184.0
166.0
164.0
149.0
160.385
137.0
156.0
158.0
152.0
153.0
154.0
162.0
259.0
477.0
782.0
821.0
870.0
753.0
828.0
808.0
809.0
796.0
674.0
435.0
374.0
317.0
256.0
232.0
193.96
183.0
200.0
172.0
166.0
192.0
168.0
192.0
305.0
497.0
793.0
807.0
834.0
741.0
809.0
790.0
829.0
773.0
650.0
430.0
362.0
291.0
254.0
212.0
193.96
174.0
189.0
171.0
176.0
181.0
167.0
184.0
284.0
494.0
765.0
775.0
831.0
736.0
777.0
777.0
781.0
783.0
632.0
378.0
299.0
265.0
231.0
233.0
193.96
180.0
192.0
168.0
176.0
178.5
162.64
183.5
284.36
498.36
767.0
776.6
830.6
708.6
774.6
773.6
773.0
742.52
651.52
425.0
364.0
278.0
257.0
207.0
193.96
187.0
196.0
176.0
186.0
176.0
189.0
183.0
298.0
541.0
772.0
771.0
820.0
712.0
788.0
784.0
742.0
743.0
629.0
388.0
291.0
272.0
229.0
212.0
193.96
176.0
174.0
165.0
175.0
176.0
164.0
162.0
164.0
159.0
192.5
203.0
199.0
200.0
209.5
208.5
204.5
210.5
187.0
197.0
185.0
187.0
174.0
166.0
160.385
168.9
181.0
175.0
154.0
171.0
165.0
159.52
173.5
164.0
207.0
234.0
201.0
226.0
219.0
229.0
223.0
209.0
210.0
193.0
186.0
187.0
174.0
182.0
160.385
152.0
184.0
160.0
162.0
180.0
150.0
184.0
271.0
498.52
771.52
757.0
812.0
723.0
784.0
765.0
760.0
770.0
645.52
399.52
343.0
291.0
249.0
229.0
193.96
158.5
177.0
175.0
165.0
174.0
162.0
199.0
255.0
499.0
737.0
734.0
788.0
671.32
743.32
729.32
747.0
721.0
628.0
442.48
352.48
273.48
245.5
217.0
193.96
158.5
188.0
180.0
168.0
190.0
180.0
190.0
284.0
480.52
742.52
749.52
803.52
699.52
767.52
739.0
746.0
734.0
617.0
429.0
350.0
265.0
242.0
204.0
193.96
158.5
185.5
180.0
168.0
192.0
174.0
196.5
282.48
431.48
647.48
682.84
822.0
706.0
783.0
770.0
779.0
762.0
651.0
482.0
386.0
320.0
255.0
223.0
193.96
158.5
183.0
185.0
171.0
194.0
168.0
203.0
283.0
520.0
745.0
789.0
816.04
734.04
773.0
765.0
779.0
740.0
636.0
429.0
330.0
276.0
227.0
197.0
193.96
168.9
177.0
172.0
173.0
177.0
166.0
165.0
183.0
204.0
279.0
281.0
284.0
260.0
266.0
289.0
278.0
267.0
249.0
223.0
207.0
200.0
194.0
192.0
164.84
168.9
196.0
164.0
196.0
160.0
162.0
156.0
177.0
195.0
256.0
256.0
246.0
232.0
260.0
260.0
263.0
268.0
205.0
205.0
211.0
184.0
202.0
170.0
172.425
165.0
176.0
185.0
168.0
174.0
173.0
181.0
275.0
484.0
777.0
796.56
848.56
736.0
805.0
784.0
776.0
791.0
661.0
459.0
373.0
290.0
247.0
214.0
193.96
179.0
196.0
185.0
186.0
184.0
184.0
200.0
297.0
509.52
775.52
771.6
816.6
727.6
782.6
767.6
765.52
743.52
653.52
501.52
376.52
288.52
251.52
210.5
193.96
171.45
187.0
175.5
194.0
200.0
184.0
195.0
300.6
522.6
760.6
792.6
848.0
746.0
793.0
785.0
806.0
780.0
646.0
408.0
303.0
272.0
244.0
207.0
193.96
171.45
178.0
166.0
194.0
172.0
165.0
190.0
277.0
529.0
774.0
790.0
856.0
746.0
813.0
812.0
810.0
795.0
686.0
449.0
349.0
311.0
277.0
227.0
193.96
171.45
203.0
193.0
202.0
193.0
157.0
191.5
303.0
529.0
814.0
808.24
851.6
734.6
799.6
796.0
791.0
766.0
636.96
369.16
313.16
274.64
268.58000000000004
218.0
193.96
161.8
187.5
167.24
188.0
164.0
172.5
153.0
166.5
187.0
218.5
236.0
263.0
220.5
271.8
239.5
250.8
264.8
225.0
211.0
186.0
203.0
187.0
178.0
172.425
157.4
179.0
175.0
188.0
168.0
183.0
150.0
156.0
179.0
181.0
216.0
205.0
209.0
221.0
219.0
204.0
213.0
195.0
195.0
210.0
192.0
187.0
178.0
180.01
163.9
193.0
169.98
175.98
165.99
149.0
193.0
283.0
502.0
764.0
783.0
862.0
766.0
794.0
807.0
786.0
767.16
639.16
445.16
375.16
328.16
260.16
222.0
193.96
164.95
183.0
184.0
184.0
179.0
180.0
187.0
288.0
519.0
796.0
776.0
840.0
769.0
787.0
813.0
788.0
766.0
671.0
474.0
367.0
300.0
263.0
226.0
193.96
164.95
180.0
202.0
167.0
197.0
189.0
201.0
298.0
526.0
784.0
786.0
876.0
734.0
797.0
813.0
785.0
795.0
660.0
456.0
316.0
296.0
251.0
230.0
223.0
164.95
201.0
185.0
202.0
190.0
186.0
214.0
290.0
524.0
775.0
809.0
850.0
747.0
815.0
812.68
799.68
785.68
688.0
475.52
352.52
284.0
238.0
222.5
246.315
164.95
193.0
176.0
190.5
182.5
175.5
199.0
304.88
527.0
778.0
786.0
861.0
738.0
819.0
803.0
793.0
774.0
669.0
385.0
300.0
250.0
225.0
215.0
246.315
157.4
187.0
175.0
180.0
182.0
175.0
160.0
172.0
216.0
285.0
302.0
280.0
251.0
288.0
283.0
283.0
288.0
243.0
197.0
186.0
195.0
175.0
176.0
179.95499999999996
157.4
166.0
162.0
175.0
167.0
167.0
168.0
160.0
197.0
270.52
264.52
267.0
260.0
264.0
251.0
254.0
256.0
226.0
197.0
189.0
198.0
172.0
179.0
179.9
166.0
185.0
167.0
179.0
175.0
165.0
941.52
862.52
906.52
902.12
929.0
889.12
770.32
514.32
413.32
348.0
282.0
274.0
250.395
219.5
198.0
215.5
194.0
225.0
207.0
218.5
204.5
210.0
241.0
210.0
252.0
249.0
232.0
237.0
238.0
257.0
241.0
252.0
215.0
251.5
226.0
211.0
163.925
219.5
212.0
210.0
201.0
204.0
200.0
235.0
200.0
215.0
228.0
234.0
269.0
239.0
253.0
264.0
225.0
233.0
233.0
221.0
214.0
239.0
224.0
210.0
163.925
246.84
214.0
198.0
219.0
198.0
227.0
215.0
334.0
572.0
915.0
966.0
984.0
925.0
935.0
952.0
895.0
917.0
801.0
531.0
407.12
305.0
275.0
246.0
250.395
208.0
229.0
225.0
228.0
216.0
199.0
244.0
311.0
628.0
903.0
942.0
955.0
866.12
937.0
936.0
905.12
910.0
765.0
524.12
454.0
341.0
299.0
247.0
250.81
211.0
256.92
270.92
267.92
227.5
259.92
272.92
302.92
368.92
883.0
909.0
941.0
865.0
869.0
897.0
858.0
761.0
695.0
493.0
435.0
369.12
314.0
245.0
265.94
214.0
242.0
228.0
233.0
239.0
225.0
239.0
320.0
608.0
881.0
908.0
927.12
878.0
899.0
867.0
891.0
860.0
767.08
575.0
495.0
397.0
313.0
256.0
262.86
242.0
225.0
220.0
229.0
233.0
242.0
218.0
371.0
603.0
911.0
922.0
941.0
888.0
900.0
920.0
949.0
879.0
763.0
502.0
435.0
316.0
342.0
261.0
263.345
222.0
195.0
207.0
212.0
209.0
211.0
208.0
204.0
239.0
256.0
249.0
248.0
260.0
275.0
264.0
259.0
246.0
256.0
232.0
241.0
222.0
225.0
197.0
163.925
196.0
189.0
191.0
199.0
186.0
199.0
195.0
199.0
220.0
209.0
257.0
236.0
240.0
252.0
272.0
223.0
236.0
239.0
243.0
254.0
214.0
211.0
227.0
163.925
198.0
197.0
209.0
197.0
199.0
183.0
180.0
344.0
577.0
895.0
913.08
963.0
876.0
909.2
913.0
929.0
895.0
779.0
592.0
470.0
375.0
317.0
267.0
263.345
217.0
218.0
212.0
204.0
213.5
190.0
236.0
334.0
573.0
840.0
861.0
893.0
836.0
902.0
864.0
879.0
889.0
758.0
498.0
450.24
352.0
296.0
242.0
263.345
256.0
237.0
215.0
211.0
228.0
240.0
208.0
329.0
570.0
850.0
875.0
893.0
818.0
910.0
868.12
895.0
863.0
790.0
554.0
454.0
388.0
336.0
327.0
263.83
238.0
269.0
229.0
228.0
216.0
223.0
264.0
336.0
557.0
849.0
902.0
911.0
849.0
888.0
900.0
884.0
876.0
762.0
580.0
441.0
377.0
299.0
284.0
278.88
218.0
239.0
210.0
217.0
217.0
202.0
224.0
345.12
564.0
860.0
856.0
904.0
817.12
883.0
871.0
838.0
829.0
710.0
522.0
402.0
349.0
284.0
218.0
269.46500000000003
196.0
196.0
209.0
215.0
201.0
181.0
195.0
185.0
196.0
212.0
231.0
247.0
230.0
226.0
242.0
240.0
244.0
259.0
241.0
235.0
220.0
199.0
178.0
163.925
200.0
209.0
200.0
209.0
183.0
195.0
177.0
198.0
195.0
216.0
209.0
202.0
211.0
225.0
222.0
199.0
208.0
226.0
191.0
213.0
246.0
195.0
193.0
163.925
185.0
186.0
195.0
193.0
184.0
174.0
202.0
190.0
185.0
218.0
233.0
219.0
233.0
243.0
248.0
240.0
256.0
228.0
216.0
227.0
209.0
218.0
187.0
163.925
195.0
185.0
202.0
190.0
198.0
185.0
190.0
315.0
596.0
893.0
943.0
953.0
888.0
929.12
957.0
907.08
905.0
804.0
546.08
486.0
348.0
277.0
251.0
269.46500000000003
189.0
219.0
215.0
207.0
217.0
204.0
202.0
320.0
612.0
864.0
896.0
925.0
841.0
911.0
907.12
893.0
885.0
752.0
545.0
467.0
355.0
327.0
221.0
269.46500000000003
202.5
230.0
203.5
212.0
204.0
220.0
208.0
349.0
563.0
861.0
874.0
940.0
832.0
868.0
881.0
865.0
894.0
748.0
515.0
376.0
341.0
302.0
279.08
269.46500000000003
216.0
241.0
203.5
210.0
210.0
203.0
219.0
331.0
587.0
829.0
879.0
872.0
802.0
859.0
829.0
844.0
827.12
673.0
477.0
409.0
278.0
247.0
218.0
269.46500000000003
179.0
181.0
204.0
175.0
182.0
182.0
197.0
176.0
208.0
240.0
216.0
242.0
205.0
234.0
246.0
221.0
206.0
243.0
212.0
202.0
187.0
197.0
177.0
163.925
173.0
181.0
177.0
193.0
193.0
190.0
177.0
208.0
229.56
211.0
213.0
214.0
208.0
240.0
206.0
212.0
268.0
206.0
219.0
213.0
209.0
221.0
186.0
163.925
195.0
199.0
192.0
200.0
178.0
187.0
192.0
322.0
581.0
854.12
860.0
871.0
798.0
841.0
851.0
863.12
832.0
700.0
513.0
420.0
323.0
290.0
256.0
269.46500000000003
206.0
213.0
237.0
227.0
202.0
205.0
213.0
343.0
586.0
822.04
893.04
928.0
840.0
882.0
900.08
864.0
848.0
758.0
492.0
437.0
402.12
293.0
239.0
269.46500000000003
239.0
194.0
220.0
236.0
213.0
205.0
234.0
334.0
584.0
813.0
868.0
902.0
822.0
857.0
851.0
825.0
864.0
707.0
531.0
436.0
369.0
341.0
249.0
260.05
222.5
233.0
220.0
224.0
220.0
208.0
238.0
343.0
585.0
885.0
928.0
933.0
842.0
890.12
887.12
894.0
856.0
752.2
516.0
396.0
353.0
258.0
274.0
252.485
206.0
222.0
233.0
195.0
218.0
209.0
205.0
336.0
591.0
827.0
855.0
897.0
839.0
873.12
855.0
847.0
820.0
714.0
490.0
443.0
367.0
267.0
216.0
252.485
209.0
195.0
210.0
195.0
220.0
191.0
200.0
218.0
251.12
285.0
259.0
313.0
265.0
300.0
282.0
279.0
267.0
247.0
248.0
250.0
230.0
214.0
218.0
163.925
197.0
184.0
206.0
190.0
187.0
189.0
206.0
214.0
207.0
221.0
211.0
230.0
245.0
237.0
205.0
233.0
248.0
241.0
237.0
207.0
225.0
207.0
210.0
163.925
187.0
210.0
207.0
207.0
193.0
207.0
199.0
344.0
603.0
857.0
897.0
943.0
867.0
929.0
903.0
909.0
890.0
804.0
535.0
426.0
346.0
316.0
271.0
252.485
201.0
195.0
201.0
235.0
210.5
210.5
207.0
329.0
597.0
840.0
930.0
932.0
864.0
893.12
896.0
881.08
877.0
792.0
527.12
426.0
343.0
295.0
246.0
244.92
216.0
250.0
226.0
229.0
228.0
214.0
222.0
311.0
610.0
831.0
887.0
901.0
831.0
900.0
868.0
877.0
863.0
756.0
539.0
445.0
366.0
297.0
268.0
257.45
219.0
203.0
213.0
213.0
214.0
215.0
202.0
320.0
602.0
835.0
915.0
893.0
823.0
825.0
816.12
837.0
820.0
720.0
486.0
385.0
326.0
280.0
248.0
257.45
231.0
202.0
204.0
210.0
232.0
206.0
190.0
343.0
664.0
848.0
877.0
890.0
799.12
866.0
865.12
845.0
869.0
711.0
451.0
376.0
310.0
273.0
245.0
257.45
186.0
193.0
193.0
220.0
183.0
204.0
206.0
200.0
228.0
258.0
289.0
277.0
283.0
271.0
280.0
291.0
267.0
245.0
220.0
234.0
195.0
215.0
212.0
163.925
203.0
187.0
202.0
192.0
204.0
189.0
180.0
205.0
207.0
217.0
206.0
212.0
248.0
232.0
235.0
245.0
242.0
233.0
230.0
230.0
228.0
247.0
182.0
163.925
206.0
212.0
200.0
216.0
184.0
189.0
208.0
308.0
583.0
836.0
859.0
852.0
808.52
870.52
854.12
844.32
830.32
737.44
556.12
486.0
340.0
297.12
245.0
257.45
216.0
219.0
226.0
204.0
224.0
195.0
216.0
342.0
587.0
792.8
846.8
866.8
837.8
867.8
868.24
879.24
887.24
777.24
557.0
438.0
387.0
308.0
251.0
257.45
237.0
217.0
210.0
204.0
216.0
243.0
216.0
329.0
584.0
831.0
894.0
859.0
820.0
843.0
869.0
837.0
858.12
742.0
543.0
401.0
360.0
304.0
273.0
257.45
240.0
210.0
192.0
197.0
219.0
203.0
220.0
311.0
607.52
809.52
881.0
877.0
775.0
828.08
821.0
760.0
720.0
605.52
438.52
344.0
301.0
283.0
226.0
257.45
192.0
194.0
186.0
193.96
158.5
188.0
180.0
168.0
190.0
180.0
190.0
284.0
480.52
742.52
749.52
803.52
699.52
767.52
739.0
746.0
734.0
617.0
429.0
350.0
265.0
242.0
204.0
193.96
158.5
185.5
180.0
168.0
192.0
174.0
196.5
282.48
431.48
647.48
682.84
822.0
706.0
783.0
770.0
779.0
762.0
651.0
482.0
386.0
320.0
255.0
223.0
193.96
158.5
183.0
185.0
171.0
194.0
168.0
203.0
283.0
520.0
745.0
789.0
816.04
734.04
773.0
765.0
779.0
740.0
636.0
429.0
330.0
276.0
227.0
197.0
193.96
168.9
177.0
172.0
173.0
177.0
166.0
165.0
183.0
204.0
279.0
281.0
284.0
260.0
266.0
289.0
278.0
267.0
249.0
223.0
207.0
200.0
194.0
192.0
164.84
168.9
196.0
164.0
196.0
160.0
162.0
156.0
177.0
195.0
256.0
256.0
246.0
232.0
260.0
260.0
263.0
268.0
205.0
205.0
211.0
184.0
202.0
170.0
172.425
165.0
176.0
185.0
168.0
174.0
173.0
181.0
275.0
484.0
777.0
796.56
848.56
736.0
805.0
784.0
776.0
791.0
661.0
459.0
373.0
290.0
247.0
214.0
193.96
179.0
196.0
185.0
186.0
184.0
184.0
200.0
297.0
509.52
775.52
771.6
816.6
727.6
782.6
767.6
765.52
743.52
653.52
501.52
376.52
288.52
251.52
210.5
193.96
171.45
187.0
175.5
194.0
200.0
184.0
195.0
300.6
522.6
760.6
792.6
848.0
746.0
793.0
785.0
806.0
780.0
646.0
408.0
303.0
272.0
244.0
207.0
193.96
171.45
178.0
166.0
194.0
172.0
165.0
190.0
277.0
529.0
774.0
790.0
856.0
746.0
813.0
812.0
810.0
795.0
686.0
449.0
349.0
311.0
277.0
227.0
193.96
171.45
203.0
193.0
202.0
193.0
157.0
191.5
303.0
529.0
814.0
808.24
851.6
734.6
799.6
796.0
791.0
766.0
636.96
369.16
313.16
274.64
268.58000000000004
218.0
193.96
161.8
187.5
167.24
188.0
164.0
172.5
153.0
166.5
187.0
218.5
236.0
263.0
220.5
271.8
239.5
250.8
264.8
225.0
211.0
186.0
203.0
187.0
178.0
172.425
157.4
179.0
175.0
188.0
168.0
183.0
150.0
156.0
179.0
181.0
216.0
205.0
209.0
221.0
219.0
204.0
213.0
195.0
195.0
210.0
192.0
187.0
178.0
180.01
163.9
193.0
169.98
175.98
165.99
149.0
193.0
283.0
502.0
764.0
783.0
862.0
766.0
794.0
807.0
786.0
767.16
639.16
445.16
375.16
328.16
260.16
222.0
193.96
164.95
183.0
184.0
184.0
179.0
180.0
187.0
288.0
519.0
796.0
776.0
840.0
769.0
787.0
813.0
788.0
766.0
671.0
474.0
367.0
300.0
263.0
226.0
193.96
164.95
180.0
202.0
167.0
197.0
189.0
201.0
298.0
526.0
784.0
786.0
876.0
734.0
797.0
813.0
785.0
795.0
660.0
456.0
316.0
296.0
251.0
230.0
223.0
164.95
201.0
185.0
202.0
190.0
186.0
214.0
290.0
524.0
775.0
809.0
850.0
747.0
815.0
812.68
799.68
785.68
688.0
475.52
352.52
284.0
238.0
222.5
246.315
164.95
193.0
176.0
190.5
182.5
175.5
199.0
304.88
527.0
778.0
786.0
861.0
738.0
819.0
803.0
793.0
774.0
669.0
385.0
300.0
250.0
225.0
215.0
246.315
157.4
187.0
175.0
180.0
182.0
175.0
160.0
172.0
216.0
285.0
302.0
280.0
251.0
288.0
283.0
283.0
288.0
243.0
197.0
186.0
195.0
175.0
176.0
179.95499999999996
157.4
166.0
162.0
175.0
167.0
167.0
168.0
160.0
197.0
270.52
264.52
267.0
260.0
264.0
251.0
254.0
256.0
226.0
197.0
189.0
198.0
172.0
179.0
179.9
166.0
185.0
167.0
179.0
175.0
165.0
184.0
297.0
488.0
811.0
822.0
889.0
776.0
809.0
834.0
798.0
809.0
673.0
428.0
351.0
295.0
259.0
231.0
246.315
416.92
414.92
412.92
413.92
408.92
415.92
426.92
455.92
516.92
554.92
546.92
594.92
590.92
545.92
539.92
544.92
788.0
673.0
416.16
402.16
289.0
259.0
242.0
246.315
217.0
184.0
196.0
204.0
186.0
200.0
200.0
308.0
512.0
775.0
801.0
851.0
776.0
813.0
775.0
765.0
745.0
568.0
372.0
275.0
236.0
185.0
185.0
246.315
153.0
158.0
171.0
154.0
154.0
161.0
154.0
148.0
162.0
179.0
168.0
213.0
187.0
167.0
152.0
151.0
170.0
144.0
152.0
178.0
152.0
148.0
171.0
149.9
152.0
158.0
148.0
160.0
159.0
146.0
143.0
155.0
155.0
160.0
230.0
241.0
245.0
196.0
185.0
208.0
179.0
167.0
179.0
172.5
168.0
161.0
157.0
162.9
150.0
157.0
162.0
141.0
164.0
151.0
144.0
142.0
160.0
192.0
193.0
199.0
181.0
192.0
205.0
208.0
185.0
175.0
173.0
167.0
168.0
166.0
153.0
155.85
171.0
152.0
145.0
164.0
159.0
159.0
190.0
286.0
511.0
780.0
774.0
775.0
704.0
769.0
759.0
765.0
750.0
628.0
475.0
335.0
280.0
230.0
204.0
246.315
182.0
183.0
176.0
180.04
179.0
168.0
199.0
306.0
531.0
810.0
833.0
872.0
798.0
832.0
831.0
839.0
804.0
688.0
445.0
340.04
322.04
245.0
231.0
246.315
194.0
192.0
192.0
184.0
199.0
177.0
214.0
282.0
491.0
812.0
832.56
898.56
791.56
831.56
825.8
812.16
802.32
683.08
567.08
415.56
356.56
253.32
227.0
246.315
190.0
189.0
196.5
181.0
196.5
176.5
206.0
310.28
530.28
807.28
838.28
907.04
808.04
865.04
840.04
832.04
799.04
696.0
424.0
323.0
291.0
240.0
224.0
246.315
197.5
189.0
196.5
181.0
196.5
176.0
198.0
285.0
526.0
806.0
822.0
882.0
783.0
827.24
826.24
808.24
798.24
691.04
488.04
359.0
318.0
260.0
238.0
246.315
205.0
186.0
201.0
178.0
194.0
177.0
209.0
278.0
527.0
824.0
835.0
904.0
818.32
859.32
838.32
855.0
813.0
712.0
484.32
369.32
284.32
227.0
215.0
246.315
173.5
164.5
169.5
165.0
171.0
158.0
155.01999999999995
154.0
189.0
228.5
207.5
205.0
201.0
207.0
217.5
219.0
252.8
226.0
198.0
198.0
179.5
186.5
169.5
163.38
173.5
164.5
169.5
165.0
171.0
158.0
166.04
166.0
189.0
228.5
222.0
211.0
221.0
222.0
230.0
230.0
216.0
226.0
198.0
198.0
191.0
207.0
186.0
163.38
232.34
179.0
203.0
180.0
201.0
177.0
195.0
298.0
510.0
817.0
868.0
918.0
829.0
874.52
855.52
837.0
807.0
680.0
448.0
378.0
290.0
245.0
228.0
246.315
259.68
252.68
258.68
236.72
257.68
249.68
257.2
340.2
514.68
782.68
788.68
859.68
774.68
785.68
776.68
767.68
739.68
664.68
483.68
411.68
357.68
318.68
288.68
269.63
307.44
281.44
286.44
293.44
274.44
295.44
289.44
365.44
514.44
712.44
766.44
852.44
748.44
765.44
758.44
742.44
727.44
674.44
465.44
398.44
344.44
324.44
311.44
286.76
212.0
204.0
207.0
183.0
209.0
192.0
209.0
317.0
539.0
837.0
859.0
952.0
811.0
854.0
854.0
831.0
835.0
715.0
490.0
368.0
326.0
273.0
243.0
231.32
210.5
199.0
219.0
215.0
207.0
221.0
218.0
321.0
557.0
825.52
862.52
926.0
821.0
876.44
870.44
882.44
862.44
715.44
430.44
318.44
279.44
279.84000000000003
236.0
231.32
173.5
164.5
169.5
165.0
171.0
158.0
173.51999999999995
168.0
218.0
265.0
292.0
307.0
292.0
280.0
272.0
282.0
280.0
277.0
223.0
229.0
186.0
193.0
192.0
163.38
173.5
164.5
169.5
165.0
171.0
158.0
173.51999999999995
168.0
212.0
279.0
292.0
303.5
265.5
299.5
290.5
291.5
297.5
280.5
223.0
211.0
190.0
194.0
182.0
163.38
210.5
201.0
212.0
198.5
202.5
202.5
203.0
289.72
479.68
736.68
791.68
852.68
779.68
812.68
809.68
762.68
776.68
662.68
425.68
355.68
302.68
286.68
263.68
231.32
210.5
201.0
212.0
198.5
202.5
202.5
203.0
291.52
520.52
750.52
791.52
849.52
769.52
807.52
801.52
186.0
184.0
184.0
200.0
297.0
509.52
775.52
771.6
816.6
727.6
782.6
767.6
765.52
743.52
653.52
501.52
376.52
288.52
251.52
210.5
193.96
171.45
187.0
175.5
194.0
200.0
184.0
195.0
300.6
522.6
760.6
792.6
848.0
746.0
793.0
785.0
806.0
780.0
646.0
408.0
303.0
272.0
244.0
207.0
193.96
171.45
178.0
166.0
194.0
172.0
165.0
190.0
277.0
529.0
774.0
790.0
856.0
746.0
813.0
812.0
810.0
795.0
686.0
449.0
349.0
311.0
277.0
227.0
193.96
171.45
203.0
193.0
202.0
193.0
157.0
191.5
303.0
529.0
814.0
808.24
851.6
734.6
799.6
796.0
791.0
766.0
636.96
369.16
313.16
274.64
268.58000000000004
218.0
193.96
161.8
187.5
167.24
188.0
164.0
172.5
153.0
166.5
187.0
218.5
236.0
263.0
220.5
271.8
239.5
250.8
264.8
225.0
211.0
186.0
203.0
187.0
178.0
172.425
157.4
179.0
175.0
188.0
168.0
183.0
150.0
156.0
179.0
181.0
216.0
205.0
209.0
221.0
219.0
204.0
213.0
195.0
195.0
210.0
192.0
187.0
178.0
180.01
163.9
193.0
169.98
175.98
165.99
149.0
193.0
283.0
502.0
764.0
783.0
862.0
766.0
794.0
807.0
786.0
767.16
639.16
445.16
375.16
328.16
260.16
222.0
193.96
164.95
183.0
184.0
184.0
179.0
180.0
187.0
288.0
519.0
796.0
776.0
840.0
769.0
787.0
813.0
788.0
766.0
671.0
474.0
367.0
300.0
263.0
226.0
193.96
164.95
180.0
202.0
167.0
197.0
189.0
201.0
298.0
526.0
784.0
786.0
876.0
734.0
797.0
813.0
785.0
795.0
660.0
456.0
316.0
296.0
251.0
230.0
223.0
164.95
201.0
185.0
202.0
190.0
186.0
214.0
290.0
524.0
775.0
809.0
850.0
747.0
815.0
812.68
799.68
785.68
688.0
475.52
352.52
284.0
238.0
222.5
246.315
164.95
193.0
176.0
190.5
182.5
175.5
199.0
304.88
527.0
778.0
786.0
861.0
738.0
819.0
803.0
793.0
774.0
669.0
385.0
300.0
250.0
225.0
215.0
246.315
157.4
187.0
175.0
180.0
182.0
175.0
160.0
172.0
216.0
285.0
302.0
280.0
251.0
288.0
283.0
283.0
288.0
243.0
197.0
186.0
195.0
175.0
176.0
179.95499999999996
157.4
166.0
162.0
175.0
167.0
167.0
168.0
160.0
197.0
270.52
264.52
267.0
260.0
264.0
251.0
254.0
256.0
226.0
197.0
189.0
198.0
172.0
179.0
179.9
166.0
185.0
167.0
179.0
175.0
165.0
184.0
297.0
488.0
811.0
822.0
889.0
776.0
809.0
834.0
798.0
809.0
673.0
428.0
351.0
295.0
259.0
231.0
246.315
416.92
414.92
412.92
413.92
408.92
415.92
426.92
455.92
516.92
554.92
546.92
594.92
590.92
545.92
539.92
544.92
788.0
673.0
416.16
402.16
289.0
259.0
242.0
246.315
217.0
184.0
196.0
204.0
186.0
200.0
200.0
308.0
512.0
775.0
801.0
851.0
776.0
813.0
775.0
765.0
745.0
568.0
372.0
275.0
236.0
185.0
185.0
246.315
153.0
158.0
171.0
154.0
154.0
161.0
154.0
148.0
162.0
179.0
168.0
213.0
187.0
167.0
152.0
151.0
170.0
144.0
152.0
178.0
152.0
148.0
171.0
149.9
152.0
158.0
148.0
160.0
159.0
146.0
143.0
155.0
155.0
160.0
230.0
241.0
245.0
196.0
185.0
208.0
179.0
167.0
179.0
172.5
168.0
161.0
157.0
162.9
150.0
157.0
162.0
141.0
164.0
151.0
144.0
142.0
160.0
192.0
193.0
199.0
181.0
192.0
205.0
208.0
185.0
175.0
173.0
167.0
168.0
166.0
153.0
155.85
171.0
152.0
145.0
164.0
159.0
159.0
190.0
286.0
511.0
780.0
774.0
775.0
704.0
769.0
759.0
765.0
750.0
628.0
475.0
335.0
280.0
230.0
204.0
246.315
182.0
183.0
176.0
180.04
179.0
168.0
199.0
306.0
531.0
810.0
833.0
872.0
798.0
832.0
831.0
839.0
804.0
688.0
445.0
340.04
322.04
245.0
231.0
246.315
194.0
192.0
192.0
184.0
199.0
177.0
214.0
282.0
491.0
812.0
832.56
898.56
791.56
831.56
825.8
812.16
802.32
683.08
567.08
415.56
356.56
253.32
227.0
246.315
190.0
189.0
196.5
181.0
196.5
176.5
206.0
310.28
530.28
807.28
838.28
907.04
808.04
865.04
840.04
832.04
799.04
696.0
424.0
323.0
291.0
240.0
224.0
246.315
197.5
189.0
196.5
181.0
196.5
176.0
198.0
285.0
526.0
806.0
822.0
882.0
783.0
827.24
826.24
808.24
798.24
691.04
488.04
359.0
318.0
260.0
238.0
246.315
205.0
186.0
201.0
178.0
194.0
177.0
209.0
278.0
527.0
824.0
835.0
904.0
818.32
859.32
838.32
855.0
813.0
712.0
484.32
369.32
284.32
227.0
215.0
246.315
173.5
164.5
169.5
165.0
171.0
158.0
155.01999999999995
154.0
189.0
228.5
207.5
205.0
201.0
207.0
217.5
219.0
252.8
226.0
198.0
198.0
179.5
186.5
169.5
163.38
173.5
164.5
169.5
165.0
171.0
158.0
166.04
166.0
189.0
228.5
222.0
211.0
221.0
222.0
230.0
230.0
216.0
226.0
198.0
198.0
191.0
207.0
186.0
163.38
232.34
179.0
203.0
180.0
201.0
177.0
195.0
298.0
510.0
817.0
868.0
918.0
829.0
874.52
855.52
837.0
807.0
680.0
448.0
378.0
290.0
245.0
228.0
246.315
259.68
252.68
258.68
236.72
257.68
249.68
257.2
340.2
514.68
782.68
788.68
859.68
774.68
785.68
776.68
767.68
739.68
664.68
483.68
411.68
357.68
318.68
288.68
269.63
307.44
281.44
286.44
293.44
274.44
295.44
289.44
365.44
514.44
712.44
766.44
852.44
748.44
765.44
758.44
742.44
727.44
674.44
465.44
398.44
344.44
324.44
311.44
286.76
212.0
204.0
207.0
183.0
209.0
192.0
209.0
317.0
539.0
837.0
859.0
952.0
811.0
854.0
854.0
831.0
835.0
715.0
490.0
368.0
326.0
273.0
243.0
231.32
210.5
199.0
219.0
215.0
207.0
221.0
218.0
321.0
557.0
825.52
862.52
926.0
821.0
876.44
870.44
882.44
862.44
715.44
430.44
318.44
279.44
279.84000000000003
236.0
231.32
173.5
164.5
169.5
165.0
171.0
158.0
173.51999999999995
168.0
218.0
265.0
292.0
307.0
292.0
280.0
272.0
282.0
280.0
277.0
223.0
229.0
186.0
193.0
192.0
163.38
173.5
164.5
169.5
165.0
171.0
158.0
173.51999999999995
168.0
212.0
279.0
292.0
303.5
265.5
299.5
290.5
291.5
297.5
280.5
223.0
211.0
190.0
194.0
182.0
163.38
210.5
201.0
212.0
198.5
202.5
202.5
203.0
289.72
479.68
736.68
791.68
852.68
779.68
812.68
809.68
762.68
776.68
662.68
425.68
355.68
302.68
286.68
263.68
231.32
210.5
201.0
212.0
198.5
202.5
202.5
203.0
291.52
520.52
750.52
791.52
849.52
769.52
807.52
801.52
786.52
779.52
685.52
484.52
387.52
328.52
257.52
253.84
231.32
210.5
201.0
212.0
198.5
202.5
202.5
203.0
264.0
514.0
800.0
818.0
895.0
784.0
835.0
819.0
812.0
785.0
698.0
453.0
340.0
300.0
264.0
244.0
231.32
209.0
203.0
205.0
182.0
198.0
184.0
188.0
292.0
506.0
820.0
833.0
923.0
847.0
873.0
849.0
844.0
821.0
717.0
504.0
434.0
345.0
256.0
234.0
231.32
217.0
217.0
200.0
196.0
201.0
193.0
201.0
322.0
580.0
831.0
862.0
934.0
817.0
880.0
854.56
816.56
814.0
703.0
424.0
322.0
274.0
216.0
204.0
175.88
197.0
172.0
177.0
189.0
178.0
165.0
181.0
170.0
206.0
293.0
292.0
300.0
239.0
319.0
309.0
301.0
315.0
284.0
223.0
193.0
194.0
195.0
172.0
163.38
189.0
168.0
172.0
189.0
165.0
164.0
178.0
179.0
186.0
242.0
232.0
251.0
218.0
257.0
237.0
258.0
251.0
231.0
219.0
206.0
199.0
212.0
189.0
170.91
185.0
173.0
185.0
179.0
181.0
178.0
183.0
328.0
570.0
843.0
878.0
951.0
841.0
898.0
880.0
883.0
873.0
732.0
482.0
395.0
346.0
295.0
255.0
224.43
214.0
203.0
220.0
202.0
198.0
220.0
207.0
382.0
641.0
917.0
939.0
997.0
903.0
964.0
940.0
931.0
928.0
793.0
543.0
447.0
357.0
266.0
247.0
224.43
200.0
218.0
204.0
214.0
200.0
219.0
209.0
384.0
643.0
938.0
982.0
1019.0
891.0
949.0
944.0
897.0
902.0
778.0
534.0
391.0
345.04
278.04
246.0
224.43
210.0
205.0
210.0
204.0
196.0
216.0
197.0
201.0
219.0
273.0
301.0
284.0
275.0
298.0
291.0
311.0
278.0
264.0
252.0
230.0
224.0
215.0
182.0
208.94
204.0
201.0
191.0
189.0
202.0
199.0
190.0
188.0
200.0
242.0
250.0
282.0
290.0
270.0
282.0
253.0
289.0
261.0
263.0
223.0
229.0
221.0
205.0
208.94
213.0
200.0
209.0
212.0
201.5
210.0
196.0
367.0
623.0
943.0
984.0
1033.0
943.0
987.0
993.0
958.0
963.0
839.0
538.0
426.0
334.0
263.0
226.0
224.43
217.0
200.0
200.0
210.0
203.0
206.0
211.0
358.0
630.0
944.0
973.0
1030.0
944.0
993.0
986.0
956.0
960.0
807.0
563.0
449.0
327.0
284.0
252.0
224.43
224.0
207.0
196.0
226.0
202.0
203.0
225.0
360.0
647.0
933.0
954.0
1032.56
934.56
990.0
969.0
961.0
933.0
838.0
531.0
427.0
350.0
293.0
257.0
224.43
236.0
200.0
218.0
229.0
207.0
222.0
236.0
367.0
649.0
943.0
999.0
1041.0
942.0
962.0
957.0
927.0
949.0
786.0
564.0
457.0
362.0
272.0
249.0
224.43
215.0
207.0
207.0
211.0
202.0
213.0
206.0
369.0
650.0
925.0
978.0
1015.0
927.0
953.0
925.0
910.0
850.0
658.0
433.0
378.0
304.0
258.0
235.0
224.43
206.0
218.0
215.0
203.0
216.0
199.0
208.0
203.0
230.0
310.0
315.0
333.0
289.0
340.0
341.0
331.0
349.0
326.0
285.0
277.0
244.0
231.0
196.0
208.94
194.0
210.0
223.0
194.0
225.0
197.0
198.0
210.0
211.0
245.0
264.0
283.0
278.0
265.0
268.0
280.0
263.0
257.0
270.0
261.0
230.0
225.0
218.0
208.94
215.0
204.0
208.0
201.0
213.0
202.0
229.0
369.0
625.0
966.0
1004.0
1026.0
949.0
1001.0
956.0
970.0
945.0
826.0
594.0
445.0
364.0
294.0
236.0
224.43
228.0
213.0
221.0
219.0
213.0
214.0
240.0
381.0
638.0
945.0
950.0
994.0
910.0
988.0
992.0
971.0
946.0
825.0
556.0
466.0
388.0
293.0
273.0
224.43
224.0
235.0
202.0
229.0
200.0
222.0
235.0
383.0
620.0
939.0
965.0
1012.0
911.0
986.0
964.0
961.0
939.0
808.0
523.0
409.0
347.0
319.0
282.0
224.43
245.0
234.0
207.0
225.0
226.0
234.0
236.0
421.04
629.04
941.0
980.0
1030.0
940.0
921.0
950.0
933.0
916.0
764.0
600.0
486.0
381.0
305.0
242.0
224.43
207.0
218.0
212.0
221.0
207.0
199.0
239.0
388.0
640.0
948.0
944.0
989.0
887.0
938.0
932.0
921.0
899.0
737.0
496.0
401.0
353.0
268.0
229.0
224.43
216.0
204.0
218.0
214.0
197.0
216.0
204.0
198.0
266.0
339.56
361.56
362.0
323.0
342.0
357.0
354.0
358.0
327.0
264.0
243.0
237.0
234.0
220.0
208.94
215.0
213.0
219.0
208.0
213.0
192.0
217.0
201.0
242.0
341.0
330.0
378.0
324.0
352.0
366.0
345.0
355.0
361.0
280.0
252.0
227.0
202.0
173.0
208.94
176.0
178.0
211.0
212.0
171.0
188.0
193.0
352.0
545.0
960.0
1004.0
1040.0
926.0
975.0
973.0
982.0
965.0
856.0
619.0
463.0
315.0
261.0
250.0
224.43
201.0
207.0
210.0
203.0
205.0
202.0
229.0
372.0
654.0
879.0
975.0
997.0
920.0
937.0
930.0
925.0
904.0
742.0
486.0
422.0
342.0
269.0
236.0
224.43
202.0
205.0
208.0
202.0
207.0
198.0
229.0
349.0
657.0
946.0
999.0
1030.0
908.0
966.0
971.0
955.0
949.0
785.0
526.0
407.0
337.0
267.0
221.0
224.43
200.0
213.0
203.0
203.0
220.0
205.0
233.0
347.0
639.0
917.0
982.0
1005.0
899.0
958.0
921.0
938.0
907.0
759.0
470.0
376.0
340.0
299.0
245.0
224.43
223.0
231.0
222.0
204.0
233.0
217.0
225.0
387.0
625.0
941.0
877.0
866.0
825.0
831.0
821.0
805.0
781.0
631.0
493.0
396.0
276.0
251.0
247.0
224.43
227.0
215.0
220.0
202.0
213.0
214.0
207.0
207.0
296.0
393.0
394.0
405.0
354.0
392.0
400.0
402.0
374.0
337.0
246.0
230.0
224.0
214.0
201.0
208.94
183.0
199.0
178.0
186.0
174.0
186.0
172.0
195.0
224.0
329.56
345.56
347.0
338.0
344.0
323.0
322.0
335.0
269.0
241.0
238.0
221.0
213.0
210.0
208.94
206.0
190.0
196.0
196.0
204.0
196.0
232.0
343.0
717.0
849.0
869.0
918.0
859.0
872.0
872.0
858.0
851.0
706.0
480.0
352.0
301.0
277.0
235.0
224.43
203.0
184.0
196.0
188.0
202.0
190.0
209.0
373.0
565.0
829.0
839.0
879.0
842.0
836.0
799.0
824.0
766.0
650.0
448.0
325.0
291.0
266.0
235.0
224.43
235.0
221.0
227.0
209.0
236.0
209.0
249.0
368.0
586.0
766.0
790.0
835.0
799.0
798.0
784.0
781.0
737.0
570.0
414.0
323.0
289.0
258.0
261.0
224.43
220.0
208.0
228.0
205.0
218.0
226.0
218.0
377.0
557.0
739.04
753.04
763.0
738.0
704.0
670.0
682.0
649.0
534.0
376.0
293.0
232.0
217.0
230.0
224.43
205.0
195.0
217.0
197.0
218.0
188.0
216.0
327.0
492.0
612.0
657.0
659.0
656.0
645.0
608.0
578.0
561.0
469.0
332.0
283.0
200.0
192.0
183.0
224.43
189.0
177.0
206.0
189.0
196.0
185.0
189.0
291.0
388.0
502.0
489.0
469.0
449.0
371.0
302.0
218.0
194.0
164.0
172.0
162.0
168.0
167.0
156.0
224.43
161.0
160.0
161.0
170.0
161.0
161.0
152.0
161.0
142.0
150.0
150.0
146.0
164.0
148.0
153.0
152.0
150.0
143.0
180.0
161.0
173.0
159.0
155.0
208.94
144.56
160.56
161.0
170.0
162.0
158.0
152.0
151.0
136.6
148.6
155.0
164.0
153.0
147.0
154.0
141.0
161.0
158.0
172.0
150.0
168.0
167.0
147.0
158.83
175.0
149.0
165.0
160.0
157.0
166.0
148.0
141.0
158.0
155.0
139.0
148.0
160.0
164.0
155.04
152.04
157.0
168.0
158.0
166.0
152.0
181.0
155.0
161.81
149.0
181.0
156.0
150.0
170.0
167.0
143.0
153.0
149.0
180.0
143.0
159.0
154.0
168.0
156.0
154.0
165.0
150.0
158.0
162.0
165.0
156.0
165.0
147.81
156.0
155.0
173.0
156.0
156.0
158.0
148.0
155.0
147.0
160.0
166.0
146.0
159.5
153.0
153.0
164.0
153.0
166.0
161.0
159.0
163.0
156.0
156.0
173.88
157.0
153.0
173.0
145.0
170.0
153.0
154.0
170.0
139.0
166.0
145.0
148.0
165.0
152.0
207.28
165.0
156.0
155.0
160.0
177.0
161.0
157.0
157.0
165.89
154.0
170.0
148.0
166.0
154.56
158.56
144.0
155.0
161.0
158.0
140.0
156.0
216.0
157.0
207.28
167.0
179.0
168.0
175.0
181.0
164.0
171.0
172.0
151.85
173.0
159.0
158.0
165.0
158.0
160.04
168.04
280.0
483.0
608.0
636.0
659.0
659.0
625.0
617.0
596.0
558.52
466.52
291.0
263.56
213.0
221.0
183.5
224.43
204.0
181.0
177.0
179.5
218.0
236.0
193.52
330.52
596.0
792.0
817.0
873.0
803.0
814.0
817.0
796.0
801.0
646.0
362.0
292.0
258.0
228.0
211.0
224.43
182.0
203.0
196.0
194.0
185.0
216.0
219.0
346.0
648.0
884.08
909.08
938.0
852.0
881.0
883.0
887.0
859.0
710.0
388.0
301.0
259.0
228.0
188.0
224.43
195.0
185.0
204.0
184.0
219.0
185.0
205.0
399.92
626.92
877.84
918.84
967.0
990.0
961.0
914.0
817.0
565.0
423.0
349.0
288.0
242.0
249.905
234.62
214.0
245.0
205.0
218.0
209.0
221.0
361.0
671.0
929.0
997.0
1063.0
956.0
967.0
974.0
955.0
922.0
808.0
522.0
427.0
387.0
310.0
239.0
249.905
234.62
214.0
228.0
215.0
213.0
211.0
225.0
394.0
677.0
940.0
979.0
1062.24
956.0
948.0
951.0
949.16
960.0
815.0
492.0
395.0
344.12
292.0
244.0
249.905
234.62
238.0
197.0
206.5
213.0
199.0
217.0
367.0
646.0
944.0
932.0
1029.0
904.0
1000.0
940.0
939.0
895.0
810.0
487.0
330.0
312.0
279.0
225.0
249.905
205.0
218.0
185.0
191.0
173.0
186.0
194.0
208.0
204.0
273.0
297.0
296.0
298.0
295.0
299.0
299.0
298.0
264.0
244.0
231.0
224.0
223.0
200.0
176.915
193.0
206.0
182.0
203.0
174.0
190.0
188.0
167.0
192.0
230.0
208.0
244.0
270.0
234.0
240.0
258.0
232.0
241.0
229.0
228.0
241.0
217.0
207.0
176.915
196.0
196.0
197.0
198.0
215.0
183.0
202.0
349.0
591.0
894.0
920.0
992.0
950.0
987.12
945.0
929.0
881.0
792.0
543.0
432.0
297.0
283.12
240.0
249.905
233.0
213.0
196.0
232.0
212.0
205.0
219.0
356.0
590.0
931.0
931.0
1040.0
946.0
989.0
996.12
960.0
952.0
855.0
567.0
455.0
356.0
291.0
248.0
249.905
218.0
231.0
227.0
218.0
228.0
220.0
255.0
378.0
622.0
950.0
998.0
1057.52
956.52
1009.0
970.0
934.0
937.0
798.0
482.0
436.0
361.0
292.0
279.0
249.905
238.0
203.0
214.0
220.0
217.0
246.0
213.0
374.0
641.0
930.0
945.0
1039.12
939.0
954.0
983.0
935.0
952.0
830.0
578.0
430.0
389.0
338.0
258.0
247.91
246.0
230.0
208.0
221.0
209.0
235.0
240.0
364.0
624.0
958.12
965.12
1018.0
972.0
950.0
941.0
980.0
923.0
812.0
498.0
432.0
361.0
325.0
246.0
251.385
207.0
242.0
204.0
204.0
209.0
188.0
221.0
245.0
228.0
260.0
286.0
284.0
251.0
315.0
276.0
300.0
288.0
257.0
257.0
246.0
238.0
225.0
218.0
176.915
221.0
233.0
198.0
186.0
212.0
199.0
190.0
216.0
223.0
208.0
217.0
292.0
268.0
241.0
220.0
217.0
242.0
231.0
211.0
228.0
241.0
221.0
215.0
176.915
202.0
199.0
211.0
215.0
199.0
188.0
215.0
345.0
691.0
965.0
1001.12
1021.64
952.0
991.0
996.0
972.08
951.0
810.0
552.12
459.0
407.0
335.0
268.0
251.385
219.5
222.5
215.5
228.5
205.5
191.0
243.28
399.28
653.28
910.28
951.28
1025.28
949.28
970.28
947.0
945.12
915.0
796.0
532.0
463.0
367.0
313.0
270.0
254.86
237.0
246.0
220.0
242.0
212.0
191.0
220.64
411.0
664.0
928.0
917.0
1003.12
922.0
949.0
933.0
936.08
900.0
745.0
453.0
401.0
298.0
288.0
222.0
258.545
204.0
211.0
205.0
192.0
216.0
213.0
190.0
222.0
201.0
226.0
214.0
295.0
280.0
224.0
259.0
234.0
223.0
238.0
204.0
242.0
211.0
212.0
184.0
176.915
211.0
188.0
183.0
199.0
194.0
170.0
193.0
187.0
241.0
251.0
216.0
324.0
309.0
253.0
232.0
228.0
261.0
225.5
213.0
216.0
209.0
190.0
195.0
176.915
199.0
199.0
226.0
185.0
199.0
185.0
181.0
195.0
204.0
213.0
219.0
237.0
218.0
224.0
234.0
231.0
249.0
213.0
222.0
213.0
223.0
205.0
198.0
176.915
208.0
204.0
197.0
196.0
199.0
194.0
198.0
365.0
667.0
905.0
947.0
1052.0
927.0
975.0
927.0
942.0
899.0
797.0
455.0
358.0
336.0
292.0
235.0
258.545
217.5
225.0
237.0
235.0
198.0
213.0
214.0
371.0
640.0
947.0
973.0
1051.0
960.24
1024.0
1002.0
978.0
978.0
872.12
642.0
518.0
365.12
311.0
275.0
262.23
217.5
227.0
236.0
254.0
220.0
238.0
221.0
412.04
626.04
928.0
1009.0
1055.0
948.0
995.0
986.0
987.0
942.0
793.0
640.12
445.0
369.0
313.0
262.0
243.27
217.5
226.0
221.0
242.0
201.0
235.0
262.0
359.0
629.0
938.0
978.0
1043.0
959.0
976.0
935.0
952.0
946.96
798.84
546.84
427.52
350.0
306.0
260.0
247.76
217.5
221.0
215.0
212.0
214.0
206.0
217.0
373.08
644.0
923.0
968.12
1028.28
932.28
972.28
940.28
911.0
895.0
808.12
516.0
411.0
342.0
300.0
245.0
252.25
217.5
214.0
217.0
213.0
231.0
242.0
215.0
378.0
629.0
873.0
896.0
989.0
881.0
877.0
947.0
863.0
875.0
786.0
495.0
388.0
352.0
273.0
241.0
251.115
203.0
201.0
215.0
195.0
205.5
192.0
189.0
196.5
222.0
228.0
223.0
249.0
240.0
223.0
237.0
254.0
222.0
225.0
233.0
216.0
219.0
216.0
206.0
176.915
207.0
203.0
204.0
205.0
212.0
199.0
197.0
198.0
200.0
210.0
236.0
249.0
244.0
235.0
239.0
220.0
252.0
220.0
235.0
245.0
220.5
207.0
215.0
176.915
227.0
207.0
217.0
221.0
197.0
193.0
200.0
401.56
596.56
882.0
961.0
1017.12
925.0
939.0
940.0
924.0
913.0
791.0
565.0
435.0
354.0
270.0
245.0
251.115
230.0
216.0
219.0
229.0
207.0
213.0
244.0
339.0
655.0
900.0
934.0
981.12
883.0
919.0
935.0
907.0
913.0
778.0
452.0
386.0
356.0
278.0
235.0
251.115
230.5
226.0
209.0
221.0
222.0
219.0
214.0
360.0
629.0
894.0
941.0
1003.0
910.0
939.32
924.32
918.4
873.56
779.56
487.56
407.08
340.2
288.08
253.5
251.115
230.5
208.0
204.5
233.0
218.0
221.5
210.0
378.16
649.16
909.92
946.0
1007.92
872.92
921.16
909.04
882.76
879.76
740.76
557.88
412.76
378.36
330.04
272.0
251.115
230.5
209.5
204.5
245.0
214.0
224.0
231.0
380.0
614.0
908.0
965.0
982.0
917.0
919.0
906.0
892.0
909.0
727.0
451.0
374.0
323.0
279.0
247.0
251.115
197.5
222.0
209.0
207.0
216.0
210.0
202.0
226.0
214.0
216.0
204.0
239.0
241.0
239.0
220.0
254.0
243.5
220.0
225.0
235.0
222.0
224.0
196.0
176.915
197.5
205.0
196.0
192.0
214.0
216.0
196.0
189.0
220.0
250.72
233.5
284.72
291.72
254.72
259.72
249.72
243.5
231.0
240.0
235.5
218.5
224.5
199.0
176.915
230.5
209.5
200.0
206.0
219.0
250.28
268.28
389.28
609.28
871.28
905.28
959.28
902.12
988.0
940.0
949.0
912.0
807.0
622.0
489.68
385.8
318.68
267.0
249.98
230.5
211.0
214.0
212.5
214.0
229.0
229.0
361.0
651.0
924.0
960.0
988.0
932.0
934.0
943.0
922.0
908.0
799.0
530.0
447.0
377.0
281.0
256.0
250.455
230.5
231.0
228.0
219.0
217.5
224.5
222.5
383.0
634.0
900.0
918.0
1009.0
898.12
952.0
947.0
961.0
927.12
788.0
572.0
450.0
357.0
276.0
235.0
250.93
231.0
211.0
227.0
206.0
221.0
220.0
216.0
363.0
631.0
913.0
935.0
1018.0
934.0
934.0
930.0
930.0
896.0
787.0
595.08
510.0
419.0
266.0
247.0
255.98
220.0
218.0
241.0
201.0
218.5
250.0
212.0
378.0
644.0
875.0
939.08
996.0
904.0
915.0
884.0
935.12
844.0
738.0
464.0
386.0
338.0
293.0
233.0
261.93
197.5
226.0
216.0
225.0
212.0
222.0
204.0
247.0
226.0
261.0
263.0
267.0
292.0
267.84
261.84
285.32
243.5
231.0
255.0
235.5
218.5
224.5
214.0
176.915
197.5
208.0
209.5
214.0
207.0
203.0
218.0
187.0
234.0
202.0
207.0
261.0
248.0
218.0
248.42
269.16
243.5
231.0
243.0
235.5
218.5
225.0
229.0
176.915
209.0
224.0
225.0
196.0
216.0
219.0
205.0
375.12
622.04
895.04
893.0
970.0
894.0
887.0
936.0
875.52
881.52
745.0
455.0
408.0
328.0
323.0
249.0
259.86
247.0
207.0
236.0
210.0
230.0
311.0
285.0
309.0
238.0
225.0
239.0
209.0
236.0
176.915
206.0
213.0
213.0
216.0
193.0
198.0
186.0
230.0
246.0
310.0
324.0
355.0
308.0
289.0
270.0
287.0
275.0
279.0
240.0
245.0
256.0
217.0
210.0
176.915
225.0
194.0
207.0
192.0
199.0
205.0
217.0
376.0
605.0
852.0
929.0
929.0
852.52
887.52
864.12
873.0
867.52
696.52
519.44
452.44
331.44
287.76
261.0
252.36
225.0
200.5
216.5
205.5
201.0
211.5
250.6
347.6
620.6
805.6
839.6
889.0
875.0
833.0
841.0
842.0
836.0
669.0
489.0
411.0
327.0
276.0
263.0
252.36
225.0
207.0
226.0
219.0
203.0
218.0
249.0
386.0
631.0
830.0
832.0
916.0
875.12
844.0
861.0
848.08
824.0
686.12
478.6
370.6
363.0
276.0
282.0
252.36
233.0
213.0
211.0
236.0
212.0
236.0
220.0
383.0
650.0
839.0
882.0
924.0
881.0
889.0
850.0
854.0
834.0
689.0
505.0
416.0
332.0
311.0
256.0
252.36
236.0
247.0
211.0
203.0
231.0
233.0
259.0
351.0
662.0
888.0
876.0
972.12
873.0
898.0
837.0
832.0
839.0
665.0
497.0
382.0
325.0
299.0
232.0
252.36
224.0
212.0
210.0
218.0
206.0
233.0
196.0
190.0
205.0
212.0
219.0
220.0
224.0
229.0
215.0
218.0
228.0
225.0
215.0
222.0
203.0
239.0
217.0
176.915
206.0
217.0
217.0
208.0
204.0
202.0
203.0
201.0
199.0
216.0
242.0
270.0
249.0
238.0
231.0
244.0
238.0
223.0
242.0
218.0
234.0
215.0
209.0
176.915
207.0
206.0
201.0
192.0
220.0
200.0
225.0
383.0
672.0
933.0
1000.0
1047.0
949.12
1006.0
953.0
959.0
928.0
790.0
563.0
434.0
393.0
320.0
278.0
252.36
232.0
236.0
250.0
231.0
230.0
223.0
239.0
389.0
680.0
940.0
966.12
1041.0
925.0
955.12
960.0
932.0
914.0
761.0
480.0
407.12
336.0
289.0
244.0
252.36
222.0
201.0
223.0
216.0
267.0
201.0
222.0
359.0
696.0
752.0
970.0
1028.0
982.0
897.0
930.0
932.0
945.0
804.0
564.08
392.0
400.0
313.0
266.0
252.36
228.0
232.0
212.0
226.0
234.0
251.0
204.0
338.0
625.0
933.0
940.0
1006.0
962.08
950.0
941.0
951.0
947.0
800.0
512.0
434.12
384.0
320.0
246.0
249.0
240.0
204.0
214.0
214.0
241.0
221.0
224.0
350.0
595.0
946.0
944.0
999.0
915.0
935.08
892.0
899.0
873.0
792.0
418.0
322.0
269.0
258.0
226.0
259.97
231.0
197.0
210.0
216.0
239.0
191.0
211.0
197.0
204.0
241.0
258.0
244.0
254.0
297.0
280.0
291.0
258.0
253.0
261.0
230.0
252.0
214.0
234.0
176.915
204.0
225.0
225.0
218.0
203.0
218.0
187.0
207.0
232.0
210.0
214.0
312.0
269.0
291.5
232.0
253.0
250.0
238.0
234.0
235.0
208.0
217.0
211.0
176.915
233.0
212.0
223.0
195.0
212.0
210.0
212.0
335.0
625.0
936.0
972.0
1061.0
995.0
1003.0
1029.0
976.0
980.12
808.0
535.0
392.0
306.0
287.0
280.0
259.97
237.0
234.0
232.0
218.0
209.0
211.0
223.0
370.0
614.0
936.12
992.0
1025.12
968.0
994.0
968.0
952.0
995.0
846.0
542.0
444.0
357.0
309.0
246.0
259.97
237.0
219.0
246.0
223.0
217.0
220.0
213.0
360.0
637.0
915.0
949.0
1032.06
972.0
954.0
953.12
959.0
917.0
799.0
515.12
434.0
344.0
333.0
249.0
259.97
241.0
227.0
227.0
206.0
224.0
210.0
222.0
356.0
618.0
927.0
988.0
1039.0
969.0
966.12
997.0
980.12
960.0
852.0
568.0
410.0
358.0
296.0
268.0
259.97
268.0
222.0
237.0
233.0
226.0
229.0
205.0
372.0
597.0
919.0
953.0
1026.0
939.0
978.0
970.0
926.08
919.0
813.0
464.0
360.0
360.0
252.0
249.0
259.97
200.0
205.0
221.0
213.0
219.0
205.0
218.0
221.0
238.0
248.0
272.0
269.0
275.0
286.0
283.0
275.0
270.0
259.0
252.0
253.0
225.0
216.0
239.0
176.915
212.0
211.0
210.0
250.0
186.0
202.0
197.0
200.0
204.0
221.0
231.0
265.0
256.0
250.0
260.6
272.6
261.0
247.0
247.0
223.0
218.0
220.0
189.0
176.915
176.0
187.0
216.0
180.0
177.0
185.0
197.0
333.0
626.0
836.12
961.5
1062.0
971.0
984.0
995.0
953.08
962.0
837.0
575.0
448.0
377.0
300.0
279.0
259.97
232.0
205.0
257.0
216.0
216.0
202.0
230.0
357.0
648.0
919.0
970.0
1055.5
950.12
984.0
1035.0
962.0
936.24
856.0
601.0
474.0
376.0
311.0
262.0
270.94
239.0
247.0
247.0
236.0
222.0
226.0
244.0
375.0
643.0
958.0
953.12
1049.0
964.0
969.0
987.24
985.0
945.0
812.0
600.0
399.0
409.0
343.0
257.0
262.93
239.0
239.0
257.0
226.0
238.0
233.0
221.0
384.0
639.0
953.0
963.0
1048.0
950.0
993.0
949.0
968.0
964.0
825.12
597.0
478.0
381.0
316.0
285.0
262.93
248.0
249.0
226.0
244.0
231.0
222.0
245.0
375.0
650.0
935.0
971.0
1058.0
951.08
984.0
969.0
949.0
963.0
793.0
599.0
409.0
332.0
287.0
289.0
262.93
202.0
198.0
200.0
208.0
222.0
194.0
190.0
203.0
226.0
239.0
242.0
260.0
259.0
264.0
283.0
244.0
268.0
247.0
214.0
230.0
243.0
201.0
212.0
176.915
191.0
206.0
218.0
195.0
218.5
196.5
199.0
209.0
221.5
223.0
253.04
314.16
305.16
254.4
275.48
262.48
268.84
262.84
239.5
232.5
248.0
214.0
196.0
176.915
196.0
217.0
191.0
202.0
215.0
208.0
208.0
359.0
654.0
931.0
1018.0
1024.0
952.0
1014.0
986.0
990.0
941.0
817.0
527.0
432.0
351.0
290.0
308.0
254.92
224.0
241.0
227.0
237.0
210.0
248.0
230.0
402.0
630.0
970.0
992.0
1048.12
991.0
999.0
994.0
967.0
977.0
834.0
606.0
449.0
437.0
299.0
267.0
253.41
258.0
204.0
229.0
225.0
209.0
232.0
217.0
381.0
674.0
944.12
1013.0
1051.7199999999998
974.0
1056.0
1004.12
988.0
978.0
848.0
571.0
429.0
421.0
321.0
277.0
253.41
227.0
238.0
218.0
236.0
216.0
216.0
248.0
385.0
688.0
911.0
980.0
1051.7199999999998
958.0
1003.0
963.08
958.0
951.0
845.0
566.08
439.0
373.0
321.0
266.0
253.41
216.0
220.0
239.0
228.0
226.0
206.0
232.0
388.0
666.0
940.0
962.0
1051.7199999999998
946.68
973.68
999.12
948.0
909.0
805.0
488.0
359.0
337.0
275.0
245.0
253.41
202.0
203.0
205.0
213.0
215.0
199.0
208.0
215.0
221.5
223.0
264.08
243.08
311.64
255.7
268.74
279.04
246.04
232.0
239.5
232.5
248.0
204.5
231.0
176.915
200.0
200.0
181.0
190.0
197.0
216.0
196.0
205.0
217.0
207.0
239.0
272.0
318.12
257.0
262.0
243.0
264.0
221.0
265.0
235.0
253.0
195.0
215.0
176.915
188.0
224.0
195.0
197.0
204.0
187.0
185.0
369.0
632.0
950.32
1007.32
1055.32
959.0
1006.4
973.4
994.4
967.52
843.4
585.12
426.0
474.0
309.0
258.0
253.41
231.0
211.0
227.0
241.0
217.0
223.0
240.0
350.0
625.8
957.32
1002.32
1048.12
964.12
989.12
955.44
978.44
934.44
865.44
583.44
446.64
357.0
318.0
276.0
253.41
223.5
206.0
225.0
236.5
235.0
231.0
219.0
376.0
642.0
923.0
957.0
1049.0
934.0
969.08
959.08
942.12
900.0
842.0
520.0
431.0
356.0
290.0
258.0
251.9
216.0
201.0
223.0
232.0
211.0
214.0
212.0
376.0
663.0
909.0
952.0
1045.0
937.0
948.0
971.24
924.0
906.0
812.0
512.0
364.0
343.0
317.0
253.0
249.905
217.0
211.0
194.0
213.0
195.0
214.0
206.0
342.0
599.0
905.0
929.0
1030.0
956.0
954.0
913.0
903.0
884.0
773.0
507.0
362.0
315.0
255.0
237.0
249.905
194.0
192.0
205.0
195.0
197.0
204.0
189.5
896.0
925.0
841.0
911.0
907.12
893.0
885.0
752.0
545.0
467.0
355.0
327.0
221.0
269.46500000000003
202.5
230.0
203.5
212.0
204.0
220.0
208.0
349.0
563.0
861.0
874.0
940.0
832.0
868.0
881.0
865.0
894.0
748.0
515.0
376.0
341.0
302.0
279.08
269.46500000000003
216.0
241.0
203.5
210.0
210.0
203.0
219.0
331.0
587.0
829.0
879.0
872.0
802.0
859.0
829.0
844.0
827.12
673.0
477.0
409.0
278.0
247.0
218.0
269.46500000000003
179.0
181.0
204.0
175.0
182.0
182.0
197.0
176.0
208.0
240.0
216.0
242.0
205.0
234.0
246.0
221.0
206.0
243.0
212.0
202.0
187.0
197.0
177.0
163.925
173.0
181.0
177.0
193.0
193.0
190.0
177.0
208.0
229.56
211.0
213.0
214.0
208.0
240.0
206.0
212.0
268.0
206.0
219.0
213.0
209.0
221.0
186.0
163.925
195.0
199.0
192.0
200.0
178.0
187.0
192.0
322.0
581.0
854.12
860.0
871.0
798.0
841.0
851.0
863.12
832.0
700.0
513.0
420.0
323.0
290.0
256.0
269.46500000000003
206.0
213.0
237.0
227.0
202.0
205.0
213.0
343.0
586.0
822.04
893.04
928.0
840.0
882.0
900.08
864.0
848.0
758.0
492.0
437.0
402.12
293.0
239.0
269.46500000000003
239.0
194.0
220.0
236.0
213.0
205.0
234.0
334.0
584.0
813.0
868.0
902.0
822.0
857.0
851.0
825.0
864.0
707.0
531.0
436.0
369.0
341.0
249.0
260.05
222.5
233.0
220.0
224.0
220.0
208.0
238.0
343.0
585.0
885.0
928.0
933.0
842.0
890.12
887.12
894.0
856.0
752.2
516.0
396.0
353.0
258.0
274.0
252.485
206.0
222.0
233.0
195.0
218.0
209.0
205.0
336.0
591.0
827.0
855.0
897.0
839.0
873.12
855.0
847.0
820.0
714.0
490.0
443.0
367.0
267.0
216.0
252.485
209.0
195.0
210.0
195.0
220.0
191.0
200.0
218.0
251.12
285.0
259.0
313.0
265.0
300.0
282.0
279.0
267.0
247.0
248.0
250.0
230.0
214.0
218.0
163.925
197.0
184.0
206.0
190.0
187.0
189.0
206.0
214.0
207.0
221.0
211.0
230.0
245.0
237.0
205.0
233.0
248.0
241.0
237.0
207.0
225.0
207.0
210.0
163.925
187.0
210.0
207.0
207.0
193.0
207.0
199.0
344.0
603.0
857.0
897.0
943.0
867.0
929.0
903.0
909.0
890.0
804.0
535.0
426.0
346.0
316.0
271.0
252.485
201.0
195.0
201.0
235.0
210.5
210.5
207.0
329.0
597.0
840.0
930.0
932.0
864.0
893.12
896.0
881.08
877.0
792.0
527.12
426.0
343.0
295.0
246.0
244.92
216.0
250.0
226.0
229.0
228.0
214.0
222.0
311.0
610.0
831.0
887.0
901.0
831.0
900.0
868.0
877.0
863.0
756.0
539.0
445.0
366.0
297.0
268.0
257.45
219.0
203.0
213.0
213.0
214.0
215.0
202.0
320.0
602.0
835.0
915.0
893.0
823.0
825.0
816.12
837.0
820.0
720.0
486.0
385.0
326.0
280.0
248.0
257.45
231.0
202.0
204.0
210.0
232.0
206.0
190.0
343.0
664.0
848.0
877.0
890.0
799.12
866.0
865.12
845.0
869.0
711.0
451.0
376.0
310.0
273.0
245.0
257.45
186.0
193.0
193.0
220.0
183.0
204.0
206.0
200.0
228.0
258.0
289.0
277.0
283.0
271.0
280.0
291.0
267.0
245.0
220.0
234.0
195.0
215.0
212.0
163.925
203.0
187.0
202.0
192.0
204.0
189.0
180.0
205.0
207.0
217.0
206.0
212.0
248.0
232.0
235.0
245.0
242.0
233.0
230.0
230.0
228.0
247.0
182.0
163.925
206.0
212.0
200.0
216.0
184.0
189.0
208.0
308.0
583.0
836.0
859.0
852.0
808.52
870.52
854.12
844.32
830.32
737.44
556.12
486.0
340.0
297.12
245.0
257.45
216.0
219.0
226.0
204.0
224.0
195.0
216.0
342.0
587.0
792.8
846.8
866.8
837.8
867.8
868.24
879.24
887.24
777.24
557.0
438.0
387.0
308.0
251.0
257.45
237.0
217.0
210.0
204.0
216.0
243.0
216.0
329.0
584.0
831.0
894.0
859.0
820.0
843.0
869.0
837.0
858.12
742.0
543.0
401.0
360.0
304.0
273.0
257.45
240.0
210.0
192.0
197.0
219.0
203.0
220.0
311.0
607.52
809.52
881.0
877.0
775.0
828.08
821.0
760.0
720.0
605.52
438.52
344.0
301.0
283.0
226.0
257.45
192.0
194.0
186.0
191.0
166.0
179.0
168.0
181.0
172.0
208.0
192.0
198.0
199.0
205.0
195.0
223.0
220.0
218.0
219.0
206.0
183.0
177.0
172.0
167.97
180.0
177.0
186.0
172.0
187.0
155.0
173.0
173.0
186.0
174.0
193.0
189.0
192.0
185.0
183.0
201.0
220.0
203.0
208.0
181.0
189.0
182.0
186.0
169.45499999999996
186.0
175.0
184.0
184.0
198.0
153.0
178.0
165.0
167.0
174.0
207.0
171.0
201.0
189.0
193.0
185.0
198.0
186.0
212.0
205.5
197.0
191.0
193.0
170.94
188.0
179.0
195.0
178.0
170.0
192.0
183.0
309.0
588.0
857.0
873.0
901.0
821.0
891.0
884.0
893.2
877.0
761.0
559.0
428.0
371.0
290.08
258.0
257.45
216.0
210.0
222.0
200.0
214.0
229.0
204.0
334.0
603.0
843.0
903.12
933.0
830.0
878.0
896.0
891.0
866.0
780.0
526.0
433.12
351.0
297.0
258.0
257.45
192.0
210.0
210.0
220.0
202.0
192.0
224.0
331.0
609.0
853.0
899.12
912.0
835.0
865.0
898.0
900.0
860.0
734.0
550.0
418.0
336.0
279.0
226.0
257.45
211.0
220.0
209.0
214.0
198.0
191.0
223.0
326.0
633.0
862.0
866.0
888.0
822.0
867.0
915.12
898.0
858.0
761.0
510.0
423.0
377.12
321.0
234.0
269.98
216.0
218.5
200.0
199.5
254.61
250.61
211.5
316.24
571.41
738.17
879.08
913.08
825.08
864.08
893.6
864.6
861.6
717.6
487.6
402.6
329.6
282.6
237.0
260.42
199.0
207.0
199.0
220.0
213.0
233.0
196.0
207.0
229.0
277.0
281.0
280.0
264.0
275.0
324.0
285.0
288.0
239.0
251.0
205.5
239.0
216.0
226.0
175.41
199.0
208.0
201.0
189.0
204.0
198.0
185.0
195.0
183.0
192.0
227.0
238.0
234.0
249.0
219.0
225.0
228.0
220.0
226.0
230.0
238.0
227.0
190.0
175.41
216.0
217.0
191.0
185.0
215.0
188.0
200.0
325.0
612.0
898.0
896.0
940.0
860.0
927.0
932.0
917.0
923.0
760.08
568.0
495.0
385.0
278.0
239.0
260.42
221.0
249.0
208.0
222.0
207.0
212.0
222.0
327.0
598.0
861.0
904.0
909.12
817.0
923.0
890.0
895.0
898.0
735.12
560.0
410.0
352.0
300.0
241.0
260.42
226.0
224.0
211.0
219.0
211.0
212.0
215.0
326.0
600.0
860.0
872.0
915.0
823.0
882.0
928.0
855.0
871.12
741.0
542.0
384.0
349.0
280.0
246.0
260.42
224.0
203.0
211.0
215.0
222.0
191.0
236.0
344.0
609.0
855.0
881.0
930.0
853.0
905.0
889.0
915.0
836.0
714.0
572.0
460.12
367.0
272.0
241.0
260.42
229.0
226.0
214.0
232.0
206.0
186.0
219.0
365.0
587.0
850.0
884.08
923.0
824.0
861.0
879.0
878.0
868.0
722.0
536.0
379.0
374.0
278.0
275.0
260.42
212.0
228.0
209.0
217.0
209.0
232.0
210.0
214.0
259.0
298.0
297.0
362.0
272.0
306.04
290.04
297.0
301.0
276.0
220.0
221.0
230.0
193.0
212.0
175.41
180.0
204.0
216.0
186.0
202.0
211.0
196.0
187.0
221.0
257.0
260.0
285.0
249.0
256.0
289.52
260.52
286.0
253.0
234.0
252.0
221.0
213.0
238.0
175.41
186.0
216.0
206.0
193.0
207.0
182.0
188.0
359.0
596.0
930.12
909.12
960.0
840.0
913.0
918.0
922.0
882.0
763.0
530.0
432.0
329.0
294.0
238.0
250.86
225.0
223.0
233.0
211.0
224.0
221.0
229.0
339.0
647.0
874.0
900.0
918.0
828.0
907.0
923.0
888.0
879.0
764.0
526.0
442.0
396.0
310.12
234.0
250.335
213.0
237.0
250.0
237.0
217.0
203.0
206.0
175.41
202.0
193.0
190.0
188.0
196.0
194.0
219.0
367.0
646.0
927.0
962.0
995.0
952.0
944.0
946.0
965.12
964.0
751.0
553.0
446.0
357.0
338.0
248.0
255.41
217.0
239.0
203.0
240.0
231.0
203.0
232.0
384.0
652.0
880.0
955.0
964.0
881.12
927.0
923.0
898.0
890.0
742.0
579.12
458.0
388.0
292.0
268.0
255.41
211.0
249.0
199.0
230.0
205.0
203.0
212.0
344.0
587.0
845.0
885.0
942.0
855.04
930.04
904.0
894.0
858.0
754.0
474.0
407.0
369.0
311.0
265.0
255.41
219.0
218.0
201.0
210.0
197.0
180.0
226.0
374.0
620.0
896.0
926.0
949.0
862.0
921.12
864.0
896.0
878.12
746.0
458.12
425.0
385.0
292.0
248.0
255.41
208.0
184.0
178.0
194.0
207.0
188.0
197.0
368.0
688.0
855.0
890.0
971.0
858.0
887.0
894.0
884.08
853.12
687.0
470.0
316.12
289.0
232.0
233.0
255.41
196.0
197.0
225.0
187.0
194.0
210.0
195.0
180.0
200.0
192.0
200.0
195.0
228.0
200.0
187.0
210.0
200.0
214.0
215.0
212.0
204.0
217.0
213.0
175.41
206.0
211.0
201.0
204.0
195.0
191.0
186.0
190.0
202.0
212.0
247.0
257.0
243.0
240.0
242.0
211.0
209.0
194.0
217.5
220.0
190.0
204.0
196.0
175.41
207.0
187.0
192.0
193.0
198.0
182.0
200.0
179.0
216.0
201.0
233.0
249.04
230.0
226.0
241.0
243.0
212.0
224.0
217.5
217.0
218.0
198.0
212.0
175.41
216.0
196.0
189.0
175.0
190.0
192.0
186.0
371.0
666.0
938.0
972.0
1043.0
974.0
931.0
943.0
945.0
916.08
813.0
566.0
465.0
367.0
282.0
268.0
255.41
224.0
208.0
201.0
209.0
205.0
195.0
203.0
387.0
691.84
942.04
964.84
986.84
912.84
972.84
915.72
946.64
934.64
781.64
592.64
508.64
375.64
298.64
236.0
255.41
217.0
202.0
223.0
205.5
215.5
195.0
236.0
383.0
679.0
919.0
1010.0
1040.0
916.0
1003.0
953.0
945.0
895.0
779.0
592.0
452.0
380.0
269.0
269.0
255.41
215.0
211.0
245.0
202.0
226.0
195.0
217.0
365.0
692.88
913.88
957.08
982.88
886.88
906.88
909.44
902.56
850.0
709.0
537.0
394.0
303.0
237.0
205.0
255.41
177.0
194.0
174.0
156.0
172.0
165.0
160.0
457.0
208.0
278.0
255.0
248.0
217.0
271.0
250.0
275.0
244.0
249.04
217.5
214.0
212.0
184.0
210.0
179.88
188.0
201.0
198.0
180.0
180.0
184.0
178.0
182.0
196.0
250.0
281.0
280.0
278.0
250.0
246.0
261.0
261.0
255.0
220.0
205.0
222.0
182.0
204.0
176.915
187.0
179.0
182.0
189.0
180.0
174.0
223.0
332.0
650.12
925.16
974.16
1000.28
885.16
943.16
921.16
942.0
893.0
778.0
527.0
419.0
374.0
328.0
260.0
265.9
215.0
223.0
234.0
232.0
205.0
216.0
232.0
398.0
691.0
923.12
1006.11
1040.0
969.0
1004.0
935.0
952.0
928.0
783.0
510.0
443.0
396.0
357.12
292.0
260.81
217.0
226.0
230.0
217.0
209.0
216.0
222.0
384.0
606.0
915.0
928.0
970.0
911.0
969.0
913.0
890.0
918.0
733.0
498.0
443.0
372.0
312.0
285.0
260.81
225.0
225.5
224.5
206.0
201.0
196.0
234.0
394.0
643.12
929.0
927.0
1001.0
941.0
923.0
907.08
890.0
882.0
736.0
539.0
428.0
408.0
364.0
263.0
255.72
225.0
225.0
219.0
251.0
221.0
225.0
237.0
380.0
672.0
930.0
969.0
1023.0
911.0
937.0
969.0
931.12
911.0
759.0
501.0
397.0
352.0
302.0
271.0
252.36
206.0
207.0
205.5
196.0
201.0
192.0
202.0
216.0
286.0
301.0
297.0
316.0
309.0
300.0
303.0
311.0
285.0
309.0
238.0
225.0
239.0
209.0
236.0
176.915
206.0
213.0
213.0
216.0
193.0
198.0
186.0
230.0
246.0
310.0
324.0
355.0
308.0
289.0
270.0
287.0
275.0
279.0
240.0
245.0
256.0
217.0
210.0
176.915
225.0
194.0
207.0
192.0
199.0
205.0
217.0
376.0
605.0
852.0
929.0
929.0
852.52
887.52
864.12
873.0
867.52
696.52
519.44
452.44
331.44
287.76
261.0
252.36
225.0
200.5
216.5
205.5
201.0
211.5
250.6
347.6
620.6
805.6
839.6
889.0
875.0
833.0
841.0
842.0
836.0
669.0
489.0
411.0
327.0
276.0
263.0
252.36
225.0
207.0
226.0
219.0
203.0
218.0
249.0
386.0
631.0
830.0
832.0
916.0
875.12
844.0
861.0
848.08
824.0
686.12
478.6
370.6
363.0
276.0
282.0
252.36
233.0
213.0
211.0
236.0
212.0
236.0
220.0
383.0
650.0
839.0
882.0
924.0
881.0
889.0
850.0
854.0
834.0
689.0
505.0
416.0
332.0
311.0
256.0
252.36
236.0
247.0
211.0
203.0
231.0
233.0
259.0
351.0
662.0
888.0
876.0
972.12
873.0
898.0
837.0
832.0
839.0
665.0
497.0
382.0
325.0
299.0
232.0
252.36
224.0
212.0
210.0
218.0
206.0
233.0
196.0
190.0
205.0
212.0
219.0
220.0
224.0
229.0
215.0
218.0
228.0
225.0
215.0
222.0
203.0
239.0
217.0
176.915
206.0
217.0
217.0
208.0
204.0
202.0
203.0
201.0
199.0
216.0
242.0
270.0
249.0
238.0
231.0
244.0
238.0
223.0
242.0
218.0
234.0
215.0
209.0
176.915
207.0
206.0
201.0
192.0
220.0
200.0
225.0
383.0
672.0
933.0
1000.0
1047.0
949.12
1006.0
953.0
959.0
928.0
790.0
563.0
434.0
393.0
320.0
278.0
252.36
232.0
236.0
250.0
231.0
230.0
223.0
239.0
389.0
680.0
940.0
966.12
1041.0
925.0
955.12
960.0
932.0
914.0
761.0
480.0
407.12
336.0
289.0
244.0
252.36
222.0
201.0
223.0
216.0
267.0
201.0
222.0
359.0
696.0
752.0
970.0
1028.0
982.0
897.0
930.0
932.0
945.0
804.0
564.08
392.0
400.0
313.0
266.0
252.36
228.0
232.0
212.0
226.0
234.0
251.0
204.0
338.0
625.0
933.0
940.0
1006.0
962.08
950.0
941.0
951.0
947.0
800.0
512.0
434.12
384.0
320.0
246.0
249.0
240.0
204.0
214.0
214.0
241.0
221.0
224.0
350.0
595.0
946.0
944.0
999.0
915.0
935.08
892.0
899.0
873.0
792.0
418.0
322.0
269.0
258.0
226.0
259.97
231.0
197.0
210.0
216.0
239.0
191.0
211.0
197.0
204.0
241.0
258.0
244.0
254.0
297.0
280.0
291.0
258.0
253.0
261.0
230.0
252.0
214.0
234.0
176.915
204.0
225.0
225.0
218.0
203.0
218.0
187.0
207.0
232.0
210.0
214.0
312.0
269.0
291.5
232.0
253.0
250.0
238.0
234.0
235.0
208.0
217.0
211.0
176.915
233.0
212.0
223.0
195.0
212.0
210.0
212.0
335.0
625.0
936.0
972.0
1061.0
995.0
1003.0
1029.0
976.0
980.12
808.0
535.0
392.0
306.0
287.0
280.0
259.97
237.0
234.0
232.0
218.0
209.0
211.0
223.0
370.0
614.0
936.12
992.0
1025.12
968.0
994.0
968.0
952.0
995.0
846.0
542.0
444.0
357.0
309.0
246.0
259.97
237.0
219.0
246.0
223.0
217.0
220.0
213.0
360.0
637.0
915.0
949.0
1032.06
972.0
954.0
953.12
959.0
917.0
799.0
515.12
434.0
344.0
333.0
249.0
259.97
241.0
227.0
227.0
206.0
224.0
210.0
222.0
356.0
618.0
927.0
988.0
1039.0
969.0
966.12
997.0
980.12
960.0
852.0
568.0
410.0
358.0
296.0
268.0
259.97
268.0
222.0
237.0
233.0
226.0
229.0
205.0
372.0
597.0
919.0
953.0
1026.0
939.0
978.0
970.0
926.08
919.0
813.0
464.0
360.0
360.0
252.0
249.0
259.97
200.0
205.0
221.0
213.0
219.0
205.0
218.0
221.0
238.0
248.0
272.0
269.0
275.0
286.0
283.0
275.0
270.0
259.0
252.0
253.0
225.0
216.0
239.0
176.915
212.0
211.0
210.0
250.0
186.0
202.0
197.0
200.0
204.0
221.0
187.0
202.0
192.0
204.0
189.0
180.0
205.0
207.0
217.0
206.0
212.0
248.0
232.0
235.0
245.0
242.0
233.0
230.0
230.0
228.0
247.0
182.0
163.925
206.0
212.0
200.0
216.0
184.0
189.0
208.0
308.0
583.0
836.0
859.0
852.0
808.52
870.52
854.12
844.32
830.32
737.44
556.12
486.0
340.0
297.12
245.0
257.45
216.0
219.0
226.0
204.0
224.0
195.0
216.0
342.0
587.0
792.8
846.8
866.8
837.8
867.8
868.24
879.24
887.24
777.24
557.0
438.0
387.0
308.0
251.0
257.45
237.0
217.0
210.0
204.0
216.0
243.0
216.0
329.0
584.0
831.0
894.0
859.0
820.0
843.0
869.0
837.0
858.12
742.0
543.0
401.0
360.0
304.0
273.0
257.45
240.0
210.0
192.0
197.0
219.0
203.0
220.0
311.0
607.52
809.52
881.0
877.0
775.0
828.08
821.0
760.0
720.0
605.52
438.52
344.0
301.0
283.0
226.0
257.45
192.0
194.0
186.0
191.0
166.0
179.0
168.0
181.0
172.0
208.0
192.0
198.0
199.0
205.0
195.0
223.0
220.0
218.0
219.0
206.0
183.0
177.0
172.0
167.97
180.0
177.0
186.0
172.0
187.0
155.0
173.0
173.0
186.0
174.0
193.0
189.0
192.0
185.0
183.0
201.0
220.0
203.0
208.0
181.0
189.0
182.0
186.0
169.45499999999996
186.0
175.0
184.0
184.0
198.0
153.0
178.0
165.0
167.0
174.0
207.0
171.0
201.0
189.0
193.0
185.0
198.0
186.0
212.0
205.5
197.0
191.0
193.0
170.94
188.0
179.0
195.0
178.0
170.0
192.0
183.0
309.0
588.0
857.0
873.0
901.0
821.0
891.0
884.0
893.2
877.0
761.0
559.0
428.0
371.0
290.08
258.0
257.45
216.0
210.0
222.0
200.0
214.0
229.0
204.0
334.0
603.0
843.0
903.12
933.0
830.0
878.0
896.0
891.0
866.0
780.0
526.0
433.12
351.0
297.0
258.0
257.45
192.0
210.0
210.0
220.0
202.0
192.0
224.0
331.0
609.0
853.0
899.12
912.0
835.0
865.0
898.0
900.0
860.0
734.0
550.0
418.0
336.0
279.0
226.0
257.45
211.0
220.0
209.0
214.0
198.0
191.0
223.0
326.0
633.0
862.0
866.0
888.0
822.0
867.0
915.12
898.0
858.0
761.0
510.0
423.0
377.12
321.0
234.0
269.98
216.0
218.5
200.0
199.5
254.61
250.61
211.5
316.24
571.41
738.17
879.08
913.08
825.08
864.08
893.6
864.6
861.6
717.6
487.6
402.6
329.6
282.6
237.0
260.42
199.0
207.0
199.0
220.0
213.0
233.0
196.0
207.0
229.0
277.0
281.0
280.0
264.0
275.0
324.0
285.0
288.0
239.0
251.0
205.5
239.0
216.0
226.0
175.41
199.0
208.0
201.0
189.0
204.0
198.0
185.0
195.0
183.0
192.0
227.0
238.0
234.0
249.0
219.0
225.0
228.0
220.0
226.0
230.0
238.0
227.0
190.0
175.41
216.0
217.0
191.0
185.0
215.0
188.0
200.0
325.0
612.0
898.0
896.0
940.0
860.0
927.0
932.0
917.0
923.0
760.08
568.0
495.0
385.0
278.0
239.0
260.42
221.0
249.0
208.0
222.0
207.0
212.0
222.0
327.0
598.0
861.0
904.0
909.12
817.0
923.0
890.0
895.0
898.0
735.12
560.0
410.0
352.0
300.0
241.0
260.42
226.0
224.0
211.0
219.0
211.0
212.0
215.0
326.0
600.0
860.0
872.0
915.0
823.0
882.0
928.0
855.0
871.12
741.0
542.0
384.0
349.0
280.0
246.0
260.42
224.0
203.0
211.0
215.0
222.0
191.0
236.0
344.0
609.0
855.0
881.0
930.0
853.0
905.0
889.0
915.0
836.0
714.0
572.0
460.12
367.0
272.0
241.0
260.42
229.0
226.0
214.0
232.0
206.0
186.0
219.0
365.0
587.0
850.0
884.08
923.0
824.0
861.0
879.0
878.0
868.0
722.0
536.0
379.0
374.0
278.0
275.0
260.42
212.0
228.0
209.0
217.0
209.0
232.0
210.0
214.0
259.0
298.0
297.0
362.0
272.0
306.04
290.04
297.0
301.0
276.0
220.0
221.0
230.0
193.0
212.0
175.41
180.0
204.0
216.0
186.0
202.0
211.0
196.0
187.0
221.0
257.0
260.0
285.0
249.0
256.0
289.52
260.52
286.0
253.0
234.0
252.0
221.0
213.0
238.0
175.41
186.0
216.0
206.0
193.0
207.0
182.0
188.0
359.0
596.0
930.12
909.12
960.0
840.0
913.0
918.0
922.0
882.0
763.0
530.0
432.0
329.0
294.0
238.0
250.86
225.0
223.0
233.0
211.0
224.0
221.0
229.0
339.0
647.0
874.0
900.0
918.0
828.0
907.0
923.0
888.0
879.0
764.0
526.0
442.0
396.0
310.12
234.0
250.335
213.0
237.0
248.0
211.0
230.0
202.0
242.0
351.0
619.0
881.0
895.0
942.0
802.0
902.0
893.0
876.08
861.0
771.0
575.0
457.0
370.0
286.0
254.0
250.335
209.0
218.0
208.0
228.0
220.0
202.0
244.0
325.0
666.68
834.68
884.0
906.0
831.0
899.0
895.0
891.12
851.0
781.0
555.0
447.0
368.0
315.0
264.0
250.335
216.0
236.0
201.0
230.0
186.0
237.0
212.0
337.0
621.0
840.12
855.0
916.0
838.0
848.0
863.0
834.0
798.0
696.0
464.0
370.0
285.0
260.0
187.0
250.335
221.0
184.0
174.0
188.0
177.0
171.0
186.0
183.0
192.0
215.0
241.0
260.0
258.0
255.0
244.0
262.0
259.0
264.0
232.0
223.0
221.0
195.0
218.0
175.41
195.0
187.0
179.0
168.0
182.0
190.0
162.0
191.0
197.0
212.0
262.0
272.0
257.0
240.0
255.0
249.0
247.0
229.0
241.0
228.0
215.0
221.0
198.0
175.41
200.0
174.0
193.0
189.0
175.0
180.0
188.0
329.0
594.0
887.0
893.0
941.0
899.08
908.0
931.0
888.0
871.0
756.12
564.0
486.0
378.0
311.0
255.0
250.335
220.0
227.0
198.0
235.0
208.0
188.0
230.0
336.0
620.0
856.0
868.0
908.0
818.0
893.08
888.0
855.0
889.0
747.0
545.0
516.0
418.0
299.0
251.0
250.335
214.5
218.0
224.0
211.0
198.0
215.0
213.0
373.0
613.12
906.0
911.0
976.0
853.0
895.12
896.0
889.0
903.0
756.0
553.0
410.0
310.0
320.0
254.0
249.81
209.0
209.0
210.0
206.0
202.0
222.0
241.0
320.0
584.0
894.0
934.0
939.0
851.0
909.0
895.12
924.0
875.0
763.0
612.0
486.0
373.2
345.0
272.0
248.875
226.0
216.0
237.0
223.0
231.0
210.0
210.0
365.0
667.0
861.0
897.0
978.0
857.0
881.0
914.0
899.0
858.0
764.0
513.0
446.0
407.12
331.0
270.0
247.94
218.0
199.0
218.0
188.0
205.0
205.0
187.0
264.0
303.0
346.0
315.0
360.0
322.0
334.0
323.0
340.0
332.12
304.0
272.0
260.0
251.0
233.0
220.0
175.41
206.0
215.0
217.0
188.0
196.0
185.0
236.0
206.0
197.0
233.0
226.0
253.0
269.0
247.0
232.0
237.0
241.0
225.0
241.0
243.0
240.0
208.0
213.0
175.41
199.0
208.0
198.0
210.0
197.0
195.0
235.0
359.0
642.0
887.0
912.0
1021.0
907.0
957.0
944.0
931.0
917.0
796.12
570.0
465.0
386.0
323.0
272.0
250.91
213.0
226.0
221.0
234.0
245.0
218.0
229.0
392.0
670.0
929.0
963.12
1042.0
916.12
929.0
951.0
941.0
915.0
779.0
592.0
437.0
398.0
323.0
253.0
253.43
229.0
207.0
218.0
226.0
218.0
230.0
214.0
372.0
654.0
882.0
936.0
986.0
883.0
892.0
925.0
909.0
898.0
773.0
562.0
494.0
364.0
314.0
265.0
255.95
226.0
218.0
220.0
220.0
228.0
204.0
228.0
410.0
616.0
891.12
930.0
956.0
837.0
896.0
900.0
904.0
868.0
777.12
484.0
442.0
384.0
315.0
292.0
244.92
220.0
209.0
222.0
243.0
221.0
216.0
208.0
360.0
612.0
860.12
896.0
898.0
809.0
863.0
878.0
868.0
836.0
712.0
484.0
395.0
304.0
291.0
203.0
255.41
192.0
210.0
196.0
215.0
224.0
178.0
204.0
199.0
244.0
282.0
309.0
301.0
285.0
275.0
277.0
258.0
276.12
228.0
216.0
199.0
244.0
311.0
628.0
903.0
942.0
955.0
866.12
937.0
936.0
905.12
910.0
765.0
524.12
454.0
341.0
299.0
247.0
250.81
211.0
256.92
270.92
267.92
227.5
259.92
272.92
302.92
368.92
883.0
909.0
941.0
865.0
869.0
897.0
858.0
761.0
695.0
493.0
435.0
369.12
314.0
245.0
265.94
214.0
242.0
228.0
233.0
239.0
225.0
239.0
320.0
608.0
881.0
908.0
927.12
878.0
899.0
867.0
891.0
860.0
767.08
575.0
495.0
397.0
313.0
256.0
262.86
242.0
225.0
220.0
229.0
233.0
242.0
218.0
371.0
603.0
911.0
922.0
941.0
888.0
900.0
920.0
949.0
879.0
763.0
502.0
435.0
316.0
342.0
261.0
263.345
222.0
195.0
207.0
212.0
209.0
211.0
208.0
204.0
239.0
256.0
249.0
248.0
260.0
275.0
264.0
259.0
246.0
256.0
232.0
241.0
222.0
225.0
197.0
163.925
196.0
189.0
191.0
199.0
186.0
199.0
195.0
199.0
220.0
209.0
257.0
236.0
240.0
252.0
272.0
223.0
236.0
239.0
243.0
254.0
214.0
211.0
227.0
163.925
198.0
197.0
209.0
197.0
199.0
183.0
180.0
344.0
577.0
895.0
913.08
963.0
876.0
909.2
913.0
929.0
895.0
779.0
592.0
470.0
375.0
317.0
267.0
263.345
217.0
218.0
212.0
204.0
213.5
190.0
236.0
334.0
573.0
840.0
861.0
893.0
836.0
902.0
864.0
879.0
889.0
758.0
498.0
450.24
352.0
296.0
242.0
263.345
256.0
237.0
215.0
211.0
228.0
240.0
208.0
329.0
570.0
850.0
875.0
893.0
818.0
910.0
868.12
895.0
863.0
790.0
554.0
454.0
388.0
336.0
327.0
263.83
238.0
269.0
229.0
228.0
216.0
223.0
264.0
336.0
557.0
849.0
902.0
911.0
849.0
888.0
900.0
884.0
876.0
762.0
580.0
441.0
377.0
299.0
284.0
278.88
218.0
239.0
210.0
217.0
217.0
202.0
224.0
345.12
564.0
860.0
856.0
904.0
817.12
883.0
871.0
838.0
829.0
710.0
522.0
402.0
349.0
284.0
218.0
269.46500000000003
196.0
196.0
209.0
215.0
201.0
181.0
195.0
185.0
196.0
212.0
231.0
247.0
230.0
226.0
242.0
240.0
244.0
259.0
241.0
235.0
220.0
199.0
178.0
163.925
200.0
209.0
200.0
209.0
183.0
195.0
177.0
198.0
195.0
216.0
209.0
202.0
211.0
225.0
222.0
199.0
208.0
226.0
191.0
213.0
246.0
195.0
193.0
163.925
185.0
186.0
195.0
193.0
184.0
174.0
202.0
190.0
185.0
218.0
233.0
219.0
233.0
243.0
248.0
240.0
256.0
228.0
216.0
227.0
209.0
218.0
187.0
163.925
195.0
185.0
202.0
190.0
198.0
185.0
190.0
315.0
596.0
893.0
943.0
953.0
888.0
929.12
957.0
907.08
905.0
804.0
546.08
486.0
348.0
277.0
251.0
269.46500000000003
189.0
219.0
215.0
207.0
217.0
204.0
202.0
320.0
612.0
864.0
896.0
925.0
841.0
911.0
907.12
893.0
885.0
752.0
545.0
467.0
355.0
327.0
221.0
269.46500000000003
202.5
230.0
203.5
212.0
204.0
220.0
208.0
349.0
563.0
861.0
874.0
940.0
832.0
868.0
881.0
865.0
894.0
748.0
515.0
376.0
341.0
302.0
279.08
269.46500000000003
216.0
241.0
203.5
210.0
210.0
203.0
219.0
331.0
587.0
829.0
879.0
872.0
802.0
859.0
829.0
844.0
827.12
673.0
477.0
409.0
278.0
247.0
218.0
269.46500000000003
179.0
181.0
204.0
175.0
182.0
182.0
197.0
176.0
208.0
240.0
216.0
242.0
205.0
234.0
246.0
221.0
206.0
243.0
212.0
202.0
187.0
197.0
177.0
163.925
173.0
181.0
177.0
193.0
193.0
190.0
177.0
208.0
229.56
211.0
213.0
214.0
208.0
240.0
206.0
212.0
268.0
206.0
219.0
213.0
209.0
221.0
186.0
163.925
195.0
199.0
192.0
200.0
178.0
187.0
192.0
322.0
581.0
854.12
860.0
871.0
798.0
841.0
851.0
863.12
832.0
700.0
513.0
420.0
323.0
290.0
256.0
269.46500000000003
206.0
213.0
237.0
227.0
202.0
205.0
213.0
343.0
586.0
822.04
893.04
928.0
840.0
882.0
900.08
864.0
848.0
758.0
492.0
437.0
402.12
293.0
239.0
269.46500000000003
239.0
194.0
220.0
236.0
213.0
205.0
234.0
334.0
584.0
813.0
868.0
902.0
822.0
857.0
851.0
825.0
864.0
707.0
531.0
436.0
369.0
341.0
249.0
260.05
222.5
233.0
220.0
224.0
220.0
208.0
238.0
343.0
585.0
885.0
928.0
933.0
842.0
890.12
887.12
894.0
856.0
752.2
516.0
396.0
353.0
258.0
274.0
252.485
206.0
222.0
233.0
195.0
218.0
209.0
205.0
336.0
591.0
827.0
855.0
897.0
839.0
873.12
855.0
847.0
820.0
714.0
490.0
443.0
367.0
267.0
216.0
252.485
209.0
195.0
210.0
195.0
220.0
191.0
200.0
218.0
251.12
285.0
259.0
313.0
265.0
300.0
282.0
279.0
267.0
247.0
248.0
250.0
230.0
214.0
218.0
163.925
197.0
184.0
206.0
190.0
187.0
189.0
206.0
214.0
207.0
221.0
211.0
230.0
245.0
237.0
205.0
233.0
248.0
241.0
237.0
207.0
225.0
207.0
210.0
163.925
187.0
210.0
207.0
207.0
193.0
207.0
199.0
344.0
603.0
857.0
897.0
943.0
867.0
929.0
903.0
909.0
890.0
804.0
535.0
426.0
346.0
316.0
271.0
252.485
201.0
195.0
201.0
235.0
210.5
210.5
207.0
329.0
597.0
840.0
930.0
932.0
864.0
893.12
896.0
881.08
877.0
792.0
527.12
426.0
343.0
295.0
246.0
244.92
216.0
250.0
226.0
229.0
228.0
214.0
222.0
311.0
610.0
831.0
887.0
901.0
831.0
900.0
868.0
877.0
863.0
756.0
539.0
445.0
366.0
297.0
268.0
257.45
219.0
203.0
213.0
213.0
214.0
215.0
202.0
320.0
602.0
835.0
915.0
893.0
823.0
825.0
816.12
837.0
820.0
720.0
486.0
385.0
326.0
280.0
248.0
257.45
231.0
202.0
204.0
210.0
232.0
206.0
190.0
343.0
664.0
848.0
877.0
890.0
799.12
866.0
865.12
845.0
869.0
711.0
451.0
376.0
310.0
273.0
245.0
257.45
186.0
193.0
193.0
220.0
183.0
204.0
206.0
200.0
228.0
258.0
289.0
277.0
283.0
271.0
280.0
291.0
267.0
245.0
220.0
234.0
195.0
215.0
212.0
163.925
203.0
187.0
202.0
192.0
204.0
189.0
180.0
205.0
207.0
217.0
206.0
212.0
248.0
232.0
235.0
245.0
242.0
233.0
230.0
230.0
228.0
247.0
182.0
163.925
206.0
212.0
200.0
216.0
184.0
189.0
208.0
308.0
583.0
836.0
859.0
852.0
808.52
870.52
854.12
844.32
830.32
737.44
556.12
486.0
340.0
297.12
245.0
257.45
216.0
219.0
226.0
204.0
224.0
195.0
216.0
342.0
587.0
792.8
846.8
866.8
837.8
867.8
868.24
879.24
887.24
777.24
557.0
438.0
387.0
308.0
251.0
257.45
237.0
217.0
210.0
204.0
216.0
243.0
216.0
329.0
584.0
831.0
894.0
859.0
820.0
843.0
869.0
837.0
858.12
742.0
543.0
401.0
360.0
304.0
273.0
257.45
240.0
210.0
192.0
197.0
219.0
203.0
220.0
311.0
607.52
809.52
881.0
877.0
775.0
828.08
821.0
760.0
720.0
605.52
438.52
344.0
301.0
283.0
226.0
257.45
192.0
194.0
186.0
191.0
166.0
179.0
168.0
181.0
172.0
208.0
192.0
198.0
199.0
205.0
195.0
223.0
220.0
218.0
219.0
206.0
183.0
177.0
172.0
167.97
180.0
177.0
186.0
172.0
187.0
155.0
173.0
173.0
186.0
174.0
193.0
189.0
192.0
185.0
183.0
201.0
220.0
203.0
208.0
181.0
189.0
182.0
186.0
169.45499999999996
186.0
175.0
184.0
184.0
198.0
153.0
178.0
165.0
167.0
174.0
207.0
171.0
201.0
189.0
193.0
185.0
198.0
186.0
212.0
205.5
197.0
191.0
193.0
170.94
188.0
179.0
195.0
178.0
170.0
192.0
183.0
309.0
588.0
857.0
873.0
901.0
821.0
891.0
884.0
893.2
877.0
761.0
559.0
851.0
719.0
465.0
340.0
301.0
250.0
240.0
256.385
209.0
197.0
210.0
201.0
199.0
186.0
200.0
329.0
567.0
866.0
890.0
770.96
695.96
770.96
759.96
741.96
728.96
590.96
353.96
303.96
273.96
251.5
234.5
256.385
194.0
174.825
169.32
198.0
171.325
165.82
165.32
199.5
225.5
247.96
265.96
237.0
231.0
229.0
241.0
227.0
246.0
211.0
200.0
195.0
168.0
184.0
151.0
167.915
194.0
155.65
166.64
198.0
154.65
161.64
153.64
199.5
225.5
258.48
295.98
284.5
279.0
238.0
222.0
237.0
220.0
203.0
195.0
196.0
209.0
175.0
175.0
164.92
159.04
162.0
206.0
164.0
159.0
155.0
189.0
291.0
565.0
823.0
817.0
886.0
844.0
832.0
850.0
832.0
823.0
683.0
467.0
345.0
268.0
253.0
229.0
256.385
184.52
199.0
202.0
206.0
189.0
209.0
198.0
338.0
549.0
834.0
833.0
914.0
832.0
866.0
844.0
852.0
832.0
696.0
429.0
357.0
295.0
246.0
213.0
256.385
210.0
188.0
204.0
189.0
195.0
191.0
225.0
322.0
589.0
868.0
889.0
940.0
862.0
888.0
863.0
883.0
849.0
724.0
480.0
375.0
300.0
264.0
234.0
256.385
196.0
206.0
213.0
190.0
191.0
211.0
223.0
332.0
569.0
908.0
897.0
969.0
847.0
904.0
888.0
890.0
863.0
723.0
461.0
398.0
330.0
279.0
267.0
256.385
242.0
206.0
212.0
210.0
208.0
201.0
216.0
339.0
602.0
865.0
910.0
974.0
887.0
892.0
903.0
902.0
840.0
686.0
417.0
354.0
281.0
230.0
236.0
256.385
206.0
198.0
201.0
197.0
190.0
187.0
184.0
218.0
256.0
269.0
326.0
332.0
327.0
331.0
330.0
319.72
309.72
252.2
250.2
228.5
213.0
210.0
198.0
172.39
198.0
202.0
196.0
191.0
188.0
198.0
180.0
198.0
240.0
272.0
293.44
305.44
297.44
312.44
327.44
305.44
312.44
282.0
250.0
261.0
225.0
207.0
204.0
172.39
203.0
203.0
189.0
208.0
178.0
189.0
217.0
308.0
594.0
872.0
928.0
998.0
879.0
947.0
934.0
916.0
891.0
746.0
508.0
369.0
333.0
242.0
221.0
256.385
193.0
202.0
207.0
185.0
205.0
197.0
229.5
332.52
613.0
873.0
899.0
972.0
869.0
859.0
868.0
875.0
878.0
725.0
473.0
371.0
319.0
266.0
247.0
256.385
215.0
203.0
213.0
201.0
213.0
196.0
242.0
327.0
609.0
867.0
902.0
969.0
879.0
904.0
880.0
882.0
856.0
718.0
478.0
347.0
314.0
273.0
276.0
256.385
410.08
408.08
404.08
407.08
407.08
405.08
427.08
462.08
512.08
572.16
568.16
638.08
641.08
588.08
875.0
874.16
859.16
709.0
498.0
361.0
310.0
290.0
233.0
256.385
227.0
199.0
217.0
188.0
218.0
190.0
220.0
343.0
598.0
870.0
903.0
966.0
834.0
865.0
880.0
885.0
852.0
736.0
441.0
353.0
268.0
259.0
218.0
256.385
190.0
206.0
191.0
185.0
194.0
185.0
187.0
222.0
214.0
262.0
285.0
291.0
276.0
290.0
308.0
292.0
292.0
287.0
256.0
221.0
235.0
199.0
180.0
172.39
196.0
173.0
198.0
184.0
191.0
178.0
184.0
217.5
224.5
238.0
272.0
265.0
261.0
269.0
284.0
267.0
263.0
261.0
225.0
218.0
229.0
205.0
190.0
172.39
182.0
199.0
184.0
180.0
176.0
200.0
194.0
318.0
572.0
863.0
901.0
988.0
861.0
922.0
920.0
873.0
881.0
732.0
453.0
394.0
306.0
281.0
250.0
256.385
228.0
207.0
202.0
216.0
197.0
221.0
222.0
341.0
568.0
850.0
881.0
927.0
844.0
872.0
851.0
869.0
841.0
714.0
493.0
412.0
335.0
270.0
248.0
256.385
206.5
213.5
196.0
199.5
195.5
207.0
216.0
322.0
608.0
844.0
862.0
929.0
842.0
861.0
861.0
835.08
850.08
716.0
460.0
382.0
318.0
275.0
239.0
256.385
206.5
220.0
190.0
183.0
194.0
193.0
206.0
320.0
587.0
851.0
833.0
927.0
841.0
896.0
874.0
847.0
849.0
675.0
406.0
335.0
277.0
250.0
216.0
256.385
206.5
189.0
187.0
170.0
186.0
183.0
200.0
297.0
562.0
833.0
871.0
940.0
821.0
878.0
846.0
832.0
798.0
678.0
391.0
320.0
290.0
248.0
211.0
256.385
186.0
175.0
188.0
185.0
179.0
179.0
172.0
213.0
235.0
274.0
270.0
299.0
290.0
305.0
290.0
261.0
257.0
220.0
210.0
192.0
207.0
199.0
196.0
179.86
189.0
175.0
183.0
168.0
171.0
173.0
182.0
179.0
173.0
211.0
206.0
240.0
206.0
227.0
223.0
216.0
215.0
197.0
208.0
201.0
177.0
202.0
178.0
161.88
185.0
181.0
162.0
196.0
170.0
182.5
201.0
286.0
555.0
826.0
852.0
930.0
847.0
880.0
861.0
842.0
847.0
708.0
456.0
374.0
311.0
265.0
247.0
256.385
218.0
189.0
213.0
195.5
182.0
182.0
208.0
297.0
563.0
832.0
856.0
946.0
830.0
886.0
846.0
854.0
819.0
685.0
474.0
324.0
300.0
249.0
217.0
256.385
184.0
189.0
204.0
195.0
194.0
193.0
217.0
286.0
566.0
844.0
826.0
928.0
800.0
866.0
815.0
819.0
808.0
674.0
492.0
361.0
292.0
244.0
235.0
256.385
198.0
201.0
158.0
210.0
281.0
178.0
212.0
286.0
543.0
814.0
806.0
897.0
767.0
838.0
808.0
765.0
832.0
683.0
314.0
348.0
291.0
713.0
250.0
269.83
155.0
199.0
190.0
225.0
190.0
189.0
224.0
307.0
528.0
816.0
854.0
899.0
798.0
855.0
811.0
825.0
800.0
643.0
421.0
335.0
290.0
241.0
211.0
219.845
187.0
210.0
195.0
186.0
200.0
178.0
172.0
209.0
224.0
281.0
285.0
307.0
257.0
299.0
297.0
295.0
297.0
255.0
230.0
223.0
204.0
197.0
207.0
156.885
191.0
177.0
189.0
190.0
174.0
187.0
188.0
188.0
224.0
254.0
282.0
282.0
260.0
280.0
299.0
284.0
250.0
233.0
229.0
221.0
213.0
204.0
192.0
156.885
189.0
189.0
176.0
195.0
177.0
175.0
208.0
319.0
578.0
834.0
853.0
908.0
821.0
855.0
827.0
818.0
782.52
638.52
423.0
347.0
298.0
256.0
243.0
219.845
201.0
193.0
196.0
173.0
204.0
171.0
220.0
314.0
558.0
784.0
820.0
907.0
792.0
824.0
815.0
805.0
821.0
654.0
452.0
357.0
305.0
229.0
225.0
219.845
194.0
206.0
177.0
197.0
197.0
178.5
206.0
317.0
536.0
789.0
834.0
888.0
795.0
843.0
813.0
801.0
792.0
632.0
419.0
334.0
293.0
253.0
213.0
219.845
176.0
206.0
188.0
205.0
190.0
186.0
211.0
330.0
569.0
810.0
857.0
916.0
791.0
863.0
862.0
853.0
809.0
657.0
433.0
364.0
296.0
237.0
218.0
219.845
188.0
177.0
193.0
180.0
184.0
186.0
208.0
305.0
545.0
768.0
770.0
843.0
776.0
796.0
800.0
747.0
746.0
594.0
396.0
311.0
264.0
227.0
186.0
219.845
172.0
175.0
157.0
158.0
172.0
155.0
153.0
178.0
185.0
241.0
250.56
250.56
218.0
235.0
263.0
234.0
226.0
212.0
200.0
201.0
174.0
175.0
179.0
151.89
185.0
158.0
164.0
172.5
151.0
171.0
161.0
159.0
197.0
227.0
264.0
277.0
211.0
281.0
277.0
267.0
272.0
265.0
181.0
179.0
196.0
178.0
158.0
169.9
159.0
159.0
158.0
168.0
151.0
164.0
164.0
293.0
526.0
824.0
827.0
897.0
815.0
870.0
876.0
841.0
836.0
351.0
782.0
396.0
320.0
248.0
225.0
219.845
184.0
192.0
185.0
190.0
183.0
184.0
190.0
304.0
570.0
827.0
846.0
928.0
821.0
875.0
857.0
849.0
828.0
689.0
464.0
367.0
297.0
246.0
225.0
219.845
187.0
198.0
184.0
192.0
190.0
178.0
223.0
286.0
556.0
829.0
832.0
872.0
806.0
862.31
830.0
818.0
799.0
665.0
450.0
346.0
276.0
239.0
233.0
219.845
201.0
185.0
192.0
192.0
202.0
183.0
212.0
303.0
233.115
234.615
233.615
223.5
225.12
243.08
218.5
196.0
197.0
206.0
181.5
189.0
181.0
175.5
160.89999999999995
166.52
156.52
165.52
166.52
160.0
164.0
179.0
272.0
469.0
727.0
786.0
798.0
717.0
768.0
765.0
746.0
745.0
610.0
455.0
343.0
317.0
237.0
225.0
180.94
206.0
193.0
181.0
181.0
190.0
183.0
175.0
307.0
510.0
730.0
796.0
806.0
747.0
759.0
766.0
766.0
768.0
620.0
424.0
357.0
253.0
214.0
194.0
180.94
197.0
164.0
178.0
165.0
176.0
177.0
171.0
305.0
516.0
732.0
780.0
823.0
713.0
774.0
761.0
762.0
742.0
611.0
420.0
325.52
296.52
262.0
200.0
180.94
186.0
181.0
173.0
176.0
165.0
190.0
171.0
303.0
508.0
745.0
789.0
841.0
726.0
797.0
761.0
757.0
773.0
645.0
433.0
326.0
274.0
242.0
203.0
175.88
182.0
173.0
195.0
166.0
175.0
175.0
184.0
283.0
502.0
749.0
740.0
793.0
697.0
739.0
713.0
721.0
700.0
577.0
399.0
312.0
272.0
229.0
226.0
170.39999999999995
159.14
172.0
170.5
159.5
169.5
164.26
146.76
177.5
156.84
253.23
250.23
253.23
223.5
243.24
263.16
218.5
239.0
210.0
211.0
186.0
185.0
188.0
175.5
160.89999999999995
154.28
172.0
175.0
162.0
162.0
173.0
153.0
181.0
156.0
205.0
217.0
210.0
241.0
215.0
213.0
221.0
232.0
213.0
208.0
189.0
193.0
176.0
178.0
160.89999999999995
160.24
168.0
160.0
171.0
175.0
164.0
172.0
273.0
470.0
757.0
742.0
777.0
708.0
756.0
762.0
765.0
758.0
648.0
462.0
351.0
287.0
251.0
224.0
170.39999999999995
188.0
159.0
171.0
172.0
161.0
165.0
177.0
283.0
505.0
761.0
785.0
791.0
689.0
781.0
771.0
769.0
757.0
623.0
447.0
334.0
281.0
218.0
224.0
170.39999999999995
175.0
183.0
159.0
176.0
188.0
166.0
198.0
281.0
529.0
768.0
778.0
830.0
721.0
797.0
784.0
778.0
755.0
644.0
397.0
352.0
286.0
249.0
215.0
170.39999999999995
187.0
165.0
183.0
166.0
178.0
171.0
186.0
280.0
523.0
740.0
764.0
810.0
725.0
758.0
768.0
765.0
751.0
650.0
423.0
310.0
266.0
232.0
214.0
170.39999999999995
193.0
176.0
187.0
174.0
166.0
176.0
186.0
277.0
519.0
745.0
750.0
794.0
723.0
745.0
618.0
612.0
623.0
533.0
389.0
354.0
297.0
229.0
214.0
170.39999999999995
189.0
187.0
188.0
188.0
179.0
195.0
172.0
195.0
205.0
261.0
263.0
281.0
247.0
283.0
274.0
273.0
264.0
241.0
194.0
209.0
205.0
217.0
183.0
160.89999999999995
194.0
191.0
186.0
188.0
178.0
186.0
192.0
181.0
186.0
246.0
257.0
262.0
250.0
261.0
270.0
248.0
291.0
231.0
213.0
202.0
179.0
198.0
187.0
160.89999999999995
177.0
187.0
176.0
200.0
178.0
176.0
195.0
255.0
432.0
603.0
778.0
815.0
753.0
790.0
791.0
782.0
778.0
666.0
426.0
353.0
303.0
240.0
208.0
170.39999999999995
180.0
164.0
178.0
162.0
166.0
182.0
168.0
280.0
527.0
787.0
790.0
840.0
727.0
790.0
789.0
769.0
756.0
629.0
445.0
367.0
332.0
263.0
222.0
170.39999999999995
173.0
178.0
160.0
190.0
159.0
146.0
209.0
273.0
510.0
763.0
786.0
821.0
720.0
775.0
759.0
755.0
755.0
637.0
420.0
356.0
318.0
255.0
260.0
170.39999999999995
178.0
167.0
175.0
170.0
174.0
156.0
187.0
266.0
508.0
771.0
745.0
816.0
713.0
772.0
765.0
740.0
750.0
611.0
437.0
387.0
316.0
272.0
219.0
170.39999999999995
184.0
177.0
186.0
173.0
170.0
179.0
178.0
267.0
478.0
748.0
776.0
801.0
699.0
758.0
731.0
737.0
701.0
602.0
419.0
358.0
285.0
245.0
214.0
170.39999999999995
180.0
179.0
164.0
167.0
182.0
153.0
171.0
167.0
167.0
209.0
203.0
217.0
199.0
211.0
222.0
213.0
213.0
207.0
193.0
189.0
178.0
194.0
177.0
158.89
182.0
158.0
172.0
168.0
161.0
177.0
165.0
155.0
157.0
196.0
201.0
191.0
216.0
182.0
192.0
207.0
202.0
191.0
189.0
189.0
173.0
186.5
181.0
161.87
180.5
155.5
160.0
181.0
170.0
158.0
168.0
172.0
171.0
192.0
216.0
247.0
249.0
228.0
210.0
223.0
216.0
207.0
189.0
192.0
202.0
179.0
185.0
166.88
187.5
186.5
181.0
173.0
180.5
183.5
172.5
284.32
471.32
675.32
685.32
804.0
711.0
786.0
780.0
768.0
772.0
650.0
490.0
338.0
281.0
268.0
227.0
170.39999999999995
191.0
196.0
176.0
176.0
191.0
183.5
167.0
293.0
510.0
755.0
775.0
819.0
718.0
766.0
751.0
786.0
763.0
657.0
446.0
357.0
296.0
250.0
222.0
170.39999999999995
184.0
190.0
164.0
187.0
155.0
183.5
190.0
281.0
508.0
793.0
799.0
849.0
749.0
810.0
813.0
807.0
783.0
662.0
462.0
349.0
294.0
268.0
252.0
170.39999999999995
203.0
193.0
189.0
195.0
189.0
188.0
193.0
281.0
514.0
796.0
796.0
887.0
773.0
806.0
817.0
815.0
787.0
667.0
441.0
340.0
272.0
182.0
183.0
164.92
179.0
153.0
161.0
154.0
149.0
149.0
168.0
152.0
176.0
190.0
196.0
216.0
184.0
220.0
196.0
200.0
207.0
190.0
185.0
188.0
175.0
154.0
164.0
155.93
151.0
156.0
162.0
158.0
150.0
144.0
165.0
133.0
154.0
178.0
172.0
197.0
174.0
200.0
188.0
186.0
212.0
164.0
201.0
184.0
166.0
164.0
149.0
160.385
137.0
156.0
158.0
152.0
153.0
154.0
162.0
259.0
477.0
782.0
821.0
870.0
753.0
828.0
808.0
809.0
796.0
674.0
435.0
374.0
317.0
256.0
232.0
193.96
183.0
200.0
172.0
166.0
192.0
168.0
192.0
305.0
497.0
793.0
807.0
834.0
741.0
809.0
790.0
829.0
773.0
650.0
430.0
362.0
291.0
254.0
212.0
193.96
174.0
189.0
171.0
176.0
181.0
167.0
184.0
284.0
494.0
765.0
775.0
831.0
736.0
777.0
777.0
781.0
783.0
632.0
378.0
299.0
265.0
231.0
233.0
193.96
180.0
192.0
168.0
176.0
178.5
162.64
183.5
284.36
498.36
767.0
776.6
830.6
708.6
774.6
773.6
773.0
742.52
651.52
425.0
364.0
278.0
257.0
207.0
193.96
187.0
196.0
176.0
186.0
176.0
189.0
183.0
298.0
541.0
772.0
771.0
820.0
712.0
788.0
784.0
742.0
743.0
629.0
388.0
291.0
272.0
229.0
212.0
193.96
176.0
174.0
165.0
175.0
176.0
164.0
162.0
164.0
159.0
192.5
203.0
199.0
200.0
209.5
208.5
204.5
210.5
187.0
197.0
185.0
187.0
174.0
166.0
160.385
168.9
181.0
175.0
154.0
171.0
165.0
159.52
173.5
164.0
207.0
234.0
201.0
226.0
219.0
229.0
223.0
209.0
210.0
193.0
186.0
187.0
174.0
182.0
160.385
152.0
184.0
160.0
162.0
180.0
150.0
184.0
271.0
498.52
771.52
757.0
812.0
723.0
784.0
765.0
760.0
770.0
645.52
399.52
343.0
291.0
249.0
229.0
193.96
158.5
177.0
175.0
165.0
174.0
162.0
199.0
255.0
499.0
737.0
734.0
788.0
671.32
743.32
729.32
747.0
721.0
628.0
442.48
352.48
273.48
245.5
217.0
193.96
158.5
188.0
180.0
168.0
190.0
180.0
190.0
284.0
480.52
742.52
749.52
803.52
699.52
767.52
739.0
746.0
734.0
617.0
429.0
350.0
265.0
242.0
204.0
193.96
158.5
185.5
180.0
168.0
192.0
174.0
196.5
282.48
431.48
647.48
682.84
822.0
706.0
783.0
770.0
779.0
762.0
651.0
482.0
386.0
320.0
255.0
223.0
193.96
158.5
183.0
185.0
171.0
194.0
168.0
203.0
283.0
520.0
745.0
789.0
816.04
734.04
773.0
765.0
779.0
740.0
636.0
429.0
330.0
276.0
227.0
197.0
193.96
168.9
177.0
172.0
173.0
177.0
166.0
165.0
183.0
204.0
279.0
281.0
284.0
260.0
266.0
289.0
278.0
267.0
249.0
223.0
207.0
200.0
194.0
192.0
164.84
168.9
207.0
190.0
185.0
188.0
175.0
154.0
164.0
155.93
151.0
156.0
162.0
158.0
150.0
144.0
165.0
133.0
154.0
178.0
172.0
197.0
174.0
200.0
188.0
186.0
212.0
164.0
201.0
184.0
166.0
164.0
149.0
160.385
137.0
156.0
158.0
152.0
153.0
154.0
162.0
259.0
477.0
782.0
821.0
870.0
753.0
828.0
808.0
809.0
796.0
674.0
435.0
374.0
317.0
256.0
232.0
193.96
183.0
200.0
172.0
166.0
192.0
168.0
192.0
305.0
497.0
793.0
807.0
834.0
741.0
809.0
790.0
829.0
773.0
650.0
430.0
362.0
291.0
254.0
212.0
193.96
174.0
189.0
171.0
176.0
181.0
167.0
184.0
284.0
494.0
765.0
775.0
831.0
736.0
777.0
777.0
781.0
783.0
632.0
378.0
299.0
265.0
231.0
233.0
193.96
180.0
192.0
168.0
176.0
178.5
162.64
183.5
284.36
498.36
767.0
776.6
830.6
708.6
774.6
773.6
773.0
742.52
651.52
425.0
364.0
278.0
257.0
207.0
193.96
187.0
196.0
176.0
186.0
176.0
189.0
183.0
298.0
541.0
772.0
771.0
820.0
712.0
788.0
784.0
742.0
743.0
629.0
388.0
291.0
272.0
229.0
212.0
193.96
176.0
174.0
165.0
175.0
176.0
164.0
162.0
164.0
159.0
192.5
203.0
199.0
200.0
209.5
208.5
204.5
210.5
187.0
197.0
185.0
187.0
174.0
166.0
160.385
168.9
181.0
175.0
154.0
171.0
165.0
159.52
173.5
164.0
207.0
234.0
201.0
226.0
219.0
229.0
223.0
209.0
210.0
193.0
186.0
187.0
174.0
182.0
160.385
152.0
184.0
160.0
162.0
180.0
150.0
184.0
271.0
498.52
771.52
757.0
812.0
723.0
784.0
765.0
760.0
770.0
645.52
399.52
343.0
291.0
249.0
229.0
193.96
158.5
177.0
175.0
165.0
174.0
162.0
199.0
255.0
499.0
737.0
734.0
788.0
671.32
743.32
729.32
747.0
721.0
628.0
442.48
352.48
273.48
245.5
217.0
193.96
158.5
188.0
180.0
168.0
190.0
180.0
190.0
284.0
480.52
742.52
749.52
803.52
699.52
767.52
739.0
746.0
734.0
617.0
429.0
350.0
265.0
242.0
204.0
193.96
158.5
185.5
180.0
168.0
192.0
174.0
196.5
282.48
431.48
647.48
682.84
822.0
706.0
783.0
770.0
779.0
762.0
651.0
482.0
386.0
320.0
255.0
223.0
193.96
158.5
183.0
185.0
171.0
194.0
168.0
203.0
283.0
520.0
745.0
789.0
816.04
734.04
773.0
765.0
779.0
740.0
636.0
429.0
330.0
276.0
227.0
197.0
193.96
168.9
177.0
172.0
173.0
177.0
166.0
165.0
183.0
204.0
279.0
281.0
284.0
260.0
266.0
289.0
278.0
267.0
249.0
223.0
207.0
200.0
194.0
192.0
164.84
168.9
196.0
164.0
196.0
160.0
162.0
156.0
177.0
195.0
256.0
256.0
246.0
232.0
260.0
260.0
263.0
268.0
205.0
205.0
211.0
184.0
202.0
170.0
172.425
165.0
176.0
185.0
168.0
174.0
173.0
181.0
275.0
484.0
777.0
796.56
848.56
736.0
805.0
784.0
776.0
791.0
661.0
459.0
373.0
290.0
247.0
214.0
193.96
179.0
196.0
185.0
186.0
184.0
184.0
200.0
297.0
509.52
775.52
771.6
816.6
727.6
782.6
767.6
765.52
743.52
653.52
501.52
376.52
288.52
251.52
210.5
193.96
171.45
187.0
175.5
194.0
200.0
184.0
195.0
300.6
522.6
760.6
792.6
848.0
746.0
793.0
785.0
806.0
780.0
646.0
408.0
303.0
272.0
244.0
207.0
193.96
171.45
178.0
166.0
194.0
172.0
165.0
190.0
277.0
529.0
774.0
790.0
856.0
746.0
813.0
812.0
810.0
795.0
686.0
449.0
349.0
311.0
277.0
227.0
193.96
171.45
203.0
193.0
202.0
193.0
157.0
191.5
303.0
529.0
814.0
808.24
851.6
734.6
799.6
796.0
791.0
766.0
636.96
369.16
313.16
274.64
268.58000000000004
218.0
193.96
161.8
187.5
167.24
188.0
164.0
172.5
153.0
166.5
187.0
218.5
236.0
263.0
220.5
271.8
239.5
250.8
264.8
225.0
211.0
186.0
203.0
187.0
178.0
172.425
157.4
179.0
175.0
188.0
168.0
183.0
150.0
156.0
179.0
181.0
216.0
205.0
209.0
221.0
219.0
204.0
213.0
195.0
195.0
210.0
192.0
187.0
178.0
180.01
163.9
193.0
169.98
175.98
165.99
149.0
193.0
283.0
502.0
764.0
783.0
862.0
766.0
794.0
807.0
786.0
767.16
639.16
445.16
375.16
328.16
260.16
222.0
193.96
164.95
183.0
184.0
184.0
179.0
180.0
187.0
288.0
519.0
796.0
776.0
840.0
769.0
787.0
813.0
788.0
766.0
671.0
474.0
367.0
300.0
263.0
226.0
193.96
164.95
180.0
202.0
167.0
197.0
189.0
201.0
298.0
526.0
784.0
786.0
876.0
734.0
797.0
813.0
785.0
795.0
660.0
456.0
316.0
296.0
251.0
230.0
223.0
164.95
201.0
185.0
202.0
190.0
186.0
214.0
290.0
524.0
775.0
809.0
850.0
747.0
815.0
812.68
799.68
785.68
688.0
475.52
352.52
284.0
238.0
222.5
246.315
164.95
193.0
176.0
190.5
182.5
175.5
199.0
304.88
527.0
778.0
786.0
861.0
738.0
819.0
803.0
793.0
774.0
669.0
385.0
300.0
250.0
225.0
215.0
246.315
157.4
187.0
175.0
180.0
182.0
175.0
160.0
172.0
216.0
285.0
302.0
280.0
251.0
288.0
283.0
283.0
288.0
243.0
197.0
186.0
195.0
175.0
176.0
179.95499999999996
157.4
166.0
162.0
175.0
167.0
167.0
168.0
160.0
197.0
270.52
264.52
267.0
260.0
264.0
251.0
254.0
256.0
226.0
197.0
189.0
198.0
172.0
179.0
179.9
166.0
185.0
167.0
179.0
175.0
165.0
184.0
297.0
488.0
811.0
822.0
889.0
776.0
809.0
834.0
798.0
809.0
673.0
428.0
351.0
295.0
259.0
231.0
246.315
416.92
414.92
412.92
413.92
408.92
415.92
426.92
455.92
516.92
554.92
546.92
594.92
590.92
545.92
539.92
544.92
788.0
673.0
416.16
402.16
289.0
259.0
242.0
246.315
217.0
184.0
196.0
204.0
186.0
200.0
200.0
308.0
512.0
775.0
801.0
851.0
776.0
813.0
775.0
765.0
745.0
568.0
372.0
275.0
236.0
185.0
185.0
246.315
153.0
158.0
171.0
154.0
154.0
161.0
154.0
148.0
162.0
179.0
168.0
213.0
187.0
167.0
152.0
151.0
170.0
144.0
152.0
178.0
152.0
148.0
171.0
149.9
152.0
158.0
148.0
160.0
159.0
146.0
143.0
155.0
155.0
160.0
230.0
241.0
245.0
196.0
185.0
208.0
179.0
167.0
179.0
172.5
168.0
161.0
157.0
162.9
150.0
157.0
162.0
141.0
164.0
151.0
144.0
142.0
160.0
192.0
193.0
199.0
181.0
192.0
205.0
208.0
185.0
175.0
173.0
167.0
168.0
166.0
153.0
155.85
171.0
152.0
145.0
164.0
159.0
159.0
190.0
286.0
511.0
780.0
774.0
775.0
704.0
769.0
759.0
765.0
750.0
628.0
475.0
335.0
280.0
230.0
204.0
246.315
182.0
183.0
176.0
180.04
179.0
168.0
199.0
306.0
531.0
810.0
833.0
872.0
798.0
832.0
831.0
839.0
804.0
688.0
445.0
340.04
322.04
245.0
231.0
246.315
194.0
192.0
192.0
184.0
199.0
177.0
214.0
282.0
491.0
812.0
832.56
898.56
791.56
831.56
825.8
812.16
802.32
683.08
567.08
415.56
356.56
253.32
227.0
246.315
190.0
189.0
196.5
181.0
196.5
176.5
206.0
310.28
530.28
807.28
838.28
907.04
808.04
865.04
840.04
832.04
799.04
696.0
424.0
323.0
291.0
240.0
224.0
246.315
197.5
189.0
196.5
181.0
196.5
176.0
198.0
285.0
526.0
806.0
822.0
882.0
783.0
827.24
826.24
808.24
798.24
691.04
488.04
359.0
318.0
260.0
238.0
246.315
205.0
186.0
201.0
178.0
194.0
177.0
209.0
278.0
527.0
824.0
835.0
904.0
818.32
859.32
838.32
855.0
813.0
712.0
484.32
369.32
284.32
227.0
215.0
246.315
173.5
164.5
169.5
165.0
171.0
158.0
155.01999999999995
154.0
274.0
242.0
203.0
175.88
182.0
173.0
195.0
166.0
175.0
175.0
184.0
283.0
502.0
749.0
740.0
793.0
697.0
739.0
713.0
721.0
700.0
577.0
399.0
312.0
272.0
229.0
226.0
170.39999999999995
159.14
172.0
170.5
159.5
169.5
164.26
146.76
177.5
156.84
253.23
250.23
253.23
223.5
243.24
263.16
218.5
239.0
210.0
211.0
186.0
185.0
188.0
175.5
160.89999999999995
154.28
172.0
175.0
162.0
162.0
173.0
153.0
181.0
156.0
205.0
217.0
210.0
241.0
215.0
213.0
221.0
232.0
213.0
208.0
189.0
193.0
176.0
178.0
160.89999999999995
160.24
168.0
160.0
171.0
175.0
164.0
172.0
273.0
470.0
757.0
742.0
777.0
708.0
756.0
762.0
765.0
758.0
648.0
462.0
351.0
287.0
251.0
224.0
170.39999999999995
188.0
159.0
171.0
172.0
161.0
165.0
177.0
283.0
505.0
761.0
785.0
791.0
689.0
781.0
771.0
769.0
757.0
623.0
447.0
334.0
281.0
218.0
224.0
170.39999999999995
175.0
183.0
159.0
176.0
188.0
166.0
198.0
281.0
529.0
768.0
778.0
830.0
721.0
797.0
784.0
778.0
755.0
644.0
397.0
352.0
286.0
249.0
215.0
170.39999999999995
187.0
165.0
183.0
166.0
178.0
171.0
186.0
280.0
523.0
740.0
764.0
810.0
725.0
758.0
768.0
765.0
751.0
650.0
423.0
310.0
266.0
232.0
214.0
170.39999999999995
193.0
176.0
187.0
174.0
166.0
176.0
186.0
277.0
519.0
745.0
750.0
794.0
723.0
745.0
618.0
612.0
623.0
533.0
389.0
354.0
297.0
229.0
214.0
170.39999999999995
189.0
187.0
188.0
188.0
179.0
195.0
172.0
195.0
205.0
261.0
263.0
281.0
247.0
283.0
274.0
273.0
264.0
241.0
194.0
209.0
205.0
217.0
183.0
160.89999999999995
194.0
191.0
186.0
188.0
178.0
186.0
192.0
181.0
186.0
246.0
257.0
262.0
250.0
261.0
270.0
248.0
291.0
231.0
213.0
202.0
179.0
198.0
187.0
160.89999999999995
177.0
187.0
176.0
200.0
178.0
176.0
195.0
255.0
432.0
603.0
778.0
815.0
753.0
790.0
791.0
782.0
778.0
666.0
426.0
353.0
303.0
240.0
208.0
170.39999999999995
180.0
164.0
178.0
162.0
166.0
182.0
168.0
280.0
527.0
787.0
790.0
840.0
727.0
790.0
789.0
769.0
756.0
629.0
445.0
367.0
332.0
263.0
222.0
170.39999999999995
173.0
178.0
160.0
190.0
159.0
146.0
209.0
273.0
510.0
763.0
786.0
821.0
720.0
775.0
759.0
755.0
755.0
637.0
420.0
356.0
318.0
255.0
260.0
170.39999999999995
178.0
167.0
175.0
170.0
174.0
156.0
187.0
266.0
508.0
771.0
745.0
816.0
713.0
772.0
765.0
740.0
750.0
611.0
437.0
387.0
316.0
272.0
219.0
170.39999999999995
184.0
177.0
186.0
173.0
170.0
179.0
178.0
267.0
478.0
748.0
776.0
801.0
699.0
758.0
731.0
737.0
701.0
602.0
419.0
358.0
285.0
245.0
214.0
170.39999999999995
180.0
179.0
164.0
167.0
182.0
153.0
171.0
167.0
167.0
209.0
203.0
217.0
199.0
211.0
222.0
213.0
213.0
207.0
193.0
189.0
178.0
194.0
177.0
158.89
182.0
158.0
172.0
168.0
161.0
177.0
165.0
155.0
157.0
196.0
201.0
191.0
216.0
182.0
192.0
207.0
202.0
191.0
189.0
189.0
173.0
186.5
181.0
161.87
180.5
155.5
160.0
181.0
170.0
158.0
168.0
172.0
171.0
192.0
216.0
247.0
249.0
228.0
210.0
223.0
216.0
207.0
189.0
192.0
202.0
179.0
185.0
166.88
187.5
186.5
181.0
173.0
180.5
183.5
172.5
284.32
471.32
675.32
685.32
804.0
711.0
786.0
780.0
768.0
772.0
650.0
490.0
338.0
281.0
268.0
227.0
170.39999999999995
191.0
196.0
176.0
176.0
191.0
183.5
167.0
293.0
510.0
755.0
775.0
819.0
718.0
766.0
751.0
786.0
763.0
657.0
446.0
357.0
296.0
250.0
222.0
170.39999999999995
184.0
190.0
164.0
187.0
155.0
183.5
190.0
281.0
508.0
793.0
799.0
849.0
749.0
810.0
813.0
807.0
783.0
662.0
462.0
349.0
294.0
268.0
252.0
170.39999999999995
203.0
193.0
189.0
195.0
189.0
188.0
193.0
281.0
514.0
796.0
796.0
887.0
773.0
806.0
817.0
815.0
787.0
667.0
441.0
340.0
272.0
182.0
183.0
164.92
179.0
153.0
161.0
154.0
149.0
149.0
168.0
152.0
176.0
190.0
196.0
216.0
184.0
220.0
196.0
200.0
207.0
190.0
185.0
188.0
175.0
154.0
164.0
155.93
151.0
156.0
162.0
158.0
150.0
144.0
165.0
133.0
154.0
178.0
172.0
197.0
174.0
200.0
188.0
186.0
212.0
164.0
201.0
184.0
166.0
164.0
149.0
160.385
137.0
156.0
158.0
152.0
153.0
154.0
162.0
259.0
477.0
782.0
821.0
870.0
753.0
828.0
808.0
809.0
796.0
674.0
435.0
374.0
317.0
256.0
232.0
193.96
183.0
200.0
172.0
166.0
192.0
168.0
192.0
305.0
497.0
793.0
807.0
834.0
741.0
809.0
790.0
829.0
773.0
650.0
430.0
362.0
291.0
254.0
212.0
193.96
174.0
189.0
171.0
176.0
181.0
167.0
184.0
284.0
494.0
765.0
775.0
831.0
736.0
777.0
777.0
781.0
783.0
632.0
378.0
299.0
265.0
231.0
233.0
193.96
180.0
192.0
168.0
176.0
178.5
162.64
183.5
284.36
498.36
767.0
776.6
830.6
708.6
774.6
773.6
773.0
742.52
651.52
425.0
364.0
278.0
257.0
207.0
193.96
187.0
196.0
176.0
186.0
176.0
189.0
183.0
298.0
541.0
772.0
771.0
820.0
712.0
788.0
784.0
742.0
743.0
629.0
388.0
291.0
272.0
229.0
212.0
193.96
176.0
174.0
165.0
175.0
176.0
164.0
162.0
164.0
159.0
192.5
203.0
199.0
200.0
209.5
208.5
204.5
210.5
187.0
197.0
185.0
187.0
174.0
166.0
160.385
168.9
181.0
175.0
154.0
171.0
165.0
159.52
173.5
164.0
207.0
234.0
201.0
226.0
219.0
229.0
223.0
209.0
210.0
193.0
186.0
187.0
174.0
182.0
160.385
152.0
184.0
160.0
162.0
180.0
150.0
184.0
271.0
498.52
771.52
757.0
812.0
723.0
784.0
765.0
760.0
770.0
645.52
399.52
343.0
291.0
249.0
229.0
193.96
158.5
177.0
175.0
165.0
174.0
162.0
199.0
255.0
499.0
737.0
734.0
788.0
671.32
743.32
729.32
747.0
721.0
628.0
442.48
352.48
273.48
245.5
217.0
193.96
158.5
188.0
180.0
168.0
190.0
180.0
190.0
284.0
480.52
742.52
749.52
803.52
699.52
767.52
739.0
746.0
734.0
617.0
429.0
350.0
265.0
242.0
204.0
193.96
158.5
185.5
180.0
168.0
192.0
174.0
196.5
282.48
431.48
647.48
682.84
822.0
706.0
783.0
770.0
779.0
762.0
651.0
482.0
386.0
320.0
255.0
223.0
193.96
158.5
183.0
185.0
171.0
194.0
168.0
203.0
283.0
520.0
745.0
789.0
816.04
734.04
773.0
765.0
779.0
740.0
636.0
429.0
330.0
276.0
227.0
197.0
193.96
168.9
177.0
172.0
173.0
177.0
166.0
165.0
183.0
204.0
279.0
281.0
284.0
260.0
266.0
289.0
278.0
267.0
249.0
223.0
207.0
200.0
194.0
192.0
164.84
168.9
196.0
164.0
196.0
160.0
162.0
156.0
177.0
195.0
256.0
256.0
246.0
232.0
260.0
260.0
263.0
268.0
205.0
205.0
211.0
184.0
202.0
170.0
172.425
165.0
176.0
185.0
168.0
174.0
173.0
181.0
275.0
484.0
777.0
796.56
848.56
736.0
805.0
784.0
776.0
791.0
661.0
459.0
373.0
290.0
247.0
214.0
193.96
179.0
196.0
185.0
186.0
184.0
184.0
200.0
297.0
509.52
775.52
771.6
816.6
727.6
782.6
767.6
765.52
743.52
653.52
501.52
376.52
288.52
251.52
210.5
193.96
171.45
187.0
175.5
194.0
200.0
184.0
195.0
300.6
522.6
760.6
792.6
848.0
746.0
793.0
785.0
806.0
780.0
646.0
408.0
303.0
272.0
244.0
207.0
193.96
171.45
178.0
166.0
194.0
172.0
165.0
190.0
277.0
529.0
774.0
790.0
856.0
205.0
208.94
213.0
200.0
209.0
212.0
201.5
210.0
196.0
367.0
623.0
943.0
984.0
1033.0
943.0
987.0
993.0
958.0
963.0
839.0
538.0
426.0
334.0
263.0
226.0
224.43
217.0
200.0
200.0
210.0
203.0
206.0
211.0
358.0
630.0
944.0
973.0
1030.0
944.0
993.0
986.0
956.0
960.0
807.0
563.0
449.0
327.0
284.0
252.0
224.43
224.0
207.0
196.0
226.0
202.0
203.0
225.0
360.0
647.0
933.0
954.0
1032.56
934.56
990.0
969.0
961.0
933.0
838.0
531.0
427.0
350.0
293.0
257.0
224.43
236.0
200.0
218.0
229.0
207.0
222.0
236.0
367.0
649.0
943.0
999.0
1041.0
942.0
962.0
957.0
927.0
949.0
786.0
564.0
457.0
362.0
272.0
249.0
224.43
215.0
207.0
207.0
211.0
202.0
213.0
206.0
369.0
650.0
925.0
978.0
1015.0
927.0
953.0
925.0
910.0
850.0
658.0
433.0
378.0
304.0
258.0
235.0
224.43
206.0
218.0
215.0
203.0
216.0
199.0
208.0
203.0
230.0
310.0
315.0
333.0
289.0
340.0
341.0
331.0
349.0
326.0
285.0
277.0
244.0
231.0
196.0
208.94
194.0
210.0
223.0
194.0
225.0
197.0
198.0
210.0
211.0
245.0
264.0
283.0
278.0
265.0
268.0
280.0
263.0
257.0
270.0
261.0
230.0
225.0
218.0
208.94
215.0
204.0
208.0
201.0
213.0
202.0
229.0
369.0
625.0
966.0
1004.0
1026.0
949.0
1001.0
956.0
970.0
945.0
826.0
594.0
445.0
364.0
294.0
236.0
224.43
228.0
213.0
221.0
219.0
213.0
214.0
240.0
381.0
638.0
945.0
950.0
994.0
910.0
988.0
992.0
971.0
946.0
825.0
556.0
466.0
388.0
293.0
273.0
224.43
224.0
235.0
202.0
229.0
200.0
222.0
235.0
383.0
620.0
939.0
965.0
1012.0
911.0
986.0
964.0
961.0
939.0
808.0
523.0
409.0
347.0
319.0
282.0
224.43
245.0
234.0
207.0
225.0
226.0
234.0
236.0
421.04
629.04
941.0
980.0
1030.0
940.0
921.0
950.0
933.0
916.0
764.0
600.0
486.0
381.0
305.0
242.0
224.43
207.0
218.0
212.0
221.0
207.0
199.0
239.0
388.0
640.0
948.0
944.0
989.0
887.0
938.0
932.0
921.0
899.0
737.0
496.0
401.0
353.0
268.0
229.0
224.43
216.0
204.0
218.0
214.0
197.0
216.0
204.0
198.0
266.0
339.56
361.56
362.0
323.0
342.0
357.0
354.0
358.0
327.0
264.0
243.0
237.0
234.0
220.0
208.94
215.0
213.0
219.0
208.0
213.0
192.0
217.0
201.0
242.0
341.0
330.0
378.0
324.0
352.0
366.0
345.0
355.0
361.0
280.0
252.0
227.0
202.0
173.0
208.94
176.0
178.0
211.0
212.0
171.0
188.0
193.0
352.0
545.0
960.0
1004.0
1040.0
926.0
975.0
973.0
982.0
965.0
856.0
619.0
463.0
315.0
261.0
250.0
224.43
201.0
207.0
210.0
203.0
205.0
202.0
229.0
372.0
654.0
879.0
975.0
997.0
920.0
937.0
930.0
925.0
904.0
742.0
486.0
422.0
342.0
269.0
236.0
224.43
202.0
205.0
208.0
202.0
207.0
198.0
229.0
349.0
657.0
946.0
999.0
1030.0
908.0
966.0
971.0
955.0
949.0
785.0
526.0
407.0
337.0
267.0
221.0
224.43
200.0
213.0
203.0
203.0
220.0
205.0
233.0
347.0
639.0
917.0
982.0
1005.0
899.0
958.0
921.0
938.0
907.0
759.0
470.0
376.0
340.0
299.0
245.0
224.43
223.0
231.0
222.0
204.0
233.0
217.0
225.0
387.0
625.0
941.0
877.0
866.0
825.0
831.0
821.0
805.0
781.0
631.0
493.0
396.0
276.0
251.0
247.0
224.43
227.0
215.0
220.0
202.0
213.0
214.0
207.0
207.0
296.0
393.0
394.0
405.0
354.0
392.0
400.0
402.0
374.0
337.0
246.0
230.0
224.0
214.0
201.0
208.94
183.0
199.0
178.0
186.0
174.0
186.0
172.0
195.0
224.0
329.56
345.56
347.0
338.0
344.0
323.0
322.0
335.0
269.0
241.0
238.0
221.0
213.0
210.0
208.94
206.0
190.0
196.0
196.0
204.0
196.0
232.0
343.0
717.0
849.0
869.0
918.0
859.0
872.0
872.0
858.0
851.0
706.0
480.0
352.0
301.0
277.0
235.0
224.43
203.0
184.0
196.0
188.0
202.0
190.0
209.0
373.0
565.0
829.0
839.0
879.0
842.0
836.0
799.0
824.0
766.0
650.0
448.0
325.0
291.0
266.0
235.0
224.43
235.0
221.0
227.0
209.0
236.0
209.0
249.0
368.0
586.0
766.0
790.0
835.0
799.0
798.0
784.0
781.0
737.0
570.0
414.0
323.0
289.0
258.0
261.0
224.43
220.0
208.0
228.0
205.0
218.0
226.0
218.0
377.0
557.0
739.04
753.04
763.0
738.0
704.0
670.0
682.0
649.0
534.0
376.0
293.0
232.0
217.0
230.0
224.43
205.0
195.0
217.0
197.0
218.0
188.0
216.0
327.0
492.0
612.0
657.0
659.0
656.0
645.0
608.0
578.0
561.0
469.0
332.0
283.0
200.0
192.0
183.0
224.43
189.0
177.0
206.0
189.0
196.0
185.0
189.0
291.0
388.0
502.0
489.0
469.0
449.0
371.0
302.0
218.0
194.0
164.0
172.0
162.0
168.0
167.0
156.0
224.43
161.0
160.0
161.0
170.0
161.0
161.0
152.0
161.0
142.0
150.0
150.0
146.0
164.0
148.0
153.0
152.0
150.0
143.0
180.0
161.0
173.0
159.0
155.0
208.94
144.56
160.56
161.0
170.0
162.0
158.0
152.0
151.0
136.6
148.6
155.0
164.0
153.0
147.0
154.0
141.0
161.0
158.0
172.0
150.0
168.0
167.0
147.0
158.83
175.0
149.0
165.0
160.0
157.0
166.0
148.0
141.0
158.0
155.0
139.0
148.0
160.0
164.0
155.04
152.04
157.0
168.0
158.0
166.0
152.0
181.0
155.0
161.81
149.0
181.0
156.0
150.0
170.0
167.0
143.0
153.0
149.0
180.0
143.0
159.0
154.0
168.0
156.0
154.0
165.0
150.0
158.0
162.0
165.0
156.0
165.0
147.81
156.0
155.0
173.0
156.0
156.0
158.0
148.0
155.0
147.0
160.0
166.0
146.0
159.5
153.0
153.0
164.0
153.0
166.0
161.0
159.0
163.0
156.0
156.0
173.88
157.0
153.0
173.0
145.0
170.0
153.0
154.0
170.0
139.0
166.0
145.0
148.0
165.0
152.0
207.28
165.0
156.0
155.0
160.0
177.0
161.0
157.0
157.0
165.89
154.0
170.0
148.0
166.0
154.56
158.56
144.0
155.0
161.0
158.0
140.0
156.0
216.0
157.0
207.28
167.0
179.0
168.0
175.0
181.0
164.0
171.0
172.0
151.85
173.0
159.0
158.0
165.0
158.0
160.04
168.04
280.0
483.0
608.0
636.0
659.0
659.0
625.0
617.0
596.0
558.52
466.52
291.0
263.56
213.0
221.0
183.5
224.43
204.0
181.0
177.0
179.5
218.0
236.0
193.52
330.52
596.0
792.0
817.0
873.0
803.0
814.0
817.0
796.0
801.0
646.0
362.0
292.0
258.0
228.0
211.0
224.43
182.0
203.0
196.0
194.0
185.0
216.0
219.0
346.0
648.0
884.08
909.08
938.0
852.0
881.0
883.0
887.0
859.0
710.0
388.0
301.0
259.0
228.0
188.0
224.43
195.0
185.0
204.0
184.0
219.0
185.0
205.0
399.92
626.92
877.84
918.84
926.84
837.84
912.84
877.0
889.76
868.76
737.76
458.76
351.8
294.8
261.76
221.5
224.43
199.5
207.5
194.0
205.5
212.5
221.0
227.0
366.0
653.0
892.0
915.0
949.0
834.0
895.0
875.0
871.0
851.0
728.0
445.0
335.0
321.0
260.0
255.0
224.43
204.0
230.0
184.0
227.0
206.0
213.0
219.0
366.0
633.0
901.0
913.0
948.0
838.0
902.0
895.0
859.0
847.0
686.0
417.56
360.56
285.0
221.0
224.0
224.43
200.0
178.0
206.0
187.0
198.0
190.0
189.0
181.0
194.0
245.0
247.0
243.0
267.0
232.0
261.56
197.0
266.0
208.0
218.0
221.0
211.0
202.0
202.0
157.34
198.5
201.5
216.0
198.0
211.5
203.0
174.0
182.0
186.0
218.0
214.0
246.0
244.0
222.0
218.0
231.0
227.0
218.0
228.0
220.0
255.0
378.0
622.0
950.0
998.0
1057.52
956.52
1009.0
970.0
934.0
937.0
798.0
482.0
436.0
361.0
292.0
279.0
249.905
238.0
203.0
214.0
220.0
217.0
246.0
213.0
374.0
641.0
930.0
945.0
1039.12
939.0
954.0
983.0
935.0
952.0
830.0
578.0
430.0
389.0
338.0
258.0
247.91
246.0
230.0
208.0
221.0
209.0
235.0
240.0
364.0
624.0
958.12
965.12
1018.0
972.0
950.0
941.0
980.0
923.0
812.0
498.0
432.0
361.0
325.0
246.0
251.385
207.0
242.0
204.0
204.0
209.0
188.0
221.0
245.0
228.0
260.0
286.0
284.0
251.0
315.0
276.0
300.0
288.0
257.0
257.0
246.0
238.0
225.0
218.0
176.915
221.0
233.0
198.0
186.0
212.0
199.0
190.0
216.0
223.0
208.0
217.0
292.0
268.0
241.0
220.0
217.0
242.0
231.0
211.0
228.0
241.0
221.0
215.0
176.915
202.0
199.0
211.0
215.0
199.0
188.0
215.0
345.0
691.0
965.0
1001.12
1021.64
952.0
991.0
996.0
972.08
951.0
810.0
552.12
459.0
407.0
335.0
268.0
251.385
219.5
222.5
215.5
228.5
205.5
191.0
243.28
399.28
653.28
910.28
951.28
1025.28
949.28
970.28
947.0
945.12
915.0
796.0
532.0
463.0
367.0
313.0
270.0
254.86
237.0
246.0
220.0
242.0
212.0
191.0
220.64
411.0
664.0
928.0
917.0
1003.12
922.0
949.0
933.0
936.08
900.0
745.0
453.0
401.0
298.0
288.0
222.0
258.545
204.0
211.0
205.0
192.0
216.0
213.0
190.0
222.0
201.0
226.0
214.0
295.0
280.0
224.0
259.0
234.0
223.0
238.0
204.0
242.0
211.0
212.0
184.0
176.915
211.0
188.0
183.0
199.0
194.0
170.0
193.0
187.0
241.0
251.0
216.0
324.0
309.0
253.0
232.0
228.0
261.0
225.5
213.0
216.0
209.0
190.0
195.0
176.915
199.0
199.0
226.0
185.0
199.0
185.0
181.0
195.0
204.0
213.0
219.0
237.0
218.0
224.0
234.0
231.0
249.0
213.0
222.0
213.0
223.0
205.0
198.0
176.915
208.0
204.0
197.0
196.0
199.0
194.0
198.0
365.0
667.0
905.0
947.0
1052.0
927.0
975.0
927.0
942.0
899.0
797.0
455.0
358.0
336.0
292.0
235.0
258.545
217.5
225.0
237.0
235.0
198.0
213.0
214.0
371.0
640.0
947.0
973.0
1051.0
960.24
1024.0
1002.0
978.0
978.0
872.12
642.0
518.0
365.12
311.0
275.0
262.23
217.5
227.0
236.0
254.0
220.0
238.0
221.0
412.04
626.04
928.0
1009.0
1055.0
948.0
995.0
986.0
987.0
942.0
793.0
640.12
445.0
369.0
313.0
262.0
243.27
217.5
226.0
221.0
242.0
201.0
235.0
262.0
359.0
629.0
938.0
978.0
1043.0
959.0
976.0
935.0
952.0
946.96
798.84
546.84
427.52
350.0
306.0
260.0
247.76
217.5
221.0
215.0
212.0
214.0
206.0
217.0
373.08
644.0
923.0
968.12
1028.28
932.28
972.28
940.28
911.0
895.0
808.12
516.0
411.0
342.0
300.0
245.0
252.25
217.5
214.0
217.0
213.0
231.0
242.0
215.0
378.0
629.0
873.0
896.0
989.0
881.0
877.0
947.0
863.0
875.0
786.0
495.0
388.0
352.0
273.0
241.0
251.115
203.0
201.0
215.0
195.0
205.5
192.0
189.0
196.5
222.0
228.0
223.0
249.0
240.0
223.0
237.0
254.0
222.0
225.0
233.0
216.0
219.0
216.0
206.0
176.915
207.0
203.0
204.0
205.0
212.0
199.0
197.0
198.0
200.0
210.0
236.0
249.0
244.0
235.0
239.0
220.0
252.0
220.0
235.0
245.0
220.5
207.0
215.0
176.915
227.0
207.0
217.0
221.0
197.0
193.0
200.0
401.56
596.56
882.0
961.0
1017.12
925.0
939.0
940.0
924.0
913.0
791.0
565.0
435.0
354.0
270.0
245.0
251.115
230.0
216.0
219.0
229.0
207.0
213.0
244.0
339.0
655.0
900.0
934.0
981.12
883.0
919.0
935.0
907.0
913.0
778.0
452.0
386.0
356.0
278.0
235.0
251.115
230.5
226.0
209.0
221.0
222.0
219.0
214.0
360.0
629.0
894.0
941.0
1003.0
910.0
939.32
924.32
918.4
873.56
779.56
487.56
407.08
340.2
288.08
253.5
251.115
230.5
208.0
204.5
233.0
218.0
221.5
210.0
378.16
649.16
909.92
946.0
1007.92
872.92
921.16
909.04
882.76
879.76
740.76
557.88
412.76
378.36
330.04
272.0
251.115
230.5
209.5
204.5
245.0
214.0
224.0
231.0
380.0
614.0
908.0
965.0
982.0
917.0
919.0
906.0
892.0
909.0
727.0
451.0
374.0
323.0
279.0
247.0
251.115
197.5
222.0
209.0
207.0
216.0
210.0
202.0
226.0
214.0
216.0
204.0
239.0
241.0
239.0
220.0
254.0
243.5
220.0
225.0
235.0
222.0
224.0
196.0
176.915
197.5
205.0
196.0
192.0
214.0
216.0
196.0
189.0
220.0
250.72
233.5
284.72
291.72
254.72
259.72
249.72
243.5
231.0
240.0
235.5
218.5
224.5
199.0
176.915
230.5
209.5
200.0
206.0
219.0
250.28
268.28
389.28
609.28
871.28
905.28
959.28
902.12
988.0
940.0
949.0
912.0
807.0
622.0
489.68
385.8
318.68
267.0
249.98
230.5
211.0
214.0
212.5
214.0
229.0
229.0
361.0
651.0
924.0
960.0
988.0
932.0
934.0
943.0
922.0
908.0
799.0
530.0
447.0
377.0
281.0
256.0
250.455
230.5
231.0
228.0
219.0
217.5
224.5
222.5
383.0
634.0
900.0
918.0
1009.0
898.12
952.0
947.0
961.0
927.12
788.0
572.0
450.0
357.0
276.0
235.0
250.93
231.0
211.0
227.0
206.0
221.0
220.0
216.0
363.0
631.0
913.0
935.0
1018.0
934.0
934.0
930.0
930.0
896.0
787.0
595.08
510.0
419.0
266.0
247.0
255.98
220.0
218.0
241.0
201.0
218.5
250.0
212.0
378.0
644.0
875.0
939.08
996.0
904.0
915.0
884.0
935.12
844.0
738.0
464.0
386.0
338.0
293.0
233.0
261.93
197.5
226.0
216.0
225.0
212.0
222.0
204.0
247.0
226.0
261.0
263.0
267.0
292.0
267.84
261.84
285.32
243.5
231.0
255.0
235.5
218.5
224.5
214.0
176.915
197.5
208.0
209.5
214.0
207.0
203.0
218.0
187.0
234.0
202.0
207.0
261.0
248.0
218.0
248.42
269.16
243.5
231.0
243.0
235.5
218.5
225.0
229.0
176.915
209.0
224.0
225.0
196.0
216.0
219.0
205.0
375.12
622.04
895.04
893.0
970.0
894.0
887.0
936.0
875.52
881.52
745.0
455.0
408.0
328.0
323.0
249.0
259.86
247.0
207.0
236.0
210.0
230.0
237.0
262.0
363.0
663.0
841.12
872.0
964.0
883.0
883.0
877.0
868.0
880.0
720.0
468.12
417.0
344.0
340.0
265.0
244.86
240.0
211.0
219.0
223.0
206.0
214.0
239.0
359.0
666.0
902.12
885.0
956.0
912.0
872.0
856.12
744.0
647.0
569.0
396.0
340.0
319.0
289.0
227.0
254.865
188.0
199.0
203.0
203.0
181.0
190.0
177.0
204.0
223.0
229.0
251.0
290.0
286.0
254.0
235.0
253.0
235.0
242.0
231.0
236.0
215.0
196.0
191.0
176.915
202.0
171.0
188.0
189.0
190.0
196.0
173.0
184.0
206.0
205.0
205.0
226.0
240.0
236.0
212.0
221.0
245.0
225.0
229.0
200.0
214.0
181.0
180.0
176.915
191.0
175.0
188.0
188.0
187.0
194.0
183.0
165.0
206.0
175.0
195.0
177.0
206.0
177.0
183.0
208.0
196.0
206.0
215.0
189.0
218.0
216.0
191.0
176.915
189.5
178.0
165.0
198.0
193.0
170.0
173.0
188.0
190.0
199.0
178.0
235.0
228.0
193.0
201.0
193.0
199.0
197.0
225.0
233.0
174.0
210.0
171.0
176.915
188.0
172.0
184.0
179.0
178.0
159.52
178.5
188.0
187.0
240.0
209.0
259.0
246.0
220.0
235.0
238.0
240.0
210.0
224.0
194.0
197.0
202.0
206.0
176.915
180.0
195.0
192.0
177.0
171.0
190.0
184.0
202.0
172.0
197.0
197.0
241.0
239.0
209.0
216.0
194.0
770.0
847.0
744.0
829.0
770.0
779.0
758.0
620.0
445.0
335.0
320.0
278.0
233.0
219.845
195.0
187.0
179.0
175.0
181.0
166.0
202.0
289.0
551.0
805.0
241.0
865.0
776.0
849.0
827.0
803.0
801.0
671.0
464.0
388.0
324.0
255.0
217.0
219.845
196.0
192.0
176.0
182.5
178.0
184.0
211.0
285.0
506.0
807.0
810.0
883.0
808.0
844.0
814.0
810.0
783.0
640.0
411.0
331.0
282.0
230.0
200.0
219.845
182.0
196.0
178.0
164.0
190.0
158.0
192.0
179.0
207.0
304.0
332.0
315.0
262.0
306.0
342.0
306.0
319.0
293.0
222.0
213.0
193.0
199.0
194.0
158.87
184.0
186.0
166.0
192.0
188.0
162.0
181.0
192.0
241.0
295.0
299.0
316.0
274.0
317.0
318.0
312.0
323.0
277.0
251.0
212.0
212.0
206.0
187.0
158.87
182.0
181.0
175.0
190.0
176.0
182.0
204.0
294.0
538.0
808.0
819.0
902.0
830.0
849.0
842.0
835.0
802.0
655.0
451.0
366.0
303.0
225.0
220.0
219.845
203.0
197.0
166.52
191.5
178.5
193.5
207.0
295.0
536.68
813.68
803.68
866.0
777.0
821.0
832.0
806.0
779.0
681.0
493.0
379.0
317.0
245.0
218.0
219.845
200.0
190.0
199.0
193.0
181.0
205.0
205.0
277.0
513.0
734.0
771.0
837.0
790.0
796.0
758.0
775.0
745.0
614.0
405.0
326.0
281.0
222.0
225.0
169.86
193.5
190.0
182.5
242.68
221.59
180.38
271.52
304.84
484.36
689.36
753.52
748.52
657.64
724.16
735.16
711.16
725.16
622.76
443.76
386.4
311.4
284.4
272.76
206.395
187.0
190.0
182.5
266.84000000000003
221.59
180.38
135.8
283.42
151.0
676.52
790.76
812.26
556.0
763.0
1011.0
702.0
779.0
624.0
357.0
259.0
241.0
203.0
241.38
206.395
359.52
150.52
164.18
263.0
175.0
241.0
157.0
164.0
202.0
252.0
255.0
261.0
223.0
246.0
248.0
254.0
238.0
214.0
205.0
198.0
185.0
188.0
168.0
158.87
263.3
158.76
162.36
217.0
175.0
203.0
159.36
159.0
178.5
221.0
213.5
242.5
237.0
211.0
225.5
221.5
216.0
190.5
189.5
188.0
173.0
178.0
174.5
158.87
173.0
192.0
166.0
266.84000000000003
221.59
155.76
205.99
262.0
524.0
795.0
828.0
876.0
779.0
829.0
364.0
721.5
793.0
651.0
444.0
333.0
286.0
228.0
210.0
206.395
220.09
202.0
212.1
291.0
221.59
140.0
205.99
285.6
951.0
805.0
759.0
831.0
284.0
769.0899999999998
790.0
741.0
777.0
634.0
430.0
328.0
288.0
249.0
203.0
206.395
267.18
264.18
258.2
260.18
262.18
257.18
276.18
309.2
512.18
698.18
719.18
722.18
614.2
709.18
700.18
584.18
454.18
494.2
660.18
263.18
348.0
227.0
194.0
206.395
263.3
167.0
164.0
171.0
162.0
165.0
166.0
154.0
155.0
190.0
172.0
224.0
251.0
176.0
203.0
189.0
194.0
167.0
174.0
178.0
161.0
168.0
181.0
147.84
167.08
176.0
150.0
171.0
178.0
154.0
165.0
162.0
170.0
189.0
205.0
229.0
255.0
197.0
201.0
176.0
210.0
187.0
170.0
176.0
188.0
160.0
184.0
149.385
155.08
177.0
160.0
170.0
170.0
153.0
152.0
162.0
160.0
178.0
190.0
183.0
204.0
178.0
199.0
218.0
190.0
179.0
198.0
187.0
170.0
178.0
179.0
150.93
160.0
190.0
149.0
164.0
177.0
161.0
188.0
281.0
507.0
731.0
790.0
818.0
748.0
838.0
824.0
815.0
805.0
656.0
429.0
357.0
317.0
286.0
228.0
242.93
230.0
239.0
197.0
244.0
212.0
223.0
242.0
315.0
577.0
778.0
803.0
636.0
979.0
625.0
946.0
777.0
777.0
625.0
425.0
230.0
301.0
250.5
413.0
193.41
202.0
206.0
450.0
477.0
191.5
248.0
144.0
234.0
242.0
207.0
206.0
243.0
230.0
709.0
684.0
718.0
699.0
612.0
430.0
354.0
285.0
215.0
214.0
193.41
174.0
173.0
180.0
173.0
171.0
180.0
179.0
222.0
409.0
682.0
490.0
823.0
719.0
793.0
796.0
768.0
772.0
634.0
449.0
376.0
310.0
242.0
222.0
193.41
167.0
174.0
188.0
167.0
173.0
181.0
197.0
251.0
461.0
745.0
774.0
827.0
743.0
769.0
743.0
773.0
761.0
681.0
468.0
418.0
312.0
242.0
232.0
193.41
177.0
166.0
190.0
160.0
164.0
186.0
182.0
252.0
439.0
745.0
791.0
833.0
749.0
778.0
758.0
764.0
723.0
639.0
382.0
341.0
262.0
223.0
212.0
193.41
178.0
174.0
172.0
153.0
194.0
167.0
155.0
168.0
185.0
244.0
251.0
260.0
246.0
268.0
271.0
265.0
260.0
213.0
192.0
199.0
202.0
164.0
177.5
160.42000000000004
168.0
161.0
172.0
146.5
161.0
181.0
166.0
177.0
201.0
246.0
280.0
308.0
237.0
287.0
287.0
321.0
286.0
236.0
223.0
185.0
172.0
191.0
176.0
169.91
160.0
165.0
168.0
153.0
181.0
152.0
180.0
284.0
437.0
753.0
807.0
883.0
799.0
826.0
813.0
811.0
801.0
701.0
465.0
411.0
353.0
260.0
247.0
193.41
191.0
188.0
178.0
175.0
205.0
156.0
208.0
264.0
480.0
772.0
806.0
882.0
780.0
815.0
799.0
814.0
789.0
687.0
487.0
438.0
354.0
266.0
248.0
193.41
183.0
198.0
161.0
200.0
168.0
186.0
188.0
267.0
522.0
779.0
839.0
894.0
837.0
838.0
808.0
805.0
798.0
703.0
477.0
454.0
365.0
292.0
271.0
193.41
224.0
203.0
188.0
191.0
192.0
189.0
214.0
264.0
469.0
792.0
811.0
873.0
775.0
809.0
778.0
761.0
758.0
645.0
449.0
373.0
334.0
268.0
243.0
193.41
184.0
192.0
208.0
183.0
203.0
163.5
191.0
266.0
475.0
734.0
764.0
835.0
768.0
758.0
702.0
688.0
568.0
484.0
337.0
256.0
242.0
222.0
159.0
143.89
171.0
147.0
161.0
146.5
146.0
140.0
130.0
135.0
132.0
148.0
161.0
171.0
151.56
161.56
165.0
173.0
148.0
165.0
161.0
131.0
162.0
154.0
129.0
145.87
136.0
133.0
154.0
140.0
132.0
147.0
129.5
136.0
148.0
189.0
181.0
171.0
194.0
205.0
188.0
182.0
182.0
156.0
134.0
158.0
162.0
137.0
136.0
159.84
138.04
148.04
145.0
139.0
150.0
136.0
129.0
137.0
144.0
162.0
151.0
211.0
197.0
180.0
171.0
186.0
162.0
141.0
145.0
175.0
146.0
140.0
137.0
155.88
133.0
138.0
146.0
146.0
135.0
133.0
131.0
138.0
132.0
148.0
167.0
192.0
200.0
187.0
162.0
172.5
161.0
175.0
140.0
148.0
150.0
145.0
137.0
138.86
135.0
133.0
159.0
134.0
141.0
135.5
141.0
139.0
149.08
168.08
188.0
208.0
200.0
183.0
193.0
159.0
172.0
192.0
151.0
172.0
133.0
159.0
152.0
140.9
159.0
138.0
148.0
142.0
150.0
138.0
138.0
129.0
137.0
160.0
177.0
211.0
207.0
175.0
178.0
175.0
155.0
180.0
156.0
158.0
139.0
155.0
129.0
163.82
164.5
137.0
151.0
148.0
147.0
129.0
144.5
142.0
140.0
189.0
179.0
242.0
235.0
217.0
187.0
200.0
196.0
186.0
173.5
158.08
171.0
151.0
139.0
149.87
136.0
137.0
143.0
141.0
134.0
138.0
191.0
246.5
409.56
694.0
725.0
751.0
648.0
724.0
698.0
709.0
695.0
562.0
348.0
275.0
263.0
220.0
188.0
143.89
173.0
151.0
162.0
168.0
151.0
166.0
168.0
227.0
429.0
689.0
687.0
750.0
635.0
697.0
685.0
709.0
679.0
574.0
323.0
271.0
244.0
244.0
196.0
143.89
178.0
165.0
181.0
173.0
170.0
167.04
171.0
251.0
438.0
702.2
714.4
743.4
645.4
718.4
695.4
706.2
687.2
607.2
392.2
334.2
322.2
252.68
201.0
143.89
188.5
162.52
178.5
174.0
165.0
166.0
174.0
239.0
430.0
688.0
735.0
758.0
670.0
736.0
737.0
732.0
702.0
613.0
367.0
303.0
279.0
272.0
231.0
143.89
199.0
172.0
263.08
240.5
251.475
228.0
212.0
196.0
209.0
231.0
197.0
233.0
232.0
209.0
307.0
313.0
331.0
311.0
313.0
330.0
314.0
320.12
310.0
257.0
221.0
240.0
234.0
202.0
216.5
206.0
218.0
199.0
197.0
206.0
204.0
225.0
217.0
204.0
214.0
241.0
254.0
253.0
239.0
248.0
248.0
251.0
244.0
259.0
267.0
213.0
241.0
221.0
216.5
223.0
184.0
230.0
206.0
210.0
197.0
191.0
318.0
606.0
855.0
899.0
964.0
841.0
895.0
884.0
894.0
879.0
783.0
570.0
536.0
376.0
248.0
238.0
251.475
227.0
206.0
211.0
216.5
213.0
210.5
209.0
304.04
596.0
897.0
884.0
947.0
810.0
939.0
896.0
888.0
886.0
752.0
619.0
474.0
374.0
312.0
249.0
245.13
227.0
228.0
192.0
227.0
216.0
224.0
227.0
331.0
645.0
886.32
907.44
946.32
858.0
898.0
911.0
910.56
888.56
777.08
589.08
426.04
321.44
277.44
247.0
268.805
231.0
202.0
220.0
200.0
239.0
199.0
205.0
321.0
616.0
877.0
914.0
989.0
833.0
912.0
898.0
905.0
887.0
763.0
552.0
446.0
377.0
255.0
256.0
268.805
244.76
205.0
214.5
194.5
219.5
231.0
218.0
303.0
567.0
901.0
944.0
988.0
882.0
898.0
889.0
923.0
881.0
745.0
540.0
406.0
320.0
293.0
265.0
268.805
205.0
213.5
206.5
196.5
203.0
203.5
205.0
208.0
231.26
258.92
271.92
295.92
255.92
288.02
277.92
267.92
291.92
255.92
247.92
261.22
218.5
225.5
220.5
216.5
205.0
213.5
206.5
196.5
203.0
203.5
205.0
208.0
231.26
278.22
266.44
273.44
288.96
288.02
265.44
317.98
271.44
287.96
252.44
255.44
218.5
225.5
220.5
216.5
244.76
205.0
214.5
194.5
219.5
228.5
196.5
329.92
591.92
922.92
893.92
947.92
866.92
901.92
928.92
907.92
919.92
784.92
573.92
472.92
378.92
315.92
265.0
268.805
244.76
208.0
209.0
189.0
200.0
226.0
175.0
371.0
596.0
879.08
921.84
911.28
871.28
924.76
914.0
899.0
892.0
768.32
561.32
486.32
359.0
292.0
265.0
268.805
244.76
264.56
236.94
229.44
226.44
239.44
257.68
380.88
616.88
857.88
915.88
890.88
845.36
839.49
862.88
822.89
864.88
811.88
615.89
504.6
379.6
348.61
326.6
292.48
258.52
259.22
236.94
229.44
226.44
239.44
256.88
363.56
585.6
812.8
878.8
883.8
809.8
832.8
824.8
864.8
843.8
766.8
611.8
506.8
405.8
314.8
317.8
296.07
250.28
253.88
264.88
269.88
252.88
252.88
251.88
376.88
575.88
839.88
839.88
896.28
806.28
837.28
801.28
847.28
821.88
731.08
503.76
450.76
341.76
324.08
292.88
255.89
205.0
213.5
206.5
196.5
203.0
203.5
205.0
208.0
258.52
297.52
318.52
375.0
322.0
337.04
340.04
368.04
345.04
320.0
266.0
258.0
224.0
210.0
220.0
216.5
205.0
213.5
206.5
196.5
203.0
203.5
205.0
208.0
242.76
254.76
282.56
298.56
289.56
292.56
307.56
283.56
312.56
275.56
249.0
249.0
227.0
216.0
205.5
216.5
281.72
307.92
278.96
292.96
275.96
295.96
259.96
360.96
540.96
784.96
850.96
859.96
790.96
856.96
852.96
828.96
833.96
790.04
632.96
566.96
444.96
334.96
336.96
324.86
269.86
231.0
251.48
260.48
245.98
250.98
242.48
327.0
620.0
907.0
928.0
957.0
905.0
940.0
957.0
950.0
897.0
827.0
590.0
485.0
423.0
344.0
298.0
291.44
258.0
219.0
224.0
228.0
216.0
206.0
225.0
379.0
606.0
913.0
912.0
960.0
886.0
948.0
906.0
918.0
894.0
768.0
568.0
409.0
360.0
284.0
254.0
291.44
264.0
210.0
216.0
213.0
232.0
203.0
238.0
379.0
607.0
864.0
906.0
935.0
854.0
865.0
895.0
864.0
853.0
760.0
533.0
414.0
351.52
270.52
270.0
258.02
234.5
207.0
229.0
210.0
213.5
208.0
249.76
340.0
645.0
819.0
889.0
915.0
891.0
899.0
850.0
858.0
878.76
727.76
491.76
354.76
294.52
278.52
204.0
252.96
204.0
209.0
214.0
196.0
200.0
203.0
185.0
199.0
227.0
212.0
229.0
228.0
233.0
207.0
246.0
214.0
225.0
243.0
232.0
240.0
230.0
222.0
191.0
216.5
221.0
203.0
206.0
197.0
194.0
197.0
191.0
207.0
177.0
232.0
234.0
260.0
255.0
236.0
253.0
271.0
253.0
291.0
266.0
263.0
240.0
256.0
233.0
216.5
205.0
210.0
207.0
207.0
195.0
213.0
199.0
338.0
632.0
916.0
977.0
991.0
906.0
922.0
946.0
909.0
882.0
760.0
549.0
426.0
373.0
274.0
288.0
247.9
477.28
476.28
475.28
475.28
474.28
476.28
486.28
524.28
600.28
658.28
663.28
699.28
711.28
683.28
640.28
677.28
676.28
626.28
577.28
429.0
356.0
280.0
273.0
255.38
262.0
220.0
233.0
221.0
220.0
230.0
247.0
375.0
602.0
882.0
922.0
994.0
890.0
929.0
900.0
881.0
898.0
748.0
483.0
407.0
366.0
300.0
290.0
255.38
252.0
231.0
245.0
214.0
246.0
206.0
226.0
370.0
604.0
894.0
895.0
930.0
859.0
924.0
913.0
895.0
881.0
719.0
511.0
382.0
347.0
301.0
267.16
255.38
218.0
232.0
209.0
248.0
204.0
227.0
214.0
364.0
613.0
855.0
877.0
900.0
807.0
905.0
874.0
833.0
870.12
739.0
478.0
385.0
349.0
278.0
222.0
255.38
235.0
220.0
216.0
213.0
213.0
207.0
217.0
179.0
211.0
240.0
214.0
231.0
253.0
229.0
225.0
223.0
248.0
235.0
251.0
250.0
230.0
240.0
242.0
216.5
217.0
198.0
208.0
207.0
208.0
210.0
208.0
200.0
222.0
225.0
205.0
257.0
223.0
244.0
249.0
237.0
239.0
251.0
270.0
237.0
250.0
241.0
196.0
259.05
224.5
224.0
193.0
235.0
214.0
239.0
212.0
357.0
633.0
925.0
936.0
951.0
883.0
904.0
926.0
914.0
903.0
811.08
536.0
431.0
356.0
264.0
268.0
255.38
231.0
234.0
199.0
213.0
215.0
221.0
216.0
351.0
636.0
890.0
920.0
937.0
887.0
899.8
931.8
901.8
902.8
744.8
516.76
429.76
305.76
289.76
215.0
262.86
228.0
248.0
226.0
195.0
249.0
223.0
214.0
407.0
682.0
870.0
910.0
939.0
843.0
922.0
886.08
917.0
892.0
771.0
509.0
394.0
322.0
278.0
282.0
224.43
215.5
229.0
236.0
248.0
205.0
237.0
205.0
385.0
642.0
906.0
926.0
957.0
855.0
887.0
932.0
923.0
852.0
740.0
494.0
351.0
307.68
268.68
248.0
224.43
215.5
211.0
222.0
196.0
220.0
209.5
196.0
336.24
605.24
837.72
879.72
899.72
822.72
854.0
859.24
819.24
812.24
691.24
455.0
304.0
264.0
222.0
214.0
224.43
206.5
199.0
188.0
201.0
194.0
186.0
199.0
193.0
216.0
272.0
301.0
317.0
260.52
325.52
305.0
330.16
305.16
275.16
255.5
239.0
228.0
187.0
217.0
208.94
196.0
200.0
204.0
182.0
192.0
196.0
182.0
195.0
213.0
221.0
242.0
239.0
250.0
251.0
251.0
251.0
244.0
275.0
241.0
241.0
206.0
205.0
207.0
208.94
203.0
187.0
196.0
189.0
210.0
182.0
187.0
351.0
607.52
863.52
928.52
927.52
864.52
906.52
898.0
898.0
875.0
745.0
448.0
396.0
329.0
281.0
221.0
224.43
206.0
211.0
208.0
196.0
224.0
191.0
226.0
326.0
590.0
869.0
888.0
939.0
841.04
884.04
879.84
869.84
851.84
756.84
507.84
373.84
340.0
261.0
233.0
224.43
236.0
207.0
209.0
217.0
193.0
221.0
192.0
344.0
588.0
830.0
875.0
917.0
817.0
869.0
856.0
855.0
838.0
713.0
453.0
366.0
329.0
281.0
236.0
224.43
225.0
205.0
205.0
215.0
201.0
211.0
211.0
345.0
593.0
830.0
848.0
895.0
790.0
834.0
813.0
791.0
735.0
609.0
397.0
306.0
282.0
248.0
226.0
224.43
198.5
198.0
205.5
193.5
199.5
201.0
180.5
200.0
209.5
226.0
238.0
238.5
241.0
964.0
841.0
895.0
884.0
894.0
879.0
783.0
570.0
536.0
376.0
248.0
238.0
251.475
227.0
206.0
211.0
216.5
213.0
210.5
209.0
304.04
596.0
897.0
884.0
947.0
810.0
939.0
896.0
888.0
886.0
752.0
619.0
474.0
374.0
312.0
249.0
245.13
227.0
228.0
192.0
227.0
216.0
224.0
227.0
331.0
645.0
886.32
907.44
946.32
858.0
898.0
911.0
910.56
888.56
777.08
589.08
426.04
321.44
277.44
247.0
268.805
231.0
202.0
220.0
200.0
239.0
199.0
205.0
321.0
616.0
877.0
914.0
989.0
833.0
912.0
898.0
905.0
887.0
763.0
552.0
446.0
377.0
255.0
256.0
268.805
244.76
205.0
214.5
194.5
219.5
231.0
218.0
303.0
567.0
901.0
944.0
988.0
882.0
898.0
889.0
923.0
881.0
745.0
540.0
406.0
320.0
293.0
265.0
268.805
205.0
213.5
206.5
196.5
203.0
203.5
205.0
208.0
231.26
258.92
271.92
295.92
255.92
288.02
277.92
267.92
291.92
255.92
247.92
261.22
218.5
225.5
220.5
216.5
205.0
213.5
206.5
196.5
203.0
203.5
205.0
208.0
231.26
278.22
266.44
273.44
288.96
288.02
265.44
317.98
271.44
287.96
252.44
255.44
218.5
225.5
220.5
216.5
244.76
205.0
214.5
194.5
219.5
228.5
196.5
329.92
591.92
922.92
893.92
947.92
866.92
901.92
928.92
907.92
919.92
784.92
573.92
472.92
378.92
315.92
265.0
268.805
244.76
208.0
209.0
189.0
200.0
226.0
175.0
371.0
596.0
879.08
921.84
911.28
871.28
924.76
914.0
899.0
892.0
768.32
561.32
486.32
359.0
292.0
265.0
268.805
244.76
264.56
236.94
229.44
226.44
239.44
257.68
380.88
616.88
857.88
915.88
890.88
845.36
839.49
862.88
822.89
864.88
811.88
615.89
504.6
379.6
348.61
326.6
292.48
258.52
259.22
236.94
229.44
226.44
239.44
256.88
363.56
585.6
812.8
878.8
883.8
809.8
832.8
824.8
864.8
843.8
766.8
611.8
506.8
405.8
314.8
317.8
296.07
250.28
253.88
264.88
269.88
252.88
252.88
251.88
376.88
575.88
839.88
839.88
896.28
806.28
837.28
801.28
847.28
821.88
731.08
503.76
450.76
341.76
324.08
292.88
255.89
205.0
213.5
206.5
196.5
203.0
203.5
205.0
208.0
258.52
297.52
318.52
375.0
322.0
337.04
340.04
368.04
345.04
320.0
266.0
258.0
224.0
210.0
220.0
216.5
205.0
213.5
206.5
196.5
203.0
203.5
205.0
208.0
242.76
254.76
282.56
298.56
289.56
292.56
307.56
283.56
312.56
275.56
249.0
249.0
227.0
216.0
205.5
216.5
281.72
307.92
278.96
292.96
275.96
295.96
259.96
360.96
540.96
784.96
850.96
859.96
790.96
856.96
852.96
828.96
833.96
790.04
632.96
566.96
444.96
334.96
336.96
324.86
269.86
231.0
251.48
260.48
245.98
250.98
242.48
327.0
620.0
907.0
928.0
957.0
905.0
940.0
957.0
950.0
897.0
827.0
590.0
485.0
423.0
344.0
298.0
291.44
258.0
219.0
224.0
228.0
216.0
206.0
225.0
379.0
606.0
913.0
912.0
960.0
886.0
948.0
906.0
918.0
894.0
768.0
568.0
409.0
360.0
284.0
254.0
291.44
264.0
210.0
216.0
213.0
232.0
203.0
238.0
379.0
607.0
864.0
906.0
935.0
854.0
865.0
895.0
864.0
853.0
760.0
533.0
414.0
351.52
270.52
270.0
258.02
234.5
207.0
229.0
210.0
213.5
208.0
249.76
340.0
645.0
819.0
889.0
915.0
891.0
899.0
850.0
858.0
878.76
727.76
491.76
354.76
294.52
278.52
204.0
252.96
204.0
209.0
214.0
196.0
200.0
203.0
185.0
199.0
227.0
212.0
229.0
228.0
233.0
207.0
246.0
214.0
225.0
243.0
232.0
240.0
230.0
222.0
191.0
216.5
221.0
203.0
206.0
197.0
194.0
197.0
191.0
207.0
177.0
232.0
234.0
260.0
255.0
236.0
253.0
271.0
253.0
291.0
266.0
263.0
240.0
256.0
233.0
216.5
205.0
210.0
207.0
207.0
195.0
213.0
199.0
338.0
632.0
916.0
977.0
991.0
906.0
922.0
946.0
909.0
882.0
760.0
549.0
426.0
373.0
274.0
288.0
247.9
477.28
476.28
475.28
475.28
474.28
476.28
486.28
524.28
600.28
658.28
663.28
699.28
711.28
683.28
640.28
677.28
676.28
626.28
577.28
429.0
356.0
280.0
273.0
255.38
262.0
220.0
233.0
221.0
220.0
230.0
247.0
375.0
602.0
882.0
922.0
994.0
890.0
929.0
900.0
881.0
898.0
748.0
483.0
407.0
366.0
300.0
290.0
255.38
252.0
231.0
245.0
214.0
246.0
206.0
226.0
370.0
604.0
894.0
895.0
930.0
859.0
924.0
913.0
895.0
881.0
719.0
511.0
382.0
347.0
301.0
267.16
255.38
218.0
232.0
209.0
248.0
204.0
227.0
214.0
364.0
613.0
855.0
877.0
900.0
807.0
905.0
874.0
833.0
870.12
739.0
478.0
385.0
349.0
278.0
222.0
255.38
235.0
220.0
216.0
213.0
213.0
207.0
217.0
179.0
211.0
240.0
214.0
231.0
253.0
229.0
225.0
223.0
248.0
235.0
251.0
250.0
230.0
240.0
242.0
216.5
217.0
198.0
208.0
207.0
208.0
210.0
208.0
200.0
222.0
225.0
205.0
257.0
223.0
244.0
249.0
237.0
239.0
251.0
270.0
237.0
250.0
241.0
196.0
259.05
224.5
224.0
193.0
235.0
214.0
239.0
212.0
357.0
633.0
925.0
936.0
951.0
883.0
904.0
926.0
914.0
903.0
811.08
536.0
431.0
356.0
264.0
268.0
255.38
231.0
234.0
199.0
213.0
215.0
221.0
216.0
351.0
636.0
890.0
920.0
937.0
887.0
899.8
931.8
901.8
902.8
744.8
516.76
429.76
305.76
289.76
215.0
262.86
228.0
248.0
226.0
195.0
249.0
223.0
214.0
407.0
682.0
870.0
910.0
939.0
843.0
922.0
886.08
917.0
892.0
771.0
509.0
394.0
322.0
278.0
282.0
224.43
215.5
229.0
236.0
248.0
205.0
237.0
205.0
385.0
642.0
906.0
926.0
957.0
855.0
887.0
932.0
923.0
852.0
740.0
494.0
351.0
307.68
268.68
248.0
224.43
215.5
211.0
222.0
196.0
220.0
209.5
196.0
336.24
605.24
837.72
879.72
899.72
822.72
854.0
859.24
819.24
812.24
691.24
455.0
304.0
264.0
222.0
214.0
224.43
206.5
199.0
188.0
201.0
194.0
186.0
199.0
193.0
216.0
272.0
301.0
317.0
260.52
325.52
305.0
330.16
305.16
275.16
255.5
239.0
228.0
187.0
217.0
208.94
196.0
200.0
204.0
182.0
192.0
196.0
182.0
195.0
213.0
221.0
242.0
239.0
250.0
251.0
251.0
251.0
244.0
275.0
241.0
241.0
206.0
205.0
207.0
208.94
203.0
187.0
196.0
189.0
210.0
182.0
187.0
351.0
607.52
863.52
928.52
927.52
864.52
906.52
898.0
898.0
875.0
745.0
448.0
396.0
329.0
281.0
221.0
224.43
206.0
211.0
208.0
196.0
224.0
191.0
226.0
326.0
590.0
869.0
888.0
939.0
841.04
884.04
879.84
869.84
851.84
756.84
507.84
373.84
340.0
261.0
233.0
224.43
236.0
207.0
209.0
217.0
193.0
221.0
192.0
344.0
588.0
830.0
875.0
917.0
817.0
869.0
856.0
855.0
838.0
713.0
453.0
366.0
329.0
281.0
236.0
224.43
225.0
205.0
205.0
215.0
201.0
211.0
211.0
345.0
593.0
830.0
848.0
895.0
790.0
834.0
813.0
791.0
735.0
609.0
397.0
306.0
282.0
248.0
226.0
224.43
198.5
198.0
205.5
193.5
199.5
201.0
180.5
200.0
209.5
226.0
238.0
238.5
241.0
239.0
248.0
245.5
253.04
242.0
236.0
231.0
209.0
226.0
186.0
208.94
201.0
196.0
207.0
205.0
207.0
201.0
180.5
205.0
206.0
231.0
234.0
238.0
232.0
227.0
245.0
240.0
240.0
209.0
217.0
231.0
206.0
214.0
194.0
208.94
193.0
205.0
194.0
204.5
201.5
206.0
179.0
192.0
220.0
261.0
267.5
287.56
263.0
265.0
282.0
272.0
283.0
251.0
220.0
237.0
233.0
210.0
201.0
208.94
201.0
198.0
208.0
190.0
184.0
190.0
205.0
191.0
213.0
209.0
206.0
212.0
166.0
157.0
170.0
152.0
164.0
157.88
147.0
164.0
150.0
154.0
154.0
148.0
166.0
252.0
421.0
748.04
743.04
771.0
696.0
765.0
755.0
740.0
740.0
624.0
426.0
360.0
321.0
265.0
253.0
886.0
948.0
906.0
918.0
894.0
768.0
568.0
409.0
360.0
284.0
254.0
291.44
264.0
210.0
216.0
213.0
232.0
203.0
238.0
379.0
607.0
864.0
906.0
935.0
854.0
865.0
895.0
864.0
853.0
760.0
533.0
414.0
351.52
270.52
270.0
258.02
234.5
207.0
229.0
210.0
213.5
208.0
249.76
340.0
645.0
819.0
889.0
915.0
891.0
899.0
850.0
858.0
878.76
727.76
491.76
354.76
294.52
278.52
204.0
252.96
204.0
209.0
214.0
196.0
200.0
203.0
185.0
199.0
227.0
212.0
229.0
228.0
233.0
207.0
246.0
214.0
225.0
243.0
232.0
240.0
230.0
222.0
191.0
216.5
221.0
203.0
206.0
197.0
194.0
197.0
191.0
207.0
177.0
232.0
234.0
260.0
255.0
236.0
253.0
271.0
253.0
291.0
266.0
263.0
240.0
256.0
233.0
216.5
205.0
210.0
207.0
207.0
195.0
213.0
199.0
338.0
632.0
916.0
977.0
991.0
906.0
922.0
946.0
909.0
882.0
760.0
549.0
426.0
373.0
274.0
288.0
247.9
477.28
476.28
475.28
475.28
474.28
476.28
486.28
524.28
600.28
658.28
663.28
699.28
711.28
683.28
640.28
677.28
676.28
626.28
577.28
429.0
356.0
280.0
273.0
255.38
262.0
220.0
233.0
221.0
220.0
230.0
247.0
375.0
602.0
882.0
922.0
994.0
890.0
929.0
900.0
881.0
898.0
748.0
483.0
407.0
366.0
300.0
290.0
255.38
252.0
231.0
245.0
214.0
246.0
206.0
226.0
370.0
604.0
894.0
895.0
930.0
859.0
924.0
913.0
895.0
881.0
719.0
511.0
382.0
347.0
301.0
267.16
255.38
218.0
232.0
209.0
248.0
204.0
227.0
214.0
364.0
613.0
855.0
877.0
900.0
807.0
905.0
874.0
833.0
870.12
739.0
478.0
385.0
349.0
278.0
222.0
255.38
235.0
220.0
216.0
213.0
213.0
207.0
217.0
179.0
211.0
240.0
214.0
231.0
253.0
229.0
225.0
223.0
248.0
235.0
251.0
250.0
230.0
240.0
242.0
216.5
217.0
198.0
208.0
207.0
208.0
210.0
208.0
200.0
222.0
225.0
205.0
257.0
223.0
244.0
249.0
237.0
239.0
251.0
270.0
237.0
250.0
241.0
196.0
259.05
224.5
224.0
193.0
235.0
214.0
239.0
212.0
357.0
633.0
925.0
936.0
951.0
883.0
904.0
926.0
914.0
903.0
811.08
536.0
431.0
356.0
264.0
268.0
255.38
231.0
234.0
199.0
213.0
215.0
221.0
216.0
351.0
636.0
890.0
920.0
937.0
887.0
899.8
931.8
901.8
902.8
744.8
516.76
429.76
305.76
289.76
215.0
262.86
228.0
248.0
226.0
195.0
249.0
223.0
214.0
407.0
682.0
870.0
910.0
939.0
843.0
922.0
886.08
917.0
892.0
771.0
509.0
394.0
322.0
278.0
282.0
224.43
215.5
229.0
236.0
248.0
205.0
237.0
205.0
385.0
642.0
906.0
926.0
957.0
855.0
887.0
932.0
923.0
852.0
740.0
494.0
351.0
307.68
268.68
248.0
224.43
215.5
211.0
222.0
196.0
220.0
209.5
196.0
336.24
605.24
837.72
879.72
899.72
822.72
854.0
859.24
819.24
812.24
691.24
455.0
304.0
264.0
222.0
214.0
224.43
206.5
199.0
188.0
201.0
194.0
186.0
199.0
193.0
216.0
272.0
301.0
317.0
260.52
325.52
305.0
330.16
305.16
275.16
255.5
239.0
228.0
187.0
217.0
208.94
196.0
200.0
204.0
182.0
192.0
196.0
182.0
195.0
213.0
221.0
242.0
239.0
250.0
251.0
251.0
251.0
244.0
275.0
241.0
241.0
206.0
205.0
207.0
208.94
203.0
187.0
196.0
189.0
210.0
182.0
187.0
351.0
607.52
863.52
928.52
927.52
864.52
906.52
898.0
898.0
875.0
745.0
448.0
396.0
329.0
281.0
221.0
224.43
206.0
211.0
208.0
196.0
224.0
191.0
226.0
326.0
590.0
869.0
888.0
939.0
841.04
884.04
879.84
869.84
851.84
756.84
507.84
373.84
340.0
261.0
233.0
224.43
236.0
207.0
209.0
217.0
193.0
221.0
192.0
344.0
588.0
830.0
875.0
917.0
817.0
869.0
856.0
855.0
838.0
713.0
453.0
366.0
329.0
281.0
236.0
224.43
225.0
205.0
205.0
215.0
201.0
211.0
211.0
345.0
593.0
830.0
848.0
895.0
790.0
834.0
813.0
791.0
735.0
609.0
397.0
306.0
282.0
248.0
226.0
224.43
198.5
198.0
205.5
193.5
199.5
201.0
180.5
200.0
209.5
226.0
238.0
238.5
241.0
239.0
248.0
245.5
253.04
242.0
236.0
231.0
209.0
226.0
186.0
208.94
201.0
196.0
207.0
205.0
207.0
201.0
180.5
205.0
206.0
231.0
234.0
238.0
232.0
227.0
245.0
240.0
240.0
209.0
217.0
231.0
206.0
214.0
194.0
208.94
193.0
205.0
194.0
204.5
201.5
206.0
179.0
192.0
220.0
261.0
267.5
287.56
263.0
265.0
282.0
272.0
283.0
251.0
220.0
237.0
233.0
210.0
201.0
208.94
201.0
198.0
208.0
215.0
203.0
187.0
218.0
351.0
620.0
946.0
938.56
975.56
902.0
947.0
956.0
957.0
932.0
807.0
596.0
483.0
358.0
272.0
225.0
224.43
206.0
222.0
218.0
211.0
226.0
202.0
202.0
387.0
660.0
914.0
951.0
989.0
917.0
955.0
938.0
928.0
935.0
796.0
528.0
444.0
368.0
280.0
234.0
224.43
210.0
236.0
201.0
214.0
227.0
202.0
236.0
369.0
629.0
942.0
956.0
990.0
892.0
944.0
919.0
920.56
925.56
807.0
548.0
395.0
346.0
295.0
255.0
224.43
214.0
203.0
220.0
202.0
198.0
220.0
207.0
382.0
641.0
917.0
939.0
997.0
903.0
964.0
940.0
931.0
928.0
793.0
543.0
447.0
357.0
266.0
247.0
224.43
200.0
218.0
204.0
214.0
200.0
219.0
209.0
384.0
643.0
938.0
982.0
1019.0
891.0
949.0
944.0
897.0
902.0
778.0
534.0
391.0
345.04
278.04
246.0
224.43
210.0
205.0
210.0
204.0
196.0
216.0
197.0
201.0
219.0
273.0
301.0
284.0
275.0
298.0
291.0
311.0
278.0
264.0
252.0
230.0
224.0
215.0
182.0
208.94
204.0
201.0
191.0
189.0
202.0
199.0
190.0
188.0
200.0
242.0
250.0
282.0
290.0
270.0
282.0
253.0
289.0
261.0
263.0
223.0
229.0
221.0
205.0
208.94
213.0
200.0
209.0
212.0
201.5
210.0
196.0
367.0
623.0
943.0
984.0
1033.0
943.0
987.0
993.0
958.0
963.0
839.0
538.0
426.0
334.0
263.0
226.0
224.43
217.0
200.0
200.0
210.0
203.0
206.0
211.0
358.0
630.0
944.0
973.0
1030.0
944.0
993.0
986.0
956.0
960.0
807.0
563.0
449.0
327.0
284.0
252.0
224.43
224.0
207.0
196.0
226.0
202.0
203.0
225.0
360.0
647.0
933.0
954.0
1032.56
934.56
990.0
969.0
961.0
933.0
838.0
531.0
427.0
350.0
293.0
257.0
224.43
236.0
200.0
218.0
229.0
207.0
222.0
236.0
367.0
649.0
943.0
999.0
1041.0
942.0
962.0
957.0
927.0
949.0
786.0
564.0
457.0
362.0
272.0
249.0
224.43
215.0
207.0
207.0
211.0
202.0
213.0
206.0
369.0
650.0
925.0
978.0
1015.0
927.0
953.0
925.0
910.0
850.0
658.0
433.0
378.0
304.0
258.0
235.0
224.43
206.0
218.0
215.0
203.0
216.0
199.0
208.0
203.0
230.0
310.0
315.0
333.0
289.0
340.0
341.0
331.0
349.0
326.0
285.0
277.0
244.0
231.0
196.0
208.94
194.0
210.0
223.0
194.0
225.0
197.0
198.0
210.0
211.0
245.0
264.0
283.0
278.0
265.0
268.0
280.0
263.0
257.0
270.0
261.0
230.0
225.0
218.0
208.94
215.0
204.0
208.0
201.0
213.0
202.0
229.0
369.0
625.0
966.0
1004.0
1026.0
949.0
1001.0
956.0
970.0
945.0
826.0
594.0
445.0
364.0
294.0
236.0
224.43
228.0
213.0
221.0
219.0
213.0
214.0
240.0
381.0
638.0
945.0
950.0
994.0
910.0
988.0
992.0
971.0
946.0
825.0
556.0
466.0
388.0
293.0
273.0
224.43
224.0
235.0
202.0
229.0
1033.0
943.0
987.0
993.0
958.0
963.0
839.0
538.0
426.0
334.0
263.0
226.0
224.43
217.0
200.0
200.0
210.0
203.0
206.0
211.0
358.0
630.0
944.0
973.0
1030.0
944.0
993.0
986.0
956.0
960.0
807.0
563.0
449.0
327.0
284.0
252.0
224.43
224.0
207.0
196.0
226.0
202.0
203.0
225.0
360.0
647.0
933.0
954.0
1032.56
934.56
990.0
969.0
961.0
933.0
838.0
531.0
427.0
350.0
293.0
257.0
224.43
236.0
200.0
218.0
229.0
207.0
222.0
236.0
367.0
649.0
943.0
999.0
1041.0
942.0
962.0
957.0
927.0
949.0
786.0
564.0
457.0
362.0
272.0
249.0
224.43
215.0
207.0
207.0
211.0
202.0
213.0
206.0
369.0
650.0
925.0
978.0
1015.0
927.0
953.0
925.0
910.0
850.0
658.0
433.0
378.0
304.0
258.0
235.0
224.43
206.0
218.0
215.0
203.0
216.0
199.0
208.0
203.0
230.0
310.0
315.0
333.0
289.0
340.0
341.0
331.0
349.0
326.0
285.0
277.0
244.0
231.0
196.0
208.94
194.0
210.0
223.0
194.0
225.0
197.0
198.0
210.0
211.0
245.0
264.0
283.0
278.0
265.0
268.0
280.0
263.0
257.0
270.0
261.0
230.0
225.0
218.0
208.94
215.0
204.0
208.0
201.0
213.0
202.0
229.0
369.0
625.0
966.0
1004.0
1026.0
949.0
1001.0
956.0
970.0
945.0
826.0
594.0
445.0
364.0
294.0
236.0
224.43
228.0
213.0
221.0
219.0
213.0
214.0
240.0
381.0
638.0
945.0
950.0
994.0
910.0
988.0
992.0
971.0
946.0
825.0
556.0
466.0
388.0
293.0
273.0
224.43
224.0
235.0
202.0
229.0
200.0
222.0
235.0
383.0
620.0
939.0
965.0
1012.0
911.0
986.0
964.0
961.0
939.0
808.0
523.0
409.0
347.0
319.0
282.0
224.43
245.0
234.0
207.0
225.0
226.0
234.0
236.0
421.04
629.04
941.0
980.0
1030.0
940.0
921.0
950.0
933.0
916.0
764.0
600.0
486.0
381.0
305.0
242.0
224.43
207.0
218.0
212.0
221.0
207.0
199.0
239.0
388.0
640.0
948.0
944.0
989.0
887.0
938.0
932.0
921.0
899.0
737.0
496.0
401.0
353.0
268.0
229.0
224.43
216.0
204.0
218.0
214.0
197.0
216.0
204.0
198.0
266.0
339.56
361.56
362.0
323.0
342.0
357.0
354.0
358.0
327.0
264.0
243.0
237.0
234.0
220.0
208.94
215.0
213.0
219.0
208.0
213.0
192.0
217.0
201.0
242.0
341.0
330.0
378.0
324.0
352.0
366.0
345.0
355.0
361.0
280.0
252.0
227.0
202.0
173.0
208.94
176.0
178.0
211.0
212.0
171.0
188.0
193.0
352.0
545.0
960.0
1004.0
1040.0
926.0
975.0
973.0
982.0
965.0
856.0
619.0
463.0
315.0
261.0
250.0
224.43
201.0
207.0
210.0
203.0
205.0
202.0
229.0
372.0
654.0
879.0
975.0
997.0
920.0
937.0
930.0
925.0
904.0
742.0
486.0
422.0
342.0
269.0
236.0
224.43
202.0
205.0
208.0
202.0
207.0
198.0
229.0
349.0
657.0
946.0
999.0
1030.0
908.0
966.0
971.0
955.0
949.0
785.0
526.0
407.0
337.0
267.0
221.0
224.43
200.0
213.0
203.0
203.0
220.0
205.0
233.0
347.0
639.0
917.0
982.0
1005.0
899.0
958.0
921.0
938.0
907.0
759.0
470.0
376.0
340.0
299.0
245.0
224.43
223.0
231.0
222.0
204.0
233.0
217.0
225.0
387.0
625.0
941.0
877.0
866.0
825.0
831.0
821.0
805.0
781.0
631.0
493.0
396.0
276.0
251.0
247.0
224.43
227.0
215.0
220.0
202.0
213.0
214.0
207.0
207.0
296.0
393.0
394.0
405.0
354.0
392.0
400.0
402.0
374.0
337.0
246.0
230.0
224.0
214.0
201.0
208.94
183.0
199.0
178.0
186.0
174.0
186.0
172.0
195.0
224.0
329.56
345.56
347.0
338.0
344.0
323.0
322.0
335.0
269.0
241.0
238.0
221.0
213.0
210.0
208.94
206.0
190.0
196.0
196.0
204.0
196.0
232.0
343.0
717.0
849.0
869.0
918.0
859.0
872.0
872.0
858.0
851.0
706.0
480.0
352.0
301.0
277.0
235.0
224.43
203.0
184.0
196.0
188.0
202.0
190.0
209.0
373.0
565.0
829.0
839.0
879.0
842.0
836.0
799.0
824.0
766.0
650.0
448.0
325.0
291.0
266.0
235.0
224.43
235.0
221.0
227.0
209.0
236.0
209.0
249.0
368.0
586.0
766.0
790.0
835.0
799.0
798.0
784.0
781.0
737.0
570.0
414.0
323.0
289.0
258.0
261.0
224.43
220.0
208.0
228.0
205.0
218.0
226.0
218.0
377.0
557.0
739.04
753.04
763.0
738.0
704.0
670.0
682.0
649.0
534.0
376.0
293.0
232.0
217.0
230.0
224.43
205.0
195.0
217.0
197.0
218.0
188.0
216.0
327.0
492.0
612.0
657.0
659.0
656.0
645.0
608.0
578.0
561.0
469.0
332.0
283.0
200.0
192.0
183.0
224.43
189.0
177.0
206.0
189.0
196.0
185.0
189.0
291.0
388.0
502.0
489.0
469.0
449.0
371.0
302.0
218.0
194.0
164.0
172.0
162.0
168.0
167.0
156.0
224.43
161.0
160.0
161.0
170.0
161.0
161.0
152.0
161.0
142.0
150.0
150.0
146.0
164.0
148.0
153.0
152.0
150.0
143.0
180.0
161.0
173.0
159.0
155.0
208.94
144.56
160.56
161.0
170.0
162.0
158.0
152.0
151.0
136.6
148.6
155.0
164.0
153.0
147.0
154.0
141.0
161.0
158.0
172.0
150.0
168.0
167.0
147.0
158.83
175.0
149.0
165.0
160.0
157.0
166.0
148.0
141.0
158.0
155.0
139.0
148.0
160.0
164.0
155.04
152.04
157.0
168.0
158.0
166.0
152.0
181.0
155.0
161.81
149.0
181.0
156.0
150.0
170.0
167.0
143.0
153.0
149.0
180.0
143.0
159.0
154.0
168.0
156.0
154.0
165.0
150.0
158.0
162.0
165.0
156.0
165.0
147.81
156.0
155.0
173.0
156.0
156.0
158.0
148.0
155.0
147.0
160.0
166.0
146.0
159.5
153.0
153.0
164.0
153.0
166.0
161.0
159.0
163.0
156.0
156.0
173.88
157.0
153.0
173.0
145.0
170.0
153.0
154.0
170.0
139.0
166.0
145.0
148.0
165.0
152.0
207.28
165.0
156.0
155.0
160.0
177.0
161.0
157.0
157.0
165.89
154.0
170.0
148.0
166.0
154.56
158.56
144.0
155.0
161.0
158.0
140.0
156.0
216.0
157.0
207.28
167.0
179.0
168.0
175.0
181.0
164.0
171.0
172.0
151.85
173.0
159.0
158.0
165.0
158.0
160.04
168.04
280.0
483.0
608.0
636.0
659.0
659.0
625.0
617.0
596.0
558.52
466.52
291.0
263.56
213.0
221.0
183.5
224.43
204.0
181.0
177.0
179.5
218.0
236.0
193.52
330.52
596.0
792.0
817.0
873.0
803.0
814.0
817.0
796.0
801.0
646.0
362.0
292.0
258.0
228.0
211.0
224.43
182.0
203.0
196.0
194.0
185.0
216.0
219.0
346.0
648.0
884.08
909.08
938.0
852.0
881.0
883.0
887.0
859.0
710.0
388.0
301.0
259.0
228.0
188.0
224.43
195.0
185.0
204.0
184.0
219.0
185.0
205.0
399.92
626.92
877.84
918.84
926.84
837.84
912.84
877.0
889.76
868.76
737.76
458.76
351.8
294.8
261.76
221.5
224.43
199.5
207.5
194.0
205.5
212.5
221.0
227.0
366.0
653.0
892.0
915.0
949.0
834.0
895.0
875.0
871.0
851.0
728.0
445.0
335.0
321.0
260.0
255.0
224.43
204.0
230.0
184.0
227.0
206.0
213.0
219.0
366.0
633.0
901.0
913.0
948.0
838.0
902.0
895.0
859.0
847.0
686.0
417.56
360.56
285.0
221.0
224.0
224.43
200.0
178.0
206.0
187.0
198.0
190.0
189.0
181.0
194.0
245.0
247.0
243.0
267.0
232.0
261.56
197.0
266.0
208.0
218.0
221.0
211.0
202.0
202.0
157.34
198.5
201.5
216.0
198.0
211.5
203.0
174.0
182.0
186.0
218.0
214.0
246.0
244.0
222.0
232.0
227.0
215.0
227.0
218.0
204.0
207.0
195.0
185.0
157.34
203.0
185.0
188.0
186.0
174.0
193.0
189.0
192.0
185.0
183.0
201.0
220.0
203.0
208.0
181.0
189.0
182.0
186.0
169.45499999999996
186.0
175.0
184.0
184.0
198.0
153.0
178.0
165.0
167.0
174.0
207.0
171.0
201.0
189.0
193.0
185.0
198.0
186.0
212.0
205.5
197.0
191.0
193.0
170.94
188.0
179.0
195.0
178.0
170.0
192.0
183.0
309.0
588.0
857.0
873.0
901.0
821.0
891.0
884.0
893.2
877.0
761.0
559.0
428.0
371.0
290.08
258.0
257.45
216.0
210.0
222.0
200.0
214.0
229.0
204.0
334.0
603.0
843.0
903.12
933.0
830.0
878.0
896.0
891.0
866.0
780.0
526.0
433.12
351.0
297.0
258.0
257.45
192.0
210.0
210.0
220.0
202.0
192.0
224.0
331.0
609.0
853.0
899.12
912.0
835.0
865.0
898.0
900.0
860.0
734.0
550.0
418.0
336.0
279.0
226.0
257.45
211.0
220.0
209.0
214.0
198.0
191.0
223.0
326.0
633.0
862.0
866.0
888.0
822.0
867.0
915.12
898.0
858.0
761.0
510.0
423.0
377.12
321.0
234.0
269.98
216.0
218.5
200.0
199.5
254.61
250.61
211.5
316.24
571.41
738.17
879.08
913.08
825.08
864.08
893.6
864.6
861.6
717.6
487.6
402.6
329.6
282.6
237.0
260.42
199.0
207.0
199.0
220.0
213.0
233.0
196.0
207.0
229.0
277.0
281.0
280.0
264.0
275.0
324.0
285.0
288.0
239.0
251.0
205.5
239.0
216.0
226.0
175.41
199.0
208.0
201.0
189.0
204.0
198.0
185.0
195.0
183.0
192.0
227.0
238.0
234.0
249.0
219.0
225.0
228.0
220.0
226.0
230.0
238.0
227.0
190.0
175.41
216.0
217.0
191.0
185.0
215.0
188.0
200.0
325.0
612.0
898.0
896.0
940.0
860.0
927.0
932.0
917.0
923.0
760.08
568.0
495.0
385.0
278.0
239.0
260.42
221.0
249.0
208.0
222.0
207.0
212.0
222.0
327.0
598.0
861.0
904.0
909.12
817.0
923.0
890.0
895.0
898.0
735.12
560.0
410.0
352.0
300.0
241.0
260.42
226.0
224.0
211.0
219.0
211.0
212.0
215.0
326.0
600.0
860.0
872.0
915.0
823.0
882.0
928.0
855.0
871.12
741.0
542.0
384.0
349.0
280.0
246.0
260.42
224.0
203.0
211.0
215.0
222.0
191.0
236.0
344.0
609.0
855.0
881.0
930.0
853.0
905.0
889.0
915.0
836.0
714.0
572.0
460.12
367.0
272.0
241.0
260.42
229.0
226.0
214.0
232.0
206.0
186.0
219.0
365.0
587.0
850.0
884.08
923.0
824.0
861.0
879.0
878.0
868.0
722.0
536.0
379.0
374.0
278.0
275.0
260.42
212.0
228.0
209.0
217.0
209.0
232.0
210.0
214.0
259.0
298.0
297.0
362.0
272.0
306.04
290.04
297.0
301.0
276.0
220.0
221.0
230.0
193.0
212.0
175.41
180.0
204.0
216.0
186.0
202.0
211.0
196.0
187.0
221.0
257.0
260.0
285.0
249.0
256.0
289.52
260.52
286.0
253.0
234.0
252.0
221.0
213.0
238.0
175.41
186.0
216.0
206.0
193.0
207.0
182.0
188.0
359.0
596.0
930.12
909.12
960.0
840.0
913.0
918.0
922.0
882.0
763.0
530.0
432.0
329.0
294.0
238.0
250.86
225.0
223.0
233.0
211.0
224.0
221.0
229.0
339.0
647.0
874.0
900.0
918.0
828.0
907.0
923.0
888.0
879.0
764.0
526.0
442.0
396.0
310.12
234.0
250.335
213.0
237.0
248.0
211.0
230.0
202.0
242.0
351.0
619.0
881.0
895.0
942.0
802.0
902.0
893.0
876.08
861.0
771.0
575.0
457.0
370.0
286.0
254.0
250.335
209.0
218.0
208.0
228.0
220.0
202.0
244.0
325.0
666.68
834.68
884.0
906.0
831.0
899.0
895.0
891.12
851.0
781.0
555.0
447.0
368.0
315.0
264.0
250.335
216.0
236.0
201.0
230.0
186.0
237.0
212.0
337.0
621.0
840.12
855.0
916.0
838.0
848.0
863.0
834.0
798.0
696.0
464.0
370.0
285.0
260.0
187.0
250.335
221.0
184.0
174.0
188.0
177.0
171.0
186.0
183.0
192.0
215.0
241.0
260.0
258.0
255.0
244.0
262.0
259.0
264.0
232.0
223.0
221.0
195.0
218.0
175.41
195.0
187.0
179.0
168.0
182.0
190.0
162.0
191.0
197.0
212.0
262.0
272.0
257.0
240.0
255.0
249.0
247.0
229.0
241.0
228.0
215.0
221.0
198.0
175.41
200.0
174.0
193.0
189.0
175.0
180.0
188.0
329.0
594.0
887.0
893.0
941.0
899.08
908.0
931.0
888.0
871.0
756.12
564.0
486.0
378.0
311.0
255.0
250.335
220.0
227.0
198.0
235.0
208.0
188.0
230.0
336.0
620.0
856.0
868.0
908.0
818.0
893.08
888.0
855.0
889.0
747.0
545.0
516.0
418.0
299.0
251.0
250.335
214.5
218.0
224.0
211.0
198.0
215.0
213.0
373.0
613.12
906.0
911.0
976.0
853.0
895.12
896.0
889.0
903.0
756.0
553.0
410.0
310.0
320.0
254.0
249.81
209.0
209.0
210.0
206.0
202.0
222.0
241.0
320.0
584.0
894.0
934.0
939.0
851.0
909.0
895.12
924.0
875.0
763.0
612.0
486.0
373.2
345.0
272.0
248.875
226.0
216.0
237.0
223.0
231.0
210.0
210.0
365.0
667.0
861.0
897.0
978.0
857.0
881.0
914.0
899.0
858.0
764.0
513.0
446.0
407.12
331.0
270.0
247.94
218.0
199.0
218.0
188.0
205.0
205.0
187.0
264.0
303.0
346.0
315.0
360.0
322.0
334.0
323.0
340.0
332.12
304.0
272.0
260.0
251.0
233.0
220.0
175.41
206.0
215.0
217.0
188.0
196.0
185.0
236.0
206.0
197.0
233.0
226.0
253.0
269.0
247.0
232.0
237.0
241.0
225.0
241.0
243.0
240.0
208.0
213.0
175.41
199.0
208.0
198.0
210.0
197.0
195.0
235.0
359.0
642.0
887.0
912.0
1021.0
907.0
957.0
944.0
931.0
917.0
796.12
570.0
465.0
386.0
323.0
272.0
250.91
213.0
226.0
221.0
234.0
245.0
218.0
229.0
392.0
670.0
929.0
963.12
1042.0
916.12
929.0
951.0
941.0
915.0
779.0
592.0
437.0
398.0
323.0
253.0
253.43
229.0
207.0
218.0
226.0
218.0
230.0
214.0
372.0
654.0
882.0
936.0
986.0
883.0
892.0
925.0
909.0
898.0
773.0
562.0
494.0
364.0
314.0
265.0
255.95
226.0
218.0
220.0
220.0
228.0
204.0
228.0
410.0
616.0
891.12
930.0
956.0
837.0
896.0
900.0
904.0
868.0
777.12
484.0
442.0
384.0
315.0
292.0
244.92
220.0
209.0
222.0
243.0
221.0
216.0
208.0
360.0
612.0
860.12
896.0
898.0
809.0
863.0
878.0
868.0
836.0
712.0
484.0
395.0
304.0
291.0
203.0
255.41
192.0
210.0
196.0
215.0
224.0
178.0
204.0
199.0
244.0
282.0
309.0
301.0
285.0
275.0
277.0
258.0
276.12
247.0
200.0
250.0
198.0
225.0
205.0
175.41
190.0
209.0
209.5
207.5
223.0
190.5
215.0
199.0
249.06
302.36
314.8
346.48
312.48
295.48
288.48
298.48
284.48
294.0
233.0
240.0
240.0
215.0
221.0
175.41
183.0
192.0
182.0
187.0
207.0
195.0
181.0
339.0
598.0
902.0
922.0
1001.0
906.08
938.0
923.0
916.0
892.0
779.0
517.0
404.0
311.0
260.0
214.0
255.41
187.0
204.0
204.0
215.0
195.0
202.0
196.0
370.0
618.0
844.0
898.08
944.0
871.0
870.0
893.0
917.0
873.0
751.0
544.12
441.0
339.0
276.0
230.0
255.41
216.0
204.0
188.0
213.0
200.0
212.0
209.0
337.0
628.0
885.0
952.0
965.0
843.0
911.0
898.0
911.0
891.0
758.0
533.2
428.0
347.0
272.0
241.0
255.41
228.0
197.0
199.0
198.0
205.0
186.0
215.0
363.0
615.0
911.0
913.0
959.0
869.0
941.0
931.0
946.0
915.0
788.0
563.0
471.0
329.0
289.0
264.0
255.41
224.0
219.0
213.0
242.0
210.0
235.0
233.0
369.0
625.0
923.12
988.12
977.0
885.0
941.0
923.0
905.0
907.0
759.0
477.0
433.0
291.0
268.0
243.0
255.41
911.0
986.0
964.0
961.0
939.0
808.0
523.0
409.0
347.0
319.0
282.0
224.43
245.0
234.0
207.0
225.0
226.0
234.0
236.0
421.04
629.04
941.0
980.0
1030.0
940.0
921.0
950.0
933.0
916.0
764.0
600.0
486.0
381.0
305.0
242.0
224.43
207.0
218.0
212.0
221.0
207.0
199.0
239.0
388.0
640.0
948.0
944.0
989.0
887.0
938.0
932.0
921.0
899.0
737.0
496.0
401.0
353.0
268.0
229.0
224.43
216.0
204.0
218.0
214.0
197.0
216.0
204.0
198.0
266.0
339.56
361.56
362.0
323.0
342.0
357.0
354.0
358.0
327.0
264.0
243.0
237.0
234.0
220.0
208.94
215.0
213.0
219.0
208.0
213.0
192.0
217.0
201.0
242.0
341.0
330.0
378.0
324.0
352.0
366.0
345.0
355.0
361.0
280.0
252.0
227.0
202.0
173.0
208.94
176.0
178.0
211.0
212.0
171.0
188.0
193.0
352.0
545.0
960.0
1004.0
1040.0
926.0
975.0
973.0
982.0
965.0
856.0
619.0
463.0
315.0
261.0
250.0
224.43
201.0
207.0
210.0
203.0
205.0
202.0
229.0
372.0
654.0
879.0
975.0
997.0
920.0
937.0
930.0
925.0
904.0
742.0
486.0
422.0
342.0
269.0
236.0
224.43
202.0
205.0
208.0
202.0
207.0
198.0
229.0
349.0
657.0
946.0
999.0
1030.0
908.0
966.0
971.0
955.0
949.0
785.0
526.0
407.0
337.0
267.0
221.0
224.43
200.0
213.0
203.0
203.0
220.0
205.0
233.0
347.0
639.0
917.0
982.0
1005.0
899.0
958.0
921.0
938.0
907.0
759.0
470.0
376.0
340.0
299.0
245.0
224.43
223.0
231.0
222.0
204.0
233.0
217.0
225.0
387.0
625.0
941.0
877.0
866.0
825.0
831.0
821.0
805.0
781.0
631.0
493.0
396.0
276.0
251.0
247.0
224.43
227.0
215.0
220.0
202.0
213.0
214.0
207.0
207.0
296.0
393.0
394.0
405.0
354.0
392.0
400.0
402.0
374.0
337.0
246.0
230.0
224.0
214.0
201.0
208.94
183.0
199.0
178.0
186.0
174.0
186.0
172.0
195.0
224.0
329.56
345.56
347.0
338.0
344.0
323.0
322.0
335.0
269.0
241.0
238.0
221.0
213.0
210.0
208.94
206.0
190.0
196.0
196.0
204.0
196.0
232.0
343.0
717.0
849.0
869.0
918.0
859.0
872.0
872.0
858.0
851.0
706.0
480.0
352.0
301.0
277.0
235.0
224.43
203.0
184.0
196.0
188.0
202.0
190.0
209.0
373.0
565.0
829.0
839.0
879.0
842.0
836.0
799.0
824.0
766.0
650.0
448.0
325.0
291.0
266.0
235.0
224.43
235.0
221.0
227.0
209.0
236.0
209.0
249.0
368.0
586.0
766.0
790.0
835.0
799.0
798.0
784.0
781.0
737.0
570.0
414.0
323.0
289.0
258.0
261.0
224.43
220.0
208.0
228.0
205.0
218.0
226.0
218.0
377.0
557.0
739.04
753.04
763.0
738.0
704.0
670.0
682.0
649.0
534.0
376.0
293.0
232.0
217.0
230.0
224.43
205.0
195.0
217.0
197.0
218.0
188.0
216.0
327.0
492.0
612.0
657.0
659.0
656.0
645.0
608.0
578.0
561.0
469.0
332.0
283.0
200.0
192.0
183.0
224.43
189.0
177.0
206.0
189.0
196.0
185.0
189.0
291.0
388.0
502.0
489.0
469.0
449.0
371.0
302.0
218.0
194.0
164.0
172.0
162.0
168.0
167.0
156.0
224.43
161.0
160.0
161.0
170.0
161.0
161.0
152.0
161.0
142.0
150.0
150.0
146.0
164.0
148.0
153.0
152.0
150.0
143.0
180.0
161.0
173.0
159.0
155.0
208.94
144.56
160.56
161.0
170.0
162.0
158.0
152.0
151.0
136.6
148.6
155.0
164.0
153.0
147.0
154.0
141.0
161.0
158.0
172.0
150.0
168.0
167.0
147.0
158.83
175.0
149.0
165.0
160.0
157.0
166.0
148.0
141.0
158.0
155.0
139.0
148.0
160.0
164.0
155.04
152.04
157.0
168.0
158.0
166.0
152.0
181.0
155.0
161.81
149.0
181.0
156.0
150.0
170.0
167.0
143.0
153.0
149.0
180.0
143.0
159.0
154.0
168.0
156.0
154.0
165.0
150.0
158.0
162.0
165.0
156.0
165.0
147.81
156.0
155.0
173.0
156.0
156.0
158.0
148.0
155.0
147.0
160.0
166.0
146.0
159.5
153.0
153.0
164.0
153.0
166.0
161.0
159.0
163.0
156.0
156.0
173.88
157.0
153.0
173.0
145.0
170.0
153.0
154.0
170.0
139.0
166.0
145.0
148.0
165.0
152.0
207.28
165.0
156.0
155.0
160.0
177.0
161.0
157.0
157.0
165.89
154.0
170.0
148.0
166.0
154.56
158.56
144.0
155.0
161.0
158.0
140.0
156.0
216.0
157.0
207.28
167.0
179.0
168.0
175.0
181.0
164.0
171.0
172.0
151.85
173.0
159.0
158.0
165.0
158.0
160.04
168.04
280.0
483.0
608.0
636.0
659.0
659.0
625.0
617.0
596.0
558.52
466.52
291.0
263.56
213.0
221.0
183.5
224.43
204.0
181.0
177.0
179.5
218.0
236.0
193.52
330.52
596.0
792.0
817.0
873.0
803.0
814.0
817.0
796.0
801.0
646.0
362.0
292.0
258.0
228.0
211.0
224.43
182.0
203.0
196.0
194.0
185.0
216.0
219.0
346.0
648.0
884.08
909.08
938.0
852.0
881.0
883.0
887.0
859.0
710.0
388.0
301.0
259.0
228.0
188.0
224.43
195.0
185.0
204.0
184.0
219.0
185.0
205.0
399.92
626.92
877.84
918.84
926.84
837.84
912.84
877.0
889.76
868.76
737.76
458.76
351.8
294.8
261.76
221.5
224.43
199.5
207.5
194.0
205.5
212.5
221.0
227.0
366.0
653.0
892.0
915.0
949.0
834.0
895.0
875.0
871.0
851.0
728.0
445.0
335.0
321.0
260.0
255.0
224.43
204.0
230.0
184.0
227.0
206.0
213.0
219.0
366.0
633.0
901.0
913.0
948.0
838.0
902.0
895.0
859.0
847.0
686.0
417.56
360.56
285.0
221.0
224.0
224.43
200.0
178.0
206.0
187.0
198.0
190.0
189.0
181.0
194.0
245.0
247.0
243.0
267.0
232.0
261.56
197.0
266.0
208.0
218.0
221.0
211.0
202.0
202.0
157.34
198.5
201.5
216.0
198.0
211.5
203.0
174.0
182.0
186.0
218.0
214.0
246.0
244.0
222.0
232.0
227.0
215.0
227.0
218.0
204.0
207.0
195.0
185.0
157.34
203.0
185.0
188.0
218.0
195.5
186.0
216.0
343.0
620.0
934.0
954.0
1006.0
876.0
968.0
952.0
939.0
920.0
751.0
510.0
373.0
302.0
230.0
216.0
224.43
201.0
192.0
204.0
209.0
185.0
197.0
220.0
378.0
669.0
942.0
970.0
975.0
888.0
922.0
924.0
919.0
915.0
767.0
509.0
414.0
366.0
286.0
240.0
224.43
228.0
207.0
228.0
208.0
233.0
207.0
229.0
350.0
655.0
890.0
902.0
934.0
859.0
909.0
912.0
887.0
891.0
764.0
533.0
426.0
344.0
267.0
229.0
224.43
223.5
217.0
214.0
207.5
223.0
206.0
230.5
333.48
544.49
903.0
950.0
977.0
880.0
924.0
916.0
925.0
910.0
768.0
586.0
443.0
357.0
254.0
255.0
224.43
223.5
227.0
200.0
207.0
213.0
205.0
232.0
373.0
671.0
941.04
947.04
984.0
878.0
956.0
934.0
922.0
912.0
749.0
545.0
409.0
314.0
279.0
245.0
224.43
198.5
225.0
226.0
209.0
225.0
210.5
182.5
206.0
256.0
299.0
313.0
310.0
271.0
311.0
304.0
303.0
300.0
261.0
250.0
258.0
246.0
221.0
212.0
157.34
198.5
219.0
204.0
218.0
210.0
218.0
182.5
200.0
235.0
255.0
271.0
273.0
281.0
260.0
268.52
270.52
247.0
263.0
241.0
227.0
227.0
198.0
205.0
157.34
219.0
206.0
190.0
191.0
209.0
201.0
231.0
352.0
637.0
910.0
941.0
964.0
848.0
924.0
887.0
908.0
882.0
718.0
463.0
373.0
305.0
246.0
219.0
224.43
198.0
202.0
200.0
192.0
193.0
197.0
230.0
358.0
630.0
904.0
937.0
964.0
857.0
900.0
914.0
907.0
885.0
734.0
449.0
364.0
307.0
255.0
251.0
224.43
209.0
194.0
190.0
211.0
228.0
193.0
201.0
193.0
199.0
197.0
225.0
233.0
174.0
210.0
171.0
176.915
188.0
172.0
184.0
179.0
178.0
159.52
178.5
188.0
187.0
240.0
209.0
259.0
246.0
220.0
235.0
238.0
240.0
210.0
224.0
194.0
197.0
202.0
206.0
176.915
180.0
195.0
192.0
177.0
171.0
190.0
184.0
202.0
172.0
197.0
197.0
241.0
239.0
209.0
216.0
194.0
199.0
193.0
230.0
209.0
189.0
177.0
185.0
176.915
173.0
179.0
185.0
181.0
172.0
161.0
180.0
177.0
182.0
175.0
193.0
251.0
224.0
204.0
184.0
208.0
211.0
195.0
204.0
198.0
211.5
201.0
178.0
173.95
181.0
170.0
206.0
193.0
183.0
164.0
202.0
339.0
614.0
859.0
916.0
949.0
862.0
901.0
881.0
891.0
876.0
746.8
460.0
375.0
315.0
271.0
247.0
254.865
228.0
227.0
208.0
216.0
202.0
241.0
235.0
354.0
693.0
693.0
899.08
950.0
845.0
908.0
875.0
920.0
865.0
751.0
524.0
424.0
357.0
303.0
267.0
254.865
223.0
219.0
222.0
241.0
217.0
244.0
247.0
331.0
582.0
846.0
876.0
879.12
798.0
837.08
840.0
852.0
846.0
724.0
466.0
352.0
334.0
270.0
289.0
254.865
208.0
201.0
219.0
218.0
205.0
200.0
206.0
182.0
192.0
213.0
243.0
264.0
276.0
239.0
232.0
269.0
256.0
281.0
257.0
245.0
234.0
225.0
205.0
216.5
214.0
193.0
214.0
203.0
190.0
194.0
194.0
322.0
575.0
885.0
883.0
948.0
864.0
915.0
909.0
905.12
903.0
805.0
568.0
452.0
365.0
322.0
260.0
254.865
237.0
234.0
224.0
208.0
189.0
199.5
207.0
317.0
583.0
839.0
863.0
908.0
801.0
862.0
865.0
863.0
840.0
767.0
489.0
410.0
354.0
319.0
287.0
254.865
217.0
226.0
216.0
213.0
217.0
205.0
210.0
333.0
574.0
885.12
892.0
971.0
822.0
913.0
900.0
901.0
867.0
778.0
537.0
434.12
386.0
310.0
278.0
264.87
233.0
225.0
227.0
218.0
213.0
203.0
213.0
331.0
562.0
865.0
905.0
926.0
835.0
889.0
881.0
862.0
849.0
789.12
557.0
412.0
360.0
323.0
292.0
258.895
218.0
228.0
217.0
214.0
217.0
212.0
210.0
334.0
569.0
804.0
864.0
875.0
832.0
816.0
837.0
795.0
810.0
724.0
513.0
381.0
328.0
291.12
236.0
258.895
234.0
231.0
191.0
202.0
218.0
196.0
201.0
188.0
240.0
208.0
230.0
257.0
264.0
252.0
245.0
263.0
258.0
289.0
236.0
247.0
226.0
249.0
212.0
216.5
191.0
229.0
211.0
191.0
192.0
191.0
183.0
186.0
190.0
258.0
217.0
255.0
276.0
256.0
248.0
201.0
243.0
218.0
230.0
225.0
206.0
219.0
224.0
216.5
208.0
193.0
203.0
198.0
217.0
180.0
206.0
338.0
574.0
846.0
925.0
943.0
871.12
891.0
906.0
876.0
861.0
776.0
492.0
386.0
346.0
266.0
249.0
258.895
218.0
225.0
199.0
212.5
194.0
208.0
215.0
366.0
596.0
882.0
916.0
942.0
861.0
903.0
888.0
923.0
881.08
800.0
484.0
393.0
328.0
266.0
253.0
252.92
221.0
209.0
221.0
227.0
215.0
229.0
229.0
367.0
565.0
861.0
919.0
970.08
858.0
892.0
895.0
889.0
867.0
753.0
526.0
373.0
324.0
292.0
250.0
253.395
249.0
240.0
226.0
213.0
218.0
225.0
227.0
347.0
557.0
858.0
884.0
960.0
889.0
903.0
857.0
889.0
878.0
785.0
484.0
437.0
329.0
287.0
281.0
253.87
223.0
235.0
225.0
224.0
213.0
203.0
214.0
322.0
594.0
839.0
905.0
937.0
830.12
886.0
882.0
871.0
868.0
728.0
460.0
357.0
346.0
248.0
231.0
252.865
213.0
179.0
208.0
194.0
204.0
196.0
190.0
198.0
209.0
242.0
260.0
242.0
262.0
242.0
233.0
240.0
230.0
237.0
226.0
214.0
200.0
193.0
207.0
216.5
218.0
195.0
175.88
206.0
215.0
198.5
191.5
197.0
218.0
262.0
253.0
250.26
249.5
248.5
254.0
211.0
236.0
220.0
231.0
226.0
216.0
206.0
199.0
216.5
196.0
196.0
176.0
186.0
198.0
181.0
187.0
317.0
587.0
861.0
867.0
938.0
900.0
887.0
901.0
889.0
912.0
771.12
578.0
465.0
428.12
247.0
258.0
252.865
199.5
204.0
221.0
204.0
220.0
191.0
210.0
331.0
610.0
885.0
883.0
915.0
867.0
869.0
912.0
874.0
887.0
796.0
534.0
415.0
321.0
264.0
235.0
251.86
203.0
212.0
221.0
203.0
227.0
218.0
182.0
337.12
606.0
825.0
882.0
892.0
809.0
881.0
883.0
887.0
856.0
782.0
531.12
469.0
422.0
300.0
238.0
257.95
225.0
231.0
222.0
194.0
246.0
214.0
249.0
344.64
552.52
865.0
907.0
955.32
865.32
912.32
893.0
903.0
861.0
767.0
517.0
428.0
383.0
265.0
268.12
268.885
261.52
209.0
219.0
195.0
226.0
214.0
243.0
326.0
569.0
849.08
895.0
903.1
835.0
874.0
889.12
884.0
857.0
745.0
501.0
419.0
333.0
320.0
270.0
268.885
223.0
211.0
195.0
218.0
226.0
201.0
193.0
196.0
227.0
282.0
246.0
258.52
249.5
255.0
239.0
245.0
252.0
257.0
252.5
224.0
219.0
216.5
207.0
216.5
214.0
210.5
201.5
209.0
209.5
197.5
198.5
187.0
217.0
260.0
253.0
252.26
249.5
260.5
250.0
284.0
289.5
257.0
252.5
237.5
222.5
216.5
207.0
216.5
189.0
187.0
200.0
204.0
179.0
186.0
210.0
321.0
581.0
887.0
897.0
926.0
817.0
867.0
871.12
914.0
867.0
766.0
527.0
451.0
365.0
295.0
240.0
268.885
208.0
231.0
197.0
226.0
219.0
221.0
200.0
330.0
564.0
844.0
882.0
935.0
824.0
856.0
917.0
863.0
865.12
756.0
556.0
447.0
366.0
298.0
250.0
268.885
216.0
255.0
213.0
229.0
198.0
210.0
202.0
362.0
590.0
864.0
861.0
936.0
850.0
867.0
915.0
861.0
872.0
793.08
555.52
464.52
421.0
306.0
278.0
279.82
240.0
212.0
207.0
223.0
223.0
222.0
225.0
348.0
597.0
862.0
859.0
939.0
842.0
898.0
892.0
903.0
886.12
792.0
576.0
497.0
379.0
281.0
257.0
261.32
226.0
219.0
211.0
238.0
202.0
202.0
223.0
357.0
596.0
891.0
908.0
945.0
889.0
895.0
903.0
865.0
867.0
756.0
491.0
399.0
301.0
254.0
226.0
261.32
205.0
210.0
208.0
200.0
193.0
194.0
204.0
178.0
213.0
238.0
260.0
246.0
237.0
266.0
261.0
323.0
327.0
294.0
274.0
251.0
226.0
227.0
215.0
216.5
209.0
216.5
212.5
188.0
198.0
199.0
198.0
187.0
246.0
281.0
262.0
324.0
319.0
304.0
344.0
326.0
308.0
286.0
237.0
188.0
226.0
181.0
205.0
216.5
217.0
175.0
184.0
171.0
183.0
190.0
197.0
294.0
556.12
842.0
902.0
919.0
839.0
899.0
922.0
895.0
882.08
774.0
608.0
494.0
358.0
318.0
255.0
242.82
217.0
214.0
220.0
212.0
226.0
208.0
230.0
332.0
562.0
884.0
889.0
951.0
818.0
898.0
914.0
859.0
883.0
760.0
573.0
422.0
349.0
260.0
247.0
250.32
217.0
202.0
212.0
222.0
226.0
213.0
207.0
360.12
587.0
852.0
895.0
929.0
816.0
875.0
895.0
868.0
863.0
773.0
575.0
468.0
350.0
269.0
250.0
250.32
217.0
238.0
218.0
232.0
231.0
227.0
200.0
372.0
589.0
896.0
913.08
954.0
841.12
909.0
894.0
899.0
887.0
800.0
550.0
451.0
407.0
280.0
270.0
250.32
208.0
249.0
236.0
233.0
216.0
204.0
216.0
348.0
589.0
893.04
905.04
939.0
833.0
871.0
891.0
891.0
853.0
750.0
501.0
408.0
327.0
267.0
247.0
250.32
213.0
223.0
217.0
215.0
219.0
206.0
189.0
242.0
263.0
319.0
304.0
337.0
304.0
312.0
321.0
314.0
272.0
292.0
224.0
249.0
241.0
220.0
203.0
216.5
221.0
199.0
189.0
203.0
221.0
220.0
216.0
363.0
631.0
913.0
935.0
1018.0
934.0
934.0
930.0
930.0
896.0
787.0
595.08
510.0
419.0
266.0
247.0
255.98
220.0
218.0
241.0
201.0
218.5
250.0
212.0
378.0
644.0
875.0
939.08
996.0
904.0
915.0
884.0
935.12
844.0
738.0
464.0
386.0
338.0
293.0
233.0
261.93
197.5
226.0
216.0
225.0
212.0
222.0
204.0
247.0
226.0
261.0
263.0
267.0
292.0
267.84
261.84
285.32
243.5
231.0
255.0
235.5
218.5
224.5
214.0
176.915
197.5
208.0
209.5
214.0
207.0
203.0
218.0
187.0
234.0
202.0
207.0
261.0
248.0
218.0
248.42
269.16
243.5
231.0
243.0
235.5
218.5
225.0
229.0
176.915
209.0
224.0
225.0
196.0
216.0
219.0
205.0
375.12
622.04
895.04
893.0
970.0
894.0
887.0
936.0
875.52
881.52
745.0
455.0
408.0
328.0
323.0
249.0
259.86
247.0
207.0
236.0
210.0
230.0
237.0
262.0
363.0
663.0
841.12
872.0
964.0
883.0
883.0
877.0
868.0
880.0
720.0
468.12
417.0
344.0
340.0
265.0
244.86
240.0
211.0
219.0
223.0
206.0
214.0
239.0
359.0
666.0
902.12
885.0
956.0
912.0
872.0
856.12
744.0
647.0
569.0
396.0
340.0
319.0
289.0
227.0
254.865
188.0
199.0
203.0
203.0
181.0
190.0
177.0
204.0
223.0
229.0
251.0
290.0
286.0
254.0
235.0
253.0
235.0
242.0
231.0
236.0
215.0
196.0
191.0
176.915
202.0
171.0
188.0
189.0
190.0
196.0
173.0
184.0
206.0
205.0
205.0
226.0
240.0
236.0
212.0
221.0
245.0
225.0
229.0
200.0
214.0
181.0
180.0
176.915
191.0
175.0
188.0
188.0
187.0
194.0
183.0
165.0
206.0
175.0
195.0
177.0
206.0
177.0
183.0
208.0
196.0
206.0
215.0
189.0
218.0
216.0
191.0
176.915
189.5
178.0
165.0
198.0
193.0
170.0
173.0
188.0
190.0
199.0
178.0
235.0
228.0
193.0
201.0
193.0
199.0
197.0
225.0
233.0
174.0
210.0
171.0
176.915
188.0
172.0
184.0
179.0
178.0
159.52
178.5
188.0
187.0
240.0
209.0
259.0
246.0
220.0
235.0
238.0
240.0
210.0
224.0
194.0
197.0
202.0
206.0
176.915
180.0
195.0
192.0
177.0
171.0
190.0
184.0
202.0
172.0
197.0
197.0
241.0
239.0
209.0
216.0
194.0
199.0
193.0
230.0
209.0
189.0
177.0
185.0
176.915
173.0
179.0
185.0
181.0
172.0
161.0
180.0
177.0
182.0
175.0
193.0
251.0
224.0
204.0
184.0
208.0
211.0
195.0
204.0
198.0
211.5
201.0
178.0
173.95
181.0
170.0
206.0
193.0
183.0
164.0
202.0
339.0
614.0
859.0
916.0
949.0
862.0
901.0
881.0
891.0
876.0
746.8
460.0
375.0
315.0
271.0
247.0
254.865
228.0
227.0
208.0
216.0
202.0
241.0
235.0
354.0
693.0
693.0
899.08
950.0
845.0
908.0
875.0
920.0
865.0
751.0
524.0
424.0
357.0
303.0
267.0
254.865
223.0
219.0
222.0
241.0
217.0
244.0
247.0
331.0
582.0
846.0
876.0
879.12
798.0
837.08
840.0
852.0
846.0
724.0
466.0
352.0
334.0
270.0
289.0
254.865
208.0
201.0
219.0
218.0
205.0
200.0
206.0
182.0
192.0
213.0
243.0
264.0
276.0
239.0
232.0
269.0
256.0
281.0
257.0
245.0
234.0
225.0
205.0
216.5
214.0
193.0
214.0
203.0
190.0
194.0
194.0
322.0
575.0
885.0
883.0
948.0
864.0
915.0
909.0
905.12
903.0
805.0
568.0
452.0
365.0
322.0
260.0
254.865
237.0
234.0
224.0
208.0
189.0
199.5
207.0
317.0
583.0
839.0
863.0
908.0
801.0
862.0
865.0
863.0
840.0
767.0
489.0
410.0
354.0
319.0
287.0
254.865
217.0
226.0
216.0
213.0
217.0
205.0
210.0
333.0
574.0
885.12
892.0
971.0
822.0
913.0
900.0
901.0
867.0
778.0
537.0
434.12
386.0
310.0
278.0
264.87
233.0
225.0
227.0
218.0
213.0
203.0
213.0
331.0
562.0
865.0
905.0
926.0
835.0
889.0
881.0
862.0
849.0
789.12
557.0
412.0
360.0
323.0
292.0
258.895
218.0
228.0
217.0
214.0
217.0
212.0
210.0
334.0
569.0
804.0
864.0
875.0
832.0
816.0
837.0
795.0
810.0
724.0
513.0
381.0
328.0
291.12
236.0
258.895
234.0
231.0
191.0
202.0
218.0
196.0
201.0
188.0
240.0
208.0
230.0
257.0
264.0
252.0
245.0
263.0
258.0
289.0
236.0
247.0
226.0
249.0
212.0
216.5
191.0
229.0
211.0
191.0
192.0
191.0
183.0
186.0
190.0
258.0
217.0
255.0
276.0
256.0
248.0
201.0
243.0
218.0
230.0
225.0
206.0
219.0
224.0
216.5
208.0
193.0
203.0
198.0
217.0
180.0
206.0
338.0
574.0
846.0
925.0
943.0
871.12
891.0
906.0
876.0
861.0
776.0
492.0
386.0
346.0
266.0
249.0
258.895
218.0
225.0
199.0
212.5
194.0
208.0
215.0
366.0
596.0
882.0
916.0
942.0
861.0
903.0
888.0
923.0
881.08
800.0
484.0
393.0
328.0
266.0
253.0
252.92
221.0
209.0
221.0
227.0
215.0
229.0
229.0
367.0
565.0
861.0
919.0
970.08
858.0
892.0
895.0
889.0
867.0
753.0
526.0
373.0
324.0
292.0
250.0
253.395
249.0
240.0
226.0
213.0
218.0
225.0
227.0
347.0
557.0
858.0
884.0
960.0
889.0
903.0
857.0
889.0
878.0
785.0
484.0
437.0
329.0
287.0
281.0
253.87
223.0
235.0
225.0
224.0
213.0
203.0
214.0
322.0
594.0
839.0
905.0
937.0
830.12
886.0
882.0
871.0
868.0
728.0
460.0
357.0
346.0
248.0
231.0
252.865
213.0
179.0
208.0
194.0
204.0
196.0
190.0
198.0
209.0
242.0
260.0
242.0
262.0
242.0
233.0
240.0
230.0
237.0
226.0
214.0
200.0
193.0
207.0
216.5
218.0
195.0
175.88
206.0
215.0
198.5
191.5
197.0
218.0
262.0
253.0
250.26
249.5
248.5
254.0
211.0
236.0
220.0
231.0
226.0
216.0
206.0
199.0
216.5
196.0
196.0
176.0
186.0
198.0
181.0
187.0
317.0
587.0
861.0
867.0
938.0
900.0
887.0
901.0
889.0
912.0
771.12
578.0
465.0
428.12
247.0
258.0
252.865
199.5
204.0
221.0
204.0
220.0
191.0
210.0
331.0
610.0
885.0
883.0
915.0
867.0
869.0
912.0
874.0
887.0
796.0
534.0
415.0
321.0
264.0
235.0
251.86
203.0
212.0
221.0
203.0
227.0
218.0
182.0
337.12
606.0
825.0
882.0
892.0
809.0
881.0
883.0
887.0
856.0
782.0
531.12
469.0
422.0
300.0
238.0
257.95
225.0
231.0
222.0
194.0
246.0
214.0
249.0
344.64
552.52
865.0
907.0
955.32
865.32
912.32
893.0
903.0
861.0
767.0
517.0
428.0
383.0
265.0
268.12
268.885
261.52
209.0
219.0
195.0
226.0
214.0
243.0
326.0
569.0
849.08
895.0
903.1
835.0
874.0
889.12
884.0
857.0
745.0
501.0
419.0
333.0
320.0
270.0
268.885
223.0
211.0
195.0
218.0
226.0
201.0
193.0
196.0
227.0
282.0
246.0
258.52
249.5
255.0
239.0
245.0
252.0
257.0
252.5
224.0
219.0
216.5
207.0
216.5
214.0
210.5
201.5
209.0
209.5
197.5
198.5
187.0
217.0
260.0
253.0
252.26
249.5
260.5
250.0
284.0
289.5
257.0
252.5
237.5
222.5
216.5
207.0
216.5
189.0
187.0
200.0
204.0
179.0
186.0
210.0
321.0
581.0
887.0
897.0
926.0
817.0
867.0
871.12
914.0
867.0
766.0
527.0
451.0
365.0
295.0
240.0
268.885
208.0
231.0
197.0
226.0
219.0
221.0
200.0
330.0
564.0
844.0
882.0
935.0
824.0
856.0
917.0
863.0
865.12
756.0
556.0
447.0
366.0
298.0
250.0
268.885
216.0
255.0
213.0
229.0
198.0
210.0
202.0
362.0
590.0
864.0
861.0
936.0
850.0
867.0
915.0
861.0
872.0
793.08
555.52
464.52
182.5
242.68
221.59
180.38
271.52
304.84
484.36
689.36
753.52
748.52
657.64
724.16
735.16
711.16
725.16
622.76
443.76
386.4
311.4
284.4
272.76
206.395
187.0
190.0
182.5
266.84000000000003
221.59
180.38
135.8
283.42
151.0
676.52
790.76
812.26
556.0
763.0
1011.0
702.0
779.0
624.0
357.0
259.0
241.0
203.0
241.38
206.395
359.52
150.52
164.18
263.0
175.0
241.0
157.0
164.0
202.0
252.0
255.0
261.0
223.0
246.0
248.0
254.0
238.0
214.0
205.0
198.0
185.0
188.0
168.0
158.87
263.3
158.76
162.36
217.0
175.0
203.0
159.36
159.0
178.5
221.0
213.5
242.5
237.0
211.0
225.5
221.5
216.0
190.5
189.5
188.0
173.0
178.0
174.5
158.87
173.0
192.0
166.0
266.84000000000003
221.59
155.76
205.99
262.0
524.0
795.0
828.0
876.0
779.0
829.0
364.0
721.5
793.0
651.0
444.0
333.0
286.0
228.0
210.0
206.395
220.09
202.0
212.1
291.0
221.59
140.0
205.99
285.6
951.0
805.0
759.0
831.0
284.0
769.0899999999998
790.0
741.0
777.0
634.0
430.0
328.0
288.0
249.0
203.0
206.395
267.18
264.18
258.2
260.18
262.18
257.18
276.18
309.2
512.18
698.18
719.18
722.18
614.2
709.18
700.18
584.18
454.18
494.2
660.18
263.18
348.0
227.0
194.0
206.395
263.3
167.0
164.0
171.0
162.0
165.0
166.0
154.0
155.0
190.0
172.0
224.0
251.0
176.0
203.0
189.0
194.0
167.0
174.0
178.0
161.0
168.0
181.0
147.84
167.08
176.0
150.0
171.0
178.0
154.0
165.0
162.0
170.0
189.0
205.0
229.0
255.0
197.0
201.0
176.0
210.0
187.0
170.0
176.0
188.0
160.0
184.0
149.385
155.08
177.0
160.0
170.0
170.0
153.0
152.0
162.0
160.0
178.0
190.0
183.0
204.0
178.0
199.0
218.0
190.0
179.0
198.0
187.0
170.0
178.0
179.0
150.93
160.0
190.0
149.0
164.0
177.0
161.0
188.0
281.0
507.0
731.0
790.0
818.0
748.0
838.0
824.0
815.0
805.0
656.0
429.0
357.0
317.0
286.0
228.0
242.93
230.0
239.0
197.0
244.0
212.0
223.0
242.0
315.0
577.0
778.0
803.0
636.0
979.0
625.0
946.0
777.0
777.0
625.0
425.0
230.0
301.0
250.5
413.0
193.41
202.0
206.0
450.0
477.0
191.5
248.0
144.0
234.0
242.0
207.0
206.0
243.0
230.0
709.0
684.0
718.0
699.0
612.0
430.0
354.0
285.0
215.0
214.0
193.41
174.0
173.0
180.0
173.0
171.0
180.0
179.0
222.0
409.0
682.0
490.0
823.0
719.0
793.0
796.0
768.0
772.0
634.0
449.0
376.0
310.0
242.0
222.0
193.41
167.0
174.0
188.0
167.0
173.0
181.0
197.0
251.0
461.0
745.0
774.0
827.0
743.0
769.0
743.0
773.0
761.0
681.0
468.0
418.0
312.0
242.0
232.0
193.41
177.0
166.0
190.0
160.0
164.0
186.0
182.0
252.0
439.0
745.0
791.0
833.0
749.0
778.0
758.0
764.0
723.0
639.0
382.0
341.0
262.0
223.0
212.0
193.41
178.0
174.0
172.0
153.0
194.0
167.0
155.0
168.0
185.0
244.0
251.0
260.0
246.0
268.0
271.0
265.0
260.0
213.0
192.0
199.0
202.0
164.0
177.5
160.42000000000004
168.0
161.0
172.0
146.5
161.0
181.0
166.0
177.0
201.0
246.0
280.0
308.0
237.0
287.0
287.0
321.0
286.0
236.0
223.0
185.0
172.0
191.0
176.0
169.91
160.0
165.0
168.0
153.0
181.0
152.0
180.0
284.0
437.0
753.0
807.0
883.0
799.0
826.0
813.0
811.0
801.0
701.0
465.0
411.0
353.0
260.0
247.0
193.41
191.0
188.0
178.0
175.0
205.0
156.0
208.0
264.0
480.0
772.0
806.0
882.0
780.0
815.0
799.0
814.0
789.0
687.0
487.0
438.0
354.0
266.0
248.0
193.41
183.0
198.0
161.0
200.0
168.0
186.0
188.0
267.0
522.0
779.0
839.0
894.0
837.0
838.0
808.0
805.0
798.0
703.0
477.0
454.0
365.0
292.0
271.0
193.41
224.0
203.0
188.0
191.0
192.0
189.0
214.0
264.0
469.0
792.0
811.0
873.0
775.0
809.0
778.0
761.0
758.0
645.0
449.0
373.0
334.0
268.0
243.0
193.41
184.0
192.0
208.0
183.0
203.0
163.5
191.0
266.0
475.0
734.0
764.0
835.0
768.0
758.0
702.0
688.0
568.0
484.0
337.0
256.0
242.0
222.0
159.0
143.89
171.0
147.0
161.0
146.5
146.0
140.0
130.0
135.0
132.0
148.0
161.0
171.0
151.56
161.56
165.0
173.0
148.0
165.0
161.0
131.0
162.0
154.0
129.0
145.87
136.0
133.0
154.0
140.0
132.0
147.0
129.5
136.0
148.0
189.0
181.0
171.0
194.0
205.0
188.0
182.0
182.0
156.0
134.0
158.0
162.0
137.0
136.0
159.84
138.04
148.04
145.0
139.0
150.0
136.0
129.0
137.0
144.0
162.0
151.0
211.0
197.0
180.0
171.0
186.0
162.0
141.0
145.0
175.0
146.0
140.0
137.0
155.88
133.0
138.0
146.0
146.0
135.0
133.0
131.0
138.0
132.0
148.0
167.0
192.0
200.0
187.0
162.0
172.5
161.0
175.0
140.0
148.0
150.0
145.0
137.0
138.86
135.0
133.0
159.0
134.0
141.0
135.5
141.0
139.0
149.08
168.08
188.0
208.0
200.0
183.0
193.0
159.0
172.0
192.0
151.0
172.0
133.0
159.0
152.0
140.9
159.0
138.0
148.0
142.0
150.0
138.0
138.0
129.0
137.0
160.0
177.0
211.0
207.0
175.0
178.0
175.0
155.0
180.0
156.0
158.0
139.0
155.0
129.0
163.82
164.5
137.0
151.0
148.0
147.0
129.0
144.5
142.0
140.0
189.0
179.0
242.0
235.0
217.0
187.0
200.0
196.0
186.0
173.5
158.08
171.0
151.0
139.0
149.87
136.0
137.0
143.0
141.0
134.0
138.0
191.0
246.5
409.56
694.0
725.0
751.0
648.0
724.0
698.0
709.0
695.0
562.0
348.0
275.0
263.0
220.0
188.0
143.89
173.0
151.0
162.0
168.0
151.0
166.0
168.0
227.0
429.0
689.0
687.0
750.0
635.0
697.0
685.0
709.0
679.0
574.0
323.0
271.0
244.0
244.0
196.0
143.89
178.0
165.0
181.0
173.0
170.0
167.04
171.0
251.0
438.0
702.2
714.4
743.4
645.4
718.4
695.4
706.2
687.2
607.2
392.2
334.2
322.2
252.68
201.0
143.89
188.5
162.52
178.5
174.0
165.0
166.0
174.0
239.0
430.0
688.0
735.0
758.0
670.0
736.0
737.0
732.0
702.0
613.0
367.0
303.0
279.0
272.0
231.0
143.89
199.0
172.0
176.0
175.0
167.0
185.0
168.0
230.0
406.0
670.24
719.24
725.24
645.24
688.0
701.84
664.84
683.84
567.84
351.84
314.84
286.0
275.0
229.0
143.89
188.0
204.0
187.0
162.0
206.0
183.0
197.0
241.0
458.0
742.0
708.0
782.52
668.52
726.0
718.0
712.0
717.0
591.0
347.0
290.0
258.0
232.0
230.0
143.89
170.0
166.52
177.5
173.0
172.0
174.0
175.0
266.0
449.0
738.0
727.0
790.0
713.0
748.0
725.0
719.0
717.0
601.0
357.0
291.0
253.0
235.0
204.0
143.89
170.0
173.0
172.0
154.0
173.0
187.0
151.0
155.0
149.38
237.0
232.0
249.0
236.5
230.5
231.0
218.0
223.0
211.0
191.0
183.0
183.0
175.0
166.0
148.36
162.0
168.0
162.0
178.0
165.0
154.52
160.5
159.76
158.76
240.5
250.0
248.5
236.5
230.5
201.0
206.0
211.0
216.0
223.0
196.0
188.0
188.0
172.0
148.36
176.0
154.0
168.0
146.0
172.5
172.0
162.0
290.0
411.0
742.0
779.0
815.0
716.0
763.0
782.0
788.0
759.0
653.0
409.0
320.0
288.0
261.0
206.0
143.89
177.94
165.5
172.0
156.0
172.5
171.5
168.5
278.6
450.6
674.6
707.6
694.6
617.6
707.6
716.6
709.6
687.6
609.6
403.6
342.6
338.6
297.6
231.0
143.89
179.88
177.0
176.0
166.0
173.0
171.0
175.0
244.0
453.0
753.0
787.0
837.0
709.0
763.0
775.0
755.0
752.0
656.0
232.0
388.0
666.0
940.0
962.0
1051.7199999999998
946.68
973.68
999.12
948.0
909.0
805.0
488.0
359.0
337.0
275.0
245.0
253.41
202.0
203.0
205.0
213.0
215.0
199.0
208.0
215.0
221.5
223.0
264.08
243.08
311.64
255.7
268.74
279.04
246.04
232.0
239.5
232.5
248.0
204.5
231.0
176.915
200.0
200.0
181.0
190.0
197.0
216.0
196.0
205.0
217.0
207.0
239.0
272.0
318.12
257.0
262.0
243.0
264.0
221.0
265.0
235.0
253.0
195.0
215.0
176.915
188.0
224.0
195.0
197.0
204.0
187.0
185.0
369.0
632.0
950.32
1007.32
1055.32
959.0
1006.4
973.4
994.4
967.52
843.4
585.12
426.0
474.0
309.0
258.0
253.41
231.0
211.0
227.0
241.0
217.0
223.0
240.0
350.0
625.8
957.32
1002.32
1048.12
964.12
989.12
955.44
978.44
934.44
865.44
583.44
446.64
357.0
318.0
276.0
253.41
223.5
206.0
225.0
236.5
235.0
231.0
219.0
376.0
642.0
923.0
957.0
1049.0
934.0
969.08
959.08
942.12
900.0
842.0
520.0
431.0
356.0
290.0
258.0
251.9
216.0
201.0
223.0
232.0
211.0
214.0
212.0
376.0
663.0
909.0
952.0
1045.0
937.0
948.0
971.24
924.0
906.0
812.0
512.0
364.0
343.0
317.0
253.0
249.905
217.0
211.0
194.0
213.0
195.0
214.0
206.0
342.0
599.0
905.0
929.0
1030.0
956.0
954.0
913.0
903.0
884.0
773.0
507.0
362.0
315.0
255.0
237.0
249.905
194.0
192.0
205.0
195.0
197.0
204.0
189.5
213.0
212.0
255.0
285.0
270.52
251.52
286.0
267.0
243.0
252.0
246.0
245.0
221.0
211.0
217.0
202.0
176.915
216.0
201.0
200.0
186.0
189.0
192.0
183.0
196.0
189.0
219.0
224.0
291.0
284.0
241.0
242.0
251.0
268.0
255.0
226.0
241.0
229.0
231.0
208.0
176.915
185.0
193.0
188.0
193.0
202.0
185.0
212.0
350.0
637.0
972.0
928.0
1048.0
959.0
959.12
990.0
946.0
935.0
823.0
531.0
477.16
362.0
316.0
245.0
249.905
273.24
203.5
256.24
199.0
280.24
197.0
216.5
349.24
609.24
787.24
978.0
1044.0
945.0
967.0
990.0
961.0
914.0
817.0
565.0
423.0
349.0
288.0
242.0
249.905
234.62
214.0
245.0
205.0
218.0
209.0
221.0
361.0
671.0
929.0
997.0
1063.0
956.0
967.0
974.0
955.0
922.0
808.0
522.0
427.0
387.0
310.0
239.0
249.905
234.62
214.0
228.0
215.0
213.0
211.0
225.0
394.0
677.0
940.0
979.0
1062.24
956.0
948.0
951.0
949.16
960.0
815.0
492.0
395.0
344.12
292.0
244.0
249.905
234.62
238.0
197.0
206.5
213.0
199.0
217.0
367.0
646.0
944.0
932.0
1029.0
904.0
1000.0
940.0
939.0
895.0
810.0
487.0
330.0
312.0
279.0
225.0
249.905
205.0
218.0
185.0
191.0
173.0
186.0
194.0
208.0
204.0
273.0
297.0
296.0
298.0
295.0
299.0
299.0
298.0
264.0
244.0
231.0
224.0
223.0
200.0
176.915
193.0
206.0
182.0
203.0
174.0
190.0
188.0
167.0
192.0
230.0
208.0
244.0
270.0
234.0
240.0
258.0
232.0
241.0
229.0
228.0
241.0
217.0
207.0
176.915
196.0
196.0
197.0
198.0
215.0
183.0
202.0
349.0
591.0
894.0
920.0
992.0
950.0
987.12
945.0
929.0
881.0
792.0
543.0
432.0
297.0
283.12
240.0
249.905
233.0
213.0
196.0
232.0
212.0
205.0
219.0
356.0
590.0
931.0
931.0
1040.0
946.0
989.0
996.12
960.0
952.0
855.0
567.0
455.0
356.0
291.0
248.0
249.905
218.0
231.0
227.0
218.0
228.0
220.0
255.0
378.0
622.0
950.0
998.0
1057.52
956.52
1009.0
970.0
934.0
937.0
798.0
482.0
436.0
361.0
292.0
279.0
249.905
238.0
203.0
214.0
220.0
217.0
246.0
213.0
374.0
641.0
930.0
945.0
1039.12
939.0
954.0
983.0
935.0
952.0
830.0
578.0
430.0
389.0
338.0
258.0
247.91
246.0
230.0
208.0
221.0
209.0
235.0
240.0
364.0
624.0
958.12
965.12
1018.0
972.0
950.0
941.0
980.0
923.0
812.0
498.0
432.0
361.0
325.0
246.0
251.385
207.0
242.0
204.0
204.0
209.0
188.0
221.0
245.0
228.0
260.0
286.0
284.0
251.0
315.0
276.0
300.0
288.0
257.0
257.0
246.0
238.0
225.0
218.0
176.915
221.0
233.0
198.0
186.0
212.0
199.0
190.0
216.0
223.0
208.0
217.0
292.0
268.0
241.0
220.0
217.0
242.0
231.0
211.0
228.0
241.0
221.0
215.0
176.915
202.0
199.0
211.0
215.0
199.0
188.0
215.0
345.0
691.0
965.0
1001.12
1021.64
952.0
991.0
996.0
972.08
951.0
810.0
552.12
459.0
407.0
335.0
268.0
251.385
219.5
222.5
215.5
228.5
205.5
191.0
243.28
399.28
653.28
910.28
951.28
1025.28
949.28
970.28
947.0
945.12
915.0
796.0
532.0
463.0
367.0
313.0
270.0
254.86
237.0
246.0
220.0
242.0
212.0
191.0
220.64
411.0
664.0
928.0
917.0
1003.12
922.0
949.0
933.0
936.08
900.0
745.0
453.0
401.0
298.0
288.0
222.0
258.545
204.0
211.0
205.0
192.0
216.0
213.0
190.0
222.0
201.0
226.0
214.0
295.0
280.0
224.0
259.0
234.0
223.0
238.0
204.0
242.0
211.0
212.0
184.0
176.915
211.0
188.0
183.0
199.0
194.0
170.0
193.0
187.0
241.0
251.0
216.0
324.0
309.0
253.0
232.0
228.0
261.0
225.5
213.0
216.0
209.0
190.0
195.0
176.915
199.0
199.0
226.0
185.0
199.0
185.0
181.0
195.0
204.0
213.0
219.0
237.0
218.0
224.0
234.0
231.0
249.0
213.0
222.0
213.0
223.0
205.0
198.0
176.915
208.0
204.0
197.0
196.0
199.0
194.0
198.0
365.0
667.0
905.0
947.0
1052.0
927.0
975.0
927.0
942.0
899.0
797.0
455.0
358.0
336.0
292.0
235.0
258.545
217.5
225.0
237.0
235.0
198.0
213.0
214.0
371.0
640.0
947.0
973.0
1051.0
960.24
1024.0
1002.0
978.0
978.0
872.12
642.0
518.0
365.12
311.0
275.0
262.23
217.5
227.0
236.0
254.0
220.0
238.0
221.0
412.04
626.04
928.0
1009.0
1055.0
948.0
995.0
986.0
987.0
942.0
793.0
640.12
445.0
369.0
313.0
262.0
243.27
217.5
226.0
221.0
242.0
201.0
235.0
262.0
359.0
629.0
938.0
978.0
1043.0
959.0
976.0
935.0
952.0
946.96
798.84
546.84
427.52
350.0
306.0
260.0
247.76
217.5
221.0
215.0
212.0
214.0
206.0
217.0
373.08
644.0
923.0
968.12
1028.28
932.28
972.28
940.28
911.0
895.0
808.12
516.0
411.0
342.0
300.0
245.0
252.25
217.5
214.0
217.0
213.0
231.0
242.0
215.0
378.0
629.0
873.0
896.0
989.0
881.0
877.0
947.0
863.0
875.0
786.0
495.0
388.0
352.0
273.0
241.0
251.115
203.0
201.0
215.0
195.0
205.5
192.0
189.0
196.5
222.0
228.0
223.0
249.0
240.0
223.0
237.0
254.0
222.0
225.0
233.0
216.0
219.0
216.0
206.0
176.915
207.0
203.0
204.0
205.0
212.0
199.0
197.0
198.0
200.0
210.0
236.0
249.0
244.0
235.0
239.0
220.0
252.0
220.0
235.0
245.0
220.5
207.0
215.0
176.915
227.0
207.0
217.0
221.0
197.0
193.0
200.0
401.56
596.56
882.0
961.0
1017.12
925.0
939.0
940.0
924.0
913.0
791.0
565.0
435.0
354.0
270.0
245.0
251.115
230.0
216.0
219.0
229.0
207.0
213.0
244.0
339.0
655.0
900.0
934.0
981.12
883.0
919.0
935.0
907.0
913.0
778.0
452.0
386.0
356.0
278.0
235.0
251.115
230.5
226.0
209.0
221.0
222.0
219.0
214.0
360.0
629.0
894.0
941.0
1003.0
910.0
939.32
924.32
918.4
873.56
779.56
487.56
407.08
340.2
288.08
253.5
251.115
230.5
208.0
204.5
233.0
218.0
221.5
210.0
378.16
649.16
909.92
946.0
1007.92
872.92
921.16
909.04
882.76
879.76
740.76
557.88
412.76
378.36
330.04
215.5
205.0
216.0
208.5
218.5
204.5
214.5
208.0
220.5
252.0
251.5
242.76
252.26
257.74
255.24
251.84
253.0
215.0
251.5
226.0
211.0
163.925
246.84
255.66
232.0
240.5
231.5
217.5
204.0
334.0
573.0
906.0
931.44
985.32
942.44
939.68
942.68
944.68
917.16
791.16
572.16
528.16
405.16
361.16
278.0
267.155
246.84
255.66
234.0
243.0
237.0
211.0
247.0
334.0
587.0
894.0
947.0
971.4
868.32
927.4
928.0
900.44
920.44
778.44
547.44
459.44
381.44
301.44
269.0
272.09
246.84
252.32
225.0
242.0
223.0
249.0
212.0
356.0
596.08
837.0
907.0
955.0
923.0
883.0
923.0
876.0
859.0
768.0
538.0
383.0
349.0
329.0
278.0
249.98
246.84
241.0
216.0
238.0
244.0
224.0
238.0
337.0
557.0
885.0
919.0
939.0
864.12
892.0
922.0
883.0
865.0
760.0
527.0
413.0
335.0
322.0
285.0
250.395
246.84
234.0
208.0
226.0
211.0
233.0
215.0
351.0
581.0
914.12
918.52
941.52
862.52
906.52
902.12
929.0
889.12
770.32
514.32
413.32
348.0
282.0
274.0
250.395
219.5
198.0
215.5
194.0
225.0
207.0
218.5
204.5
210.0
241.0
210.0
252.0
249.0
232.0
237.0
238.0
257.0
241.0
252.0
215.0
251.5
226.0
211.0
163.925
219.5
212.0
210.0
201.0
204.0
200.0
235.0
200.0
215.0
228.0
234.0
269.0
239.0
253.0
264.0
225.0
233.0
233.0
221.0
214.0
239.0
224.0
210.0
163.925
246.84
214.0
198.0
219.0
198.0
227.0
215.0
334.0
572.0
915.0
966.0
984.0
925.0
935.0
952.0
895.0
917.0
801.0
531.0
407.12
305.0
275.0
246.0
250.395
208.0
229.0
225.0
228.0
216.0
199.0
244.0
311.0
628.0
903.0
942.0
955.0
866.12
937.0
936.0
905.12
910.0
765.0
524.12
454.0
341.0
299.0
247.0
250.81
211.0
256.92
270.92
267.92
227.5
259.92
272.92
302.92
368.92
883.0
909.0
941.0
865.0
869.0
897.0
858.0
761.0
695.0
493.0
435.0
369.12
314.0
245.0
265.94
214.0
242.0
228.0
233.0
239.0
225.0
239.0
320.0
608.0
881.0
908.0
927.12
878.0
899.0
867.0
891.0
860.0
767.08
575.0
495.0
397.0
313.0
256.0
262.86
242.0
225.0
220.0
229.0
233.0
242.0
218.0
371.0
603.0
911.0
922.0
941.0
888.0
900.0
920.0
949.0
879.0
763.0
502.0
435.0
316.0
342.0
261.0
263.345
222.0
195.0
207.0
212.0
209.0
211.0
208.0
204.0
239.0
256.0
249.0
248.0
260.0
275.0
264.0
259.0
246.0
256.0
232.0
241.0
222.0
225.0
197.0
163.925
196.0
189.0
191.0
199.0
186.0
199.0
195.0
199.0
220.0
209.0
257.0
236.0
240.0
252.0
272.0
223.0
236.0
239.0
243.0
254.0
214.0
211.0
227.0
163.925
198.0
197.0
209.0
197.0
199.0
183.0
180.0
344.0
577.0
895.0
913.08
963.0
876.0
909.2
913.0
929.0
895.0
779.0
592.0
470.0
375.0
317.0
267.0
263.345
217.0
218.0
212.0
204.0
213.5
190.0
236.0
334.0
573.0
840.0
861.0
893.0
836.0
902.0
864.0
879.0
889.0
758.0
498.0
450.24
352.0
296.0
242.0
263.345
256.0
237.0
215.0
211.0
228.0
240.0
208.0
329.0
570.0
850.0
875.0
893.0
818.0
910.0
868.12
895.0
863.0
790.0
554.0
454.0
388.0
336.0
327.0
263.83
238.0
269.0
229.0
228.0
216.0
223.0
264.0
336.0
557.0
849.0
902.0
911.0
849.0
888.0
900.0
884.0
876.0
762.0
580.0
441.0
377.0
299.0
284.0
278.88
218.0
239.0
210.0
217.0
217.0
202.0
224.0
345.12
564.0
860.0
856.0
904.0
817.12
883.0
871.0
838.0
829.0
710.0
522.0
402.0
349.0
284.0
218.0
269.46500000000003
196.0
196.0
209.0
215.0
201.0
181.0
195.0
185.0
196.0
212.0
231.0
247.0
230.0
226.0
242.0
240.0
244.0
259.0
241.0
235.0
220.0
199.0
178.0
163.925
200.0
209.0
200.0
209.0
183.0
195.0
177.0
198.0
195.0
216.0
209.0
202.0
211.0
225.0
222.0
199.0
208.0
226.0
191.0
213.0
246.0
195.0
193.0
163.925
185.0
186.0
195.0
193.0
184.0
174.0
202.0
190.0
185.0
218.0
233.0
219.0
233.0
243.0
248.0
240.0
256.0
228.0
216.0
227.0
209.0
218.0
187.0
163.925
195.0
185.0
202.0
190.0
198.0
185.0
190.0
315.0
596.0
893.0
943.0
953.0
888.0
929.12
957.0
907.08
905.0
804.0
546.08
486.0
348.0
277.0
251.0
269.46500000000003
189.0
219.0
215.0
207.0
217.0
204.0
202.0
320.0
612.0
864.0
896.0
925.0
841.0
911.0
907.12
893.0
885.0
752.0
545.0
467.0
355.0
327.0
221.0
269.46500000000003
202.5
230.0
203.5
212.0
204.0
220.0
208.0
349.0
563.0
861.0
874.0
940.0
832.0
868.0
881.0
865.0
894.0
748.0
515.0
376.0
341.0
302.0
279.08
269.46500000000003
216.0
241.0
203.5
210.0
210.0
203.0
219.0
331.0
587.0
829.0
879.0
872.0
802.0
859.0
829.0
844.0
827.12
673.0
477.0
409.0
278.0
247.0
218.0
269.46500000000003
179.0
181.0
204.0
175.0
182.0
182.0
197.0
176.0
208.0
240.0
216.0
242.0
205.0
234.0
246.0
221.0
206.0
243.0
212.0
202.0
187.0
197.0
177.0
163.925
173.0
181.0
177.0
193.0
193.0
190.0
177.0
208.0
229.56
211.0
213.0
214.0
208.0
240.0
206.0
212.0
268.0
206.0
219.0
213.0
209.0
221.0
186.0
163.925
195.0
199.0
192.0
200.0
178.0
187.0
192.0
322.0
581.0
854.12
860.0
871.0
798.0
841.0
851.0
863.12
832.0
700.0
513.0
420.0
323.0
290.0
256.0
269.46500000000003
206.0
213.0
237.0
227.0
202.0
205.0
213.0
343.0
586.0
822.04
893.04
928.0
840.0
882.0
900.08
864.0
848.0
758.0
492.0
437.0
402.12
293.0
239.0
269.46500000000003
239.0
194.0
220.0
236.0
213.0
205.0
234.0
334.0
584.0
813.0
868.0
902.0
822.0
857.0
851.0
825.0
864.0
707.0
531.0
436.0
369.0
341.0
249.0
260.05
222.5
233.0
220.0
224.0
220.0
208.0
238.0
343.0
585.0
885.0
928.0
933.0
842.0
890.12
887.12
894.0
856.0
752.2
516.0
396.0
353.0
258.0
274.0
252.485
206.0
222.0
233.0
195.0
218.0
209.0
205.0
336.0
591.0
827.0
855.0
897.0
839.0
873.12
855.0
847.0
820.0
714.0
490.0
443.0
367.0
267.0
216.0
252.485
209.0
195.0
210.0
195.0
220.0
191.0
200.0
218.0
251.12
285.0
259.0
313.0
265.0
300.0
282.0
279.0
267.0
247.0
248.0
250.0
230.0
214.0
218.0
163.925
197.0
184.0
206.0
190.0
187.0
189.0
206.0
214.0
207.0
221.0
211.0
230.0
245.0
237.0
205.0
233.0
248.0
241.0
237.0
207.0
225.0
207.0
210.0
163.925
187.0
210.0
207.0
207.0
193.0
207.0
199.0
344.0
603.0
857.0
897.0
943.0
867.0
929.0
903.0
909.0
890.0
804.0
535.0
426.0
346.0
316.0
271.0
252.485
201.0
195.0
201.0
235.0
210.5
210.5
207.0
329.0
597.0
840.0
930.0
932.0
864.0
893.12
896.0
881.08
877.0
792.0
527.12
426.0
343.0
295.0
246.0
244.92
216.0
250.0
226.0
229.0
228.0
214.0
222.0
311.0
610.0
831.0
887.0
901.0
831.0
900.0
868.0
877.0
863.0
756.0
539.0
445.0
366.0
297.0
268.0
257.45
219.0
203.0
213.0
213.0
214.0
215.0
202.0
320.0
602.0
835.0
915.0
893.0
823.0
825.0
816.12
837.0
820.0
720.0
486.0
385.0
326.0
280.0
248.0
257.45
231.0
202.0
204.0
210.0
232.0
206.0
190.0
343.0
664.0
848.0
877.0
890.0
799.12
866.0
865.12
845.0
869.0
711.0
451.0
376.0
310.0
273.0
245.0
257.45
186.0
193.0
193.0
220.0
183.0
204.0
206.0
200.0
228.0
258.0
289.0
277.0
283.0
271.0
280.0
291.0
267.0
245.0
868.0
728.0
460.0
357.0
346.0
248.0
231.0
252.865
213.0
179.0
208.0
194.0
204.0
196.0
190.0
198.0
209.0
242.0
260.0
242.0
262.0
242.0
233.0
240.0
230.0
237.0
226.0
214.0
200.0
193.0
207.0
216.5
218.0
195.0
175.88
206.0
215.0
198.5
191.5
197.0
218.0
262.0
253.0
250.26
249.5
248.5
254.0
211.0
236.0
220.0
231.0
226.0
216.0
206.0
199.0
216.5
196.0
196.0
176.0
186.0
198.0
181.0
187.0
317.0
587.0
861.0
867.0
938.0
900.0
887.0
901.0
889.0
912.0
771.12
578.0
465.0
428.12
247.0
258.0
252.865
199.5
204.0
221.0
204.0
220.0
191.0
210.0
331.0
610.0
885.0
883.0
915.0
867.0
869.0
912.0
874.0
887.0
796.0
534.0
415.0
321.0
264.0
235.0
251.86
203.0
212.0
221.0
203.0
227.0
218.0
182.0
337.12
606.0
825.0
882.0
892.0
809.0
881.0
883.0
887.0
856.0
782.0
531.12
469.0
422.0
300.0
238.0
257.95
225.0
231.0
222.0
194.0
246.0
214.0
249.0
344.64
552.52
865.0
907.0
955.32
865.32
912.32
893.0
903.0
861.0
767.0
517.0
428.0
383.0
265.0
268.12
268.885
261.52
209.0
219.0
195.0
226.0
214.0
243.0
326.0
569.0
849.08
895.0
903.1
835.0
874.0
889.12
884.0
857.0
745.0
501.0
419.0
333.0
320.0
270.0
268.885
223.0
211.0
195.0
218.0
226.0
201.0
193.0
196.0
227.0
282.0
246.0
258.52
249.5
255.0
239.0
245.0
252.0
257.0
252.5
224.0
219.0
216.5
207.0
216.5
214.0
210.5
201.5
209.0
209.5
197.5
198.5
187.0
217.0
260.0
253.0
252.26
249.5
260.5
250.0
284.0
289.5
257.0
252.5
237.5
222.5
216.5
207.0
216.5
189.0
187.0
200.0
204.0
179.0
186.0
210.0
321.0
581.0
887.0
897.0
926.0
817.0
867.0
871.12
914.0
867.0
766.0
527.0
451.0
365.0
295.0
240.0
268.885
208.0
231.0
197.0
226.0
219.0
221.0
200.0
330.0
564.0
844.0
882.0
935.0
824.0
856.0
917.0
863.0
865.12
756.0
556.0
447.0
366.0
298.0
250.0
268.885
216.0
255.0
213.0
229.0
198.0
210.0
202.0
362.0
590.0
864.0
861.0
936.0
850.0
867.0
915.0
861.0
872.0
793.08
555.52
464.52
421.0
306.0
278.0
279.82
240.0
212.0
207.0
223.0
223.0
222.0
225.0
348.0
597.0
862.0
859.0
939.0
842.0
898.0
892.0
903.0
886.12
792.0
576.0
497.0
379.0
281.0
257.0
261.32
226.0
219.0
211.0
238.0
202.0
202.0
223.0
357.0
596.0
891.0
908.0
945.0
889.0
895.0
903.0
865.0
867.0
756.0
491.0
399.0
301.0
254.0
226.0
261.32
205.0
210.0
208.0
200.0
193.0
194.0
204.0
178.0
213.0
238.0
260.0
246.0
237.0
266.0
261.0
323.0
327.0
294.0
274.0
251.0
226.0
227.0
215.0
216.5
209.0
216.5
212.5
188.0
198.0
199.0
198.0
187.0
246.0
281.0
262.0
324.0
319.0
304.0
344.0
326.0
308.0
286.0
237.0
188.0
226.0
181.0
205.0
216.5
217.0
175.0
184.0
171.0
183.0
190.0
197.0
294.0
556.12
842.0
902.0
919.0
839.0
899.0
922.0
895.0
882.08
774.0
608.0
494.0
358.0
318.0
255.0
242.82
217.0
214.0
220.0
212.0
226.0
208.0
230.0
332.0
562.0
884.0
889.0
951.0
818.0
898.0
914.0
859.0
883.0
760.0
573.0
422.0
349.0
260.0
247.0
250.32
217.0
202.0
212.0
222.0
226.0
213.0
207.0
360.12
587.0
852.0
895.0
929.0
816.0
875.0
895.0
868.0
863.0
773.0
575.0
468.0
350.0
269.0
250.0
250.32
217.0
238.0
218.0
232.0
231.0
227.0
200.0
372.0
589.0
896.0
913.08
954.0
841.12
909.0
894.0
899.0
887.0
800.0
550.0
451.0
407.0
280.0
270.0
250.32
208.0
249.0
236.0
233.0
216.0
204.0
216.0
348.0
589.0
893.04
905.04
939.0
833.0
871.0
891.0
891.0
853.0
750.0
501.0
408.0
327.0
267.0
247.0
250.32
213.0
223.0
217.0
215.0
219.0
206.0
189.0
242.0
263.0
319.0
304.0
337.0
304.0
312.0
321.0
314.0
272.0
292.0
224.0
249.0
241.0
220.0
203.0
216.5
221.0
199.0
189.0
203.0
241.0
201.0
197.0
220.0
193.0
220.0
213.0
270.0
221.0
257.0
233.0
240.0
232.0
244.0
223.0
234.0
225.0
214.0
203.0
216.5
221.0
210.0
208.0
224.0
189.0
212.0
186.0
330.0
591.0
870.0
905.0
940.0
860.0
895.0
893.0
925.0
885.0
771.0
545.0
410.0
319.0
308.0
204.0
250.32
211.0
232.0
205.0
225.0
193.0
217.0
216.0
316.0
602.0
877.0
912.0
945.0
842.0
945.0
889.0
901.0
916.0
730.0
518.0
422.0
347.0
287.0
264.0
250.32
234.0
220.0
227.0
193.0
208.0
170.0
227.0
310.0
536.0
872.0
861.0
898.0
827.0
880.0
877.0
837.0
892.0
757.0
483.0
437.0
341.0
295.0
222.0
250.32
231.0
226.0
207.0
204.0
230.0
215.0
184.0
341.0
554.0
863.0
881.0
949.0
830.0
903.0
877.0
889.0
835.0
738.0
548.0
475.0
403.0
287.0
243.0
257.82
220.0
207.0
198.0
204.0
198.0
185.0
224.0
324.0
552.0
893.0
883.0
901.0
758.0
837.0
785.0
767.0
792.0
646.0
484.0
416.0
311.0
263.08
240.5
251.475
228.0
212.0
196.0
209.0
231.0
197.0
233.0
232.0
209.0
307.0
313.0
331.0
311.0
313.0
330.0
314.0
320.12
310.0
257.0
221.0
240.0
234.0
202.0
216.5
206.0
218.0
199.0
197.0
206.0
204.0
225.0
217.0
204.0
214.0
241.0
254.0
253.0
239.0
248.0
248.0
251.0
244.0
259.0
267.0
213.0
241.0
221.0
216.5
223.0
184.0
230.0
206.0
210.0
197.0
191.0
318.0
606.0
855.0
899.0
964.0
841.0
895.0
884.0
894.0
879.0
783.0
570.0
536.0
376.0
248.0
238.0
251.475
227.0
206.0
211.0
216.5
213.0
210.5
209.0
304.04
596.0
897.0
884.0
947.0
810.0
939.0
896.0
888.0
886.0
752.0
619.0
474.0
374.0
312.0
249.0
245.13
227.0
228.0
192.0
227.0
216.0
224.0
227.0
331.0
645.0
886.32
907.44
946.32
858.0
898.0
911.0
910.56
888.56
777.08
589.08
426.04
321.44
277.44
247.0
268.805
231.0
202.0
220.0
200.0
239.0
199.0
205.0
321.0
616.0
877.0
914.0
989.0
833.0
912.0
898.0
905.0
887.0
763.0
552.0
446.0
377.0
255.0
256.0
268.805
244.76
205.0
214.5
194.5
219.5
231.0
218.0
303.0
567.0
901.0
944.0
988.0
882.0
898.0
889.0
923.0
881.0
745.0
540.0
406.0
320.0
293.0
265.0
268.805
205.0
213.5
206.5
196.5
203.0
203.5
205.0
208.0
231.26
258.92
271.92
295.92
255.92
288.02
277.92
267.92
291.92
255.92
247.92
261.22
218.5
225.5
220.5
216.5
205.0
213.5
206.5
196.5
203.0
203.5
205.0
208.0
231.26
278.22
266.44
273.44
288.96
288.02
265.44
317.98
271.44
287.96
252.44
255.44
218.5
225.5
220.5
216.5
244.76
205.0
214.5
194.5
219.5
228.5
196.5
329.92
591.92
922.92
893.92
947.92
866.92
901.92
928.92
907.92
919.92
784.92
573.92
472.92
378.92
315.92
265.0
268.805
244.76
208.0
209.0
189.0
200.0
226.0
175.0
371.0
596.0
879.08
921.84
911.28
871.28
924.76
914.0
899.0
892.0
768.32
561.32
486.32
359.0
292.0
265.0
268.805
244.76
264.56
236.94
229.44
226.44
239.44
257.68
380.88
616.88
857.88
915.88
890.88
845.36
839.49
862.88
822.89
864.88
811.88
615.89
504.6
379.6
348.61
326.6
292.48
258.52
259.22
236.94
229.44
226.44
239.44
256.88
363.56
585.6
812.8
878.8
883.8
809.8
832.8
824.8
864.8
843.8
766.8
611.8
506.8
405.8
314.8
317.8
296.07
250.28
253.88
264.88
269.88
252.88
252.88
251.88
376.88
202.0
199.0
211.0
215.0
199.0
188.0
215.0
345.0
691.0
965.0
1001.12
1021.64
952.0
991.0
996.0
972.08
951.0
810.0
552.12
459.0
407.0
335.0
268.0
251.385
219.5
222.5
215.5
228.5
205.5
191.0
243.28
399.28
653.28
910.28
951.28
1025.28
949.28
970.28
947.0
945.12
915.0
796.0
532.0
463.0
367.0
313.0
270.0
254.86
237.0
246.0
220.0
242.0
212.0
191.0
220.64
411.0
664.0
928.0
917.0
1003.12
922.0
949.0
933.0
936.08
900.0
745.0
453.0
401.0
298.0
288.0
222.0
258.545
204.0
211.0
205.0
192.0
216.0
213.0
190.0
222.0
201.0
226.0
214.0
295.0
280.0
224.0
259.0
234.0
223.0
238.0
204.0
242.0
211.0
212.0
184.0
176.915
211.0
188.0
183.0
199.0
194.0
170.0
193.0
187.0
241.0
251.0
216.0
324.0
309.0
253.0
232.0
228.0
261.0
225.5
213.0
216.0
209.0
190.0
195.0
176.915
199.0
199.0
226.0
185.0
199.0
185.0
181.0
195.0
204.0
213.0
219.0
237.0
218.0
224.0
234.0
231.0
249.0
213.0
222.0
213.0
223.0
205.0
198.0
176.915
208.0
204.0
197.0
196.0
199.0
194.0
198.0
365.0
667.0
905.0
947.0
1052.0
927.0
975.0
927.0
942.0
899.0
797.0
455.0
358.0
336.0
292.0
235.0
258.545
217.5
225.0
237.0
235.0
198.0
213.0
214.0
371.0
640.0
947.0
973.0
1051.0
960.24
1024.0
1002.0
978.0
978.0
872.12
642.0
518.0
365.12
311.0
275.0
262.23
217.5
227.0
236.0
254.0
220.0
238.0
221.0
412.04
626.04
928.0
1009.0
1055.0
948.0
995.0
986.0
987.0
942.0
793.0
640.12
445.0
369.0
313.0
262.0
243.27
217.5
226.0
221.0
242.0
201.0
235.0
262.0
359.0
629.0
938.0
978.0
1043.0
959.0
976.0
935.0
952.0
946.96
798.84
546.84
427.52
350.0
306.0
260.0
247.76
217.5
221.0
215.0
212.0
214.0
206.0
217.0
373.08
644.0
923.0
968.12
1028.28
932.28
972.28
940.28
911.0
895.0
808.12
516.0
411.0
342.0
300.0
245.0
252.25
217.5
214.0
217.0
213.0
231.0
242.0
215.0
378.0
629.0
873.0
896.0
989.0
881.0
877.0
947.0
863.0
875.0
786.0
495.0
388.0
352.0
273.0
241.0
251.115
203.0
201.0
215.0
195.0
205.5
192.0
189.0
196.5
222.0
228.0
223.0
249.0
240.0
223.0
237.0
254.0
222.0
225.0
233.0
216.0
219.0
216.0
206.0
176.915
207.0
203.0
204.0
205.0
212.0
199.0
197.0
198.0
200.0
210.0
236.0
249.0
244.0
235.0
239.0
220.0
252.0
220.0
235.0
245.0
220.5
207.0
215.0
176.915
227.0
207.0
217.0
221.0
197.0
193.0
200.0
401.56
596.56
882.0
961.0
1017.12
925.0
939.0
940.0
924.0
913.0
791.0
565.0
435.0
354.0
270.0
245.0
251.115
230.0
216.0
219.0
229.0
207.0
213.0
244.0
339.0
655.0
900.0
934.0
981.12
883.0
919.0
935.0
907.0
913.0
778.0
452.0
386.0
356.0
278.0
235.0
251.115
230.5
226.0
209.0
221.0
222.0
219.0
214.0
360.0
629.0
894.0
941.0
1003.0
910.0
939.32
924.32
918.4
873.56
779.56
487.56
407.08
340.2
288.08
253.5
251.115
230.5
208.0
204.5
233.0
218.0
221.5
210.0
378.16
649.16
909.92
946.0
1007.92
872.92
921.16
909.04
882.76
879.76
740.76
557.88
412.76
378.36
330.04
272.0
251.115
230.5
209.5
204.5
245.0
214.0
224.0
231.0
380.0
614.0
908.0
965.0
982.0
917.0
919.0
906.0
892.0
909.0
727.0
451.0
374.0
323.0
279.0
247.0
251.115
197.5
222.0
209.0
207.0
216.0
210.0
202.0
226.0
214.0
216.0
204.0
239.0
241.0
239.0
220.0
254.0
243.5
220.0
225.0
235.0
222.0
224.0
196.0
176.915
197.5
205.0
196.0
192.0
214.0
216.0
196.0
189.0
220.0
250.72
233.5
284.72
291.72
254.72
259.72
249.72
243.5
231.0
240.0
235.5
218.5
224.5
199.0
176.915
230.5
209.5
200.0
206.0
219.0
250.28
268.28
389.28
609.28
871.28
905.28
959.28
902.12
988.0
940.0
949.0
912.0
807.0
622.0
489.68
385.8
318.68
267.0
249.98
230.5
211.0
214.0
212.5
214.0
229.0
229.0
361.0
651.0
924.0
960.0
988.0
932.0
934.0
943.0
922.0
908.0
799.0
530.0
447.0
377.0
281.0
256.0
250.455
230.5
231.0
228.0
219.0
217.5
224.5
222.5
383.0
634.0
900.0
918.0
1009.0
898.12
952.0
947.0
961.0
927.12
788.0
572.0
450.0
357.0
276.0
235.0
250.93
231.0
211.0
227.0
206.0
221.0
220.0
216.0
363.0
631.0
913.0
935.0
1018.0
934.0
934.0
930.0
930.0
896.0
787.0
595.08
510.0
419.0
266.0
247.0
255.98
220.0
218.0
241.0
201.0
218.5
250.0
212.0
378.0
644.0
875.0
939.08
996.0
904.0
915.0
884.0
935.12
844.0
738.0
464.0
386.0
338.0
293.0
233.0
261.93
197.5
226.0
216.0
225.0
212.0
222.0
204.0
247.0
226.0
261.0
263.0
267.0
292.0
267.84
261.84
285.32
243.5
231.0
255.0
235.5
218.5
224.5
214.0
176.915
197.5
208.0
209.5
214.0
207.0
203.0
218.0
187.0
234.0
202.0
207.0
261.0
248.0
218.0
248.42
269.16
243.5
231.0
243.0
235.5
218.5
225.0
229.0
176.915
209.0
224.0
225.0
196.0
216.0
219.0
205.0
375.12
622.04
895.04
893.0
970.0
894.0
887.0
936.0
875.52
881.52
745.0
455.0
408.0
328.0
323.0
249.0
259.86
247.0
207.0
236.0
210.0
230.0
237.0
262.0
363.0
663.0
841.12
872.0
964.0
883.0
883.0
877.0
868.0
880.0
720.0
468.12
417.0
344.0
340.0
265.0
244.86
240.0
211.0
219.0
223.0
206.0
214.0
239.0
359.0
666.0
902.12
885.0
956.0
912.0
872.0
856.12
744.0
647.0
569.0
396.0
340.0
319.0
289.0
227.0
254.865
188.0
199.0
203.0
203.0
181.0
190.0
177.0
204.0
223.0
229.0
251.0
290.0
286.0
254.0
235.0
253.0
235.0
242.0
231.0
236.0
215.0
196.0
191.0
176.915
202.0
171.0
188.0
189.0
190.0
196.0
173.0
184.0
206.0
205.0
205.0
226.0
240.0
236.0
212.0
221.0
245.0
225.0
229.0
200.0
214.0
181.0
180.0
176.915
191.0
175.0
188.0
188.0
187.0
194.0
183.0
165.0
206.0
175.0
195.0
177.0
206.0
177.0
183.0
208.0
196.0
206.0
215.0
189.0
218.0
216.0
191.0
176.915
189.5
178.0
165.0
198.0
193.0
170.0
173.0
188.0
190.0
199.0
178.0
235.0
228.0
193.0
201.0
193.0
199.0
197.0
225.0
233.0
174.0
210.0
171.0
176.915
188.0
172.0
184.0
179.0
178.0
159.52
178.5
188.0
187.0
240.0
209.0
259.0
246.0
220.0
235.0
238.0
240.0
210.0
224.0
194.0
197.0
202.0
206.0
176.915
180.0
195.0
192.0
177.0
171.0
190.0
184.0
202.0
172.0
197.0
197.0
241.0
239.0
209.0
216.0
194.0
199.0
193.0
230.0
209.0
189.0
177.0
185.0
176.915
173.0
179.0
185.0
181.0
172.0
161.0
180.0
177.0
182.0
175.0
193.0
251.0
224.0
204.0
184.0
208.0
211.0
195.0
204.0
198.0
211.5
201.0
178.0
173.95
181.0
170.0
206.0
193.0
183.0
164.0
202.0
339.0
614.0
859.0
916.0
949.0
862.0
901.0
881.0
891.0
876.0
746.8
460.0
375.0
315.0
271.0
247.0
254.865
228.0
227.0
208.0
216.0
202.0
241.0
235.0
354.0
693.0
693.0
899.08
950.0
845.0
908.0
875.0
920.0
865.0
751.0
524.0
424.0
357.0
303.0
267.0
254.865
223.0
219.0
222.0
241.0
217.0
244.0
247.0
331.0
582.0
846.0
876.0
879.12
798.0
837.08
840.0
852.0
846.0
724.0
466.0
352.0
334.0
270.0
289.0
254.865
208.0
201.0
219.0
218.0
205.0
200.0
206.0
182.0
192.0
213.0
243.0
264.0
276.0
239.0
232.0
269.0
186.0
190.0
258.0
217.0
255.0
276.0
256.0
248.0
201.0
243.0
218.0
230.0
225.0
206.0
219.0
224.0
216.5
208.0
193.0
203.0
198.0
217.0
180.0
206.0
338.0
574.0
846.0
925.0
943.0
871.12
891.0
906.0
876.0
861.0
776.0
492.0
386.0
346.0
266.0
249.0
258.895
218.0
225.0
199.0
212.5
194.0
208.0
215.0
366.0
596.0
882.0
916.0
942.0
861.0
903.0
888.0
923.0
881.08
800.0
484.0
393.0
328.0
266.0
253.0
252.92
221.0
209.0
221.0
227.0
215.0
229.0
229.0
367.0
565.0
861.0
919.0
970.08
858.0
892.0
895.0
889.0
867.0
753.0
526.0
373.0
324.0
292.0
250.0
253.395
249.0
240.0
226.0
213.0
218.0
225.0
227.0
347.0
557.0
858.0
884.0
960.0
889.0
903.0
857.0
889.0
878.0
785.0
484.0
437.0
329.0
287.0
281.0
253.87
223.0
235.0
225.0
224.0
213.0
203.0
214.0
322.0
594.0
839.0
905.0
937.0
830.12
886.0
882.0
871.0
868.0
728.0
460.0
357.0
346.0
248.0
231.0
252.865
213.0
179.0
208.0
194.0
204.0
196.0
190.0
198.0
209.0
242.0
260.0
242.0
262.0
242.0
233.0
240.0
230.0
237.0
226.0
214.0
200.0
193.0
207.0
216.5
218.0
195.0
175.88
206.0
215.0
198.5
191.5
197.0
218.0
262.0
253.0
250.26
249.5
248.5
254.0
211.0
236.0
220.0
231.0
226.0
216.0
206.0
199.0
216.5
196.0
196.0
176.0
186.0
198.0
181.0
187.0
317.0
587.0
861.0
867.0
938.0
900.0
887.0
901.0
889.0
912.0
771.12
578.0
465.0
428.12
247.0
258.0
252.865
199.5
204.0
221.0
204.0
220.0
191.0
210.0
331.0
610.0
885.0
883.0
915.0
867.0
869.0
912.0
874.0
887.0
796.0
534.0
415.0
321.0
264.0
235.0
251.86
203.0
212.0
221.0
203.0
227.0
218.0
182.0
337.12
606.0
825.0
882.0
892.0
809.0
881.0
883.0
887.0
856.0
782.0
531.12
469.0
422.0
300.0
238.0
257.95
225.0
231.0
222.0
194.0
246.0
214.0
249.0
344.64
552.52
865.0
907.0
955.32
865.32
912.32
893.0
903.0
861.0
767.0
517.0
428.0
383.0
265.0
268.12
268.885
261.52
209.0
219.0
195.0
226.0
214.0
243.0
326.0
569.0
849.08
895.0
903.1
835.0
874.0
889.12
884.0
857.0
745.0
501.0
419.0
333.0
320.0
270.0
268.885
223.0
211.0
195.0
218.0
226.0
201.0
193.0
196.0
227.0
282.0
246.0
258.52
249.5
255.0
239.0
245.0
252.0
257.0
252.5
224.0
219.0
216.5
207.0
216.5
214.0
210.5
201.5
209.0
209.5
197.5
198.5
187.0
217.0
260.0
253.0
252.26
249.5
260.5
250.0
284.0
289.5
257.0
252.5
237.5
222.5
216.5
207.0
216.5
189.0
187.0
200.0
204.0
179.0
186.0
210.0
321.0
581.0
887.0
897.0
926.0
817.0
867.0
871.12
914.0
867.0
766.0
527.0
451.0
365.0
295.0
240.0
268.885
208.0
231.0
197.0
226.0
219.0
221.0
200.0
330.0
564.0
844.0
882.0
935.0
824.0
856.0
917.0
863.0
865.12
756.0
556.0
447.0
366.0
298.0
250.0
268.885
216.0
255.0
213.0
229.0
198.0
210.0
202.0
362.0
590.0
864.0
861.0
936.0
850.0
867.0
915.0
861.0
872.0
793.08
555.52
464.52
421.0
306.0
278.0
279.82
240.0
212.0
207.0
223.0
223.0
222.0
225.0
348.0
597.0
862.0
859.0
939.0
842.0
898.0
892.0
903.0
886.12
792.0
576.0
497.0
379.0
281.0
257.0
261.32
226.0
219.0
211.0
238.0
202.0
202.0
223.0
357.0
596.0
891.0
908.0
945.0
889.0
895.0
903.0
865.0
867.0
756.0
491.0
399.0
301.0
254.0
226.0
261.32
205.0
210.0
208.0
200.0
193.0
194.0
204.0
178.0
213.0
238.0
260.0
246.0
237.0
266.0
261.0
323.0
327.0
294.0
274.0
251.0
226.0
227.0
215.0
216.5
209.0
216.5
212.5
188.0
198.0
199.0
198.0
187.0
246.0
281.0
262.0
324.0
319.0
304.0
344.0
326.0
308.0
286.0
237.0
188.0
226.0
181.0
205.0
216.5
217.0
175.0
184.0
171.0
183.0
190.0
197.0
294.0
556.12
842.0
902.0
919.0
839.0
899.0
922.0
895.0
882.08
774.0
608.0
494.0
358.0
318.0
255.0
242.82
217.0
214.0
220.0
212.0
226.0
208.0
230.0
332.0
562.0
884.0
889.0
951.0
818.0
898.0
914.0
859.0
883.0
760.0
573.0
422.0
349.0
260.0
247.0
250.32
217.0
202.0
212.0
222.0
226.0
213.0
207.0
360.12
587.0
852.0
895.0
929.0
816.0
875.0
895.0
868.0
863.0
773.0
575.0
468.0
350.0
269.0
250.0
250.32
217.0
238.0
218.0
232.0
231.0
227.0
200.0
372.0
589.0
896.0
913.08
954.0
841.12
909.0
894.0
899.0
887.0
800.0
550.0
451.0
407.0
280.0
270.0
250.32
208.0
249.0
236.0
233.0
216.0
204.0
216.0
348.0
589.0
893.04
905.04
939.0
833.0
871.0
891.0
891.0
853.0
750.0
501.0
408.0
327.0
267.0
247.0
250.32
213.0
223.0
217.0
215.0
219.0
206.0
189.0
242.0
263.0
319.0
304.0
337.0
304.0
312.0
321.0
314.0
272.0
292.0
224.0
249.0
241.0
220.0
203.0
216.5
221.0
199.0
189.0
203.0
241.0
201.0
197.0
220.0
193.0
220.0
213.0
270.0
221.0
257.0
233.0
240.0
232.0
244.0
223.0
234.0
225.0
214.0
203.0
216.5
221.0
210.0
208.0
224.0
189.0
212.0
186.0
330.0
591.0
870.0
905.0
940.0
860.0
895.0
893.0
925.0
885.0
771.0
545.0
410.0
319.0
308.0
204.0
250.32
211.0
232.0
205.0
225.0
193.0
217.0
216.0
316.0
602.0
877.0
912.0
945.0
842.0
945.0
889.0
901.0
916.0
730.0
518.0
422.0
347.0
287.0
264.0
250.32
234.0
220.0
227.0
193.0
208.0
170.0
227.0
310.0
536.0
872.0
861.0
898.0
827.0
880.0
877.0
837.0
892.0
757.0
483.0
437.0
341.0
295.0
222.0
250.32
231.0
226.0
207.0
204.0
230.0
215.0
184.0
341.0
554.0
863.0
881.0
949.0
830.0
903.0
877.0
889.0
835.0
738.0
548.0
475.0
403.0
287.0
243.0
257.82
220.0
207.0
198.0
204.0
198.0
185.0
224.0
324.0
552.0
893.0
883.0
901.0
758.0
837.0
785.0
767.0
792.0
646.0
484.0
416.0
311.0
263.08
240.5
251.475
228.0
212.0
196.0
209.0
231.0
197.0
233.0
232.0
209.0
307.0
313.0
331.0
311.0
313.0
330.0
314.0
320.12
310.0
257.0
221.0
240.0
234.0
202.0
216.5
206.0
218.0
199.0
197.0
206.0
204.0
225.0
217.0
204.0
214.0
241.0
254.0
253.0
239.0
248.0
248.0
251.0
244.0
259.0
267.0
213.0
241.0
221.0
216.5
223.0
184.0
230.0
206.0
210.0
197.0
191.0
318.0
606.0
855.0
899.0
964.0
841.0
895.0
884.0
894.0
879.0
783.0
570.0
536.0
376.0
248.0
238.0
251.475
227.0
206.0
211.0
216.5
213.0
210.5
209.0
304.04
596.0
897.0
884.0
947.0
810.0
939.0
896.0
888.0
886.0
752.0
619.0
474.0
374.0
312.0
249.0
245.13
227.0
228.0
192.0
227.0
216.0
224.0
227.0
331.0
645.0
886.32
907.44
946.32
858.0
898.0
911.0
910.56
888.56
777.08
589.08
426.04
321.44
277.44
247.0
268.805
231.0
202.0
220.0
200.0
239.0
199.0
205.0
321.0
616.0
877.0
914.0
989.0
833.0
912.0
898.0
905.0
887.0
763.0
552.0
446.0
377.0
255.0
256.0
268.805
244.76
205.0
214.5
194.5
219.5
231.0
218.0
303.0
567.0
901.0
944.0
988.0
882.0
898.0
889.0
923.0
881.0
745.0
540.0
406.0
320.0
293.0
265.0
268.805
205.0
213.5
206.5
196.5
203.0
203.5
205.0
208.0
231.26
258.92
271.92
295.92
255.92
288.02
277.92
267.92
291.92
255.92
247.92
261.22
218.5
225.5
220.5
237.0
233.0
226.0
229.0
205.0
372.0
597.0
919.0
953.0
1026.0
939.0
978.0
970.0
926.08
919.0
813.0
464.0
360.0
360.0
252.0
249.0
259.97
200.0
205.0
221.0
213.0
219.0
205.0
218.0
221.0
238.0
248.0
272.0
269.0
275.0
286.0
283.0
275.0
270.0
259.0
252.0
253.0
225.0
216.0
239.0
176.915
212.0
211.0
210.0
250.0
186.0
202.0
197.0
200.0
204.0
221.0
231.0
265.0
256.0
250.0
260.6
272.6
261.0
247.0
247.0
223.0
218.0
220.0
189.0
176.915
176.0
187.0
216.0
180.0
177.0
185.0
197.0
333.0
626.0
836.12
961.5
1062.0
971.0
984.0
995.0
953.08
962.0
837.0
575.0
448.0
377.0
300.0
279.0
259.97
232.0
205.0
257.0
216.0
216.0
202.0
230.0
357.0
648.0
919.0
970.0
1055.5
950.12
984.0
1035.0
962.0
936.24
856.0
601.0
474.0
376.0
311.0
262.0
270.94
239.0
247.0
247.0
236.0
222.0
226.0
244.0
375.0
643.0
958.0
953.12
1049.0
964.0
969.0
987.24
985.0
945.0
812.0
600.0
399.0
409.0
343.0
257.0
262.93
239.0
239.0
257.0
226.0
238.0
233.0
221.0
384.0
639.0
953.0
963.0
1048.0
950.0
993.0
949.0
968.0
964.0
825.12
597.0
478.0
381.0
316.0
285.0
262.93
248.0
249.0
226.0
244.0
231.0
222.0
245.0
375.0
650.0
935.0
971.0
1058.0
951.08
984.0
969.0
949.0
963.0
793.0
599.0
409.0
332.0
287.0
289.0
262.93
202.0
198.0
200.0
208.0
222.0
194.0
190.0
203.0
226.0
239.0
242.0
260.0
259.0
264.0
283.0
244.0
268.0
247.0
214.0
230.0
243.0
201.0
212.0
176.915
191.0
206.0
218.0
195.0
218.5
196.5
199.0
209.0
221.5
223.0
253.04
314.16
305.16
254.4
275.48
262.48
268.84
262.84
239.5
232.5
248.0
214.0
196.0
176.915
196.0
217.0
191.0
202.0
215.0
208.0
208.0
359.0
654.0
931.0
1018.0
1024.0
952.0
1014.0
986.0
990.0
941.0
817.0
527.0
432.0
351.0
290.0
308.0
254.92
224.0
241.0
227.0
237.0
210.0
248.0
230.0
402.0
630.0
970.0
992.0
1048.12
991.0
999.0
994.0
967.0
977.0
834.0
606.0
449.0
437.0
299.0
267.0
253.41
258.0
204.0
229.0
225.0
209.0
232.0
217.0
381.0
674.0
944.12
1013.0
1051.7199999999998
974.0
1056.0
1004.12
988.0
978.0
848.0
571.0
429.0
421.0
321.0
277.0
253.41
227.0
238.0
218.0
236.0
216.0
216.0
248.0
385.0
688.0
911.0
980.0
1051.7199999999998
958.0
1003.0
963.08
958.0
951.0
845.0
566.08
439.0
373.0
321.0
266.0
253.41
216.0
220.0
239.0
228.0
226.0
206.0
232.0
388.0
666.0
940.0
962.0
1051.7199999999998
946.68
973.68
999.12
948.0
909.0
805.0
488.0
359.0
337.0
275.0
245.0
253.41
202.0
203.0
205.0
213.0
215.0
199.0
208.0
215.0
221.5
223.0
264.08
243.08
311.64
255.7
268.74
279.04
246.04
232.0
239.5
232.5
248.0
204.5
231.0
176.915
200.0
200.0
181.0
190.0
197.0
216.0
196.0
205.0
217.0
207.0
239.0
272.0
318.12
257.0
262.0
243.0
264.0
221.0
265.0
235.0
253.0
195.0
215.0
176.915
188.0
224.0
195.0
197.0
204.0
187.0
185.0
369.0
632.0
950.32
1007.32
1055.32
959.0
1006.4
973.4
994.4
967.52
843.4
585.12
426.0
474.0
309.0
258.0
253.41
231.0
211.0
227.0
241.0
217.0
223.0
240.0
350.0
625.8
957.32
1002.32
1048.12
964.12
989.12
955.44
978.44
934.44
865.44
583.44
446.64
357.0
318.0
276.0
253.41
223.5
206.0
225.0
236.5
235.0
231.0
219.0
376.0
642.0
923.0
957.0
1049.0
934.0
969.08
959.08
942.12
900.0
842.0
520.0
431.0
356.0
290.0
258.0
251.9
216.0
201.0
223.0
232.0
211.0
214.0
212.0
376.0
663.0
909.0
952.0
1045.0
937.0
948.0
971.24
924.0
906.0
812.0
512.0
364.0
343.0
317.0
253.0
249.905
217.0
211.0
194.0
213.0
195.0
214.0
206.0
342.0
599.0
905.0
929.0
1030.0
956.0
954.0
913.0
903.0
884.0
773.0
507.0
362.0
315.0
255.0
237.0
249.905
194.0
192.0
205.0
195.0
197.0
204.0
189.5
213.0
212.0
255.0
285.0
270.52
251.52
286.0
267.0
243.0
252.0
246.0
245.0
221.0
211.0
217.0
202.0
176.915
216.0
201.0
200.0
186.0
189.0
192.0
183.0
196.0
189.0
219.0
224.0
291.0
284.0
241.0
242.0
251.0
268.0
255.0
226.0
241.0
229.0
231.0
208.0
176.915
185.0
193.0
188.0
193.0
202.0
185.0
212.0
350.0
637.0
972.0
928.0
1048.0
959.0
959.12
990.0
946.0
935.0
823.0
531.0
477.16
362.0
316.0
245.0
249.905
273.24
203.5
256.24
199.0
280.24
197.0
216.5
349.24
609.24
787.24
978.0
1044.0
945.0
967.0
990.0
961.0
914.0
817.0
565.0
423.0
349.0
288.0
242.0
249.905
234.62
214.0
245.0
205.0
218.0
209.0
221.0
361.0
671.0
929.0
997.0
1063.0
956.0
967.0
974.0
955.0
922.0
808.0
522.0
427.0
387.0
310.0
239.0
249.905
234.62
214.0
228.0
215.0
213.0
211.0
225.0
394.0
677.0
940.0
979.0
1062.24
956.0
948.0
951.0
949.16
960.0
815.0
492.0
395.0
344.12
292.0
244.0
249.905
234.62
238.0
197.0
206.5
213.0
199.0
217.0
367.0
646.0
944.0
932.0
1029.0
904.0
1000.0
940.0
939.0
895.0
810.0
487.0
330.0
312.0
279.0
225.0
249.905
205.0
218.0
185.0
191.0
173.0
186.0
194.0
208.0
204.0
273.0
297.0
296.0
298.0
295.0
299.0
299.0
298.0
264.0
244.0
231.0
224.0
223.0
200.0
176.915
193.0
206.0
182.0
203.0
174.0
190.0
188.0
167.0
192.0
230.0
208.0
244.0
270.0
234.0
240.0
258.0
232.0
241.0
229.0
228.0
241.0
217.0
207.0
176.915
196.0
196.0
197.0
198.0
215.0
183.0
202.0
349.0
591.0
894.0
920.0
992.0
950.0
987.12
945.0
929.0
881.0
792.0
543.0
432.0
297.0
283.12
240.0
249.905
233.0
213.0
196.0
232.0
212.0
205.0
219.0
356.0
590.0
931.0
931.0
1040.0
946.0
989.0
996.12
960.0
952.0
855.0
567.0
455.0
356.0
291.0
248.0
249.905
218.0
231.0
227.0
218.0
228.0
220.0
255.0
378.0
622.0
950.0
998.0
1057.52
956.52
1009.0
970.0
934.0
937.0
798.0
482.0
436.0
361.0
292.0
279.0
249.905
238.0
203.0
214.0
220.0
217.0
246.0
213.0
374.0
641.0
930.0
945.0
1039.12
939.0
954.0
983.0
935.0
952.0
830.0
578.0
430.0
389.0
338.0
258.0
247.91
246.0
230.0
208.0
221.0
209.0
235.0
240.0
364.0
624.0
958.12
965.12
1018.0
972.0
950.0
941.0
980.0
923.0
812.0
498.0
432.0
361.0
325.0
246.0
251.385
207.0
242.0
204.0
204.0
209.0
188.0
221.0
245.0
228.0
260.0
286.0
284.0
251.0
315.0
276.0
300.0
288.0
257.0
257.0
246.0
238.0
225.0
218.0
176.915
221.0
233.0
198.0
186.0
212.0
199.0
190.0
216.0
223.0
208.0
217.0
292.0
268.0
241.0
220.0
217.0
242.0
231.0
211.0
228.0
241.0
221.0
215.0
176.915
202.0
199.0
211.0
215.0
199.0
188.0
215.0
345.0
691.0
965.0
1001.12
1021.64
952.0
991.0
996.0
972.08
951.0
810.0
552.12
459.0
407.0
335.0
268.0
251.385
219.5
222.5
215.5
228.5
205.5
191.0
243.28
399.28
653.28
910.28
951.28
1025.28
949.28
970.28
947.0
945.12
915.0
796.0
532.0
463.0
367.0
313.0
270.0
254.86
237.0
246.0
220.0
242.0
212.0
191.0
220.64
411.0
664.0
928.0
917.0
1003.12
922.0
949.0
933.0
936.08
900.0
745.0
453.0
401.0
298.0
288.0
222.0
258.545
204.0
211.0
205.0
192.0
216.0
213.0
190.0
222.0
201.0
226.0
214.0
295.0
280.0
224.0
259.0
234.0
223.0
238.0
192.0
227.0
216.0
224.0
227.0
331.0
645.0
886.32
907.44
946.32
858.0
898.0
911.0
910.56
888.56
777.08
589.08
426.04
321.44
277.44
247.0
268.805
231.0
202.0
220.0
200.0
239.0
199.0
205.0
321.0
616.0
877.0
914.0
989.0
833.0
912.0
898.0
905.0
887.0
763.0
552.0
446.0
377.0
255.0
256.0
268.805
244.76
205.0
214.5
194.5
219.5
231.0
218.0
303.0
567.0
901.0
944.0
988.0
882.0
898.0
889.0
923.0
881.0
745.0
540.0
406.0
320.0
293.0
265.0
268.805
205.0
213.5
206.5
196.5
203.0
203.5
205.0
208.0
231.26
258.92
271.92
295.92
255.92
288.02
277.92
267.92
291.92
255.92
247.92
261.22
218.5
225.5
220.5
216.5
205.0
213.5
206.5
196.5
203.0
203.5
205.0
208.0
231.26
278.22
266.44
273.44
288.96
288.02
265.44
317.98
271.44
287.96
252.44
255.44
218.5
225.5
220.5
216.5
244.76
205.0
214.5
194.5
219.5
228.5
196.5
329.92
591.92
922.92
893.92
947.92
866.92
901.92
928.92
907.92
919.92
784.92
573.92
472.92
378.92
315.92
265.0
268.805
244.76
208.0
209.0
189.0
200.0
226.0
175.0
371.0
596.0
879.08
921.84
911.28
871.28
924.76
914.0
899.0
892.0
768.32
561.32
486.32
359.0
292.0
265.0
268.805
244.76
264.56
236.94
229.44
226.44
239.44
257.68
380.88
616.88
857.88
915.88
890.88
845.36
839.49
862.88
822.89
864.88
811.88
615.89
504.6
379.6
348.61
326.6
292.48
258.52
259.22
236.94
229.44
226.44
239.44
256.88
363.56
585.6
812.8
878.8
883.8
809.8
832.8
824.8
864.8
843.8
766.8
611.8
506.8
405.8
314.8
317.8
296.07
250.28
253.88
264.88
269.88
252.88
252.88
251.88
376.88
575.88
839.88
839.88
896.28
806.28
837.28
801.28
847.28
821.88
731.08
503.76
450.76
341.76
324.08
292.88
255.89
205.0
213.5
206.5
196.5
203.0
203.5
205.0
208.0
258.52
297.52
318.52
375.0
322.0
337.04
340.04
368.04
345.04
320.0
266.0
258.0
224.0
210.0
220.0
216.5
205.0
213.5
206.5
196.5
203.0
203.5
205.0
208.0
242.76
254.76
282.56
298.56
289.56
292.56
307.56
283.56
312.56
275.56
249.0
249.0
227.0
216.0
205.5
216.5
281.72
307.92
278.96
292.96
275.96
295.96
259.96
360.96
540.96
784.96
850.96
859.96
790.96
856.96
852.96
828.96
833.96
790.04
632.96
566.96
444.96
334.96
336.96
324.86
269.86
231.0
251.48
260.48
245.98
250.98
242.48
327.0
620.0
907.0
928.0
957.0
905.0
940.0
957.0
950.0
897.0
827.0
590.0
485.0
423.0
344.0
298.0
291.44
258.0
219.0
224.0
228.0
216.0
206.0
225.0
379.0
606.0
913.0
912.0
960.0
886.0
948.0
906.0
918.0
894.0
768.0
568.0
409.0
360.0
284.0
254.0
291.44
264.0
210.0
216.0
213.0
232.0
203.0
238.0
379.0
607.0
864.0
906.0
935.0
854.0
865.0
895.0
864.0
853.0
760.0
533.0
414.0
351.52
270.52
270.0
258.02
234.5
207.0
229.0
210.0
213.5
208.0
249.76
340.0
645.0
819.0
889.0
915.0
891.0
899.0
850.0
858.0
878.76
727.76
491.76
354.76
294.52
278.52
204.0
252.96
204.0
209.0
214.0
196.0
200.0
203.0
185.0
199.0
227.0
212.0
229.0
228.0
233.0
207.0
246.0
214.0
225.0
243.0
232.0
240.0
230.0
222.0
191.0
216.5
221.0
203.0
206.0
197.0
194.0
197.0
191.0
207.0
177.0
232.0
234.0
260.0
255.0
236.0
253.0
271.0
253.0
291.0
266.0
263.0
240.0
256.0
233.0
216.5
205.0
210.0
207.0
207.0
195.0
213.0
199.0
338.0
632.0
916.0
977.0
991.0
906.0
922.0
946.0
909.0
882.0
760.0
549.0
426.0
373.0
274.0
288.0
247.9
477.28
476.28
475.28
475.28
474.28
476.28
486.28
524.28
600.28
658.28
663.28
699.28
711.28
683.28
640.28
677.28
676.28
626.28
577.28
429.0
356.0
280.0
273.0
255.38
262.0
220.0
233.0
221.0
220.0
230.0
247.0
375.0
602.0
882.0
922.0
994.0
890.0
929.0
900.0
881.0
898.0
748.0
483.0
407.0
366.0
300.0
290.0
255.38
252.0
231.0
245.0
214.0
246.0
206.0
226.0
370.0
604.0
894.0
895.0
930.0
859.0
924.0
913.0
895.0
881.0
719.0
511.0
382.0
347.0
301.0
267.16
255.38
218.0
232.0
209.0
248.0
204.0
227.0
214.0
364.0
613.0
855.0
877.0
900.0
807.0
905.0
874.0
833.0
870.12
739.0
478.0
385.0
349.0
278.0
222.0
255.38
235.0
220.0
216.0
213.0
213.0
207.0
217.0
179.0
211.0
240.0
214.0
231.0
253.0
229.0
225.0
223.0
248.0
235.0
251.0
250.0
230.0
240.0
242.0
216.5
217.0
198.0
208.0
207.0
208.0
210.0
208.0
200.0
222.0
225.0
205.0
257.0
223.0
244.0
249.0
237.0
239.0
251.0
270.0
237.0
250.0
241.0
196.0
259.05
224.5
224.0
193.0
235.0
214.0
239.0
212.0
357.0
633.0
925.0
936.0
951.0
883.0
904.0
926.0
914.0
903.0
811.08
536.0
431.0
356.0
264.0
268.0
255.38
231.0
234.0
199.0
213.0
215.0
221.0
216.0
351.0
636.0
890.0
920.0
937.0
887.0
899.8
931.8
901.8
902.8
744.8
516.76
429.76
305.76
289.76
215.0
262.86
228.0
248.0
226.0
195.0
249.0
223.0
214.0
407.0
682.0
870.0
910.0
939.0
843.0
922.0
886.08
917.0
892.0
771.0
509.0
394.0
322.0
278.0
282.0
224.43
215.5
229.0
236.0
248.0
205.0
237.0
205.0
385.0
642.0
906.0
926.0
957.0
855.0
887.0
932.0
923.0
852.0
740.0
494.0
351.0
307.68
268.68
248.0
224.43
215.5
211.0
222.0
196.0
220.0
209.5
196.0
336.24
605.24
837.72
879.72
899.72
822.72
854.0
859.24
819.24
812.24
691.24
455.0
304.0
264.0
222.0
214.0
224.43
206.5
199.0
188.0
201.0
194.0
186.0
199.0
193.0
216.0
272.0
301.0
317.0
260.52
325.52
305.0
330.16
305.16
275.16
255.5
239.0
228.0
187.0
217.0
208.94
196.0
200.0
204.0
182.0
192.0
196.0
182.0
195.0
213.0
221.0
242.0
239.0
250.0
251.0
251.0
251.0
244.0
275.0
241.0
241.0
206.0
205.0
207.0
208.94
203.0
187.0
196.0
189.0
210.0
182.0
187.0
351.0
607.52
863.52
928.52
927.52
864.52
906.52
898.0
898.0
875.0
745.0
448.0
396.0
329.0
281.0
221.0
224.43
206.0
211.0
208.0
196.0
224.0
191.0
226.0
326.0
590.0
869.0
888.0
939.0
841.04
884.04
879.84
869.84
851.84
756.84
507.84
373.84
340.0
261.0
233.0
224.43
236.0
207.0
209.0
217.0
193.0
221.0
192.0
344.0
588.0
830.0
875.0
917.0
817.0
869.0
856.0
855.0
838.0
713.0
453.0
366.0
329.0
281.0
236.0
224.43
225.0
205.0
205.0
215.0
201.0
211.0
211.0
345.0
593.0
830.0
848.0
895.0
790.0
834.0
813.0
791.0
735.0
609.0
397.0
306.0
282.0
248.0
226.0
224.43
198.5
198.0
205.5
193.5
199.5
201.0
180.5
200.0
209.5
226.0
238.0
238.5
241.0
239.0
248.0
245.5
253.04
242.0
236.0
231.0
209.0
226.0
186.0
208.94
201.0
196.0
207.0
205.0
207.0
201.0
180.5
205.0
206.0
231.0
234.0
238.0
232.0
227.0
245.0
240.0
240.0
209.0
217.0
231.0
206.0
214.0
194.0
208.94
193.0
205.0
194.0
204.5
201.5
206.0
179.0
192.0
220.0
261.0
267.5
287.56
263.0
265.0
282.0
272.0
283.0
251.0
220.0
237.0
233.0
210.0
201.0
208.94
201.0
198.0
208.0
215.0
203.0
187.0
218.0
351.0
620.0
946.0
938.56
975.56
902.0
947.0
956.0
957.0
932.0
807.0
596.0
483.0
358.0
272.0
225.0
224.43
206.0
222.0
218.0
211.0
226.0
202.0
202.0
387.0
660.0
914.0
951.0
989.0
917.0
955.0
938.0
928.0
935.0
796.0
376.88
575.88
839.88
839.88
896.28
806.28
837.28
801.28
847.28
821.88
731.08
503.76
450.76
341.76
324.08
292.88
255.89
205.0
213.5
206.5
196.5
203.0
203.5
205.0
208.0
258.52
297.52
318.52
375.0
322.0
337.04
340.04
368.04
345.04
320.0
266.0
258.0
224.0
210.0
220.0
216.5
205.0
213.5
206.5
196.5
203.0
203.5
205.0
208.0
242.76
254.76
282.56
298.56
289.56
292.56
307.56
283.56
312.56
275.56
249.0
249.0
227.0
216.0
205.5
216.5
281.72
307.92
278.96
292.96
275.96
295.96
259.96
360.96
540.96
784.96
850.96
859.96
790.96
856.96
852.96
828.96
833.96
790.04
632.96
566.96
444.96
334.96
336.96
324.86
269.86
231.0
251.48
260.48
245.98
250.98
242.48
327.0
620.0
907.0
928.0
957.0
905.0
940.0
957.0
950.0
897.0
827.0
590.0
485.0
423.0
344.0
298.0
291.44
258.0
219.0
224.0
228.0
216.0
206.0
225.0
379.0
606.0
913.0
912.0
960.0
886.0
948.0
906.0
918.0
894.0
768.0
568.0
409.0
360.0
284.0
254.0
291.44
264.0
210.0
216.0
213.0
232.0
203.0
238.0
379.0
607.0
864.0
906.0
935.0
854.0
865.0
895.0
864.0
853.0
760.0
533.0
414.0
351.52
270.52
270.0
258.02
234.5
207.0
229.0
210.0
213.5
208.0
249.76
340.0
645.0
819.0
889.0
915.0
891.0
899.0
850.0
858.0
878.76
727.76
491.76
354.76
294.52
278.52
204.0
252.96
204.0
209.0
214.0
196.0
200.0
203.0
185.0
199.0
227.0
212.0
229.0
228.0
233.0
207.0
246.0
214.0
225.0
243.0
232.0
240.0
230.0
222.0
191.0
216.5
221.0
203.0
206.0
197.0
194.0
197.0
191.0
207.0
177.0
232.0
234.0
260.0
255.0
236.0
253.0
271.0
253.0
291.0
266.0
263.0
240.0
256.0
233.0
216.5
205.0
210.0
207.0
207.0
195.0
213.0
199.0
338.0
632.0
916.0
977.0
991.0
906.0
922.0
946.0
909.0
882.0
760.0
549.0
426.0
373.0
274.0
288.0
247.9
477.28
476.28
475.28
475.28
474.28
476.28
486.28
524.28
600.28
658.28
663.28
699.28
711.28
683.28
640.28
677.28
676.28
626.28
577.28
429.0
356.0
280.0
273.0
255.38
262.0
220.0
233.0
221.0
220.0
230.0
247.0
375.0
602.0
882.0
922.0
994.0
890.0
929.0
900.0
881.0
898.0
748.0
483.0
407.0
366.0
300.0
290.0
255.38
252.0
231.0
245.0
214.0
246.0
206.0
226.0
370.0
604.0
894.0
895.0
930.0
859.0
924.0
913.0
895.0
881.0
719.0
511.0
382.0
347.0
301.0
267.16
255.38
218.0
232.0
209.0
248.0
204.0
227.0
214.0
364.0
613.0
855.0
877.0
900.0
807.0
905.0
874.0
833.0
870.12
739.0
478.0
385.0
349.0
278.0
222.0
255.38
235.0
220.0
216.0
213.0
213.0
207.0
217.0
179.0
211.0
240.0
214.0
231.0
253.0
229.0
225.0
223.0
248.0
235.0
251.0
250.0
230.0
240.0
242.0
216.5
217.0
198.0
208.0
207.0
208.0
210.0
208.0
200.0
222.0
225.0
205.0
257.0
223.0
244.0
249.0
237.0
239.0
251.0
270.0
237.0
250.0
241.0
196.0
259.05
224.5
224.0
193.0
235.0
214.0
239.0
212.0
357.0
633.0
925.0
936.0
951.0
883.0
904.0
926.0
914.0
903.0
811.08
536.0
431.0
356.0
264.0
268.0
255.38
231.0
234.0
199.0
213.0
215.0
221.0
216.0
351.0
636.0
890.0
920.0
937.0
887.0
899.8
931.8
901.8
902.8
744.8
516.76
429.76
305.76
289.76
215.0
262.86
228.0
248.0
226.0
195.0
249.0
223.0
214.0
407.0
682.0
870.0
910.0
939.0
843.0
922.0
886.08
917.0
892.0
771.0
509.0
394.0
322.0
278.0
282.0
224.43
215.5
229.0
236.0
248.0
205.0
237.0
205.0
385.0
642.0
906.0
926.0
957.0
855.0
887.0
932.0
923.0
852.0
740.0
494.0
351.0
307.68
268.68
248.0
224.43
215.5
211.0
222.0
196.0
220.0
209.5
196.0
336.24
605.24
837.72
879.72
899.72
822.72
854.0
859.24
819.24
812.24
691.24
455.0
304.0
264.0
222.0
214.0
224.43
206.5
199.0
188.0
201.0
194.0
186.0
199.0
193.0
216.0
272.0
301.0
317.0
260.52
325.52
305.0
330.16
305.16
275.16
255.5
239.0
228.0
187.0
217.0
208.94
196.0
200.0
204.0
182.0
192.0
196.0
182.0
195.0
213.0
221.0
242.0
239.0
250.0
251.0
251.0
251.0
244.0
275.0
241.0
241.0
206.0
205.0
207.0
208.94
203.0
187.0
196.0
189.0
210.0
182.0
187.0
351.0
607.52
863.52
928.52
927.52
864.52
906.52
898.0
898.0
875.0
745.0
448.0
396.0
329.0
281.0
221.0
224.43
206.0
211.0
208.0
196.0
224.0
191.0
226.0
326.0
590.0
869.0
888.0
939.0
841.04
884.04
879.84
869.84
851.84
756.84
507.84
373.84
340.0
261.0
233.0
224.43
236.0
207.0
209.0
217.0
193.0
221.0
192.0
344.0
588.0
830.0
875.0
917.0
817.0
869.0
856.0
855.0
838.0
713.0
453.0
366.0
329.0
281.0
236.0
224.43
225.0
205.0
205.0
215.0
201.0
211.0
211.0
345.0
593.0
830.0
848.0
895.0
790.0
834.0
813.0
791.0
735.0
609.0
397.0
306.0
282.0
248.0
226.0
224.43
198.5
198.0
205.5
193.5
199.5
201.0
180.5
200.0
209.5
226.0
238.0
238.5
241.0
239.0
248.0
245.5
253.04
242.0
236.0
231.0
209.0
226.0
186.0
208.94
201.0
196.0
207.0
205.0
207.0
201.0
180.5
205.0
206.0
231.0
234.0
238.0
232.0
227.0
245.0
240.0
240.0
209.0
217.0
231.0
206.0
214.0
194.0
208.94
193.0
205.0
194.0
204.5
201.5
206.0
179.0
192.0
220.0
261.0
267.5
287.56
263.0
265.0
282.0
272.0
283.0
251.0
220.0
237.0
233.0
210.0
201.0
208.94
201.0
198.0
208.0
215.0
203.0
187.0
218.0
351.0
620.0
946.0
938.56
975.56
902.0
947.0
956.0
957.0
932.0
807.0
596.0
483.0
358.0
272.0
225.0
224.43
206.0
222.0
218.0
211.0
226.0
202.0
202.0
387.0
660.0
914.0
951.0
989.0
917.0
955.0
938.0
928.0
935.0
796.0
528.0
444.0
368.0
280.0
234.0
224.43
210.0
236.0
201.0
214.0
227.0
202.0
236.0
369.0
629.0
942.0
956.0
990.0
892.0
944.0
919.0
920.56
925.56
807.0
548.0
395.0
346.0
295.0
255.0
224.43
214.0
203.0
220.0
202.0
198.0
220.0
207.0
382.0
641.0
917.0
939.0
997.0
903.0
964.0
940.0
931.0
928.0
793.0
543.0
447.0
357.0
266.0
247.0
224.43
200.0
218.0
204.0
214.0
200.0
219.0
209.0
384.0
643.0
938.0
982.0
1019.0
891.0
949.0
944.0
897.0
902.0
778.0
534.0
391.0
345.04
278.04
246.0
224.43
210.0
205.0
210.0
204.0
196.0
216.0
197.0
201.0
219.0
273.0
301.0
284.0
275.0
298.0
291.0
311.0
278.0
264.0
252.0
230.0
224.0
215.0
182.0
208.94
204.0
201.0
191.0
189.0
202.0
199.0
190.0
188.0
200.0
242.0
250.0
282.0
290.0
270.0
282.0
253.0
289.0
261.0
263.0
223.0
229.0
221.0
205.0
208.94
213.0
200.0
209.0
212.0
201.5
210.0
196.0
367.0
623.0
943.0
984.0
1033.0
943.0
987.0
993.0
958.0
963.0
839.0
538.0
426.0
334.0
263.0
226.0
224.43
217.0
200.0
200.0
210.0
203.0
206.0
211.0
358.0
630.0
944.0
973.0
1030.0
944.0
993.0
986.0
956.0
960.0
807.0
563.0
449.0
327.0
284.0
252.0
224.43
224.0
207.0
196.0
226.0
202.0
203.0
225.0
360.0
647.0
933.0
954.0
1032.56
934.56
990.0
969.0
961.0
933.0
838.0
531.0
427.0
350.0
293.0
257.0
224.43
236.0
200.0
218.0
229.0
207.0
222.0
236.0
367.0
649.0
943.0
999.0
1041.0
942.0
962.0
957.0
927.0
949.0
786.0
564.0
457.0
362.0
272.0
249.0
215.0
212.0
204.0
217.0
213.0
175.41
206.0
211.0
201.0
204.0
195.0
191.0
186.0
190.0
202.0
212.0
247.0
257.0
243.0
240.0
242.0
211.0
209.0
194.0
217.5
220.0
190.0
204.0
196.0
175.41
207.0
187.0
192.0
193.0
198.0
182.0
200.0
179.0
216.0
201.0
233.0
249.04
230.0
226.0
241.0
243.0
212.0
224.0
217.5
217.0
218.0
198.0
212.0
175.41
216.0
196.0
189.0
175.0
190.0
192.0
186.0
371.0
666.0
938.0
972.0
1043.0
974.0
931.0
943.0
945.0
916.08
813.0
566.0
465.0
367.0
282.0
268.0
255.41
224.0
208.0
201.0
209.0
205.0
195.0
203.0
387.0
691.84
942.04
964.84
986.84
912.84
972.84
915.72
946.64
934.64
781.64
592.64
508.64
375.64
298.64
236.0
255.41
217.0
202.0
223.0
205.5
215.5
195.0
236.0
383.0
679.0
919.0
1010.0
1040.0
916.0
1003.0
953.0
945.0
895.0
779.0
592.0
452.0
380.0
269.0
269.0
255.41
215.0
211.0
245.0
202.0
226.0
195.0
217.0
365.0
692.88
913.88
957.08
982.88
886.88
906.88
909.44
902.56
850.0
709.0
537.0
394.0
303.0
237.0
205.0
255.41
177.0
194.0
174.0
156.0
172.0
165.0
160.0
457.0
208.0
278.0
255.0
248.0
217.0
271.0
250.0
275.0
244.0
249.04
217.5
214.0
212.0
184.0
210.0
179.88
188.0
201.0
198.0
180.0
180.0
184.0
178.0
182.0
196.0
250.0
281.0
280.0
278.0
250.0
246.0
261.0
261.0
255.0
220.0
205.0
222.0
182.0
204.0
176.915
187.0
179.0
182.0
189.0
180.0
174.0
223.0
332.0
650.12
925.16
974.16
1000.28
885.16
943.16
921.16
942.0
893.0
778.0
527.0
419.0
374.0
328.0
260.0
265.9
215.0
223.0
234.0
232.0
205.0
216.0
232.0
398.0
691.0
923.12
1006.11
1040.0
969.0
1004.0
935.0
952.0
928.0
783.0
510.0
443.0
396.0
357.12
292.0
260.81
217.0
226.0
230.0
217.0
209.0
216.0
222.0
384.0
606.0
915.0
928.0
970.0
911.0
969.0
913.0
890.0
918.0
733.0
498.0
443.0
372.0
312.0
285.0
260.81
225.0
225.5
224.5
206.0
201.0
196.0
234.0
394.0
643.12
929.0
927.0
1001.0
941.0
923.0
907.08
890.0
882.0
736.0
539.0
428.0
408.0
364.0
263.0
255.72
225.0
225.0
219.0
251.0
221.0
225.0
237.0
380.0
672.0
930.0
969.0
1023.0
911.0
937.0
969.0
931.12
911.0
759.0
501.0
397.0
352.0
302.0
271.0
252.36
206.0
207.0
205.5
196.0
201.0
192.0
202.0
216.0
286.0
301.0
297.0
316.0
309.0
300.0
303.0
311.0
285.0
309.0
238.0
225.0
239.0
209.0
236.0
176.915
206.0
213.0
213.0
216.0
193.0
198.0
186.0
230.0
246.0
310.0
324.0
355.0
308.0
289.0
270.0
287.0
275.0
279.0
240.0
245.0
256.0
217.0
210.0
176.915
225.0
194.0
207.0
192.0
199.0
205.0
217.0
376.0
605.0
852.0
929.0
929.0
852.52
887.52
864.12
873.0
867.52
696.52
519.44
452.44
331.44
287.76
261.0
252.36
225.0
200.5
216.5
205.5
201.0
211.5
250.6
347.6
620.6
805.6
839.6
889.0
875.0
833.0
841.0
842.0
836.0
669.0
489.0
411.0
327.0
276.0
263.0
252.36
225.0
207.0
226.0
219.0
203.0
218.0
249.0
386.0
631.0
830.0
832.0
916.0
875.12
844.0
861.0
848.08
824.0
686.12
478.6
370.6
363.0
276.0
282.0
252.36
233.0
213.0
211.0
236.0
212.0
236.0
220.0
383.0
650.0
839.0
882.0
924.0
881.0
889.0
850.0
854.0
834.0
689.0
505.0
416.0
332.0
311.0
256.0
252.36
236.0
247.0
211.0
203.0
231.0
233.0
259.0
351.0
662.0
888.0
876.0
972.12
873.0
898.0
837.0
832.0
839.0
665.0
497.0
382.0
325.0
299.0
232.0
252.36
224.0
212.0
210.0
218.0
206.0
233.0
196.0
190.0
205.0
212.0
219.0
220.0
224.0
229.0
215.0
218.0
228.0
225.0
215.0
222.0
203.0
239.0
217.0
176.915
206.0
217.0
217.0
208.0
204.0
202.0
203.0
201.0
199.0
216.0
242.0
270.0
249.0
238.0
231.0
244.0
238.0
223.0
242.0
218.0
234.0
215.0
209.0
176.915
207.0
206.0
201.0
192.0
220.0
200.0
225.0
383.0
672.0
933.0
1000.0
1047.0
949.12
1006.0
953.0
959.0
928.0
790.0
563.0
434.0
393.0
320.0
278.0
252.36
232.0
236.0
250.0
231.0
230.0
223.0
239.0
389.0
680.0
940.0
966.12
1041.0
925.0
955.12
960.0
932.0
914.0
761.0
480.0
407.12
336.0
289.0
244.0
252.36
222.0
201.0
223.0
216.0
267.0
201.0
222.0
359.0
696.0
752.0
970.0
1028.0
982.0
897.0
930.0
932.0
945.0
804.0
564.08
392.0
400.0
313.0
266.0
252.36
228.0
232.0
212.0
226.0
234.0
251.0
204.0
338.0
625.0
933.0
940.0
1006.0
962.08
950.0
941.0
951.0
947.0
800.0
512.0
434.12
384.0
320.0
246.0
249.0
240.0
204.0
214.0
214.0
241.0
221.0
224.0
350.0
595.0
946.0
944.0
999.0
915.0
935.08
892.0
899.0
873.0
792.0
418.0
322.0
269.0
258.0
226.0
259.97
231.0
197.0
210.0
216.0
239.0
191.0
211.0
197.0
204.0
241.0
258.0
244.0
254.0
297.0
280.0
291.0
258.0
253.0
261.0
230.0
252.0
214.0
234.0
176.915
204.0
225.0
225.0
218.0
203.0
218.0
187.0
207.0
232.0
210.0
214.0
312.0
269.0
291.5
232.0
253.0
250.0
238.0
234.0
235.0
208.0
217.0
211.0
176.915
233.0
212.0
223.0
195.0
212.0
210.0
212.0
335.0
625.0
936.0
972.0
1061.0
995.0
1003.0
1029.0
976.0
980.12
808.0
535.0
392.0
306.0
287.0
280.0
259.97
237.0
234.0
232.0
218.0
209.0
211.0
223.0
370.0
614.0
936.12
992.0
1025.12
968.0
994.0
968.0
952.0
995.0
846.0
542.0
444.0
357.0
309.0
246.0
259.97
237.0
219.0
246.0
223.0
217.0
220.0
213.0
360.0
637.0
915.0
949.0
1032.06
972.0
954.0
953.12
959.0
917.0
799.0
515.12
434.0
344.0
333.0
249.0
259.97
241.0
227.0
227.0
206.0
224.0
210.0
222.0
356.0
618.0
927.0
988.0
1039.0
969.0
966.12
997.0
980.12
960.0
852.0
568.0
410.0
358.0
296.0
268.0
259.97
268.0
222.0
237.0
233.0
226.0
229.0
205.0
372.0
597.0
919.0
953.0
1026.0
939.0
978.0
970.0
926.08
919.0
813.0
464.0
360.0
360.0
252.0
249.0
259.97
200.0
205.0
221.0
213.0
219.0
205.0
218.0
221.0
238.0
248.0
272.0
269.0
275.0
286.0
283.0
275.0
270.0
259.0
252.0
253.0
225.0
216.0
239.0
176.915
212.0
211.0
210.0
250.0
186.0
202.0
197.0
200.0
204.0
221.0
231.0
265.0
256.0
250.0
260.6
272.6
261.0
247.0
247.0
223.0
218.0
220.0
189.0
176.915
176.0
187.0
216.0
180.0
177.0
185.0
197.0
333.0
626.0
836.12
961.5
1062.0
971.0
984.0
995.0
953.08
962.0
837.0
575.0
448.0
377.0
300.0
279.0
259.97
232.0
205.0
257.0
216.0
216.0
202.0
230.0
357.0
648.0
919.0
970.0
1055.5
950.12
984.0
1035.0
962.0
936.24
856.0
601.0
474.0
376.0
311.0
262.0
270.94
239.0
247.0
247.0
236.0
222.0
226.0
244.0
375.0
643.0
958.0
953.12
1049.0
964.0
969.0
987.24
985.0
945.0
812.0
600.0
399.0
409.0
343.0
257.0
262.93
239.0
239.0
257.0
226.0
238.0
233.0
221.0
384.0
639.0
953.0
963.0
1048.0
950.0
993.0
949.0
968.0
964.0
825.12
597.0
478.0
381.0
316.0
285.0
262.93
248.0
249.0
226.0
244.0
231.0
222.0
245.0
375.0
650.0
935.0
971.0
1058.0
951.08
984.0
969.0
949.0
963.0
793.0
599.0
409.0
332.0
287.0
289.0
262.93
202.0
198.0
200.0
208.0
222.0
194.0
190.0
203.0
226.0
239.0
817.0
585.0
470.0
374.0
323.0
291.0
256.91
247.0
245.0
235.0
243.0
248.0
221.0
254.0
351.0
702.0
919.0
994.0
1000.08
917.0
987.0
952.0
938.12
941.0
798.0
551.0
459.0
384.0
349.0
283.0
255.91000000000003
258.0
255.0
232.0
247.0
239.0
268.0
238.0
375.0
657.0
942.0
1014.0
1050.0
960.0
1018.0
985.08
972.0
933.12
821.0
551.0
427.0
357.0
293.0
265.0
255.91000000000003
247.0
220.0
250.0
233.0
229.0
227.0
245.0
377.0
676.0
986.0
990.0
1025.0
941.0
1004.0
984.0
985.0
964.0
843.0
577.0
438.0
377.0
354.0
283.0
255.91000000000003
249.0
253.0
255.0
252.0
253.0
250.0
237.0
381.0
697.0
1016.0
1023.0
1036.12
951.0
1038.0
1012.12
1025.0
963.0
819.0
544.0
408.0
362.0
304.0
271.0
254.91
221.0
246.0
227.0
248.0
229.0
233.0
226.0
238.0
224.0
278.0
294.12
274.0
290.0
276.0
290.0
270.0
317.0
299.0
288.0
259.0
234.0
284.32
297.44
282.32
265.32
270.32
268.32
269.32
254.32
270.32
255.32
202.5
306.32
269.32
287.32
279.32
297.32
285.32
274.32
290.32
293.32
240.5
309.32
250.32
329.32
296.32
256.32
223.09
295.32
264.32
266.32
284.32
270.32
289.32
268.32
385.32
571.32
667.32
978.32
848.32
808.32
746.32
1026.32
880.44
839.32
777.32
545.32
485.32
406.32
331.32
298.32
307.31
276.32
294.32
264.32
287.32
295.32
315.32
284.32
373.32
576.32
826.32
861.4
883.32
796.32
887.32
878.32
880.32
845.32
752.32
559.32
448.32
396.32
313.32
282.32
319.27
275.32
288.32
317.32
296.32
286.32
316.32
261.32
353.32
561.32
904.0
937.0
981.12
884.0
941.0
949.0
896.0
929.0
776.0
554.0
398.0
365.12
314.0
241.0
272.95
224.0
231.0
230.0
237.0
230.0
222.0
231.0
328.0
667.0
943.0
959.0
1010.0
903.0
967.12
975.0
942.0
926.0
834.0
562.0
458.0
443.0
356.0
291.0
261.93
261.0
257.0
245.0
261.0
258.0
232.0
238.0
366.0
660.08
956.0
952.0
994.0
909.12
964.0
955.0
944.0
893.12
708.0
487.0
359.0
306.0
258.0
250.0
270.89
212.0
220.0
184.0
184.0
197.0
205.0
191.0
167.0
211.0
194.0
183.0
193.0
202.0
158.0
178.0
187.0
189.0
182.0
208.0
200.0
183.0
193.0
192.0
223.09
187.0
173.0
183.0
210.0
181.0
180.0
174.0
190.0
224.5
233.0
220.0
227.0
230.0
223.0
235.0
228.0
250.0
231.0
235.0
223.0
205.0
199.0
193.0
223.09
202.0
195.0
182.0
185.0
184.0
202.0
165.0
312.0
618.0
930.0
992.0
1028.0
930.0
1008.0
980.0
976.0
961.0
859.0
591.0
456.0
360.0
271.12
255.0
270.89
234.0
210.0
226.0
242.0
221.0
208.0
218.0
355.0
643.0
972.12
978.2
1003.2
1023.2
974.2
1002.2
988.0
980.0
840.0
589.0
426.0
399.0
310.0
314.0
279.85
247.0
233.0
241.0
221.0
236.0
217.0
224.0
349.0
654.0
939.0
980.0
982.0
929.0
993.0
970.12
939.0
933.08
799.0
529.0
413.0
362.0
320.0
284.0
263.93
280.0
268.0
259.0
259.0
253.0
247.0
242.0
336.0
630.0
948.0
977.12
1050.0
955.0
969.08
990.0
967.0
958.0
844.0
594.0
433.0
386.0
286.0
312.32
288.67
261.0
255.0
241.0
255.0
235.0
232.0
219.0
359.0
622.0
938.12
1001.0
1005.0
972.0
1021.0
1001.0
945.0
945.0
806.12
542.0
373.0
330.0
289.0
265.0
249.84
209.0
193.0
230.0
213.0
232.0
212.0
209.0
192.0
238.0
254.0
257.0
261.0
228.0
238.0
266.0
285.0
268.0
281.0
277.0
285.0
252.0
239.0
230.0
223.09
215.0
219.5
220.5
229.0
207.0
236.0
198.0
237.0
205.0
226.0
256.0
260.0
250.0
260.0
263.0
245.0
262.0
256.0
237.0
253.0
237.0
260.0
226.0
223.09
224.0
205.0
219.0
220.0
231.0
216.0
207.0
372.0
643.0
969.0
995.11
896.0
827.0
863.0
857.08
836.0
799.0
696.0
561.0
404.12
303.0
269.0
267.0
249.885
232.0
220.0
242.0
208.0
233.0
209.0
222.0
364.0
677.0
967.0
1021.12
1017.0
929.0
1020.0
991.0
997.08
953.0
844.0
624.12
519.0
369.0
284.0
269.0
249.885
238.0
250.0
252.0
244.0
245.0
250.0
220.0
353.0
656.0
940.0
980.0
1005.0
915.0
973.0
979.0
978.0
928.0
827.0
574.0
470.0
366.0
298.0
265.0
249.93
244.0
242.0
250.0
240.0
223.0
237.0
231.0
356.0
638.0
909.0
981.0
986.0
894.12
935.0
906.0
911.0
888.0
796.0
585.0
456.0
381.0
327.0
268.0
247.92
244.0
262.0
246.0
233.0
224.0
238.0
239.0
369.0
631.0
917.0
956.12
957.12
889.0
941.0
939.0
925.12
921.0
775.0
541.0
474.0
406.0
277.0
243.0
249.925
229.0
246.0
211.0
243.0
215.0
231.0
205.0
217.0
244.0
250.0
286.0
282.0
297.0
272.0
275.0
296.0
277.0
256.0
278.0
233.0
249.0
212.0
209.0
223.09
207.0
207.0
217.0
213.0
212.0
226.0
219.0
231.0
217.0
229.0
204.0
232.0
227.0
209.0
228.0
249.0
239.0
232.0
242.0
248.0
231.0
198.0
215.0
223.09
211.0
216.0
204.0
226.0
219.0
201.0
211.0
358.0
648.0
938.0
1009.0
1007.0
944.0
964.0
1013.0
970.0
950.0
875.0
592.0
441.0
355.0
299.0
243.0
251.93
264.0
241.0
259.0
244.0
260.0
235.0
240.0
351.0
639.0
911.0
992.0
990.0
868.0
977.0
953.12
933.12
942.0
820.0
543.0
478.0
361.0
315.0
255.0
251.865
234.0
228.0
219.0
227.0
223.0
216.0
198.0
342.0
624.0
944.0
931.0
939.0
912.0
934.0
903.0
919.0
910.12
751.0
529.0
473.0
352.0
282.0
262.0
251.8
275.0
230.0
226.0
227.0
246.0
226.0
222.0
378.0
640.0
884.0
961.0
971.12
864.0
947.0
927.0
901.0
852.0
735.0
486.0
409.0
284.0
285.0
258.0
206.825
221.0
230.0
238.0
217.0
221.0
231.0
214.0
321.0
590.0
848.0
857.0
880.0
819.0
832.0
828.0
762.0
776.0
604.0
406.0
323.0
313.0
234.0
204.0
206.825
224.0
221.0
202.0
233.0
204.0
202.0
208.0
190.0
212.0
207.0
202.0
213.0
205.0
193.0
188.0
209.0
213.0
203.0
203.0
216.0
194.0
196.0
241.0
223.09
193.0
229.0
213.0
201.0
199.0
197.0
198.0
318.0
492.0
637.0
640.0
651.0
649.0
649.0
641.0
620.0
601.0
497.0
390.0
234.0
234.0
217.0
215.0
206.825
203.0
209.0
204.0
212.0
202.0
219.0
204.0
291.0
474.0
577.0
621.0
641.0
599.0
627.0
627.0
668.8
628.8
484.0
393.0
273.0
229.0
219.0
223.0
206.825
204.0
196.0
193.0
208.0
201.0
176.0
203.0
233.0
411.0
528.0
526.0
541.0
504.0
524.0
430.0
315.0
273.0
201.0
175.0
166.0
181.0
168.0
191.0
161.85
166.0
160.0
191.0
173.0
171.0
160.0
202.0
147.0
143.0
164.0
177.0
166.0
157.0
178.0
152.0
168.0
158.0
166.0
167.0
184.0
159.0
167.0
176.0
163.86
181.0
170.0
157.0
180.0
174.0
170.0
155.0
140.0
175.0
165.0
167.0
179.0
156.0
156.0
161.0
156.0
157.0
165.0
172.0
187.0
179.0
173.0
181.0
162.86
145.0
180.0
167.0
172.0
160.0
165.0
159.0
160.0
158.0
160.0
157.0
171.0
148.0
158.0
160.5
146.5
165.0
178.0
177.0
173.0
184.0
172.0
180.0
162.86
159.0
167.5
168.0
147.0
167.5
172.0
137.0
158.0
162.0
136.0
148.0
153.0
166.0
146.0
160.0
137.0
165.0
153.0
170.0
178.0
181.0
171.0
178.0
161.86
175.0
155.0
170.0
177.0
175.0
157.0
157.0
170.0
158.0
139.0
157.0
139.0
160.0
146.0
142.0
145.0
160.0
152.0
174.0
162.0
185.0
165.0
177.0
159.88
184.0
181.0
161.0
195.0
168.0
170.0
144.0
146.0
152.0
188.0
183.0
199.0
194.0
170.0
193.0
187.0
241.0
251.0
216.0
324.0
309.0
253.0
232.0
228.0
261.0
225.5
213.0
216.0
209.0
190.0
195.0
176.915
199.0
199.0
226.0
185.0
199.0
185.0
181.0
195.0
204.0
213.0
219.0
237.0
218.0
224.0
234.0
231.0
249.0
213.0
222.0
213.0
223.0
205.0
198.0
176.915
208.0
204.0
197.0
196.0
199.0
194.0
198.0
365.0
667.0
905.0
947.0
1052.0
927.0
975.0
927.0
942.0
899.0
797.0
455.0
358.0
336.0
292.0
235.0
258.545
217.5
225.0
237.0
235.0
198.0
213.0
214.0
371.0
640.0
947.0
973.0
1051.0
960.24
1024.0
1002.0
978.0
978.0
872.12
642.0
518.0
365.12
311.0
275.0
262.23
217.5
227.0
236.0
254.0
220.0
238.0
221.0
412.04
626.04
928.0
1009.0
1055.0
948.0
995.0
986.0
987.0
942.0
793.0
640.12
445.0
369.0
313.0
262.0
243.27
217.5
226.0
221.0
242.0
201.0
235.0
262.0
359.0
629.0
938.0
978.0
1043.0
959.0
976.0
935.0
952.0
946.96
798.84
546.84
427.52
350.0
306.0
260.0
247.76
217.5
221.0
215.0
212.0
214.0
206.0
217.0
373.08
644.0
923.0
968.12
1028.28
932.28
972.28
940.28
911.0
895.0
808.12
516.0
411.0
342.0
300.0
245.0
252.25
217.5
214.0
217.0
213.0
231.0
242.0
215.0
378.0
629.0
873.0
896.0
989.0
881.0
877.0
947.0
863.0
875.0
786.0
495.0
388.0
352.0
273.0
241.0
251.115
203.0
201.0
215.0
195.0
205.5
192.0
189.0
196.5
222.0
228.0
223.0
249.0
240.0
223.0
237.0
254.0
222.0
225.0
233.0
216.0
219.0
216.0
206.0
176.915
207.0
203.0
204.0
205.0
212.0
199.0
197.0
198.0
200.0
210.0
236.0
249.0
244.0
235.0
239.0
220.0
252.0
220.0
235.0
245.0
220.5
207.0
215.0
176.915
227.0
207.0
217.0
221.0
197.0
193.0
200.0
401.56
596.56
882.0
961.0
1017.12
925.0
939.0
940.0
924.0
913.0
791.0
565.0
435.0
354.0
270.0
245.0
251.115
230.0
216.0
219.0
229.0
207.0
213.0
244.0
339.0
655.0
900.0
934.0
981.12
883.0
919.0
935.0
907.0
913.0
778.0
452.0
386.0
356.0
278.0
235.0
251.115
230.5
226.0
209.0
221.0
222.0
219.0
214.0
360.0
629.0
894.0
941.0
1003.0
910.0
939.32
924.32
918.4
873.56
779.56
487.56
407.08
340.2
288.08
253.5
251.115
230.5
208.0
204.5
233.0
218.0
221.5
210.0
378.16
649.16
909.92
946.0
1007.92
872.92
921.16
909.04
882.76
879.76
740.76
557.88
412.76
378.36
330.04
272.0
251.115
230.5
209.5
204.5
245.0
214.0
224.0
231.0
380.0
614.0
908.0
965.0
982.0
917.0
919.0
906.0
892.0
909.0
727.0
451.0
374.0
323.0
279.0
247.0
251.115
197.5
222.0
209.0
207.0
216.0
210.0
202.0
226.0
214.0
216.0
204.0
239.0
241.0
239.0
220.0
254.0
243.5
220.0
225.0
235.0
222.0
224.0
196.0
176.915
197.5
205.0
196.0
192.0
214.0
216.0
196.0
189.0
220.0
250.72
233.5
284.72
291.72
254.72
259.72
249.72
243.5
231.0
240.0
235.5
218.5
224.5
199.0
176.915
230.5
209.5
200.0
206.0
219.0
250.28
268.28
389.28
609.28
871.28
905.28
959.28
902.12
988.0
940.0
949.0
912.0
807.0
622.0
489.68
385.8
318.68
267.0
249.98
230.5
211.0
214.0
212.5
214.0
229.0
229.0
361.0
651.0
924.0
960.0
988.0
932.0
934.0
943.0
922.0
908.0
799.0
530.0
447.0
377.0
281.0
256.0
250.455
230.5
231.0
228.0
219.0
217.5
224.5
222.5
383.0
634.0
900.0
918.0
1009.0
898.12
952.0
947.0
961.0
927.12
788.0
572.0
450.0
357.0
276.0
235.0
250.93
231.0
211.0
227.0
206.0
221.0
220.0
216.0
363.0
631.0
913.0
935.0
1018.0
934.0
934.0
930.0
930.0
896.0
787.0
595.08
510.0
419.0
266.0
247.0
255.98
220.0
218.0
241.0
201.0
218.5
250.0
212.0
378.0
644.0
875.0
939.08
996.0
904.0
915.0
884.0
935.12
844.0
738.0
464.0
386.0
338.0
293.0
233.0
261.93
197.5
226.0
216.0
225.0
212.0
222.0
204.0
247.0
226.0
261.0
263.0
267.0
292.0
267.84
261.84
285.32
243.5
231.0
255.0
235.5
218.5
224.5
214.0
176.915
197.5
208.0
209.5
214.0
207.0
203.0
218.0
187.0
234.0
202.0
207.0
261.0
248.0
218.0
248.42
269.16
243.5
231.0
243.0
235.5
218.5
225.0
229.0
176.915
209.0
224.0
225.0
196.0
216.0
219.0
205.0
375.12
622.04
895.04
893.0
970.0
894.0
887.0
936.0
875.52
881.52
745.0
455.0
408.0
328.0
323.0
249.0
259.86
247.0
207.0
236.0
210.0
230.0
237.0
262.0
363.0
663.0
841.12
872.0
964.0
883.0
883.0
877.0
868.0
880.0
720.0
468.12
417.0
344.0
340.0
265.0
244.86
240.0
211.0
219.0
223.0
206.0
214.0
239.0
359.0
666.0
902.12
885.0
956.0
912.0
872.0
856.12
744.0
647.0
569.0
396.0
340.0
319.0
289.0
227.0
254.865
188.0
199.0
203.0
203.0
181.0
190.0
177.0
204.0
223.0
229.0
251.0
290.0
286.0
254.0
235.0
253.0
235.0
242.0
231.0
236.0
215.0
196.0
191.0
176.915
202.0
171.0
188.0
189.0
190.0
196.0
173.0
184.0
206.0
205.0
205.0
226.0
240.0
236.0
212.0
221.0
245.0
225.0
229.0
200.0
214.0
181.0
180.0
176.915
191.0
175.0
188.0
188.0
187.0
194.0
183.0
165.0
206.0
175.0
195.0
177.0
206.0
177.0
183.0
208.0
196.0
206.0
215.0
189.0
218.0
216.0
191.0
176.915
189.5
178.0
165.0
198.0
193.0
170.0
173.0
188.0
190.0
199.0
178.0
235.0
228.0
193.0
201.0
193.0
199.0
197.0
225.0
233.0
174.0
210.0
171.0
176.915
188.0
172.0
184.0
179.0
178.0
159.52
178.5
188.0
187.0
240.0
209.0
259.0
246.0
220.0
235.0
238.0
240.0
210.0
224.0
194.0
197.0
202.0
206.0
176.915
180.0
195.0
192.0
177.0
171.0
190.0
184.0
202.0
172.0
197.0
197.0
241.0
239.0
209.0
216.0
194.0
199.0
193.0
230.0
209.0
189.0
177.0
185.0
176.915
173.0
179.0
185.0
181.0
172.0
161.0
180.0
177.0
182.0
175.0
193.0
251.0
224.0
204.0
184.0
208.0
211.0
195.0
204.0
198.0
211.5
201.0
178.0
173.95
181.0
170.0
206.0
193.0
183.0
164.0
202.0
339.0
614.0
859.0
916.0
949.0
862.0
901.0
881.0
891.0
876.0
746.8
460.0
375.0
315.0
271.0
247.0
254.865
228.0
227.0
208.0
216.0
202.0
241.0
235.0
354.0
693.0
693.0
899.08
950.0
845.0
908.0
875.0
920.0
865.0
751.0
524.0
424.0
357.0
303.0
267.0
254.865
223.0
219.0
222.0
241.0
217.0
244.0
247.0
331.0
582.0
846.0
876.0
879.12
798.0
837.08
840.0
852.0
846.0
724.0
466.0
352.0
334.0
270.0
289.0
254.865
208.0
201.0
219.0
218.0
205.0
200.0
206.0
182.0
192.0
213.0
243.0
264.0
276.0
239.0
232.0
269.0
256.0
281.0
257.0
245.0
234.0
225.0
205.0
216.5
214.0
193.0
214.0
203.0
190.0
194.0
194.0
322.0
575.0
885.0
883.0
948.0
864.0
915.0
909.0
905.12
903.0
805.0
568.0
452.0
365.0
322.0
260.0
254.865
237.0
234.0
224.0
208.0
189.0
199.5
207.0
317.0
583.0
839.0
863.0
908.0
801.0
862.0
865.0
863.0
840.0
767.0
489.0
410.0
354.0
319.0
287.0
254.865
217.0
226.0
216.0
213.0
217.0
205.0
210.0
333.0
574.0
885.12
892.0
971.0
822.0
913.0
900.0
901.0
867.0
778.0
537.0
434.12
386.0
310.0
278.0
264.87
233.0
225.0
227.0
218.0
213.0
203.0
213.0
331.0
562.0
865.0
905.0
926.0
835.0
889.0
881.0
862.0
849.0
196.0
192.0
176.0
182.5
178.0
184.0
211.0
285.0
506.0
807.0
810.0
883.0
808.0
844.0
814.0
810.0
783.0
640.0
411.0
331.0
282.0
230.0
200.0
219.845
182.0
196.0
178.0
164.0
190.0
158.0
192.0
179.0
207.0
304.0
332.0
315.0
262.0
306.0
342.0
306.0
319.0
293.0
222.0
213.0
193.0
199.0
194.0
158.87
184.0
186.0
166.0
192.0
188.0
162.0
181.0
192.0
241.0
295.0
299.0
316.0
274.0
317.0
318.0
312.0
323.0
277.0
251.0
212.0
212.0
206.0
187.0
158.87
182.0
181.0
175.0
190.0
176.0
182.0
204.0
294.0
538.0
808.0
819.0
902.0
830.0
849.0
842.0
835.0
802.0
655.0
451.0
366.0
303.0
225.0
220.0
219.845
203.0
197.0
166.52
191.5
178.5
193.5
207.0
295.0
536.68
813.68
803.68
866.0
777.0
821.0
832.0
806.0
779.0
681.0
493.0
379.0
317.0
245.0
218.0
219.845
200.0
190.0
199.0
193.0
181.0
205.0
205.0
277.0
513.0
734.0
771.0
837.0
790.0
796.0
758.0
775.0
745.0
614.0
405.0
326.0
281.0
222.0
225.0
169.86
193.5
190.0
182.5
242.68
221.59
180.38
271.52
304.84
484.36
689.36
753.52
748.52
657.64
724.16
735.16
711.16
725.16
622.76
443.76
386.4
311.4
284.4
272.76
206.395
187.0
190.0
182.5
266.84000000000003
221.59
180.38
135.8
283.42
151.0
676.52
790.76
812.26
556.0
763.0
1011.0
702.0
779.0
624.0
357.0
259.0
241.0
203.0
241.38
206.395
359.52
150.52
164.18
263.0
175.0
241.0
157.0
164.0
202.0
252.0
255.0
261.0
223.0
246.0
248.0
254.0
238.0
214.0
205.0
198.0
185.0
188.0
168.0
158.87
263.3
158.76
162.36
217.0
175.0
203.0
159.36
159.0
178.5
221.0
213.5
242.5
237.0
211.0
225.5
221.5
216.0
190.5
189.5
188.0
173.0
178.0
174.5
158.87
173.0
192.0
166.0
266.84000000000003
221.59
155.76
205.99
262.0
524.0
795.0
828.0
876.0
779.0
829.0
364.0
721.5
793.0
651.0
444.0
333.0
286.0
228.0
210.0
206.395
220.09
202.0
212.1
291.0
221.59
140.0
205.99
285.6
951.0
805.0
759.0
831.0
284.0
769.0899999999998
790.0
741.0
777.0
634.0
430.0
328.0
288.0
249.0
203.0
206.395
267.18
264.18
258.2
260.18
262.18
257.18
276.18
309.2
512.18
698.18
719.18
722.18
614.2
709.18
700.18
584.18
454.18
494.2
660.18
263.18
348.0
227.0
194.0
206.395
263.3
167.0
164.0
171.0
162.0
165.0
166.0
154.0
155.0
190.0
172.0
224.0
251.0
176.0
203.0
189.0
194.0
167.0
174.0
178.0
161.0
168.0
181.0
147.84
167.08
176.0
150.0
171.0
178.0
154.0
165.0
162.0
170.0
189.0
205.0
229.0
255.0
197.0
201.0
176.0
210.0
187.0
170.0
176.0
188.0
160.0
184.0
149.385
155.08
177.0
160.0
170.0
170.0
153.0
152.0
162.0
160.0
178.0
190.0
183.0
204.0
178.0
199.0
218.0
190.0
179.0
198.0
187.0
170.0
178.0
179.0
150.93
160.0
190.0
149.0
164.0
177.0
161.0
188.0
281.0
507.0
731.0
790.0
818.0
748.0
838.0
824.0
815.0
805.0
656.0
429.0
357.0
317.0
286.0
228.0
242.93
230.0
239.0
197.0
244.0
212.0
223.0
242.0
315.0
577.0
778.0
803.0
636.0
979.0
625.0
946.0
777.0
777.0
625.0
425.0
230.0
301.0
250.5
413.0
193.41
202.0
206.0
450.0
477.0
191.5
248.0
144.0
234.0
242.0
207.0
206.0
243.0
230.0
709.0
684.0
718.0
699.0
612.0
430.0
354.0
285.0
215.0
214.0
193.41
174.0
173.0
180.0
173.0
171.0
180.0
179.0
222.0
409.0
682.0
490.0
823.0
719.0
793.0
796.0
768.0
772.0
634.0
449.0
376.0
310.0
242.0
222.0
193.41
167.0
174.0
188.0
167.0
173.0
181.0
197.0
251.0
461.0
745.0
774.0
827.0
743.0
769.0
743.0
773.0
761.0
681.0
468.0
418.0
312.0
242.0
232.0
193.41
177.0
166.0
190.0
160.0
164.0
186.0
182.0
252.0
439.0
745.0
791.0
833.0
749.0
778.0
758.0
764.0
723.0
639.0
382.0
341.0
262.0
223.0
212.0
193.41
178.0
174.0
172.0
153.0
194.0
167.0
155.0
168.0
185.0
244.0
251.0
260.0
246.0
268.0
271.0
265.0
260.0
213.0
192.0
199.0
202.0
164.0
177.5
160.42000000000004
168.0
161.0
172.0
146.5
161.0
181.0
166.0
177.0
201.0
246.0
280.0
308.0
237.0
287.0
287.0
321.0
286.0
236.0
223.0
185.0
172.0
191.0
176.0
169.91
160.0
165.0
168.0
153.0
181.0
152.0
180.0
284.0
437.0
753.0
807.0
883.0
799.0
826.0
813.0
811.0
801.0
701.0
465.0
411.0
353.0
260.0
247.0
193.41
191.0
188.0
178.0
175.0
205.0
156.0
208.0
264.0
480.0
772.0
806.0
882.0
780.0
815.0
799.0
814.0
789.0
687.0
487.0
438.0
354.0
266.0
248.0
193.41
183.0
198.0
161.0
200.0
168.0
186.0
188.0
267.0
522.0
779.0
839.0
894.0
837.0
838.0
808.0
805.0
798.0
703.0
477.0
454.0
365.0
292.0
271.0
193.41
224.0
203.0
188.0
191.0
192.0
189.0
214.0
264.0
469.0
792.0
811.0
873.0
775.0
809.0
778.0
761.0
758.0
645.0
449.0
373.0
334.0
268.0
243.0
193.41
184.0
192.0
208.0
183.0
203.0
163.5
191.0
266.0
475.0
734.0
764.0
835.0
768.0
758.0
702.0
688.0
568.0
484.0
337.0
256.0
242.0
222.0
159.0
143.89
171.0
147.0
161.0
146.5
146.0
140.0
130.0
135.0
132.0
148.0
161.0
171.0
151.56
161.56
165.0
173.0
148.0
165.0
161.0
131.0
162.0
154.0
129.0
145.87
136.0
133.0
154.0
140.0
132.0
147.0
129.5
136.0
148.0
189.0
181.0
171.0
194.0
205.0
188.0
182.0
182.0
156.0
134.0
158.0
162.0
137.0
136.0
159.84
138.04
148.04
145.0
139.0
150.0
136.0
129.0
137.0
144.0
162.0
151.0
211.0
197.0
180.0
171.0
186.0
162.0
141.0
145.0
175.0
146.0
140.0
137.0
155.88
133.0
138.0
146.0
146.0
135.0
133.0
131.0
138.0
132.0
148.0
167.0
192.0
200.0
187.0
162.0
172.5
161.0
175.0
140.0
148.0
150.0
145.0
137.0
138.86
135.0
133.0
159.0
134.0
141.0
135.5
141.0
139.0
149.08
168.08
188.0
208.0
200.0
183.0
193.0
159.0
172.0
192.0
151.0
172.0
133.0
159.0
152.0
140.9
159.0
138.0
148.0
142.0
150.0
138.0
138.0
129.0
137.0
160.0
177.0
211.0
207.0
175.0
178.0
175.0
155.0
180.0
156.0
158.0
139.0
155.0
129.0
163.82
164.5
137.0
151.0
148.0
147.0
129.0
144.5
142.0
140.0
189.0
179.0
242.0
235.0
217.0
187.0
200.0
196.0
186.0
173.5
158.08
171.0
151.0
139.0
149.87
136.0
137.0
143.0
141.0
134.0
138.0
191.0
246.5
409.56
694.0
725.0
751.0
648.0
724.0
698.0
709.0
695.0
562.0
348.0
275.0
263.0
220.0
188.0
143.89
173.0
151.0
162.0
168.0
151.0
166.0
168.0
227.0
429.0
689.0
687.0
750.0
635.0
697.0
685.0
709.0
679.0
574.0
323.0
271.0
244.0
244.0
196.0
143.89
178.0
165.0
181.0
173.0
170.0
167.04
171.0
251.0
438.0
702.2
714.4
743.4
645.4
718.4
695.4
706.2
687.2
607.2
392.2
334.2
322.2
252.68
201.0
143.89
188.5
162.52
178.5
174.0
165.0
166.0
174.0
239.0
430.0
688.0
735.0
758.0
670.0
736.0
737.0
732.0
702.0
613.0
367.0
303.0
279.0
272.0
231.0
143.89
199.0
172.0
176.0
175.0
167.0
185.0
168.0
230.0
406.0
670.24
719.24
725.24
645.24
688.0
701.84
664.84
683.84
567.84
351.84
314.84
286.0
275.0
229.0
143.89
188.0
204.0
187.0
162.0
206.0
183.0
197.0
241.0
458.0
742.0
708.0
782.52
668.52
726.0
718.0
712.0
623.0
943.0
984.0
1033.0
943.0
987.0
993.0
958.0
963.0
839.0
538.0
426.0
334.0
263.0
226.0
224.43
217.0
200.0
200.0
210.0
203.0
206.0
211.0
358.0
630.0
944.0
973.0
1030.0
944.0
993.0
986.0
956.0
960.0
807.0
563.0
449.0
327.0
284.0
252.0
224.43
224.0
207.0
196.0
226.0
202.0
203.0
225.0
360.0
647.0
933.0
954.0
1032.56
934.56
990.0
969.0
961.0
933.0
838.0
531.0
427.0
350.0
293.0
257.0
224.43
236.0
200.0
218.0
229.0
207.0
222.0
236.0
367.0
649.0
943.0
999.0
1041.0
942.0
962.0
957.0
927.0
949.0
786.0
564.0
457.0
362.0
272.0
249.0
224.43
215.0
207.0
207.0
211.0
202.0
213.0
206.0
369.0
650.0
925.0
978.0
1015.0
927.0
953.0
925.0
910.0
850.0
658.0
433.0
378.0
304.0
258.0
235.0
224.43
206.0
218.0
215.0
203.0
216.0
199.0
208.0
203.0
230.0
310.0
315.0
333.0
289.0
340.0
341.0
331.0
349.0
326.0
285.0
277.0
244.0
231.0
196.0
208.94
194.0
210.0
223.0
194.0
225.0
197.0
198.0
210.0
211.0
245.0
264.0
283.0
278.0
265.0
268.0
280.0
263.0
257.0
270.0
261.0
230.0
225.0
218.0
208.94
215.0
204.0
208.0
201.0
213.0
202.0
229.0
369.0
625.0
966.0
1004.0
1026.0
949.0
1001.0
956.0
970.0
945.0
826.0
594.0
445.0
364.0
294.0
236.0
224.43
228.0
213.0
221.0
219.0
213.0
214.0
240.0
381.0
638.0
945.0
950.0
994.0
910.0
988.0
992.0
971.0
946.0
825.0
556.0
466.0
388.0
293.0
273.0
224.43
224.0
235.0
202.0
229.0
200.0
222.0
235.0
383.0
620.0
939.0
965.0
1012.0
911.0
986.0
964.0
961.0
939.0
808.0
523.0
409.0
347.0
319.0
282.0
224.43
245.0
234.0
207.0
225.0
226.0
234.0
236.0
421.04
629.04
941.0
980.0
1030.0
940.0
921.0
950.0
933.0
916.0
764.0
600.0
486.0
381.0
305.0
242.0
224.43
207.0
218.0
212.0
221.0
207.0
199.0
239.0
388.0
640.0
948.0
944.0
989.0
887.0
938.0
932.0
921.0
899.0
737.0
496.0
401.0
353.0
268.0
229.0
224.43
216.0
204.0
218.0
214.0
197.0
216.0
204.0
198.0
266.0
339.56
361.56
362.0
323.0
342.0
357.0
354.0
358.0
327.0
264.0
243.0
237.0
234.0
220.0
208.94
215.0
213.0
219.0
208.0
213.0
192.0
217.0
201.0
242.0
341.0
330.0
378.0
324.0
352.0
366.0
345.0
355.0
361.0
280.0
252.0
227.0
202.0
173.0
208.94
176.0
178.0
211.0
212.0
171.0
188.0
193.0
352.0
545.0
960.0
1004.0
1040.0
926.0
975.0
973.0
982.0
965.0
856.0
619.0
463.0
315.0
261.0
250.0
224.43
201.0
207.0
210.0
203.0
205.0
202.0
229.0
372.0
654.0
879.0
975.0
997.0
920.0
937.0
930.0
925.0
904.0
742.0
486.0
422.0
342.0
269.0
236.0
224.43
202.0
205.0
208.0
202.0
207.0
198.0
229.0
349.0
657.0
946.0
999.0
1030.0
908.0
966.0
971.0
955.0
949.0
785.0
526.0
407.0
337.0
267.0
221.0
224.43
200.0
213.0
203.0
203.0
220.0
205.0
233.0
347.0
639.0
917.0
982.0
1005.0
899.0
958.0
921.0
938.0
907.0
759.0
470.0
376.0
340.0
299.0
245.0
224.43
223.0
231.0
222.0
204.0
233.0
217.0
225.0
387.0
625.0
941.0
877.0
866.0
825.0
831.0
821.0
805.0
781.0
631.0
493.0
396.0
276.0
251.0
247.0
224.43
227.0
215.0
220.0
202.0
213.0
214.0
207.0
207.0
296.0
393.0
394.0
405.0
354.0
392.0
400.0
402.0
374.0
337.0
246.0
230.0
224.0
214.0
201.0
208.94
183.0
199.0
178.0
186.0
174.0
186.0
172.0
195.0
224.0
329.56
345.56
347.0
338.0
344.0
323.0
322.0
335.0
269.0
241.0
238.0
221.0
213.0
210.0
208.94
206.0
190.0
196.0
196.0
204.0
196.0
232.0
343.0
717.0
849.0
869.0
918.0
859.0
872.0
872.0
858.0
851.0
706.0
480.0
352.0
301.0
277.0
235.0
224.43
203.0
184.0
196.0
188.0
202.0
190.0
209.0
373.0
565.0
829.0
839.0
879.0
842.0
836.0
799.0
824.0
766.0
650.0
448.0
325.0
291.0
266.0
235.0
224.43
235.0
221.0
227.0
209.0
236.0
209.0
249.0
368.0
586.0
766.0
790.0
835.0
799.0
798.0
784.0
781.0
737.0
570.0
414.0
323.0
289.0
258.0
261.0
224.43
220.0
208.0
228.0
205.0
218.0
226.0
218.0
377.0
557.0
739.04
753.04
763.0
738.0
704.0
670.0
682.0
649.0
534.0
376.0
293.0
232.0
217.0
230.0
224.43
205.0
195.0
217.0
197.0
218.0
188.0
216.0
327.0
492.0
612.0
657.0
659.0
656.0
645.0
608.0
578.0
561.0
469.0
332.0
283.0
200.0
192.0
183.0
224.43
189.0
177.0
206.0
189.0
196.0
185.0
189.0
291.0
388.0
502.0
489.0
469.0
449.0
371.0
302.0
218.0
194.0
164.0
172.0
162.0
168.0
167.0
156.0
224.43
161.0
160.0
161.0
170.0
161.0
161.0
152.0
161.0
142.0
150.0
150.0
146.0
164.0
148.0
153.0
152.0
150.0
143.0
180.0
161.0
173.0
159.0
155.0
208.94
144.56
160.56
161.0
170.0
162.0
158.0
152.0
151.0
136.6
148.6
155.0
164.0
153.0
147.0
154.0
141.0
161.0
158.0
172.0
150.0
168.0
167.0
147.0
158.83
175.0
149.0
165.0
160.0
157.0
166.0
148.0
141.0
158.0
155.0
139.0
148.0
160.0
164.0
155.04
152.04
157.0
168.0
158.0
166.0
152.0
181.0
155.0
161.81
149.0
181.0
156.0
150.0
170.0
167.0
143.0
153.0
149.0
180.0
143.0
159.0
154.0
168.0
156.0
154.0
165.0
150.0
158.0
162.0
165.0
156.0
165.0
147.81
156.0
155.0
173.0
156.0
156.0
158.0
148.0
155.0
147.0
160.0
166.0
146.0
159.5
153.0
153.0
164.0
153.0
166.0
161.0
159.0
163.0
156.0
156.0
173.88
157.0
153.0
173.0
145.0
170.0
153.0
154.0
170.0
139.0
166.0
145.0
148.0
165.0
152.0
207.28
165.0
156.0
155.0
160.0
177.0
161.0
157.0
157.0
165.89
154.0
170.0
148.0
166.0
154.56
158.56
144.0
155.0
161.0
158.0
140.0
156.0
216.0
157.0
207.28
167.0
179.0
168.0
175.0
181.0
164.0
171.0
172.0
151.85
173.0
159.0
158.0
165.0
158.0
160.04
168.04
280.0
483.0
608.0
636.0
659.0
659.0
625.0
617.0
596.0
558.52
466.52
291.0
263.56
213.0
221.0
183.5
224.43
204.0
181.0
177.0
179.5
218.0
236.0
193.52
330.52
596.0
792.0
817.0
873.0
803.0
814.0
817.0
796.0
801.0
646.0
362.0
292.0
258.0
228.0
211.0
224.43
182.0
203.0
196.0
194.0
185.0
216.0
219.0
346.0
648.0
884.08
909.08
938.0
852.0
881.0
883.0
887.0
859.0
710.0
388.0
301.0
259.0
228.0
188.0
224.43
195.0
185.0
204.0
184.0
219.0
185.0
205.0
399.92
626.92
877.84
918.84
926.84
837.84
912.84
877.0
889.76
868.76
737.76
458.76
351.8
294.8
261.76
221.5
224.43
199.5
207.5
194.0
205.5
212.5
221.0
227.0
366.0
653.0
892.0
915.0
949.0
834.0
895.0
875.0
871.0
851.0
728.0
445.0
335.0
321.0
260.0
255.0
224.43
204.0
230.0
184.0
227.0
206.0
213.0
219.0
366.0
633.0
901.0
913.0
948.0
838.0
902.0
895.0
859.0
847.0
686.0
417.56
360.56
285.0
221.0
224.0
224.43
200.0
178.0
206.0
187.0
198.0
190.0
189.0
181.0
194.0
245.0
247.0
243.0
267.0
232.0
261.56
197.0
266.0
208.0
218.0
221.0
211.0
202.0
202.0
157.34
198.5
201.5
216.0
198.0
211.5
203.0
174.0
182.0
186.0
218.0
214.0
246.0
244.0
222.0
232.0
227.0
215.0
227.0
218.0
204.0
207.0
195.0
185.0
157.34
256.385
193.0
202.0
207.0
185.0
205.0
197.0
229.5
332.52
613.0
873.0
899.0
972.0
869.0
859.0
868.0
875.0
878.0
725.0
473.0
371.0
319.0
266.0
247.0
256.385
215.0
203.0
213.0
201.0
213.0
196.0
242.0
327.0
609.0
867.0
902.0
969.0
879.0
904.0
880.0
882.0
856.0
718.0
478.0
347.0
314.0
273.0
276.0
256.385
410.08
408.08
404.08
407.08
407.08
405.08
427.08
462.08
512.08
572.16
568.16
638.08
641.08
588.08
875.0
874.16
859.16
709.0
498.0
361.0
310.0
290.0
233.0
256.385
227.0
199.0
217.0
188.0
218.0
190.0
220.0
343.0
598.0
870.0
903.0
966.0
834.0
865.0
880.0
885.0
852.0
736.0
441.0
353.0
268.0
259.0
218.0
256.385
190.0
206.0
191.0
185.0
194.0
185.0
187.0
222.0
214.0
262.0
285.0
291.0
276.0
290.0
308.0
292.0
292.0
287.0
256.0
221.0
235.0
199.0
180.0
172.39
196.0
173.0
198.0
184.0
191.0
178.0
184.0
217.5
224.5
238.0
272.0
265.0
261.0
269.0
284.0
267.0
263.0
261.0
225.0
218.0
229.0
205.0
190.0
172.39
182.0
199.0
184.0
180.0
176.0
200.0
194.0
318.0
572.0
863.0
901.0
988.0
861.0
922.0
920.0
873.0
881.0
732.0
453.0
394.0
306.0
281.0
250.0
256.385
228.0
207.0
202.0
216.0
197.0
221.0
222.0
341.0
568.0
850.0
881.0
927.0
844.0
872.0
851.0
869.0
841.0
714.0
493.0
412.0
335.0
270.0
248.0
256.385
206.5
213.5
196.0
199.5
195.5
207.0
216.0
322.0
608.0
844.0
862.0
929.0
842.0
861.0
861.0
835.08
850.08
716.0
460.0
382.0
318.0
275.0
239.0
256.385
206.5
220.0
190.0
183.0
194.0
193.0
206.0
320.0
587.0
851.0
833.0
927.0
841.0
896.0
874.0
847.0
849.0
675.0
406.0
335.0
277.0
250.0
216.0
256.385
206.5
189.0
187.0
170.0
186.0
183.0
200.0
297.0
562.0
833.0
871.0
940.0
821.0
878.0
846.0
832.0
798.0
678.0
391.0
320.0
290.0
248.0
211.0
256.385
186.0
175.0
188.0
185.0
179.0
179.0
172.0
213.0
235.0
274.0
270.0
299.0
290.0
305.0
290.0
261.0
257.0
220.0
210.0
192.0
207.0
199.0
196.0
179.86
189.0
175.0
183.0
168.0
171.0
173.0
182.0
179.0
173.0
211.0
206.0
240.0
206.0
227.0
223.0
216.0
215.0
197.0
208.0
201.0
177.0
202.0
178.0
161.88
185.0
181.0
162.0
196.0
170.0
182.5
201.0
286.0
555.0
826.0
852.0
930.0
847.0
880.0
861.0
842.0
847.0
708.0
456.0
374.0
311.0
265.0
247.0
256.385
218.0
189.0
213.0
195.5
182.0
182.0
208.0
297.0
563.0
832.0
856.0
946.0
830.0
886.0
846.0
854.0
819.0
685.0
474.0
324.0
300.0
249.0
217.0
256.385
184.0
189.0
204.0
195.0
194.0
193.0
217.0
286.0
566.0
844.0
826.0
928.0
800.0
866.0
815.0
819.0
808.0
674.0
492.0
361.0
292.0
244.0
235.0
256.385
198.0
201.0
158.0
210.0
281.0
178.0
212.0
286.0
543.0
814.0
806.0
897.0
767.0
838.0
808.0
765.0
832.0
683.0
314.0
348.0
291.0
713.0
250.0
269.83
155.0
199.0
190.0
225.0
190.0
189.0
224.0
307.0
528.0
816.0
854.0
899.0
798.0
855.0
811.0
825.0
800.0
643.0
421.0
335.0
290.0
241.0
211.0
219.845
187.0
210.0
195.0
186.0
200.0
178.0
172.0
209.0
224.0
281.0
285.0
307.0
257.0
299.0
297.0
295.0
297.0
255.0
230.0
223.0
204.0
197.0
207.0
156.885
191.0
177.0
189.0
190.0
174.0
187.0
188.0
188.0
224.0
254.0
282.0
282.0
260.0
280.0
299.0
284.0
250.0
233.0
229.0
221.0
213.0
204.0
192.0
156.885
189.0
189.0
176.0
195.0
177.0
175.0
208.0
319.0
578.0
834.0
853.0
908.0
821.0
855.0
827.0
818.0
782.52
638.52
423.0
347.0
298.0
256.0
243.0
219.845
201.0
193.0
196.0
173.0
204.0
171.0
220.0
314.0
558.0
784.0
820.0
907.0
792.0
824.0
815.0
805.0
821.0
654.0
452.0
357.0
305.0
229.0
225.0
219.845
194.0
206.0
177.0
197.0
197.0
178.5
206.0
317.0
536.0
789.0
834.0
888.0
795.0
843.0
813.0
801.0
792.0
632.0
419.0
334.0
293.0
253.0
213.0
219.845
176.0
206.0
188.0
205.0
190.0
186.0
211.0
330.0
569.0
810.0
857.0
916.0
791.0
863.0
862.0
853.0
809.0
657.0
433.0
364.0
296.0
237.0
218.0
219.845
188.0
177.0
193.0
180.0
184.0
186.0
208.0
305.0
545.0
768.0
770.0
843.0
776.0
796.0
800.0
747.0
746.0
594.0
396.0
311.0
264.0
227.0
186.0
219.845
172.0
175.0
157.0
158.0
172.0
155.0
153.0
178.0
185.0
241.0
250.56
250.56
218.0
235.0
263.0
234.0
226.0
212.0
200.0
201.0
174.0
175.0
179.0
151.89
185.0
158.0
164.0
172.5
151.0
171.0
161.0
159.0
197.0
227.0
264.0
277.0
211.0
281.0
277.0
267.0
272.0
265.0
181.0
179.0
196.0
178.0
158.0
169.9
159.0
159.0
158.0
168.0
151.0
164.0
164.0
293.0
526.0
824.0
827.0
897.0
815.0
870.0
876.0
841.0
836.0
351.0
782.0
396.0
320.0
248.0
225.0
219.845
184.0
192.0
185.0
190.0
183.0
184.0
190.0
304.0
570.0
827.0
846.0
928.0
821.0
875.0
857.0
849.0
828.0
689.0
464.0
367.0
297.0
246.0
225.0
219.845
187.0
198.0
184.0
192.0
190.0
178.0
223.0
286.0
556.0
829.0
832.0
872.0
806.0
862.31
830.0
818.0
799.0
665.0
450.0
346.0
276.0
239.0
233.0
219.845
201.0
185.0
192.0
192.0
202.0
183.0
212.0
303.0
539.0
816.0
652.0
296.0
302.0
852.655
829.0
817.0
807.0
657.0
433.0
345.0
292.0
259.0
228.0
219.845
210.0
197.0
191.0
182.0
182.0
197.0
206.0
293.0
530.0
797.0
817.0
869.0
818.0
843.0
818.0
817.0
780.0
592.0
513.0
348.0
145.0
161.0
421.0
219.845
257.0
188.0
155.0
187.0
188.0
161.0
176.0
173.0
202.0
230.0
261.0
257.0
269.0
259.0
226.0
286.5
295.5
458.0
398.0
205.0
275.0
175.5
286.0
158.87
162.0
146.0
188.0
175.5
268.0
139.0
191.0
213.0
189.0
214.0
222.0
266.0
228.0
218.0
253.0
286.5
295.5
420.0
265.0
231.0
148.0
173.0
240.0
158.87
202.5
182.54
190.0
177.5
770.0
296.0
179.0
291.0
438.0
858.0
747.0
350.0
798.0
852.0
811.0
808.0
768.0
661.0
432.0
346.0
282.0
204.5
416.0
219.845
202.5
182.54
190.0
177.5
577.0
183.0
202.0
279.0
512.0
788.0
798.0
869.0
778.0
835.0
805.0
802.0
768.0
617.0
432.0
353.0
278.0
248.0
219.0
219.845
202.5
168.08
189.0
173.0
179.0
170.0
217.0
278.0
517.0
788.0
770.0
847.0
744.0
829.0
770.0
779.0
758.0
620.0
445.0
335.0
320.0
278.0
233.0
219.845
195.0
187.0
179.0
175.0
181.0
166.0
202.0
289.0
551.0
805.0
241.0
865.0
776.0
849.0
827.0
803.0
801.0
671.0
464.0
388.0
324.0
255.0
217.0
219.845
196.0
192.0
176.0
182.5
178.0
184.0
211.0
285.0
506.0
807.0
810.0
883.0
808.0
844.0
814.0
810.0
783.0
640.0
411.0
331.0
282.0
230.0
200.0
219.845
182.0
196.0
178.0
164.0
190.0
158.0
192.0
179.0
207.0
304.0
332.0
315.0
262.0
306.0
342.0
306.0
319.0
293.0
222.0
213.0
193.0
199.0
194.0
158.87
184.0
186.0
166.0
192.0
188.0
162.0
181.0
192.0
241.0
295.0
299.0
316.0
274.0
317.0
318.0
312.0
323.0
277.0
251.0
212.0
212.0
206.0
187.0
158.87
182.0
181.0
175.0
190.0
176.0
182.0
204.0
294.0
538.0
808.0
819.0
902.0
830.0
849.0
842.0
148.04
145.0
139.0
150.0
136.0
129.0
137.0
144.0
162.0
151.0
211.0
197.0
180.0
171.0
186.0
162.0
141.0
145.0
175.0
146.0
140.0
137.0
155.88
133.0
138.0
146.0
146.0
135.0
133.0
131.0
138.0
132.0
148.0
167.0
192.0
200.0
187.0
162.0
172.5
161.0
175.0
140.0
148.0
150.0
145.0
137.0
138.86
135.0
133.0
159.0
134.0
141.0
135.5
141.0
139.0
149.08
168.08
188.0
208.0
200.0
183.0
193.0
159.0
172.0
192.0
151.0
172.0
133.0
159.0
152.0
140.9
159.0
138.0
148.0
142.0
150.0
138.0
138.0
129.0
137.0
160.0
177.0
211.0
207.0
175.0
178.0
175.0
155.0
180.0
156.0
158.0
139.0
155.0
129.0
163.82
164.5
137.0
151.0
148.0
147.0
129.0
144.5
142.0
140.0
189.0
179.0
242.0
235.0
217.0
187.0
200.0
196.0
186.0
173.5
158.08
171.0
151.0
139.0
149.87
136.0
137.0
143.0
141.0
134.0
138.0
191.0
246.5
409.56
694.0
725.0
751.0
648.0
724.0
698.0
709.0
695.0
562.0
348.0
275.0
263.0
220.0
188.0
143.89
173.0
151.0
162.0
168.0
151.0
166.0
168.0
227.0
429.0
689.0
687.0
750.0
635.0
697.0
685.0
709.0
679.0
574.0
323.0
271.0
244.0
244.0
196.0
143.89
178.0
165.0
181.0
173.0
170.0
167.04
171.0
251.0
438.0
702.2
714.4
743.4
645.4
718.4
695.4
706.2
687.2
607.2
392.2
334.2
322.2
252.68
201.0
143.89
188.5
162.52
178.5
174.0
165.0
166.0
174.0
239.0
430.0
688.0
735.0
758.0
670.0
736.0
737.0
732.0
702.0
613.0
367.0
303.0
279.0
272.0
231.0
143.89
199.0
172.0
176.0
175.0
167.0
185.0
168.0
230.0
406.0
670.24
719.24
725.24
645.24
688.0
701.84
664.84
683.84
567.84
351.84
314.84
286.0
275.0
229.0
143.89
188.0
204.0
187.0
162.0
206.0
183.0
197.0
241.0
458.0
742.0
708.0
782.52
668.52
726.0
718.0
712.0
717.0
591.0
347.0
290.0
258.0
232.0
230.0
143.89
170.0
166.52
177.5
173.0
172.0
174.0
175.0
266.0
449.0
738.0
727.0
790.0
713.0
748.0
725.0
719.0
717.0
601.0
357.0
291.0
253.0
235.0
204.0
143.89
170.0
173.0
172.0
154.0
173.0
187.0
151.0
155.0
149.38
237.0
232.0
249.0
236.5
230.5
231.0
218.0
223.0
211.0
191.0
183.0
183.0
175.0
166.0
148.36
162.0
168.0
162.0
178.0
165.0
154.52
160.5
159.76
158.76
240.5
250.0
248.5
236.5
230.5
201.0
206.0
211.0
216.0
223.0
196.0
188.0
188.0
172.0
148.36
176.0
154.0
168.0
146.0
172.5
172.0
162.0
290.0
411.0
742.0
779.0
815.0
716.0
763.0
782.0
788.0
759.0
653.0
409.0
320.0
288.0
261.0
206.0
143.89
177.94
165.5
172.0
156.0
172.5
171.5
168.5
278.6
450.6
674.6
707.6
694.6
617.6
707.6
716.6
709.6
687.6
609.6
403.6
342.6
338.6
297.6
231.0
143.89
179.88
177.0
176.0
166.0
173.0
171.0
175.0
244.0
453.0
753.0
787.0
837.0
709.0
763.0
775.0
755.0
752.0
656.0
390.0
339.0
296.0
263.0
222.0
143.89
169.44
173.0
183.0
187.0
189.0
163.5
192.0
247.0
441.0
742.0
767.0
796.0
711.0
770.0
768.0
750.0
741.0
642.0
383.0
308.0
286.0
249.0
248.0
143.89
169.44
196.0
191.0
183.0
182.0
163.5
197.0
262.0
450.0
717.0
758.0
804.0
706.0
751.0
754.0
757.0
725.0
627.0
378.0
269.0
246.0
212.0
190.0
143.89
172.0
161.0
175.0
164.0
161.0
158.0
170.0
164.0
174.0
244.0
268.0
248.0
238.0
244.0
271.56
257.56
260.0
227.0
203.0
183.0
189.0
185.0
182.0
146.85
182.0
153.0
149.0
176.0
159.0
155.0
164.0
153.0
167.0
172.0
202.0
223.0
207.0
184.0
198.0
223.0
197.0
206.0
172.0
175.5
190.0
165.0
174.0
161.365
159.0
171.0
173.0
160.0
175.0
156.0
192.0
262.0
444.0
745.0
752.0
809.0
724.0
769.0
776.0
763.0
755.0
646.0
426.0
341.0
288.0
251.0
223.0
143.89
184.0
181.0
171.0
186.0
193.0
167.0
185.0
273.0
452.0
756.0
741.0
801.0
687.0
767.0
772.0
758.0
739.0
647.0
417.0
342.0
288.0
240.0
205.0
143.89
194.0
186.0
171.0
195.0
159.0
195.0
180.0
257.0
445.0
743.0
782.0
826.0
734.0
785.0
805.0
759.0
760.0
625.0
425.0
332.0
314.0
274.0
214.0
143.89
187.0
173.0
171.0
162.0
175.0
172.0
174.0
235.0
444.0
713.08
763.08
809.0
719.0
761.0
762.0
771.0
748.0
646.0
453.0
394.0
324.0
268.0
231.0
143.89
180.0
181.0
158.0
182.0
176.0
184.0
170.0
253.0
467.0
725.0
772.0
779.0
680.0
753.56
735.56
714.0
715.0
608.0
372.0
314.0
291.0
286.0
227.0
143.89
185.0
175.0
159.0
177.0
153.0
168.0
148.0
150.0
177.0
222.0
235.0
258.0
213.0
244.0
235.0
243.0
231.0
256.0
186.0
168.0
194.0
170.0
174.0
175.88
165.0
153.0
172.0
160.0
156.0
170.0
149.0
132.0
161.0
190.0
184.0
190.0
205.0
191.0
213.0
209.0
206.0
212.0
166.0
157.0
170.0
152.0
164.0
157.88
147.0
164.0
150.0
154.0
154.0
148.0
166.0
252.0
421.0
748.04
743.04
771.0
696.0
765.0
755.0
740.0
740.0
624.0
426.0
360.0
321.0
265.0
253.0
385.0
688.0
911.0
980.0
1051.7199999999998
958.0
1003.0
963.08
958.0
951.0
845.0
566.08
439.0
373.0
321.0
266.0
253.41
216.0
220.0
239.0
228.0
226.0
206.0
232.0
388.0
666.0
940.0
962.0
1051.7199999999998
946.68
973.68
999.12
948.0
909.0
805.0
488.0
359.0
337.0
275.0
245.0
253.41
202.0
203.0
205.0
213.0
215.0
199.0
208.0
215.0
221.5
223.0
264.08
243.08
311.64
255.7
268.74
279.04
246.04
232.0
239.5
232.5
248.0
204.5
231.0
176.915
200.0
200.0
181.0
190.0
197.0
216.0
196.0
205.0
217.0
207.0
239.0
272.0
318.12
257.0
262.0
243.0
264.0
221.0
265.0
235.0
253.0
195.0
215.0
176.915
188.0
224.0
195.0
197.0
204.0
187.0
185.0
369.0
632.0
950.32
1007.32
1055.32
959.0
1006.4
973.4
994.4
967.52
843.4
585.12
426.0
474.0
309.0
258.0
253.41
231.0
211.0
227.0
241.0
217.0
223.0
240.0
350.0
625.8
957.32
1002.32
1048.12
964.12
989.12
955.44
978.44
934.44
865.44
583.44
446.64
357.0
318.0
276.0
253.41
223.5
206.0
225.0
236.5
235.0
231.0
219.0
376.0
642.0
923.0
957.0
1049.0
934.0
969.08
959.08
942.12
900.0
842.0
520.0
431.0
356.0
290.0
258.0
251.9
216.0
201.0
223.0
232.0
211.0
214.0
212.0
376.0
663.0
909.0
952.0
1045.0
937.0
948.0
971.24
924.0
906.0
812.0
512.0
364.0
343.0
317.0
253.0
249.905
217.0
211.0
194.0
213.0
195.0
214.0
206.0
342.0
599.0
905.0
929.0
1030.0
956.0
954.0
913.0
903.0
884.0
773.0
507.0
362.0
315.0
255.0
237.0
249.905
194.0
192.0
205.0
195.0
197.0
204.0
189.5
213.0
212.0
255.0
285.0
270.52
251.52
286.0
267.0
243.0
252.0
246.0
245.0
221.0
211.0
217.0
202.0
176.915
216.0
201.0
200.0
186.0
189.0
192.0
183.0
196.0
189.0
219.0
224.0
291.0
284.0
241.0
242.0
251.0
268.0
255.0
226.0
241.0
229.0
231.0
208.0
176.915
185.0
193.0
188.0
193.0
202.0
185.0
212.0
350.0
637.0
972.0
928.0
1048.0
959.0
959.12
990.0
946.0
935.0
823.0
531.0
477.16
362.0
316.0
245.0
249.905
273.24
203.5
256.24
199.0
280.24
197.0
216.5
349.24
609.24
787.24
978.0
1044.0
945.0
967.0
990.0
961.0
914.0
817.0
565.0
423.0
349.0
288.0
242.0
249.905
234.62
214.0
245.0
205.0
218.0
209.0
221.0
361.0
671.0
929.0
997.0
1063.0
956.0
967.0
974.0
955.0
922.0
808.0
522.0
427.0
387.0
310.0
239.0
249.905
234.62
214.0
228.0
215.0
213.0
211.0
225.0
394.0
677.0
940.0
979.0
1062.24
956.0
948.0
951.0
949.16
960.0
815.0
492.0
395.0
344.12
292.0
244.0
249.905
234.62
238.0
197.0
206.5
213.0
199.0
217.0
367.0
646.0
944.0
932.0
1029.0
904.0
1000.0
940.0
939.0
895.0
810.0
487.0
330.0
312.0
279.0
225.0
249.905
205.0
218.0
185.0
191.0
173.0
186.0
194.0
208.0
204.0
273.0
297.0
296.0
298.0
295.0
299.0
299.0
298.0
264.0
244.0
231.0
224.0
223.0
200.0
176.915
193.0
206.0
182.0
203.0
174.0
190.0
188.0
167.0
192.0
230.0
208.0
244.0
270.0
234.0
240.0
258.0
232.0
241.0
229.0
228.0
241.0
217.0
207.0
176.915
196.0
196.0
197.0
198.0
215.0
183.0
202.0
349.0
591.0
894.0
920.0
992.0
950.0
987.12
945.0
929.0
881.0
792.0
543.0
432.0
297.0
283.12
240.0
249.905
233.0
213.0
196.0
232.0
212.0
205.0
219.0
356.0
590.0
931.0
931.0
1040.0
946.0
989.0
996.12
960.0
952.0
855.0
567.0
455.0
356.0
291.0
248.0
249.905
218.0
231.0
227.0
218.0
228.0
220.0
255.0
378.0
622.0
950.0
998.0
1057.52
956.52
1009.0
970.0
934.0
937.0
798.0
482.0
436.0
361.0
292.0
279.0
249.905
238.0
203.0
214.0
220.0
217.0
246.0
213.0
374.0
641.0
930.0
945.0
1039.12
939.0
954.0
983.0
935.0
952.0
830.0
578.0
430.0
389.0
338.0
258.0
247.91
246.0
230.0
208.0
221.0
209.0
235.0
240.0
364.0
624.0
958.12
965.12
1018.0
972.0
950.0
941.0
980.0
923.0
812.0
498.0
432.0
361.0
325.0
246.0
251.385
207.0
242.0
204.0
204.0
209.0
188.0
221.0
245.0
228.0
260.0
286.0
284.0
251.0
315.0
276.0
300.0
288.0
257.0
257.0
246.0
238.0
225.0
218.0
176.915
221.0
233.0
198.0
186.0
212.0
199.0
190.0
216.0
223.0
208.0
217.0
292.0
268.0
241.0
220.0
217.0
242.0
231.0
211.0
228.0
241.0
221.0
215.0
176.915
202.0
199.0
211.0
215.0
199.0
188.0
215.0
345.0
691.0
965.0
1001.12
1021.64
952.0
991.0
996.0
972.08
951.0
810.0
552.12
459.0
407.0
335.0
268.0
251.385
219.5
222.5
215.5
228.5
205.5
191.0
243.28
399.28
653.28
910.28
951.28
1025.28
949.28
970.28
947.0
945.12
915.0
796.0
532.0
463.0
367.0
313.0
270.0
254.86
237.0
246.0
220.0
242.0
212.0
191.0
220.64
411.0
664.0
928.0
917.0
1003.12
922.0
949.0
933.0
936.08
900.0
745.0
453.0
401.0
298.0
288.0
222.0
258.545
204.0
211.0
205.0
192.0
216.0
213.0
190.0
222.0
201.0
226.0
214.0
295.0
280.0
224.0
259.0
234.0
223.0
238.0
204.0
242.0
211.0
212.0
184.0
176.915
211.0
188.0
183.0
199.0
194.0
170.0
193.0
187.0
241.0
251.0
216.0
324.0
309.0
253.0
232.0
228.0
261.0
225.5
213.0
216.0
209.0
190.0
195.0
176.915
199.0
199.0
226.0
185.0
199.0
185.0
181.0
195.0
204.0
213.0
219.0
237.0
218.0
224.0
234.0
231.0
249.0
213.0
222.0
213.0
223.0
205.0
198.0
176.915
208.0
204.0
197.0
196.0
199.0
194.0
198.0
365.0
667.0
905.0
947.0
1052.0
927.0
975.0
927.0
942.0
899.0
797.0
455.0
358.0
336.0
292.0
235.0
258.545
217.5
225.0
237.0
235.0
198.0
213.0
214.0
371.0
640.0
947.0
973.0
1051.0
960.24
1024.0
1002.0
978.0
978.0
872.12
642.0
518.0
365.12
311.0
275.0
262.23
217.5
227.0
236.0
254.0
220.0
238.0
221.0
412.04
626.04
928.0
1009.0
1055.0
948.0
995.0
986.0
987.0
942.0
793.0
640.12
445.0
369.0
313.0
262.0
243.27
217.5
226.0
221.0
242.0
201.0
235.0
262.0
359.0
629.0
938.0
978.0
1043.0
959.0
976.0
935.0
952.0
946.96
798.84
546.84
427.52
350.0
306.0
260.0
247.76
217.5
221.0
215.0
212.0
214.0
206.0
217.0
373.08
644.0
923.0
968.12
1028.28
932.28
972.28
940.28
911.0
895.0
808.12
516.0
411.0
342.0
300.0
245.0
252.25
217.5
214.0
217.0
213.0
231.0
242.0
215.0
378.0
629.0
873.0
896.0
989.0
881.0
877.0
947.0
863.0
875.0
786.0
495.0
388.0
352.0
273.0
241.0
251.115
203.0
201.0
215.0
195.0
205.5
192.0
189.0
196.5
222.0
228.0
223.0
249.0
240.0
223.0
237.0
254.0
222.0
225.0
233.0
216.0
219.0
216.0
206.0
176.915
207.0
203.0
204.0
205.0
212.0
199.0
197.0
198.0
200.0
210.0
236.0
249.0
244.0
235.0
239.0
220.0
252.0
220.0
235.0
245.0
220.5
207.0
215.0
176.915
227.0
207.0
217.0
221.0
197.0
193.0
200.0
401.56
596.56
882.0
961.0
1017.12
925.0
939.0
940.0
924.0
913.0
791.0
565.0
435.0
354.0
270.0
245.0
251.115
230.0
216.0
219.0
229.0
207.0
213.0
244.0
339.0
655.0
900.0
934.0
981.12
883.0
919.0
935.0
907.0
913.0
778.0
452.0
386.0
356.0
278.0
235.0
251.115
230.5
226.0
209.0
221.0
222.0
219.0
214.0
360.0
629.0
894.0
941.0
1003.0
910.0
939.32
924.32
918.4
873.56
779.56
487.56
407.08
340.2
288.08
253.5
947.0
956.0
957.0
932.0
807.0
596.0
483.0
358.0
272.0
225.0
224.43
206.0
222.0
218.0
211.0
226.0
202.0
202.0
387.0
660.0
914.0
951.0
989.0
917.0
955.0
938.0
928.0
935.0
796.0
528.0
444.0
368.0
280.0
234.0
224.43
210.0
236.0
201.0
214.0
227.0
202.0
236.0
369.0
629.0
942.0
956.0
990.0
892.0
944.0
919.0
920.56
925.56
807.0
548.0
395.0
346.0
295.0
255.0
224.43
214.0
203.0
220.0
202.0
198.0
220.0
207.0
382.0
641.0
917.0
939.0
997.0
903.0
964.0
940.0
931.0
928.0
793.0
543.0
447.0
357.0
266.0
247.0
224.43
200.0
218.0
204.0
214.0
200.0
219.0
209.0
384.0
643.0
938.0
982.0
1019.0
891.0
949.0
944.0
897.0
902.0
778.0
534.0
391.0
345.04
278.04
246.0
224.43
210.0
205.0
210.0
204.0
196.0
216.0
197.0
201.0
219.0
273.0
301.0
284.0
275.0
298.0
291.0
311.0
278.0
264.0
252.0
230.0
224.0
215.0
182.0
208.94
204.0
201.0
191.0
189.0
202.0
199.0
190.0
188.0
200.0
242.0
250.0
282.0
290.0
270.0
282.0
253.0
289.0
261.0
263.0
223.0
229.0
221.0
205.0
208.94
213.0
200.0
209.0
212.0
201.5
210.0
196.0
367.0
623.0
943.0
984.0
1033.0
943.0
987.0
993.0
958.0
963.0
839.0
538.0
426.0
334.0
263.0
226.0
224.43
217.0
200.0
200.0
210.0
203.0
206.0
211.0
358.0
630.0
944.0
973.0
1030.0
944.0
993.0
986.0
956.0
960.0
807.0
563.0
449.0
327.0
284.0
252.0
224.43
224.0
207.0
196.0
226.0
202.0
203.0
225.0
360.0
647.0
933.0
954.0
1032.56
934.56
990.0
969.0
961.0
933.0
838.0
531.0
427.0
350.0
293.0
257.0
224.43
236.0
200.0
218.0
229.0
207.0
222.0
236.0
367.0
649.0
943.0
999.0
1041.0
942.0
962.0
957.0
927.0
949.0
786.0
564.0
457.0
362.0
272.0
249.0
224.43
215.0
207.0
207.0
211.0
202.0
213.0
206.0
369.0
650.0
925.0
978.0
1015.0
927.0
953.0
925.0
910.0
850.0
658.0
433.0
378.0
304.0
258.0
235.0
224.43
206.0
218.0
215.0
203.0
216.0
199.0
208.0
203.0
230.0
310.0
315.0
333.0
289.0
340.0
341.0
331.0
349.0
326.0
285.0
277.0
244.0
231.0
196.0
208.94
194.0
210.0
223.0
194.0
225.0
197.0
198.0
210.0
211.0
245.0
264.0
283.0
278.0
265.0
268.0
280.0
263.0
257.0
270.0
261.0
230.0
225.0
218.0
208.94
215.0
204.0
208.0
201.0
213.0
202.0
229.0
369.0
625.0
966.0
1004.0
1026.0
949.0
1001.0
956.0
970.0
945.0
826.0
594.0
445.0
364.0
294.0
236.0
224.43
228.0
213.0
221.0
219.0
213.0
214.0
240.0
381.0
638.0
945.0
950.0
994.0
910.0
988.0
992.0
971.0
946.0
825.0
556.0
466.0
388.0
293.0
273.0
224.43
224.0
235.0
202.0
229.0
200.0
222.0
235.0
383.0
620.0
939.0
965.0
1012.0
911.0
986.0
964.0
961.0
939.0
808.0
523.0
409.0
347.0
319.0
282.0
224.43
245.0
234.0
207.0
225.0
226.0
234.0
236.0
421.04
629.04
941.0
980.0
1030.0
940.0
921.0
950.0
933.0
916.0
764.0
600.0
486.0
381.0
305.0
242.0
224.43
207.0
218.0
212.0
221.0
207.0
199.0
239.0
388.0
640.0
948.0
944.0
989.0
887.0
938.0
932.0
921.0
899.0
737.0
496.0
401.0
353.0
268.0
229.0
224.43
216.0
204.0
218.0
214.0
197.0
216.0
204.0
198.0
266.0
339.56
361.56
362.0
323.0
342.0
357.0
354.0
358.0
327.0
264.0
243.0
237.0
234.0
220.0
208.94
215.0
213.0
219.0
208.0
213.0
192.0
217.0
201.0
242.0
341.0
330.0
378.0
324.0
352.0
366.0
345.0
355.0
361.0
280.0
252.0
227.0
202.0
173.0
208.94
176.0
178.0
211.0
212.0
171.0
188.0
193.0
352.0
545.0
960.0
1004.0
1040.0
926.0
975.0
973.0
982.0
965.0
856.0
619.0
463.0
315.0
261.0
250.0
224.43
201.0
207.0
210.0
203.0
205.0
202.0
229.0
372.0
654.0
879.0
975.0
997.0
920.0
937.0
930.0
925.0
904.0
742.0
486.0
422.0
342.0
269.0
236.0
224.43
202.0
205.0
208.0
202.0
207.0
198.0
229.0
349.0
657.0
946.0
999.0
1030.0
908.0
966.0
971.0
955.0
949.0
785.0
526.0
407.0
337.0
267.0
221.0
224.43
200.0
213.0
203.0
203.0
220.0
205.0
233.0
347.0
639.0
917.0
982.0
1005.0
899.0
958.0
921.0
938.0
907.0
759.0
470.0
376.0
340.0
299.0
245.0
224.43
223.0
231.0
222.0
204.0
233.0
217.0
225.0
387.0
625.0
941.0
877.0
866.0
825.0
831.0
821.0
805.0
781.0
631.0
493.0
396.0
276.0
251.0
247.0
224.43
227.0
215.0
220.0
202.0
213.0
214.0
207.0
207.0
296.0
393.0
394.0
405.0
354.0
392.0
400.0
402.0
374.0
337.0
246.0
230.0
224.0
214.0
201.0
208.94
183.0
199.0
178.0
186.0
174.0
186.0
172.0
195.0
224.0
329.56
345.56
347.0
338.0
344.0
323.0
322.0
335.0
269.0
241.0
238.0
221.0
213.0
210.0
208.94
206.0
190.0
196.0
196.0
204.0
196.0
232.0
343.0
717.0
849.0
869.0
918.0
859.0
872.0
872.0
858.0
851.0
706.0
480.0
352.0
301.0
277.0
235.0
224.43
203.0
184.0
196.0
188.0
202.0
190.0
209.0
373.0
565.0
829.0
839.0
879.0
842.0
836.0
799.0
824.0
766.0
650.0
448.0
325.0
291.0
266.0
235.0
224.43
235.0
221.0
227.0
209.0
236.0
209.0
249.0
368.0
586.0
766.0
790.0
835.0
799.0
798.0
784.0
781.0
737.0
570.0
414.0
323.0
289.0
258.0
261.0
224.43
220.0
208.0
228.0
205.0
218.0
226.0
218.0
377.0
557.0
739.04
753.04
763.0
738.0
704.0
670.0
682.0
649.0
534.0
376.0
293.0
232.0
217.0
230.0
224.43
205.0
195.0
217.0
197.0
218.0
188.0
216.0
327.0
492.0
612.0
657.0
659.0
656.0
645.0
608.0
578.0
561.0
469.0
332.0
283.0
200.0
192.0
183.0
224.43
189.0
177.0
206.0
189.0
196.0
185.0
189.0
291.0
388.0
502.0
489.0
469.0
449.0
371.0
302.0
218.0
194.0
164.0
172.0
162.0
168.0
167.0
156.0
224.43
161.0
160.0
161.0
170.0
161.0
161.0
152.0
161.0
142.0
150.0
150.0
146.0
164.0
148.0
153.0
152.0
150.0
143.0
180.0
161.0
173.0
159.0
155.0
208.94
144.56
160.56
161.0
170.0
162.0
158.0
152.0
151.0
136.6
148.6
155.0
164.0
153.0
147.0
154.0
141.0
161.0
158.0
172.0
150.0
168.0
167.0
147.0
158.83
175.0
149.0
165.0
160.0
157.0
166.0
148.0
141.0
158.0
155.0
139.0
148.0
160.0
164.0
155.04
152.04
157.0
168.0
158.0
166.0
152.0
181.0
155.0
161.81
149.0
181.0
156.0
150.0
170.0
167.0
143.0
153.0
149.0
180.0
143.0
159.0
154.0
168.0
156.0
154.0
165.0
150.0
158.0
162.0
165.0
156.0
165.0
147.81
156.0
155.0
173.0
156.0
156.0
158.0
148.0
155.0
147.0
160.0
166.0
146.0
159.5
153.0
153.0
164.0
153.0
166.0
161.0
159.0
163.0
156.0
156.0
173.88
157.0
153.0
173.0
145.0
170.0
153.0
154.0
170.0
139.0
166.0
145.0
148.0
165.0
152.0
207.28
165.0
156.0
155.0
160.0
177.0
161.0
157.0
157.0
165.89
154.0
170.0
148.0
166.0
154.56
158.56
144.0
155.0
161.0
158.0
140.0
156.0
216.0
157.0
207.28
167.0
179.0
168.0
175.0
181.0
164.0
171.0
172.0
151.85
173.0
159.0
158.0
165.0
158.0
160.04
168.04
280.0
483.0
608.0
636.0
659.0
659.0
625.0
617.0
596.0
558.52
466.52
291.0
263.56
213.0
221.0
183.5
224.43
204.0
181.0
177.0
179.5
218.0
217.0
214.0
220.0
212.0
226.0
208.0
230.0
332.0
562.0
884.0
889.0
951.0
818.0
898.0
914.0
859.0
883.0
760.0
573.0
422.0
349.0
260.0
247.0
250.32
217.0
202.0
212.0
222.0
226.0
213.0
207.0
360.12
587.0
852.0
895.0
929.0
816.0
875.0
895.0
868.0
863.0
773.0
575.0
468.0
350.0
269.0
250.0
250.32
217.0
238.0
218.0
232.0
231.0
227.0
200.0
372.0
589.0
896.0
913.08
954.0
841.12
909.0
894.0
899.0
887.0
800.0
550.0
451.0
407.0
280.0
270.0
250.32
208.0
249.0
236.0
233.0
216.0
204.0
216.0
348.0
589.0
893.04
905.04
939.0
833.0
871.0
891.0
891.0
853.0
750.0
501.0
408.0
327.0
267.0
247.0
250.32
213.0
223.0
217.0
215.0
219.0
206.0
189.0
242.0
263.0
319.0
304.0
337.0
304.0
312.0
321.0
314.0
272.0
292.0
224.0
249.0
241.0
220.0
203.0
216.5
221.0
199.0
189.0
203.0
241.0
201.0
197.0
220.0
193.0
220.0
213.0
270.0
221.0
257.0
233.0
240.0
232.0
244.0
223.0
234.0
225.0
214.0
203.0
216.5
221.0
210.0
208.0
224.0
189.0
212.0
186.0
330.0
591.0
870.0
905.0
940.0
860.0
895.0
893.0
925.0
885.0
771.0
545.0
410.0
319.0
308.0
204.0
250.32
211.0
232.0
205.0
225.0
193.0
217.0
216.0
316.0
602.0
877.0
912.0
945.0
842.0
945.0
889.0
901.0
916.0
730.0
518.0
422.0
347.0
287.0
264.0
250.32
234.0
220.0
227.0
193.0
208.0
170.0
227.0
310.0
536.0
872.0
861.0
898.0
827.0
880.0
877.0
837.0
892.0
757.0
483.0
437.0
341.0
295.0
222.0
250.32
231.0
226.0
207.0
204.0
230.0
215.0
184.0
341.0
554.0
863.0
881.0
949.0
830.0
903.0
877.0
889.0
835.0
738.0
548.0
475.0
403.0
287.0
243.0
257.82
220.0
207.0
198.0
204.0
198.0
185.0
224.0
324.0
552.0
893.0
883.0
901.0
758.0
837.0
785.0
767.0
792.0
646.0
484.0
416.0
311.0
263.08
240.5
251.475
228.0
212.0
196.0
209.0
231.0
197.0
233.0
232.0
209.0
307.0
313.0
331.0
311.0
313.0
330.0
314.0
320.12
310.0
257.0
221.0
240.0
234.0
202.0
216.5
206.0
218.0
199.0
197.0
206.0
204.0
225.0
217.0
204.0
214.0
241.0
254.0
253.0
239.0
248.0
248.0
251.0
244.0
259.0
267.0
213.0
241.0
221.0
216.5
223.0
184.0
230.0
206.0
210.0
197.0
191.0
318.0
606.0
855.0
899.0
964.0
841.0
895.0
884.0
894.0
879.0
783.0
570.0
536.0
376.0
248.0
238.0
251.475
227.0
206.0
211.0
216.5
213.0
210.5
209.0
304.04
596.0
897.0
884.0
947.0
810.0
939.0
896.0
888.0
886.0
752.0
619.0
474.0
374.0
312.0
249.0
245.13
227.0
228.0
192.0
227.0
216.0
224.0
227.0
331.0
645.0
886.32
907.44
946.32
858.0
898.0
911.0
910.56
888.56
777.08
589.08
426.04
321.44
277.44
247.0
268.805
231.0
202.0
220.0
200.0
239.0
199.0
205.0
321.0
616.0
877.0
914.0
989.0
833.0
912.0
898.0
905.0
887.0
763.0
552.0
446.0
377.0
255.0
256.0
268.805
244.76
205.0
214.5
194.5
219.5
231.0
218.0
303.0
567.0
901.0
944.0
988.0
882.0
898.0
889.0
923.0
881.0
745.0
540.0
406.0
320.0
293.0
265.0
268.805
205.0
213.5
206.5
196.5
203.0
203.5
205.0
208.0
231.26
258.92
271.92
295.92
255.92
288.02
277.92
267.92
291.92
255.92
247.92
261.22
218.5
225.5
220.5
216.5
205.0
213.5
206.5
196.5
203.0
203.5
205.0
208.0
231.26
278.22
266.44
273.44
288.96
288.02
265.44
317.98
271.44
287.96
252.44
255.44
218.5
225.5
220.5
216.5
244.76
205.0
214.5
194.5
219.5
228.5
196.5
329.92
591.92
922.92
893.92
947.92
866.92
901.92
928.92
907.92
919.92
784.92
573.92
472.92
378.92
315.92
265.0
268.805
244.76
208.0
209.0
189.0
200.0
226.0
175.0
371.0
596.0
879.08
921.84
911.28
871.28
924.76
914.0
899.0
892.0
768.32
561.32
486.32
359.0
292.0
265.0
268.805
244.76
264.56
236.94
229.44
226.44
239.44
257.68
380.88
616.88
857.88
915.88
890.88
845.36
839.49
862.88
822.89
864.88
811.88
615.89
504.6
379.6
348.61
326.6
292.48
258.52
259.22
236.94
229.44
226.44
239.44
256.88
363.56
585.6
812.8
878.8
883.8
809.8
832.8
824.8
864.8
843.8
766.8
611.8
506.8
405.8
314.8
317.8
296.07
250.28
253.88
264.88
269.88
252.88
252.88
251.88
376.88
575.88
839.88
839.88
896.28
806.28
837.28
801.28
847.28
821.88
731.08
503.76
450.76
341.76
324.08
292.88
255.89
205.0
213.5
206.5
196.5
203.0
203.5
205.0
208.0
258.52
297.52
318.52
375.0
322.0
337.04
340.04
368.04
345.04
320.0
266.0
258.0
224.0
210.0
220.0
216.5
205.0
213.5
206.5
196.5
203.0
203.5
205.0
208.0
242.76
254.76
282.56
298.56
289.56
292.56
307.56
283.56
312.56
275.56
249.0
249.0
227.0
216.0
205.5
216.5
281.72
307.92
278.96
292.96
275.96
295.96
259.96
360.96
540.96
784.96
850.96
859.96
790.96
856.96
852.96
828.96
833.96
790.04
632.96
566.96
444.96
334.96
336.96
324.86
269.86
231.0
251.48
260.48
245.98
250.98
242.48
327.0
620.0
907.0
928.0
957.0
905.0
940.0
957.0
950.0
897.0
827.0
590.0
485.0
423.0
344.0
298.0
291.44
258.0
219.0
224.0
228.0
216.0
206.0
225.0
379.0
606.0
913.0
912.0
960.0
886.0
948.0
906.0
918.0
894.0
768.0
568.0
409.0
360.0
284.0
254.0
291.44
264.0
210.0
216.0
213.0
232.0
203.0
238.0
379.0
607.0
864.0
906.0
935.0
854.0
865.0
895.0
864.0
853.0
760.0
533.0
414.0
351.52
270.52
270.0
258.02
234.5
207.0
229.0
210.0
213.5
208.0
249.76
340.0
645.0
819.0
889.0
915.0
891.0
899.0
850.0
858.0
878.76
727.76
491.76
354.76
294.52
278.52
204.0
252.96
204.0
209.0
214.0
196.0
200.0
203.0
185.0
199.0
227.0
212.0
229.0
228.0
233.0
207.0
246.0
214.0
225.0
243.0
232.0
240.0
230.0
222.0
191.0
216.5
221.0
203.0
206.0
197.0
194.0
197.0
191.0
207.0
177.0
232.0
234.0
260.0
255.0
236.0
253.0
271.0
253.0
291.0
266.0
263.0
240.0
256.0
233.0
216.5
205.0
210.0
207.0
207.0
195.0
213.0
199.0
338.0
632.0
916.0
977.0
991.0
906.0
922.0
946.0
909.0
882.0
760.0
549.0
426.0
373.0
274.0
288.0
247.9
477.28
476.28
475.28
475.28
474.28
476.28
486.28
524.28
600.28
658.28
663.28
699.28
711.28
683.28
640.28
677.28
676.28
626.28
577.28
429.0
356.0
280.0
273.0
255.38
262.0
220.0
233.0
221.0
220.0
230.0
247.0
375.0
602.0
882.0
922.0
994.0
890.0
929.0
900.0
881.0
898.0
748.0
483.0
407.0
366.0
300.0
290.0
255.38
252.0
231.0
245.0
214.0
246.0
206.0
226.0
370.0
604.0
894.0
895.0
930.0
859.0
924.0
913.0
895.0
881.0
719.0
511.0
382.0
347.0
301.0
267.16
255.38
218.0
232.0
209.0
248.0
204.0
227.0
214.0
364.0
613.0
855.0
877.0
900.0
807.0
905.0
874.0
833.0
870.12
739.0
478.0
385.0
349.0
278.0
222.0
255.38
235.0
220.0
216.0
213.0
213.0
207.0
217.0
179.0
211.0
240.0
214.0
231.0
253.0
229.0
225.0
223.0
248.0
235.0
251.0
250.0
230.0
240.0
242.0
216.5
217.0
198.0
208.0
207.0
208.0
210.0
208.0
200.0
222.0
225.0
205.0
257.0
223.0
244.0
249.0
237.0
239.0
251.0
270.0
237.0
250.0
241.0
196.0
259.05
224.5
224.0
193.0
235.0
214.0
239.0
212.0
357.0
633.0
925.0
936.0
951.0
883.0
904.0
926.0
914.0
879.0
948.0
977.0
884.0
965.16
918.0
935.12
890.0
794.0
548.0
425.0
387.0
303.0
294.0
266.44
256.0
233.0
254.0
230.0
239.0
224.0
233.0
368.0
696.0
896.0
942.12
945.0
908.0
949.0
927.0
915.0
882.0
739.12
531.0
415.0
307.0
283.0
277.0
257.94
263.0
228.0
227.0
226.0
237.0
208.0
208.0
216.0
268.0
306.0
304.0
339.0
286.0
306.0
298.0
307.0
304.0
325.0
274.0
259.0
257.0
253.0
214.0
219.83
231.0
220.0
231.0
229.0
223.0
231.0
224.0
215.0
233.0
266.0
237.0
284.0
264.0
253.0
264.0
280.0
247.0
271.0
267.0
231.0
251.0
228.0
227.0
219.83
251.5
239.0
244.5
236.5
243.5
222.5
243.5
353.0
638.0
954.12
977.0
1000.0
918.0
983.12
980.0
977.0
961.0
817.0
585.0
470.0
374.0
323.0
291.0
256.91
247.0
245.0
235.0
243.0
248.0
221.0
254.0
351.0
702.0
919.0
994.0
1000.08
917.0
987.0
952.0
938.12
941.0
798.0
551.0
459.0
384.0
349.0
283.0
255.91000000000003
258.0
255.0
232.0
247.0
239.0
268.0
238.0
375.0
657.0
942.0
1014.0
1050.0
960.0
1018.0
985.08
972.0
933.12
821.0
551.0
427.0
357.0
293.0
265.0
255.91000000000003
247.0
220.0
250.0
233.0
229.0
227.0
245.0
377.0
676.0
986.0
990.0
1025.0
941.0
1004.0
984.0
985.0
964.0
843.0
577.0
438.0
377.0
354.0
283.0
255.91000000000003
249.0
253.0
255.0
252.0
253.0
250.0
237.0
381.0
697.0
1016.0
1023.0
1036.12
951.0
1038.0
1012.12
1025.0
963.0
819.0
544.0
408.0
362.0
304.0
271.0
254.91
221.0
246.0
227.0
248.0
229.0
233.0
226.0
238.0
224.0
278.0
294.12
274.0
290.0
276.0
290.0
270.0
317.0
299.0
288.0
259.0
234.0
284.32
297.44
282.32
265.32
270.32
268.32
269.32
254.32
270.32
255.32
202.5
306.32
269.32
287.32
279.32
297.32
285.32
274.32
290.32
293.32
240.5
309.32
250.32
329.32
296.32
256.32
223.09
295.32
264.32
266.32
284.32
270.32
289.32
268.32
385.32
571.32
667.32
978.32
848.32
808.32
746.32
1026.32
880.44
839.32
777.32
545.32
485.32
406.32
331.32
298.32
307.31
276.32
294.32
264.32
287.32
295.32
315.32
284.32
373.32
576.32
826.32
861.4
883.32
796.32
887.32
878.32
880.32
845.32
752.32
559.32
448.32
396.32
313.32
282.32
319.27
275.32
288.32
317.32
296.32
286.32
316.32
261.32
353.32
561.32
904.0
937.0
981.12
884.0
941.0
949.0
896.0
929.0
776.0
554.0
398.0
365.12
314.0
241.0
272.95
224.0
231.0
230.0
237.0
230.0
222.0
231.0
328.0
667.0
943.0
959.0
1010.0
903.0
967.12
975.0
942.0
926.0
834.0
562.0
458.0
443.0
356.0
291.0
261.93
261.0
257.0
245.0
261.0
258.0
232.0
238.0
366.0
660.08
956.0
952.0
994.0
909.12
964.0
955.0
944.0
893.12
708.0
487.0
359.0
306.0
258.0
250.0
270.89
212.0
220.0
184.0
184.0
197.0
205.0
191.0
167.0
211.0
194.0
183.0
193.0
202.0
158.0
178.0
187.0
189.0
182.0
208.0
200.0
183.0
193.0
192.0
223.09
187.0
173.0
183.0
210.0
181.0
180.0
174.0
190.0
224.5
233.0
220.0
227.0
230.0
223.0
235.0
228.0
250.0
231.0
235.0
223.0
205.0
199.0
193.0
223.09
202.0
195.0
182.0
185.0
184.0
202.0
165.0
312.0
618.0
930.0
992.0
1028.0
930.0
1008.0
980.0
976.0
961.0
859.0
591.0
456.0
360.0
271.12
255.0
270.89
234.0
210.0
226.0
242.0
221.0
208.0
218.0
355.0
643.0
972.12
978.2
1003.2
1023.2
974.2
1002.2
988.0
980.0
840.0
589.0
426.0
399.0
310.0
314.0
279.85
247.0
233.0
241.0
221.0
236.0
217.0
224.0
349.0
654.0
939.0
980.0
982.0
929.0
993.0
970.12
939.0
933.08
799.0
529.0
413.0
362.0
320.0
284.0
263.93
280.0
268.0
259.0
259.0
253.0
247.0
242.0
336.0
630.0
948.0
977.12
1050.0
955.0
969.08
990.0
967.0
958.0
844.0
594.0
433.0
386.0
286.0
312.32
288.67
261.0
255.0
241.0
255.0
235.0
232.0
219.0
359.0
622.0
938.12
1001.0
1005.0
972.0
1021.0
1001.0
945.0
945.0
806.12
542.0
373.0
330.0
289.0
265.0
249.84
209.0
193.0
230.0
213.0
232.0
212.0
209.0
192.0
238.0
254.0
257.0
261.0
228.0
238.0
266.0
285.0
268.0
281.0
277.0
285.0
252.0
239.0
230.0
223.09
215.0
219.5
220.5
229.0
207.0
236.0
198.0
237.0
205.0
226.0
256.0
260.0
250.0
260.0
263.0
245.0
262.0
256.0
237.0
253.0
237.0
260.0
226.0
223.09
224.0
205.0
219.0
220.0
231.0
216.0
207.0
372.0
643.0
969.0
995.11
896.0
827.0
863.0
857.08
836.0
799.0
696.0
561.0
404.12
303.0
269.0
267.0
249.885
232.0
220.0
242.0
208.0
233.0
209.0
222.0
364.0
677.0
967.0
1021.12
1017.0
929.0
1020.0
991.0
997.08
953.0
844.0
624.12
519.0
369.0
284.0
269.0
249.885
238.0
250.0
252.0
244.0
245.0
250.0
220.0
353.0
656.0
940.0
980.0
1005.0
915.0
973.0
979.0
978.0
928.0
827.0
574.0
470.0
366.0
298.0
265.0
249.93
244.0
242.0
250.0
240.0
223.0
237.0
231.0
356.0
638.0
909.0
981.0
986.0
894.12
935.0
906.0
911.0
888.0
796.0
585.0
456.0
381.0
327.0
268.0
247.92
244.0
262.0
246.0
233.0
224.0
238.0
239.0
369.0
631.0
917.0
956.12
957.12
889.0
941.0
939.0
925.12
921.0
775.0
541.0
474.0
406.0
277.0
243.0
249.925
229.0
246.0
211.0
243.0
215.0
231.0
205.0
217.0
244.0
250.0
286.0
282.0
297.0
272.0
275.0
296.0
277.0
256.0
278.0
233.0
249.0
212.0
209.0
223.09
207.0
207.0
217.0
213.0
212.0
226.0
219.0
231.0
217.0
229.0
204.0
232.0
227.0
209.0
228.0
249.0
239.0
232.0
242.0
248.0
231.0
198.0
215.0
223.09
211.0
216.0
204.0
226.0
219.0
201.0
211.0
358.0
648.0
938.0
1009.0
1007.0
944.0
964.0
1013.0
970.0
950.0
875.0
592.0
441.0
355.0
299.0
243.0
251.93
264.0
241.0
259.0
244.0
260.0
235.0
240.0
351.0
639.0
911.0
992.0
990.0
868.0
977.0
953.12
933.12
942.0
820.0
543.0
478.0
361.0
315.0
255.0
251.865
234.0
228.0
219.0
227.0
223.0
216.0
198.0
342.0
624.0
944.0
931.0
939.0
912.0
934.0
903.0
919.0
910.12
751.0
529.0
473.0
352.0
282.0
262.0
251.8
275.0
230.0
226.0
227.0
246.0
226.0
222.0
378.0
640.0
884.0
961.0
971.12
864.0
947.0
927.0
901.0
852.0
735.0
486.0
409.0
284.0
285.0
258.0
206.825
221.0
230.0
238.0
217.0
221.0
231.0
214.0
321.0
590.0
848.0
857.0
880.0
819.0
832.0
828.0
762.0
776.0
604.0
406.0
323.0
313.0
234.0
204.0
206.825
224.0
221.0
202.0
233.0
204.0
202.0
208.0
190.0
212.0
207.0
202.0
213.0
205.0
193.0
188.0
209.0
213.0
203.0
203.0
216.0
194.0
196.0
241.0
223.09
193.0
229.0
213.0
201.0
199.0
197.0
198.0
318.0
492.0
637.0
640.0
651.0
649.0
649.0
641.0
620.0
601.0
497.0
390.0
234.0
234.0
217.0
215.0
206.825
203.0
209.0
204.0
212.0
202.0
219.0
204.0
291.0
474.0
577.0
621.0
641.0
599.0
627.0
627.0
668.8
628.8
484.0
393.0
273.0
229.0
219.0
223.0
206.825
204.0
196.0
193.0
208.0
201.0
176.0
203.0
233.0
411.0
528.0
526.0
541.0
504.0
524.0
430.0
315.0
273.0
201.0
175.0
166.0
181.0
168.0
191.0
161.85
166.0
160.0
191.0
173.0
171.0
160.0
202.0
147.0
143.0
164.0
177.0
166.0
157.0
178.0
152.0
168.0
158.0
166.0
167.0
184.0
159.0
167.0
176.0
163.86
181.0
252.0
170.39999999999995
203.0
193.0
189.0
195.0
189.0
188.0
193.0
281.0
514.0
796.0
796.0
887.0
773.0
806.0
817.0
815.0
787.0
667.0
441.0
340.0
272.0
182.0
183.0
164.92
179.0
153.0
161.0
154.0
149.0
149.0
168.0
152.0
176.0
190.0
196.0
216.0
184.0
220.0
196.0
200.0
207.0
190.0
185.0
188.0
175.0
154.0
164.0
155.93
151.0
156.0
162.0
158.0
150.0
144.0
165.0
133.0
154.0
178.0
172.0
197.0
174.0
200.0
188.0
186.0
212.0
164.0
201.0
184.0
166.0
164.0
149.0
160.385
137.0
156.0
158.0
152.0
153.0
154.0
162.0
259.0
477.0
782.0
821.0
870.0
753.0
828.0
808.0
809.0
796.0
674.0
435.0
374.0
317.0
256.0
232.0
193.96
183.0
200.0
172.0
166.0
192.0
168.0
192.0
305.0
497.0
793.0
807.0
834.0
741.0
809.0
790.0
829.0
773.0
650.0
430.0
362.0
291.0
254.0
212.0
193.96
174.0
189.0
171.0
176.0
181.0
167.0
184.0
284.0
494.0
765.0
775.0
831.0
736.0
777.0
777.0
781.0
783.0
632.0
378.0
299.0
265.0
231.0
233.0
193.96
180.0
192.0
168.0
176.0
178.5
162.64
183.5
284.36
498.36
767.0
776.6
830.6
708.6
774.6
773.6
773.0
742.52
651.52
425.0
364.0
278.0
257.0
207.0
193.96
187.0
196.0
176.0
186.0
176.0
189.0
183.0
298.0
541.0
772.0
771.0
820.0
712.0
788.0
784.0
742.0
743.0
629.0
388.0
291.0
272.0
229.0
212.0
193.96
176.0
174.0
165.0
175.0
176.0
164.0
162.0
164.0
159.0
192.5
203.0
199.0
200.0
209.5
208.5
204.5
210.5
187.0
197.0
185.0
187.0
174.0
166.0
160.385
168.9
181.0
175.0
154.0
171.0
165.0
159.52
173.5
164.0
207.0
234.0
201.0
226.0
219.0
229.0
223.0
209.0
210.0
193.0
186.0
187.0
174.0
182.0
160.385
152.0
184.0
160.0
162.0
180.0
150.0
184.0
271.0
498.52
771.52
757.0
812.0
723.0
784.0
765.0
760.0
770.0
645.52
399.52
343.0
291.0
249.0
229.0
193.96
158.5
177.0
175.0
165.0
174.0
162.0
199.0
255.0
499.0
737.0
734.0
788.0
671.32
743.32
729.32
747.0
721.0
628.0
442.48
352.48
273.48
245.5
217.0
193.96
158.5
188.0
180.0
168.0
190.0
180.0
190.0
284.0
480.52
742.52
749.52
803.52
699.52
767.52
739.0
746.0
734.0
617.0
429.0
350.0
265.0
242.0
204.0
193.96
158.5
185.5
180.0
168.0
192.0
174.0
196.5
282.48
431.48
647.48
682.84
822.0
706.0
783.0
770.0
779.0
762.0
651.0
482.0
386.0
320.0
255.0
223.0
193.96
158.5
183.0
185.0
171.0
194.0
168.0
203.0
283.0
520.0
745.0
789.0
816.04
734.04
773.0
765.0
779.0
740.0
636.0
429.0
330.0
276.0
227.0
197.0
193.96
168.9
177.0
172.0
173.0
177.0
166.0
165.0
183.0
204.0
279.0
281.0
284.0
260.0
266.0
289.0
278.0
267.0
249.0
223.0
207.0
200.0
194.0
192.0
164.84
168.9
196.0
164.0
196.0
160.0
162.0
156.0
177.0
195.0
256.0
256.0
246.0
232.0
260.0
260.0
263.0
268.0
205.0
205.0
211.0
184.0
202.0
170.0
172.425
165.0
176.0
185.0
168.0
174.0
173.0
181.0
275.0
484.0
777.0
796.56
848.56
736.0
805.0
784.0
776.0
791.0
661.0
459.0
373.0
290.0
247.0
214.0
193.96
179.0
196.0
185.0
186.0
184.0
184.0
200.0
297.0
509.52
775.52
771.6
816.6
727.6
782.6
767.6
765.52
743.52
653.52
501.52
376.52
288.52
251.52
210.5
193.96
171.45
187.0
175.5
194.0
200.0
184.0
195.0
300.6
522.6
760.6
792.6
848.0
746.0
793.0
785.0
806.0
780.0
646.0
408.0
303.0
272.0
244.0
207.0
193.96
171.45
178.0
166.0
194.0
172.0
165.0
190.0
277.0
529.0
774.0
790.0
856.0
746.0
813.0
812.0
810.0
795.0
686.0
449.0
349.0
311.0
277.0
227.0
193.96
171.45
203.0
193.0
202.0
193.0
157.0
191.5
303.0
529.0
814.0
808.24
851.6
734.6
799.6
796.0
791.0
766.0
636.96
369.16
313.16
274.64
268.58000000000004
218.0
193.96
161.8
187.5
167.24
188.0
164.0
172.5
153.0
166.5
187.0
218.5
236.0
263.0
220.5
271.8
239.5
250.8
264.8
225.0
211.0
186.0
203.0
187.0
178.0
172.425
157.4
179.0
175.0
188.0
168.0
183.0
150.0
156.0
179.0
181.0
216.0
205.0
209.0
221.0
219.0
204.0
213.0
195.0
195.0
210.0
192.0
187.0
178.0
180.01
163.9
193.0
169.98
175.98
165.99
149.0
193.0
283.0
502.0
764.0
783.0
862.0
766.0
794.0
807.0
786.0
767.16
639.16
445.16
375.16
328.16
260.16
222.0
193.96
164.95
183.0
184.0
184.0
179.0
180.0
187.0
288.0
519.0
796.0
776.0
840.0
769.0
787.0
813.0
788.0
766.0
671.0
474.0
367.0
300.0
263.0
226.0
193.96
164.95
180.0
202.0
167.0
197.0
189.0
201.0
298.0
526.0
784.0
786.0
876.0
734.0
797.0
813.0
785.0
795.0
660.0
456.0
316.0
296.0
251.0
230.0
223.0
164.95
201.0
185.0
202.0
190.0
186.0
214.0
290.0
524.0
775.0
809.0
850.0
747.0
815.0
812.68
799.68
785.68
688.0
475.52
352.52
284.0
238.0
222.5
246.315
164.95
193.0
176.0
190.5
182.5
175.5
199.0
304.88
527.0
778.0
786.0
861.0
738.0
819.0
803.0
793.0
774.0
669.0
385.0
300.0
250.0
225.0
215.0
246.315
157.4
187.0
175.0
180.0
182.0
175.0
160.0
172.0
216.0
285.0
302.0
280.0
251.0
288.0
283.0
283.0
288.0
243.0
197.0
186.0
195.0
175.0
176.0
179.95499999999996
157.4
166.0
162.0
175.0
167.0
167.0
168.0
160.0
197.0
270.52
264.52
267.0
260.0
264.0
251.0
254.0
256.0
226.0
197.0
189.0
198.0
172.0
179.0
179.9
166.0
185.0
167.0
179.0
175.0
165.0
184.0
297.0
488.0
811.0
822.0
889.0
776.0
809.0
834.0
798.0
809.0
673.0
428.0
351.0
295.0
259.0
231.0
246.315
416.92
414.92
412.92
413.92
408.92
415.92
426.92
455.92
516.92
554.92
546.92
594.92
590.92
545.92
539.92
544.92
788.0
673.0
416.16
402.16
289.0
259.0
242.0
246.315
217.0
184.0
196.0
204.0
186.0
200.0
200.0
308.0
512.0
775.0
801.0
851.0
776.0
813.0
775.0
765.0
745.0
568.0
372.0
275.0
236.0
185.0
185.0
246.315
153.0
158.0
171.0
154.0
154.0
161.0
154.0
148.0
162.0
179.0
168.0
213.0
187.0
167.0
152.0
151.0
170.0
144.0
152.0
178.0
152.0
148.0
171.0
149.9
152.0
158.0
148.0
160.0
159.0
146.0
143.0
155.0
155.0
160.0
230.0
241.0
245.0
196.0
185.0
208.0
179.0
167.0
179.0
172.5
168.0
161.0
157.0
162.9
150.0
157.0
162.0
141.0
164.0
151.0
144.0
142.0
160.0
192.0
193.0
199.0
181.0
192.0
205.0
208.0
185.0
175.0
173.0
167.0
168.0
166.0
153.0
155.85
171.0
152.0
145.0
164.0
159.0
159.0
190.0
286.0
511.0
780.0
774.0
775.0
704.0
769.0
759.0
765.0
750.0
628.0
475.0
335.0
280.0
230.0
204.0
246.315
182.0
183.0
176.0
180.04
179.0
168.0
199.0
306.0
531.0
810.0
833.0
872.0
798.0
832.0
831.0
839.0
804.0
688.0
445.0
340.04
322.04
245.0
231.0
246.315
194.0
192.0
192.0
184.0
199.0
177.0
214.0
282.0
491.0
812.0
832.56
898.56
791.56
831.56
825.8
812.16
802.32
683.08
567.08
415.56
356.56
253.32
227.0
246.315
190.0
189.0
196.5
181.0
196.5
176.5
206.0
310.28
530.28
807.28
838.28
907.04
808.04
865.04
840.04
832.04
799.04
696.0
424.0
323.0
291.0
240.0
224.0
246.315
197.5
189.0
196.5
181.0
196.5
176.0
198.0
285.0
526.0
806.0
822.0
882.0
783.0
827.24
278.22
266.44
273.44
288.96
288.02
265.44
317.98
271.44
287.96
252.44
255.44
218.5
225.5
220.5
216.5
244.76
205.0
214.5
194.5
219.5
228.5
196.5
329.92
591.92
922.92
893.92
947.92
866.92
901.92
928.92
907.92
919.92
784.92
573.92
472.92
378.92
315.92
265.0
268.805
244.76
208.0
209.0
189.0
200.0
226.0
175.0
371.0
596.0
879.08
921.84
911.28
871.28
924.76
914.0
899.0
892.0
768.32
561.32
486.32
359.0
292.0
265.0
268.805
244.76
264.56
236.94
229.44
226.44
239.44
257.68
380.88
616.88
857.88
915.88
890.88
845.36
839.49
862.88
822.89
864.88
811.88
615.89
504.6
379.6
348.61
326.6
292.48
258.52
259.22
236.94
229.44
226.44
239.44
256.88
363.56
585.6
812.8
878.8
883.8
809.8
832.8
824.8
864.8
843.8
766.8
611.8
506.8
405.8
314.8
317.8
296.07
250.28
253.88
264.88
269.88
252.88
252.88
251.88
376.88
575.88
839.88
839.88
896.28
806.28
837.28
801.28
847.28
821.88
731.08
503.76
450.76
341.76
324.08
292.88
255.89
205.0
213.5
206.5
196.5
203.0
203.5
205.0
208.0
258.52
297.52
318.52
375.0
322.0
337.04
340.04
368.04
345.04
320.0
266.0
258.0
224.0
210.0
220.0
216.5
205.0
213.5
206.5
196.5
203.0
203.5
205.0
208.0
242.76
254.76
282.56
298.56
289.56
292.56
307.56
283.56
312.56
275.56
249.0
249.0
227.0
216.0
205.5
216.5
281.72
307.92
278.96
292.96
275.96
295.96
259.96
360.96
540.96
784.96
850.96
859.96
790.96
856.96
852.96
828.96
833.96
790.04
632.96
566.96
444.96
334.96
336.96
324.86
269.86
231.0
251.48
260.48
245.98
250.98
242.48
327.0
620.0
907.0
928.0
957.0
905.0
940.0
957.0
950.0
897.0
827.0
590.0
485.0
423.0
344.0
298.0
291.44
258.0
219.0
224.0
228.0
216.0
206.0
225.0
379.0
606.0
913.0
912.0
960.0
886.0
948.0
906.0
918.0
894.0
768.0
568.0
409.0
360.0
284.0
254.0
291.44
264.0
210.0
216.0
213.0
232.0
203.0
238.0
379.0
607.0
864.0
906.0
935.0
854.0
865.0
895.0
864.0
853.0
760.0
533.0
414.0
351.52
270.52
270.0
258.02
234.5
207.0
229.0
210.0
213.5
208.0
249.76
340.0
645.0
819.0
889.0
915.0
891.0
899.0
850.0
858.0
878.76
727.76
491.76
354.76
294.52
278.52
204.0
252.96
204.0
209.0
214.0
196.0
200.0
203.0
185.0
199.0
227.0
212.0
229.0
228.0
233.0
207.0
246.0
214.0
225.0
243.0
232.0
240.0
230.0
222.0
191.0
216.5
221.0
203.0
206.0
197.0
194.0
197.0
191.0
207.0
177.0
232.0
234.0
260.0
255.0
236.0
253.0
271.0
253.0
291.0
266.0
263.0
240.0
256.0
233.0
216.5
205.0
210.0
207.0
207.0
195.0
213.0
199.0
338.0
632.0
916.0
977.0
991.0
906.0
922.0
946.0
909.0
882.0
760.0
549.0
426.0
373.0
274.0
288.0
247.9
477.28
476.28
475.28
475.28
474.28
476.28
486.28
524.28
600.28
658.28
663.28
699.28
711.28
683.28
640.28
677.28
676.28
626.28
577.28
429.0
356.0
280.0
273.0
255.38
262.0
220.0
233.0
221.0
220.0
230.0
247.0
375.0
602.0
882.0
922.0
994.0
890.0
929.0
900.0
881.0
898.0
748.0
483.0
407.0
366.0
300.0
290.0
255.38
252.0
231.0
245.0
214.0
246.0
206.0
226.0
370.0
604.0
894.0
895.0
930.0
859.0
924.0
913.0
895.0
881.0
719.0
511.0
382.0
347.0
301.0
267.16
255.38
218.0
232.0
209.0
248.0
204.0
227.0
214.0
364.0
613.0
855.0
877.0
900.0
807.0
905.0
874.0
833.0
870.12
739.0
478.0
385.0
349.0
278.0
222.0
255.38
235.0
220.0
216.0
213.0
213.0
207.0
217.0
179.0
211.0
240.0
214.0
231.0
253.0
229.0
225.0
223.0
248.0
235.0
251.0
250.0
230.0
240.0
242.0
216.5
217.0
198.0
208.0
207.0
208.0
210.0
208.0
200.0
222.0
225.0
205.0
257.0
223.0
244.0
249.0
237.0
239.0
251.0
270.0
237.0
250.0
241.0
196.0
259.05
224.5
224.0
193.0
235.0
214.0
239.0
212.0
357.0
633.0
925.0
936.0
951.0
883.0
904.0
926.0
914.0
903.0
811.08
536.0
431.0
356.0
264.0
268.0
255.38
231.0
234.0
199.0
213.0
215.0
221.0
216.0
351.0
636.0
890.0
920.0
937.0
887.0
899.8
931.8
901.8
902.8
744.8
516.76
429.76
305.76
289.76
215.0
262.86
228.0
248.0
226.0
195.0
249.0
223.0
214.0
407.0
682.0
870.0
910.0
939.0
843.0
922.0
886.08
917.0
892.0
771.0
509.0
394.0
322.0
278.0
282.0
224.43
215.5
229.0
236.0
248.0
205.0
237.0
205.0
385.0
642.0
906.0
926.0
957.0
855.0
887.0
932.0
923.0
852.0
740.0
494.0
351.0
307.68
268.68
248.0
224.43
215.5
211.0
222.0
196.0
220.0
209.5
196.0
336.24
605.24
837.72
879.72
899.72
822.72
854.0
859.24
819.24
812.24
691.24
455.0
304.0
264.0
222.0
214.0
224.43
206.5
199.0
188.0
201.0
194.0
186.0
199.0
193.0
216.0
272.0
301.0
317.0
260.52
325.52
305.0
330.16
305.16
275.16
255.5
239.0
228.0
187.0
217.0
208.94
196.0
200.0
204.0
182.0
192.0
196.0
182.0
195.0
213.0
221.0
242.0
239.0
250.0
251.0
251.0
251.0
244.0
275.0
241.0
241.0
206.0
205.0
207.0
208.94
203.0
187.0
196.0
189.0
210.0
182.0
187.0
351.0
607.52
863.52
928.52
927.52
864.52
906.52
898.0
898.0
875.0
745.0
448.0
396.0
329.0
281.0
221.0
224.43
206.0
211.0
208.0
196.0
224.0
191.0
226.0
326.0
590.0
869.0
888.0
939.0
841.04
884.04
879.84
869.84
851.84
756.84
507.84
373.84
340.0
261.0
233.0
224.43
236.0
207.0
209.0
217.0
193.0
221.0
192.0
344.0
588.0
830.0
875.0
917.0
817.0
869.0
856.0
855.0
838.0
713.0
453.0
366.0
329.0
281.0
236.0
224.43
225.0
205.0
205.0
215.0
201.0
211.0
211.0
345.0
593.0
830.0
848.0
895.0
790.0
834.0
813.0
791.0
735.0
609.0
397.0
306.0
282.0
248.0
226.0
224.43
198.5
198.0
205.5
193.5
199.5
201.0
180.5
200.0
209.5
226.0
238.0
238.5
241.0
239.0
248.0
245.5
253.04
242.0
236.0
231.0
209.0
226.0
186.0
208.94
201.0
196.0
207.0
205.0
207.0
201.0
180.5
205.0
206.0
231.0
234.0
238.0
232.0
227.0
245.0
240.0
240.0
209.0
217.0
231.0
206.0
214.0
194.0
208.94
193.0
205.0
194.0
204.5
201.5
206.0
179.0
192.0
220.0
261.0
267.5
287.56
263.0
265.0
282.0
272.0
283.0
251.0
220.0
237.0
233.0
210.0
201.0
208.94
201.0
198.0
208.0
215.0
203.0
187.0
218.0
351.0
620.0
946.0
938.56
975.56
902.0
947.0
956.0
957.0
932.0
807.0
596.0
483.0
358.0
272.0
225.0
224.43
206.0
222.0
218.0
211.0
226.0
202.0
202.0
387.0
660.0
914.0
951.0
989.0
917.0
955.0
938.0
928.0
935.0
796.0
528.0
444.0
368.0
280.0
234.0
224.43
210.0
236.0
201.0
214.0
227.0
202.0
236.0
369.0
629.0
942.0
956.0
990.0
892.0
944.0
919.0
920.56
925.56
807.0
548.0
395.0
346.0
295.0
255.0
224.43
214.0
203.0
220.0
202.0
198.0
220.0
207.0
382.0
641.0
917.0
939.0
997.0
903.0
964.0
940.0
931.0
928.0
793.0
543.0
447.0
357.0
266.0
247.0
224.43
200.0
218.0
204.0
214.0
200.0
219.0
209.0
384.0
643.0
938.0
982.0
1019.0
891.0
949.0
944.0
897.0
902.0
778.0
534.0
391.0
345.04
278.04
246.0
224.43
210.0
205.0
210.0
204.0
196.0
216.0
197.0
201.0
219.0
273.0
301.0
284.0
275.0
298.0
291.0
311.0
278.0
264.0
252.0
230.0
224.0
215.0
182.0
208.94
204.0
215.5
205.0
216.0
208.5
218.5
204.5
214.5
229.0
231.0
235.0
254.0
254.0
252.26
277.48
253.48
241.0
254.0
216.0
264.0
226.0
211.0
163.925
219.5
198.0
215.5
205.0
216.0
208.5
218.5
204.5
214.5
208.0
220.5
252.0
251.5
242.76
252.26
257.74
255.24
251.84
253.0
215.0
251.5
226.0
211.0
163.925
246.84
255.66
232.0
240.5
231.5
217.5
204.0
334.0
573.0
906.0
931.44
985.32
942.44
939.68
942.68
944.68
917.16
791.16
572.16
528.16
405.16
361.16
278.0
267.155
246.84
255.66
234.0
243.0
237.0
211.0
247.0
334.0
587.0
894.0
947.0
971.4
868.32
927.4
928.0
900.44
920.44
778.44
547.44
459.44
381.44
301.44
269.0
272.09
246.84
252.32
225.0
242.0
223.0
249.0
212.0
356.0
596.08
837.0
907.0
955.0
923.0
883.0
923.0
876.0
859.0
768.0
538.0
383.0
349.0
329.0
278.0
249.98
246.84
241.0
216.0
238.0
244.0
224.0
238.0
337.0
557.0
885.0
919.0
939.0
864.12
892.0
922.0
883.0
865.0
760.0
527.0
413.0
335.0
322.0
285.0
250.395
246.84
234.0
208.0
226.0
211.0
233.0
215.0
351.0
581.0
914.12
918.52
941.52
862.52
906.52
902.12
929.0
889.12
770.32
514.32
413.32
348.0
282.0
274.0
250.395
219.5
198.0
215.5
194.0
225.0
207.0
218.5
204.5
210.0
241.0
210.0
252.0
249.0
232.0
237.0
238.0
257.0
241.0
252.0
215.0
251.5
226.0
211.0
163.925
219.5
212.0
210.0
201.0
204.0
200.0
235.0
200.0
215.0
228.0
234.0
269.0
239.0
253.0
264.0
225.0
233.0
233.0
221.0
214.0
239.0
224.0
210.0
163.925
246.84
214.0
198.0
219.0
198.0
227.0
215.0
334.0
572.0
915.0
966.0
984.0
925.0
935.0
952.0
895.0
917.0
801.0
531.0
407.12
305.0
275.0
246.0
250.395
208.0
229.0
225.0
228.0
216.0
199.0
244.0
311.0
628.0
903.0
942.0
955.0
866.12
937.0
936.0
905.12
910.0
765.0
524.12
454.0
341.0
299.0
247.0
250.81
211.0
256.92
270.92
267.92
227.5
259.92
272.92
302.92
368.92
883.0
909.0
941.0
865.0
869.0
897.0
858.0
761.0
695.0
493.0
435.0
369.12
314.0
245.0
265.94
214.0
242.0
228.0
233.0
239.0
225.0
239.0
320.0
608.0
881.0
908.0
927.12
878.0
899.0
867.0
891.0
860.0
767.08
575.0
495.0
397.0
313.0
256.0
262.86
242.0
225.0
220.0
229.0
233.0
242.0
218.0
371.0
603.0
911.0
922.0
941.0
888.0
900.0
920.0
949.0
879.0
763.0
502.0
435.0
316.0
342.0
261.0
263.345
222.0
195.0
207.0
212.0
209.0
211.0
208.0
204.0
239.0
256.0
249.0
248.0
260.0
275.0
264.0
259.0
246.0
256.0
232.0
241.0
222.0
225.0
197.0
163.925
196.0
189.0
191.0
199.0
186.0
199.0
195.0
199.0
220.0
209.0
257.0
236.0
240.0
252.0
272.0
223.0
236.0
239.0
243.0
254.0
214.0
211.0
227.0
163.925
198.0
197.0
209.0
197.0
199.0
183.0
180.0
344.0
577.0
895.0
913.08
963.0
876.0
909.2
913.0
929.0
895.0
779.0
592.0
470.0
375.0
317.0
267.0
263.345
217.0
218.0
212.0
204.0
213.5
190.0
236.0
334.0
573.0
840.0
861.0
893.0
836.0
902.0
864.0
879.0
889.0
758.0
498.0
450.24
352.0
296.0
242.0
263.345
256.0
237.0
215.0
211.0
228.0
240.0
208.0
329.0
570.0
850.0
875.0
893.0
818.0
910.0
868.12
895.0
863.0
790.0
554.0
454.0
388.0
336.0
327.0
263.83
238.0
269.0
229.0
228.0
216.0
223.0
264.0
336.0
557.0
849.0
902.0
911.0
849.0
888.0
900.0
884.0
876.0
762.0
580.0
441.0
377.0
299.0
284.0
278.88
218.0
239.0
210.0
217.0
217.0
202.0
224.0
345.12
564.0
860.0
856.0
904.0
817.12
883.0
871.0
838.0
829.0
710.0
522.0
402.0
349.0
284.0
218.0
269.46500000000003
196.0
196.0
209.0
215.0
201.0
181.0
195.0
185.0
196.0
212.0
231.0
247.0
230.0
226.0
242.0
240.0
244.0
259.0
241.0
235.0
220.0
199.0
178.0
163.925
200.0
209.0
200.0
209.0
183.0
195.0
177.0
198.0
195.0
216.0
209.0
202.0
211.0
225.0
222.0
199.0
208.0
226.0
191.0
213.0
246.0
195.0
193.0
163.925
185.0
186.0
195.0
193.0
184.0
174.0
202.0
190.0
185.0
218.0
233.0
219.0
233.0
243.0
248.0
240.0
256.0
228.0
216.0
227.0
209.0
218.0
187.0
163.925
195.0
185.0
202.0
190.0
198.0
185.0
190.0
315.0
596.0
893.0
943.0
953.0
888.0
929.12
957.0
907.08
905.0
804.0
546.08
486.0
348.0
277.0
251.0
269.46500000000003
189.0
219.0
215.0
207.0
217.0
204.0
202.0
320.0
612.0
864.0
896.0
925.0
841.0
911.0
907.12
893.0
885.0
752.0
545.0
467.0
355.0
327.0
221.0
269.46500000000003
202.5
230.0
203.5
212.0
204.0
220.0
208.0
349.0
563.0
861.0
874.0
940.0
832.0
868.0
881.0
865.0
894.0
748.0
515.0
376.0
341.0
302.0
279.08
269.46500000000003
216.0
241.0
203.5
210.0
210.0
203.0
219.0
331.0
587.0
829.0
879.0
872.0
802.0
859.0
829.0
844.0
827.12
673.0
477.0
409.0
278.0
247.0
218.0
269.46500000000003
179.0
181.0
204.0
175.0
182.0
182.0
197.0
176.0
208.0
240.0
216.0
242.0
205.0
234.0
246.0
221.0
206.0
243.0
212.0
202.0
187.0
197.0
177.0
163.925
173.0
181.0
177.0
193.0
193.0
190.0
177.0
208.0
229.56
211.0
213.0
214.0
208.0
240.0
206.0
212.0
268.0
206.0
219.0
213.0
209.0
221.0
186.0
163.925
195.0
199.0
192.0
200.0
178.0
187.0
192.0
322.0
581.0
854.12
860.0
871.0
798.0
841.0
851.0
863.12
832.0
700.0
513.0
420.0
323.0
290.0
256.0
269.46500000000003
206.0
213.0
237.0
227.0
202.0
205.0
213.0
343.0
586.0
822.04
893.04
928.0
840.0
882.0
900.08
864.0
848.0
758.0
492.0
437.0
402.12
293.0
239.0
269.46500000000003
239.0
194.0
220.0
236.0
213.0
205.0
234.0
334.0
584.0
813.0
868.0
902.0
822.0
857.0
851.0
825.0
864.0
707.0
531.0
436.0
369.0
341.0
249.0
260.05
222.5
233.0
220.0
224.0
220.0
208.0
238.0
343.0
585.0
885.0
928.0
933.0
842.0
890.12
887.12
894.0
856.0
752.2
516.0
396.0
353.0
258.0
274.0
252.485
206.0
222.0
233.0
195.0
218.0
209.0
205.0
336.0
591.0
827.0
855.0
897.0
839.0
873.12
855.0
847.0
820.0
714.0
490.0
443.0
367.0
267.0
216.0
252.485
209.0
195.0
210.0
195.0
220.0
191.0
200.0
218.0
251.12
285.0
259.0
313.0
265.0
300.0
282.0
279.0
267.0
247.0
248.0
250.0
230.0
214.0
218.0
163.925
197.0
184.0
206.0
190.0
187.0
189.0
206.0
214.0
207.0
221.0
211.0
230.0
245.0
237.0
205.0
233.0
248.0
241.0
237.0
207.0
225.0
207.0
210.0
163.925
187.0
210.0
207.0
207.0
193.0
207.0
199.0
344.0
603.0
857.0
897.0
943.0
867.0
929.0
903.0
909.0
890.0
804.0
535.0
426.0
346.0
316.0
271.0
252.485
201.0
195.0
201.0
235.0
210.5
210.5
207.0
329.0
597.0
840.0
930.0
932.0
864.0
893.12
896.0
881.08
877.0
792.0
527.12
426.0
343.0
295.0
246.0
244.92
216.0
250.0
226.0
229.0
228.0
214.0
222.0
311.0
610.0
831.0
887.0
901.0
831.0
900.0
868.0
877.0
863.0
756.0
539.0
445.0
366.0
297.0
268.0
257.45
219.0
203.0
213.0
213.0
214.0
215.0
202.0
320.0
602.0
835.0
915.0
893.0
823.0
825.0
816.12
837.0
820.0
720.0
486.0
385.0
326.0
280.0
248.0
257.45
231.0
202.0
204.0
210.0
232.0
206.0
190.0
343.0
664.0
848.0
877.0
890.0
799.12
866.0
865.12
845.0
869.0
711.0
245.0
214.0
246.0
206.0
226.0
370.0
604.0
894.0
895.0
930.0
859.0
924.0
913.0
895.0
881.0
719.0
511.0
382.0
347.0
301.0
267.16
255.38
218.0
232.0
209.0
248.0
204.0
227.0
214.0
364.0
613.0
855.0
877.0
900.0
807.0
905.0
874.0
833.0
870.12
739.0
478.0
385.0
349.0
278.0
222.0
255.38
235.0
220.0
216.0
213.0
213.0
207.0
217.0
179.0
211.0
240.0
214.0
231.0
253.0
229.0
225.0
223.0
248.0
235.0
251.0
250.0
230.0
240.0
242.0
216.5
217.0
198.0
208.0
207.0
208.0
210.0
208.0
200.0
222.0
225.0
205.0
257.0
223.0
244.0
249.0
237.0
239.0
251.0
270.0
237.0
250.0
241.0
196.0
259.05
224.5
224.0
193.0
235.0
214.0
239.0
212.0
357.0
633.0
925.0
936.0
951.0
883.0
904.0
926.0
914.0
903.0
811.08
536.0
431.0
356.0
264.0
268.0
255.38
231.0
234.0
199.0
213.0
215.0
221.0
216.0
351.0
636.0
890.0
920.0
937.0
887.0
899.8
931.8
901.8
902.8
744.8
516.76
429.76
305.76
289.76
215.0
262.86
228.0
248.0
226.0
195.0
249.0
223.0
214.0
407.0
682.0
870.0
910.0
939.0
843.0
922.0
886.08
917.0
892.0
771.0
509.0
394.0
322.0
278.0
282.0
224.43
215.5
229.0
236.0
248.0
205.0
237.0
205.0
385.0
642.0
906.0
926.0
957.0
855.0
887.0
932.0
923.0
852.0
740.0
494.0
351.0
307.68
268.68
248.0
224.43
215.5
211.0
222.0
196.0
220.0
209.5
196.0
336.24
605.24
837.72
879.72
899.72
822.72
854.0
859.24
819.24
812.24
691.24
455.0
304.0
264.0
222.0
214.0
224.43
206.5
199.0
188.0
201.0
194.0
186.0
199.0
193.0
216.0
272.0
301.0
317.0
260.52
325.52
305.0
330.16
305.16
275.16
255.5
239.0
228.0
187.0
217.0
208.94
196.0
200.0
204.0
182.0
192.0
196.0
182.0
195.0
213.0
221.0
242.0
239.0
250.0
251.0
251.0
251.0
244.0
275.0
241.0
241.0
206.0
205.0
207.0
208.94
203.0
187.0
196.0
189.0
210.0
182.0
187.0
351.0
607.52
863.52
928.52
927.52
864.52
906.52
898.0
898.0
875.0
745.0
448.0
396.0
329.0
281.0
221.0
224.43
206.0
211.0
208.0
196.0
224.0
191.0
226.0
326.0
590.0
869.0
888.0
939.0
841.04
884.04
879.84
869.84
851.84
756.84
507.84
373.84
340.0
261.0
233.0
224.43
236.0
207.0
209.0
217.0
193.0
221.0
192.0
344.0
588.0
830.0
875.0
917.0
817.0
869.0
856.0
855.0
838.0
713.0
453.0
366.0
329.0
281.0
236.0
224.43
225.0
205.0
205.0
215.0
201.0
211.0
211.0
345.0
593.0
830.0
848.0
895.0
790.0
834.0
813.0
791.0
735.0
609.0
397.0
306.0
282.0
248.0
226.0
224.43
198.5
198.0
205.5
193.5
199.5
201.0
180.5
200.0
209.5
226.0
238.0
238.5
241.0
239.0
248.0
245.5
253.04
242.0
236.0
231.0
209.0
226.0
186.0
208.94
201.0
196.0
207.0
205.0
207.0
201.0
180.5
205.0
206.0
231.0
234.0
238.0
232.0
227.0
245.0
240.0
240.0
209.0
217.0
231.0
206.0
214.0
194.0
208.94
193.0
205.0
194.0
204.5
201.5
206.0
179.0
192.0
220.0
261.0
267.5
287.56
263.0
265.0
282.0
272.0
283.0
251.0
220.0
237.0
233.0
210.0
201.0
208.94
201.0
198.0
208.0
215.0
203.0
187.0
218.0
351.0
620.0
946.0
938.56
975.56
902.0
947.0
956.0
957.0
932.0
807.0
596.0
483.0
358.0
272.0
225.0
224.43
206.0
222.0
218.0
211.0
226.0
202.0
202.0
387.0
660.0
914.0
951.0
989.0
917.0
955.0
938.0
928.0
935.0
796.0
528.0
444.0
368.0
280.0
234.0
224.43
210.0
236.0
201.0
214.0
227.0
202.0
236.0
369.0
629.0
942.0
956.0
990.0
892.0
944.0
919.0
920.56
925.56
807.0
548.0
395.0
346.0
295.0
255.0
224.43
214.0
203.0
220.0
202.0
198.0
220.0
207.0
382.0
641.0
917.0
939.0
997.0
903.0
964.0
940.0
931.0
928.0
793.0
543.0
447.0
357.0
266.0
247.0
224.43
200.0
218.0
204.0
214.0
200.0
219.0
209.0
384.0
643.0
938.0
982.0
1019.0
891.0
949.0
944.0
897.0
902.0
778.0
534.0
391.0
345.04
278.04
246.0
224.43
210.0
205.0
210.0
204.0
196.0
216.0
197.0
201.0
219.0
273.0
301.0
284.0
275.0
298.0
291.0
311.0
278.0
264.0
252.0
230.0
224.0
215.0
182.0
208.94
204.0
201.0
191.0
189.0
202.0
199.0
190.0
188.0
200.0
242.0
250.0
282.0
290.0
270.0
282.0
253.0
289.0
261.0
263.0
223.0
229.0
221.0
205.0
208.94
213.0
200.0
209.0
212.0
201.5
210.0
196.0
367.0
623.0
943.0
984.0
1033.0
943.0
987.0
993.0
958.0
963.0
839.0
538.0
426.0
334.0
263.0
226.0
224.43
217.0
200.0
200.0
210.0
203.0
206.0
211.0
358.0
630.0
944.0
973.0
1030.0
944.0
993.0
986.0
956.0
960.0
807.0
563.0
449.0
327.0
284.0
252.0
224.43
224.0
207.0
196.0
226.0
202.0
203.0
225.0
360.0
647.0
933.0
954.0
1032.56
934.56
990.0
969.0
961.0
933.0
838.0
531.0
427.0
350.0
293.0
257.0
224.43
236.0
200.0
218.0
229.0
207.0
222.0
236.0
367.0
649.0
943.0
999.0
1041.0
942.0
962.0
957.0
927.0
949.0
786.0
564.0
457.0
362.0
272.0
249.0
224.43
215.0
207.0
207.0
211.0
202.0
213.0
206.0
369.0
650.0
925.0
978.0
1015.0
927.0
953.0
925.0
910.0
850.0
658.0
433.0
378.0
304.0
258.0
235.0
224.43
206.0
218.0
215.0
203.0
216.0
199.0
208.0
203.0
230.0
310.0
315.0
333.0
289.0
340.0
341.0
331.0
349.0
326.0
285.0
277.0
244.0
231.0
196.0
208.94
194.0
210.0
223.0
194.0
225.0
197.0
198.0
210.0
211.0
245.0
264.0
283.0
278.0
265.0
268.0
280.0
263.0
257.0
270.0
261.0
230.0
225.0
218.0
208.94
215.0
204.0
208.0
201.0
213.0
202.0
229.0
369.0
625.0
966.0
1004.0
1026.0
949.0
1001.0
956.0
970.0
945.0
826.0
594.0
445.0
364.0
294.0
236.0
224.43
228.0
213.0
221.0
219.0
213.0
214.0
240.0
381.0
638.0
945.0
950.0
994.0
910.0
988.0
992.0
971.0
946.0
825.0
556.0
466.0
388.0
293.0
273.0
224.43
224.0
235.0
202.0
229.0
200.0
222.0
235.0
383.0
620.0
939.0
965.0
1012.0
911.0
986.0
964.0
961.0
939.0
808.0
523.0
409.0
347.0
319.0
282.0
224.43
245.0
234.0
207.0
225.0
226.0
234.0
236.0
421.04
629.04
941.0
980.0
1030.0
940.0
921.0
950.0
933.0
916.0
764.0
600.0
486.0
381.0
305.0
242.0
224.43
207.0
218.0
212.0
221.0
207.0
199.0
239.0
388.0
640.0
948.0
944.0
989.0
887.0
938.0
932.0
921.0
899.0
737.0
496.0
401.0
353.0
268.0
229.0
224.43
216.0
204.0
218.0
214.0
197.0
216.0
204.0
198.0
266.0
339.56
361.56
362.0
323.0
342.0
357.0
354.0
358.0
327.0
264.0
243.0
237.0
234.0
220.0
208.94
215.0
213.0
219.0
208.0
213.0
192.0
217.0
201.0
242.0
341.0
330.0
378.0
324.0
352.0
366.0
345.0
355.0
361.0
280.0
252.0
227.0
202.0
173.0
208.94
176.0
178.0
211.0
212.0
171.0
188.0
193.0
352.0
545.0
960.0
1004.0
1040.0
926.0
975.0
973.0
982.0
965.0
856.0
619.0
463.0
315.0
261.0
250.0
224.43
201.0
207.0
210.0
203.0
205.0
202.0
229.0
372.0
654.0
879.0
975.0
997.0
920.0
937.0
930.0
925.0
904.0
742.0
486.0
422.0
342.0
269.0
236.0
224.43
202.0
205.0
208.0
202.0
207.0
198.0
229.0
349.0
657.0
946.0
999.0
1030.0
908.0
966.0
971.0
955.0
949.0
785.0
225.0
200.5
216.5
205.5
201.0
211.5
250.6
347.6
620.6
805.6
839.6
889.0
875.0
833.0
841.0
842.0
836.0
669.0
489.0
411.0
327.0
276.0
263.0
252.36
225.0
207.0
226.0
219.0
203.0
218.0
249.0
386.0
631.0
830.0
832.0
916.0
875.12
844.0
861.0
848.08
824.0
686.12
478.6
370.6
363.0
276.0
282.0
252.36
233.0
213.0
211.0
236.0
212.0
236.0
220.0
383.0
650.0
839.0
882.0
924.0
881.0
889.0
850.0
854.0
834.0
689.0
505.0
416.0
332.0
311.0
256.0
252.36
236.0
247.0
211.0
203.0
231.0
233.0
259.0
351.0
662.0
888.0
876.0
972.12
873.0
898.0
837.0
832.0
839.0
665.0
497.0
382.0
325.0
299.0
232.0
252.36
224.0
212.0
210.0
218.0
206.0
233.0
196.0
190.0
205.0
212.0
219.0
220.0
224.0
229.0
215.0
218.0
228.0
225.0
215.0
222.0
203.0
239.0
217.0
176.915
206.0
217.0
217.0
208.0
204.0
202.0
203.0
201.0
199.0
216.0
242.0
270.0
249.0
238.0
231.0
244.0
238.0
223.0
242.0
218.0
234.0
215.0
209.0
176.915
207.0
206.0
201.0
192.0
220.0
200.0
225.0
383.0
672.0
933.0
1000.0
1047.0
949.12
1006.0
953.0
959.0
928.0
790.0
563.0
434.0
393.0
320.0
278.0
252.36
232.0
236.0
250.0
231.0
230.0
223.0
239.0
389.0
680.0
940.0
966.12
1041.0
925.0
955.12
960.0
932.0
914.0
761.0
480.0
407.12
336.0
289.0
244.0
252.36
222.0
201.0
223.0
216.0
267.0
201.0
222.0
359.0
696.0
752.0
970.0
1028.0
982.0
897.0
930.0
932.0
945.0
804.0
564.08
392.0
400.0
313.0
266.0
252.36
228.0
232.0
212.0
226.0
234.0
251.0
204.0
338.0
625.0
933.0
940.0
1006.0
962.08
950.0
941.0
951.0
947.0
800.0
512.0
434.12
384.0
320.0
246.0
249.0
240.0
204.0
214.0
214.0
241.0
221.0
224.0
350.0
595.0
946.0
944.0
999.0
915.0
935.08
892.0
899.0
873.0
792.0
418.0
322.0
269.0
258.0
226.0
259.97
231.0
197.0
210.0
216.0
239.0
191.0
211.0
197.0
204.0
241.0
258.0
244.0
254.0
297.0
280.0
291.0
258.0
253.0
261.0
230.0
252.0
214.0
234.0
176.915
204.0
225.0
225.0
218.0
203.0
218.0
187.0
207.0
232.0
210.0
214.0
312.0
269.0
291.5
232.0
253.0
250.0
238.0
234.0
235.0
208.0
217.0
211.0
176.915
233.0
212.0
223.0
195.0
212.0
210.0
212.0
335.0
625.0
936.0
972.0
1061.0
995.0
1003.0
1029.0
976.0
980.12
808.0
535.0
392.0
306.0
287.0
280.0
259.97
237.0
234.0
232.0
218.0
209.0
211.0
223.0
370.0
614.0
936.12
992.0
1025.12
968.0
994.0
968.0
952.0
995.0
846.0
542.0
444.0
357.0
309.0
246.0
259.97
237.0
219.0
246.0
223.0
217.0
220.0
213.0
360.0
637.0
915.0
949.0
1032.06
972.0
954.0
953.12
959.0
917.0
799.0
515.12
434.0
344.0
333.0
249.0
259.97
241.0
227.0
227.0
206.0
224.0
210.0
222.0
356.0
618.0
927.0
988.0
1039.0
969.0
966.12
997.0
980.12
960.0
852.0
568.0
410.0
358.0
296.0
268.0
259.97
268.0
222.0
237.0
233.0
226.0
229.0
205.0
372.0
597.0
919.0
953.0
1026.0
939.0
978.0
970.0
926.08
919.0
813.0
464.0
360.0
360.0
252.0
249.0
259.97
200.0
205.0
221.0
213.0
219.0
205.0
218.0
221.0
238.0
248.0
272.0
269.0
275.0
286.0
283.0
275.0
270.0
259.0
252.0
253.0
225.0
216.0
239.0
176.915
212.0
211.0
210.0
250.0
186.0
202.0
197.0
200.0
204.0
221.0
231.0
265.0
256.0
250.0
260.6
272.6
261.0
247.0
247.0
223.0
218.0
220.0
189.0
176.915
176.0
187.0
216.0
180.0
177.0
185.0
197.0
333.0
626.0
836.12
961.5
1062.0
971.0
984.0
995.0
953.08
962.0
837.0
575.0
448.0
377.0
300.0
279.0
259.97
232.0
205.0
257.0
216.0
216.0
202.0
230.0
357.0
648.0
919.0
970.0
1055.5
950.12
984.0
1035.0
962.0
936.24
856.0
601.0
474.0
376.0
311.0
262.0
270.94
239.0
247.0
247.0
236.0
222.0
226.0
244.0
375.0
643.0
958.0
953.12
1049.0
964.0
969.0
987.24
985.0
945.0
812.0
600.0
399.0
409.0
343.0
257.0
262.93
239.0
239.0
257.0
226.0
238.0
233.0
221.0
384.0
639.0
953.0
963.0
1048.0
950.0
993.0
949.0
968.0
964.0
825.12
597.0
478.0
381.0
316.0
285.0
262.93
248.0
249.0
226.0
244.0
231.0
222.0
245.0
375.0
650.0
935.0
971.0
1058.0
951.08
984.0
969.0
949.0
963.0
793.0
599.0
409.0
332.0
287.0
289.0
262.93
202.0
198.0
200.0
208.0
222.0
194.0
190.0
203.0
226.0
239.0
242.0
260.0
259.0
264.0
283.0
244.0
268.0
247.0
214.0
230.0
243.0
201.0
212.0
176.915
191.0
206.0
218.0
195.0
218.5
196.5
199.0
209.0
221.5
223.0
253.04
314.16
305.16
254.4
275.48
262.48
268.84
262.84
239.5
232.5
248.0
214.0
196.0
176.915
196.0
217.0
191.0
202.0
215.0
208.0
208.0
359.0
654.0
931.0
1018.0
1024.0
952.0
1014.0
986.0
990.0
941.0
817.0
527.0
432.0
351.0
290.0
308.0
254.92
224.0
241.0
227.0
237.0
210.0
248.0
230.0
402.0
630.0
970.0
992.0
1048.12
991.0
999.0
994.0
967.0
977.0
834.0
606.0
449.0
437.0
299.0
267.0
253.41
258.0
204.0
229.0
225.0
209.0
232.0
217.0
381.0
674.0
944.12
1013.0
1051.7199999999998
974.0
1056.0
1004.12
988.0
978.0
848.0
571.0
429.0
421.0
321.0
277.0
253.41
227.0
238.0
218.0
236.0
216.0
216.0
248.0
385.0
688.0
911.0
980.0
1051.7199999999998
958.0
1003.0
963.08
958.0
951.0
845.0
566.08
439.0
373.0
321.0
266.0
253.41
216.0
220.0
239.0
228.0
226.0
206.0
232.0
388.0
666.0
940.0
962.0
1051.7199999999998
946.68
973.68
999.12
948.0
909.0
805.0
488.0
359.0
337.0
275.0
245.0
253.41
202.0
203.0
205.0
213.0
215.0
199.0
208.0
215.0
221.5
223.0
264.08
243.08
311.64
255.7
268.74
279.04
246.04
232.0
239.5
232.5
248.0
204.5
231.0
176.915
200.0
200.0
181.0
190.0
197.0
216.0
196.0
205.0
217.0
207.0
239.0
272.0
318.12
257.0
262.0
243.0
264.0
221.0
265.0
235.0
253.0
195.0
215.0
176.915
188.0
224.0
195.0
197.0
204.0
187.0
185.0
369.0
632.0
950.32
1007.32
1055.32
959.0
1006.4
973.4
994.4
967.52
843.4
585.12
426.0
474.0
309.0
258.0
253.41
231.0
211.0
227.0
241.0
217.0
223.0
240.0
350.0
625.8
957.32
1002.32
1048.12
964.12
989.12
955.44
978.44
934.44
865.44
583.44
446.64
357.0
318.0
276.0
253.41
223.5
206.0
225.0
236.5
235.0
231.0
219.0
376.0
642.0
923.0
957.0
1049.0
934.0
969.08
959.08
942.12
900.0
842.0
520.0
431.0
356.0
290.0
258.0
251.9
216.0
201.0
223.0
232.0
211.0
214.0
212.0
376.0
663.0
909.0
952.0
1045.0
937.0
948.0
971.24
924.0
906.0
812.0
512.0
364.0
343.0
317.0
253.0
249.905
217.0
211.0
194.0
213.0
195.0
214.0
206.0
342.0
599.0
905.0
929.0
1030.0
956.0
954.0
913.0
903.0
884.0
773.0
507.0
362.0
315.0
255.0
237.0
249.905
194.0
192.0
205.0
195.0
197.0
204.0
189.5
213.0
212.0
255.0
285.0
270.52
251.52
286.0
267.0
243.0
252.0
246.0
245.0
221.0
211.0
217.0
202.0
176.915
216.0
201.0
200.0
186.0
189.0
192.0
183.0
196.0
189.0
219.0
224.0
291.0
284.0
241.0
242.0
251.0
268.0
255.0
226.0
241.0
229.0
231.0
208.0
176.915
185.0
193.0
188.0
193.0
202.0
185.0
212.0
350.0
637.0
972.0
928.0
1048.0
959.0
959.12
990.0
946.0
191.0
226.0
326.0
590.0
869.0
888.0
939.0
841.04
884.04
879.84
869.84
851.84
756.84
507.84
373.84
340.0
261.0
233.0
224.43
236.0
207.0
209.0
217.0
193.0
221.0
192.0
344.0
588.0
830.0
875.0
917.0
817.0
869.0
856.0
855.0
838.0
713.0
453.0
366.0
329.0
281.0
236.0
224.43
225.0
205.0
205.0
215.0
201.0
211.0
211.0
345.0
593.0
830.0
848.0
895.0
790.0
834.0
813.0
791.0
735.0
609.0
397.0
306.0
282.0
248.0
226.0
224.43
198.5
198.0
205.5
193.5
199.5
201.0
180.5
200.0
209.5
226.0
238.0
238.5
241.0
239.0
248.0
245.5
253.04
242.0
236.0
231.0
209.0
226.0
186.0
208.94
201.0
196.0
207.0
205.0
207.0
201.0
180.5
205.0
206.0
231.0
234.0
238.0
232.0
227.0
245.0
240.0
240.0
209.0
217.0
231.0
206.0
214.0
194.0
208.94
193.0
205.0
194.0
204.5
201.5
206.0
179.0
192.0
220.0
261.0
267.5
287.56
263.0
265.0
282.0
272.0
283.0
251.0
220.0
237.0
233.0
210.0
201.0
208.94
201.0
198.0
208.0
215.0
203.0
187.0
218.0
351.0
620.0
946.0
938.56
975.56
902.0
947.0
956.0
957.0
932.0
807.0
596.0
483.0
358.0
272.0
225.0
224.43
206.0
222.0
218.0
211.0
226.0
202.0
202.0
387.0
660.0
914.0
951.0
989.0
917.0
955.0
938.0
928.0
935.0
796.0
528.0
444.0
368.0
280.0
234.0
224.43
210.0
236.0
201.0
214.0
227.0
202.0
236.0
369.0
629.0
942.0
956.0
990.0
892.0
944.0
919.0
920.56
925.56
807.0
548.0
395.0
346.0
295.0
255.0
224.43
214.0
203.0
220.0
202.0
198.0
220.0
207.0
382.0
641.0
917.0
939.0
997.0
903.0
964.0
940.0
931.0
928.0
793.0
543.0
447.0
357.0
266.0
247.0
224.43
200.0
218.0
204.0
214.0
200.0
219.0
209.0
384.0
643.0
938.0
982.0
1019.0
891.0
949.0
944.0
897.0
902.0
778.0
534.0
391.0
345.04
278.04
246.0
224.43
210.0
205.0
210.0
204.0
196.0
216.0
197.0
201.0
219.0
273.0
301.0
284.0
275.0
298.0
291.0
311.0
278.0
264.0
252.0
230.0
224.0
215.0
182.0
208.94
204.0
201.0
191.0
189.0
202.0
199.0
190.0
188.0
200.0
242.0
250.0
282.0
290.0
270.0
282.0
253.0
289.0
261.0
263.0
223.0
229.0
221.0
205.0
208.94
213.0
200.0
209.0
212.0
201.5
210.0
196.0
367.0
623.0
943.0
984.0
1033.0
943.0
987.0
993.0
958.0
963.0
839.0
538.0
426.0
334.0
263.0
226.0
224.43
217.0
200.0
200.0
210.0
203.0
206.0
211.0
358.0
630.0
944.0
973.0
1030.0
944.0
993.0
986.0
956.0
960.0
807.0
563.0
449.0
327.0
284.0
252.0
224.43
224.0
207.0
196.0
226.0
202.0
203.0
225.0
360.0
647.0
933.0
954.0
1032.56
934.56
990.0
969.0
961.0
933.0
838.0
531.0
427.0
350.0
293.0
257.0
224.43
236.0
200.0
218.0
229.0
207.0
222.0
236.0
367.0
649.0
943.0
999.0
1041.0
942.0
962.0
957.0
927.0
949.0
786.0
564.0
457.0
362.0
272.0
249.0
224.43
215.0
207.0
207.0
211.0
202.0
213.0
206.0
369.0
650.0
925.0
978.0
1015.0
927.0
953.0
925.0
910.0
850.0
658.0
433.0
378.0
304.0
258.0
235.0
224.43
206.0
218.0
215.0
203.0
216.0
199.0
208.0
203.0
230.0
310.0
315.0
333.0
289.0
340.0
341.0
331.0
349.0
326.0
285.0
277.0
244.0
231.0
196.0
208.94
194.0
210.0
223.0
194.0
225.0
197.0
198.0
210.0
211.0
245.0
264.0
283.0
278.0
265.0
268.0
280.0
263.0
257.0
270.0
261.0
230.0
225.0
218.0
208.94
215.0
204.0
208.0
201.0
213.0
202.0
229.0
369.0
625.0
966.0
1004.0
1026.0
949.0
1001.0
956.0
970.0
945.0
826.0
594.0
445.0
364.0
294.0
236.0
224.43
228.0
213.0
221.0
219.0
213.0
214.0
240.0
381.0
638.0
945.0
950.0
994.0
910.0
988.0
992.0
971.0
946.0
825.0
556.0
466.0
388.0
293.0
273.0
224.43
224.0
235.0
202.0
229.0
200.0
222.0
235.0
383.0
620.0
939.0
965.0
1012.0
911.0
986.0
964.0
961.0
939.0
808.0
523.0
409.0
347.0
319.0
282.0
224.43
245.0
234.0
207.0
225.0
226.0
234.0
236.0
421.04
629.04
941.0
980.0
1030.0
940.0
921.0
950.0
933.0
916.0
764.0
600.0
486.0
381.0
305.0
242.0
224.43
207.0
218.0
212.0
221.0
207.0
199.0
239.0
388.0
640.0
948.0
944.0
989.0
887.0
938.0
932.0
921.0
899.0
737.0
496.0
401.0
353.0
268.0
229.0
224.43
216.0
204.0
218.0
214.0
197.0
216.0
204.0
198.0
266.0
339.56
361.56
362.0
323.0
342.0
357.0
354.0
358.0
327.0
264.0
243.0
237.0
234.0
220.0
208.94
215.0
213.0
219.0
208.0
213.0
192.0
217.0
201.0
242.0
341.0
330.0
378.0
324.0
352.0
366.0
345.0
355.0
361.0
280.0
252.0
227.0
202.0
173.0
208.94
176.0
178.0
211.0
212.0
171.0
188.0
193.0
352.0
545.0
960.0
1004.0
1040.0
926.0
975.0
973.0
982.0
965.0
856.0
619.0
463.0
315.0
261.0
250.0
224.43
201.0
207.0
210.0
203.0
205.0
202.0
229.0
372.0
654.0
879.0
975.0
997.0
920.0
937.0
930.0
925.0
904.0
742.0
486.0
422.0
342.0
269.0
236.0
224.43
202.0
205.0
208.0
202.0
207.0
198.0
229.0
349.0
657.0
946.0
999.0
1030.0
908.0
966.0
971.0
955.0
949.0
785.0
526.0
407.0
337.0
267.0
221.0
224.43
200.0
213.0
203.0
203.0
220.0
205.0
233.0
347.0
639.0
917.0
982.0
1005.0
899.0
958.0
921.0
938.0
907.0
759.0
470.0
376.0
340.0
299.0
245.0
224.43
223.0
231.0
222.0
204.0
233.0
217.0
225.0
387.0
625.0
941.0
877.0
866.0
825.0
831.0
821.0
805.0
781.0
631.0
493.0
396.0
276.0
251.0
247.0
224.43
227.0
215.0
220.0
202.0
213.0
214.0
207.0
207.0
296.0
393.0
394.0
405.0
354.0
392.0
400.0
402.0
374.0
337.0
246.0
230.0
224.0
214.0
201.0
208.94
183.0
199.0
178.0
186.0
174.0
186.0
172.0
195.0
224.0
329.56
345.56
347.0
338.0
344.0
323.0
322.0
335.0
269.0
241.0
238.0
221.0
213.0
210.0
208.94
206.0
190.0
196.0
196.0
204.0
196.0
232.0
343.0
717.0
849.0
869.0
918.0
859.0
872.0
872.0
858.0
851.0
706.0
480.0
352.0
301.0
277.0
235.0
224.43
203.0
184.0
196.0
188.0
202.0
190.0
209.0
373.0
565.0
829.0
839.0
879.0
842.0
836.0
799.0
824.0
766.0
650.0
448.0
325.0
291.0
266.0
235.0
224.43
235.0
221.0
227.0
209.0
236.0
209.0
249.0
368.0
586.0
766.0
790.0
835.0
799.0
798.0
784.0
781.0
737.0
570.0
414.0
323.0
289.0
258.0
261.0
224.43
220.0
208.0
228.0
205.0
218.0
226.0
218.0
377.0
557.0
739.04
753.04
763.0
738.0
704.0
670.0
682.0
649.0
534.0
376.0
293.0
232.0
217.0
230.0
224.43
205.0
195.0
217.0
197.0
218.0
188.0
216.0
327.0
492.0
612.0
657.0
659.0
656.0
645.0
608.0
578.0
561.0
469.0
332.0
283.0
200.0
192.0
183.0
224.43
189.0
177.0
206.0
189.0
196.0
185.0
189.0
291.0
388.0
502.0
489.0
469.0
449.0
371.0
302.0
218.0
194.0
164.0
172.0
162.0
168.0
167.0
156.0
224.43
161.0
160.0
161.0
170.0
161.0
161.0
152.0
161.0
142.0
150.0
150.0
146.0
164.0
148.0
153.0
152.0
150.0
143.0
180.0
161.0
173.0
159.0
155.0
208.94
144.56
160.56
161.0
170.0
162.0
158.0
152.0
151.0
136.6
148.6
155.0
164.0
153.0
147.0
154.0
141.0
161.0
158.0
172.0
150.0
168.0
782.6
767.6
765.52
743.52
653.52
501.52
376.52
288.52
251.52
210.5
193.96
171.45
187.0
175.5
194.0
200.0
184.0
195.0
300.6
522.6
760.6
792.6
848.0
746.0
793.0
785.0
806.0
780.0
646.0
408.0
303.0
272.0
244.0
207.0
193.96
171.45
178.0
166.0
194.0
172.0
165.0
190.0
277.0
529.0
774.0
790.0
856.0
746.0
813.0
812.0
810.0
795.0
686.0
449.0
349.0
311.0
277.0
227.0
193.96
171.45
203.0
193.0
202.0
193.0
157.0
191.5
303.0
529.0
814.0
808.24
851.6
734.6
799.6
796.0
791.0
766.0
636.96
369.16
313.16
274.64
268.58000000000004
218.0
193.96
161.8
187.5
167.24
188.0
164.0
172.5
153.0
166.5
187.0
218.5
236.0
263.0
220.5
271.8
239.5
250.8
264.8
225.0
211.0
186.0
203.0
187.0
178.0
172.425
157.4
179.0
175.0
188.0
168.0
183.0
150.0
156.0
179.0
181.0
216.0
205.0
209.0
221.0
219.0
204.0
213.0
195.0
195.0
210.0
192.0
187.0
178.0
180.01
163.9
193.0
169.98
175.98
165.99
149.0
193.0
283.0
502.0
764.0
783.0
862.0
766.0
794.0
807.0
786.0
767.16
639.16
445.16
375.16
328.16
260.16
222.0
193.96
164.95
183.0
184.0
184.0
179.0
180.0
187.0
288.0
519.0
796.0
776.0
840.0
769.0
787.0
813.0
788.0
766.0
671.0
474.0
367.0
300.0
263.0
226.0
193.96
164.95
180.0
202.0
167.0
197.0
189.0
201.0
298.0
526.0
784.0
786.0
876.0
734.0
797.0
813.0
785.0
795.0
660.0
456.0
316.0
296.0
251.0
230.0
223.0
164.95
201.0
185.0
202.0
190.0
186.0
214.0
290.0
524.0
775.0
809.0
850.0
747.0
815.0
812.68
799.68
785.68
688.0
475.52
352.52
284.0
238.0
222.5
246.315
164.95
193.0
176.0
190.5
182.5
175.5
199.0
304.88
527.0
778.0
786.0
861.0
738.0
819.0
803.0
793.0
774.0
669.0
385.0
300.0
250.0
225.0
215.0
246.315
157.4
187.0
175.0
180.0
182.0
175.0
160.0
172.0
216.0
285.0
302.0
280.0
251.0
288.0
283.0
283.0
288.0
243.0
197.0
186.0
195.0
175.0
176.0
179.95499999999996
157.4
166.0
162.0
175.0
167.0
167.0
168.0
160.0
197.0
270.52
264.52
267.0
260.0
264.0
251.0
254.0
256.0
226.0
197.0
189.0
198.0
172.0
179.0
179.9
166.0
185.0
167.0
179.0
175.0
165.0
184.0
297.0
488.0
811.0
822.0
889.0
776.0
809.0
834.0
798.0
809.0
673.0
428.0
351.0
295.0
259.0
231.0
246.315
416.92
414.92
412.92
413.92
408.92
415.92
426.92
455.92
516.92
554.92
546.92
594.92
590.92
545.92
539.92
544.92
788.0
673.0
416.16
402.16
289.0
259.0
242.0
246.315
217.0
184.0
196.0
204.0
186.0
200.0
200.0
308.0
512.0
775.0
801.0
851.0
776.0
813.0
775.0
765.0
745.0
568.0
372.0
275.0
236.0
185.0
185.0
246.315
153.0
158.0
171.0
154.0
154.0
161.0
154.0
148.0
162.0
179.0
168.0
213.0
187.0
167.0
152.0
151.0
170.0
144.0
152.0
178.0
152.0
148.0
171.0
149.9
152.0
158.0
148.0
160.0
159.0
146.0
143.0
155.0
155.0
160.0
230.0
241.0
245.0
196.0
185.0
208.0
179.0
167.0
179.0
172.5
168.0
161.0
157.0
162.9
150.0
157.0
162.0
141.0
164.0
151.0
144.0
142.0
160.0
192.0
193.0
199.0
181.0
192.0
205.0
208.0
185.0
175.0
173.0
167.0
168.0
166.0
153.0
155.85
171.0
152.0
145.0
164.0
159.0
159.0
190.0
286.0
511.0
780.0
774.0
775.0
704.0
769.0
759.0
765.0
750.0
628.0
475.0
335.0
280.0
230.0
204.0
246.315
182.0
183.0
176.0
180.04
179.0
168.0
199.0
306.0
531.0
810.0
833.0
872.0
798.0
832.0
831.0
839.0
804.0
688.0
445.0
340.04
322.04
245.0
231.0
246.315
194.0
192.0
192.0
184.0
199.0
177.0
214.0
282.0
491.0
812.0
832.56
898.56
791.56
831.56
825.8
812.16
802.32
683.08
567.08
415.56
356.56
253.32
227.0
246.315
190.0
189.0
196.5
181.0
196.5
176.5
206.0
310.28
530.28
807.28
838.28
907.04
808.04
865.04
840.04
832.04
799.04
696.0
424.0
323.0
291.0
240.0
224.0
246.315
197.5
189.0
196.5
181.0
196.5
176.0
198.0
285.0
526.0
806.0
822.0
882.0
783.0
827.24
826.24
808.24
798.24
691.04
488.04
359.0
318.0
260.0
238.0
246.315
205.0
186.0
201.0
178.0
194.0
177.0
209.0
278.0
527.0
824.0
835.0
904.0
818.32
859.32
838.32
855.0
813.0
712.0
484.32
369.32
284.32
227.0
215.0
246.315
173.5
164.5
169.5
165.0
171.0
158.0
155.01999999999995
154.0
189.0
228.5
207.5
205.0
201.0
207.0
217.5
219.0
252.8
226.0
198.0
198.0
179.5
186.5
169.5
163.38
173.5
164.5
169.5
165.0
171.0
158.0
166.04
166.0
189.0
228.5
222.0
211.0
221.0
222.0
230.0
230.0
216.0
226.0
198.0
198.0
191.0
207.0
186.0
163.38
232.34
179.0
203.0
180.0
201.0
177.0
195.0
298.0
510.0
817.0
868.0
918.0
829.0
874.52
855.52
837.0
807.0
680.0
448.0
378.0
290.0
245.0
228.0
246.315
259.68
252.68
258.68
236.72
257.68
249.68
257.2
340.2
514.68
782.68
788.68
859.68
774.68
785.68
776.68
767.68
739.68
664.68
483.68
411.68
357.68
318.68
288.68
269.63
307.44
281.44
286.44
293.44
274.44
295.44
289.44
365.44
514.44
712.44
766.44
852.44
748.44
765.44
758.44
742.44
727.44
674.44
465.44
398.44
344.44
324.44
311.44
286.76
212.0
204.0
207.0
183.0
209.0
192.0
209.0
317.0
539.0
837.0
859.0
952.0
811.0
854.0
854.0
831.0
835.0
715.0
490.0
368.0
326.0
273.0
243.0
231.32
210.5
199.0
219.0
215.0
207.0
221.0
218.0
321.0
557.0
825.52
862.52
926.0
821.0
876.44
870.44
882.44
862.44
715.44
430.44
318.44
279.44
279.84000000000003
236.0
231.32
173.5
164.5
169.5
165.0
171.0
158.0
173.51999999999995
168.0
218.0
265.0
292.0
307.0
292.0
280.0
272.0
282.0
280.0
277.0
223.0
229.0
186.0
193.0
192.0
163.38
173.5
164.5
169.5
165.0
171.0
158.0
173.51999999999995
168.0
212.0
279.0
292.0
303.5
265.5
299.5
290.5
291.5
297.5
280.5
223.0
211.0
190.0
194.0
182.0
163.38
210.5
201.0
212.0
198.5
202.5
202.5
203.0
289.72
479.68
736.68
791.68
852.68
779.68
812.68
809.68
762.68
776.68
662.68
425.68
355.68
302.68
286.68
263.68
231.32
210.5
201.0
212.0
198.5
202.5
202.5
203.0
291.52
520.52
750.52
791.52
849.52
769.52
807.52
801.52
786.52
779.52
685.52
484.52
387.52
328.52
257.52
253.84
231.32
210.5
201.0
212.0
198.5
202.5
202.5
203.0
264.0
514.0
800.0
818.0
895.0
784.0
835.0
819.0
812.0
785.0
698.0
453.0
340.0
300.0
264.0
244.0
231.32
209.0
203.0
205.0
182.0
198.0
184.0
188.0
292.0
506.0
820.0
833.0
923.0
847.0
873.0
849.0
844.0
821.0
717.0
504.0
434.0
345.0
256.0
234.0
231.32
217.0
217.0
200.0
196.0
201.0
193.0
201.0
322.0
580.0
831.0
862.0
934.0
817.0
880.0
854.56
816.56
814.0
703.0
424.0
322.0
274.0
216.0
204.0
175.88
197.0
172.0
177.0
189.0
178.0
165.0
181.0
170.0
206.0
293.0
292.0
300.0
239.0
319.0
309.0
301.0
315.0
284.0
223.0
193.0
194.0
195.0
172.0
163.38
189.0
168.0
172.0
189.0
165.0
164.0
178.0
179.0
186.0
242.0
232.0
251.0
218.0
257.0
237.0
258.0
251.0
231.0
219.0
206.0
199.0
212.0
189.0
170.91
185.0
173.0
185.0
179.0
181.0
178.0
183.0
328.0
570.0
843.0
878.0
951.0
841.0
898.0
880.0
883.0
873.0
732.0
482.0
366.0
321.0
274.0
234.0
209.41
203.0
208.0
197.0
204.0
186.0
248.0
272.0
269.0
275.0
286.0
283.0
275.0
270.0
259.0
252.0
253.0
225.0
216.0
239.0
176.915
212.0
211.0
210.0
250.0
186.0
202.0
197.0
200.0
204.0
221.0
231.0
265.0
256.0
250.0
260.6
272.6
261.0
247.0
247.0
223.0
218.0
220.0
189.0
176.915
176.0
187.0
216.0
180.0
177.0
185.0
197.0
333.0
626.0
836.12
961.5
1062.0
971.0
984.0
995.0
953.08
962.0
837.0
575.0
448.0
377.0
300.0
279.0
259.97
232.0
205.0
257.0
216.0
216.0
202.0
230.0
357.0
648.0
919.0
970.0
1055.5
950.12
984.0
1035.0
962.0
936.24
856.0
601.0
474.0
376.0
311.0
262.0
270.94
239.0
247.0
247.0
236.0
222.0
226.0
244.0
375.0
643.0
958.0
953.12
1049.0
964.0
969.0
987.24
985.0
945.0
812.0
600.0
399.0
409.0
343.0
257.0
262.93
239.0
239.0
257.0
226.0
238.0
233.0
221.0
384.0
639.0
953.0
963.0
1048.0
950.0
993.0
949.0
968.0
964.0
825.12
597.0
478.0
381.0
316.0
285.0
262.93
248.0
249.0
226.0
244.0
231.0
222.0
245.0
375.0
650.0
935.0
971.0
1058.0
951.08
984.0
969.0
949.0
963.0
793.0
599.0
409.0
332.0
287.0
289.0
262.93
202.0
198.0
200.0
208.0
222.0
194.0
190.0
203.0
226.0
239.0
242.0
260.0
259.0
264.0
283.0
244.0
268.0
247.0
214.0
230.0
243.0
201.0
212.0
176.915
191.0
206.0
218.0
195.0
218.5
196.5
199.0
209.0
221.5
223.0
253.04
314.16
305.16
254.4
275.48
262.48
268.84
262.84
239.5
232.5
248.0
214.0
196.0
176.915
196.0
217.0
191.0
202.0
215.0
208.0
208.0
359.0
654.0
931.0
1018.0
1024.0
952.0
1014.0
986.0
990.0
941.0
817.0
527.0
432.0
351.0
290.0
308.0
254.92
224.0
241.0
227.0
237.0
210.0
248.0
230.0
402.0
630.0
970.0
992.0
1048.12
991.0
999.0
994.0
967.0
977.0
834.0
606.0
449.0
437.0
299.0
267.0
253.41
258.0
204.0
229.0
225.0
209.0
232.0
217.0
381.0
674.0
944.12
1013.0
1051.7199999999998
974.0
1056.0
1004.12
988.0
978.0
848.0
571.0
429.0
421.0
321.0
277.0
253.41
227.0
238.0
218.0
236.0
216.0
216.0
248.0
385.0
688.0
911.0
980.0
1051.7199999999998
958.0
1003.0
963.08
958.0
951.0
845.0
566.08
439.0
373.0
321.0
266.0
253.41
216.0
220.0
239.0
228.0
226.0
206.0
232.0
388.0
666.0
940.0
962.0
1051.7199999999998
946.68
973.68
999.12
948.0
909.0
805.0
488.0
359.0
337.0
275.0
245.0
253.41
202.0
203.0
205.0
213.0
215.0
199.0
208.0
215.0
221.5
223.0
264.08
243.08
311.64
255.7
268.74
279.04
246.04
232.0
239.5
232.5
248.0
204.5
231.0
176.915
200.0
200.0
181.0
190.0
197.0
216.0
196.0
205.0
217.0
207.0
239.0
272.0
318.12
257.0
262.0
243.0
264.0
221.0
265.0
235.0
253.0
195.0
215.0
176.915
188.0
224.0
195.0
197.0
204.0
187.0
185.0
369.0
632.0
950.32
1007.32
1055.32
959.0
1006.4
973.4
994.4
967.52
843.4
585.12
426.0
474.0
309.0
258.0
253.41
231.0
211.0
227.0
241.0
217.0
223.0
240.0
350.0
625.8
957.32
1002.32
1048.12
964.12
989.12
955.44
978.44
934.44
865.44
583.44
446.64
357.0
318.0
276.0
253.41
223.5
206.0
225.0
236.5
235.0
231.0
219.0
376.0
642.0
923.0
957.0
1049.0
934.0
969.08
959.08
942.12
900.0
842.0
520.0
431.0
356.0
290.0
258.0
251.9
216.0
201.0
223.0
232.0
211.0
214.0
212.0
376.0
663.0
909.0
952.0
1045.0
937.0
948.0
971.24
924.0
906.0
812.0
512.0
364.0
343.0
317.0
253.0
249.905
217.0
211.0
194.0
213.0
195.0
214.0
206.0
342.0
599.0
905.0
929.0
1030.0
956.0
954.0
913.0
903.0
884.0
773.0
507.0
362.0
315.0
255.0
237.0
249.905
194.0
192.0
205.0
195.0
197.0
204.0
189.5
213.0
212.0
255.0
285.0
270.52
251.52
286.0
267.0
243.0
252.0
246.0
245.0
221.0
211.0
217.0
202.0
176.915
216.0
201.0
200.0
186.0
189.0
192.0
183.0
196.0
189.0
219.0
224.0
291.0
284.0
241.0
242.0
251.0
268.0
255.0
226.0
241.0
229.0
231.0
208.0
176.915
185.0
193.0
188.0
193.0
202.0
185.0
212.0
350.0
637.0
972.0
928.0
1048.0
959.0
959.12
990.0
946.0
935.0
823.0
531.0
477.16
362.0
316.0
245.0
249.905
273.24
203.5
256.24
199.0
280.24
197.0
216.5
349.24
609.24
787.24
978.0
1044.0
945.0
967.0
990.0
961.0
914.0
817.0
565.0
423.0
349.0
288.0
242.0
249.905
234.62
214.0
245.0
205.0
218.0
209.0
221.0
361.0
671.0
929.0
997.0
1063.0
956.0
967.0
974.0
955.0
922.0
808.0
522.0
427.0
387.0
310.0
239.0
249.905
234.62
214.0
228.0
215.0
213.0
211.0
225.0
394.0
677.0
940.0
979.0
1062.24
956.0
948.0
951.0
949.16
960.0
815.0
492.0
395.0
344.12
292.0
244.0
249.905
234.62
238.0
197.0
206.5
213.0
199.0
217.0
367.0
646.0
944.0
932.0
1029.0
904.0
1000.0
940.0
939.0
895.0
810.0
487.0
330.0
312.0
279.0
225.0
249.905
205.0
218.0
185.0
191.0
173.0
186.0
194.0
208.0
204.0
273.0
297.0
296.0
298.0
295.0
299.0
299.0
298.0
264.0
244.0
231.0
224.0
223.0
200.0
176.915
193.0
206.0
182.0
203.0
174.0
190.0
188.0
167.0
192.0
230.0
208.0
244.0
270.0
234.0
240.0
258.0
232.0
241.0
229.0
228.0
241.0
217.0
207.0
176.915
196.0
196.0
197.0
198.0
215.0
183.0
202.0
349.0
591.0
894.0
920.0
992.0
950.0
987.12
945.0
929.0
881.0
792.0
543.0
432.0
297.0
283.12
240.0
249.905
233.0
213.0
196.0
232.0
212.0
205.0
219.0
356.0
590.0
931.0
931.0
1040.0
946.0
989.0
996.12
960.0
952.0
855.0
567.0
455.0
356.0
291.0
248.0
249.905
218.0
231.0
227.0
218.0
228.0
220.0
255.0
378.0
622.0
950.0
998.0
1057.52
956.52
1009.0
970.0
934.0
937.0
798.0
482.0
436.0
361.0
292.0
279.0
249.905
238.0
203.0
214.0
220.0
217.0
246.0
213.0
374.0
641.0
930.0
945.0
1039.12
939.0
954.0
983.0
935.0
952.0
830.0
578.0
430.0
389.0
338.0
258.0
247.91
246.0
230.0
208.0
221.0
209.0
235.0
240.0
364.0
624.0
958.12
965.12
1018.0
972.0
950.0
941.0
980.0
923.0
812.0
498.0
432.0
361.0
325.0
246.0
251.385
207.0
242.0
204.0
204.0
209.0
188.0
221.0
245.0
228.0
260.0
286.0
284.0
251.0
315.0
276.0
300.0
288.0
257.0
257.0
246.0
238.0
225.0
218.0
176.915
221.0
233.0
198.0
186.0
212.0
199.0
190.0
216.0
223.0
208.0
217.0
292.0
268.0
241.0
220.0
217.0
242.0
231.0
211.0
228.0
241.0
221.0
215.0
176.915
202.0
199.0
211.0
215.0
199.0
188.0
215.0
345.0
691.0
965.0
1001.12
1021.64
952.0
991.0
996.0
972.08
951.0
810.0
552.12
459.0
407.0
335.0
268.0
251.385
219.5
222.5
215.5
228.5
205.5
191.0
243.28
399.28
653.28
910.28
951.28
1025.28
949.28
970.28
947.0
945.12
915.0
796.0
532.0
463.0
367.0
313.0
270.0
254.86
237.0
246.0
220.0
242.0
212.0
191.0
220.64
411.0
664.0
928.0
917.0
1003.12
922.0
949.0
933.0
936.08
900.0
745.0
453.0
401.0
298.0
288.0
222.0
258.545
204.0
211.0
205.0
192.0
216.0
213.0
190.0
222.0
201.0
226.0
214.0
295.0
280.0
224.0
259.0
234.0
223.0
238.0
204.0
242.0
211.0
212.0
184.0
176.915
211.0
188.0
183.0
199.0
194.0
170.0
193.0
187.0
241.0
251.0
216.0
324.0
309.0
253.0
232.0
228.0
261.0
225.5
213.0
216.0
209.0
190.0
195.0
176.915
199.0
265.0
268.805
244.76
264.56
236.94
229.44
226.44
239.44
257.68
380.88
616.88
857.88
915.88
890.88
845.36
839.49
862.88
822.89
864.88
811.88
615.89
504.6
379.6
348.61
326.6
292.48
258.52
259.22
236.94
229.44
226.44
239.44
256.88
363.56
585.6
812.8
878.8
883.8
809.8
832.8
824.8
864.8
843.8
766.8
611.8
506.8
405.8
314.8
317.8
296.07
250.28
253.88
264.88
269.88
252.88
252.88
251.88
376.88
575.88
839.88
839.88
896.28
806.28
837.28
801.28
847.28
821.88
731.08
503.76
450.76
341.76
324.08
292.88
255.89
205.0
213.5
206.5
196.5
203.0
203.5
205.0
208.0
258.52
297.52
318.52
375.0
322.0
337.04
340.04
368.04
345.04
320.0
266.0
258.0
224.0
210.0
220.0
216.5
205.0
213.5
206.5
196.5
203.0
203.5
205.0
208.0
242.76
254.76
282.56
298.56
289.56
292.56
307.56
283.56
312.56
275.56
249.0
249.0
227.0
216.0
205.5
216.5
281.72
307.92
278.96
292.96
275.96
295.96
259.96
360.96
540.96
784.96
850.96
859.96
790.96
856.96
852.96
828.96
833.96
790.04
632.96
566.96
444.96
334.96
336.96
324.86
269.86
231.0
251.48
260.48
245.98
250.98
242.48
327.0
620.0
907.0
928.0
957.0
905.0
940.0
957.0
950.0
897.0
827.0
590.0
485.0
423.0
344.0
298.0
291.44
258.0
219.0
224.0
228.0
216.0
206.0
225.0
379.0
606.0
913.0
912.0
960.0
886.0
948.0
906.0
918.0
894.0
768.0
568.0
409.0
360.0
284.0
254.0
291.44
264.0
210.0
216.0
213.0
232.0
203.0
238.0
379.0
607.0
864.0
906.0
935.0
854.0
865.0
895.0
864.0
853.0
760.0
533.0
414.0
351.52
270.52
270.0
258.02
234.5
207.0
229.0
210.0
213.5
208.0
249.76
340.0
645.0
819.0
889.0
915.0
891.0
899.0
850.0
858.0
878.76
727.76
491.76
354.76
294.52
278.52
204.0
252.96
204.0
209.0
214.0
196.0
200.0
203.0
185.0
199.0
227.0
212.0
229.0
228.0
233.0
207.0
246.0
214.0
225.0
243.0
232.0
240.0
230.0
222.0
191.0
216.5
221.0
203.0
206.0
197.0
194.0
197.0
191.0
207.0
177.0
232.0
234.0
260.0
255.0
236.0
253.0
271.0
253.0
291.0
266.0
263.0
240.0
256.0
233.0
216.5
205.0
210.0
207.0
207.0
195.0
213.0
199.0
338.0
632.0
916.0
977.0
991.0
906.0
922.0
946.0
909.0
882.0
760.0
549.0
426.0
373.0
274.0
288.0
247.9
477.28
476.28
475.28
475.28
474.28
476.28
486.28
524.28
600.28
658.28
663.28
699.28
711.28
683.28
640.28
677.28
676.28
626.28
577.28
429.0
356.0
280.0
273.0
255.38
262.0
220.0
233.0
221.0
220.0
230.0
247.0
375.0
602.0
882.0
922.0
994.0
890.0
929.0
900.0
881.0
898.0
748.0
483.0
407.0
366.0
300.0
290.0
255.38
252.0
231.0
245.0
214.0
246.0
206.0
226.0
370.0
604.0
894.0
895.0
930.0
859.0
924.0
913.0
895.0
881.0
719.0
511.0
382.0
347.0
301.0
267.16
255.38
218.0
232.0
209.0
248.0
204.0
227.0
214.0
364.0
613.0
855.0
877.0
900.0
807.0
905.0
874.0
833.0
870.12
739.0
478.0
385.0
349.0
278.0
222.0
255.38
235.0
220.0
216.0
213.0
213.0
207.0
217.0
179.0
211.0
240.0
214.0
231.0
253.0
229.0
225.0
223.0
248.0
235.0
251.0
250.0
230.0
240.0
242.0
216.5
217.0
198.0
208.0
207.0
208.0
210.0
208.0
200.0
222.0
225.0
205.0
257.0
223.0
244.0
249.0
237.0
239.0
251.0
270.0
237.0
250.0
241.0
196.0
259.05
224.5
224.0
193.0
235.0
214.0
239.0
212.0
357.0
633.0
925.0
936.0
951.0
883.0
904.0
926.0
914.0
903.0
811.08
536.0
431.0
356.0
264.0
268.0
255.38
231.0
234.0
199.0
213.0
215.0
221.0
216.0
351.0
636.0
890.0
920.0
937.0
887.0
899.8
931.8
901.8
902.8
744.8
516.76
429.76
305.76
289.76
215.0
262.86
228.0
248.0
226.0
195.0
249.0
223.0
214.0
407.0
682.0
870.0
910.0
939.0
843.0
922.0
886.08
917.0
892.0
771.0
509.0
394.0
322.0
278.0
282.0
224.43
215.5
229.0
236.0
248.0
205.0
237.0
205.0
385.0
642.0
906.0
926.0
957.0
855.0
887.0
932.0
923.0
852.0
740.0
494.0
351.0
307.68
268.68
248.0
224.43
215.5
211.0
222.0
196.0
220.0
209.5
196.0
336.24
605.24
837.72
879.72
899.72
822.72
854.0
859.24
819.24
812.24
691.24
455.0
304.0
264.0
222.0
214.0
224.43
206.5
199.0
188.0
201.0
194.0
186.0
199.0
193.0
216.0
272.0
301.0
317.0
260.52
325.52
305.0
330.16
305.16
275.16
255.5
239.0
228.0
187.0
217.0
208.94
196.0
200.0
204.0
182.0
192.0
196.0
182.0
195.0
213.0
221.0
242.0
239.0
250.0
251.0
251.0
251.0
244.0
275.0
241.0
241.0
206.0
205.0
207.0
208.94
203.0
187.0
196.0
189.0
210.0
182.0
187.0
351.0
607.52
863.52
928.52
927.52
864.52
906.52
898.0
898.0
875.0
745.0
448.0
396.0
329.0
281.0
221.0
224.43
206.0
211.0
208.0
196.0
224.0
191.0
226.0
326.0
590.0
869.0
888.0
939.0
841.04
884.04
879.84
869.84
851.84
756.84
507.84
373.84
340.0
261.0
233.0
224.43
236.0
207.0
209.0
217.0
193.0
221.0
192.0
344.0
588.0
830.0
875.0
917.0
817.0
869.0
856.0
855.0
838.0
713.0
453.0
366.0
329.0
281.0
236.0
224.43
225.0
205.0
205.0
215.0
201.0
211.0
211.0
345.0
593.0
830.0
848.0
895.0
790.0
834.0
813.0
791.0
735.0
609.0
397.0
306.0
282.0
248.0
226.0
224.43
198.5
198.0
205.5
193.5
199.5
201.0
180.5
200.0
209.5
226.0
238.0
238.5
241.0
239.0
248.0
245.5
253.04
242.0
236.0
231.0
209.0
226.0
186.0
208.94
201.0
196.0
207.0
205.0
207.0
201.0
180.5
205.0
206.0
231.0
234.0
238.0
232.0
227.0
245.0
240.0
240.0
209.0
217.0
231.0
206.0
214.0
194.0
208.94
193.0
205.0
194.0
204.5
201.5
206.0
179.0
192.0
220.0
261.0
267.5
287.56
263.0
265.0
282.0
272.0
283.0
251.0
220.0
237.0
233.0
210.0
201.0
208.94
201.0
198.0
208.0
215.0
203.0
187.0
218.0
351.0
620.0
946.0
938.56
975.56
902.0
947.0
956.0
957.0
932.0
807.0
596.0
483.0
358.0
272.0
225.0
224.43
206.0
222.0
218.0
211.0
226.0
202.0
202.0
387.0
660.0
914.0
951.0
989.0
917.0
955.0
938.0
928.0
935.0
796.0
528.0
444.0
368.0
280.0
234.0
224.43
210.0
236.0
201.0
214.0
227.0
202.0
236.0
369.0
629.0
942.0
956.0
990.0
892.0
944.0
919.0
920.56
925.56
807.0
548.0
395.0
346.0
295.0
255.0
224.43
214.0
203.0
220.0
202.0
198.0
220.0
207.0
382.0
641.0
917.0
939.0
997.0
903.0
964.0
940.0
931.0
928.0
793.0
543.0
447.0
357.0
266.0
247.0
224.43
200.0
218.0
204.0
214.0
200.0
219.0
209.0
384.0
643.0
938.0
982.0
1019.0
891.0
949.0
944.0
897.0
902.0
778.0
534.0
391.0
345.04
278.04
246.0
224.43
210.0
205.0
210.0
204.0
196.0
216.0
197.0
201.0
219.0
273.0
301.0
284.0
275.0
298.0
291.0
311.0
278.0
264.0
252.0
230.0
224.0
215.0
182.0
208.94
204.0
201.0
191.0
189.0
202.0
199.0
190.0
188.0
200.0
242.0
250.0
282.0
290.0
270.0
282.0
253.0
289.0
261.0
263.0
223.0
229.0
221.0
205.0
208.94
213.0
200.0
209.0
212.0
201.5
210.0
196.0
367.0
623.0
943.0
984.0
1033.0
943.0
987.0
993.0
958.0
963.0
839.0
538.0
426.0
334.0
263.0
226.0
224.43
217.0
200.0
200.0
210.0
203.0
206.0
211.0
358.0
630.0
944.0
973.0
1030.0
944.0
993.0
393.0
394.0
405.0
354.0
392.0
400.0
402.0
374.0
337.0
246.0
230.0
224.0
214.0
201.0
208.94
183.0
199.0
178.0
186.0
174.0
186.0
172.0
195.0
224.0
329.56
345.56
347.0
338.0
344.0
323.0
322.0
335.0
269.0
241.0
238.0
221.0
213.0
210.0
208.94
206.0
190.0
196.0
196.0
204.0
196.0
232.0
343.0
717.0
849.0
869.0
918.0
859.0
872.0
872.0
858.0
851.0
706.0
480.0
352.0
301.0
277.0
235.0
224.43
203.0
184.0
196.0
188.0
202.0
190.0
209.0
373.0
565.0
829.0
839.0
879.0
842.0
836.0
799.0
824.0
766.0
650.0
448.0
325.0
291.0
266.0
235.0
224.43
235.0
221.0
227.0
209.0
236.0
209.0
249.0
368.0
586.0
766.0
790.0
835.0
799.0
798.0
784.0
781.0
737.0
570.0
414.0
323.0
289.0
258.0
261.0
224.43
220.0
208.0
228.0
205.0
218.0
226.0
218.0
377.0
557.0
739.04
753.04
763.0
738.0
704.0
670.0
682.0
649.0
534.0
376.0
293.0
232.0
217.0
230.0
224.43
205.0
195.0
217.0
197.0
218.0
188.0
216.0
327.0
492.0
612.0
657.0
659.0
656.0
645.0
608.0
578.0
561.0
469.0
332.0
283.0
200.0
192.0
183.0
224.43
189.0
177.0
206.0
189.0
196.0
185.0
189.0
291.0
388.0
502.0
489.0
469.0
449.0
371.0
302.0
218.0
194.0
164.0
172.0
162.0
168.0
167.0
156.0
224.43
161.0
160.0
161.0
170.0
161.0
161.0
152.0
161.0
142.0
150.0
150.0
146.0
164.0
148.0
153.0
152.0
150.0
143.0
180.0
161.0
173.0
159.0
155.0
208.94
144.56
160.56
161.0
170.0
162.0
158.0
152.0
151.0
136.6
148.6
155.0
164.0
153.0
147.0
154.0
141.0
161.0
158.0
172.0
150.0
168.0
167.0
147.0
158.83
175.0
149.0
165.0
160.0
157.0
166.0
148.0
141.0
158.0
155.0
139.0
148.0
160.0
164.0
155.04
152.04
157.0
168.0
158.0
166.0
152.0
181.0
155.0
161.81
149.0
181.0
156.0
150.0
170.0
167.0
143.0
153.0
149.0
180.0
143.0
159.0
154.0
168.0
156.0
154.0
165.0
150.0
158.0
162.0
165.0
156.0
165.0
147.81
156.0
155.0
173.0
156.0
156.0
158.0
148.0
155.0
147.0
160.0
166.0
146.0
159.5
153.0
153.0
164.0
153.0
166.0
161.0
159.0
163.0
156.0
156.0
173.88
157.0
153.0
173.0
145.0
170.0
153.0
154.0
170.0
139.0
166.0
145.0
148.0
165.0
152.0
207.28
165.0
156.0
155.0
160.0
177.0
161.0
157.0
157.0
165.89
154.0
170.0
148.0
166.0
154.56
158.56
144.0
155.0
161.0
158.0
140.0
156.0
216.0
157.0
207.28
167.0
179.0
168.0
175.0
181.0
164.0
171.0
172.0
151.85
173.0
159.0
158.0
165.0
158.0
160.04
168.04
280.0
483.0
608.0
636.0
659.0
659.0
625.0
617.0
596.0
558.52
466.52
291.0
263.56
213.0
221.0
183.5
224.43
204.0
181.0
177.0
179.5
218.0
236.0
193.52
330.52
596.0
792.0
817.0
873.0
803.0
814.0
817.0
796.0
801.0
646.0
362.0
292.0
258.0
228.0
211.0
224.43
182.0
203.0
196.0
194.0
185.0
216.0
219.0
346.0
648.0
884.08
909.08
938.0
852.0
881.0
883.0
887.0
859.0
710.0
388.0
301.0
259.0
228.0
188.0
224.43
195.0
185.0
204.0
184.0
219.0
185.0
205.0
399.92
626.92
877.84
918.84
926.84
837.84
912.84
877.0
889.76
868.76
737.76
458.76
351.8
294.8
261.76
221.5
224.43
199.5
207.5
194.0
205.5
212.5
221.0
227.0
366.0
653.0
892.0
915.0
949.0
834.0
895.0
875.0
871.0
851.0
728.0
445.0
335.0
321.0
260.0
255.0
224.43
204.0
230.0
184.0
227.0
206.0
213.0
219.0
366.0
633.0
901.0
913.0
948.0
838.0
902.0
895.0
859.0
847.0
686.0
417.56
360.56
285.0
221.0
224.0
224.43
200.0
178.0
206.0
187.0
198.0
190.0
189.0
181.0
194.0
245.0
247.0
243.0
267.0
232.0
261.56
197.0
266.0
208.0
218.0
221.0
211.0
202.0
202.0
157.34
198.5
201.5
216.0
198.0
211.5
203.0
174.0
182.0
186.0
218.0
214.0
246.0
244.0
222.0
232.0
227.0
215.0
227.0
218.0
204.0
207.0
195.0
185.0
157.34
203.0
185.0
188.0
218.0
195.5
186.0
216.0
343.0
620.0
934.0
954.0
1006.0
876.0
968.0
952.0
939.0
920.0
751.0
510.0
373.0
302.0
230.0
216.0
224.43
201.0
192.0
204.0
209.0
185.0
197.0
220.0
378.0
669.0
942.0
970.0
975.0
888.0
922.0
924.0
919.0
915.0
767.0
509.0
414.0
366.0
286.0
240.0
224.43
228.0
207.0
228.0
208.0
233.0
207.0
229.0
350.0
655.0
890.0
902.0
934.0
859.0
909.0
912.0
887.0
891.0
764.0
533.0
426.0
344.0
267.0
229.0
224.43
223.5
217.0
214.0
207.5
223.0
206.0
230.5
333.48
544.49
903.0
950.0
977.0
880.0
924.0
916.0
925.0
910.0
768.0
586.0
443.0
357.0
254.0
255.0
224.43
223.5
227.0
200.0
207.0
213.0
205.0
232.0
373.0
671.0
941.04
947.04
984.0
878.0
956.0
934.0
922.0
912.0
749.0
545.0
409.0
314.0
279.0
245.0
224.43
198.5
225.0
226.0
209.0
225.0
210.5
182.5
206.0
256.0
299.0
313.0
310.0
271.0
311.0
304.0
303.0
300.0
261.0
250.0
258.0
246.0
221.0
212.0
157.34
198.5
219.0
204.0
218.0
210.0
218.0
182.5
200.0
235.0
255.0
271.0
273.0
281.0
260.0
268.52
270.52
247.0
263.0
241.0
227.0
227.0
198.0
205.0
157.34
219.0
206.0
190.0
191.0
209.0
201.0
231.0
352.0
637.0
910.0
941.0
964.0
848.0
924.0
887.0
908.0
882.0
718.0
463.0
373.0
305.0
246.0
219.0
224.43
198.0
202.0
200.0
192.0
193.0
197.0
230.0
358.0
630.0
904.0
937.0
964.0
857.0
900.0
914.0
907.0
885.0
734.0
449.0
364.0
307.0
255.0
251.0
224.43
209.0
194.0
190.0
211.0
198.0
191.0
229.0
361.0
658.0
882.0
909.0
943.0
829.0
889.0
884.0
890.0
840.0
710.0
446.0
391.0
317.0
279.0
240.0
224.43
202.0
207.0
190.0
221.0
186.0
190.0
234.0
343.0
625.0
838.0
888.0
924.0
799.0
851.0
857.0
854.0
837.0
696.0
445.0
369.0
273.6
277.0
205.0
224.43
197.0
195.0
206.0
196.0
184.0
199.0
191.0
194.0
225.0
254.0
258.0
264.0
249.0
251.0
267.0
255.0
237.0
249.0
225.0
213.0
197.0
220.0
184.0
157.34
193.0
185.0
186.0
205.0
178.0
192.0
193.0
174.0
183.0
241.0
214.0
217.0
244.0
218.0
249.0
225.0
241.0
233.0
216.0
201.0
222.0
191.0
190.5
157.34
195.0
189.0
186.0
189.0
190.5
191.5
197.0
353.0
632.0
894.0
924.0
957.0
878.0
921.0
909.0
889.0
891.0
729.0
563.0
408.0
336.0
275.0
233.0
224.43
204.0
198.0
195.0
199.0
195.0
193.0
219.0
363.0
614.0
881.0
933.0
929.0
843.0
880.0
865.0
844.0
816.0
678.0
423.0
333.0
295.0
281.0
222.0
224.43
209.0
200.0
202.0
220.0
185.0
203.0
215.0
353.0
664.0
898.0
915.0
962.0
845.0
896.0
892.0
917.0
887.0
708.0
490.0
399.0
342.0
276.0
245.0
224.43
189.0
214.0
201.0
215.0
202.0
194.0
221.5
343.56
658.0
904.0
943.0
981.0
889.0
934.0
911.0
905.0
885.0
750.0
532.0
444.0
332.0
256.0
214.0
224.43
205.0
205.0
198.0
201.5
219.0
196.0
228.0
351.0
640.0
892.0
898.0
926.0
853.0
890.0
880.0
868.0
857.0
704.0
520.0
383.0
270.0
239.0
199.0
224.43
184.0
197.0
184.0
182.0
189.0
189.0
166.0
186.0
205.0
264.0
258.0
278.0
270.08
316.08
314.0
302.0
310.0
241.0
230.0
224.0
223.0
221.0
197.0
157.34
205.0
159.0
192.5
203.0
199.0
200.0
209.5
208.5
204.5
210.5
187.0
197.0
185.0
187.0
174.0
166.0
160.385
168.9
181.0
175.0
154.0
171.0
165.0
159.52
173.5
164.0
207.0
234.0
201.0
226.0
219.0
229.0
223.0
209.0
210.0
193.0
186.0
187.0
174.0
182.0
160.385
152.0
184.0
160.0
162.0
180.0
150.0
184.0
271.0
498.52
771.52
757.0
812.0
723.0
784.0
765.0
760.0
770.0
645.52
399.52
343.0
291.0
249.0
229.0
193.96
158.5
177.0
175.0
165.0
174.0
162.0
199.0
255.0
499.0
737.0
734.0
788.0
671.32
743.32
729.32
747.0
721.0
628.0
442.48
352.48
273.48
245.5
217.0
193.96
158.5
188.0
180.0
168.0
190.0
180.0
190.0
284.0
480.52
742.52
749.52
803.52
699.52
767.52
739.0
746.0
734.0
617.0
429.0
350.0
265.0
242.0
204.0
193.96
158.5
185.5
180.0
168.0
192.0
174.0
196.5
282.48
431.48
647.48
682.84
822.0
706.0
783.0
770.0
779.0
762.0
651.0
482.0
386.0
320.0
255.0
223.0
193.96
158.5
183.0
185.0
171.0
194.0
168.0
203.0
283.0
520.0
745.0
789.0
816.04
734.04
773.0
765.0
779.0
740.0
636.0
429.0
330.0
276.0
227.0
197.0
193.96
168.9
177.0
172.0
173.0
177.0
166.0
165.0
183.0
204.0
279.0
281.0
284.0
260.0
266.0
289.0
278.0
267.0
249.0
223.0
207.0
200.0
194.0
192.0
164.84
168.9
196.0
164.0
196.0
160.0
162.0
156.0
177.0
195.0
256.0
256.0
246.0
232.0
260.0
260.0
263.0
268.0
205.0
205.0
211.0
184.0
202.0
170.0
172.425
165.0
176.0
185.0
168.0
174.0
173.0
181.0
275.0
484.0
777.0
796.56
848.56
736.0
805.0
784.0
776.0
791.0
661.0
459.0
373.0
290.0
247.0
214.0
193.96
179.0
196.0
185.0
186.0
184.0
184.0
200.0
297.0
509.52
775.52
771.6
816.6
727.6
782.6
767.6
765.52
743.52
653.52
501.52
376.52
288.52
251.52
210.5
193.96
171.45
187.0
175.5
194.0
200.0
184.0
195.0
300.6
522.6
760.6
792.6
848.0
746.0
793.0
785.0
806.0
780.0
646.0
408.0
303.0
272.0
244.0
207.0
193.96
171.45
178.0
166.0
194.0
172.0
165.0
190.0
277.0
529.0
774.0
790.0
856.0
746.0
813.0
812.0
810.0
795.0
686.0
449.0
349.0
311.0
277.0
227.0
193.96
171.45
203.0
193.0
202.0
193.0
157.0
191.5
303.0
529.0
814.0
808.24
851.6
734.6
799.6
796.0
791.0
766.0
636.96
369.16
313.16
274.64
268.58000000000004
218.0
193.96
161.8
187.5
167.24
188.0
164.0
172.5
153.0
166.5
187.0
218.5
236.0
263.0
220.5
271.8
239.5
250.8
264.8
225.0
211.0
186.0
203.0
187.0
178.0
172.425
157.4
179.0
175.0
188.0
168.0
183.0
150.0
156.0
179.0
181.0
216.0
205.0
209.0
221.0
219.0
204.0
213.0
195.0
195.0
210.0
192.0
187.0
178.0
180.01
163.9
193.0
169.98
175.98
165.99
149.0
193.0
283.0
502.0
764.0
783.0
862.0
766.0
794.0
807.0
786.0
767.16
639.16
445.16
375.16
328.16
260.16
222.0
193.96
164.95
183.0
184.0
184.0
179.0
180.0
187.0
288.0
519.0
796.0
776.0
840.0
769.0
787.0
813.0
788.0
766.0
671.0
474.0
367.0
300.0
263.0
226.0
193.96
164.95
180.0
202.0
167.0
197.0
189.0
201.0
298.0
526.0
784.0
786.0
876.0
734.0
797.0
813.0
785.0
795.0
660.0
456.0
316.0
296.0
251.0
230.0
223.0
164.95
201.0
185.0
202.0
190.0
186.0
214.0
290.0
524.0
775.0
809.0
850.0
747.0
815.0
812.68
799.68
785.68
688.0
475.52
352.52
284.0
238.0
222.5
246.315
164.95
193.0
176.0
190.5
182.5
175.5
199.0
304.88
527.0
778.0
786.0
861.0
738.0
819.0
803.0
793.0
774.0
669.0
385.0
300.0
250.0
225.0
215.0
246.315
157.4
187.0
175.0
180.0
182.0
175.0
160.0
172.0
216.0
285.0
302.0
280.0
251.0
288.0
283.0
283.0
288.0
243.0
197.0
186.0
195.0
175.0
176.0
179.95499999999996
157.4
166.0
162.0
175.0
167.0
167.0
168.0
160.0
197.0
270.52
264.52
267.0
260.0
264.0
251.0
254.0
256.0
226.0
197.0
189.0
198.0
172.0
179.0
179.9
166.0
185.0
167.0
179.0
175.0
165.0
184.0
297.0
488.0
811.0
822.0
889.0
776.0
809.0
834.0
798.0
809.0
673.0
428.0
351.0
295.0
259.0
231.0
246.315
416.92
414.92
412.92
413.92
408.92
415.92
426.92
455.92
516.92
554.92
546.92
594.92
590.92
545.92
539.92
544.92
788.0
673.0
416.16
402.16
289.0
259.0
242.0
246.315
217.0
184.0
196.0
204.0
186.0
200.0
200.0
308.0
512.0
775.0
801.0
851.0
776.0
813.0
775.0
765.0
745.0
568.0
372.0
275.0
236.0
185.0
185.0
246.315
153.0
158.0
171.0
154.0
154.0
161.0
154.0
148.0
162.0
179.0
168.0
213.0
187.0
167.0
152.0
151.0
170.0
144.0
152.0
178.0
152.0
148.0
171.0
149.9
152.0
158.0
148.0
160.0
159.0
146.0
143.0
155.0
155.0
160.0
230.0
241.0
245.0
196.0
185.0
208.0
179.0
167.0
179.0
172.5
168.0
161.0
157.0
162.9
150.0
157.0
162.0
141.0
164.0
151.0
144.0
142.0
160.0
192.0
193.0
199.0
181.0
192.0
205.0
208.0
185.0
175.0
173.0
167.0
168.0
166.0
153.0
155.85
171.0
152.0
145.0
164.0
159.0
159.0
190.0
286.0
511.0
780.0
774.0
775.0
704.0
769.0
759.0
765.0
750.0
628.0
475.0
335.0
280.0
230.0
204.0
246.315
182.0
183.0
176.0
180.04
179.0
168.0
199.0
306.0
531.0
810.0
833.0
872.0
798.0
832.0
831.0
839.0
804.0
688.0
445.0
340.04
322.04
245.0
231.0
246.315
194.0
192.0
192.0
184.0
199.0
177.0
214.0
282.0
491.0
812.0
832.56
898.56
791.56
831.56
825.8
812.16
802.32
683.08
567.08
415.56
356.56
253.32
227.0
246.315
190.0
189.0
196.5
181.0
196.5
176.5
206.0
310.28
530.28
807.28
838.28
907.04
808.04
865.04
840.04
832.04
799.04
696.0
424.0
323.0
291.0
240.0
224.0
246.315
197.5
189.0
196.5
181.0
196.5
176.0
198.0
285.0
526.0
806.0
822.0
882.0
783.0
827.24
826.24
808.24
798.24
691.04
488.04
359.0
318.0
260.0
238.0
246.315
205.0
186.0
201.0
178.0
194.0
177.0
209.0
278.0
527.0
824.0
835.0
904.0
818.32
859.32
838.32
855.0
813.0
712.0
484.32
369.32
284.32
227.0
215.0
246.315
173.5
164.5
169.5
165.0
171.0
158.0
155.01999999999995
154.0
189.0
228.5
207.5
205.0
201.0
207.0
217.5
219.0
252.8
226.0
198.0
198.0
179.5
186.5
169.5
163.38
173.5
164.5
169.5
165.0
171.0
158.0
166.04
166.0
189.0
228.5
222.0
211.0
221.0
222.0
230.0
230.0
216.0
226.0
198.0
198.0
191.0
207.0
186.0
163.38
232.34
179.0
203.0
180.0
201.0
177.0
195.0
298.0
510.0
817.0
868.0
918.0
829.0
874.52
855.52
837.0
807.0
680.0
448.0
378.0
290.0
245.0
228.0
246.315
259.68
252.68
258.68
236.72
257.68
249.68
257.2
340.2
514.68
782.68
788.68
859.68
774.68
785.68
776.68
767.68
739.68
664.68
483.68
411.68
357.68
318.68
288.68
269.63
307.44
281.44
286.44
293.44
274.44
295.44
289.44
365.44
514.44
712.44
766.44
852.44
748.44
765.44
758.44
742.44
727.44
674.44
465.44
398.44
344.44
324.44
311.44
286.76
212.0
204.0
207.0
183.0
209.0
192.0
209.0
317.0
539.0
837.0
859.0
952.0
811.0
854.0
854.0
831.0
835.0
715.0
490.0
368.0
326.0
273.0
243.0
231.32
210.5
199.0
219.0
215.0
207.0
221.0
218.0
321.0
557.0
825.52
862.52
926.0
821.0
876.44
870.44
882.44
862.44
715.44
430.44
318.44
279.44
279.84000000000003
236.0
231.32
400.0
321.0
261.0
234.0
224.43
207.0
205.0
219.0
204.0
199.0
200.5
226.5
366.0
608.0
855.0
851.0
910.0
819.0
860.0
860.0
838.0
851.0
715.0
452.0
384.0
334.0
279.0
236.0
224.43
211.0
207.0
213.0
186.0
214.0
201.0
192.0
200.0
231.0
280.0
299.0
304.0
285.0
320.0
307.0
316.0
291.0
257.0
242.0
224.0
220.0
226.0
189.0
157.34
186.5
194.5
186.5
182.0
200.5
204.0
176.0
179.0
215.0
240.0
233.0
252.0
238.0
244.0
266.0
239.0
253.0
245.0
236.0
218.0
222.0
217.0
193.0
157.34
207.0
207.0
192.0
188.0
199.0
200.5
226.5
334.56
571.0
853.0
866.0
904.0
839.0
874.0
886.0
885.0
872.0
763.32
493.32
383.32
341.0
284.0
250.0
224.43
207.0
205.0
184.5
193.0
199.0
200.5
210.0
352.0
649.0
850.0
934.0
948.0
825.0
889.52
898.52
886.52
861.52
745.0
479.0
328.0
292.08
271.08
223.0
224.43
207.0
203.0
177.0
198.0
193.0
190.0
214.0
337.0
574.0
878.0
909.52
950.52
829.0
894.0
875.0
887.0
865.0
731.0
459.0
356.0
312.0
262.0
208.0
186.0
207.0
200.0
186.5
193.5
196.5
185.0
190.0
320.0
551.0
852.0
875.0
931.0
805.0
880.0
873.0
880.0
872.0
723.0
513.0
387.0
314.0
282.0
223.0
180.94
214.0
197.0
196.0
189.0
200.0
201.0
190.0
343.0
593.0
831.0
904.0
928.0
812.0
858.0
850.0
860.0
839.0
724.0
508.0
360.0
289.0
238.0
231.0
180.94
186.5
194.5
186.5
178.0
187.0
160.0
159.0
174.0
214.0
290.0
262.0
269.0
238.0
285.0
273.0
285.0
271.0
244.0
197.0
177.0
189.0
164.0
182.0
162.83
162.0
182.0
160.0
172.0
175.0
154.0
152.0
159.0
181.0
245.0
263.0
286.0
234.0
289.0
284.0
266.0
268.0
251.0
216.0
193.0
230.0
203.0
206.0
164.365
160.0
183.0
151.0
161.04
180.04
188.5
170.0
292.0
509.0
839.0
827.0
859.0
746.0
837.0
815.56
811.56
826.0
685.0
457.0
378.0
321.0
254.0
235.0
180.94
191.0
168.0
188.0
171.0
165.0
176.0
182.0
283.0
532.0
801.0
833.0
839.0
740.0
806.0
797.0
813.0
806.0
669.0
437.0
388.0
327.0
260.0
240.0
180.94
188.0
176.0
168.0
184.0
178.0
187.0
178.0
303.0
550.0
790.0
824.0
851.0
724.0
817.0
812.0
785.0
785.0
659.0
412.0
338.0
295.0
246.0
236.0
180.94
171.0
174.0
173.0
173.0
171.0
170.0
181.0
283.0
510.0
814.0
831.0
858.0
757.0
816.0
809.0
800.0
784.0
678.0
443.0
361.0
306.0
274.0
249.0
180.94
194.0
177.0
160.0
182.0
161.0
159.0
184.0
275.0
514.0
803.0
801.0
860.0
739.0
795.0
787.0
751.0
761.0
631.0
460.0
318.0
255.0
230.0
202.0
180.94
163.5
162.0
179.0
168.5
148.0
174.0
152.0
158.0
170.0
184.0
194.0
204.0
197.0
210.0
199.0
215.0
186.0
183.0
172.0
194.5
196.0
174.0
164.0
165.9
165.0
162.0
159.0
165.0
154.0
158.0
151.0
165.0
161.0
170.0
173.0
194.0
170.0
172.0
195.0
184.0
189.0
184.0
170.0
196.0
174.0
170.0
144.0
165.87
162.0
168.5
153.0
156.0
164.0
150.0
159.0
160.0
143.0
171.0
196.0
204.0
188.0
189.5
209.0
200.0
203.0
196.5
185.5
186.5
183.5
174.2
158.5
164.39
192.0
178.5
172.0
174.2
166.0
162.5
158.2
261.2
432.2
628.2
819.0
808.0
707.0
825.0
785.0
790.0
760.0
668.0
461.0
356.0
286.0
232.0
215.0
180.94
190.0
180.0
184.0
164.0
171.0
166.0
167.0
299.0
540.68
760.68
819.0
854.0
748.0
826.0
800.0
787.0
773.0
653.0
447.0
331.0
315.0
245.0
221.0
180.94
184.0
184.0
173.0
162.0
175.0
170.0
177.0
284.0
512.0
788.0
824.0
847.0
736.0
805.0
790.0
781.0
757.0
638.0
441.0
339.0
281.0
244.0
232.0
180.94
178.0
199.0
164.0
187.0
167.5
175.0
205.0
300.56
497.56
719.52
760.52
794.48
706.16
738.16
729.16
725.48
710.48
613.68
447.68
290.0
253.0
232.0
205.0
180.94
160.0
175.0
155.84
156.5
156.84
162.84
161.84
165.84
161.0
213.0
219.0
214.0
206.0
207.0
223.0
216.0
217.0
209.0
201.0
177.0
193.0
174.0
173.0
162.91
164.0
172.0
166.0
157.0
177.0
155.52
140.52
174.0
157.68
233.115
234.615
233.615
223.5
225.12
243.08
218.5
196.0
197.0
206.0
181.5
189.0
181.0
175.5
160.89999999999995
166.52
156.52
165.52
166.52
160.0
164.0
179.0
272.0
469.0
727.0
786.0
798.0
717.0
768.0
765.0
746.0
745.0
610.0
455.0
343.0
317.0
237.0
225.0
180.94
206.0
193.0
181.0
181.0
190.0
183.0
175.0
307.0
510.0
730.0
796.0
806.0
747.0
759.0
766.0
766.0
768.0
620.0
424.0
357.0
253.0
214.0
194.0
180.94
197.0
164.0
178.0
165.0
176.0
177.0
171.0
305.0
516.0
732.0
780.0
823.0
713.0
774.0
761.0
762.0
742.0
611.0
420.0
325.52
296.52
262.0
200.0
180.94
186.0
181.0
173.0
176.0
165.0
190.0
171.0
303.0
508.0
745.0
789.0
841.0
726.0
797.0
761.0
757.0
773.0
645.0
433.0
326.0
274.0
242.0
203.0
175.88
182.0
173.0
195.0
166.0
175.0
175.0
184.0
283.0
502.0
749.0
740.0
793.0
697.0
739.0
713.0
721.0
700.0
577.0
399.0
312.0
272.0
229.0
226.0
170.39999999999995
159.14
172.0
170.5
159.5
169.5
164.26
146.76
177.5
156.84
253.23
250.23
253.23
223.5
243.24
263.16
218.5
239.0
210.0
211.0
186.0
185.0
188.0
175.5
160.89999999999995
154.28
172.0
175.0
162.0
162.0
173.0
153.0
181.0
156.0
205.0
217.0
210.0
241.0
215.0
213.0
221.0
232.0
213.0
208.0
189.0
193.0
176.0
178.0
160.89999999999995
160.24
168.0
160.0
171.0
175.0
164.0
172.0
273.0
470.0
757.0
742.0
777.0
708.0
756.0
762.0
765.0
758.0
648.0
462.0
351.0
287.0
251.0
224.0
170.39999999999995
188.0
159.0
171.0
172.0
161.0
165.0
177.0
283.0
505.0
761.0
785.0
791.0
689.0
781.0
771.0
769.0
757.0
623.0
447.0
334.0
281.0
218.0
224.0
170.39999999999995
175.0
183.0
159.0
176.0
188.0
166.0
198.0
281.0
529.0
768.0
778.0
830.0
721.0
797.0
784.0
778.0
755.0
644.0
397.0
352.0
286.0
249.0
215.0
170.39999999999995
187.0
165.0
183.0
166.0
178.0
171.0
186.0
280.0
523.0
740.0
764.0
810.0
725.0
758.0
768.0
765.0
751.0
650.0
423.0
310.0
266.0
232.0
214.0
170.39999999999995
193.0
176.0
187.0
174.0
166.0
176.0
186.0
277.0
519.0
745.0
750.0
794.0
723.0
745.0
618.0
612.0
623.0
533.0
389.0
354.0
297.0
229.0
214.0
170.39999999999995
189.0
187.0
188.0
188.0
179.0
195.0
172.0
195.0
205.0
261.0
263.0
281.0
247.0
283.0
274.0
273.0
264.0
241.0
194.0
209.0
205.0
217.0
183.0
160.89999999999995
194.0
191.0
186.0
188.0
178.0
186.0
192.0
181.0
186.0
246.0
257.0
262.0
250.0
261.0
270.0
248.0
291.0
231.0
213.0
202.0
179.0
198.0
187.0
160.89999999999995
177.0
187.0
176.0
200.0
178.0
176.0
195.0
255.0
432.0
603.0
778.0
815.0
753.0
790.0
791.0
782.0
778.0
666.0
426.0
353.0
303.0
240.0
208.0
170.39999999999995
180.0
164.0
178.0
162.0
166.0
182.0
168.0
280.0
527.0
787.0
790.0
840.0
727.0
790.0
789.0
769.0
756.0
629.0
445.0
367.0
332.0
263.0
222.0
170.39999999999995
173.0
178.0
160.0
190.0
159.0
146.0
209.0
273.0
510.0
763.0
786.0
821.0
720.0
775.0
759.0
755.0
755.0
637.0
420.0
356.0
318.0
255.0
260.0
170.39999999999995
178.0
167.0
175.0
170.0
174.0
156.0
187.0
266.0
508.0
771.0
745.0
625.0
946.0
777.0
777.0
625.0
425.0
230.0
301.0
250.5
413.0
193.41
202.0
206.0
450.0
477.0
191.5
248.0
144.0
234.0
242.0
207.0
206.0
243.0
230.0
709.0
684.0
718.0
699.0
612.0
430.0
354.0
285.0
215.0
214.0
193.41
174.0
173.0
180.0
173.0
171.0
180.0
179.0
222.0
409.0
682.0
490.0
823.0
719.0
793.0
796.0
768.0
772.0
634.0
449.0
376.0
310.0
242.0
222.0
193.41
167.0
174.0
188.0
167.0
173.0
181.0
197.0
251.0
461.0
745.0
774.0
827.0
743.0
769.0
743.0
773.0
761.0
681.0
468.0
418.0
312.0
242.0
232.0
193.41
177.0
166.0
190.0
160.0
164.0
186.0
182.0
252.0
439.0
745.0
791.0
833.0
749.0
778.0
758.0
764.0
723.0
639.0
382.0
341.0
262.0
223.0
212.0
193.41
178.0
174.0
172.0
153.0
194.0
167.0
155.0
168.0
185.0
244.0
251.0
260.0
246.0
268.0
271.0
265.0
260.0
213.0
192.0
199.0
202.0
164.0
177.5
160.42000000000004
168.0
161.0
172.0
146.5
161.0
181.0
166.0
177.0
201.0
246.0
280.0
308.0
237.0
287.0
287.0
321.0
286.0
236.0
223.0
185.0
172.0
191.0
176.0
169.91
160.0
165.0
168.0
153.0
181.0
152.0
180.0
284.0
437.0
753.0
807.0
883.0
799.0
826.0
813.0
811.0
801.0
701.0
465.0
411.0
353.0
260.0
247.0
193.41
191.0
188.0
178.0
175.0
205.0
156.0
208.0
264.0
480.0
772.0
806.0
882.0
780.0
815.0
799.0
814.0
789.0
687.0
487.0
438.0
354.0
266.0
248.0
193.41
183.0
198.0
161.0
200.0
168.0
186.0
188.0
267.0
522.0
779.0
839.0
894.0
837.0
838.0
808.0
805.0
798.0
703.0
477.0
454.0
365.0
292.0
271.0
193.41
224.0
203.0
188.0
191.0
192.0
189.0
214.0
264.0
469.0
792.0
811.0
873.0
775.0
809.0
778.0
761.0
758.0
645.0
449.0
373.0
334.0
268.0
243.0
193.41
184.0
192.0
208.0
183.0
203.0
163.5
191.0
266.0
475.0
734.0
764.0
835.0
768.0
758.0
702.0
688.0
568.0
484.0
337.0
256.0
242.0
222.0
159.0
143.89
171.0
147.0
161.0
146.5
146.0
140.0
130.0
135.0
132.0
148.0
161.0
171.0
151.56
161.56
165.0
173.0
148.0
165.0
161.0
131.0
162.0
154.0
129.0
145.87
136.0
133.0
154.0
140.0
132.0
147.0
129.5
136.0
148.0
189.0
181.0
171.0
194.0
205.0
188.0
182.0
182.0
156.0
134.0
158.0
162.0
137.0
136.0
159.84
138.04
148.04
145.0
139.0
150.0
136.0
129.0
137.0
144.0
162.0
151.0
211.0
197.0
180.0
171.0
186.0
162.0
141.0
145.0
175.0
146.0
140.0
137.0
155.88
133.0
138.0
146.0
146.0
135.0
133.0
131.0
138.0
132.0
148.0
167.0
192.0
200.0
187.0
162.0
172.5
161.0
175.0
140.0
148.0
150.0
145.0
137.0
138.86
135.0
133.0
159.0
134.0
141.0
135.5
141.0
139.0
149.08
168.08
188.0
208.0
200.0
183.0
193.0
159.0
172.0
192.0
151.0
172.0
133.0
159.0
152.0
140.9
159.0
138.0
148.0
142.0
150.0
138.0
138.0
129.0
137.0
160.0
177.0
211.0
207.0
175.0
178.0
175.0
155.0
180.0
156.0
158.0
139.0
155.0
129.0
163.82
164.5
137.0
151.0
148.0
147.0
129.0
144.5
142.0
140.0
189.0
179.0
242.0
235.0
217.0
187.0
200.0
196.0
186.0
173.5
158.08
171.0
151.0
139.0
149.87
136.0
137.0
143.0
141.0
134.0
138.0
191.0
246.5
409.56
694.0
725.0
751.0
648.0
724.0
698.0
709.0
695.0
562.0
348.0
275.0
263.0
220.0
188.0
143.89
173.0
151.0
162.0
168.0
151.0
166.0
168.0
227.0
429.0
689.0
687.0
750.0
635.0
697.0
685.0
709.0
679.0
574.0
323.0
271.0
244.0
244.0
196.0
143.89
178.0
165.0
181.0
173.0
170.0
167.04
171.0
251.0
438.0
702.2
714.4
743.4
645.4
718.4
695.4
706.2
687.2
607.2
392.2
334.2
322.2
252.68
201.0
143.89
188.5
162.52
178.5
174.0
165.0
166.0
174.0
239.0
430.0
688.0
735.0
758.0
670.0
736.0
737.0
732.0
702.0
613.0
367.0
303.0
279.0
272.0
231.0
143.89
199.0
172.0
176.0
175.0
167.0
185.0
168.0
230.0
406.0
670.24
719.24
725.24
645.24
688.0
701.84
664.84
683.84
567.84
351.84
314.84
286.0
275.0
229.0
143.89
188.0
204.0
187.0
162.0
206.0
183.0
197.0
241.0
458.0
742.0
708.0
782.52
668.52
726.0
718.0
712.0
717.0
591.0
347.0
290.0
258.0
232.0
230.0
143.89
170.0
166.52
177.5
173.0
172.0
174.0
175.0
266.0
449.0
738.0
727.0
790.0
713.0
748.0
725.0
719.0
717.0
601.0
357.0
291.0
253.0
235.0
204.0
143.89
170.0
173.0
172.0
154.0
173.0
187.0
151.0
155.0
149.38
237.0
232.0
249.0
236.5
230.5
231.0
218.0
223.0
211.0
191.0
183.0
183.0
175.0
166.0
148.36
162.0
168.0
162.0
178.0
165.0
154.52
160.5
159.76
158.76
240.5
250.0
248.5
236.5
230.5
201.0
206.0
211.0
216.0
223.0
196.0
188.0
188.0
172.0
148.36
176.0
154.0
168.0
146.0
172.5
172.0
162.0
290.0
411.0
742.0
779.0
815.0
716.0
763.0
782.0
788.0
759.0
653.0
409.0
320.0
288.0
261.0
206.0
143.89
177.94
165.5
172.0
156.0
172.5
171.5
168.5
278.6
450.6
674.6
707.6
694.6
617.6
707.6
716.6
709.6
687.6
609.6
403.6
342.6
338.6
297.6
231.0
143.89
179.88
177.0
176.0
166.0
173.0
171.0
175.0
244.0
453.0
753.0
787.0
837.0
709.0
763.0
775.0
755.0
752.0
656.0
390.0
339.0
296.0
263.0
222.0
143.89
169.44
173.0
183.0
187.0
189.0
163.5
192.0
247.0
441.0
742.0
767.0
796.0
711.0
770.0
768.0
750.0
741.0
642.0
383.0
308.0
286.0
249.0
248.0
143.89
169.44
196.0
191.0
183.0
182.0
163.5
197.0
262.0
450.0
717.0
758.0
804.0
706.0
751.0
754.0
757.0
725.0
627.0
378.0
269.0
246.0
212.0
190.0
143.89
172.0
161.0
175.0
164.0
161.0
158.0
170.0
164.0
174.0
244.0
268.0
248.0
238.0
244.0
271.56
257.56
260.0
227.0
203.0
183.0
189.0
185.0
182.0
146.85
182.0
153.0
149.0
176.0
159.0
155.0
164.0
153.0
167.0
172.0
202.0
223.0
207.0
184.0
198.0
223.0
197.0
206.0
172.0
175.5
190.0
165.0
174.0
161.365
159.0
171.0
173.0
160.0
175.0
156.0
192.0
262.0
444.0
745.0
752.0
809.0
724.0
769.0
776.0
763.0
755.0
646.0
426.0
341.0
288.0
251.0
223.0
143.89
184.0
181.0
171.0
186.0
193.0
167.0
185.0
273.0
452.0
756.0
741.0
801.0
687.0
767.0
772.0
758.0
739.0
647.0
417.0
342.0
288.0
240.0
205.0
143.89
194.0
186.0
171.0
195.0
159.0
195.0
180.0
257.0
445.0
743.0
782.0
826.0
734.0
785.0
805.0
759.0
760.0
625.0
425.0
332.0
314.0
274.0
214.0
143.89
187.0
173.0
171.0
162.0
175.0
172.0
174.0
235.0
444.0
713.08
763.08
809.0
719.0
761.0
762.0
771.0
748.0
646.0
453.0
394.0
324.0
268.0
231.0
143.89
180.0
181.0
158.0
182.0
176.0
184.0
170.0
253.0
467.0
725.0
772.0
779.0
680.0
753.56
735.56
714.0
715.0
608.0
372.0
314.0
291.0
286.0
227.0
143.89
185.0
175.0
159.0
177.0
153.0
168.0
148.0
150.0
177.0
222.0
235.0
258.0
213.0
244.0
235.0
243.0
231.0
256.0
186.0
168.0
194.0
170.0
174.0
175.88
165.0
153.0
172.0
160.0
156.0
170.0
149.0
132.0
161.0
190.0
184.0
190.0
205.0
191.0
213.0
209.0
206.0
212.0
166.0
157.0
170.0
152.0
164.0
157.88
147.0
164.0
150.0
154.0
154.0
200.0
179.0
216.0
201.0
233.0
249.04
230.0
226.0
241.0
243.0
212.0
224.0
217.5
217.0
218.0
198.0
212.0
175.41
216.0
196.0
189.0
175.0
190.0
192.0
186.0
371.0
666.0
938.0
972.0
1043.0
974.0
931.0
943.0
945.0
916.08
813.0
566.0
465.0
367.0
282.0
268.0
255.41
224.0
208.0
201.0
209.0
205.0
195.0
203.0
387.0
691.84
942.04
964.84
986.84
912.84
972.84
915.72
946.64
934.64
781.64
592.64
508.64
375.64
298.64
236.0
255.41
217.0
202.0
223.0
205.5
215.5
195.0
236.0
383.0
679.0
919.0
1010.0
1040.0
916.0
1003.0
953.0
945.0
895.0
779.0
592.0
452.0
380.0
269.0
269.0
255.41
215.0
211.0
245.0
202.0
226.0
195.0
217.0
365.0
692.88
913.88
957.08
982.88
886.88
906.88
909.44
902.56
850.0
709.0
537.0
394.0
303.0
237.0
205.0
255.41
177.0
194.0
174.0
156.0
172.0
165.0
160.0
457.0
208.0
278.0
255.0
248.0
217.0
271.0
250.0
275.0
244.0
249.04
217.5
214.0
212.0
184.0
210.0
179.88
188.0
201.0
198.0
180.0
180.0
184.0
178.0
182.0
196.0
250.0
281.0
280.0
278.0
250.0
246.0
261.0
261.0
255.0
220.0
205.0
222.0
182.0
204.0
176.915
187.0
179.0
182.0
189.0
180.0
174.0
223.0
332.0
650.12
925.16
974.16
1000.28
885.16
943.16
921.16
942.0
893.0
778.0
527.0
419.0
374.0
328.0
260.0
265.9
215.0
223.0
234.0
232.0
205.0
216.0
232.0
398.0
691.0
923.12
1006.11
1040.0
969.0
1004.0
935.0
952.0
928.0
783.0
510.0
443.0
396.0
357.12
292.0
260.81
217.0
226.0
230.0
217.0
209.0
216.0
222.0
384.0
606.0
915.0
928.0
970.0
911.0
969.0
913.0
890.0
918.0
733.0
498.0
443.0
372.0
312.0
285.0
260.81
225.0
225.5
224.5
206.0
201.0
196.0
234.0
394.0
643.12
929.0
927.0
1001.0
941.0
923.0
907.08
890.0
882.0
736.0
539.0
428.0
408.0
364.0
263.0
255.72
225.0
225.0
219.0
251.0
221.0
225.0
237.0
380.0
672.0
930.0
969.0
1023.0
911.0
937.0
969.0
931.12
911.0
759.0
501.0
397.0
352.0
302.0
271.0
252.36
206.0
207.0
205.5
196.0
201.0
192.0
202.0
216.0
286.0
301.0
297.0
316.0
309.0
300.0
303.0
311.0
285.0
309.0
238.0
225.0
239.0
209.0
236.0
176.915
206.0
213.0
213.0
216.0
193.0
198.0
186.0
230.0
246.0
310.0
324.0
355.0
308.0
289.0
270.0
287.0
275.0
279.0
240.0
245.0
256.0
217.0
210.0
176.915
225.0
194.0
207.0
192.0
199.0
205.0
217.0
376.0
605.0
852.0
929.0
929.0
852.52
887.52
864.12
873.0
867.52
696.52
519.44
452.44
331.44
287.76
261.0
252.36
225.0
200.5
216.5
205.5
201.0
211.5
250.6
347.6
620.6
805.6
839.6
889.0
875.0
833.0
841.0
842.0
836.0
669.0
489.0
411.0
327.0
276.0
263.0
252.36
225.0
207.0
226.0
219.0
203.0
218.0
249.0
386.0
631.0
830.0
832.0
916.0
875.12
844.0
861.0
848.08
824.0
686.12
478.6
370.6
363.0
276.0
282.0
252.36
233.0
213.0
211.0
236.0
212.0
236.0
220.0
383.0
650.0
839.0
882.0
924.0
881.0
889.0
850.0
854.0
834.0
689.0
505.0
416.0
332.0
311.0
256.0
252.36
236.0
247.0
211.0
203.0
231.0
233.0
259.0
351.0
662.0
888.0
876.0
972.12
873.0
898.0
837.0
832.0
839.0
665.0
497.0
382.0
325.0
299.0
232.0
252.36
224.0
212.0
210.0
218.0
206.0
233.0
196.0
190.0
205.0
212.0
219.0
220.0
224.0
229.0
215.0
218.0
228.0
225.0
215.0
222.0
203.0
239.0
217.0
176.915
206.0
217.0
217.0
208.0
204.0
202.0
203.0
201.0
199.0
216.0
242.0
270.0
249.0
238.0
231.0
244.0
238.0
223.0
242.0
218.0
234.0
215.0
209.0
176.915
207.0
206.0
201.0
192.0
220.0
200.0
225.0
383.0
672.0
933.0
1000.0
1047.0
949.12
1006.0
953.0
959.0
928.0
790.0
563.0
434.0
393.0
320.0
278.0
252.36
232.0
236.0
250.0
231.0
230.0
223.0
239.0
389.0
680.0
940.0
966.12
1041.0
925.0
955.12
960.0
932.0
914.0
761.0
480.0
407.12
336.0
289.0
244.0
252.36
222.0
201.0
223.0
216.0
267.0
201.0
222.0
359.0
696.0
752.0
970.0
1028.0
982.0
897.0
930.0
932.0
945.0
804.0
564.08
392.0
400.0
313.0
266.0
252.36
228.0
232.0
212.0
226.0
234.0
251.0
204.0
338.0
625.0
933.0
940.0
1006.0
962.08
950.0
941.0
951.0
947.0
800.0
512.0
434.12
384.0
320.0
246.0
249.0
240.0
204.0
214.0
214.0
241.0
221.0
224.0
350.0
595.0
946.0
944.0
999.0
915.0
935.08
892.0
899.0
873.0
792.0
418.0
322.0
269.0
258.0
226.0
259.97
231.0
197.0
210.0
216.0
239.0
191.0
211.0
197.0
204.0
241.0
258.0
244.0
254.0
297.0
280.0
291.0
258.0
253.0
261.0
230.0
252.0
214.0
234.0
176.915
204.0
225.0
225.0
218.0
203.0
218.0
187.0
207.0
232.0
210.0
214.0
312.0
269.0
291.5
232.0
253.0
250.0
238.0
234.0
235.0
208.0
217.0
211.0
176.915
233.0
212.0
223.0
195.0
212.0
210.0
212.0
335.0
625.0
936.0
972.0
1061.0
995.0
1003.0
1029.0
976.0
980.12
808.0
535.0
392.0
306.0
287.0
280.0
259.97
237.0
234.0
232.0
218.0
209.0
211.0
223.0
370.0
614.0
936.12
992.0
1025.12
968.0
994.0
968.0
952.0
995.0
846.0
542.0
444.0
357.0
309.0
246.0
259.97
237.0
219.0
246.0
223.0
217.0
220.0
213.0
360.0
637.0
915.0
949.0
1032.06
972.0
954.0
953.12
959.0
917.0
799.0
515.12
434.0
344.0
333.0
249.0
259.97
241.0
227.0
227.0
206.0
224.0
210.0
222.0
356.0
618.0
927.0
988.0
1039.0
969.0
966.12
997.0
980.12
960.0
852.0
568.0
410.0
358.0
296.0
268.0
259.97
268.0
222.0
237.0
233.0
226.0
229.0
205.0
372.0
597.0
919.0
953.0
1026.0
939.0
978.0
970.0
926.08
919.0
813.0
464.0
360.0
360.0
252.0
249.0
259.97
200.0
205.0
221.0
213.0
219.0
205.0
218.0
221.0
238.0
248.0
272.0
269.0
275.0
286.0
283.0
275.0
270.0
259.0
252.0
253.0
225.0
216.0
239.0
176.915
212.0
211.0
210.0
250.0
186.0
202.0
197.0
200.0
204.0
221.0
231.0
265.0
256.0
250.0
260.6
272.6
261.0
247.0
247.0
223.0
218.0
220.0
189.0
176.915
176.0
187.0
216.0
180.0
177.0
185.0
197.0
333.0
626.0
836.12
961.5
1062.0
971.0
984.0
995.0
953.08
962.0
837.0
575.0
448.0
377.0
300.0
279.0
259.97
232.0
205.0
257.0
216.0
216.0
202.0
230.0
357.0
648.0
919.0
970.0
1055.5
950.12
984.0
1035.0
962.0
936.24
856.0
601.0
474.0
376.0
311.0
262.0
270.94
239.0
247.0
247.0
236.0
222.0
226.0
244.0
375.0
643.0
958.0
953.12
1049.0
964.0
969.0
987.24
985.0
945.0
812.0
600.0
399.0
409.0
343.0
257.0
262.93
239.0
239.0
257.0
226.0
238.0
233.0
221.0
384.0
639.0
953.0
963.0
1048.0
950.0
993.0
949.0
968.0
964.0
825.12
597.0
478.0
381.0
316.0
285.0
262.93
248.0
249.0
226.0
244.0
231.0
222.0
245.0
375.0
650.0
935.0
971.0
1058.0
951.08
984.0
969.0
949.0
963.0
793.0
599.0
409.0
332.0
287.0
289.0
262.93
202.0
198.0
200.0
208.0
222.0
194.0
190.0
203.0
226.0
239.0
242.0
260.0
259.0
264.0
283.0
244.0
268.0
247.0
214.0
230.0
243.0
201.0
212.0
176.915
191.0
206.0
218.0
195.0
218.5
196.5
199.0
209.0
221.5
223.0
253.04
314.16
305.16
254.4
275.48
262.48
268.84
262.84
239.5
232.5
248.0
214.0
799.0
665.0
450.0
346.0
276.0
239.0
233.0
219.845
201.0
185.0
192.0
192.0
202.0
183.0
212.0
303.0
539.0
816.0
652.0
296.0
302.0
852.655
829.0
817.0
807.0
657.0
433.0
345.0
292.0
259.0
228.0
219.845
210.0
197.0
191.0
182.0
182.0
197.0
206.0
293.0
530.0
797.0
817.0
869.0
818.0
843.0
818.0
817.0
780.0
592.0
513.0
348.0
145.0
161.0
421.0
219.845
257.0
188.0
155.0
187.0
188.0
161.0
176.0
173.0
202.0
230.0
261.0
257.0
269.0
259.0
226.0
286.5
295.5
458.0
398.0
205.0
275.0
175.5
286.0
158.87
162.0
146.0
188.0
175.5
268.0
139.0
191.0
213.0
189.0
214.0
222.0
266.0
228.0
218.0
253.0
286.5
295.5
420.0
265.0
231.0
148.0
173.0
240.0
158.87
202.5
182.54
190.0
177.5
770.0
296.0
179.0
291.0
438.0
858.0
747.0
350.0
798.0
852.0
811.0
808.0
768.0
661.0
432.0
346.0
282.0
204.5
416.0
219.845
202.5
182.54
190.0
177.5
577.0
183.0
202.0
279.0
512.0
788.0
798.0
869.0
778.0
835.0
805.0
802.0
768.0
617.0
432.0
353.0
278.0
248.0
219.0
219.845
202.5
168.08
189.0
173.0
179.0
170.0
217.0
278.0
517.0
788.0
770.0
847.0
744.0
829.0
770.0
779.0
758.0
620.0
445.0
335.0
320.0
278.0
233.0
219.845
195.0
187.0
179.0
175.0
181.0
166.0
202.0
289.0
551.0
805.0
241.0
865.0
776.0
849.0
827.0
803.0
801.0
671.0
464.0
388.0
324.0
255.0
217.0
219.845
196.0
192.0
176.0
182.5
178.0
184.0
211.0
285.0
506.0
807.0
810.0
883.0
808.0
844.0
814.0
810.0
783.0
640.0
411.0
331.0
282.0
230.0
200.0
219.845
182.0
196.0
178.0
164.0
190.0
158.0
192.0
179.0
207.0
304.0
332.0
315.0
262.0
306.0
342.0
306.0
319.0
293.0
222.0
213.0
193.0
199.0
194.0
158.87
184.0
186.0
166.0
192.0
188.0
162.0
181.0
192.0
241.0
295.0
299.0
316.0
274.0
317.0
318.0
312.0
323.0
277.0
251.0
212.0
212.0
206.0
187.0
158.87
182.0
181.0
175.0
190.0
176.0
182.0
204.0
294.0
538.0
808.0
819.0
902.0
830.0
849.0
842.0
835.0
802.0
655.0
451.0
366.0
303.0
225.0
220.0
219.845
203.0
197.0
166.52
191.5
178.5
193.5
207.0
295.0
536.68
813.68
803.68
866.0
777.0
821.0
832.0
806.0
779.0
681.0
493.0
379.0
317.0
245.0
218.0
219.845
200.0
190.0
199.0
193.0
181.0
205.0
205.0
277.0
513.0
734.0
771.0
837.0
790.0
796.0
758.0
775.0
745.0
614.0
405.0
326.0
281.0
222.0
225.0
169.86
193.5
190.0
182.5
242.68
221.59
180.38
271.52
304.84
484.36
689.36
753.52
748.52
657.64
724.16
735.16
711.16
725.16
622.76
443.76
386.4
311.4
284.4
272.76
206.395
187.0
190.0
182.5
266.84000000000003
221.59
180.38
135.8
283.42
151.0
676.52
790.76
812.26
556.0
763.0
1011.0
702.0
779.0
624.0
357.0
259.0
241.0
203.0
241.38
206.395
359.52
150.52
164.18
263.0
175.0
241.0
157.0
164.0
202.0
252.0
255.0
261.0
223.0
246.0
248.0
254.0
238.0
214.0
205.0
198.0
185.0
188.0
168.0
158.87
263.3
158.76
162.36
217.0
175.0
203.0
159.36
159.0
178.5
221.0
213.5
242.5
237.0
211.0
225.5
221.5
216.0
190.5
189.5
188.0
173.0
178.0
174.5
158.87
173.0
192.0
166.0
266.84000000000003
221.59
155.76
205.99
262.0
524.0
795.0
828.0
876.0
779.0
829.0
364.0
721.5
793.0
651.0
444.0
333.0
286.0
228.0
210.0
206.395
220.09
202.0
212.1
291.0
221.59
140.0
205.99
285.6
951.0
805.0
759.0
831.0
284.0
769.0899999999998
790.0
741.0
777.0
634.0
430.0
328.0
288.0
249.0
203.0
206.395
267.18
264.18
258.2
260.18
262.18
257.18
276.18
309.2
512.18
698.18
719.18
722.18
614.2
709.18
700.18
584.18
454.18
494.2
660.18
263.18
348.0
227.0
194.0
206.395
263.3
167.0
164.0
171.0
162.0
165.0
166.0
154.0
155.0
190.0
172.0
224.0
251.0
176.0
203.0
189.0
194.0
167.0
174.0
178.0
161.0
168.0
181.0
147.84
167.08
176.0
150.0
171.0
178.0
154.0
165.0
162.0
170.0
189.0
205.0
229.0
255.0
197.0
201.0
176.0
210.0
187.0
170.0
176.0
188.0
160.0
184.0
149.385
155.08
177.0
160.0
170.0
170.0
153.0
152.0
162.0
160.0
178.0
190.0
183.0
204.0
178.0
199.0
218.0
190.0
179.0
198.0
187.0
170.0
178.0
179.0
150.93
160.0
190.0
149.0
164.0
177.0
161.0
188.0
281.0
507.0
731.0
790.0
818.0
748.0
838.0
824.0
815.0
805.0
656.0
429.0
357.0
317.0
286.0
228.0
242.93
230.0
239.0
197.0
244.0
212.0
223.0
242.0
315.0
577.0
778.0
803.0
636.0
979.0
625.0
946.0
777.0
777.0
625.0
425.0
230.0
301.0
250.5
413.0
193.41
202.0
206.0
450.0
477.0
191.5
248.0
144.0
234.0
242.0
207.0
206.0
243.0
230.0
709.0
684.0
718.0
699.0
612.0
430.0
354.0
285.0
215.0
214.0
193.41
174.0
173.0
180.0
173.0
171.0
180.0
179.0
222.0
409.0
682.0
490.0
823.0
719.0
793.0
796.0
768.0
772.0
634.0
449.0
376.0
310.0
242.0
222.0
193.41
167.0
174.0
188.0
167.0
173.0
181.0
197.0
251.0
461.0
745.0
774.0
827.0
743.0
769.0
743.0
773.0
761.0
681.0
468.0
418.0
312.0
242.0
232.0
193.41
177.0
166.0
190.0
160.0
164.0
186.0
182.0
252.0
439.0
745.0
791.0
833.0
749.0
778.0
758.0
764.0
723.0
639.0
382.0
341.0
262.0
223.0
212.0
193.41
178.0
174.0
172.0
153.0
194.0
167.0
155.0
168.0
185.0
244.0
251.0
260.0
246.0
268.0
271.0
265.0
260.0
213.0
192.0
199.0
202.0
164.0
177.5
160.42000000000004
168.0
161.0
172.0
146.5
161.0
181.0
166.0
177.0
201.0
246.0
280.0
308.0
237.0
287.0
287.0
321.0
286.0
236.0
223.0
185.0
172.0
191.0
176.0
169.91
160.0
165.0
168.0
153.0
181.0
152.0
180.0
284.0
437.0
753.0
807.0
883.0
799.0
826.0
813.0
811.0
801.0
701.0
465.0
411.0
353.0
260.0
247.0
193.41
191.0
188.0
178.0
175.0
205.0
156.0
208.0
264.0
480.0
772.0
806.0
882.0
780.0
815.0
799.0
814.0
789.0
687.0
487.0
438.0
354.0
266.0
248.0
193.41
183.0
198.0
161.0
200.0
168.0
186.0
188.0
267.0
522.0
779.0
839.0
894.0
837.0
838.0
808.0
805.0
798.0
703.0
477.0
454.0
365.0
292.0
271.0
193.41
224.0
203.0
188.0
191.0
192.0
189.0
214.0
264.0
469.0
792.0
811.0
873.0
775.0
809.0
778.0
761.0
758.0
645.0
449.0
373.0
334.0
268.0
243.0
193.41
184.0
192.0
208.0
183.0
203.0
163.5
191.0
266.0
475.0
734.0
764.0
835.0
768.0
758.0
702.0
688.0
568.0
484.0
337.0
256.0
242.0
222.0
159.0
143.89
171.0
147.0
161.0
146.5
146.0
140.0
130.0
135.0
132.0
148.0
161.0
171.0
151.56
161.56
165.0
173.0
148.0
165.0
161.0
131.0
162.0
154.0
129.0
145.87
136.0
133.0
154.0
140.0
132.0
147.0
129.5
136.0
148.0
189.0
181.0
171.0
194.0
205.0
188.0
182.0
182.0
156.0
134.0
158.0
162.0
137.0
136.0
159.84
138.04
148.04
145.0
139.0
150.0
136.0
129.0
137.0
144.0
162.0
151.0
211.0
197.0
180.0
171.0
186.0
162.0
141.0
145.0
175.0
146.0
140.0
137.0
155.88
133.0
138.0
146.0
146.0
135.0
133.0
131.0
138.0
132.0
148.0
167.0
192.0
200.0
187.0
162.0
172.5
161.0
175.0
140.0
148.0
150.0
145.0
137.0
138.86
135.0
133.0
159.0
134.0
141.0
135.5
141.0
139.0
852.68
779.68
812.68
809.68
762.68
776.68
662.68
425.68
355.68
302.68
286.68
263.68
231.32
210.5
201.0
212.0
198.5
202.5
202.5
203.0
291.52
520.52
750.52
791.52
849.52
769.52
807.52
801.52
786.52
779.52
685.52
484.52
387.52
328.52
257.52
253.84
231.32
210.5
201.0
212.0
198.5
202.5
202.5
203.0
264.0
514.0
800.0
818.0
895.0
784.0
835.0
819.0
812.0
785.0
698.0
453.0
340.0
300.0
264.0
244.0
231.32
209.0
203.0
205.0
182.0
198.0
184.0
188.0
292.0
506.0
820.0
833.0
923.0
847.0
873.0
849.0
844.0
821.0
717.0
504.0
434.0
345.0
256.0
234.0
231.32
217.0
217.0
200.0
196.0
201.0
193.0
201.0
322.0
580.0
831.0
862.0
934.0
817.0
880.0
854.56
816.56
814.0
703.0
424.0
322.0
274.0
216.0
204.0
175.88
197.0
172.0
177.0
189.0
178.0
165.0
181.0
170.0
206.0
293.0
292.0
300.0
239.0
319.0
309.0
301.0
315.0
284.0
223.0
193.0
194.0
195.0
172.0
163.38
189.0
168.0
172.0
189.0
165.0
164.0
178.0
179.0
186.0
242.0
232.0
251.0
218.0
257.0
237.0
258.0
251.0
231.0
219.0
206.0
199.0
212.0
189.0
170.91
185.0
173.0
185.0
179.0
181.0
178.0
183.0
328.0
570.0
843.0
878.0
951.0
841.0
898.0
880.0
883.0
873.0
732.0
482.0
366.0
321.0
274.0
234.0
209.41
203.0
208.0
197.0
204.0
186.0
201.0
204.0
331.0
567.0
874.0
892.0
970.0
856.0
880.0
893.0
878.0
852.0
727.0
459.0
364.0
287.0
281.0
240.0
209.41
214.0
201.0
206.0
198.0
216.0
194.0
202.0
317.0
563.0
890.0
883.0
947.0
864.0
892.0
894.0
879.0
841.0
705.0
463.0
375.0
333.0
279.0
248.0
242.94
212.0
217.0
211.0
199.0
189.0
206.0
224.0
311.0
565.0
855.0
869.0
945.0
809.0
908.0
886.0
864.0
860.0
717.0
555.0
447.0
355.0
277.0
235.0
256.385
188.0
202.0
197.0
186.0
199.0
180.0
218.0
297.0
595.0
835.0
868.0
933.0
825.0
857.0
875.0
832.0
837.0
721.0
514.0
377.0
302.0
229.0
224.0
256.385
179.0
183.0
184.0
177.0
171.0
178.0
186.0
182.0
201.0
268.0
263.0
297.56
268.56
306.0
308.0
331.0
302.0
277.0
216.0
215.0
217.0
181.0
199.0
167.915
182.0
194.0
172.0
199.0
188.0
170.0
177.0
181.0
195.0
225.0
252.0
241.0
230.0
267.5
268.52
257.0
240.0
205.0
202.0
205.0
188.0
182.0
196.0
167.915
176.0
182.0
185.0
171.0
174.0
175.0
210.0
323.0
566.0
852.0
869.56
939.56
844.0
884.0
873.0
853.0
865.0
720.0
432.0
346.0
292.0
260.0
233.0
256.385
189.0
186.0
186.0
193.0
175.0
184.0
209.0
319.0
573.0
874.0
863.0
948.0
822.56
898.56
895.0
886.0
875.0
732.0
506.0
353.0
324.0
264.0
249.0
256.385
206.0
194.0
198.0
205.0
183.0
200.0
212.0
321.0
599.0
851.0
903.0
958.0
850.0
891.0
899.0
874.0
837.0
714.0
425.0
328.0
273.0
251.0
233.0
256.385
195.0
210.0
195.0
198.0
206.0
194.0
222.0
342.0
608.0
884.0
914.0
998.0
862.0
918.0
899.0
906.0
851.0
719.0
465.0
340.0
301.0
250.0
240.0
256.385
209.0
197.0
210.0
201.0
199.0
186.0
200.0
329.0
567.0
866.0
890.0
770.96
695.96
770.96
759.96
741.96
728.96
590.96
353.96
303.96
273.96
251.5
234.5
256.385
194.0
174.825
169.32
198.0
171.325
165.82
165.32
199.5
225.5
247.96
265.96
237.0
231.0
229.0
241.0
227.0
246.0
211.0
200.0
195.0
168.0
184.0
151.0
167.915
194.0
155.65
166.64
198.0
154.65
161.64
153.64
199.5
225.5
258.48
295.98
284.5
279.0
238.0
222.0
237.0
220.0
203.0
195.0
196.0
209.0
175.0
175.0
164.92
159.04
162.0
206.0
164.0
159.0
155.0
189.0
291.0
565.0
823.0
817.0
886.0
844.0
832.0
850.0
832.0
823.0
683.0
467.0
345.0
268.0
253.0
229.0
256.385
184.52
199.0
202.0
206.0
189.0
209.0
198.0
338.0
549.0
834.0
833.0
914.0
832.0
866.0
844.0
852.0
832.0
696.0
429.0
357.0
295.0
246.0
213.0
256.385
210.0
188.0
204.0
189.0
195.0
191.0
225.0
322.0
589.0
868.0
889.0
940.0
862.0
888.0
863.0
883.0
849.0
724.0
480.0
375.0
300.0
264.0
234.0
256.385
196.0
206.0
213.0
190.0
191.0
211.0
223.0
332.0
569.0
908.0
897.0
969.0
847.0
904.0
888.0
890.0
863.0
723.0
461.0
398.0
330.0
279.0
267.0
256.385
242.0
206.0
212.0
210.0
208.0
201.0
216.0
339.0
602.0
865.0
910.0
974.0
887.0
892.0
903.0
902.0
840.0
686.0
417.0
354.0
281.0
230.0
236.0
256.385
206.0
198.0
201.0
197.0
190.0
187.0
184.0
218.0
256.0
269.0
326.0
332.0
327.0
331.0
330.0
319.72
309.72
252.2
250.2
228.5
213.0
210.0
198.0
172.39
198.0
202.0
196.0
191.0
188.0
198.0
180.0
198.0
240.0
272.0
293.44
305.44
297.44
312.44
327.44
305.44
312.44
282.0
250.0
261.0
225.0
207.0
204.0
172.39
203.0
203.0
189.0
208.0
178.0
189.0
217.0
308.0
594.0
872.0
928.0
998.0
879.0
947.0
934.0
916.0
891.0
746.0
508.0
369.0
333.0
242.0
221.0
256.385
193.0
202.0
207.0
185.0
205.0
197.0
229.5
332.52
613.0
873.0
899.0
972.0
869.0
859.0
868.0
875.0
878.0
725.0
473.0
371.0
319.0
266.0
247.0
256.385
215.0
203.0
213.0
201.0
213.0
196.0
242.0
327.0
609.0
867.0
902.0
969.0
879.0
904.0
880.0
882.0
856.0
718.0
478.0
347.0
314.0
273.0
276.0
256.385
410.08
408.08
404.08
407.08
407.08
405.08
427.08
462.08
512.08
572.16
568.16
638.08
641.08
588.08
875.0
874.16
859.16
709.0
498.0
361.0
310.0
290.0
233.0
256.385
227.0
199.0
217.0
188.0
218.0
190.0
220.0
343.0
598.0
870.0
903.0
966.0
834.0
865.0
880.0
885.0
852.0
736.0
441.0
353.0
268.0
259.0
218.0
256.385
190.0
206.0
191.0
185.0
194.0
185.0
187.0
222.0
214.0
262.0
285.0
291.0
276.0
290.0
308.0
292.0
292.0
287.0
256.0
221.0
235.0
199.0
180.0
172.39
196.0
173.0
198.0
184.0
191.0
178.0
184.0
217.5
224.5
238.0
272.0
265.0
261.0
269.0
284.0
267.0
263.0
261.0
225.0
218.0
229.0
205.0
190.0
172.39
182.0
199.0
184.0
180.0
176.0
200.0
194.0
318.0
572.0
863.0
901.0
988.0
861.0
922.0
920.0
873.0
881.0
732.0
453.0
394.0
306.0
281.0
250.0
256.385
228.0
207.0
202.0
216.0
197.0
221.0
222.0
341.0
568.0
850.0
881.0
927.0
844.0
872.0
851.0
869.0
841.0
714.0
493.0
412.0
335.0
270.0
248.0
256.385
206.5
213.5
196.0
199.5
195.5
207.0
216.0
322.0
608.0
844.0
862.0
929.0
842.0
861.0
861.0
835.08
850.08
716.0
460.0
382.0
318.0
275.0
239.0
256.385
206.5
220.0
190.0
183.0
194.0
193.0
206.0
320.0
587.0
851.0
833.0
927.0
841.0
896.0
874.0
847.0
849.0
675.0
406.0
335.0
277.0
250.0
216.0
256.385
206.5
189.0
187.0
170.0
186.0
183.0
200.0
297.0
562.0
833.0
871.0
940.0
821.0
878.0
846.0
832.0
798.0
678.0
391.0
320.0
290.0
248.0
211.0
256.385
186.0
175.0
188.0
185.0
179.0
179.0
172.0
213.0
235.0
274.0
270.0
299.0
290.0
305.0
290.0
261.0
257.0
220.0
210.0
192.0
207.0
199.0
196.0
179.86
189.0
175.0
183.0
168.0
171.0
173.0
182.0
179.0
173.0
211.0
206.0
240.0
206.0
227.0
223.0
216.0
215.0
197.0
208.0
201.0
177.0
202.0
178.0
161.88
185.0
181.0
162.0
220.0
212.0
226.0
208.0
230.0
332.0
562.0
884.0
889.0
951.0
818.0
898.0
914.0
859.0
883.0
760.0
573.0
422.0
349.0
260.0
247.0
250.32
217.0
202.0
212.0
222.0
226.0
213.0
207.0
360.12
587.0
852.0
895.0
929.0
816.0
875.0
895.0
868.0
863.0
773.0
575.0
468.0
350.0
269.0
250.0
250.32
217.0
238.0
218.0
232.0
231.0
227.0
200.0
372.0
589.0
896.0
913.08
954.0
841.12
909.0
894.0
899.0
887.0
800.0
550.0
451.0
407.0
280.0
270.0
250.32
208.0
249.0
236.0
233.0
216.0
204.0
216.0
348.0
589.0
893.04
905.04
939.0
833.0
871.0
891.0
891.0
853.0
750.0
501.0
408.0
327.0
267.0
247.0
250.32
213.0
223.0
217.0
215.0
219.0
206.0
189.0
242.0
263.0
319.0
304.0
337.0
304.0
312.0
321.0
314.0
272.0
292.0
224.0
249.0
241.0
220.0
203.0
216.5
221.0
199.0
189.0
203.0
241.0
201.0
197.0
220.0
193.0
220.0
213.0
270.0
221.0
257.0
233.0
240.0
232.0
244.0
223.0
234.0
225.0
214.0
203.0
216.5
221.0
210.0
208.0
224.0
189.0
212.0
186.0
330.0
591.0
870.0
905.0
940.0
860.0
895.0
893.0
925.0
885.0
771.0
545.0
410.0
319.0
308.0
204.0
250.32
211.0
232.0
205.0
225.0
193.0
217.0
216.0
316.0
602.0
877.0
912.0
945.0
842.0
945.0
889.0
901.0
916.0
730.0
518.0
422.0
347.0
287.0
264.0
250.32
234.0
220.0
227.0
193.0
208.0
170.0
227.0
310.0
536.0
872.0
861.0
898.0
827.0
880.0
877.0
837.0
892.0
757.0
483.0
437.0
341.0
295.0
222.0
250.32
231.0
226.0
207.0
204.0
230.0
215.0
184.0
341.0
554.0
863.0
881.0
949.0
830.0
903.0
877.0
889.0
835.0
738.0
548.0
475.0
403.0
287.0
243.0
257.82
220.0
207.0
198.0
204.0
198.0
185.0
224.0
324.0
552.0
893.0
883.0
901.0
758.0
837.0
785.0
767.0
792.0
646.0
484.0
416.0
311.0
263.08
240.5
251.475
228.0
212.0
196.0
209.0
231.0
197.0
233.0
232.0
209.0
307.0
313.0
331.0
311.0
313.0
330.0
314.0
320.12
310.0
257.0
221.0
240.0
234.0
202.0
216.5
206.0
218.0
199.0
197.0
206.0
204.0
225.0
217.0
204.0
214.0
241.0
254.0
253.0
239.0
248.0
248.0
251.0
244.0
259.0
267.0
213.0
241.0
221.0
216.5
223.0
184.0
230.0
206.0
210.0
197.0
191.0
318.0
606.0
855.0
899.0
964.0
841.0
895.0
884.0
894.0
879.0
783.0
570.0
536.0
376.0
248.0
238.0
251.475
227.0
206.0
211.0
216.5
213.0
210.5
209.0
304.04
596.0
897.0
884.0
947.0
810.0
939.0
896.0
888.0
886.0
752.0
619.0
474.0
374.0
312.0
249.0
245.13
227.0
228.0
192.0
227.0
216.0
224.0
227.0
331.0
645.0
886.32
907.44
946.32
858.0
898.0
911.0
910.56
888.56
777.08
589.08
426.04
321.44
277.44
247.0
268.805
231.0
202.0
220.0
200.0
239.0
199.0
205.0
321.0
616.0
877.0
914.0
989.0
833.0
912.0
898.0
905.0
887.0
763.0
552.0
446.0
377.0
255.0
256.0
268.805
244.76
205.0
214.5
194.5
219.5
231.0
218.0
303.0
567.0
901.0
944.0
988.0
882.0
898.0
889.0
923.0
881.0
745.0
540.0
406.0
320.0
293.0
265.0
268.805
205.0
213.5
206.5
196.5
203.0
203.5
205.0
208.0
231.26
258.92
271.92
295.92
255.92
288.02
277.92
267.92
291.92
255.92
247.92
261.22
218.5
225.5
220.5
216.5
205.0
213.5
206.5
196.5
203.0
203.5
205.0
208.0
231.26
278.22
266.44
273.44
288.96
288.02
265.44
317.98
271.44
287.96
252.44
255.44
218.5
225.5
220.5
216.5
244.76
205.0
214.5
194.5
219.5
228.5
196.5
329.92
591.92
922.92
893.92
947.92
866.92
901.92
928.92
907.92
919.92
784.92
573.92
472.92
378.92
315.92
265.0
268.805
244.76
208.0
209.0
189.0
200.0
226.0
175.0
371.0
596.0
879.08
921.84
911.28
871.28
924.76
914.0
899.0
892.0
768.32
561.32
486.32
359.0
292.0
265.0
268.805
244.76
264.56
236.94
229.44
226.44
239.44
257.68
380.88
616.88
857.88
915.88
890.88
845.36
839.49
862.88
822.89
864.88
811.88
615.89
504.6
379.6
348.61
326.6
292.48
258.52
259.22
236.94
229.44
226.44
239.44
256.88
363.56
585.6
812.8
878.8
883.8
809.8
832.8
824.8
864.8
843.8
766.8
611.8
506.8
405.8
314.8
317.8
296.07
250.28
253.88
264.88
269.88
252.88
252.88
251.88
376.88
575.88
839.88
839.88
896.28
806.28
837.28
801.28
847.28
821.88
731.08
503.76
450.76
341.76
324.08
292.88
255.89
205.0
213.5
206.5
196.5
203.0
203.5
205.0
208.0
258.52
297.52
318.52
375.0
322.0
337.04
340.04
368.04
345.04
320.0
266.0
258.0
224.0
210.0
220.0
216.5
205.0
213.5
206.5
196.5
203.0
203.5
205.0
208.0
242.76
254.76
282.56
298.56
289.56
292.56
307.56
283.56
312.56
275.56
249.0
249.0
227.0
216.0
205.5
216.5
281.72
307.92
278.96
292.96
275.96
295.96
259.96
360.96
540.96
784.96
850.96
859.96
790.96
856.96
852.96
828.96
833.96
790.04
632.96
566.96
444.96
334.96
336.96
324.86
269.86
231.0
251.48
260.48
245.98
250.98
242.48
327.0
620.0
907.0
928.0
957.0
905.0
940.0
957.0
950.0
897.0
827.0
590.0
485.0
423.0
344.0
298.0
291.44
258.0
219.0
224.0
228.0
216.0
206.0
225.0
379.0
606.0
913.0
912.0
960.0
886.0
948.0
906.0
918.0
894.0
768.0
568.0
409.0
360.0
284.0
254.0
291.44
264.0
210.0
216.0
213.0
232.0
203.0
238.0
379.0
607.0
864.0
906.0
935.0
854.0
865.0
895.0
864.0
853.0
760.0
533.0
414.0
351.52
270.52
270.0
258.02
234.5
207.0
229.0
210.0
213.5
208.0
249.76
340.0
645.0
819.0
889.0
915.0
891.0
899.0
850.0
858.0
878.76
727.76
491.76
354.76
294.52
278.52
204.0
252.96
204.0
209.0
214.0
196.0
200.0
203.0
185.0
199.0
227.0
212.0
229.0
228.0
233.0
207.0
246.0
214.0
225.0
243.0
232.0
240.0
230.0
222.0
191.0
216.5
221.0
203.0
206.0
197.0
194.0
197.0
191.0
207.0
177.0
232.0
234.0
260.0
255.0
236.0
253.0
271.0
253.0
291.0
266.0
263.0
240.0
256.0
233.0
216.5
205.0
210.0
207.0
207.0
195.0
213.0
199.0
338.0
632.0
916.0
977.0
991.0
906.0
922.0
946.0
909.0
882.0
760.0
549.0
426.0
373.0
274.0
288.0
247.9
477.28
476.28
475.28
475.28
474.28
476.28
486.28
524.28
600.28
658.28
663.28
699.28
711.28
683.28
640.28
677.28
676.28
626.28
577.28
429.0
356.0
280.0
273.0
255.38
262.0
220.0
233.0
221.0
220.0
230.0
247.0
375.0
602.0
882.0
922.0
994.0
890.0
929.0
900.0
881.0
898.0
748.0
483.0
407.0
366.0
300.0
290.0
255.38
252.0
231.0
245.0
214.0
246.0
206.0
226.0
370.0
604.0
894.0
895.0
930.0
859.0
924.0
913.0
895.0
881.0
719.0
511.0
382.0
347.0
301.0
267.16
255.38
218.0
232.0
209.0
248.0
204.0
227.0
214.0
364.0
613.0
855.0
877.0
900.0
807.0
905.0
874.0
833.0
870.12
739.0
478.0
385.0
349.0
278.0
222.0
255.38
235.0
220.0
216.0
213.0
213.0
207.0
217.0
179.0
211.0
240.0
214.0
231.0
253.0
229.0
225.0
223.0
248.0
235.0
251.0
250.0
230.0
240.0
242.0
216.5
217.0
198.0
208.0
207.0
208.0
210.0
208.0
200.0
222.0
225.0
205.0
257.0
223.0
244.0
249.0
237.0
239.0
251.0
270.0
237.0
250.0
241.0
196.0
259.05
224.5
224.0
193.0
235.0
214.0
239.0
212.0
357.0
633.0
925.0
936.0
951.0
883.0
904.0
926.0
914.0
903.0
811.08
602.0
835.0
915.0
893.0
823.0
825.0
816.12
837.0
820.0
720.0
486.0
385.0
326.0
280.0
248.0
257.45
231.0
202.0
204.0
210.0
232.0
206.0
190.0
343.0
664.0
848.0
877.0
890.0
799.12
866.0
865.12
845.0
869.0
711.0
451.0
376.0
310.0
273.0
245.0
257.45
186.0
193.0
193.0
220.0
183.0
204.0
206.0
200.0
228.0
258.0
289.0
277.0
283.0
271.0
280.0
291.0
267.0
245.0
220.0
234.0
195.0
215.0
212.0
163.925
203.0
187.0
202.0
192.0
204.0
189.0
180.0
205.0
207.0
217.0
206.0
212.0
248.0
232.0
235.0
245.0
242.0
233.0
230.0
230.0
228.0
247.0
182.0
163.925
206.0
212.0
200.0
216.0
184.0
189.0
208.0
308.0
583.0
836.0
859.0
852.0
808.52
870.52
854.12
844.32
830.32
737.44
556.12
486.0
340.0
297.12
245.0
257.45
216.0
219.0
226.0
204.0
224.0
195.0
216.0
342.0
587.0
792.8
846.8
866.8
837.8
867.8
868.24
879.24
887.24
777.24
557.0
438.0
387.0
308.0
251.0
257.45
237.0
217.0
210.0
204.0
216.0
243.0
216.0
329.0
584.0
831.0
894.0
859.0
820.0
843.0
869.0
837.0
858.12
742.0
543.0
401.0
360.0
304.0
273.0
257.45
240.0
210.0
192.0
197.0
219.0
203.0
220.0
311.0
607.52
809.52
881.0
877.0
775.0
828.08
821.0
760.0
720.0
605.52
438.52
344.0
301.0
283.0
226.0
257.45
192.0
194.0
186.0
191.0
166.0
179.0
168.0
181.0
172.0
208.0
192.0
198.0
199.0
205.0
195.0
223.0
220.0
218.0
219.0
206.0
183.0
177.0
172.0
167.97
180.0
177.0
186.0
172.0
187.0
155.0
173.0
173.0
186.0
174.0
193.0
189.0
192.0
185.0
183.0
201.0
220.0
203.0
208.0
181.0
189.0
182.0
186.0
169.45499999999996
186.0
175.0
184.0
184.0
198.0
153.0
178.0
165.0
167.0
174.0
207.0
171.0
201.0
189.0
193.0
185.0
198.0
186.0
212.0
205.5
197.0
191.0
193.0
170.94
188.0
179.0
195.0
178.0
170.0
192.0
183.0
309.0
588.0
857.0
873.0
901.0
821.0
891.0
884.0
893.2
877.0
761.0
559.0
428.0
371.0
290.08
258.0
257.45
216.0
210.0
222.0
200.0
214.0
229.0
204.0
334.0
603.0
843.0
903.12
933.0
830.0
878.0
896.0
891.0
866.0
780.0
526.0
433.12
351.0
297.0
258.0
257.45
192.0
210.0
210.0
220.0
202.0
192.0
224.0
331.0
609.0
853.0
899.12
912.0
835.0
865.0
898.0
900.0
860.0
734.0
550.0
418.0
336.0
279.0
226.0
257.45
211.0
220.0
209.0
214.0
198.0
191.0
223.0
326.0
633.0
862.0
866.0
888.0
822.0
867.0
915.12
898.0
858.0
761.0
510.0
423.0
377.12
321.0
234.0
269.98
216.0
218.5
200.0
199.5
254.61
250.61
211.5
316.24
571.41
738.17
879.08
913.08
825.08
864.08
893.6
864.6
861.6
717.6
487.6
402.6
329.6
282.6
237.0
260.42
199.0
207.0
199.0
220.0
213.0
233.0
196.0
207.0
229.0
277.0
281.0
280.0
264.0
275.0
324.0
285.0
288.0
239.0
251.0
205.5
239.0
216.0
226.0
175.41
199.0
208.0
201.0
189.0
204.0
198.0
185.0
195.0
183.0
192.0
227.0
238.0
234.0
249.0
219.0
225.0
228.0
220.0
226.0
230.0
238.0
227.0
190.0
175.41
216.0
217.0
191.0
185.0
215.0
188.0
200.0
325.0
612.0
898.0
896.0
940.0
860.0
927.0
932.0
917.0
923.0
760.08
568.0
495.0
385.0
278.0
239.0
260.42
221.0
249.0
208.0
222.0
207.0
212.0
222.0
327.0
598.0
861.0
904.0
909.12
817.0
923.0
890.0
895.0
898.0
735.12
560.0
410.0
352.0
300.0
241.0
260.42
226.0
224.0
211.0
219.0
211.0
212.0
215.0
326.0
600.0
860.0
872.0
915.0
823.0
882.0
928.0
855.0
871.12
741.0
542.0
384.0
349.0
280.0
246.0
260.42
224.0
203.0
211.0
215.0
222.0
191.0
236.0
344.0
609.0
855.0
881.0
930.0
853.0
905.0
889.0
915.0
836.0
714.0
572.0
460.12
367.0
272.0
241.0
260.42
229.0
226.0
214.0
232.0
206.0
186.0
219.0
365.0
587.0
850.0
884.08
923.0
824.0
861.0
879.0
878.0
868.0
722.0
536.0
379.0
374.0
278.0
275.0
260.42
212.0
228.0
209.0
217.0
209.0
232.0
210.0
214.0
259.0
298.0
297.0
362.0
272.0
306.04
290.04
297.0
301.0
276.0
220.0
221.0
230.0
193.0
212.0
175.41
180.0
204.0
216.0
186.0
202.0
211.0
196.0
187.0
221.0
257.0
260.0
285.0
249.0
256.0
289.52
260.52
286.0
253.0
234.0
252.0
221.0
213.0
238.0
175.41
186.0
216.0
206.0
193.0
207.0
182.0
188.0
359.0
596.0
930.12
909.12
960.0
840.0
913.0
918.0
922.0
882.0
763.0
530.0
432.0
329.0
294.0
238.0
250.86
225.0
223.0
233.0
211.0
224.0
221.0
229.0
339.0
647.0
874.0
900.0
918.0
828.0
907.0
923.0
888.0
879.0
764.0
526.0
442.0
396.0
310.12
234.0
250.335
213.0
237.0
248.0
211.0
230.0
202.0
242.0
351.0
619.0
881.0
895.0
942.0
802.0
902.0
893.0
876.08
861.0
771.0
575.0
457.0
370.0
286.0
254.0
250.335
209.0
218.0
208.0
228.0
220.0
202.0
244.0
325.0
666.68
834.68
884.0
906.0
831.0
899.0
895.0
891.12
851.0
781.0
555.0
447.0
368.0
315.0
264.0
250.335
216.0
236.0
201.0
230.0
186.0
237.0
212.0
337.0
621.0
840.12
855.0
916.0
838.0
848.0
863.0
834.0
798.0
696.0
464.0
370.0
285.0
260.0
187.0
250.335
221.0
184.0
174.0
188.0
177.0
171.0
186.0
183.0
192.0
215.0
241.0
260.0
258.0
255.0
244.0
262.0
259.0
264.0
232.0
223.0
221.0
195.0
218.0
175.41
195.0
187.0
179.0
168.0
182.0
190.0
162.0
191.0
197.0
212.0
262.0
272.0
257.0
240.0
255.0
249.0
247.0
229.0
241.0
228.0
215.0
221.0
198.0
175.41
200.0
174.0
193.0
189.0
175.0
180.0
188.0
329.0
594.0
887.0
893.0
941.0
899.08
908.0
931.0
888.0
871.0
756.12
564.0
486.0
378.0
311.0
255.0
250.335
220.0
227.0
198.0
235.0
208.0
188.0
230.0
336.0
620.0
856.0
868.0
908.0
818.0
893.08
888.0
855.0
889.0
747.0
545.0
516.0
418.0
299.0
251.0
250.335
214.5
218.0
224.0
211.0
198.0
215.0
213.0
373.0
613.12
906.0
911.0
976.0
853.0
895.12
896.0
889.0
903.0
756.0
553.0
410.0
310.0
320.0
254.0
249.81
209.0
209.0
210.0
206.0
202.0
222.0
241.0
320.0
584.0
894.0
934.0
939.0
851.0
909.0
895.12
924.0
875.0
763.0
612.0
486.0
373.2
345.0
272.0
248.875
226.0
216.0
237.0
223.0
231.0
210.0
210.0
365.0
667.0
861.0
897.0
978.0
857.0
881.0
914.0
899.0
858.0
764.0
513.0
446.0
407.12
331.0
270.0
247.94
218.0
199.0
218.0
188.0
205.0
205.0
187.0
264.0
303.0
346.0
315.0
360.0
322.0
334.0
323.0
340.0
332.12
304.0
272.0
260.0
251.0
233.0
220.0
175.41
206.0
215.0
217.0
188.0
196.0
185.0
236.0
206.0
197.0
233.0
226.0
253.0
269.0
247.0
232.0
237.0
241.0
225.0
241.0
243.0
240.0
208.0
213.0
175.41
199.0
208.0
198.0
210.0
197.0
195.0
235.0
359.0
642.0
887.0
912.0
1021.0
907.0
957.0
944.0
931.0
917.0
796.12
570.0
465.0
386.0
323.0
272.0
250.91
213.0
226.0
221.0
234.0
245.0
218.0
229.0
392.0
670.0
929.0
963.12
1042.0
916.12
929.0
951.0
941.0
915.0
779.0
592.0
437.0
398.0
323.0
253.0
253.43
229.0
207.0
218.0
226.0
218.0
230.0
214.0
372.0
654.0
882.0
936.0
986.0
883.0
892.0
925.0
909.0
898.0
773.0
562.0
494.0
364.0
314.0
265.0
255.95
253.0
229.0
225.0
223.0
248.0
235.0
251.0
250.0
230.0
240.0
242.0
216.5
217.0
198.0
208.0
207.0
208.0
210.0
208.0
200.0
222.0
225.0
205.0
257.0
223.0
244.0
249.0
237.0
239.0
251.0
270.0
237.0
250.0
241.0
196.0
259.05
224.5
224.0
193.0
235.0
214.0
239.0
212.0
357.0
633.0
925.0
936.0
951.0
883.0
904.0
926.0
914.0
903.0
811.08
536.0
431.0
356.0
264.0
268.0
255.38
231.0
234.0
199.0
213.0
215.0
221.0
216.0
351.0
636.0
890.0
920.0
937.0
887.0
899.8
931.8
901.8
902.8
744.8
516.76
429.76
305.76
289.76
215.0
262.86
228.0
248.0
226.0
195.0
249.0
223.0
214.0
407.0
682.0
870.0
910.0
939.0
843.0
922.0
886.08
917.0
892.0
771.0
509.0
394.0
322.0
278.0
282.0
224.43
215.5
229.0
236.0
248.0
205.0
237.0
205.0
385.0
642.0
906.0
926.0
957.0
855.0
887.0
932.0
923.0
852.0
740.0
494.0
351.0
307.68
268.68
248.0
224.43
215.5
211.0
222.0
196.0
220.0
209.5
196.0
336.24
605.24
837.72
879.72
899.72
822.72
854.0
859.24
819.24
812.24
691.24
455.0
304.0
264.0
222.0
214.0
224.43
206.5
199.0
188.0
201.0
194.0
186.0
199.0
193.0
216.0
272.0
301.0
317.0
260.52
325.52
305.0
330.16
305.16
275.16
255.5
239.0
228.0
187.0
217.0
208.94
196.0
200.0
204.0
182.0
192.0
196.0
182.0
195.0
213.0
221.0
242.0
239.0
250.0
251.0
251.0
251.0
244.0
275.0
241.0
241.0
206.0
205.0
207.0
208.94
203.0
187.0
196.0
189.0
210.0
182.0
187.0
351.0
607.52
863.52
928.52
927.52
864.52
906.52
898.0
898.0
875.0
745.0
448.0
396.0
329.0
281.0
221.0
224.43
206.0
211.0
208.0
196.0
224.0
191.0
226.0
326.0
590.0
869.0
888.0
939.0
841.04
884.04
879.84
869.84
851.84
756.84
507.84
373.84
340.0
261.0
233.0
224.43
236.0
207.0
209.0
217.0
193.0
221.0
192.0
344.0
588.0
830.0
875.0
917.0
817.0
869.0
856.0
855.0
838.0
713.0
453.0
366.0
329.0
281.0
236.0
224.43
225.0
205.0
205.0
215.0
201.0
211.0
211.0
345.0
593.0
830.0
848.0
895.0
790.0
834.0
813.0
791.0
735.0
609.0
397.0
306.0
282.0
248.0
226.0
224.43
198.5
198.0
205.5
193.5
199.5
201.0
180.5
200.0
209.5
226.0
238.0
238.5
241.0
239.0
248.0
245.5
253.04
242.0
236.0
231.0
209.0
226.0
186.0
208.94
201.0
196.0
207.0
205.0
207.0
201.0
180.5
205.0
206.0
231.0
234.0
238.0
232.0
227.0
245.0
240.0
240.0
209.0
217.0
231.0
206.0
214.0
194.0
208.94
193.0
205.0
194.0
204.5
201.5
206.0
179.0
192.0
220.0
261.0
267.5
287.56
263.0
265.0
282.0
272.0
283.0
251.0
220.0
237.0
233.0
210.0
201.0
208.94
201.0
198.0
208.0
215.0
203.0
187.0
218.0
351.0
620.0
946.0
938.56
975.56
902.0
947.0
956.0
957.0
932.0
807.0
596.0
483.0
358.0
272.0
225.0
224.43
206.0
222.0
218.0
211.0
226.0
202.0
202.0
387.0
660.0
914.0
951.0
989.0
917.0
955.0
938.0
928.0
935.0
796.0
528.0
444.0
368.0
280.0
234.0
224.43
210.0
236.0
201.0
214.0
227.0
202.0
236.0
369.0
629.0
942.0
956.0
990.0
892.0
944.0
919.0
920.56
925.56
807.0
548.0
395.0
346.0
295.0
255.0
224.43
214.0
203.0
220.0
202.0
198.0
220.0
207.0
382.0
641.0
917.0
939.0
997.0
903.0
964.0
940.0
931.0
928.0
793.0
543.0
447.0
357.0
266.0
247.0
224.43
200.0
218.0
204.0
214.0
200.0
219.0
209.0
384.0
643.0
938.0
982.0
1019.0
891.0
949.0
944.0
897.0
902.0
778.0
534.0
391.0
345.04
278.04
246.0
224.43
210.0
205.0
210.0
204.0
196.0
216.0
197.0
201.0
219.0
273.0
301.0
284.0
275.0
298.0
291.0
311.0
278.0
264.0
252.0
230.0
224.0
215.0
182.0
208.94
204.0
201.0
191.0
189.0
202.0
199.0
190.0
188.0
200.0
242.0
250.0
282.0
290.0
270.0
282.0
253.0
289.0
261.0
263.0
223.0
229.0
221.0
205.0
208.94
213.0
200.0
209.0
212.0
201.5
210.0
196.0
367.0
623.0
943.0
984.0
1033.0
943.0
987.0
993.0
958.0
963.0
839.0
538.0
426.0
334.0
263.0
226.0
224.43
217.0
200.0
200.0
210.0
203.0
206.0
211.0
358.0
630.0
944.0
973.0
1030.0
944.0
993.0
986.0
956.0
960.0
807.0
563.0
449.0
327.0
284.0
252.0
224.43
224.0
207.0
196.0
226.0
202.0
203.0
225.0
360.0
647.0
933.0
954.0
1032.56
934.56
990.0
969.0
961.0
933.0
838.0
531.0
427.0
350.0
293.0
257.0
224.43
236.0
200.0
218.0
229.0
207.0
222.0
236.0
367.0
649.0
943.0
999.0
1041.0
942.0
962.0
957.0
927.0
949.0
786.0
564.0
457.0
362.0
272.0
249.0
224.43
215.0
207.0
207.0
211.0
202.0
213.0
206.0
369.0
650.0
925.0
978.0
1015.0
927.0
953.0
925.0
910.0
850.0
658.0
433.0
378.0
304.0
258.0
235.0
224.43
206.0
218.0
215.0
203.0
216.0
199.0
208.0
203.0
230.0
310.0
315.0
333.0
289.0
340.0
341.0
331.0
349.0
326.0
285.0
277.0
244.0
231.0
196.0
208.94
194.0
210.0
223.0
194.0
225.0
197.0
198.0
210.0
211.0
245.0
264.0
283.0
278.0
265.0
268.0
280.0
263.0
257.0
270.0
261.0
230.0
225.0
218.0
208.94
215.0
204.0
208.0
201.0
213.0
202.0
229.0
369.0
625.0
966.0
1004.0
1026.0
949.0
1001.0
956.0
970.0
945.0
826.0
594.0
445.0
364.0
294.0
236.0
224.43
228.0
213.0
221.0
219.0
213.0
214.0
240.0
381.0
638.0
945.0
950.0
994.0
910.0
988.0
992.0
971.0
946.0
825.0
556.0
466.0
388.0
293.0
273.0
224.43
224.0
235.0
202.0
229.0
200.0
222.0
235.0
383.0
620.0
939.0
965.0
1012.0
911.0
986.0
964.0
961.0
939.0
808.0
523.0
409.0
347.0
319.0
282.0
224.43
245.0
234.0
207.0
225.0
226.0
234.0
236.0
421.04
629.04
941.0
980.0
1030.0
940.0
921.0
950.0
933.0
916.0
764.0
600.0
486.0
381.0
305.0
242.0
224.43
207.0
218.0
212.0
221.0
207.0
199.0
239.0
388.0
640.0
948.0
944.0
989.0
887.0
938.0
932.0
921.0
899.0
737.0
496.0
401.0
353.0
268.0
229.0
224.43
216.0
204.0
218.0
214.0
197.0
216.0
204.0
198.0
266.0
339.56
361.56
362.0
323.0
342.0
357.0
354.0
358.0
327.0
264.0
243.0
237.0
234.0
220.0
208.94
215.0
213.0
219.0
208.0
213.0
192.0
217.0
201.0
242.0
341.0
330.0
378.0
324.0
352.0
366.0
345.0
355.0
361.0
280.0
252.0
227.0
202.0
173.0
208.94
176.0
178.0
211.0
212.0
171.0
188.0
193.0
352.0
545.0
960.0
1004.0
1040.0
926.0
975.0
973.0
982.0
965.0
856.0
619.0
463.0
315.0
261.0
250.0
224.43
201.0
207.0
210.0
203.0
205.0
202.0
229.0
372.0
654.0
879.0
975.0
997.0
920.0
937.0
930.0
925.0
904.0
742.0
486.0
422.0
342.0
269.0
236.0
224.43
202.0
205.0
208.0
202.0
207.0
198.0
229.0
349.0
657.0
946.0
999.0
1030.0
908.0
966.0
971.0
955.0
949.0
785.0
526.0
407.0
337.0
267.0
221.0
224.43
200.0
213.0
203.0
203.0
220.0
205.0
233.0
347.0
639.0
917.0
982.0
1005.0
899.0
958.0
921.0
938.0
907.0
759.0
470.0
376.0
340.0
299.0
245.0
224.43
223.0
231.0
222.0
204.0
233.0
217.0
225.0
387.0
625.0
941.0
877.0
866.0
825.0
831.0
821.0
805.0
781.0
631.0
493.0
396.0
276.0
251.0
247.0
224.43
227.0
215.0
220.0
202.0
915.0
935.08
892.0
899.0
873.0
792.0
418.0
322.0
269.0
258.0
226.0
259.97
231.0
197.0
210.0
216.0
239.0
191.0
211.0
197.0
204.0
241.0
258.0
244.0
254.0
297.0
280.0
291.0
258.0
253.0
261.0
230.0
252.0
214.0
234.0
176.915
204.0
225.0
225.0
218.0
203.0
218.0
187.0
207.0
232.0
210.0
214.0
312.0
269.0
291.5
232.0
253.0
250.0
238.0
234.0
235.0
208.0
217.0
211.0
176.915
233.0
212.0
223.0
195.0
212.0
210.0
212.0
335.0
625.0
936.0
972.0
1061.0
995.0
1003.0
1029.0
976.0
980.12
808.0
535.0
392.0
306.0
287.0
280.0
259.97
237.0
234.0
232.0
218.0
209.0
211.0
223.0
370.0
614.0
936.12
992.0
1025.12
968.0
994.0
968.0
952.0
995.0
846.0
542.0
444.0
357.0
309.0
246.0
259.97
237.0
219.0
246.0
223.0
217.0
220.0
213.0
360.0
637.0
915.0
949.0
1032.06
972.0
954.0
953.12
959.0
917.0
799.0
515.12
434.0
344.0
333.0
249.0
259.97
241.0
227.0
227.0
206.0
224.0
210.0
222.0
356.0
618.0
927.0
988.0
1039.0
969.0
966.12
997.0
980.12
960.0
852.0
568.0
410.0
358.0
296.0
268.0
259.97
268.0
222.0
237.0
233.0
226.0
229.0
205.0
372.0
597.0
919.0
953.0
1026.0
939.0
978.0
970.0
926.08
919.0
813.0
464.0
360.0
360.0
252.0
249.0
259.97
200.0
205.0
221.0
213.0
219.0
205.0
218.0
221.0
238.0
248.0
272.0
269.0
275.0
286.0
283.0
275.0
270.0
259.0
252.0
253.0
225.0
216.0
239.0
176.915
212.0
211.0
210.0
250.0
186.0
202.0
197.0
200.0
204.0
221.0
231.0
265.0
256.0
250.0
260.6
272.6
261.0
247.0
247.0
223.0
218.0
220.0
189.0
176.915
176.0
187.0
216.0
180.0
177.0
185.0
197.0
333.0
626.0
836.12
961.5
1062.0
971.0
984.0
995.0
953.08
962.0
837.0
575.0
448.0
377.0
300.0
279.0
259.97
232.0
205.0
257.0
216.0
216.0
202.0
230.0
357.0
648.0
919.0
970.0
1055.5
950.12
984.0
1035.0
962.0
936.24
856.0
601.0
474.0
376.0
311.0
262.0
270.94
239.0
247.0
247.0
236.0
222.0
226.0
244.0
375.0
643.0
958.0
953.12
1049.0
964.0
969.0
987.24
985.0
945.0
812.0
600.0
399.0
409.0
343.0
257.0
262.93
239.0
239.0
257.0
226.0
238.0
233.0
221.0
384.0
639.0
953.0
963.0
1048.0
950.0
993.0
949.0
968.0
964.0
825.12
597.0
478.0
381.0
316.0
285.0
262.93
248.0
249.0
226.0
244.0
231.0
222.0
245.0
375.0
650.0
935.0
971.0
1058.0
951.08
984.0
969.0
949.0
963.0
793.0
599.0
409.0
332.0
287.0
289.0
262.93
202.0
198.0
200.0
208.0
222.0
194.0
190.0
203.0
226.0
239.0
242.0
260.0
259.0
264.0
283.0
244.0
268.0
247.0
214.0
230.0
243.0
201.0
212.0
176.915
191.0
206.0
218.0
195.0
218.5
196.5
199.0
209.0
221.5
223.0
253.04
314.16
305.16
254.4
275.48
262.48
268.84
262.84
239.5
232.5
248.0
214.0
196.0
176.915
196.0
217.0
191.0
202.0
215.0
208.0
208.0
359.0
654.0
931.0
1018.0
1024.0
952.0
1014.0
986.0
990.0
941.0
817.0
527.0
432.0
351.0
290.0
308.0
254.92
224.0
241.0
227.0
237.0
210.0
248.0
230.0
402.0
630.0
970.0
992.0
1048.12
991.0
999.0
994.0
967.0
977.0
834.0
606.0
449.0
437.0
299.0
267.0
253.41
258.0
204.0
229.0
225.0
209.0
232.0
217.0
381.0
674.0
944.12
1013.0
1051.7199999999998
974.0
1056.0
1004.12
988.0
978.0
848.0
571.0
429.0
421.0
321.0
277.0
253.41
227.0
238.0
218.0
236.0
216.0
216.0
248.0
385.0
688.0
911.0
980.0
1051.7199999999998
958.0
1003.0
963.08
958.0
951.0
845.0
566.08
439.0
373.0
321.0
266.0
253.41
216.0
220.0
239.0
228.0
226.0
206.0
232.0
388.0
666.0
940.0
962.0
1051.7199999999998
946.68
973.68
999.12
948.0
909.0
805.0
488.0
359.0
337.0
275.0
245.0
253.41
202.0
203.0
205.0
213.0
215.0
199.0
208.0
215.0
221.5
223.0
264.08
243.08
311.64
255.7
268.74
279.04
246.04
232.0
239.5
232.5
248.0
204.5
231.0
176.915
200.0
200.0
181.0
190.0
197.0
216.0
196.0
205.0
217.0
207.0
239.0
272.0
318.12
257.0
262.0
243.0
264.0
221.0
265.0
235.0
253.0
195.0
215.0
176.915
188.0
224.0
195.0
197.0
204.0
187.0
185.0
369.0
632.0
950.32
1007.32
1055.32
959.0
1006.4
973.4
994.4
967.52
843.4
585.12
426.0
474.0
309.0
258.0
253.41
231.0
211.0
227.0
241.0
217.0
223.0
240.0
350.0
625.8
957.32
1002.32
1048.12
964.12
989.12
955.44
978.44
934.44
865.44
583.44
446.64
357.0
318.0
276.0
253.41
223.5
206.0
225.0
236.5
235.0
231.0
219.0
376.0
642.0
923.0
957.0
1049.0
934.0
969.08
959.08
942.12
900.0
842.0
520.0
431.0
356.0
290.0
258.0
251.9
216.0
201.0
223.0
232.0
211.0
214.0
212.0
376.0
663.0
909.0
952.0
1045.0
937.0
948.0
971.24
924.0
906.0
812.0
512.0
364.0
343.0
317.0
253.0
249.905
217.0
211.0
194.0
213.0
195.0
214.0
206.0
342.0
599.0
905.0
929.0
1030.0
956.0
954.0
913.0
903.0
884.0
773.0
507.0
362.0
315.0
255.0
237.0
249.905
194.0
192.0
205.0
195.0
197.0
204.0
189.5
213.0
212.0
255.0
285.0
270.52
251.52
286.0
267.0
243.0
252.0
246.0
245.0
221.0
211.0
217.0
202.0
176.915
216.0
201.0
200.0
186.0
189.0
192.0
183.0
196.0
189.0
219.0
224.0
291.0
284.0
241.0
242.0
251.0
268.0
255.0
226.0
241.0
229.0
231.0
208.0
176.915
185.0
193.0
188.0
193.0
202.0
185.0
212.0
350.0
637.0
972.0
928.0
1048.0
959.0
959.12
990.0
946.0
935.0
823.0
531.0
477.16
362.0
316.0
245.0
249.905
273.24
203.5
256.24
199.0
280.24
197.0
216.5
349.24
609.24
787.24
978.0
1044.0
945.0
967.0
990.0
961.0
914.0
817.0
565.0
423.0
349.0
288.0
242.0
249.905
234.62
214.0
245.0
205.0
218.0
209.0
221.0
361.0
671.0
929.0
997.0
1063.0
956.0
967.0
974.0
955.0
922.0
808.0
522.0
427.0
387.0
310.0
239.0
249.905
234.62
214.0
228.0
215.0
213.0
211.0
225.0
394.0
677.0
940.0
979.0
1062.24
956.0
948.0
951.0
949.16
960.0
815.0
492.0
395.0
344.12
292.0
244.0
249.905
234.62
238.0
197.0
206.5
213.0
199.0
217.0
367.0
646.0
944.0
932.0
1029.0
904.0
1000.0
940.0
939.0
895.0
810.0
487.0
330.0
312.0
279.0
225.0
249.905
205.0
218.0
185.0
191.0
173.0
186.0
194.0
208.0
204.0
273.0
297.0
296.0
298.0
295.0
299.0
299.0
298.0
264.0
244.0
231.0
224.0
223.0
200.0
176.915
193.0
206.0
182.0
203.0
174.0
190.0
188.0
167.0
192.0
230.0
208.0
244.0
270.0
234.0
240.0
258.0
232.0
241.0
229.0
228.0
241.0
217.0
207.0
176.915
196.0
196.0
197.0
198.0
215.0
183.0
202.0
349.0
591.0
894.0
920.0
992.0
950.0
987.12
945.0
929.0
881.0
792.0
543.0
432.0
297.0
283.12
240.0
249.905
233.0
213.0
196.0
232.0
212.0
205.0
219.0
356.0
590.0
931.0
931.0
1040.0
946.0
989.0
996.12
960.0
952.0
855.0
567.0
455.0
356.0
291.0
248.0
249.905
218.0
231.0
227.0
218.0
228.0
220.0
255.0
378.0
622.0
950.0
998.0
1057.52
956.52
1009.0
970.0
934.0
937.0
798.0
482.0
436.0
361.0
292.0
279.0
249.905
238.0
203.0
214.0
220.0
217.0
246.0
213.0
374.0
641.0
930.0
945.0
1039.12
939.0
954.0
983.0
935.0
952.0
830.0
578.0
430.0
389.0
338.0
258.0
247.91
246.0
230.0
208.0
221.0
852.0
811.0
808.0
768.0
661.0
432.0
346.0
282.0
204.5
416.0
219.845
202.5
182.54
190.0
177.5
577.0
183.0
202.0
279.0
512.0
788.0
798.0
869.0
778.0
835.0
805.0
802.0
768.0
617.0
432.0
353.0
278.0
248.0
219.0
219.845
202.5
168.08
189.0
173.0
179.0
170.0
217.0
278.0
517.0
788.0
770.0
847.0
744.0
829.0
770.0
779.0
758.0
620.0
445.0
335.0
320.0
278.0
233.0
219.845
195.0
187.0
179.0
175.0
181.0
166.0
202.0
289.0
551.0
805.0
241.0
865.0
776.0
849.0
827.0
803.0
801.0
671.0
464.0
388.0
324.0
255.0
217.0
219.845
196.0
192.0
176.0
182.5
178.0
184.0
211.0
285.0
506.0
807.0
810.0
883.0
808.0
844.0
814.0
810.0
783.0
640.0
411.0
331.0
282.0
230.0
200.0
219.845
182.0
196.0
178.0
164.0
190.0
158.0
192.0
179.0
207.0
304.0
332.0
315.0
262.0
306.0
342.0
306.0
319.0
293.0
222.0
213.0
193.0
199.0
194.0
158.87
184.0
186.0
166.0
192.0
188.0
162.0
181.0
192.0
241.0
295.0
299.0
316.0
274.0
317.0
318.0
312.0
323.0
277.0
251.0
212.0
212.0
206.0
187.0
158.87
182.0
181.0
175.0
190.0
176.0
182.0
204.0
294.0
538.0
808.0
819.0
902.0
830.0
849.0
842.0
835.0
802.0
655.0
451.0
366.0
303.0
225.0
220.0
219.845
203.0
197.0
166.52
191.5
178.5
193.5
207.0
295.0
536.68
813.68
803.68
866.0
777.0
821.0
832.0
806.0
779.0
681.0
493.0
379.0
317.0
245.0
218.0
219.845
200.0
190.0
199.0
193.0
181.0
205.0
205.0
277.0
513.0
734.0
771.0
837.0
790.0
796.0
758.0
775.0
745.0
614.0
405.0
326.0
281.0
222.0
225.0
169.86
193.5
190.0
182.5
242.68
221.59
180.38
271.52
304.84
484.36
689.36
753.52
748.52
657.64
724.16
735.16
711.16
725.16
622.76
443.76
386.4
311.4
284.4
272.76
206.395
187.0
190.0
182.5
266.84000000000003
221.59
180.38
135.8
283.42
151.0
676.52
790.76
812.26
556.0
763.0
1011.0
702.0
779.0
624.0
357.0
259.0
241.0
203.0
241.38
206.395
359.52
150.52
164.18
263.0
175.0
241.0
157.0
164.0
202.0
252.0
255.0
261.0
223.0
246.0
248.0
254.0
238.0
214.0
205.0
198.0
185.0
188.0
168.0
158.87
263.3
158.76
162.36
217.0
175.0
203.0
159.36
159.0
178.5
221.0
213.5
242.5
237.0
211.0
225.5
221.5
216.0
190.5
189.5
188.0
173.0
178.0
174.5
158.87
173.0
192.0
166.0
266.84000000000003
221.59
155.76
205.99
262.0
524.0
795.0
828.0
876.0
779.0
829.0
364.0
721.5
793.0
651.0
444.0
333.0
286.0
228.0
210.0
206.395
220.09
202.0
212.1
291.0
221.59
140.0
205.99
285.6
951.0
805.0
759.0
831.0
284.0
769.0899999999998
790.0
741.0
777.0
634.0
430.0
328.0
288.0
249.0
203.0
206.395
267.18
264.18
258.2
260.18
262.18
257.18
276.18
309.2
512.18
698.18
719.18
722.18
614.2
709.18
700.18
584.18
454.18
494.2
660.18
263.18
348.0
227.0
194.0
206.395
263.3
167.0
164.0
171.0
162.0
165.0
166.0
154.0
155.0
190.0
172.0
224.0
251.0
176.0
203.0
189.0
194.0
167.0
174.0
178.0
161.0
168.0
181.0
147.84
167.08
176.0
150.0
171.0
178.0
154.0
165.0
162.0
170.0
189.0
205.0
229.0
255.0
197.0
201.0
176.0
210.0
187.0
170.0
176.0
188.0
160.0
184.0
149.385
155.08
177.0
160.0
170.0
170.0
153.0
152.0
162.0
160.0
178.0
190.0
183.0
204.0
178.0
199.0
218.0
190.0
179.0
198.0
187.0
170.0
178.0
179.0
150.93
160.0
190.0
149.0
164.0
177.0
161.0
188.0
281.0
507.0
731.0
790.0
818.0
748.0
838.0
824.0
815.0
805.0
656.0
429.0
357.0
317.0
286.0
228.0
242.93
230.0
239.0
197.0
244.0
212.0
223.0
242.0
315.0
577.0
778.0
803.0
636.0
979.0
625.0
946.0
777.0
777.0
625.0
425.0
230.0
301.0
250.5
413.0
193.41
202.0
206.0
450.0
477.0
191.5
248.0
144.0
234.0
242.0
207.0
206.0
243.0
230.0
709.0
684.0
718.0
699.0
612.0
430.0
354.0
285.0
215.0
214.0
193.41
174.0
173.0
180.0
173.0
171.0
180.0
179.0
222.0
409.0
682.0
490.0
823.0
719.0
793.0
796.0
768.0
772.0
634.0
449.0
376.0
310.0
242.0
222.0
193.41
167.0
174.0
188.0
167.0
173.0
181.0
197.0
251.0
461.0
745.0
774.0
827.0
743.0
769.0
743.0
773.0
761.0
681.0
468.0
418.0
312.0
242.0
232.0
193.41
177.0
166.0
190.0
160.0
164.0
186.0
182.0
252.0
439.0
745.0
791.0
833.0
749.0
778.0
758.0
764.0
723.0
639.0
382.0
341.0
262.0
223.0
212.0
193.41
178.0
174.0
172.0
153.0
194.0
167.0
155.0
168.0
185.0
244.0
251.0
260.0
246.0
268.0
271.0
265.0
260.0
213.0
192.0
199.0
202.0
164.0
177.5
160.42000000000004
168.0
161.0
172.0
146.5
161.0
181.0
166.0
177.0
201.0
246.0
280.0
308.0
237.0
287.0
287.0
321.0
286.0
236.0
223.0
185.0
172.0
191.0
176.0
169.91
160.0
165.0
168.0
153.0
181.0
152.0
180.0
284.0
437.0
753.0
807.0
883.0
799.0
826.0
813.0
811.0
801.0
701.0
465.0
411.0
353.0
260.0
247.0
193.41
191.0
188.0
178.0
175.0
205.0
156.0
208.0
264.0
480.0
772.0
806.0
882.0
780.0
815.0
799.0
814.0
789.0
687.0
487.0
438.0
354.0
266.0
248.0
193.41
183.0
198.0
161.0
200.0
168.0
186.0
188.0
267.0
522.0
779.0
839.0
894.0
837.0
838.0
808.0
805.0
798.0
703.0
477.0
454.0
365.0
292.0
271.0
193.41
224.0
203.0
188.0
191.0
192.0
189.0
214.0
264.0
469.0
792.0
811.0
873.0
775.0
809.0
778.0
761.0
758.0
645.0
449.0
373.0
334.0
268.0
243.0
193.41
184.0
192.0
208.0
183.0
203.0
163.5
191.0
266.0
475.0
734.0
764.0
835.0
768.0
758.0
702.0
688.0
568.0
484.0
337.0
256.0
242.0
222.0
159.0
143.89
171.0
147.0
161.0
146.5
146.0
140.0
130.0
135.0
132.0
148.0
161.0
171.0
151.56
161.56
165.0
173.0
148.0
165.0
161.0
131.0
162.0
154.0
129.0
145.87
136.0
133.0
154.0
140.0
132.0
147.0
129.5
136.0
148.0
189.0
181.0
171.0
194.0
205.0
188.0
182.0
182.0
156.0
134.0
158.0
162.0
137.0
136.0
159.84
138.04
148.04
145.0
139.0
150.0
136.0
129.0
137.0
144.0
162.0
151.0
211.0
197.0
180.0
171.0
186.0
162.0
141.0
145.0
175.0
146.0
140.0
137.0
155.88
133.0
138.0
146.0
146.0
135.0
133.0
131.0
138.0
132.0
148.0
167.0
192.0
200.0
187.0
162.0
172.5
161.0
175.0
140.0
148.0
150.0
145.0
137.0
138.86
135.0
133.0
159.0
134.0
141.0
135.5
141.0
139.0
149.08
168.08
188.0
208.0
200.0
183.0
193.0
159.0
172.0
192.0
151.0
172.0
133.0
159.0
152.0
140.9
159.0
138.0
148.0
142.0
150.0
138.0
138.0
129.0
137.0
160.0
177.0
211.0
207.0
175.0
178.0
175.0
155.0
180.0
156.0
158.0
139.0
155.0
129.0
163.82
164.5
137.0
151.0
148.0
147.0
129.0
144.5
142.0
140.0
189.0
179.0
242.0
235.0
217.0
187.0
200.0
196.0
186.0
173.5
158.08
171.0
151.0
139.0
149.87
136.0
137.0
143.0
141.0
134.0
138.0
191.0
246.5
409.56
694.0
725.0
751.0
648.0
724.0
698.0
709.0
695.0
562.0
348.0
275.0
263.0
220.0
188.0
143.89
173.0
151.0
162.0
168.0
151.0
166.0
168.0
227.0
429.0
689.0
687.0
750.0
635.0
697.0
685.0
709.0
679.0
574.0
323.0
271.0
244.0
244.0
196.0
143.89
178.0
165.0
181.0
173.0
170.0
212.0
210.0
212.0
335.0
625.0
936.0
972.0
1061.0
995.0
1003.0
1029.0
976.0
980.12
808.0
535.0
392.0
306.0
287.0
280.0
259.97
237.0
234.0
232.0
218.0
209.0
211.0
223.0
370.0
614.0
936.12
992.0
1025.12
968.0
994.0
968.0
952.0
995.0
846.0
542.0
444.0
357.0
309.0
246.0
259.97
237.0
219.0
246.0
223.0
217.0
220.0
213.0
360.0
637.0
915.0
949.0
1032.06
972.0
954.0
953.12
959.0
917.0
799.0
515.12
434.0
344.0
333.0
249.0
259.97
241.0
227.0
227.0
206.0
224.0
210.0
222.0
356.0
618.0
927.0
988.0
1039.0
969.0
966.12
997.0
980.12
960.0
852.0
568.0
410.0
358.0
296.0
268.0
259.97
268.0
222.0
237.0
233.0
226.0
229.0
205.0
372.0
597.0
919.0
953.0
1026.0
939.0
978.0
970.0
926.08
919.0
813.0
464.0
360.0
360.0
252.0
249.0
259.97
200.0
205.0
221.0
213.0
219.0
205.0
218.0
221.0
238.0
248.0
272.0
269.0
275.0
286.0
283.0
275.0
270.0
259.0
252.0
253.0
225.0
216.0
239.0
176.915
212.0
211.0
210.0
250.0
186.0
202.0
197.0
200.0
204.0
221.0
231.0
265.0
256.0
250.0
260.6
272.6
261.0
247.0
247.0
223.0
218.0
220.0
189.0
176.915
176.0
187.0
216.0
180.0
177.0
185.0
197.0
333.0
626.0
836.12
961.5
1062.0
971.0
984.0
995.0
953.08
962.0
837.0
575.0
448.0
377.0
300.0
279.0
259.97
232.0
205.0
257.0
216.0
216.0
202.0
230.0
357.0
648.0
919.0
970.0
1055.5
950.12
984.0
1035.0
962.0
936.24
856.0
601.0
474.0
376.0
311.0
262.0
270.94
239.0
247.0
247.0
236.0
222.0
226.0
244.0
375.0
643.0
958.0
953.12
1049.0
964.0
969.0
987.24
985.0
945.0
812.0
600.0
399.0
409.0
343.0
257.0
262.93
239.0
239.0
257.0
226.0
238.0
233.0
221.0
384.0
639.0
953.0
963.0
1048.0
950.0
993.0
949.0
968.0
964.0
825.12
597.0
478.0
381.0
316.0
285.0
262.93
248.0
249.0
226.0
244.0
231.0
222.0
245.0
375.0
650.0
935.0
971.0
1058.0
951.08
984.0
969.0
949.0
963.0
793.0
599.0
409.0
332.0
287.0
289.0
262.93
202.0
198.0
200.0
208.0
222.0
194.0
190.0
203.0
226.0
239.0
242.0
260.0
259.0
264.0
283.0
244.0
268.0
247.0
214.0
230.0
243.0
201.0
212.0
176.915
191.0
206.0
218.0
195.0
218.5
196.5
199.0
209.0
221.5
223.0
253.04
314.16
305.16
254.4
275.48
262.48
268.84
262.84
239.5
232.5
248.0
214.0
196.0
176.915
196.0
217.0
191.0
202.0
215.0
208.0
208.0
359.0
654.0
931.0
1018.0
1024.0
952.0
1014.0
986.0
990.0
941.0
817.0
527.0
432.0
351.0
290.0
308.0
254.92
224.0
241.0
227.0
237.0
210.0
248.0
230.0
402.0
630.0
970.0
992.0
1048.12
991.0
999.0
994.0
967.0
977.0
834.0
606.0
449.0
437.0
299.0
267.0
253.41
258.0
204.0
229.0
225.0
209.0
232.0
217.0
381.0
674.0
944.12
1013.0
1051.7199999999998
974.0
1056.0
1004.12
988.0
978.0
848.0
571.0
429.0
421.0
321.0
277.0
253.41
227.0
238.0
218.0
236.0
216.0
216.0
248.0
385.0
688.0
911.0
980.0
1051.7199999999998
958.0
1003.0
963.08
958.0
951.0
845.0
566.08
439.0
373.0
321.0
266.0
253.41
216.0
220.0
239.0
228.0
226.0
206.0
232.0
388.0
666.0
940.0
962.0
1051.7199999999998
946.68
973.68
999.12
948.0
909.0
805.0
488.0
359.0
337.0
275.0
245.0
253.41
202.0
203.0
205.0
213.0
215.0
199.0
208.0
215.0
221.5
223.0
264.08
243.08
311.64
255.7
268.74
279.04
246.04
232.0
239.5
232.5
248.0
204.5
231.0
176.915
200.0
200.0
181.0
190.0
197.0
216.0
196.0
205.0
217.0
207.0
239.0
272.0
318.12
257.0
262.0
243.0
264.0
221.0
265.0
235.0
253.0
195.0
215.0
176.915
188.0
224.0
195.0
197.0
204.0
187.0
185.0
369.0
632.0
950.32
1007.32
1055.32
959.0
1006.4
973.4
994.4
967.52
843.4
585.12
426.0
474.0
309.0
258.0
253.41
231.0
211.0
227.0
241.0
217.0
223.0
240.0
350.0
625.8
957.32
1002.32
1048.12
964.12
989.12
955.44
978.44
934.44
865.44
583.44
446.64
357.0
318.0
276.0
253.41
223.5
206.0
225.0
236.5
235.0
231.0
219.0
376.0
642.0
923.0
957.0
1049.0
934.0
969.08
959.08
942.12
900.0
842.0
520.0
431.0
356.0
290.0
258.0
251.9
216.0
201.0
223.0
232.0
211.0
214.0
212.0
376.0
663.0
909.0
952.0
1045.0
937.0
948.0
971.24
924.0
906.0
812.0
512.0
364.0
343.0
317.0
253.0
249.905
217.0
211.0
194.0
213.0
195.0
214.0
206.0
342.0
599.0
905.0
929.0
1030.0
956.0
954.0
913.0
903.0
884.0
773.0
507.0
362.0
315.0
255.0
237.0
249.905
194.0
192.0
205.0
195.0
197.0
204.0
189.5
213.0
212.0
255.0
285.0
270.52
251.52
286.0
267.0
243.0
252.0
246.0
245.0
221.0
211.0
217.0
202.0
176.915
216.0
201.0
200.0
186.0
189.0
192.0
183.0
196.0
189.0
219.0
224.0
291.0
284.0
241.0
242.0
251.0
268.0
255.0
226.0
241.0
229.0
231.0
208.0
176.915
185.0
193.0
188.0
193.0
202.0
185.0
212.0
350.0
637.0
972.0
928.0
1048.0
959.0
959.12
990.0
946.0
935.0
823.0
531.0
477.16
362.0
316.0
245.0
249.905
273.24
203.5
256.24
199.0
280.24
197.0
216.5
349.24
609.24
787.24
978.0
1044.0
945.0
967.0
990.0
961.0
914.0
817.0
565.0
423.0
349.0
288.0
242.0
249.905
234.62
214.0
245.0
205.0
218.0
209.0
221.0
361.0
671.0
929.0
997.0
1063.0
956.0
967.0
974.0
955.0
922.0
808.0
522.0
427.0
387.0
310.0
239.0
249.905
234.62
214.0
228.0
215.0
213.0
211.0
225.0
394.0
677.0
940.0
979.0
1062.24
956.0
948.0
951.0
949.16
960.0
815.0
492.0
395.0
344.12
292.0
244.0
249.905
234.62
238.0
197.0
206.5
213.0
199.0
217.0
367.0
646.0
944.0
932.0
1029.0
904.0
1000.0
940.0
939.0
895.0
810.0
487.0
330.0
312.0
279.0
225.0
249.905
205.0
218.0
185.0
191.0
173.0
186.0
194.0
208.0
204.0
273.0
297.0
296.0
298.0
295.0
299.0
299.0
298.0
264.0
244.0
231.0
224.0
223.0
200.0
176.915
193.0
206.0
182.0
203.0
174.0
190.0
188.0
167.0
192.0
230.0
208.0
244.0
270.0
234.0
240.0
258.0
232.0
241.0
229.0
228.0
241.0
217.0
207.0
176.915
196.0
196.0
197.0
198.0
215.0
183.0
202.0
349.0
591.0
894.0
920.0
992.0
950.0
987.12
945.0
929.0
881.0
792.0
543.0
432.0
297.0
283.12
240.0
249.905
233.0
213.0
196.0
232.0
212.0
205.0
219.0
356.0
590.0
931.0
931.0
1040.0
946.0
989.0
996.12
960.0
952.0
855.0
567.0
455.0
356.0
291.0
248.0
249.905
218.0
231.0
227.0
218.0
228.0
220.0
255.0
378.0
622.0
950.0
998.0
1057.52
956.52
1009.0
970.0
934.0
937.0
798.0
482.0
436.0
361.0
292.0
279.0
249.905
238.0
203.0
214.0
220.0
217.0
246.0
213.0
374.0
641.0
930.0
945.0
1039.12
939.0
954.0
983.0
935.0
952.0
830.0
578.0
430.0
389.0
338.0
258.0
247.91
246.0
230.0
208.0
221.0
209.0
235.0
240.0
364.0
624.0
958.12
965.12
1018.0
972.0
950.0
941.0
980.0
923.0
812.0
498.0
432.0
361.0
325.0
246.0
251.385
207.0
242.0
204.0
204.0
209.0
188.0
221.0
245.0
228.0
260.0
286.0
284.0
251.0
315.0
276.0
300.0
288.0
257.0
257.0
246.0
238.0
225.0
218.0
176.915
221.0
233.0
198.0
186.0
212.0
199.0
190.0
216.0
223.0
208.0
217.0
292.0
268.0
241.0
220.0
217.0
242.0
231.0
211.0
228.0
343.0
317.0
253.0
249.905
217.0
211.0
194.0
213.0
195.0
214.0
206.0
342.0
599.0
905.0
929.0
1030.0
956.0
954.0
913.0
903.0
884.0
773.0
507.0
362.0
315.0
255.0
237.0
249.905
194.0
192.0
205.0
195.0
197.0
204.0
189.5
213.0
212.0
255.0
285.0
270.52
251.52
286.0
267.0
243.0
252.0
246.0
245.0
221.0
211.0
217.0
202.0
176.915
216.0
201.0
200.0
186.0
189.0
192.0
183.0
196.0
189.0
219.0
224.0
291.0
284.0
241.0
242.0
251.0
268.0
255.0
226.0
241.0
229.0
231.0
208.0
176.915
185.0
193.0
188.0
193.0
202.0
185.0
212.0
350.0
637.0
972.0
928.0
1048.0
959.0
959.12
990.0
946.0
935.0
823.0
531.0
477.16
362.0
316.0
245.0
249.905
273.24
203.5
256.24
199.0
280.24
197.0
216.5
349.24
609.24
787.24
978.0
1044.0
945.0
967.0
990.0
961.0
914.0
817.0
565.0
423.0
349.0
288.0
242.0
249.905
234.62
214.0
245.0
205.0
218.0
209.0
221.0
361.0
671.0
929.0
997.0
1063.0
956.0
967.0
974.0
955.0
922.0
808.0
522.0
427.0
387.0
310.0
239.0
249.905
234.62
214.0
228.0
215.0
213.0
211.0
225.0
394.0
677.0
940.0
979.0
1062.24
956.0
948.0
951.0
949.16
960.0
815.0
492.0
395.0
344.12
292.0
244.0
249.905
234.62
238.0
197.0
206.5
213.0
199.0
217.0
367.0
646.0
944.0
932.0
1029.0
904.0
1000.0
940.0
939.0
895.0
810.0
487.0
330.0
312.0
279.0
225.0
249.905
205.0
218.0
185.0
191.0
173.0
186.0
194.0
208.0
204.0
273.0
297.0
296.0
298.0
295.0
299.0
299.0
298.0
264.0
244.0
231.0
224.0
223.0
200.0
176.915
193.0
206.0
182.0
203.0
174.0
190.0
188.0
167.0
192.0
230.0
208.0
244.0
270.0
234.0
240.0
258.0
232.0
241.0
229.0
228.0
241.0
217.0
207.0
176.915
196.0
196.0
197.0
198.0
215.0
183.0
202.0
349.0
591.0
894.0
920.0
992.0
950.0
987.12
945.0
929.0
881.0
792.0
543.0
432.0
297.0
283.12
240.0
249.905
233.0
213.0
196.0
232.0
212.0
205.0
219.0
356.0
590.0
931.0
931.0
1040.0
946.0
989.0
996.12
960.0
952.0
855.0
567.0
455.0
356.0
291.0
248.0
249.905
218.0
231.0
227.0
218.0
228.0
220.0
255.0
378.0
622.0
950.0
998.0
1057.52
956.52
1009.0
970.0
934.0
937.0
798.0
482.0
436.0
361.0
292.0
279.0
249.905
238.0
203.0
214.0
220.0
217.0
246.0
213.0
374.0
641.0
930.0
945.0
1039.12
939.0
954.0
983.0
935.0
952.0
830.0
578.0
430.0
389.0
338.0
258.0
247.91
246.0
230.0
208.0
221.0
209.0
235.0
240.0
364.0
624.0
958.12
965.12
1018.0
972.0
950.0
941.0
980.0
923.0
812.0
498.0
432.0
361.0
325.0
246.0
251.385
207.0
242.0
204.0
204.0
209.0
188.0
221.0
245.0
228.0
260.0
286.0
284.0
251.0
315.0
276.0
300.0
288.0
257.0
257.0
246.0
238.0
225.0
218.0
176.915
221.0
233.0
198.0
186.0
212.0
199.0
190.0
216.0
223.0
208.0
217.0
292.0
268.0
241.0
220.0
217.0
242.0
231.0
211.0
228.0
241.0
221.0
215.0
176.915
202.0
199.0
211.0
215.0
199.0
188.0
215.0
345.0
691.0
965.0
1001.12
1021.64
952.0
991.0
996.0
972.08
951.0
810.0
552.12
459.0
407.0
335.0
268.0
251.385
219.5
222.5
215.5
228.5
205.5
191.0
243.28
399.28
653.28
910.28
951.28
1025.28
949.28
970.28
947.0
945.12
915.0
796.0
532.0
463.0
367.0
313.0
270.0
254.86
237.0
246.0
220.0
242.0
212.0
191.0
220.64
411.0
664.0
928.0
917.0
1003.12
922.0
949.0
933.0
936.08
900.0
745.0
453.0
401.0
298.0
288.0
222.0
258.545
204.0
211.0
205.0
192.0
216.0
213.0
190.0
222.0
201.0
226.0
214.0
295.0
280.0
224.0
259.0
234.0
223.0
238.0
204.0
242.0
211.0
212.0
184.0
176.915
211.0
188.0
183.0
199.0
194.0
170.0
193.0
187.0
241.0
251.0
216.0
324.0
309.0
253.0
232.0
228.0
261.0
225.5
213.0
216.0
209.0
190.0
195.0
176.915
199.0
199.0
226.0
185.0
199.0
185.0
181.0
195.0
204.0
213.0
219.0
237.0
218.0
224.0
234.0
231.0
249.0
213.0
222.0
213.0
223.0
205.0
198.0
176.915
208.0
204.0
197.0
196.0
199.0
194.0
198.0
365.0
667.0
905.0
947.0
1052.0
927.0
975.0
927.0
942.0
899.0
797.0
455.0
358.0
336.0
292.0
235.0
258.545
217.5
225.0
237.0
235.0
198.0
213.0
214.0
371.0
640.0
947.0
973.0
1051.0
960.24
1024.0
1002.0
978.0
978.0
872.12
642.0
518.0
365.12
311.0
275.0
262.23
217.5
227.0
236.0
254.0
220.0
238.0
221.0
412.04
626.04
928.0
1009.0
1055.0
948.0
995.0
986.0
987.0
942.0
793.0
640.12
445.0
369.0
313.0
262.0
243.27
217.5
226.0
221.0
242.0
201.0
235.0
262.0
359.0
629.0
938.0
978.0
1043.0
959.0
976.0
935.0
952.0
946.96
798.84
546.84
427.52
350.0
306.0
260.0
247.76
217.5
221.0
215.0
212.0
214.0
206.0
217.0
373.08
644.0
923.0
968.12
1028.28
932.28
972.28
940.28
911.0
895.0
808.12
516.0
411.0
342.0
300.0
245.0
252.25
217.5
214.0
217.0
213.0
231.0
242.0
215.0
378.0
629.0
873.0
896.0
989.0
881.0
877.0
947.0
863.0
875.0
786.0
495.0
388.0
352.0
273.0
241.0
251.115
203.0
201.0
215.0
195.0
205.5
192.0
189.0
196.5
222.0
228.0
223.0
249.0
240.0
223.0
237.0
254.0
222.0
225.0
233.0
216.0
219.0
216.0
206.0
176.915
207.0
203.0
204.0
205.0
212.0
199.0
197.0
198.0
200.0
210.0
236.0
249.0
244.0
235.0
239.0
220.0
252.0
220.0
235.0
245.0
220.5
207.0
215.0
176.915
227.0
207.0
217.0
221.0
197.0
193.0
200.0
401.56
596.56
882.0
961.0
1017.12
925.0
939.0
940.0
924.0
913.0
791.0
565.0
435.0
354.0
270.0
245.0
251.115
230.0
216.0
219.0
229.0
207.0
213.0
244.0
339.0
655.0
900.0
934.0
981.12
883.0
919.0
935.0
907.0
913.0
778.0
452.0
386.0
356.0
278.0
235.0
251.115
230.5
226.0
209.0
221.0
222.0
219.0
214.0
360.0
629.0
894.0
941.0
1003.0
910.0
939.32
924.32
918.4
873.56
779.56
487.56
407.08
340.2
288.08
253.5
251.115
230.5
208.0
204.5
233.0
218.0
221.5
210.0
378.16
649.16
909.92
946.0
1007.92
872.92
921.16
909.04
882.76
879.76
740.76
557.88
412.76
378.36
330.04
272.0
251.115
230.5
209.5
204.5
245.0
214.0
224.0
231.0
380.0
614.0
908.0
965.0
982.0
917.0
919.0
906.0
892.0
909.0
727.0
451.0
374.0
323.0
279.0
247.0
251.115
197.5
222.0
209.0
207.0
216.0
210.0
202.0
226.0
214.0
216.0
204.0
239.0
241.0
239.0
220.0
254.0
243.5
220.0
225.0
235.0
222.0
224.0
196.0
176.915
197.5
205.0
196.0
192.0
214.0
216.0
196.0
189.0
220.0
250.72
233.5
284.72
291.72
254.72
259.72
249.72
243.5
231.0
240.0
235.5
218.5
224.5
199.0
176.915
230.5
209.5
200.0
206.0
219.0
250.28
268.28
389.28
609.28
871.28
905.28
959.28
902.12
988.0
940.0
949.0
912.0
807.0
622.0
489.68
385.8
318.68
267.0
249.98
230.5
211.0
214.0
212.5
214.0
229.0
229.0
361.0
651.0
924.0
960.0
988.0
932.0
934.0
943.0
922.0
908.0
799.0
530.0
447.0
377.0
281.0
256.0
250.455
230.5
231.0
228.0
219.0
217.5
224.5
222.5
383.0
634.0
900.0
918.0
1009.0
898.12
952.0
947.0
961.0
927.12
788.0
572.0
450.0
357.0
276.0
235.0
250.93
231.0
211.0
227.0
206.0
221.0
220.0
216.0
363.0
631.0
913.0
935.0
1018.0
272.0
469.0
727.0
786.0
798.0
717.0
768.0
765.0
746.0
745.0
610.0
455.0
343.0
317.0
237.0
225.0
180.94
206.0
193.0
181.0
181.0
190.0
183.0
175.0
307.0
510.0
730.0
796.0
806.0
747.0
759.0
766.0
766.0
768.0
620.0
424.0
357.0
253.0
214.0
194.0
180.94
197.0
164.0
178.0
165.0
176.0
177.0
171.0
305.0
516.0
732.0
780.0
823.0
713.0
774.0
761.0
762.0
742.0
611.0
420.0
325.52
296.52
262.0
200.0
180.94
186.0
181.0
173.0
176.0
165.0
190.0
171.0
303.0
508.0
745.0
789.0
841.0
726.0
797.0
761.0
757.0
773.0
645.0
433.0
326.0
274.0
242.0
203.0
175.88
182.0
173.0
195.0
166.0
175.0
175.0
184.0
283.0
502.0
749.0
740.0
793.0
697.0
739.0
713.0
721.0
700.0
577.0
399.0
312.0
272.0
229.0
226.0
170.39999999999995
159.14
172.0
170.5
159.5
169.5
164.26
146.76
177.5
156.84
253.23
250.23
253.23
223.5
243.24
263.16
218.5
239.0
210.0
211.0
186.0
185.0
188.0
175.5
160.89999999999995
154.28
172.0
175.0
162.0
162.0
173.0
153.0
181.0
156.0
205.0
217.0
210.0
241.0
215.0
213.0
221.0
232.0
213.0
208.0
189.0
193.0
176.0
178.0
160.89999999999995
160.24
168.0
160.0
171.0
175.0
164.0
172.0
273.0
470.0
757.0
742.0
777.0
708.0
756.0
762.0
765.0
758.0
648.0
462.0
351.0
287.0
251.0
224.0
170.39999999999995
188.0
159.0
171.0
172.0
161.0
165.0
177.0
283.0
505.0
761.0
785.0
791.0
689.0
781.0
771.0
769.0
757.0
623.0
447.0
334.0
281.0
218.0
224.0
170.39999999999995
175.0
183.0
159.0
176.0
188.0
166.0
198.0
281.0
529.0
768.0
778.0
830.0
721.0
797.0
784.0
778.0
755.0
644.0
397.0
352.0
286.0
249.0
215.0
170.39999999999995
187.0
165.0
183.0
166.0
178.0
171.0
186.0
280.0
523.0
740.0
764.0
810.0
725.0
758.0
768.0
765.0
751.0
650.0
423.0
310.0
266.0
232.0
214.0
170.39999999999995
193.0
176.0
187.0
174.0
166.0
176.0
186.0
277.0
519.0
745.0
750.0
794.0
723.0
745.0
618.0
612.0
623.0
533.0
389.0
354.0
297.0
229.0
214.0
170.39999999999995
189.0
187.0
188.0
188.0
179.0
195.0
172.0
195.0
205.0
261.0
263.0
281.0
247.0
283.0
274.0
273.0
264.0
241.0
194.0
209.0
205.0
217.0
183.0
160.89999999999995
194.0
191.0
186.0
188.0
178.0
186.0
192.0
181.0
186.0
246.0
257.0
262.0
250.0
261.0
270.0
248.0
291.0
231.0
213.0
202.0
179.0
198.0
187.0
160.89999999999995
177.0
187.0
176.0
200.0
178.0
176.0
195.0
255.0
432.0
603.0
778.0
815.0
753.0
790.0
791.0
782.0
778.0
666.0
426.0
353.0
303.0
240.0
208.0
170.39999999999995
180.0
164.0
178.0
162.0
166.0
182.0
168.0
280.0
527.0
787.0
790.0
840.0
727.0
790.0
789.0
769.0
756.0
629.0
445.0
367.0
332.0
263.0
222.0
170.39999999999995
173.0
178.0
160.0
190.0
159.0
146.0
209.0
273.0
510.0
763.0
786.0
821.0
720.0
775.0
759.0
755.0
755.0
637.0
420.0
356.0
318.0
255.0
260.0
170.39999999999995
178.0
167.0
175.0
170.0
174.0
156.0
187.0
266.0
508.0
771.0
745.0
816.0
713.0
772.0
765.0
740.0
750.0
611.0
437.0
387.0
316.0
272.0
219.0
170.39999999999995
184.0
177.0
186.0
173.0
170.0
179.0
178.0
267.0
478.0
748.0
776.0
801.0
699.0
758.0
731.0
737.0
701.0
602.0
419.0
358.0
285.0
245.0
214.0
170.39999999999995
180.0
179.0
164.0
167.0
182.0
153.0
171.0
167.0
167.0
209.0
203.0
217.0
199.0
211.0
222.0
213.0
213.0
207.0
193.0
189.0
178.0
194.0
177.0
158.89
182.0
158.0
172.0
168.0
161.0
177.0
165.0
155.0
157.0
196.0
201.0
191.0
216.0
182.0
192.0
207.0
202.0
191.0
189.0
189.0
173.0
186.5
181.0
161.87
180.5
155.5
160.0
181.0
170.0
158.0
168.0
172.0
171.0
192.0
216.0
247.0
249.0
228.0
210.0
223.0
216.0
207.0
189.0
192.0
202.0
179.0
185.0
166.88
187.5
186.5
181.0
173.0
180.5
183.5
172.5
284.32
471.32
675.32
685.32
804.0
711.0
786.0
780.0
768.0
772.0
650.0
490.0
338.0
281.0
268.0
227.0
170.39999999999995
191.0
196.0
176.0
176.0
191.0
183.5
167.0
293.0
510.0
755.0
775.0
819.0
718.0
766.0
751.0
786.0
763.0
657.0
446.0
357.0
296.0
250.0
222.0
170.39999999999995
184.0
190.0
164.0
187.0
155.0
183.5
190.0
281.0
508.0
793.0
799.0
849.0
749.0
810.0
813.0
807.0
783.0
662.0
462.0
349.0
294.0
268.0
252.0
170.39999999999995
203.0
193.0
189.0
195.0
189.0
188.0
193.0
281.0
514.0
796.0
796.0
887.0
773.0
806.0
817.0
815.0
787.0
667.0
441.0
340.0
272.0
182.0
183.0
164.92
179.0
153.0
161.0
154.0
149.0
149.0
168.0
152.0
176.0
190.0
196.0
216.0
184.0
220.0
196.0
200.0
207.0
190.0
185.0
188.0
175.0
154.0
164.0
155.93
151.0
156.0
162.0
158.0
150.0
144.0
165.0
133.0
154.0
178.0
172.0
197.0
174.0
200.0
188.0
186.0
212.0
164.0
201.0
184.0
166.0
164.0
149.0
160.385
137.0
156.0
158.0
152.0
153.0
154.0
162.0
259.0
477.0
782.0
821.0
870.0
753.0
828.0
808.0
809.0
796.0
674.0
435.0
374.0
317.0
256.0
232.0
193.96
183.0
200.0
172.0
166.0
192.0
168.0
192.0
305.0
497.0
793.0
807.0
834.0
741.0
809.0
790.0
829.0
773.0
650.0
430.0
362.0
291.0
254.0
212.0
193.96
174.0
189.0
171.0
176.0
181.0
167.0
184.0
284.0
494.0
765.0
775.0
831.0
736.0
777.0
777.0
781.0
783.0
632.0
378.0
299.0
265.0
231.0
233.0
193.96
180.0
192.0
168.0
176.0
178.5
162.64
183.5
284.36
498.36
767.0
776.6
830.6
708.6
774.6
773.6
773.0
742.52
651.52
425.0
364.0
278.0
257.0
207.0
193.96
187.0
196.0
176.0
186.0
176.0
189.0
183.0
298.0
541.0
772.0
771.0
820.0
712.0
788.0
784.0
742.0
743.0
629.0
388.0
291.0
272.0
229.0
212.0
193.96
176.0
174.0
165.0
175.0
176.0
164.0
162.0
164.0
159.0
192.5
203.0
199.0
200.0
209.5
208.5
204.5
210.5
187.0
197.0
185.0
187.0
174.0
166.0
160.385
168.9
181.0
175.0
154.0
171.0
165.0
159.52
173.5
164.0
207.0
234.0
201.0
226.0
219.0
229.0
223.0
209.0
210.0
193.0
186.0
187.0
174.0
182.0
160.385
152.0
184.0
160.0
162.0
180.0
150.0
184.0
271.0
498.52
771.52
757.0
812.0
723.0
784.0
765.0
760.0
770.0
645.52
399.52
343.0
291.0
249.0
229.0
193.96
158.5
177.0
175.0
165.0
174.0
162.0
199.0
255.0
499.0
737.0
734.0
788.0
671.32
743.32
729.32
747.0
721.0
628.0
442.48
352.48
273.48
245.5
217.0
193.96
158.5
188.0
180.0
168.0
190.0
180.0
190.0
284.0
480.52
742.52
749.52
803.52
699.52
767.52
739.0
746.0
734.0
617.0
429.0
350.0
265.0
242.0
204.0
193.96
158.5
185.5
180.0
168.0
192.0
174.0
196.5
282.48
431.48
647.48
682.84
822.0
706.0
783.0
770.0
779.0
762.0
651.0
482.0
386.0
320.0
255.0
223.0
193.96
158.5
183.0
185.0
171.0
194.0
168.0
203.0
283.0
520.0
745.0
789.0
816.04
734.04
773.0
765.0
779.0
740.0
636.0
429.0
330.0
276.0
227.0
197.0
193.96
168.9
177.0
172.0
173.0
177.0
166.0
165.0
183.0
204.0
279.0
281.0
284.0
260.0
266.0
289.0
278.0
267.0
249.0
223.0
207.0
200.0
194.0
192.0
164.84
168.9
196.0
164.0
196.0
160.0
162.0
156.0
177.0
195.0
256.0
256.0
246.0
232.0
260.0
260.0
263.0
268.0
205.0
205.0
211.0
184.0
202.0
170.0
231.0
213.0
202.0
179.0
198.0
187.0
160.89999999999995
177.0
187.0
176.0
200.0
178.0
176.0
195.0
255.0
432.0
603.0
778.0
815.0
753.0
790.0
791.0
782.0
778.0
666.0
426.0
353.0
303.0
240.0
208.0
170.39999999999995
180.0
164.0
178.0
162.0
166.0
182.0
168.0
280.0
527.0
787.0
790.0
840.0
727.0
790.0
789.0
769.0
756.0
629.0
445.0
367.0
332.0
263.0
222.0
170.39999999999995
173.0
178.0
160.0
190.0
159.0
146.0
209.0
273.0
510.0
763.0
786.0
821.0
720.0
775.0
759.0
755.0
755.0
637.0
420.0
356.0
318.0
255.0
260.0
170.39999999999995
178.0
167.0
175.0
170.0
174.0
156.0
187.0
266.0
508.0
771.0
745.0
816.0
713.0
772.0
765.0
740.0
750.0
611.0
437.0
387.0
316.0
272.0
219.0
170.39999999999995
184.0
177.0
186.0
173.0
170.0
179.0
178.0
267.0
478.0
748.0
776.0
801.0
699.0
758.0
731.0
737.0
701.0
602.0
419.0
358.0
285.0
245.0
214.0
170.39999999999995
180.0
179.0
164.0
167.0
182.0
153.0
171.0
167.0
167.0
209.0
203.0
217.0
199.0
211.0
222.0
213.0
213.0
207.0
193.0
189.0
178.0
194.0
177.0
158.89
182.0
158.0
172.0
168.0
161.0
177.0
165.0
155.0
157.0
196.0
201.0
191.0
216.0
182.0
192.0
207.0
202.0
191.0
189.0
189.0
173.0
186.5
181.0
161.87
180.5
155.5
160.0
181.0
170.0
158.0
168.0
172.0
171.0
192.0
216.0
247.0
249.0
228.0
210.0
223.0
216.0
207.0
189.0
192.0
202.0
179.0
185.0
166.88
187.5
186.5
181.0
173.0
180.5
183.5
172.5
284.32
471.32
675.32
685.32
804.0
711.0
786.0
780.0
768.0
772.0
650.0
490.0
338.0
281.0
268.0
227.0
170.39999999999995
191.0
196.0
176.0
176.0
191.0
183.5
167.0
293.0
510.0
755.0
775.0
819.0
718.0
766.0
751.0
786.0
763.0
657.0
446.0
357.0
296.0
250.0
222.0
170.39999999999995
184.0
190.0
164.0
187.0
155.0
183.5
190.0
281.0
508.0
793.0
799.0
849.0
749.0
810.0
813.0
807.0
783.0
662.0
462.0
349.0
294.0
268.0
252.0
170.39999999999995
203.0
193.0
189.0
195.0
189.0
188.0
193.0
281.0
514.0
796.0
796.0
887.0
773.0
806.0
817.0
815.0
787.0
667.0
441.0
340.0
272.0
182.0
183.0
164.92
179.0
153.0
161.0
154.0
149.0
149.0
168.0
152.0
176.0
190.0
196.0
216.0
184.0
220.0
196.0
200.0
207.0
190.0
185.0
188.0
175.0
154.0
164.0
155.93
151.0
156.0
162.0
158.0
150.0
144.0
165.0
133.0
154.0
178.0
172.0
197.0
174.0
200.0
188.0
186.0
212.0
164.0
201.0
184.0
166.0
164.0
149.0
160.385
137.0
156.0
158.0
152.0
153.0
154.0
162.0
259.0
477.0
782.0
821.0
870.0
753.0
828.0
808.0
809.0
796.0
674.0
435.0
374.0
317.0
256.0
232.0
193.96
183.0
200.0
172.0
166.0
192.0
168.0
192.0
305.0
497.0
793.0
807.0
834.0
741.0
809.0
790.0
829.0
773.0
650.0
430.0
362.0
291.0
254.0
212.0
193.96
174.0
189.0
171.0
176.0
181.0
167.0
184.0
284.0
494.0
765.0
775.0
831.0
736.0
777.0
777.0
781.0
783.0
632.0
378.0
299.0
265.0
231.0
233.0
193.96
180.0
192.0
168.0
176.0
178.5
162.64
183.5
284.36
498.36
767.0
776.6
830.6
708.6
774.6
773.6
773.0
742.52
651.52
425.0
364.0
278.0
257.0
207.0
193.96
187.0
196.0
176.0
186.0
176.0
189.0
183.0
298.0
541.0
772.0
771.0
820.0
712.0
788.0
784.0
742.0
743.0
629.0
388.0
291.0
272.0
229.0
212.0
193.96
176.0
174.0
165.0
175.0
176.0
164.0
162.0
164.0
159.0
192.5
203.0
199.0
200.0
209.5
208.5
204.5
210.5
187.0
197.0
185.0
187.0
174.0
166.0
160.385
168.9
181.0
175.0
154.0
171.0
165.0
159.52
173.5
164.0
207.0
234.0
201.0
226.0
219.0
229.0
223.0
209.0
210.0
193.0
186.0
187.0
174.0
182.0
160.385
152.0
184.0
160.0
162.0
180.0
150.0
184.0
271.0
498.52
771.52
757.0
812.0
723.0
784.0
765.0
760.0
770.0
645.52
399.52
343.0
291.0
249.0
229.0
193.96
158.5
177.0
175.0
165.0
174.0
162.0
199.0
255.0
499.0
737.0
734.0
788.0
671.32
743.32
729.32
747.0
721.0
628.0
442.48
352.48
273.48
245.5
217.0
193.96
158.5
188.0
180.0
168.0
190.0
180.0
190.0
284.0
480.52
742.52
749.52
803.52
699.52
767.52
739.0
746.0
734.0
617.0
429.0
350.0
265.0
242.0
204.0
193.96
158.5
185.5
180.0
168.0
192.0
174.0
196.5
282.48
431.48
647.48
682.84
822.0
706.0
783.0
770.0
779.0
762.0
651.0
482.0
386.0
320.0
255.0
223.0
193.96
158.5
183.0
185.0
171.0
194.0
168.0
203.0
283.0
520.0
745.0
789.0
816.04
734.04
773.0
765.0
779.0
740.0
636.0
429.0
330.0
276.0
227.0
197.0
193.96
168.9
177.0
172.0
173.0
177.0
166.0
165.0
183.0
204.0
279.0
281.0
284.0
260.0
266.0
289.0
278.0
267.0
249.0
223.0
207.0
200.0
194.0
192.0
164.84
168.9
196.0
164.0
196.0
160.0
162.0
156.0
177.0
195.0
256.0
256.0
246.0
232.0
260.0
260.0
263.0
268.0
205.0
205.0
211.0
184.0
202.0
170.0
172.425
165.0
176.0
185.0
168.0
174.0
173.0
181.0
275.0
484.0
777.0
796.56
848.56
736.0
805.0
784.0
776.0
791.0
661.0
459.0
373.0
290.0
247.0
214.0
193.96
179.0
196.0
185.0
186.0
184.0
184.0
200.0
297.0
509.52
775.52
771.6
816.6
727.6
782.6
767.6
765.52
743.52
653.52
501.52
376.52
288.52
251.52
210.5
193.96
171.45
187.0
175.5
194.0
200.0
184.0
195.0
300.6
522.6
760.6
792.6
848.0
746.0
793.0
785.0
806.0
780.0
646.0
408.0
303.0
272.0
244.0
207.0
193.96
171.45
178.0
166.0
194.0
172.0
165.0
190.0
277.0
529.0
774.0
790.0
856.0
746.0
813.0
812.0
810.0
795.0
686.0
449.0
349.0
311.0
277.0
227.0
193.96
171.45
203.0
193.0
202.0
193.0
157.0
191.5
303.0
529.0
814.0
808.24
851.6
734.6
799.6
796.0
791.0
766.0
636.96
369.16
313.16
274.64
268.58000000000004
218.0
193.96
161.8
187.5
167.24
188.0
164.0
172.5
153.0
166.5
187.0
218.5
236.0
263.0
220.5
271.8
239.5
250.8
264.8
225.0
211.0
186.0
203.0
187.0
178.0
172.425
157.4
179.0
175.0
188.0
168.0
183.0
150.0
156.0
179.0
181.0
216.0
205.0
209.0
221.0
219.0
204.0
213.0
195.0
195.0
210.0
192.0
187.0
178.0
180.01
163.9
193.0
169.98
175.98
165.99
149.0
193.0
283.0
502.0
764.0
783.0
862.0
766.0
794.0
807.0
786.0
767.16
639.16
445.16
375.16
328.16
260.16
222.0
193.96
164.95
183.0
184.0
184.0
179.0
180.0
187.0
288.0
519.0
796.0
776.0
840.0
769.0
787.0
813.0
788.0
766.0
671.0
474.0
367.0
300.0
263.0
226.0
193.96
164.95
180.0
202.0
167.0
197.0
189.0
201.0
298.0
526.0
784.0
786.0
876.0
734.0
797.0
813.0
785.0
795.0
660.0
456.0
316.0
296.0
251.0
230.0
223.0
164.95
201.0
185.0
202.0
190.0
186.0
214.0
290.0
524.0
775.0
809.0
850.0
747.0
815.0
812.68
799.68
785.68
688.0
475.52
352.52
284.0
238.0
222.5
246.315
164.95
193.0
176.0
190.5
182.5
175.5
199.0
304.88
527.0
778.0
786.0
861.0
738.0
819.0
803.0
793.0
774.0
669.0
385.0
300.0
250.0
225.0
215.0
246.315
157.4
187.0
175.0
180.0
182.0
175.0
160.0
172.0
216.0
285.0
302.0
280.0
251.0
288.0
283.0
283.0
288.0
243.0
197.0
186.0
195.0
175.0
176.0
179.95499999999996
157.4
166.0
162.0
175.0
167.0
167.0
168.0
160.0
197.0
180.0
201.0
177.0
195.0
298.0
510.0
817.0
868.0
918.0
829.0
874.52
855.52
837.0
807.0
680.0
448.0
378.0
290.0
245.0
228.0
246.315
259.68
252.68
258.68
236.72
257.68
249.68
257.2
340.2
514.68
782.68
788.68
859.68
774.68
785.68
776.68
767.68
739.68
664.68
483.68
411.68
357.68
318.68
288.68
269.63
307.44
281.44
286.44
293.44
274.44
295.44
289.44
365.44
514.44
712.44
766.44
852.44
748.44
765.44
758.44
742.44
727.44
674.44
465.44
398.44
344.44
324.44
311.44
286.76
212.0
204.0
207.0
183.0
209.0
192.0
209.0
317.0
539.0
837.0
859.0
952.0
811.0
854.0
854.0
831.0
835.0
715.0
490.0
368.0
326.0
273.0
243.0
231.32
210.5
199.0
219.0
215.0
207.0
221.0
218.0
321.0
557.0
825.52
862.52
926.0
821.0
876.44
870.44
882.44
862.44
715.44
430.44
318.44
279.44
279.84000000000003
236.0
231.32
173.5
164.5
169.5
165.0
171.0
158.0
173.51999999999995
168.0
218.0
265.0
292.0
307.0
292.0
280.0
272.0
282.0
280.0
277.0
223.0
229.0
186.0
193.0
192.0
163.38
173.5
164.5
169.5
165.0
171.0
158.0
173.51999999999995
168.0
212.0
279.0
292.0
303.5
265.5
299.5
290.5
291.5
297.5
280.5
223.0
211.0
190.0
194.0
182.0
163.38
210.5
201.0
212.0
198.5
202.5
202.5
203.0
289.72
479.68
736.68
791.68
852.68
779.68
812.68
809.68
762.68
776.68
662.68
425.68
355.68
302.68
286.68
263.68
231.32
210.5
201.0
212.0
198.5
202.5
202.5
203.0
291.52
520.52
750.52
791.52
849.52
769.52
807.52
801.52
786.52
779.52
685.52
484.52
387.52
328.52
257.52
253.84
231.32
210.5
201.0
212.0
198.5
202.5
202.5
203.0
264.0
514.0
800.0
818.0
895.0
784.0
835.0
819.0
812.0
785.0
698.0
453.0
340.0
300.0
264.0
244.0
231.32
209.0
203.0
205.0
182.0
198.0
184.0
188.0
292.0
506.0
820.0
833.0
923.0
847.0
873.0
849.0
844.0
821.0
717.0
504.0
434.0
345.0
256.0
234.0
231.32
217.0
217.0
200.0
196.0
201.0
193.0
201.0
322.0
580.0
831.0
862.0
934.0
817.0
880.0
854.56
816.56
814.0
703.0
424.0
322.0
274.0
216.0
204.0
175.88
197.0
172.0
177.0
189.0
178.0
165.0
181.0
170.0
206.0
293.0
292.0
300.0
239.0
319.0
309.0
301.0
315.0
284.0
223.0
193.0
194.0
195.0
172.0
163.38
189.0
168.0
172.0
189.0
165.0
164.0
178.0
179.0
186.0
242.0
232.0
251.0
218.0
257.0
237.0
258.0
251.0
231.0
219.0
206.0
199.0
212.0
189.0
170.91
185.0
173.0
185.0
179.0
181.0
178.0
183.0
328.0
570.0
843.0
878.0
951.0
841.0
898.0
880.0
883.0
873.0
732.0
482.0
366.0
321.0
274.0
234.0
209.41
203.0
208.0
197.0
204.0
186.0
201.0
204.0
331.0
567.0
874.0
892.0
970.0
856.0
880.0
893.0
878.0
852.0
727.0
459.0
364.0
287.0
281.0
240.0
209.41
214.0
201.0
206.0
198.0
216.0
194.0
202.0
317.0
563.0
890.0
883.0
947.0
864.0
892.0
894.0
879.0
841.0
705.0
463.0
375.0
333.0
279.0
248.0
242.94
212.0
217.0
211.0
199.0
189.0
206.0
224.0
311.0
565.0
855.0
869.0
945.0
809.0
908.0
886.0
864.0
860.0
717.0
555.0
447.0
355.0
277.0
235.0
256.385
188.0
202.0
197.0
186.0
199.0
180.0
218.0
297.0
595.0
835.0
868.0
933.0
825.0
857.0
875.0
832.0
837.0
721.0
514.0
377.0
302.0
229.0
224.0
256.385
179.0
183.0
184.0
177.0
171.0
178.0
186.0
182.0
201.0
268.0
263.0
297.56
268.56
306.0
308.0
331.0
302.0
277.0
216.0
215.0
217.0
181.0
199.0
167.915
182.0
194.0
172.0
199.0
188.0
170.0
177.0
181.0
195.0
225.0
252.0
241.0
230.0
267.5
268.52
257.0
240.0
205.0
202.0
205.0
188.0
182.0
196.0
167.915
176.0
182.0
185.0
171.0
174.0
175.0
210.0
323.0
566.0
852.0
869.56
939.56
844.0
884.0
873.0
853.0
865.0
720.0
432.0
346.0
292.0
260.0
233.0
256.385
189.0
186.0
186.0
193.0
175.0
184.0
209.0
319.0
573.0
874.0
863.0
948.0
822.56
898.56
895.0
886.0
875.0
732.0
506.0
353.0
324.0
264.0
249.0
256.385
206.0
194.0
198.0
205.0
183.0
200.0
212.0
321.0
599.0
851.0
903.0
958.0
850.0
891.0
899.0
874.0
837.0
714.0
425.0
328.0
273.0
251.0
233.0
256.385
195.0
210.0
195.0
198.0
206.0
194.0
222.0
342.0
608.0
884.0
914.0
998.0
862.0
918.0
899.0
906.0
851.0
719.0
465.0
340.0
301.0
250.0
240.0
256.385
209.0
197.0
210.0
201.0
199.0
186.0
200.0
329.0
567.0
866.0
890.0
770.96
695.96
770.96
759.96
741.96
728.96
590.96
353.96
303.96
273.96
251.5
234.5
256.385
194.0
174.825
169.32
198.0
171.325
165.82
165.32
199.5
225.5
247.96
265.96
237.0
231.0
229.0
241.0
227.0
246.0
211.0
200.0
195.0
168.0
184.0
151.0
167.915
194.0
155.65
166.64
198.0
154.65
161.64
153.64
199.5
225.5
258.48
295.98
284.5
279.0
238.0
222.0
237.0
220.0
203.0
195.0
196.0
209.0
175.0
175.0
164.92
159.04
162.0
206.0
164.0
159.0
155.0
189.0
291.0
565.0
823.0
817.0
886.0
844.0
832.0
850.0
832.0
823.0
683.0
467.0
345.0
268.0
253.0
229.0
256.385
184.52
199.0
202.0
206.0
189.0
209.0
198.0
338.0
549.0
834.0
833.0
914.0
832.0
866.0
844.0
852.0
832.0
696.0
429.0
357.0
295.0
246.0
213.0
256.385
210.0
188.0
204.0
189.0
195.0
191.0
225.0
322.0
589.0
868.0
889.0
940.0
862.0
888.0
863.0
883.0
849.0
724.0
480.0
375.0
300.0
264.0
234.0
256.385
196.0
206.0
213.0
190.0
191.0
211.0
223.0
332.0
569.0
908.0
897.0
969.0
847.0
904.0
888.0
890.0
863.0
723.0
461.0
398.0
330.0
279.0
267.0
256.385
242.0
206.0
212.0
210.0
208.0
201.0
216.0
339.0
602.0
865.0
910.0
974.0
887.0
892.0
903.0
902.0
840.0
686.0
417.0
354.0
281.0
230.0
236.0
256.385
206.0
198.0
201.0
197.0
190.0
187.0
184.0
218.0
256.0
269.0
326.0
332.0
327.0
331.0
330.0
319.72
309.72
252.2
250.2
228.5
213.0
210.0
198.0
172.39
198.0
202.0
196.0
191.0
188.0
198.0
180.0
198.0
240.0
272.0
293.44
305.44
297.44
312.44
327.44
305.44
312.44
282.0
250.0
261.0
225.0
207.0
204.0
172.39
203.0
203.0
189.0
208.0
178.0
189.0
217.0
308.0
594.0
872.0
928.0
998.0
879.0
947.0
934.0
916.0
891.0
746.0
508.0
369.0
333.0
242.0
221.0
256.385
193.0
202.0
207.0
185.0
205.0
197.0
229.5
332.52
613.0
873.0
899.0
972.0
869.0
859.0
868.0
875.0
878.0
725.0
473.0
371.0
319.0
266.0
247.0
256.385
215.0
203.0
213.0
201.0
213.0
196.0
242.0
327.0
609.0
867.0
902.0
969.0
879.0
904.0
880.0
882.0
856.0
718.0
478.0
347.0
314.0
273.0
276.0
256.385
410.08
408.08
404.08
407.08
407.08
405.08
427.08
462.08
512.08
572.16
568.16
638.08
641.08
588.08
875.0
874.16
859.16
709.0
498.0
361.0
310.0
290.0
233.0
256.385
227.0
199.0
217.0
188.0
218.0
190.0
220.0
343.0
598.0
870.0
903.0
966.0
834.0
865.0
880.0
885.0
852.0
736.0
441.0
353.0
268.0
259.0
218.0
256.385
190.0
206.0
191.0
185.0
194.0
185.0
187.0
222.0
214.0
262.0
285.0
291.0
276.0
290.0
308.0
292.0
292.0
287.0
256.0
221.0
235.0
199.0
180.0
172.39
196.0
173.0
198.0
184.0
191.0
178.0
184.0
217.5
224.5
238.0
272.0
265.0
261.0
269.0
284.0
267.0
263.0
261.0
225.0
925.0
935.0
952.0
895.0
917.0
801.0
531.0
407.12
305.0
275.0
246.0
250.395
208.0
229.0
225.0
228.0
216.0
199.0
244.0
311.0
628.0
903.0
942.0
955.0
866.12
937.0
936.0
905.12
910.0
765.0
524.12
454.0
341.0
299.0
247.0
250.81
211.0
256.92
270.92
267.92
227.5
259.92
272.92
302.92
368.92
883.0
909.0
941.0
865.0
869.0
897.0
858.0
761.0
695.0
493.0
435.0
369.12
314.0
245.0
265.94
214.0
242.0
228.0
233.0
239.0
225.0
239.0
320.0
608.0
881.0
908.0
927.12
878.0
899.0
867.0
891.0
860.0
767.08
575.0
495.0
397.0
313.0
256.0
262.86
242.0
225.0
220.0
229.0
233.0
242.0
218.0
371.0
603.0
911.0
922.0
941.0
888.0
900.0
920.0
949.0
879.0
763.0
502.0
435.0
316.0
342.0
261.0
263.345
222.0
195.0
207.0
212.0
209.0
211.0
208.0
204.0
239.0
256.0
249.0
248.0
260.0
275.0
264.0
259.0
246.0
256.0
232.0
241.0
222.0
225.0
197.0
163.925
196.0
189.0
191.0
199.0
186.0
199.0
195.0
199.0
220.0
209.0
257.0
236.0
240.0
252.0
272.0
223.0
236.0
239.0
243.0
254.0
214.0
211.0
227.0
163.925
198.0
197.0
209.0
197.0
199.0
183.0
180.0
344.0
577.0
895.0
913.08
963.0
876.0
909.2
913.0
929.0
895.0
779.0
592.0
470.0
375.0
317.0
267.0
263.345
217.0
218.0
212.0
204.0
213.5
190.0
236.0
334.0
573.0
840.0
861.0
893.0
836.0
902.0
864.0
879.0
889.0
758.0
498.0
450.24
352.0
296.0
242.0
263.345
256.0
237.0
215.0
211.0
228.0
240.0
208.0
329.0
570.0
850.0
875.0
893.0
818.0
910.0
868.12
895.0
863.0
790.0
554.0
454.0
388.0
336.0
327.0
263.83
238.0
269.0
229.0
228.0
216.0
223.0
264.0
336.0
557.0
849.0
902.0
911.0
849.0
888.0
900.0
884.0
876.0
762.0
580.0
441.0
377.0
299.0
284.0
278.88
218.0
239.0
210.0
217.0
217.0
202.0
224.0
345.12
564.0
860.0
856.0
904.0
817.12
883.0
871.0
838.0
829.0
710.0
522.0
402.0
349.0
284.0
218.0
269.46500000000003
196.0
196.0
209.0
215.0
201.0
181.0
195.0
185.0
196.0
212.0
231.0
247.0
230.0
226.0
242.0
240.0
244.0
259.0
241.0
235.0
220.0
199.0
178.0
163.925
200.0
209.0
200.0
209.0
183.0
195.0
177.0
198.0
195.0
216.0
209.0
202.0
211.0
225.0
222.0
199.0
208.0
226.0
191.0
213.0
246.0
195.0
193.0
163.925
185.0
186.0
195.0
193.0
184.0
174.0
202.0
190.0
185.0
218.0
233.0
219.0
233.0
243.0
248.0
240.0
256.0
228.0
216.0
227.0
209.0
218.0
187.0
163.925
195.0
185.0
202.0
190.0
198.0
185.0
190.0
315.0
596.0
893.0
943.0
953.0
888.0
929.12
957.0
907.08
905.0
804.0
546.08
486.0
348.0
277.0
251.0
269.46500000000003
189.0
219.0
215.0
207.0
217.0
204.0
202.0
320.0
612.0
864.0
896.0
925.0
841.0
911.0
907.12
893.0
885.0
752.0
545.0
467.0
355.0
327.0
221.0
269.46500000000003
202.5
230.0
203.5
212.0
204.0
220.0
208.0
349.0
563.0
861.0
874.0
940.0
832.0
868.0
881.0
865.0
894.0
748.0
515.0
376.0
341.0
302.0
279.08
269.46500000000003
216.0
241.0
203.5
210.0
210.0
203.0
219.0
331.0
587.0
829.0
879.0
872.0
802.0
859.0
829.0
844.0
827.12
673.0
477.0
409.0
278.0
247.0
218.0
269.46500000000003
179.0
181.0
204.0
175.0
182.0
182.0
197.0
176.0
208.0
240.0
216.0
242.0
205.0
234.0
246.0
221.0
206.0
243.0
212.0
202.0
187.0
197.0
177.0
163.925
173.0
181.0
177.0
193.0
193.0
190.0
177.0
208.0
229.56
211.0
213.0
214.0
208.0
240.0
206.0
212.0
268.0
206.0
219.0
213.0
209.0
221.0
186.0
163.925
195.0
199.0
192.0
200.0
178.0
187.0
192.0
322.0
581.0
854.12
860.0
871.0
798.0
841.0
851.0
863.12
832.0
700.0
513.0
420.0
323.0
290.0
256.0
269.46500000000003
206.0
213.0
237.0
227.0
202.0
205.0
213.0
343.0
586.0
822.04
893.04
928.0
840.0
882.0
900.08
864.0
848.0
758.0
492.0
437.0
402.12
293.0
239.0
269.46500000000003
239.0
194.0
220.0
236.0
213.0
205.0
234.0
334.0
584.0
813.0
868.0
902.0
822.0
857.0
851.0
825.0
864.0
707.0
531.0
436.0
369.0
341.0
249.0
260.05
222.5
233.0
220.0
224.0
220.0
208.0
238.0
343.0
585.0
885.0
928.0
933.0
842.0
890.12
887.12
894.0
856.0
752.2
516.0
396.0
353.0
258.0
274.0
252.485
206.0
222.0
233.0
195.0
218.0
209.0
205.0
336.0
591.0
827.0
855.0
897.0
839.0
873.12
855.0
847.0
820.0
714.0
490.0
443.0
367.0
267.0
216.0
252.485
209.0
195.0
210.0
195.0
220.0
191.0
200.0
218.0
251.12
285.0
259.0
313.0
265.0
300.0
282.0
279.0
267.0
247.0
248.0
250.0
230.0
214.0
218.0
163.925
197.0
184.0
206.0
190.0
187.0
189.0
206.0
214.0
207.0
221.0
211.0
230.0
245.0
237.0
205.0
233.0
248.0
241.0
237.0
207.0
225.0
207.0
210.0
163.925
187.0
210.0
207.0
207.0
193.0
207.0
199.0
344.0
603.0
857.0
897.0
943.0
867.0
929.0
903.0
909.0
890.0
804.0
535.0
426.0
346.0
316.0
271.0
252.485
201.0
195.0
201.0
235.0
210.5
210.5
207.0
329.0
597.0
840.0
930.0
932.0
864.0
893.12
896.0
881.08
877.0
792.0
527.12
426.0
343.0
295.0
246.0
244.92
216.0
250.0
226.0
229.0
228.0
214.0
222.0
311.0
610.0
831.0
887.0
901.0
831.0
900.0
868.0
877.0
863.0
756.0
539.0
445.0
366.0
297.0
268.0
257.45
219.0
203.0
213.0
213.0
214.0
215.0
202.0
320.0
602.0
835.0
915.0
893.0
823.0
825.0
816.12
837.0
820.0
720.0
486.0
385.0
326.0
280.0
248.0
257.45
231.0
202.0
204.0
210.0
232.0
206.0
190.0
343.0
664.0
848.0
877.0
890.0
799.12
866.0
865.12
845.0
869.0
711.0
451.0
376.0
310.0
273.0
245.0
257.45
186.0
193.0
193.0
220.0
183.0
204.0
206.0
200.0
228.0
258.0
289.0
277.0
283.0
271.0
280.0
291.0
267.0
245.0
220.0
234.0
195.0
215.0
212.0
163.925
203.0
187.0
202.0
192.0
204.0
189.0
180.0
205.0
207.0
217.0
206.0
212.0
248.0
232.0
235.0
245.0
242.0
233.0
230.0
230.0
228.0
247.0
182.0
163.925
206.0
212.0
200.0
216.0
184.0
189.0
208.0
308.0
583.0
836.0
859.0
852.0
808.52
870.52
854.12
844.32
830.32
737.44
556.12
486.0
340.0
297.12
245.0
257.45
216.0
219.0
226.0
204.0
224.0
195.0
216.0
342.0
587.0
792.8
846.8
866.8
837.8
867.8
868.24
879.24
887.24
777.24
557.0
438.0
387.0
308.0
251.0
257.45
237.0
217.0
210.0
204.0
216.0
243.0
216.0
329.0
584.0
831.0
894.0
859.0
820.0
843.0
869.0
837.0
858.12
742.0
543.0
401.0
360.0
304.0
273.0
257.45
240.0
210.0
192.0
197.0
219.0
203.0
220.0
311.0
607.52
809.52
881.0
877.0
775.0
828.08
821.0
760.0
720.0
605.52
438.52
344.0
301.0
283.0
226.0
257.45
192.0
194.0
186.0
191.0
166.0
179.0
168.0
181.0
172.0
208.0
192.0
198.0
199.0
205.0
195.0
223.0
220.0
218.0
219.0
206.0
183.0
177.0
172.0
167.97
180.0
177.0
186.0
172.0
187.0
155.0
173.0
173.0
186.0
174.0
193.0
189.0
192.0
185.0
183.0
201.0
220.0
203.0
208.0
181.0
189.0
182.0
186.0
169.45499999999996
186.0
175.0
184.0
184.0
198.0
153.0
178.0
165.0
167.0
174.0
207.0
171.0
201.0
189.0
193.0
185.0
198.0
186.0
212.0
205.5
197.0
191.0
193.0
170.94
188.0
179.0
195.0
178.0
850.96
859.96
790.96
856.96
852.96
828.96
833.96
790.04
632.96
566.96
444.96
334.96
336.96
324.86
269.86
231.0
251.48
260.48
245.98
250.98
242.48
327.0
620.0
907.0
928.0
957.0
905.0
940.0
957.0
950.0
897.0
827.0
590.0
485.0
423.0
344.0
298.0
291.44
258.0
219.0
224.0
228.0
216.0
206.0
225.0
379.0
606.0
913.0
912.0
960.0
886.0
948.0
906.0
918.0
894.0
768.0
568.0
409.0
360.0
284.0
254.0
291.44
264.0
210.0
216.0
213.0
232.0
203.0
238.0
379.0
607.0
864.0
906.0
935.0
854.0
865.0
895.0
864.0
853.0
760.0
533.0
414.0
351.52
270.52
270.0
258.02
234.5
207.0
229.0
210.0
213.5
208.0
249.76
340.0
645.0
819.0
889.0
915.0
891.0
899.0
850.0
858.0
878.76
727.76
491.76
354.76
294.52
278.52
204.0
252.96
204.0
209.0
214.0
196.0
200.0
203.0
185.0
199.0
227.0
212.0
229.0
228.0
233.0
207.0
246.0
214.0
225.0
243.0
232.0
240.0
230.0
222.0
191.0
216.5
221.0
203.0
206.0
197.0
194.0
197.0
191.0
207.0
177.0
232.0
234.0
260.0
255.0
236.0
253.0
271.0
253.0
291.0
266.0
263.0
240.0
256.0
233.0
216.5
205.0
210.0
207.0
207.0
195.0
213.0
199.0
338.0
632.0
916.0
977.0
991.0
906.0
922.0
946.0
909.0
882.0
760.0
549.0
426.0
373.0
274.0
288.0
247.9
477.28
476.28
475.28
475.28
474.28
476.28
486.28
524.28
600.28
658.28
663.28
699.28
711.28
683.28
640.28
677.28
676.28
626.28
577.28
429.0
356.0
280.0
273.0
255.38
262.0
220.0
233.0
221.0
220.0
230.0
247.0
375.0
602.0
882.0
922.0
994.0
890.0
929.0
900.0
881.0
898.0
748.0
483.0
407.0
366.0
300.0
290.0
255.38
252.0
231.0
245.0
214.0
246.0
206.0
226.0
370.0
604.0
894.0
895.0
930.0
859.0
924.0
913.0
895.0
881.0
719.0
511.0
382.0
347.0
301.0
267.16
255.38
218.0
232.0
209.0
248.0
204.0
227.0
214.0
364.0
613.0
855.0
877.0
900.0
807.0
905.0
874.0
833.0
870.12
739.0
478.0
385.0
349.0
278.0
222.0
255.38
235.0
220.0
216.0
213.0
213.0
207.0
217.0
179.0
211.0
240.0
214.0
231.0
253.0
229.0
225.0
223.0
248.0
235.0
251.0
250.0
230.0
240.0
242.0
216.5
217.0
198.0
208.0
207.0
208.0
210.0
208.0
200.0
222.0
225.0
205.0
257.0
223.0
244.0
249.0
237.0
239.0
251.0
270.0
237.0
250.0
241.0
196.0
259.05
224.5
224.0
193.0
235.0
214.0
239.0
212.0
357.0
633.0
925.0
936.0
951.0
883.0
904.0
926.0
914.0
903.0
811.08
536.0
431.0
356.0
264.0
268.0
255.38
231.0
234.0
199.0
213.0
215.0
221.0
216.0
351.0
636.0
890.0
920.0
937.0
887.0
899.8
931.8
901.8
902.8
744.8
516.76
429.76
305.76
289.76
215.0
262.86
228.0
248.0
226.0
195.0
249.0
223.0
214.0
407.0
682.0
870.0
910.0
939.0
843.0
922.0
886.08
917.0
892.0
771.0
509.0
394.0
322.0
278.0
282.0
224.43
215.5
229.0
236.0
248.0
205.0
237.0
205.0
385.0
642.0
906.0
926.0
957.0
855.0
887.0
932.0
923.0
852.0
740.0
494.0
351.0
307.68
268.68
248.0
224.43
215.5
211.0
222.0
196.0
220.0
209.5
196.0
336.24
605.24
837.72
879.72
899.72
822.72
854.0
859.24
819.24
812.24
691.24
455.0
304.0
264.0
222.0
214.0
224.43
206.5
199.0
188.0
201.0
194.0
186.0
199.0
193.0
216.0
272.0
301.0
317.0
260.52
325.52
305.0
330.16
305.16
275.16
255.5
239.0
228.0
187.0
217.0
208.94
196.0
200.0
204.0
182.0
192.0
196.0
182.0
195.0
213.0
221.0
242.0
239.0
250.0
251.0
251.0
251.0
244.0
275.0
241.0
241.0
206.0
205.0
207.0
208.94
203.0
187.0
196.0
189.0
210.0
182.0
187.0
351.0
607.52
863.52
928.52
927.52
864.52
906.52
898.0
898.0
875.0
745.0
448.0
396.0
329.0
281.0
221.0
224.43
206.0
211.0
208.0
196.0
224.0
191.0
226.0
326.0
590.0
869.0
888.0
939.0
841.04
884.04
879.84
869.84
851.84
756.84
507.84
373.84
340.0
261.0
233.0
224.43
236.0
207.0
209.0
217.0
193.0
221.0
192.0
344.0
588.0
830.0
875.0
917.0
817.0
869.0
856.0
855.0
838.0
713.0
453.0
366.0
329.0
281.0
236.0
224.43
225.0
205.0
205.0
215.0
201.0
211.0
211.0
345.0
593.0
830.0
848.0
895.0
790.0
834.0
813.0
791.0
735.0
609.0
397.0
306.0
282.0
248.0
226.0
224.43
198.5
198.0
205.5
193.5
199.5
201.0
180.5
200.0
209.5
226.0
238.0
238.5
241.0
239.0
248.0
245.5
253.04
242.0
236.0
231.0
209.0
226.0
186.0
208.94
201.0
196.0
207.0
205.0
207.0
201.0
180.5
205.0
206.0
231.0
234.0
238.0
232.0
227.0
245.0
240.0
240.0
209.0
217.0
231.0
206.0
214.0
194.0
208.94
193.0
205.0
194.0
204.5
201.5
206.0
179.0
192.0
220.0
261.0
267.5
287.56
263.0
265.0
282.0
272.0
283.0
251.0
220.0
237.0
233.0
210.0
201.0
208.94
201.0
198.0
208.0
215.0
203.0
187.0
218.0
351.0
620.0
946.0
938.56
975.56
902.0
947.0
956.0
957.0
932.0
807.0
596.0
483.0
358.0
272.0
225.0
224.43
206.0
222.0
218.0
211.0
226.0
202.0
202.0
387.0
660.0
914.0
951.0
989.0
917.0
955.0
938.0
928.0
935.0
796.0
528.0
444.0
368.0
280.0
234.0
224.43
210.0
236.0
201.0
214.0
227.0
202.0
236.0
369.0
629.0
942.0
956.0
990.0
892.0
944.0
919.0
920.56
925.56
807.0
548.0
395.0
346.0
295.0
255.0
224.43
214.0
203.0
220.0
202.0
198.0
220.0
207.0
382.0
641.0
917.0
939.0
997.0
903.0
964.0
940.0
931.0
928.0
793.0
543.0
447.0
357.0
266.0
247.0
224.43
200.0
218.0
204.0
214.0
200.0
219.0
209.0
384.0
643.0
938.0
982.0
1019.0
891.0
949.0
944.0
897.0
902.0
778.0
534.0
391.0
345.04
278.04
246.0
224.43
210.0
205.0
210.0
204.0
196.0
216.0
197.0
201.0
219.0
273.0
301.0
284.0
275.0
298.0
291.0
311.0
278.0
264.0
252.0
230.0
224.0
215.0
182.0
208.94
204.0
201.0
191.0
189.0
202.0
199.0
190.0
188.0
200.0
242.0
250.0
282.0
290.0
270.0
282.0
253.0
289.0
261.0
263.0
223.0
229.0
221.0
205.0
208.94
213.0
200.0
209.0
212.0
201.5
210.0
196.0
367.0
623.0
943.0
984.0
1033.0
943.0
987.0
993.0
958.0
963.0
839.0
538.0
426.0
334.0
263.0
226.0
224.43
217.0
200.0
200.0
210.0
203.0
206.0
211.0
358.0
630.0
944.0
973.0
1030.0
944.0
993.0
986.0
956.0
960.0
807.0
563.0
449.0
327.0
284.0
252.0
224.43
224.0
207.0
196.0
226.0
202.0
203.0
225.0
360.0
647.0
933.0
954.0
1032.56
934.56
990.0
969.0
961.0
933.0
838.0
531.0
427.0
350.0
293.0
257.0
224.43
236.0
200.0
218.0
229.0
207.0
222.0
236.0
367.0
649.0
943.0
999.0
1041.0
942.0
962.0
957.0
927.0
949.0
786.0
564.0
457.0
362.0
272.0
249.0
224.43
215.0
207.0
207.0
211.0
202.0
213.0
206.0
369.0
650.0
925.0
978.0
1015.0
927.0
953.0
925.0
910.0
850.0
658.0
433.0
378.0
304.0
258.0
235.0
224.43
206.0
218.0
215.0
203.0
216.0
199.0
208.0
203.0
230.0
310.0
315.0
333.0
289.0
340.0
341.0
331.0
349.0
326.0
285.0
277.0
244.0
231.0
196.0
208.94
194.0
210.0
223.0
194.0
225.0
197.0
198.0
210.0
211.0
245.0
264.0
283.0
278.0
265.0
268.0
280.0
263.0
257.0
270.0
261.0
230.0
225.0
218.0
208.94
215.0
204.0
176.5
206.0
310.28
530.28
807.28
838.28
907.04
808.04
865.04
840.04
832.04
799.04
696.0
424.0
323.0
291.0
240.0
224.0
246.315
197.5
189.0
196.5
181.0
196.5
176.0
198.0
285.0
526.0
806.0
822.0
882.0
783.0
827.24
826.24
808.24
798.24
691.04
488.04
359.0
318.0
260.0
238.0
246.315
205.0
186.0
201.0
178.0
194.0
177.0
209.0
278.0
527.0
824.0
835.0
904.0
818.32
859.32
838.32
855.0
813.0
712.0
484.32
369.32
284.32
227.0
215.0
246.315
173.5
164.5
169.5
165.0
171.0
158.0
155.01999999999995
154.0
189.0
228.5
207.5
205.0
201.0
207.0
217.5
219.0
252.8
226.0
198.0
198.0
179.5
186.5
169.5
163.38
173.5
164.5
169.5
165.0
171.0
158.0
166.04
166.0
189.0
228.5
222.0
211.0
221.0
222.0
230.0
230.0
216.0
226.0
198.0
198.0
191.0
207.0
186.0
163.38
232.34
179.0
203.0
180.0
201.0
177.0
195.0
298.0
510.0
817.0
868.0
918.0
829.0
874.52
855.52
837.0
807.0
680.0
448.0
378.0
290.0
245.0
228.0
246.315
259.68
252.68
258.68
236.72
257.68
249.68
257.2
340.2
514.68
782.68
788.68
859.68
774.68
785.68
776.68
767.68
739.68
664.68
483.68
411.68
357.68
318.68
288.68
269.63
307.44
281.44
286.44
293.44
274.44
295.44
289.44
365.44
514.44
712.44
766.44
852.44
748.44
765.44
758.44
742.44
727.44
674.44
465.44
398.44
344.44
324.44
311.44
286.76
212.0
204.0
207.0
183.0
209.0
192.0
209.0
317.0
539.0
837.0
859.0
952.0
811.0
854.0
854.0
831.0
835.0
715.0
490.0
368.0
326.0
273.0
243.0
231.32
210.5
199.0
219.0
215.0
207.0
221.0
218.0
321.0
557.0
825.52
862.52
926.0
821.0
876.44
870.44
882.44
862.44
715.44
430.44
318.44
279.44
279.84000000000003
236.0
231.32
173.5
164.5
169.5
165.0
171.0
158.0
173.51999999999995
168.0
218.0
265.0
292.0
307.0
292.0
280.0
272.0
282.0
280.0
277.0
223.0
229.0
186.0
193.0
192.0
163.38
173.5
164.5
169.5
165.0
171.0
158.0
173.51999999999995
168.0
212.0
279.0
292.0
303.5
265.5
299.5
290.5
291.5
297.5
280.5
223.0
211.0
190.0
194.0
182.0
163.38
210.5
201.0
212.0
198.5
202.5
202.5
203.0
289.72
479.68
736.68
791.68
852.68
779.68
812.68
809.68
762.68
776.68
662.68
425.68
355.68
302.68
286.68
263.68
231.32
210.5
201.0
212.0
198.5
202.5
202.5
203.0
291.52
520.52
750.52
791.52
849.52
769.52
807.52
801.52
786.52
779.52
685.52
484.52
387.52
328.52
257.52
253.84
231.32
210.5
201.0
212.0
198.5
202.5
202.5
203.0
264.0
514.0
800.0
818.0
895.0
784.0
835.0
819.0
812.0
785.0
698.0
453.0
340.0
300.0
264.0
244.0
231.32
209.0
203.0
205.0
182.0
198.0
184.0
188.0
292.0
506.0
820.0
833.0
923.0
847.0
873.0
849.0
844.0
821.0
717.0
504.0
434.0
345.0
256.0
234.0
231.32
217.0
217.0
200.0
196.0
201.0
193.0
201.0
322.0
580.0
831.0
862.0
934.0
817.0
880.0
854.56
816.56
814.0
703.0
424.0
322.0
274.0
216.0
204.0
175.88
197.0
172.0
177.0
189.0
178.0
165.0
181.0
170.0
206.0
293.0
292.0
300.0
239.0
319.0
309.0
301.0
315.0
284.0
223.0
193.0
194.0
195.0
172.0
163.38
189.0
168.0
172.0
189.0
165.0
164.0
178.0
179.0
186.0
242.0
232.0
251.0
218.0
257.0
237.0
258.0
251.0
231.0
219.0
206.0
199.0
212.0
189.0
170.91
185.0
173.0
185.0
179.0
181.0
178.0
183.0
328.0
570.0
843.0
878.0
951.0
841.0
898.0
880.0
883.0
873.0
732.0
482.0
366.0
321.0
274.0
234.0
209.41
203.0
208.0
197.0
204.0
186.0
201.0
204.0
331.0
567.0
874.0
892.0
970.0
856.0
880.0
893.0
878.0
852.0
727.0
459.0
364.0
287.0
281.0
240.0
209.41
214.0
201.0
206.0
198.0
216.0
194.0
202.0
317.0
563.0
890.0
883.0
947.0
864.0
892.0
894.0
879.0
841.0
705.0
463.0
375.0
333.0
279.0
248.0
242.94
212.0
217.0
211.0
199.0
189.0
206.0
224.0
311.0
565.0
855.0
869.0
945.0
809.0
908.0
886.0
864.0
860.0
717.0
555.0
447.0
355.0
277.0
235.0
256.385
188.0
202.0
197.0
186.0
199.0
180.0
218.0
297.0
595.0
835.0
868.0
933.0
825.0
857.0
875.0
832.0
837.0
721.0
514.0
377.0
302.0
229.0
224.0
256.385
179.0
183.0
184.0
177.0
171.0
178.0
186.0
182.0
201.0
268.0
263.0
297.56
268.56
306.0
308.0
331.0
302.0
277.0
216.0
215.0
217.0
181.0
199.0
167.915
182.0
194.0
172.0
199.0
188.0
170.0
177.0
181.0
195.0
225.0
252.0
241.0
230.0
267.5
268.52
257.0
240.0
205.0
202.0
205.0
188.0
182.0
196.0
167.915
176.0
182.0
185.0
171.0
174.0
175.0
210.0
323.0
566.0
852.0
869.56
939.56
844.0
884.0
873.0
853.0
865.0
720.0
432.0
346.0
292.0
260.0
233.0
256.385
189.0
186.0
186.0
193.0
175.0
184.0
209.0
319.0
573.0
874.0
863.0
948.0
822.56
898.56
895.0
886.0
875.0
732.0
506.0
353.0
324.0
264.0
249.0
256.385
206.0
194.0
198.0
205.0
183.0
200.0
212.0
321.0
599.0
851.0
903.0
958.0
850.0
891.0
899.0
874.0
837.0
714.0
425.0
328.0
273.0
251.0
233.0
256.385
195.0
210.0
195.0
198.0
206.0
194.0
222.0
342.0
608.0
884.0
914.0
998.0
862.0
918.0
899.0
906.0
851.0
719.0
465.0
340.0
301.0
250.0
240.0
256.385
209.0
197.0
210.0
201.0
199.0
186.0
200.0
329.0
567.0
866.0
890.0
770.96
695.96
770.96
759.96
741.96
728.96
590.96
353.96
303.96
273.96
251.5
234.5
256.385
194.0
174.825
169.32
198.0
171.325
165.82
165.32
199.5
225.5
247.96
265.96
237.0
231.0
229.0
241.0
227.0
246.0
211.0
200.0
195.0
168.0
184.0
151.0
167.915
194.0
155.65
166.64
198.0
154.65
161.64
153.64
199.5
225.5
258.48
295.98
284.5
279.0
238.0
222.0
237.0
220.0
203.0
195.0
196.0
209.0
175.0
175.0
164.92
159.04
162.0
206.0
164.0
159.0
155.0
189.0
291.0
565.0
823.0
817.0
886.0
844.0
832.0
850.0
832.0
823.0
683.0
467.0
345.0
268.0
253.0
229.0
256.385
184.52
199.0
202.0
206.0
189.0
209.0
198.0
338.0
549.0
834.0
833.0
914.0
832.0
866.0
844.0
852.0
832.0
696.0
429.0
357.0
295.0
246.0
213.0
256.385
210.0
188.0
204.0
189.0
195.0
191.0
225.0
322.0
589.0
868.0
889.0
940.0
862.0
888.0
863.0
883.0
849.0
724.0
480.0
375.0
300.0
264.0
234.0
256.385
196.0
206.0
213.0
190.0
191.0
211.0
223.0
332.0
569.0
908.0
897.0
969.0
847.0
904.0
888.0
890.0
863.0
723.0
461.0
398.0
330.0
279.0
267.0
256.385
242.0
206.0
212.0
210.0
208.0
201.0
216.0
339.0
602.0
865.0
910.0
974.0
887.0
892.0
903.0
902.0
840.0
686.0
417.0
354.0
281.0
230.0
236.0
256.385
206.0
198.0
201.0
197.0
190.0
187.0
184.0
218.0
256.0
269.0
326.0
332.0
327.0
331.0
330.0
319.72
309.72
252.2
250.2
228.5
213.0
210.0
198.0
172.39
198.0
202.0
196.0
191.0
188.0
198.0
180.0
198.0
240.0
272.0
293.44
305.44
297.44
312.44
327.44
305.44
312.44
282.0
250.0
261.0
225.0
207.0
204.0
172.39
203.0
203.0
189.0
208.0
178.0
189.0
217.0
308.0
594.0
872.0
928.0
998.0
879.0
947.0
934.0
916.0
891.0
746.0
508.0
369.0
333.0
242.0
221.0
256.385
193.0
202.0
207.0
185.0
205.0
197.0
229.5
332.52
613.0
873.0
899.0
972.0
869.0
859.0
868.0
875.0
878.0
725.0
473.0
371.0
319.0
978.0
857.0
881.0
914.0
899.0
858.0
764.0
513.0
446.0
407.12
331.0
270.0
247.94
218.0
199.0
218.0
188.0
205.0
205.0
187.0
264.0
303.0
346.0
315.0
360.0
322.0
334.0
323.0
340.0
332.12
304.0
272.0
260.0
251.0
233.0
220.0
175.41
206.0
215.0
217.0
188.0
196.0
185.0
236.0
206.0
197.0
233.0
226.0
253.0
269.0
247.0
232.0
237.0
241.0
225.0
241.0
243.0
240.0
208.0
213.0
175.41
199.0
208.0
198.0
210.0
197.0
195.0
235.0
359.0
642.0
887.0
912.0
1021.0
907.0
957.0
944.0
931.0
917.0
796.12
570.0
465.0
386.0
323.0
272.0
250.91
213.0
226.0
221.0
234.0
245.0
218.0
229.0
392.0
670.0
929.0
963.12
1042.0
916.12
929.0
951.0
941.0
915.0
779.0
592.0
437.0
398.0
323.0
253.0
253.43
229.0
207.0
218.0
226.0
218.0
230.0
214.0
372.0
654.0
882.0
936.0
986.0
883.0
892.0
925.0
909.0
898.0
773.0
562.0
494.0
364.0
314.0
265.0
255.95
226.0
218.0
220.0
220.0
228.0
204.0
228.0
410.0
616.0
891.12
930.0
956.0
837.0
896.0
900.0
904.0
868.0
777.12
484.0
442.0
384.0
315.0
292.0
244.92
220.0
209.0
222.0
243.0
221.0
216.0
208.0
360.0
612.0
860.12
896.0
898.0
809.0
863.0
878.0
868.0
836.0
712.0
484.0
395.0
304.0
291.0
203.0
255.41
192.0
210.0
196.0
215.0
224.0
178.0
204.0
199.0
244.0
282.0
309.0
301.0
285.0
275.0
277.0
258.0
276.12
247.0
200.0
250.0
198.0
225.0
205.0
175.41
190.0
209.0
209.5
207.5
223.0
190.5
215.0
199.0
249.06
302.36
314.8
346.48
312.48
295.48
288.48
298.48
284.48
294.0
233.0
240.0
240.0
215.0
221.0
175.41
183.0
192.0
182.0
187.0
207.0
195.0
181.0
339.0
598.0
902.0
922.0
1001.0
906.08
938.0
923.0
916.0
892.0
779.0
517.0
404.0
311.0
260.0
214.0
255.41
187.0
204.0
204.0
215.0
195.0
202.0
196.0
370.0
618.0
844.0
898.08
944.0
871.0
870.0
893.0
917.0
873.0
751.0
544.12
441.0
339.0
276.0
230.0
255.41
216.0
204.0
188.0
213.0
200.0
212.0
209.0
337.0
628.0
885.0
952.0
965.0
843.0
911.0
898.0
911.0
891.0
758.0
533.2
428.0
347.0
272.0
241.0
255.41
228.0
197.0
199.0
198.0
205.0
186.0
215.0
363.0
615.0
911.0
913.0
959.0
869.0
941.0
931.0
946.0
915.0
788.0
563.0
471.0
329.0
289.0
264.0
255.41
224.0
219.0
213.0
242.0
210.0
235.0
233.0
369.0
625.0
923.12
988.12
977.0
885.0
941.0
923.0
905.0
907.0
759.0
477.0
433.0
291.0
268.0
243.0
255.41
211.0
208.0
223.0
200.0
222.0
203.0
226.0
199.0
254.12
244.0
243.0
290.0
259.52
270.76
276.0
241.0
253.0
247.0
229.0
254.0
212.0
213.0
225.0
175.41
200.0
213.0
228.0
194.0
212.0
185.0
208.0
206.0
222.0
245.0
260.0
277.0
269.0
246.04
271.04
273.0
239.0
250.0
250.0
237.0
217.0
203.0
206.0
175.41
202.0
193.0
190.0
188.0
196.0
194.0
219.0
367.0
646.0
927.0
962.0
995.0
952.0
944.0
946.0
965.12
964.0
751.0
553.0
446.0
357.0
338.0
248.0
255.41
217.0
239.0
203.0
240.0
231.0
203.0
232.0
384.0
652.0
880.0
955.0
964.0
881.12
927.0
923.0
898.0
890.0
742.0
579.12
458.0
388.0
292.0
268.0
255.41
211.0
249.0
199.0
230.0
205.0
203.0
212.0
344.0
587.0
845.0
885.0
942.0
855.04
930.04
904.0
894.0
858.0
754.0
474.0
407.0
369.0
311.0
265.0
255.41
219.0
218.0
201.0
210.0
197.0
180.0
226.0
374.0
620.0
896.0
926.0
949.0
862.0
921.12
864.0
896.0
878.12
746.0
458.12
425.0
385.0
292.0
248.0
255.41
208.0
184.0
178.0
194.0
207.0
188.0
197.0
368.0
688.0
855.0
890.0
971.0
858.0
887.0
894.0
884.08
853.12
687.0
470.0
316.12
289.0
232.0
233.0
255.41
196.0
197.0
225.0
187.0
194.0
210.0
195.0
180.0
200.0
192.0
200.0
195.0
228.0
200.0
187.0
210.0
200.0
214.0
215.0
212.0
204.0
217.0
213.0
175.41
206.0
211.0
201.0
204.0
195.0
191.0
186.0
190.0
202.0
212.0
247.0
257.0
243.0
240.0
242.0
211.0
209.0
194.0
217.5
220.0
190.0
204.0
196.0
175.41
207.0
187.0
192.0
193.0
198.0
182.0
200.0
179.0
216.0
201.0
233.0
249.04
230.0
226.0
241.0
243.0
212.0
224.0
217.5
217.0
218.0
198.0
212.0
175.41
216.0
196.0
189.0
175.0
190.0
192.0
186.0
371.0
666.0
938.0
972.0
1043.0
974.0
931.0
943.0
945.0
916.08
813.0
566.0
465.0
367.0
282.0
268.0
255.41
224.0
208.0
201.0
209.0
205.0
195.0
203.0
387.0
691.84
942.04
964.84
986.84
912.84
972.84
915.72
946.64
934.64
781.64
592.64
508.64
375.64
298.64
236.0
255.41
217.0
202.0
223.0
205.5
215.5
195.0
236.0
383.0
679.0
919.0
1010.0
1040.0
916.0
1003.0
953.0
945.0
895.0
779.0
592.0
452.0
380.0
269.0
269.0
255.41
215.0
211.0
245.0
202.0
226.0
195.0
217.0
365.0
692.88
913.88
957.08
982.88
886.88
906.88
909.44
902.56
850.0
709.0
537.0
394.0
303.0
237.0
205.0
255.41
177.0
194.0
174.0
156.0
172.0
165.0
160.0
457.0
208.0
278.0
255.0
248.0
217.0
271.0
250.0
275.0
244.0
249.04
217.5
214.0
212.0
184.0
210.0
179.88
188.0
201.0
198.0
180.0
180.0
184.0
178.0
182.0
196.0
250.0
281.0
280.0
278.0
250.0
246.0
261.0
261.0
255.0
220.0
205.0
222.0
182.0
204.0
176.915
187.0
179.0
182.0
189.0
180.0
174.0
223.0
332.0
650.12
925.16
974.16
1000.28
885.16
943.16
921.16
942.0
893.0
778.0
527.0
419.0
374.0
328.0
260.0
265.9
215.0
223.0
234.0
232.0
205.0
216.0
232.0
398.0
691.0
923.12
1006.11
1040.0
969.0
1004.0
935.0
952.0
928.0
783.0
510.0
443.0
396.0
357.12
292.0
260.81
217.0
226.0
230.0
217.0
209.0
216.0
222.0
384.0
606.0
915.0
928.0
970.0
911.0
969.0
913.0
890.0
918.0
733.0
498.0
443.0
372.0
312.0
285.0
260.81
225.0
225.5
224.5
206.0
201.0
196.0
234.0
394.0
643.12
929.0
927.0
1001.0
941.0
923.0
907.08
890.0
882.0
736.0
539.0
428.0
408.0
364.0
263.0
255.72
225.0
225.0
219.0
251.0
221.0
225.0
237.0
380.0
672.0
930.0
969.0
1023.0
911.0
937.0
969.0
931.12
911.0
759.0
501.0
397.0
352.0
302.0
271.0
252.36
206.0
207.0
205.5
196.0
201.0
192.0
202.0
216.0
286.0
301.0
297.0
316.0
309.0
300.0
303.0
311.0
285.0
309.0
238.0
225.0
239.0
209.0
236.0
176.915
206.0
213.0
213.0
216.0
193.0
198.0
186.0
230.0
246.0
310.0
324.0
355.0
308.0
289.0
270.0
287.0
275.0
279.0
240.0
245.0
256.0
217.0
210.0
176.915
225.0
194.0
207.0
192.0
199.0
205.0
217.0
376.0
605.0
852.0
929.0
929.0
852.52
887.52
864.12
873.0
867.52
696.52
519.44
452.44
331.44
287.76
261.0
252.36
225.0
200.5
216.5
205.5
201.0
211.5
250.6
347.6
620.6
805.6
839.6
889.0
875.0
833.0
841.0
842.0
836.0
669.0
489.0
411.0
327.0
276.0
263.0
252.36
225.0
207.0
226.0
219.0
203.0
218.0
249.0
386.0
631.0
830.0
832.0
916.0
875.12
844.0
861.0
848.08
824.0
686.12
478.6
370.6
363.0
276.0
282.0
252.36
233.0
213.0
211.0
236.0
212.0
236.0
220.0
383.0
650.0
839.0
882.0
924.0
881.0
889.0
850.0
854.0
834.0
689.0
505.0
416.0
332.0
311.0
256.0
252.36
236.0
247.0
211.0
320.0
293.0
265.0
268.805
205.0
213.5
206.5
196.5
203.0
203.5
205.0
208.0
231.26
258.92
271.92
295.92
255.92
288.02
277.92
267.92
291.92
255.92
247.92
261.22
218.5
225.5
220.5
216.5
205.0
213.5
206.5
196.5
203.0
203.5
205.0
208.0
231.26
278.22
266.44
273.44
288.96
288.02
265.44
317.98
271.44
287.96
252.44
255.44
218.5
225.5
220.5
216.5
244.76
205.0
214.5
194.5
219.5
228.5
196.5
329.92
591.92
922.92
893.92
947.92
866.92
901.92
928.92
907.92
919.92
784.92
573.92
472.92
378.92
315.92
265.0
268.805
244.76
208.0
209.0
189.0
200.0
226.0
175.0
371.0
596.0
879.08
921.84
911.28
871.28
924.76
914.0
899.0
892.0
768.32
561.32
486.32
359.0
292.0
265.0
268.805
244.76
264.56
236.94
229.44
226.44
239.44
257.68
380.88
616.88
857.88
915.88
890.88
845.36
839.49
862.88
822.89
864.88
811.88
615.89
504.6
379.6
348.61
326.6
292.48
258.52
259.22
236.94
229.44
226.44
239.44
256.88
363.56
585.6
812.8
878.8
883.8
809.8
832.8
824.8
864.8
843.8
766.8
611.8
506.8
405.8
314.8
317.8
296.07
250.28
253.88
264.88
269.88
252.88
252.88
251.88
376.88
575.88
839.88
839.88
896.28
806.28
837.28
801.28
847.28
821.88
731.08
503.76
450.76
341.76
324.08
292.88
255.89
205.0
213.5
206.5
196.5
203.0
203.5
205.0
208.0
258.52
297.52
318.52
375.0
322.0
337.04
340.04
368.04
345.04
320.0
266.0
258.0
224.0
210.0
220.0
216.5
205.0
213.5
206.5
196.5
203.0
203.5
205.0
208.0
242.76
254.76
282.56
298.56
289.56
292.56
307.56
283.56
312.56
275.56
249.0
249.0
227.0
216.0
205.5
216.5
281.72
307.92
278.96
292.96
275.96
295.96
259.96
360.96
540.96
784.96
850.96
859.96
790.96
856.96
852.96
828.96
833.96
790.04
632.96
566.96
444.96
334.96
336.96
324.86
269.86
231.0
251.48
260.48
245.98
250.98
242.48
327.0
620.0
907.0
928.0
957.0
905.0
940.0
957.0
950.0
897.0
827.0
590.0
485.0
423.0
344.0
298.0
291.44
258.0
219.0
224.0
228.0
216.0
206.0
225.0
379.0
606.0
913.0
912.0
960.0
886.0
948.0
906.0
918.0
894.0
768.0
568.0
409.0
360.0
284.0
254.0
291.44
264.0
210.0
216.0
213.0
232.0
203.0
238.0
379.0
607.0
864.0
906.0
935.0
854.0
865.0
895.0
864.0
853.0
760.0
533.0
414.0
351.52
270.52
270.0
258.02
234.5
207.0
229.0
210.0
213.5
208.0
249.76
340.0
645.0
819.0
889.0
915.0
891.0
899.0
850.0
858.0
878.76
727.76
491.76
354.76
294.52
278.52
204.0
252.96
204.0
209.0
214.0
196.0
200.0
203.0
185.0
199.0
227.0
212.0
229.0
228.0
233.0
207.0
246.0
214.0
225.0
243.0
232.0
240.0
230.0
222.0
191.0
216.5
221.0
203.0
206.0
197.0
194.0
197.0
191.0
207.0
177.0
232.0
234.0
260.0
255.0
236.0
253.0
271.0
253.0
291.0
266.0
263.0
240.0
256.0
233.0
216.5
205.0
210.0
207.0
207.0
195.0
213.0
199.0
338.0
632.0
916.0
977.0
991.0
906.0
922.0
946.0
909.0
882.0
760.0
549.0
426.0
373.0
274.0
288.0
247.9
477.28
476.28
475.28
475.28
474.28
476.28
486.28
524.28
600.28
658.28
663.28
699.28
711.28
683.28
640.28
677.28
676.28
626.28
577.28
429.0
356.0
280.0
273.0
255.38
262.0
220.0
233.0
221.0
220.0
230.0
247.0
375.0
602.0
882.0
922.0
994.0
890.0
929.0
900.0
881.0
898.0
748.0
483.0
407.0
366.0
300.0
290.0
255.38
252.0
231.0
245.0
214.0
246.0
206.0
226.0
370.0
604.0
894.0
895.0
930.0
859.0
924.0
913.0
895.0
881.0
719.0
511.0
382.0
347.0
301.0
267.16
255.38
218.0
232.0
209.0
248.0
204.0
227.0
214.0
364.0
613.0
855.0
877.0
900.0
807.0
905.0
874.0
833.0
870.12
739.0
478.0
385.0
349.0
278.0
222.0
255.38
235.0
220.0
216.0
213.0
213.0
207.0
217.0
179.0
211.0
240.0
214.0
231.0
253.0
229.0
225.0
223.0
248.0
235.0
251.0
250.0
230.0
240.0
242.0
216.5
217.0
198.0
208.0
207.0
208.0
210.0
208.0
200.0
222.0
225.0
205.0
257.0
223.0
244.0
249.0
237.0
239.0
251.0
270.0
237.0
250.0
241.0
196.0
259.05
224.5
224.0
193.0
235.0
214.0
239.0
212.0
357.0
633.0
925.0
936.0
951.0
883.0
904.0
926.0
914.0
903.0
811.08
536.0
431.0
356.0
264.0
268.0
255.38
231.0
234.0
199.0
213.0
215.0
221.0
216.0
351.0
636.0
890.0
920.0
937.0
887.0
899.8
931.8
901.8
902.8
744.8
516.76
429.76
305.76
289.76
215.0
262.86
228.0
248.0
226.0
195.0
249.0
223.0
214.0
407.0
682.0
870.0
910.0
939.0
843.0
922.0
886.08
917.0
892.0
771.0
509.0
394.0
322.0
278.0
282.0
224.43
215.5
229.0
236.0
248.0
205.0
237.0
205.0
385.0
642.0
906.0
926.0
957.0
855.0
887.0
932.0
923.0
852.0
740.0
494.0
351.0
307.68
268.68
248.0
224.43
215.5
211.0
222.0
196.0
220.0
209.5
196.0
336.24
605.24
837.72
879.72
899.72
822.72
854.0
859.24
819.24
812.24
691.24
455.0
304.0
264.0
222.0
214.0
224.43
206.5
199.0
188.0
201.0
194.0
186.0
199.0
193.0
216.0
272.0
301.0
317.0
260.52
325.52
305.0
330.16
305.16
275.16
255.5
239.0
228.0
187.0
217.0
208.94
196.0
200.0
204.0
182.0
192.0
196.0
182.0
195.0
213.0
221.0
242.0
239.0
250.0
251.0
251.0
251.0
244.0
275.0
241.0
241.0
206.0
205.0
207.0
208.94
203.0
187.0
196.0
189.0
210.0
182.0
187.0
351.0
607.52
863.52
928.52
927.52
864.52
906.52
898.0
898.0
875.0
745.0
448.0
396.0
329.0
281.0
221.0
224.43
206.0
211.0
208.0
196.0
224.0
191.0
226.0
326.0
590.0
869.0
888.0
939.0
841.04
884.04
879.84
869.84
851.84
756.84
507.84
373.84
340.0
261.0
233.0
224.43
236.0
207.0
209.0
217.0
193.0
221.0
192.0
344.0
588.0
830.0
875.0
917.0
817.0
869.0
856.0
855.0
838.0
713.0
453.0
366.0
329.0
281.0
236.0
224.43
225.0
205.0
205.0
215.0
201.0
211.0
211.0
345.0
593.0
830.0
848.0
895.0
790.0
834.0
813.0
791.0
735.0
609.0
397.0
306.0
282.0
248.0
226.0
224.43
198.5
198.0
205.5
193.5
199.5
201.0
180.5
200.0
209.5
226.0
238.0
238.5
241.0
239.0
248.0
245.5
253.04
242.0
236.0
231.0
209.0
226.0
186.0
208.94
201.0
196.0
207.0
205.0
207.0
201.0
180.5
205.0
206.0
231.0
234.0
238.0
232.0
227.0
245.0
240.0
240.0
209.0
217.0
231.0
206.0
214.0
194.0
208.94
193.0
205.0
194.0
204.5
201.5
206.0
179.0
192.0
220.0
261.0
267.5
287.56
263.0
265.0
282.0
272.0
283.0
251.0
220.0
237.0
233.0
210.0
201.0
208.94
201.0
198.0
208.0
215.0
203.0
187.0
218.0
351.0
620.0
946.0
938.56
975.56
902.0
947.0
956.0
957.0
932.0
807.0
596.0
483.0
358.0
272.0
225.0
224.43
206.0
222.0
218.0
211.0
226.0
202.0
202.0
387.0
660.0
914.0
951.0
989.0
917.0
955.0
938.0
928.0
935.0
796.0
528.0
444.0
368.0
280.0
234.0
224.43
210.0
236.0
201.0
214.0
227.0
202.0
236.0
369.0
629.0
942.0
956.0
990.0
892.0
944.0
919.0
920.56
925.56
807.0
548.0
395.0
346.0
295.0
255.0
224.43
214.0
203.0
220.0
202.0
198.0
220.0
207.0
382.0
641.0
917.0
939.0
997.0
903.0
964.0
940.0
931.0
928.0
793.0
543.0
447.0
357.0
266.0
247.0
224.43
200.0
218.0
204.0
214.0
200.0
219.0
209.0
384.0
643.0
938.0
982.0
1019.0
186.0
200.0
329.0
567.0
866.0
890.0
770.96
695.96
770.96
759.96
741.96
728.96
590.96
353.96
303.96
273.96
251.5
234.5
256.385
194.0
174.825
169.32
198.0
171.325
165.82
165.32
199.5
225.5
247.96
265.96
237.0
231.0
229.0
241.0
227.0
246.0
211.0
200.0
195.0
168.0
184.0
151.0
167.915
194.0
155.65
166.64
198.0
154.65
161.64
153.64
199.5
225.5
258.48
295.98
284.5
279.0
238.0
222.0
237.0
220.0
203.0
195.0
196.0
209.0
175.0
175.0
164.92
159.04
162.0
206.0
164.0
159.0
155.0
189.0
291.0
565.0
823.0
817.0
886.0
844.0
832.0
850.0
832.0
823.0
683.0
467.0
345.0
268.0
253.0
229.0
256.385
184.52
199.0
202.0
206.0
189.0
209.0
198.0
338.0
549.0
834.0
833.0
914.0
832.0
866.0
844.0
852.0
832.0
696.0
429.0
357.0
295.0
246.0
213.0
256.385
210.0
188.0
204.0
189.0
195.0
191.0
225.0
322.0
589.0
868.0
889.0
940.0
862.0
888.0
863.0
883.0
849.0
724.0
480.0
375.0
300.0
264.0
234.0
256.385
196.0
206.0
213.0
190.0
191.0
211.0
223.0
332.0
569.0
908.0
897.0
969.0
847.0
904.0
888.0
890.0
863.0
723.0
461.0
398.0
330.0
279.0
267.0
256.385
242.0
206.0
212.0
210.0
208.0
201.0
216.0
339.0
602.0
865.0
910.0
974.0
887.0
892.0
903.0
902.0
840.0
686.0
417.0
354.0
281.0
230.0
236.0
256.385
206.0
198.0
201.0
197.0
190.0
187.0
184.0
218.0
256.0
269.0
326.0
332.0
327.0
331.0
330.0
319.72
309.72
252.2
250.2
228.5
213.0
210.0
198.0
172.39
198.0
202.0
196.0
191.0
188.0
198.0
180.0
198.0
240.0
272.0
293.44
305.44
297.44
312.44
327.44
305.44
312.44
282.0
250.0
261.0
225.0
207.0
204.0
172.39
203.0
203.0
189.0
208.0
178.0
189.0
217.0
308.0
594.0
872.0
928.0
998.0
879.0
947.0
934.0
916.0
891.0
746.0
508.0
369.0
333.0
242.0
221.0
256.385
193.0
202.0
207.0
185.0
205.0
197.0
229.5
332.52
613.0
873.0
899.0
972.0
869.0
859.0
868.0
875.0
878.0
725.0
473.0
371.0
319.0
266.0
247.0
256.385
215.0
203.0
213.0
201.0
213.0
196.0
242.0
327.0
609.0
867.0
902.0
969.0
879.0
904.0
880.0
882.0
856.0
718.0
478.0
347.0
314.0
273.0
276.0
256.385
410.08
408.08
404.08
407.08
407.08
405.08
427.08
462.08
512.08
572.16
568.16
638.08
641.08
588.08
875.0
874.16
859.16
709.0
498.0
361.0
310.0
290.0
233.0
256.385
227.0
199.0
217.0
188.0
218.0
190.0
220.0
343.0
598.0
870.0
903.0
966.0
834.0
865.0
880.0
885.0
852.0
736.0
441.0
353.0
268.0
259.0
218.0
256.385
190.0
206.0
191.0
185.0
194.0
185.0
187.0
222.0
214.0
262.0
285.0
291.0
276.0
290.0
308.0
292.0
292.0
287.0
256.0
221.0
235.0
199.0
180.0
172.39
196.0
173.0
198.0
184.0
191.0
178.0
184.0
217.5
224.5
238.0
272.0
265.0
261.0
269.0
284.0
267.0
263.0
261.0
225.0
218.0
229.0
205.0
190.0
172.39
182.0
199.0
184.0
180.0
176.0
200.0
194.0
318.0
572.0
863.0
901.0
988.0
861.0
922.0
920.0
873.0
881.0
732.0
453.0
394.0
306.0
281.0
250.0
256.385
228.0
207.0
202.0
216.0
197.0
221.0
222.0
341.0
568.0
850.0
881.0
927.0
844.0
872.0
851.0
869.0
841.0
714.0
493.0
412.0
335.0
270.0
248.0
256.385
206.5
213.5
196.0
199.5
195.5
207.0
216.0
322.0
608.0
844.0
862.0
929.0
842.0
861.0
861.0
835.08
850.08
716.0
460.0
382.0
318.0
275.0
239.0
256.385
206.5
220.0
190.0
183.0
194.0
193.0
206.0
320.0
587.0
851.0
833.0
927.0
841.0
896.0
874.0
847.0
849.0
675.0
406.0
335.0
277.0
250.0
216.0
256.385
206.5
189.0
187.0
170.0
186.0
183.0
200.0
297.0
562.0
833.0
871.0
940.0
821.0
878.0
846.0
832.0
798.0
678.0
391.0
320.0
290.0
248.0
211.0
256.385
186.0
175.0
188.0
185.0
179.0
179.0
172.0
213.0
235.0
274.0
270.0
299.0
290.0
305.0
290.0
261.0
257.0
220.0
210.0
192.0
207.0
199.0
196.0
179.86
189.0
175.0
183.0
168.0
171.0
173.0
182.0
179.0
173.0
211.0
206.0
240.0
206.0
227.0
223.0
216.0
215.0
197.0
208.0
201.0
177.0
202.0
178.0
161.88
185.0
181.0
162.0
196.0
170.0
182.5
201.0
286.0
555.0
826.0
852.0
930.0
847.0
880.0
861.0
842.0
847.0
708.0
456.0
374.0
311.0
265.0
247.0
256.385
218.0
189.0
213.0
195.5
182.0
182.0
208.0
297.0
563.0
832.0
856.0
946.0
830.0
886.0
846.0
854.0
819.0
685.0
474.0
324.0
300.0
249.0
217.0
256.385
184.0
189.0
204.0
195.0
194.0
193.0
217.0
286.0
566.0
844.0
826.0
928.0
800.0
866.0
815.0
819.0
808.0
674.0
492.0
361.0
292.0
244.0
235.0
256.385
198.0
201.0
158.0
210.0
281.0
178.0
212.0
286.0
543.0
814.0
806.0
897.0
767.0
838.0
808.0
765.0
832.0
683.0
314.0
348.0
291.0
713.0
250.0
269.83
155.0
199.0
190.0
225.0
190.0
189.0
224.0
307.0
528.0
816.0
854.0
899.0
798.0
855.0
811.0
825.0
800.0
643.0
421.0
335.0
290.0
241.0
211.0
219.845
187.0
210.0
195.0
186.0
200.0
178.0
172.0
209.0
224.0
281.0
285.0
307.0
257.0
299.0
297.0
295.0
297.0
255.0
230.0
223.0
204.0
197.0
207.0
156.885
191.0
177.0
189.0
190.0
174.0
187.0
188.0
188.0
224.0
254.0
282.0
282.0
260.0
280.0
299.0
284.0
250.0
233.0
229.0
221.0
213.0
204.0
192.0
156.885
189.0
189.0
176.0
195.0
177.0
175.0
208.0
319.0
578.0
834.0
853.0
908.0
821.0
855.0
827.0
818.0
782.52
638.52
423.0
347.0
298.0
256.0
243.0
219.845
201.0
193.0
196.0
173.0
204.0
171.0
220.0
314.0
558.0
784.0
820.0
907.0
792.0
824.0
815.0
805.0
821.0
654.0
452.0
357.0
305.0
229.0
225.0
219.845
194.0
206.0
177.0
197.0
197.0
178.5
206.0
317.0
536.0
789.0
834.0
888.0
795.0
843.0
813.0
801.0
792.0
632.0
419.0
334.0
293.0
253.0
213.0
219.845
176.0
206.0
188.0
205.0
190.0
186.0
211.0
330.0
569.0
810.0
857.0
916.0
791.0
863.0
862.0
853.0
809.0
657.0
433.0
364.0
296.0
237.0
218.0
219.845
188.0
177.0
193.0
180.0
184.0
186.0
208.0
305.0
545.0
768.0
770.0
843.0
776.0
796.0
800.0
747.0
746.0
594.0
396.0
311.0
264.0
227.0
186.0
219.845
172.0
175.0
157.0
158.0
172.0
155.0
153.0
178.0
185.0
241.0
250.56
250.56
218.0
235.0
263.0
234.0
226.0
212.0
200.0
201.0
174.0
175.0
179.0
151.89
185.0
158.0
164.0
172.5
151.0
171.0
161.0
159.0
197.0
227.0
264.0
277.0
211.0
281.0
277.0
267.0
272.0
265.0
181.0
179.0
196.0
178.0
158.0
169.9
159.0
159.0
158.0
168.0
151.0
164.0
164.0
293.0
526.0
824.0
827.0
897.0
815.0
870.0
876.0
841.0
836.0
351.0
782.0
396.0
320.0
248.0
225.0
219.845
184.0
192.0
185.0
190.0
183.0
184.0
190.0
304.0
570.0
827.0
846.0
928.0
821.0
875.0
857.0
849.0
828.0
689.0
464.0
367.0
297.0
246.0
225.0
219.845
187.0
198.0
184.0
192.0
190.0
178.0
223.0
286.0
556.0
829.0
832.0
872.0
806.0
862.31
830.0
818.0
799.0
665.0
450.0
346.0
276.0
239.0
233.0
219.845
201.0
185.0
192.0
192.0
202.0
183.0
212.0
303.0
539.0
816.0
652.0
296.0
302.0
852.655
829.0
817.0
807.0
657.0
433.0
345.0
292.0
264.0
283.0
244.0
268.0
247.0
214.0
230.0
243.0
201.0
212.0
176.915
191.0
206.0
218.0
195.0
218.5
196.5
199.0
209.0
221.5
223.0
253.04
314.16
305.16
254.4
275.48
262.48
268.84
262.84
239.5
232.5
248.0
214.0
196.0
176.915
196.0
217.0
191.0
202.0
215.0
208.0
208.0
359.0
654.0
931.0
1018.0
1024.0
952.0
1014.0
986.0
990.0
941.0
817.0
527.0
432.0
351.0
290.0
308.0
254.92
224.0
241.0
227.0
237.0
210.0
248.0
230.0
402.0
630.0
970.0
992.0
1048.12
991.0
999.0
994.0
967.0
977.0
834.0
606.0
449.0
437.0
299.0
267.0
253.41
258.0
204.0
229.0
225.0
209.0
232.0
217.0
381.0
674.0
944.12
1013.0
1051.7199999999998
974.0
1056.0
1004.12
988.0
978.0
848.0
571.0
429.0
421.0
321.0
277.0
253.41
227.0
238.0
218.0
236.0
216.0
216.0
248.0
385.0
688.0
911.0
980.0
1051.7199999999998
958.0
1003.0
963.08
958.0
951.0
845.0
566.08
439.0
373.0
321.0
266.0
253.41
216.0
220.0
239.0
228.0
226.0
206.0
232.0
388.0
666.0
940.0
962.0
1051.7199999999998
946.68
973.68
999.12
948.0
909.0
805.0
488.0
359.0
337.0
275.0
245.0
253.41
202.0
203.0
205.0
213.0
215.0
199.0
208.0
215.0
221.5
223.0
264.08
243.08
311.64
255.7
268.74
279.04
246.04
232.0
239.5
232.5
248.0
204.5
231.0
176.915
200.0
200.0
181.0
190.0
197.0
216.0
196.0
205.0
217.0
207.0
239.0
272.0
318.12
257.0
262.0
243.0
264.0
221.0
265.0
235.0
253.0
195.0
215.0
176.915
188.0
224.0
195.0
197.0
204.0
187.0
185.0
369.0
632.0
950.32
1007.32
1055.32
959.0
1006.4
973.4
994.4
967.52
843.4
585.12
426.0
474.0
309.0
258.0
253.41
231.0
211.0
227.0
241.0
217.0
223.0
240.0
350.0
625.8
957.32
1002.32
1048.12
964.12
989.12
955.44
978.44
934.44
865.44
583.44
446.64
357.0
318.0
276.0
253.41
223.5
206.0
225.0
236.5
235.0
231.0
219.0
376.0
642.0
923.0
957.0
1049.0
934.0
969.08
959.08
942.12
900.0
842.0
520.0
431.0
356.0
290.0
258.0
251.9
216.0
201.0
223.0
232.0
211.0
214.0
212.0
376.0
663.0
909.0
952.0
1045.0
937.0
948.0
971.24
924.0
906.0
812.0
512.0
364.0
343.0
317.0
253.0
249.905
217.0
211.0
194.0
213.0
195.0
214.0
206.0
342.0
599.0
905.0
929.0
1030.0
956.0
954.0
913.0
903.0
884.0
773.0
507.0
362.0
315.0
255.0
237.0
249.905
194.0
192.0
205.0
195.0
197.0
204.0
189.5
213.0
212.0
255.0
285.0
270.52
251.52
286.0
267.0
243.0
252.0
246.0
245.0
221.0
211.0
217.0
202.0
176.915
216.0
201.0
200.0
186.0
189.0
192.0
183.0
196.0
189.0
219.0
224.0
291.0
284.0
241.0
242.0
251.0
268.0
255.0
226.0
241.0
229.0
231.0
208.0
176.915
185.0
193.0
188.0
193.0
202.0
185.0
212.0
350.0
637.0
972.0
928.0
1048.0
959.0
959.12
990.0
946.0
935.0
823.0
531.0
477.16
362.0
316.0
245.0
249.905
273.24
203.5
256.24
199.0
280.24
197.0
216.5
349.24
609.24
787.24
978.0
1044.0
945.0
967.0
990.0
961.0
914.0
817.0
565.0
423.0
349.0
288.0
242.0
249.905
234.62
214.0
245.0
205.0
218.0
209.0
221.0
361.0
671.0
929.0
997.0
1063.0
956.0
967.0
974.0
955.0
922.0
808.0
522.0
427.0
387.0
310.0
239.0
249.905
234.62
214.0
228.0
215.0
213.0
211.0
225.0
394.0
677.0
940.0
979.0
1062.24
956.0
948.0
951.0
949.16
960.0
815.0
492.0
395.0
344.12
292.0
244.0
249.905
234.62
238.0
197.0
206.5
213.0
199.0
217.0
367.0
646.0
944.0
932.0
1029.0
904.0
1000.0
940.0
939.0
895.0
810.0
487.0
330.0
312.0
279.0
225.0
249.905
205.0
218.0
185.0
191.0
173.0
186.0
194.0
208.0
204.0
273.0
297.0
296.0
298.0
295.0
299.0
299.0
298.0
264.0
244.0
231.0
224.0
223.0
200.0
176.915
193.0
206.0
182.0
203.0
174.0
190.0
188.0
167.0
192.0
230.0
208.0
244.0
270.0
234.0
240.0
258.0
232.0
241.0
229.0
228.0
241.0
217.0
207.0
176.915
196.0
196.0
197.0
198.0
215.0
183.0
202.0
349.0
591.0
894.0
920.0
992.0
950.0
987.12
945.0
929.0
881.0
792.0
543.0
432.0
297.0
283.12
240.0
249.905
233.0
213.0
196.0
232.0
212.0
205.0
219.0
356.0
590.0
931.0
931.0
1040.0
946.0
989.0
996.12
960.0
952.0
855.0
567.0
455.0
356.0
291.0
248.0
249.905
218.0
231.0
227.0
218.0
228.0
220.0
255.0
378.0
622.0
950.0
998.0
1057.52
956.52
1009.0
970.0
934.0
937.0
798.0
482.0
436.0
361.0
292.0
279.0
249.905
238.0
203.0
214.0
220.0
217.0
246.0
213.0
374.0
641.0
930.0
945.0
1039.12
939.0
954.0
983.0
935.0
952.0
830.0
578.0
430.0
389.0
338.0
258.0
247.91
246.0
230.0
208.0
221.0
209.0
235.0
240.0
364.0
624.0
958.12
965.12
1018.0
972.0
950.0
941.0
980.0
923.0
812.0
498.0
432.0
361.0
325.0
246.0
251.385
207.0
242.0
204.0
204.0
209.0
188.0
221.0
245.0
228.0
260.0
286.0
284.0
251.0
315.0
276.0
300.0
288.0
257.0
257.0
246.0
238.0
225.0
218.0
176.915
221.0
233.0
198.0
186.0
212.0
199.0
190.0
216.0
223.0
208.0
217.0
292.0
268.0
241.0
220.0
217.0
242.0
231.0
211.0
228.0
241.0
221.0
215.0
176.915
202.0
199.0
211.0
215.0
199.0
188.0
215.0
345.0
691.0
965.0
1001.12
1021.64
952.0
991.0
996.0
972.08
951.0
810.0
552.12
459.0
407.0
335.0
268.0
251.385
219.5
222.5
215.5
228.5
205.5
191.0
243.28
399.28
653.28
910.28
951.28
1025.28
949.28
970.28
947.0
945.12
915.0
796.0
532.0
463.0
367.0
313.0
270.0
254.86
237.0
246.0
220.0
242.0
212.0
191.0
220.64
411.0
664.0
928.0
917.0
1003.12
922.0
949.0
933.0
936.08
900.0
745.0
453.0
401.0
298.0
288.0
222.0
258.545
204.0
211.0
205.0
192.0
216.0
213.0
190.0
222.0
201.0
226.0
214.0
295.0
280.0
224.0
259.0
234.0
223.0
238.0
204.0
242.0
211.0
212.0
184.0
176.915
211.0
188.0
183.0
199.0
194.0
170.0
193.0
187.0
241.0
251.0
216.0
324.0
309.0
253.0
232.0
228.0
261.0
225.5
213.0
216.0
209.0
190.0
195.0
176.915
199.0
199.0
226.0
185.0
199.0
185.0
181.0
195.0
204.0
213.0
219.0
237.0
218.0
224.0
234.0
231.0
249.0
213.0
222.0
213.0
223.0
205.0
198.0
176.915
208.0
204.0
197.0
196.0
199.0
194.0
198.0
365.0
667.0
905.0
947.0
1052.0
927.0
975.0
927.0
942.0
899.0
797.0
455.0
358.0
336.0
292.0
235.0
258.545
217.5
225.0
237.0
235.0
198.0
213.0
214.0
371.0
640.0
947.0
973.0
1051.0
960.24
1024.0
1002.0
978.0
978.0
872.12
642.0
518.0
365.12
311.0
275.0
262.23
217.5
227.0
236.0
254.0
220.0
238.0
221.0
412.04
626.04
928.0
1009.0
1055.0
948.0
995.0
986.0
987.0
942.0
793.0
640.12
445.0
369.0
313.0
262.0
243.27
217.5
226.0
221.0
242.0
201.0
235.0
262.0
359.0
629.0
938.0
978.0
1043.0
959.0
976.0
935.0
952.0
946.96
798.84
546.84
427.52
350.0
306.0
260.0
247.76
217.5
221.0
215.0
212.0
214.0
206.0
217.0
373.08
644.0
923.0
968.12
1028.28
932.28
972.28
940.28
911.0
895.0
808.12
516.0
411.0
342.0
300.0
245.0
252.25
217.5
214.0
217.0
213.0
231.0
242.0
215.0
378.0
629.0
873.0
896.0
989.0
881.0
877.0
947.0
863.0
875.0
786.0
495.0
388.0
352.0
273.0
241.0
251.115
203.0
201.0
215.0
195.0
205.5
785.0
526.0
407.0
337.0
267.0
221.0
224.43
200.0
213.0
203.0
203.0
220.0
205.0
233.0
347.0
639.0
917.0
982.0
1005.0
899.0
958.0
921.0
938.0
907.0
759.0
470.0
376.0
340.0
299.0
245.0
224.43
223.0
231.0
222.0
204.0
233.0
217.0
225.0
387.0
625.0
941.0
877.0
866.0
825.0
831.0
821.0
805.0
781.0
631.0
493.0
396.0
276.0
251.0
247.0
224.43
227.0
215.0
220.0
202.0
213.0
214.0
207.0
207.0
296.0
393.0
394.0
405.0
354.0
392.0
400.0
402.0
374.0
337.0
246.0
230.0
224.0
214.0
201.0
208.94
183.0
199.0
178.0
186.0
174.0
186.0
172.0
195.0
224.0
329.56
345.56
347.0
338.0
344.0
323.0
322.0
335.0
269.0
241.0
238.0
221.0
213.0
210.0
208.94
206.0
190.0
196.0
196.0
204.0
196.0
232.0
343.0
717.0
849.0
869.0
918.0
859.0
872.0
872.0
858.0
851.0
706.0
480.0
352.0
301.0
277.0
235.0
224.43
203.0
184.0
196.0
188.0
202.0
190.0
209.0
373.0
565.0
829.0
839.0
879.0
842.0
836.0
799.0
824.0
766.0
650.0
448.0
325.0
291.0
266.0
235.0
224.43
235.0
221.0
227.0
209.0
236.0
209.0
249.0
368.0
586.0
766.0
790.0
835.0
799.0
798.0
784.0
781.0
737.0
570.0
414.0
323.0
289.0
258.0
261.0
224.43
220.0
208.0
228.0
205.0
218.0
226.0
218.0
377.0
557.0
739.04
753.04
763.0
738.0
704.0
670.0
682.0
649.0
534.0
376.0
293.0
232.0
217.0
230.0
224.43
205.0
195.0
217.0
197.0
218.0
188.0
216.0
327.0
492.0
612.0
657.0
659.0
656.0
645.0
608.0
578.0
561.0
469.0
332.0
283.0
200.0
192.0
183.0
224.43
189.0
177.0
206.0
189.0
196.0
185.0
189.0
291.0
388.0
502.0
489.0
469.0
449.0
371.0
302.0
218.0
194.0
164.0
172.0
162.0
168.0
167.0
156.0
224.43
161.0
160.0
161.0
170.0
161.0
161.0
152.0
161.0
142.0
150.0
150.0
146.0
164.0
148.0
153.0
152.0
150.0
143.0
180.0
161.0
173.0
159.0
155.0
208.94
144.56
160.56
161.0
170.0
162.0
158.0
152.0
151.0
136.6
148.6
155.0
164.0
153.0
147.0
154.0
141.0
161.0
158.0
172.0
150.0
168.0
167.0
147.0
158.83
175.0
149.0
165.0
160.0
157.0
166.0
148.0
141.0
158.0
155.0
139.0
148.0
160.0
164.0
155.04
152.04
157.0
168.0
158.0
166.0
152.0
181.0
155.0
161.81
149.0
181.0
156.0
150.0
170.0
167.0
143.0
153.0
149.0
180.0
143.0
159.0
154.0
168.0
156.0
154.0
165.0
150.0
158.0
162.0
165.0
156.0
165.0
147.81
156.0
155.0
173.0
156.0
156.0
158.0
148.0
155.0
147.0
160.0
166.0
146.0
159.5
153.0
153.0
164.0
153.0
166.0
161.0
159.0
163.0
156.0
156.0
173.88
157.0
153.0
173.0
145.0
170.0
153.0
154.0
170.0
139.0
166.0
145.0
148.0
165.0
152.0
207.28
165.0
156.0
155.0
160.0
177.0
161.0
157.0
157.0
165.89
154.0
170.0
148.0
166.0
154.56
158.56
144.0
155.0
161.0
158.0
140.0
156.0
216.0
157.0
207.28
167.0
179.0
168.0
175.0
181.0
164.0
171.0
172.0
151.85
173.0
159.0
158.0
165.0
158.0
160.04
168.04
280.0
483.0
608.0
636.0
659.0
659.0
625.0
617.0
596.0
558.52
466.52
291.0
263.56
213.0
221.0
183.5
224.43
204.0
181.0
177.0
179.5
218.0
236.0
193.52
330.52
596.0
792.0
817.0
873.0
803.0
814.0
817.0
796.0
801.0
646.0
362.0
292.0
258.0
228.0
211.0
224.43
182.0
203.0
196.0
194.0
185.0
216.0
219.0
346.0
648.0
884.08
909.08
938.0
852.0
881.0
883.0
887.0
859.0
710.0
388.0
301.0
259.0
228.0
188.0
224.43
195.0
185.0
204.0
184.0
219.0
185.0
205.0
399.92
626.92
877.84
918.84
926.84
837.84
912.84
877.0
889.76
868.76
737.76
458.76
351.8
294.8
261.76
221.5
224.43
199.5
207.5
194.0
205.5
212.5
221.0
227.0
366.0
653.0
892.0
915.0
949.0
834.0
895.0
875.0
871.0
851.0
728.0
445.0
335.0
321.0
260.0
255.0
224.43
204.0
230.0
184.0
227.0
206.0
213.0
219.0
366.0
633.0
901.0
913.0
948.0
838.0
902.0
895.0
859.0
847.0
686.0
417.56
360.56
285.0
221.0
224.0
224.43
200.0
178.0
206.0
187.0
198.0
190.0
189.0
181.0
194.0
245.0
247.0
243.0
267.0
232.0
261.56
197.0
266.0
208.0
218.0
221.0
211.0
202.0
202.0
157.34
198.5
201.5
216.0
198.0
211.5
203.0
174.0
182.0
186.0
218.0
214.0
246.0
244.0
222.0
232.0
227.0
215.0
227.0
218.0
204.0
207.0
195.0
185.0
157.34
203.0
185.0
188.0
218.0
195.5
186.0
216.0
343.0
620.0
934.0
954.0
1006.0
876.0
968.0
952.0
939.0
920.0
751.0
510.0
373.0
302.0
230.0
216.0
224.43
201.0
192.0
204.0
209.0
185.0
197.0
220.0
378.0
669.0
942.0
970.0
975.0
888.0
922.0
924.0
919.0
915.0
767.0
509.0
414.0
366.0
286.0
240.0
224.43
228.0
207.0
228.0
208.0
233.0
207.0
229.0
350.0
655.0
890.0
902.0
934.0
859.0
909.0
912.0
887.0
891.0
764.0
533.0
426.0
344.0
267.0
229.0
224.43
223.5
217.0
214.0
207.5
223.0
206.0
230.5
333.48
544.49
903.0
950.0
977.0
880.0
924.0
916.0
925.0
910.0
768.0
586.0
443.0
357.0
254.0
255.0
224.43
223.5
227.0
200.0
207.0
213.0
205.0
232.0
373.0
671.0
941.04
947.04
984.0
878.0
956.0
934.0
922.0
912.0
749.0
545.0
409.0
314.0
279.0
245.0
224.43
198.5
225.0
226.0
209.0
225.0
210.5
182.5
206.0
256.0
299.0
313.0
310.0
271.0
311.0
304.0
303.0
300.0
261.0
250.0
258.0
246.0
221.0
212.0
157.34
198.5
219.0
204.0
218.0
210.0
218.0
182.5
200.0
235.0
255.0
271.0
273.0
281.0
260.0
268.52
270.52
247.0
263.0
241.0
227.0
227.0
198.0
205.0
157.34
219.0
206.0
190.0
191.0
209.0
201.0
231.0
352.0
637.0
910.0
941.0
964.0
848.0
924.0
887.0
908.0
882.0
718.0
463.0
373.0
305.0
246.0
219.0
224.43
198.0
202.0
200.0
192.0
193.0
197.0
230.0
358.0
630.0
904.0
937.0
964.0
857.0
900.0
914.0
907.0
885.0
734.0
449.0
364.0
307.0
255.0
251.0
224.43
209.0
194.0
190.0
211.0
198.0
191.0
229.0
361.0
658.0
882.0
909.0
943.0
829.0
889.0
884.0
890.0
840.0
710.0
446.0
391.0
317.0
279.0
240.0
224.43
202.0
207.0
190.0
221.0
186.0
190.0
234.0
343.0
625.0
838.0
888.0
924.0
799.0
851.0
857.0
854.0
837.0
696.0
445.0
369.0
273.6
277.0
205.0
224.43
197.0
195.0
206.0
196.0
184.0
199.0
191.0
194.0
225.0
254.0
258.0
264.0
249.0
251.0
267.0
255.0
237.0
249.0
225.0
213.0
197.0
220.0
184.0
157.34
193.0
185.0
186.0
205.0
178.0
192.0
193.0
174.0
183.0
241.0
214.0
217.0
244.0
218.0
249.0
225.0
241.0
233.0
216.0
201.0
222.0
191.0
190.5
157.34
195.0
189.0
186.0
189.0
190.5
191.5
197.0
353.0
632.0
894.0
924.0
957.0
878.0
921.0
909.0
889.0
891.0
729.0
563.0
408.0
336.0
275.0
233.0
224.43
204.0
198.0
195.0
199.0
195.0
193.0
219.0
363.0
614.0
881.0
933.0
929.0
843.0
880.0
865.0
844.0
816.0
678.0
423.0
333.0
295.0
281.0
222.0
224.43
209.0
200.0
202.0
220.0
185.0
203.0
215.0
353.0
664.0
898.0
915.0
962.0
845.0
896.0
892.0
917.0
887.0
708.0
490.0
399.0
342.0
276.0
245.0
224.43
189.0
214.0
201.0
215.0
202.0
194.0
221.5
343.56
658.0
224.0
366.0
661.0
936.0
986.0
1002.0
923.0
971.12
955.12
906.0
920.0
815.0
554.32
452.84
349.84
324.0
275.0
262.22
285.68
244.0
255.52
227.0
261.0
246.0
217.0
422.36
662.48
913.8
950.48
966.6
905.68
955.0
937.84
924.72
898.88
833.88
561.88
451.0
392.0
318.0
303.0
267.155
246.84
244.0
242.76
232.5
243.5
235.0
223.0
307.0
596.72
929.72
931.04
946.04
872.04
911.04
904.04
879.04
904.04
800.04
546.04
466.04
361.04
326.04
256.0
267.155
246.84
259.0
230.0
238.0
226.0
224.0
233.0
341.0
604.0
864.0
919.0
918.12
854.0
885.0
894.0
874.0
845.0
749.0
478.0
406.12
320.0
273.0
247.0
267.155
219.5
198.0
215.5
205.0
216.0
208.5
218.5
204.5
214.5
229.0
231.0
235.0
254.0
254.0
252.26
277.48
253.48
241.0
254.0
216.0
264.0
226.0
211.0
163.925
219.5
198.0
215.5
205.0
216.0
208.5
218.5
204.5
214.5
208.0
220.5
252.0
251.5
242.76
252.26
257.74
255.24
251.84
253.0
215.0
251.5
226.0
211.0
163.925
246.84
255.66
232.0
240.5
231.5
217.5
204.0
334.0
573.0
906.0
931.44
985.32
942.44
939.68
942.68
944.68
917.16
791.16
572.16
528.16
405.16
361.16
278.0
267.155
246.84
255.66
234.0
243.0
237.0
211.0
247.0
334.0
587.0
894.0
947.0
971.4
868.32
927.4
928.0
900.44
920.44
778.44
547.44
459.44
381.44
301.44
269.0
272.09
246.84
252.32
225.0
242.0
223.0
249.0
212.0
356.0
596.08
837.0
907.0
955.0
923.0
883.0
923.0
876.0
859.0
768.0
538.0
383.0
349.0
329.0
278.0
249.98
246.84
241.0
216.0
238.0
244.0
224.0
238.0
337.0
557.0
885.0
919.0
939.0
864.12
892.0
922.0
883.0
865.0
760.0
527.0
413.0
335.0
322.0
285.0
250.395
246.84
234.0
208.0
226.0
211.0
233.0
215.0
351.0
581.0
914.12
918.52
941.52
862.52
906.52
902.12
929.0
889.12
770.32
514.32
413.32
348.0
282.0
274.0
250.395
219.5
198.0
215.5
194.0
225.0
207.0
218.5
204.5
210.0
241.0
210.0
252.0
249.0
232.0
237.0
238.0
257.0
241.0
252.0
215.0
251.5
226.0
211.0
163.925
219.5
212.0
210.0
201.0
204.0
200.0
235.0
200.0
215.0
228.0
234.0
269.0
239.0
253.0
264.0
225.0
233.0
233.0
221.0
214.0
239.0
224.0
210.0
163.925
246.84
214.0
198.0
219.0
198.0
227.0
215.0
334.0
572.0
915.0
966.0
984.0
925.0
935.0
952.0
895.0
917.0
801.0
531.0
407.12
305.0
275.0
246.0
250.395
208.0
229.0
225.0
228.0
216.0
199.0
244.0
311.0
628.0
903.0
942.0
955.0
866.12
937.0
936.0
905.12
910.0
765.0
524.12
454.0
341.0
299.0
247.0
250.81
211.0
256.92
270.92
267.92
227.5
259.92
272.92
302.92
368.92
883.0
909.0
941.0
865.0
869.0
897.0
858.0
761.0
695.0
493.0
435.0
369.12
314.0
245.0
265.94
214.0
242.0
228.0
233.0
239.0
225.0
239.0
320.0
608.0
881.0
908.0
927.12
878.0
899.0
867.0
891.0
860.0
767.08
575.0
495.0
397.0
313.0
256.0
262.86
242.0
225.0
220.0
229.0
233.0
242.0
218.0
371.0
603.0
911.0
922.0
941.0
888.0
900.0
920.0
949.0
879.0
763.0
502.0
435.0
316.0
342.0
261.0
263.345
222.0
195.0
207.0
212.0
209.0
211.0
208.0
204.0
239.0
256.0
249.0
248.0
260.0
275.0
264.0
259.0
246.0
256.0
232.0
241.0
222.0
225.0
197.0
163.925
196.0
189.0
191.0
199.0
186.0
199.0
195.0
199.0
220.0
209.0
257.0
236.0
240.0
252.0
272.0
223.0
236.0
239.0
243.0
254.0
214.0
211.0
227.0
163.925
198.0
197.0
209.0
197.0
199.0
183.0
180.0
344.0
577.0
895.0
913.08
963.0
876.0
909.2
913.0
929.0
895.0
779.0
592.0
470.0
375.0
317.0
267.0
263.345
217.0
218.0
212.0
204.0
213.5
190.0
236.0
334.0
573.0
840.0
861.0
893.0
836.0
902.0
864.0
879.0
889.0
758.0
498.0
450.24
352.0
296.0
242.0
263.345
256.0
237.0
215.0
211.0
228.0
240.0
208.0
329.0
570.0
850.0
875.0
893.0
818.0
910.0
868.12
895.0
863.0
790.0
554.0
454.0
388.0
336.0
327.0
263.83
238.0
269.0
229.0
228.0
216.0
223.0
264.0
336.0
557.0
849.0
902.0
911.0
849.0
888.0
900.0
884.0
876.0
762.0
580.0
441.0
377.0
299.0
284.0
278.88
218.0
239.0
210.0
217.0
217.0
202.0
224.0
345.12
564.0
860.0
856.0
904.0
817.12
883.0
871.0
838.0
829.0
710.0
522.0
402.0
349.0
284.0
218.0
269.46500000000003
196.0
196.0
209.0
215.0
201.0
181.0
195.0
185.0
196.0
212.0
231.0
247.0
230.0
226.0
242.0
240.0
244.0
259.0
241.0
235.0
220.0
199.0
178.0
163.925
200.0
209.0
200.0
209.0
183.0
195.0
177.0
198.0
195.0
216.0
209.0
202.0
211.0
225.0
222.0
199.0
208.0
226.0
191.0
213.0
246.0
195.0
193.0
163.925
185.0
186.0
195.0
193.0
184.0
174.0
202.0
190.0
185.0
218.0
233.0
219.0
233.0
243.0
248.0
240.0
256.0
228.0
216.0
227.0
209.0
218.0
187.0
163.925
195.0
185.0
202.0
190.0
198.0
185.0
190.0
315.0
596.0
893.0
943.0
953.0
888.0
929.12
957.0
907.08
905.0
804.0
546.08
486.0
348.0
277.0
251.0
269.46500000000003
189.0
219.0
215.0
207.0
217.0
204.0
202.0
320.0
612.0
864.0
896.0
925.0
841.0
911.0
907.12
893.0
885.0
752.0
545.0
467.0
355.0
327.0
221.0
269.46500000000003
202.5
230.0
203.5
212.0
204.0
220.0
208.0
349.0
563.0
861.0
874.0
940.0
832.0
868.0
881.0
865.0
894.0
748.0
515.0
376.0
341.0
302.0
279.08
269.46500000000003
216.0
241.0
203.5
210.0
210.0
203.0
219.0
331.0
587.0
829.0
879.0
872.0
802.0
859.0
829.0
844.0
827.12
673.0
477.0
409.0
278.0
247.0
218.0
269.46500000000003
179.0
181.0
204.0
175.0
182.0
182.0
197.0
176.0
208.0
240.0
216.0
242.0
205.0
234.0
246.0
221.0
206.0
243.0
212.0
202.0
187.0
197.0
177.0
163.925
173.0
181.0
177.0
193.0
193.0
190.0
177.0
208.0
229.56
211.0
213.0
214.0
208.0
240.0
206.0
212.0
268.0
206.0
219.0
213.0
209.0
221.0
186.0
163.925
195.0
199.0
192.0
200.0
178.0
187.0
192.0
322.0
581.0
854.12
860.0
871.0
798.0
841.0
851.0
863.12
832.0
700.0
513.0
420.0
323.0
290.0
256.0
269.46500000000003
206.0
213.0
237.0
227.0
202.0
205.0
213.0
343.0
586.0
822.04
893.04
928.0
840.0
882.0
900.08
864.0
848.0
758.0
492.0
437.0
402.12
293.0
239.0
269.46500000000003
239.0
194.0
220.0
236.0
213.0
205.0
234.0
334.0
584.0
813.0
868.0
902.0
822.0
857.0
851.0
825.0
864.0
707.0
531.0
436.0
369.0
341.0
249.0
260.05
222.5
233.0
220.0
224.0
220.0
208.0
238.0
343.0
585.0
885.0
928.0
933.0
842.0
890.12
887.12
894.0
856.0
752.2
516.0
396.0
353.0
258.0
274.0
252.485
206.0
222.0
233.0
195.0
218.0
209.0
205.0
336.0
591.0
827.0
855.0
897.0
839.0
873.12
855.0
847.0
820.0
714.0
490.0
443.0
367.0
267.0
216.0
252.485
209.0
195.0
210.0
195.0
220.0
191.0
200.0
218.0
251.12
285.0
259.0
313.0
265.0
300.0
282.0
279.0
267.0
247.0
248.0
250.0
230.0
214.0
218.0
163.925
197.0
184.0
206.0
190.0
187.0
189.0
206.0
214.0
207.0
221.0
211.0
230.0
245.0
237.0
205.0
233.0
248.0
241.0
237.0
207.0
225.0
207.0
210.0
163.925
187.0
210.0
207.0
207.0
193.0
207.0
199.0
344.0
603.0
857.0
897.0
943.0
867.0
929.0
903.0
909.0
890.0
804.0
535.0
426.0
346.0
316.0
168.0
175.0
181.0
164.0
171.0
172.0
151.85
173.0
159.0
158.0
165.0
158.0
160.04
168.04
280.0
483.0
608.0
636.0
659.0
659.0
625.0
617.0
596.0
558.52
466.52
291.0
263.56
213.0
221.0
183.5
224.43
204.0
181.0
177.0
179.5
218.0
236.0
193.52
330.52
596.0
792.0
817.0
873.0
803.0
814.0
817.0
796.0
801.0
646.0
362.0
292.0
258.0
228.0
211.0
224.43
182.0
203.0
196.0
194.0
185.0
216.0
219.0
346.0
648.0
884.08
909.08
938.0
852.0
881.0
883.0
887.0
859.0
710.0
388.0
301.0
259.0
228.0
188.0
224.43
195.0
185.0
204.0
184.0
219.0
185.0
205.0
399.92
626.92
877.84
918.84
926.84
837.84
912.84
877.0
889.76
868.76
737.76
458.76
351.8
294.8
261.76
221.5
224.43
199.5
207.5
194.0
205.5
212.5
221.0
227.0
366.0
653.0
892.0
915.0
949.0
834.0
895.0
875.0
871.0
851.0
728.0
445.0
335.0
321.0
260.0
255.0
224.43
204.0
230.0
184.0
227.0
206.0
213.0
219.0
366.0
633.0
901.0
913.0
948.0
838.0
902.0
895.0
859.0
847.0
686.0
417.56
360.56
285.0
221.0
224.0
224.43
200.0
178.0
206.0
187.0
198.0
190.0
189.0
181.0
194.0
245.0
247.0
243.0
267.0
232.0
261.56
197.0
266.0
208.0
218.0
221.0
211.0
202.0
202.0
157.34
198.5
201.5
216.0
198.0
211.5
203.0
174.0
182.0
186.0
218.0
214.0
246.0
244.0
222.0
232.0
227.0
215.0
227.0
218.0
204.0
207.0
195.0
185.0
157.34
203.0
185.0
188.0
218.0
195.5
186.0
216.0
343.0
620.0
934.0
954.0
1006.0
876.0
968.0
952.0
939.0
920.0
751.0
510.0
373.0
302.0
230.0
216.0
224.43
201.0
192.0
204.0
209.0
185.0
197.0
220.0
378.0
669.0
942.0
970.0
975.0
888.0
922.0
924.0
919.0
915.0
767.0
509.0
414.0
366.0
286.0
240.0
224.43
228.0
207.0
228.0
208.0
233.0
207.0
229.0
350.0
655.0
890.0
902.0
934.0
859.0
909.0
912.0
887.0
891.0
764.0
533.0
426.0
344.0
267.0
229.0
224.43
223.5
217.0
214.0
207.5
223.0
206.0
230.5
333.48
544.49
903.0
950.0
977.0
880.0
924.0
916.0
925.0
910.0
768.0
586.0
443.0
357.0
254.0
255.0
224.43
223.5
227.0
200.0
207.0
213.0
205.0
232.0
373.0
671.0
941.04
947.04
984.0
878.0
956.0
934.0
922.0
912.0
749.0
545.0
409.0
314.0
279.0
245.0
224.43
198.5
225.0
226.0
209.0
225.0
210.5
182.5
206.0
256.0
299.0
313.0
310.0
271.0
311.0
304.0
303.0
300.0
261.0
250.0
258.0
246.0
221.0
212.0
157.34
198.5
219.0
204.0
218.0
210.0
218.0
182.5
200.0
235.0
255.0
271.0
273.0
281.0
260.0
268.52
270.52
247.0
263.0
241.0
227.0
227.0
198.0
205.0
157.34
219.0
206.0
190.0
191.0
209.0
201.0
231.0
352.0
637.0
910.0
941.0
964.0
848.0
924.0
887.0
908.0
882.0
718.0
463.0
373.0
305.0
246.0
219.0
224.43
198.0
202.0
200.0
192.0
193.0
197.0
230.0
358.0
630.0
904.0
937.0
964.0
857.0
900.0
914.0
907.0
885.0
734.0
449.0
364.0
307.0
255.0
251.0
224.43
209.0
194.0
190.0
211.0
198.0
191.0
229.0
361.0
658.0
882.0
909.0
943.0
829.0
889.0
884.0
890.0
840.0
710.0
446.0
391.0
317.0
279.0
240.0
224.43
202.0
207.0
190.0
221.0
186.0
190.0
234.0
343.0
625.0
838.0
888.0
924.0
799.0
851.0
857.0
854.0
837.0
696.0
445.0
369.0
273.6
277.0
205.0
224.43
197.0
195.0
206.0
196.0
184.0
199.0
191.0
194.0
225.0
254.0
258.0
264.0
249.0
251.0
267.0
255.0
237.0
249.0
225.0
213.0
197.0
220.0
184.0
157.34
193.0
185.0
186.0
205.0
178.0
192.0
193.0
174.0
183.0
241.0
214.0
217.0
244.0
218.0
249.0
225.0
241.0
233.0
216.0
201.0
222.0
191.0
190.5
157.34
195.0
189.0
186.0
189.0
190.5
191.5
197.0
353.0
632.0
894.0
924.0
957.0
878.0
921.0
909.0
889.0
891.0
729.0
563.0
408.0
336.0
275.0
233.0
224.43
204.0
198.0
195.0
199.0
195.0
193.0
219.0
363.0
614.0
881.0
933.0
929.0
843.0
880.0
865.0
844.0
816.0
678.0
423.0
333.0
295.0
281.0
222.0
224.43
209.0
200.0
202.0
220.0
185.0
203.0
215.0
353.0
664.0
898.0
915.0
962.0
845.0
896.0
892.0
917.0
887.0
708.0
490.0
399.0
342.0
276.0
245.0
224.43
189.0
214.0
201.0
215.0
202.0
194.0
221.5
343.56
658.0
904.0
943.0
981.0
889.0
934.0
911.0
905.0
885.0
750.0
532.0
444.0
332.0
256.0
214.0
224.43
205.0
205.0
198.0
201.5
219.0
196.0
228.0
351.0
640.0
892.0
898.0
926.0
853.0
890.0
880.0
868.0
857.0
704.0
520.0
383.0
270.0
239.0
199.0
224.43
184.0
197.0
184.0
182.0
189.0
189.0
166.0
186.0
205.0
264.0
258.0
278.0
270.08
316.08
314.0
302.0
310.0
241.0
230.0
224.0
223.0
221.0
197.0
157.34
205.0
187.0
200.0
196.0
186.0
194.0
184.0
190.0
193.0
246.0
237.0
255.0
248.0
258.0
240.0
254.0
243.0
239.0
224.0
208.0
212.0
203.0
202.0
157.34
195.0
199.0
195.0
188.0
209.0
197.0
229.0
378.0
644.0
906.0
930.0
964.0
877.0
918.0
915.0
916.0
893.0
725.0
469.0
390.0
303.0
246.0
240.0
224.43
200.0
207.0
233.0
211.0
196.0
211.0
243.0
355.0
645.0
822.52
895.52
946.52
854.52
910.52
901.52
868.08
846.08
768.08
559.08
453.84
337.84
291.84
245.0
224.43
207.0
204.5
224.5
215.5
222.0
200.5
226.5
317.64
637.68
875.68
885.68
927.0
829.0
902.0
886.0
874.0
850.0
748.0
447.0
342.0
310.0
273.52
262.52
224.43
207.0
202.0
216.0
220.0
205.0
200.5
226.5
356.0
599.0
870.0
893.0
930.0
844.0
867.0
851.52
868.52
874.0
703.0
485.0
400.0
321.0
261.0
234.0
224.43
207.0
205.0
219.0
204.0
199.0
200.5
226.5
366.0
608.0
855.0
851.0
910.0
819.0
860.0
860.0
838.0
851.0
715.0
452.0
384.0
334.0
279.0
236.0
224.43
211.0
207.0
213.0
186.0
214.0
201.0
192.0
200.0
231.0
280.0
299.0
304.0
285.0
320.0
307.0
316.0
291.0
257.0
242.0
224.0
220.0
226.0
189.0
157.34
186.5
194.5
186.5
182.0
200.5
204.0
176.0
179.0
215.0
240.0
233.0
252.0
238.0
244.0
266.0
239.0
253.0
245.0
236.0
218.0
222.0
217.0
193.0
157.34
207.0
207.0
192.0
188.0
199.0
200.5
226.5
334.56
571.0
853.0
866.0
904.0
839.0
874.0
886.0
885.0
872.0
763.32
493.32
383.32
341.0
284.0
250.0
224.43
207.0
205.0
184.5
193.0
199.0
200.5
210.0
352.0
649.0
850.0
934.0
948.0
825.0
889.52
898.52
886.52
861.52
745.0
479.0
328.0
292.08
271.08
223.0
224.43
207.0
203.0
177.0
198.0
193.0
190.0
214.0
337.0
574.0
878.0
909.52
950.52
829.0
894.0
875.0
887.0
865.0
731.0
459.0
356.0
312.0
262.0
208.0
186.0
207.0
200.0
186.5
193.5
196.5
185.0
190.0
320.0
551.0
852.0
875.0
931.0
805.0
880.0
873.0
880.0
872.0
723.0
513.0
387.0
314.0
282.0
223.0
180.94
214.0
197.0
196.0
189.0
200.0
201.0
190.0
343.0
593.0
831.0
904.0
928.0
812.0
858.0
850.0
860.0
839.0
724.0
508.0
360.0
289.0
238.0
231.0
180.94
186.5
194.5
186.5
178.0
187.0
160.0
159.0
174.0
214.0
290.0
262.0
269.0
238.0
285.0
273.0
285.0
271.0
244.0
197.0
177.0
189.0
164.0
182.0
162.83
162.0
182.0
160.0
172.0
175.0
154.0
152.0
159.0
181.0
650.0
935.0
971.0
1058.0
951.08
984.0
969.0
949.0
963.0
793.0
599.0
409.0
332.0
287.0
289.0
262.93
202.0
198.0
200.0
208.0
222.0
194.0
190.0
203.0
226.0
239.0
242.0
260.0
259.0
264.0
283.0
244.0
268.0
247.0
214.0
230.0
243.0
201.0
212.0
176.915
191.0
206.0
218.0
195.0
218.5
196.5
199.0
209.0
221.5
223.0
253.04
314.16
305.16
254.4
275.48
262.48
268.84
262.84
239.5
232.5
248.0
214.0
196.0
176.915
196.0
217.0
191.0
202.0
215.0
208.0
208.0
359.0
654.0
931.0
1018.0
1024.0
952.0
1014.0
986.0
990.0
941.0
817.0
527.0
432.0
351.0
290.0
308.0
254.92
224.0
241.0
227.0
237.0
210.0
248.0
230.0
402.0
630.0
970.0
992.0
1048.12
991.0
999.0
994.0
967.0
977.0
834.0
606.0
449.0
437.0
299.0
267.0
253.41
258.0
204.0
229.0
225.0
209.0
232.0
217.0
381.0
674.0
944.12
1013.0
1051.7199999999998
974.0
1056.0
1004.12
988.0
978.0
848.0
571.0
429.0
421.0
321.0
277.0
253.41
227.0
238.0
218.0
236.0
216.0
216.0
248.0
385.0
688.0
911.0
980.0
1051.7199999999998
958.0
1003.0
963.08
958.0
951.0
845.0
566.08
439.0
373.0
321.0
266.0
253.41
216.0
220.0
239.0
228.0
226.0
206.0
232.0
388.0
666.0
940.0
962.0
1051.7199999999998
946.68
973.68
999.12
948.0
909.0
805.0
488.0
359.0
337.0
275.0
245.0
253.41
202.0
203.0
205.0
213.0
215.0
199.0
208.0
215.0
221.5
223.0
264.08
243.08
311.64
255.7
268.74
279.04
246.04
232.0
239.5
232.5
248.0
204.5
231.0
176.915
200.0
200.0
181.0
190.0
197.0
216.0
196.0
205.0
217.0
207.0
239.0
272.0
318.12
257.0
262.0
243.0
264.0
221.0
265.0
235.0
253.0
195.0
215.0
176.915
188.0
224.0
195.0
197.0
204.0
187.0
185.0
369.0
632.0
950.32
1007.32
1055.32
959.0
1006.4
973.4
994.4
967.52
843.4
585.12
426.0
474.0
309.0
258.0
253.41
231.0
211.0
227.0
241.0
217.0
223.0
240.0
350.0
625.8
957.32
1002.32
1048.12
964.12
989.12
955.44
978.44
934.44
865.44
583.44
446.64
357.0
318.0
276.0
253.41
223.5
206.0
225.0
236.5
235.0
231.0
219.0
376.0
642.0
923.0
957.0
1049.0
934.0
969.08
959.08
942.12
900.0
842.0
520.0
431.0
356.0
290.0
258.0
251.9
216.0
201.0
223.0
232.0
211.0
214.0
212.0
376.0
663.0
909.0
952.0
1045.0
937.0
948.0
971.24
924.0
906.0
812.0
512.0
364.0
343.0
317.0
253.0
249.905
217.0
211.0
194.0
213.0
195.0
214.0
206.0
342.0
599.0
905.0
929.0
1030.0
956.0
954.0
913.0
903.0
884.0
773.0
507.0
362.0
315.0
255.0
237.0
249.905
194.0
192.0
205.0
195.0
197.0
204.0
189.5
213.0
212.0
255.0
285.0
270.52
251.52
286.0
267.0
243.0
252.0
246.0
245.0
221.0
211.0
217.0
202.0
176.915
216.0
201.0
200.0
186.0
189.0
192.0
183.0
196.0
189.0
219.0
224.0
291.0
284.0
241.0
242.0
251.0
268.0
255.0
226.0
241.0
229.0
231.0
208.0
176.915
185.0
193.0
188.0
193.0
202.0
185.0
212.0
350.0
637.0
972.0
928.0
1048.0
959.0
959.12
990.0
946.0
935.0
823.0
531.0
477.16
362.0
316.0
245.0
249.905
273.24
203.5
256.24
199.0
280.24
197.0
216.5
349.24
609.24
787.24
978.0
1044.0
945.0
967.0
990.0
961.0
914.0
817.0
565.0
423.0
349.0
288.0
242.0
249.905
234.62
214.0
245.0
205.0
218.0
209.0
221.0
361.0
671.0
929.0
997.0
1063.0
956.0
967.0
974.0
955.0
922.0
808.0
522.0
427.0
387.0
310.0
239.0
249.905
234.62
214.0
228.0
215.0
213.0
211.0
225.0
394.0
677.0
940.0
979.0
1062.24
956.0
948.0
951.0
949.16
960.0
815.0
492.0
395.0
344.12
292.0
244.0
249.905
234.62
238.0
197.0
206.5
213.0
199.0
217.0
367.0
646.0
944.0
932.0
1029.0
904.0
1000.0
940.0
939.0
895.0
810.0
487.0
330.0
312.0
279.0
225.0
249.905
205.0
218.0
185.0
191.0
173.0
186.0
194.0
208.0
204.0
273.0
297.0
296.0
298.0
295.0
299.0
299.0
298.0
264.0
244.0
231.0
224.0
223.0
200.0
176.915
193.0
206.0
182.0
203.0
174.0
190.0
188.0
167.0
192.0
230.0
208.0
244.0
270.0
234.0
240.0
258.0
232.0
241.0
229.0
228.0
241.0
217.0
207.0
176.915
196.0
196.0
197.0
198.0
215.0
183.0
202.0
349.0
591.0
894.0
920.0
992.0
950.0
987.12
945.0
929.0
881.0
792.0
543.0
432.0
297.0
283.12
240.0
249.905
233.0
213.0
196.0
232.0
212.0
205.0
219.0
356.0
590.0
931.0
931.0
1040.0
946.0
989.0
996.12
960.0
952.0
855.0
567.0
455.0
356.0
291.0
248.0
249.905
218.0
231.0
227.0
218.0
228.0
220.0
255.0
378.0
622.0
950.0
998.0
1057.52
956.52
1009.0
970.0
934.0
937.0
798.0
482.0
436.0
361.0
292.0
279.0
249.905
238.0
203.0
214.0
220.0
217.0
246.0
213.0
374.0
641.0
930.0
945.0
1039.12
939.0
954.0
983.0
935.0
952.0
830.0
578.0
430.0
389.0
338.0
258.0
247.91
246.0
230.0
208.0
221.0
209.0
235.0
240.0
364.0
624.0
958.12
965.12
1018.0
972.0
950.0
941.0
980.0
923.0
812.0
498.0
432.0
361.0
325.0
246.0
251.385
207.0
242.0
204.0
204.0
209.0
188.0
221.0
245.0
228.0
260.0
286.0
284.0
251.0
315.0
276.0
300.0
288.0
257.0
257.0
246.0
238.0
225.0
218.0
176.915
221.0
233.0
198.0
186.0
212.0
199.0
190.0
216.0
223.0
208.0
217.0
292.0
268.0
241.0
220.0
217.0
242.0
231.0
211.0
228.0
241.0
221.0
215.0
176.915
202.0
199.0
211.0
215.0
199.0
188.0
215.0
345.0
691.0
965.0
1001.12
1021.64
952.0
991.0
996.0
972.08
951.0
810.0
552.12
459.0
407.0
335.0
268.0
251.385
219.5
222.5
215.5
228.5
205.5
191.0
243.28
399.28
653.28
910.28
951.28
1025.28
949.28
970.28
947.0
945.12
915.0
796.0
532.0
463.0
367.0
313.0
270.0
254.86
237.0
246.0
220.0
242.0
212.0
191.0
220.64
411.0
664.0
928.0
917.0
1003.12
922.0
949.0
933.0
936.08
900.0
745.0
453.0
401.0
298.0
288.0
222.0
258.545
204.0
211.0
205.0
192.0
216.0
213.0
190.0
222.0
201.0
226.0
214.0
295.0
280.0
224.0
259.0
234.0
223.0
238.0
204.0
242.0
211.0
212.0
184.0
176.915
211.0
188.0
183.0
199.0
194.0
170.0
193.0
187.0
241.0
251.0
216.0
324.0
309.0
253.0
232.0
228.0
261.0
225.5
213.0
216.0
209.0
190.0
195.0
176.915
199.0
199.0
226.0
185.0
199.0
185.0
181.0
195.0
204.0
213.0
219.0
237.0
218.0
224.0
234.0
231.0
249.0
213.0
222.0
213.0
223.0
205.0
198.0
176.915
208.0
204.0
197.0
196.0
199.0
194.0
198.0
365.0
667.0
905.0
947.0
1052.0
927.0
975.0
927.0
942.0
899.0
797.0
455.0
358.0
336.0
292.0
235.0
258.545
217.5
225.0
237.0
235.0
198.0
213.0
214.0
371.0
640.0
947.0
973.0
1051.0
960.24
1024.0
1002.0
978.0
978.0
872.12
642.0
518.0
365.12
311.0
275.0
262.23
217.5
227.0
236.0
254.0
220.0
238.0
221.0
412.04
626.04
928.0
1009.0
1055.0
948.0
995.0
986.0
987.0
942.0
793.0
640.12
445.0
369.0
313.0
262.0
243.27
217.5
226.0
221.0
242.0
201.0
235.0
262.0
359.0
629.0
938.0
978.0
1043.0
959.0
976.0
935.0
952.0
946.96
798.84
546.84
427.52
350.0
306.0
260.0
247.76
217.5
221.0
215.0
212.0
214.0
206.0
217.0
373.08
644.0
923.0
968.12
1028.28
932.28
972.28
940.28
911.0
895.0
808.12
516.0
411.0
342.0
300.0
245.0
252.25
181.0
175.0
190.0
176.0
182.0
204.0
294.0
538.0
808.0
819.0
902.0
830.0
849.0
842.0
835.0
802.0
655.0
451.0
366.0
303.0
225.0
220.0
219.845
203.0
197.0
166.52
191.5
178.5
193.5
207.0
295.0
536.68
813.68
803.68
866.0
777.0
821.0
832.0
806.0
779.0
681.0
493.0
379.0
317.0
245.0
218.0
219.845
200.0
190.0
199.0
193.0
181.0
205.0
205.0
277.0
513.0
734.0
771.0
837.0
790.0
796.0
758.0
775.0
745.0
614.0
405.0
326.0
281.0
222.0
225.0
169.86
193.5
190.0
182.5
242.68
221.59
180.38
271.52
304.84
484.36
689.36
753.52
748.52
657.64
724.16
735.16
711.16
725.16
622.76
443.76
386.4
311.4
284.4
272.76
206.395
187.0
190.0
182.5
266.84000000000003
221.59
180.38
135.8
283.42
151.0
676.52
790.76
812.26
556.0
763.0
1011.0
702.0
779.0
624.0
357.0
259.0
241.0
203.0
241.38
206.395
359.52
150.52
164.18
263.0
175.0
241.0
157.0
164.0
202.0
252.0
255.0
261.0
223.0
246.0
248.0
254.0
238.0
214.0
205.0
198.0
185.0
188.0
168.0
158.87
263.3
158.76
162.36
217.0
175.0
203.0
159.36
159.0
178.5
221.0
213.5
242.5
237.0
211.0
225.5
221.5
216.0
190.5
189.5
188.0
173.0
178.0
174.5
158.87
173.0
192.0
166.0
266.84000000000003
221.59
155.76
205.99
262.0
524.0
795.0
828.0
876.0
779.0
829.0
364.0
721.5
793.0
651.0
444.0
333.0
286.0
228.0
210.0
206.395
220.09
202.0
212.1
291.0
221.59
140.0
205.99
285.6
951.0
805.0
759.0
831.0
284.0
769.0899999999998
790.0
741.0
777.0
634.0
430.0
328.0
288.0
249.0
203.0
206.395
267.18
264.18
258.2
260.18
262.18
257.18
276.18
309.2
512.18
698.18
719.18
722.18
614.2
709.18
700.18
584.18
454.18
494.2
660.18
263.18
348.0
227.0
194.0
206.395
263.3
167.0
164.0
171.0
162.0
165.0
166.0
154.0
155.0
190.0
172.0
224.0
251.0
176.0
203.0
189.0
194.0
167.0
174.0
178.0
161.0
168.0
181.0
147.84
167.08
176.0
150.0
171.0
178.0
154.0
165.0
162.0
170.0
189.0
205.0
229.0
255.0
197.0
201.0
176.0
210.0
187.0
170.0
176.0
188.0
160.0
184.0
149.385
155.08
177.0
160.0
170.0
170.0
153.0
152.0
162.0
160.0
178.0
190.0
183.0
204.0
178.0
199.0
218.0
190.0
179.0
198.0
187.0
170.0
178.0
179.0
150.93
160.0
190.0
149.0
164.0
177.0
161.0
188.0
281.0
507.0
731.0
790.0
818.0
748.0
838.0
824.0
815.0
805.0
656.0
429.0
357.0
317.0
286.0
228.0
242.93
230.0
239.0
197.0
244.0
212.0
223.0
242.0
315.0
577.0
778.0
803.0
636.0
979.0
625.0
946.0
777.0
777.0
625.0
425.0
230.0
301.0
250.5
413.0
193.41
202.0
206.0
450.0
477.0
191.5
248.0
144.0
234.0
242.0
207.0
206.0
243.0
230.0
709.0
684.0
718.0
699.0
612.0
430.0
354.0
285.0
215.0
214.0
193.41
174.0
173.0
180.0
173.0
171.0
180.0
179.0
222.0
409.0
682.0
490.0
823.0
719.0
793.0
796.0
768.0
772.0
634.0
449.0
376.0
310.0
242.0
222.0
193.41
167.0
174.0
188.0
167.0
173.0
181.0
197.0
251.0
461.0
745.0
774.0
827.0
743.0
769.0
743.0
773.0
761.0
681.0
468.0
418.0
312.0
242.0
232.0
193.41
177.0
166.0
190.0
160.0
164.0
186.0
182.0
252.0
439.0
745.0
791.0
833.0
749.0
778.0
758.0
764.0
723.0
639.0
382.0
341.0
262.0
223.0
212.0
193.41
178.0
174.0
172.0
153.0
194.0
167.0
155.0
168.0
185.0
244.0
251.0
260.0
246.0
268.0
271.0
265.0
260.0
213.0
192.0
199.0
202.0
164.0
177.5
160.42000000000004
168.0
161.0
172.0
146.5
161.0
181.0
166.0
177.0
201.0
246.0
280.0
308.0
237.0
287.0
287.0
321.0
286.0
236.0
223.0
185.0
172.0
191.0
176.0
169.91
160.0
165.0
168.0
153.0
181.0
152.0
180.0
284.0
437.0
753.0
807.0
883.0
799.0
826.0
813.0
811.0
801.0
701.0
465.0
411.0
353.0
260.0
247.0
193.41
191.0
188.0
178.0
175.0
205.0
156.0
208.0
264.0
480.0
772.0
806.0
882.0
780.0
815.0
799.0
814.0
789.0
687.0
487.0
438.0
354.0
266.0
248.0
193.41
183.0
198.0
161.0
200.0
168.0
186.0
188.0
267.0
522.0
779.0
839.0
894.0
837.0
838.0
808.0
805.0
798.0
703.0
477.0
454.0
365.0
292.0
271.0
193.41
224.0
203.0
188.0
191.0
192.0
189.0
214.0
264.0
469.0
792.0
811.0
873.0
775.0
809.0
778.0
761.0
758.0
645.0
449.0
373.0
334.0
268.0
243.0
193.41
184.0
192.0
208.0
183.0
203.0
163.5
191.0
266.0
475.0
734.0
764.0
835.0
768.0
758.0
702.0
688.0
568.0
484.0
337.0
256.0
242.0
222.0
159.0
143.89
171.0
147.0
161.0
146.5
146.0
140.0
130.0
135.0
132.0
148.0
161.0
171.0
151.56
161.56
165.0
173.0
148.0
165.0
161.0
131.0
162.0
154.0
129.0
145.87
136.0
133.0
154.0
140.0
132.0
147.0
129.5
136.0
148.0
189.0
181.0
171.0
194.0
205.0
188.0
182.0
182.0
156.0
134.0
158.0
162.0
137.0
136.0
159.84
138.04
148.04
145.0
139.0
150.0
136.0
129.0
137.0
144.0
162.0
151.0
211.0
197.0
180.0
171.0
186.0
162.0
141.0
145.0
175.0
146.0
140.0
137.0
155.88
133.0
138.0
146.0
146.0
135.0
133.0
131.0
138.0
132.0
148.0
167.0
192.0
200.0
187.0
162.0
172.5
161.0
175.0
140.0
148.0
150.0
145.0
137.0
138.86
135.0
133.0
159.0
134.0
141.0
135.5
141.0
139.0
149.08
168.08
188.0
208.0
200.0
183.0
193.0
159.0
172.0
192.0
151.0
172.0
133.0
159.0
152.0
140.9
159.0
138.0
148.0
142.0
150.0
138.0
138.0
129.0
137.0
160.0
177.0
211.0
207.0
175.0
178.0
175.0
155.0
180.0
156.0
158.0
139.0
155.0
129.0
163.82
164.5
137.0
151.0
148.0
147.0
129.0
144.5
142.0
140.0
189.0
179.0
242.0
235.0
217.0
187.0
200.0
196.0
186.0
173.5
158.08
171.0
151.0
139.0
149.87
136.0
137.0
143.0
141.0
134.0
138.0
191.0
246.5
409.56
694.0
725.0
751.0
648.0
724.0
698.0
709.0
695.0
562.0
348.0
275.0
263.0
220.0
188.0
143.89
173.0
151.0
162.0
168.0
151.0
166.0
168.0
227.0
429.0
689.0
687.0
750.0
635.0
697.0
685.0
709.0
679.0
574.0
323.0
271.0
244.0
244.0
196.0
143.89
178.0
165.0
181.0
173.0
170.0
167.04
171.0
251.0
438.0
702.2
714.4
743.4
645.4
718.4
695.4
706.2
687.2
607.2
392.2
334.2
322.2
252.68
201.0
143.89
188.5
162.52
178.5
174.0
165.0
166.0
174.0
239.0
430.0
688.0
735.0
758.0
670.0
736.0
737.0
732.0
702.0
613.0
367.0
303.0
279.0
272.0
231.0
143.89
199.0
172.0
176.0
175.0
167.0
185.0
168.0
230.0
406.0
670.24
719.24
725.24
645.24
688.0
701.84
664.84
683.84
567.84
351.84
314.84
286.0
275.0
229.0
143.89
188.0
204.0
187.0
162.0
206.0
183.0
197.0
241.0
458.0
742.0
708.0
782.52
668.52
726.0
718.0
712.0
717.0
591.0
347.0
290.0
258.0
232.0
230.0
143.89
170.0
166.52
177.5
173.0
172.0
174.0
175.0
266.0
449.0
738.0
727.0
790.0
713.0
748.0
725.0
719.0
717.0
601.0
357.0
291.0
253.0
235.0
204.0
143.89
170.0
173.0
172.0
154.0
173.0
187.0
151.0
155.0
149.38
237.0
232.0
249.0
236.5
230.5
231.0
218.0
223.0
211.0
191.0
183.0
183.0
175.0
166.0
148.36
162.0
168.0
162.0
178.0
165.0
154.52
160.5
159.76
158.76
240.5
250.0
248.5
236.5
230.5
201.0
206.0
211.0
374.0
337.0
246.0
230.0
224.0
214.0
201.0
208.94
183.0
199.0
178.0
186.0
174.0
186.0
172.0
195.0
224.0
329.56
345.56
347.0
338.0
344.0
323.0
322.0
335.0
269.0
241.0
238.0
221.0
213.0
210.0
208.94
206.0
190.0
196.0
196.0
204.0
196.0
232.0
343.0
717.0
849.0
869.0
918.0
859.0
872.0
872.0
858.0
851.0
706.0
480.0
352.0
301.0
277.0
235.0
224.43
203.0
184.0
196.0
188.0
202.0
190.0
209.0
373.0
565.0
829.0
839.0
879.0
842.0
836.0
799.0
824.0
766.0
650.0
448.0
325.0
291.0
266.0
235.0
224.43
235.0
221.0
227.0
209.0
236.0
209.0
249.0
368.0
586.0
766.0
790.0
835.0
799.0
798.0
784.0
781.0
737.0
570.0
414.0
323.0
289.0
258.0
261.0
224.43
220.0
208.0
228.0
205.0
218.0
226.0
218.0
377.0
557.0
739.04
753.04
763.0
738.0
704.0
670.0
682.0
649.0
534.0
376.0
293.0
232.0
217.0
230.0
224.43
205.0
195.0
217.0
197.0
218.0
188.0
216.0
327.0
492.0
612.0
657.0
659.0
656.0
645.0
608.0
578.0
561.0
469.0
332.0
283.0
200.0
192.0
183.0
224.43
189.0
177.0
206.0
189.0
196.0
185.0
189.0
291.0
388.0
502.0
489.0
469.0
449.0
371.0
302.0
218.0
194.0
164.0
172.0
162.0
168.0
167.0
156.0
224.43
161.0
160.0
161.0
170.0
161.0
161.0
152.0
161.0
142.0
150.0
150.0
146.0
164.0
148.0
153.0
152.0
150.0
143.0
180.0
161.0
173.0
159.0
155.0
208.94
144.56
160.56
161.0
170.0
162.0
158.0
152.0
151.0
136.6
148.6
155.0
164.0
153.0
147.0
154.0
141.0
161.0
158.0
172.0
150.0
168.0
167.0
147.0
158.83
175.0
149.0
165.0
160.0
157.0
166.0
148.0
141.0
158.0
155.0
139.0
148.0
160.0
164.0
155.04
152.04
157.0
168.0
158.0
166.0
152.0
181.0
155.0
161.81
149.0
181.0
156.0
150.0
170.0
167.0
143.0
153.0
149.0
180.0
143.0
159.0
154.0
168.0
156.0
154.0
165.0
150.0
158.0
162.0
165.0
156.0
165.0
147.81
156.0
155.0
173.0
156.0
156.0
158.0
148.0
155.0
147.0
160.0
166.0
146.0
159.5
153.0
153.0
164.0
153.0
166.0
161.0
159.0
163.0
156.0
156.0
173.88
157.0
153.0
173.0
145.0
170.0
153.0
154.0
170.0
139.0
166.0
145.0
148.0
165.0
152.0
207.28
165.0
156.0
155.0
160.0
177.0
161.0
157.0
157.0
165.89
154.0
170.0
148.0
166.0
154.56
158.56
144.0
155.0
161.0
158.0
140.0
156.0
216.0
157.0
207.28
167.0
179.0
168.0
175.0
181.0
164.0
171.0
172.0
151.85
173.0
159.0
158.0
165.0
158.0
160.04
168.04
280.0
483.0
608.0
636.0
659.0
659.0
625.0
617.0
596.0
558.52
466.52
291.0
263.56
213.0
221.0
183.5
224.43
204.0
181.0
177.0
179.5
218.0
236.0
193.52
330.52
596.0
792.0
817.0
873.0
803.0
814.0
817.0
796.0
801.0
646.0
362.0
292.0
258.0
228.0
211.0
224.43
182.0
203.0
196.0
194.0
185.0
216.0
219.0
346.0
648.0
884.08
909.08
938.0
852.0
881.0
883.0
887.0
859.0
710.0
388.0
301.0
259.0
228.0
188.0
224.43
195.0
185.0
204.0
184.0
219.0
185.0
205.0
399.92
626.92
877.84
918.84
926.84
837.84
912.84
877.0
889.76
868.76
737.76
458.76
351.8
294.8
261.76
221.5
224.43
199.5
207.5
194.0
205.5
212.5
221.0
227.0
366.0
653.0
892.0
915.0
949.0
834.0
895.0
875.0
871.0
851.0
728.0
445.0
335.0
321.0
260.0
255.0
224.43
204.0
230.0
184.0
227.0
206.0
213.0
219.0
366.0
633.0
901.0
913.0
948.0
838.0
902.0
895.0
859.0
847.0
686.0
417.56
360.56
285.0
221.0
224.0
224.43
200.0
178.0
206.0
187.0
198.0
190.0
189.0
181.0
194.0
245.0
247.0
243.0
267.0
232.0
261.56
197.0
266.0
208.0
218.0
221.0
211.0
202.0
202.0
157.34
198.5
201.5
216.0
198.0
211.5
203.0
174.0
182.0
186.0
218.0
214.0
246.0
244.0
222.0
232.0
227.0
215.0
227.0
218.0
204.0
207.0
195.0
185.0
157.34
203.0
185.0
188.0
218.0
195.5
186.0
216.0
343.0
620.0
934.0
954.0
1006.0
876.0
968.0
952.0
939.0
920.0
751.0
510.0
373.0
302.0
230.0
216.0
224.43
201.0
192.0
204.0
209.0
185.0
197.0
220.0
378.0
669.0
942.0
970.0
975.0
888.0
922.0
924.0
919.0
915.0
767.0
509.0
414.0
366.0
286.0
240.0
224.43
228.0
207.0
228.0
208.0
233.0
207.0
229.0
350.0
655.0
890.0
902.0
934.0
859.0
909.0
912.0
887.0
891.0
764.0
533.0
426.0
344.0
267.0
229.0
224.43
223.5
217.0
214.0
207.5
223.0
206.0
230.5
333.48
544.49
903.0
950.0
977.0
880.0
924.0
916.0
925.0
910.0
768.0
586.0
443.0
357.0
254.0
255.0
224.43
223.5
227.0
200.0
207.0
213.0
205.0
232.0
373.0
671.0
941.04
947.04
984.0
878.0
956.0
934.0
922.0
912.0
749.0
545.0
409.0
314.0
279.0
245.0
224.43
198.5
225.0
226.0
209.0
225.0
210.5
182.5
206.0
256.0
299.0
313.0
310.0
271.0
311.0
304.0
303.0
300.0
261.0
250.0
258.0
246.0
221.0
212.0
157.34
198.5
219.0
204.0
218.0
210.0
218.0
182.5
200.0
235.0
255.0
271.0
273.0
281.0
260.0
268.52
270.52
247.0
263.0
241.0
227.0
227.0
198.0
205.0
157.34
219.0
206.0
190.0
191.0
209.0
201.0
231.0
352.0
637.0
910.0
941.0
964.0
848.0
924.0
887.0
908.0
882.0
718.0
463.0
373.0
305.0
246.0
219.0
224.43
198.0
202.0
200.0
192.0
193.0
197.0
230.0
358.0
630.0
904.0
937.0
964.0
857.0
900.0
914.0
907.0
885.0
734.0
449.0
364.0
307.0
255.0
251.0
224.43
209.0
194.0
190.0
211.0
198.0
191.0
229.0
361.0
658.0
882.0
909.0
943.0
829.0
889.0
884.0
890.0
840.0
710.0
446.0
391.0
317.0
279.0
240.0
224.43
202.0
207.0
190.0
221.0
186.0
190.0
234.0
343.0
625.0
838.0
888.0
924.0
799.0
851.0
857.0
854.0
837.0
696.0
445.0
369.0
273.6
277.0
205.0
224.43
197.0
195.0
206.0
196.0
184.0
199.0
191.0
194.0
225.0
254.0
258.0
264.0
249.0
251.0
267.0
255.0
237.0
249.0
225.0
213.0
197.0
220.0
184.0
157.34
193.0
185.0
186.0
205.0
178.0
192.0
193.0
174.0
183.0
241.0
214.0
217.0
244.0
218.0
249.0
225.0
241.0
233.0
216.0
201.0
222.0
191.0
190.5
157.34
195.0
189.0
186.0
189.0
190.5
191.5
197.0
353.0
632.0
894.0
924.0
957.0
878.0
921.0
909.0
889.0
891.0
729.0
563.0
408.0
336.0
275.0
233.0
224.43
204.0
198.0
195.0
199.0
195.0
193.0
219.0
363.0
614.0
881.0
933.0
929.0
843.0
880.0
865.0
844.0
816.0
678.0
423.0
333.0
295.0
281.0
222.0
224.43
209.0
200.0
202.0
220.0
185.0
203.0
215.0
353.0
664.0
898.0
915.0
962.0
845.0
896.0
892.0
917.0
887.0
708.0
490.0
399.0
342.0
276.0
245.0
224.43
189.0
214.0
201.0
215.0
202.0
194.0
221.5
343.56
658.0
904.0
943.0
981.0
889.0
934.0
911.0
905.0
885.0
750.0
532.0
444.0
332.0
256.0
214.0
224.43
205.0
205.0
198.0
201.5
219.0
196.0
228.0
351.0
640.0
892.0
898.0
926.0
853.0
890.0
880.0
868.0
857.0
704.0
520.0
383.0
270.0
239.0
199.0
224.43
184.0
197.0
184.0
182.0
189.0
189.0
166.0
186.0
205.0
264.0
258.0
278.0
270.08
316.08
314.0
302.0
310.0
241.0
230.0
224.0
223.0
221.0
197.0
157.34
205.0
187.0
200.0
196.0
186.0
194.0
184.0
190.0
364.0
343.0
317.0
253.0
249.905
217.0
211.0
194.0
213.0
195.0
214.0
206.0
342.0
599.0
905.0
929.0
1030.0
956.0
954.0
913.0
903.0
884.0
773.0
507.0
362.0
315.0
255.0
237.0
249.905
194.0
192.0
205.0
195.0
197.0
204.0
189.5
213.0
212.0
255.0
285.0
270.52
251.52
286.0
267.0
243.0
252.0
246.0
245.0
221.0
211.0
217.0
202.0
176.915
216.0
201.0
200.0
186.0
189.0
192.0
183.0
196.0
189.0
219.0
224.0
291.0
284.0
241.0
242.0
251.0
268.0
255.0
226.0
241.0
229.0
231.0
208.0
176.915
185.0
193.0
188.0
193.0
202.0
185.0
212.0
350.0
637.0
972.0
928.0
1048.0
959.0
959.12
990.0
946.0
935.0
823.0
531.0
477.16
362.0
316.0
245.0
249.905
273.24
203.5
256.24
199.0
280.24
197.0
216.5
349.24
609.24
787.24
978.0
1044.0
945.0
967.0
990.0
961.0
914.0
817.0
565.0
423.0
349.0
288.0
242.0
249.905
234.62
214.0
245.0
205.0
218.0
209.0
221.0
361.0
671.0
929.0
997.0
1063.0
956.0
967.0
974.0
955.0
922.0
808.0
522.0
427.0
387.0
310.0
239.0
249.905
234.62
214.0
228.0
215.0
213.0
211.0
225.0
394.0
677.0
940.0
979.0
1062.24
956.0
948.0
951.0
949.16
960.0
815.0
492.0
395.0
344.12
292.0
244.0
249.905
234.62
238.0
197.0
206.5
213.0
199.0
217.0
367.0
646.0
944.0
932.0
1029.0
904.0
1000.0
940.0
939.0
895.0
810.0
487.0
330.0
312.0
279.0
225.0
249.905
205.0
218.0
185.0
191.0
173.0
186.0
194.0
208.0
204.0
273.0
297.0
296.0
298.0
295.0
299.0
299.0
298.0
264.0
244.0
231.0
224.0
223.0
200.0
176.915
193.0
206.0
182.0
203.0
174.0
190.0
188.0
167.0
192.0
230.0
208.0
244.0
270.0
234.0
240.0
258.0
232.0
241.0
229.0
228.0
241.0
217.0
207.0
176.915
196.0
196.0
197.0
198.0
215.0
183.0
202.0
349.0
591.0
894.0
920.0
992.0
950.0
987.12
945.0
929.0
881.0
792.0
543.0
432.0
297.0
283.12
240.0
249.905
233.0
213.0
196.0
232.0
212.0
205.0
219.0
356.0
590.0
931.0
931.0
1040.0
946.0
989.0
996.12
960.0
952.0
855.0
567.0
455.0
356.0
291.0
248.0
249.905
218.0
231.0
227.0
218.0
228.0
220.0
255.0
378.0
622.0
950.0
998.0
1057.52
956.52
1009.0
970.0
934.0
937.0
798.0
482.0
436.0
361.0
292.0
279.0
249.905
238.0
203.0
214.0
220.0
217.0
246.0
213.0
374.0
641.0
930.0
945.0
1039.12
939.0
954.0
983.0
935.0
952.0
830.0
578.0
430.0
389.0
338.0
258.0
247.91
246.0
230.0
208.0
221.0
209.0
235.0
240.0
364.0
624.0
958.12
965.12
1018.0
972.0
950.0
941.0
980.0
923.0
812.0
498.0
432.0
361.0
325.0
246.0
251.385
207.0
242.0
204.0
204.0
209.0
188.0
221.0
245.0
228.0
260.0
286.0
284.0
251.0
315.0
276.0
300.0
288.0
257.0
257.0
246.0
238.0
225.0
218.0
176.915
221.0
233.0
198.0
186.0
212.0
199.0
190.0
216.0
223.0
208.0
217.0
292.0
268.0
241.0
220.0
217.0
242.0
231.0
211.0
228.0
241.0
221.0
215.0
176.915
202.0
199.0
211.0
215.0
199.0
188.0
215.0
345.0
691.0
965.0
1001.12
1021.64
952.0
991.0
996.0
972.08
951.0
810.0
552.12
459.0
407.0
335.0
268.0
251.385
219.5
222.5
215.5
228.5
205.5
191.0
243.28
399.28
653.28
910.28
951.28
1025.28
949.28
970.28
947.0
945.12
915.0
796.0
532.0
463.0
367.0
313.0
270.0
254.86
237.0
246.0
220.0
242.0
212.0
191.0
220.64
411.0
664.0
928.0
917.0
1003.12
922.0
949.0
933.0
936.08
900.0
745.0
453.0
401.0
298.0
288.0
222.0
258.545
204.0
211.0
205.0
192.0
216.0
213.0
190.0
222.0
201.0
226.0
214.0
295.0
280.0
224.0
259.0
234.0
223.0
238.0
204.0
242.0
211.0
212.0
184.0
176.915
211.0
188.0
183.0
199.0
194.0
170.0
193.0
187.0
241.0
251.0
216.0
324.0
309.0
253.0
232.0
228.0
261.0
225.5
213.0
216.0
209.0
190.0
195.0
176.915
199.0
199.0
226.0
185.0
199.0
185.0
181.0
195.0
204.0
213.0
219.0
237.0
218.0
224.0
234.0
231.0
249.0
213.0
222.0
213.0
223.0
205.0
198.0
176.915
208.0
204.0
197.0
196.0
199.0
194.0
198.0
365.0
667.0
905.0
947.0
1052.0
927.0
975.0
927.0
942.0
899.0
797.0
455.0
358.0
336.0
292.0
235.0
258.545
217.5
225.0
237.0
235.0
198.0
213.0
214.0
371.0
640.0
947.0
973.0
1051.0
960.24
1024.0
1002.0
978.0
978.0
872.12
642.0
518.0
365.12
311.0
275.0
262.23
217.5
227.0
236.0
254.0
220.0
238.0
221.0
412.04
626.04
928.0
1009.0
1055.0
948.0
995.0
986.0
987.0
942.0
793.0
640.12
445.0
369.0
313.0
262.0
243.27
217.5
226.0
221.0
242.0
201.0
235.0
262.0
359.0
629.0
938.0
978.0
1043.0
959.0
976.0
935.0
952.0
946.96
798.84
546.84
427.52
350.0
306.0
260.0
247.76
217.5
221.0
215.0
212.0
214.0
206.0
217.0
373.08
644.0
923.0
968.12
1028.28
932.28
972.28
940.28
911.0
895.0
808.12
516.0
411.0
342.0
300.0
245.0
252.25
217.5
214.0
217.0
213.0
231.0
242.0
215.0
378.0
629.0
873.0
896.0
989.0
881.0
877.0
947.0
863.0
875.0
786.0
495.0
388.0
352.0
273.0
241.0
251.115
203.0
201.0
215.0
195.0
205.5
192.0
189.0
196.5
222.0
228.0
223.0
249.0
240.0
223.0
237.0
254.0
222.0
225.0
233.0
216.0
219.0
216.0
206.0
176.915
207.0
203.0
204.0
205.0
212.0
199.0
197.0
198.0
200.0
210.0
236.0
249.0
244.0
235.0
239.0
220.0
252.0
220.0
235.0
245.0
220.5
207.0
215.0
176.915
227.0
207.0
217.0
221.0
197.0
193.0
200.0
401.56
596.56
882.0
961.0
1017.12
925.0
939.0
940.0
924.0
913.0
791.0
565.0
435.0
354.0
270.0
245.0
251.115
230.0
216.0
219.0
229.0
207.0
213.0
244.0
339.0
655.0
900.0
934.0
981.12
883.0
919.0
935.0
907.0
913.0
778.0
452.0
386.0
356.0
278.0
235.0
251.115
230.5
226.0
209.0
221.0
222.0
219.0
214.0
360.0
629.0
894.0
941.0
1003.0
910.0
939.32
924.32
918.4
873.56
779.56
487.56
407.08
340.2
288.08
253.5
251.115
230.5
208.0
204.5
233.0
218.0
221.5
210.0
378.16
649.16
909.92
946.0
1007.92
872.92
921.16
909.04
882.76
879.76
740.76
557.88
412.76
378.36
330.04
272.0
251.115
230.5
209.5
204.5
245.0
214.0
224.0
231.0
380.0
614.0
908.0
965.0
982.0
917.0
919.0
906.0
892.0
909.0
727.0
451.0
374.0
323.0
279.0
247.0
251.115
197.5
222.0
209.0
207.0
216.0
210.0
202.0
226.0
214.0
216.0
204.0
239.0
241.0
239.0
220.0
254.0
243.5
220.0
225.0
235.0
222.0
224.0
196.0
176.915
197.5
205.0
196.0
192.0
214.0
216.0
196.0
189.0
220.0
250.72
233.5
284.72
291.72
254.72
259.72
249.72
243.5
231.0
240.0
235.5
218.5
224.5
199.0
176.915
230.5
209.5
200.0
206.0
219.0
250.28
268.28
389.28
609.28
871.28
905.28
959.28
902.12
988.0
940.0
949.0
912.0
807.0
622.0
489.68
385.8
318.68
267.0
249.98
230.5
211.0
214.0
212.5
214.0
229.0
229.0
361.0
651.0
924.0
960.0
988.0
932.0
934.0
943.0
922.0
908.0
799.0
530.0
447.0
377.0
281.0
256.0
250.455
230.5
231.0
228.0
219.0
217.5
224.5
222.5
383.0
634.0
900.0
918.0
1009.0
898.12
952.0
947.0
961.0
927.12
788.0
572.0
450.0
357.0
276.0
235.0
250.93
231.0
211.0
227.0
206.0
221.0
220.0
216.0
363.0
631.0
913.0
935.0
259.0
218.0
256.385
190.0
206.0
191.0
185.0
194.0
185.0
187.0
222.0
214.0
262.0
285.0
291.0
276.0
290.0
308.0
292.0
292.0
287.0
256.0
221.0
235.0
199.0
180.0
172.39
196.0
173.0
198.0
184.0
191.0
178.0
184.0
217.5
224.5
238.0
272.0
265.0
261.0
269.0
284.0
267.0
263.0
261.0
225.0
218.0
229.0
205.0
190.0
172.39
182.0
199.0
184.0
180.0
176.0
200.0
194.0
318.0
572.0
863.0
901.0
988.0
861.0
922.0
920.0
873.0
881.0
732.0
453.0
394.0
306.0
281.0
250.0
256.385
228.0
207.0
202.0
216.0
197.0
221.0
222.0
341.0
568.0
850.0
881.0
927.0
844.0
872.0
851.0
869.0
841.0
714.0
493.0
412.0
335.0
270.0
248.0
256.385
206.5
213.5
196.0
199.5
195.5
207.0
216.0
322.0
608.0
844.0
862.0
929.0
842.0
861.0
861.0
835.08
850.08
716.0
460.0
382.0
318.0
275.0
239.0
256.385
206.5
220.0
190.0
183.0
194.0
193.0
206.0
320.0
587.0
851.0
833.0
927.0
841.0
896.0
874.0
847.0
849.0
675.0
406.0
335.0
277.0
250.0
216.0
256.385
206.5
189.0
187.0
170.0
186.0
183.0
200.0
297.0
562.0
833.0
871.0
940.0
821.0
878.0
846.0
832.0
798.0
678.0
391.0
320.0
290.0
248.0
211.0
256.385
186.0
175.0
188.0
185.0
179.0
179.0
172.0
213.0
235.0
274.0
270.0
299.0
290.0
305.0
290.0
261.0
257.0
220.0
210.0
192.0
207.0
199.0
196.0
179.86
189.0
175.0
183.0
168.0
171.0
173.0
182.0
179.0
173.0
211.0
206.0
240.0
206.0
227.0
223.0
216.0
215.0
197.0
208.0
201.0
177.0
202.0
178.0
161.88
185.0
181.0
162.0
196.0
170.0
182.5
201.0
286.0
555.0
826.0
852.0
930.0
847.0
880.0
861.0
842.0
847.0
708.0
456.0
374.0
311.0
265.0
247.0
256.385
218.0
189.0
213.0
195.5
182.0
182.0
208.0
297.0
563.0
832.0
856.0
946.0
830.0
886.0
846.0
854.0
819.0
685.0
474.0
324.0
300.0
249.0
217.0
256.385
184.0
189.0
204.0
195.0
194.0
193.0
217.0
286.0
566.0
844.0
826.0
928.0
800.0
866.0
815.0
819.0
808.0
674.0
492.0
361.0
292.0
244.0
235.0
256.385
198.0
201.0
158.0
210.0
281.0
178.0
212.0
286.0
543.0
814.0
806.0
897.0
767.0
838.0
808.0
765.0
832.0
683.0
314.0
348.0
291.0
713.0
250.0
269.83
155.0
199.0
190.0
225.0
190.0
189.0
224.0
307.0
528.0
816.0
854.0
899.0
798.0
855.0
811.0
825.0
800.0
643.0
421.0
335.0
290.0
241.0
211.0
219.845
187.0
210.0
195.0
186.0
200.0
178.0
172.0
209.0
224.0
281.0
285.0
307.0
257.0
299.0
297.0
295.0
297.0
255.0
230.0
223.0
204.0
197.0
207.0
156.885
191.0
177.0
189.0
190.0
174.0
187.0
188.0
188.0
224.0
254.0
282.0
282.0
260.0
280.0
299.0
284.0
250.0
233.0
229.0
221.0
213.0
204.0
192.0
156.885
189.0
189.0
176.0
195.0
177.0
175.0
208.0
319.0
578.0
834.0
853.0
908.0
821.0
855.0
827.0
818.0
782.52
638.52
423.0
347.0
298.0
256.0
243.0
219.845
201.0
193.0
196.0
173.0
204.0
171.0
220.0
314.0
558.0
784.0
820.0
907.0
792.0
824.0
815.0
805.0
821.0
654.0
452.0
357.0
305.0
229.0
225.0
219.845
194.0
206.0
177.0
197.0
197.0
178.5
206.0
317.0
536.0
789.0
834.0
888.0
795.0
843.0
813.0
801.0
792.0
632.0
419.0
334.0
293.0
253.0
213.0
219.845
176.0
206.0
188.0
205.0
190.0
186.0
211.0
330.0
569.0
810.0
857.0
916.0
791.0
863.0
862.0
853.0
809.0
657.0
433.0
364.0
296.0
237.0
218.0
219.845
188.0
177.0
193.0
180.0
184.0
186.0
208.0
305.0
545.0
768.0
770.0
843.0
776.0
796.0
800.0
747.0
746.0
594.0
396.0
311.0
264.0
227.0
186.0
219.845
172.0
175.0
157.0
158.0
172.0
155.0
153.0
178.0
185.0
241.0
250.56
250.56
218.0
235.0
263.0
234.0
226.0
212.0
200.0
201.0
174.0
175.0
179.0
151.89
185.0
158.0
164.0
172.5
151.0
171.0
161.0
159.0
197.0
227.0
264.0
277.0
211.0
281.0
277.0
267.0
272.0
265.0
181.0
179.0
196.0
178.0
158.0
169.9
159.0
159.0
158.0
168.0
151.0
164.0
164.0
293.0
526.0
824.0
827.0
897.0
815.0
870.0
876.0
841.0
836.0
351.0
782.0
396.0
320.0
248.0
225.0
219.845
184.0
192.0
185.0
190.0
183.0
184.0
190.0
304.0
570.0
827.0
846.0
928.0
821.0
875.0
857.0
849.0
828.0
689.0
464.0
367.0
297.0
246.0
225.0
219.845
187.0
198.0
184.0
192.0
190.0
178.0
223.0
286.0
556.0
829.0
832.0
872.0
806.0
862.31
830.0
818.0
799.0
665.0
450.0
346.0
276.0
239.0
233.0
219.845
201.0
185.0
192.0
192.0
202.0
183.0
212.0
303.0
539.0
816.0
652.0
296.0
302.0
852.655
829.0
817.0
807.0
657.0
433.0
345.0
292.0
259.0
228.0
219.845
210.0
197.0
191.0
182.0
182.0
197.0
206.0
293.0
530.0
797.0
817.0
869.0
818.0
843.0
818.0
817.0
780.0
592.0
513.0
348.0
145.0
161.0
421.0
219.845
257.0
188.0
155.0
187.0
188.0
161.0
176.0
173.0
202.0
230.0
261.0
257.0
269.0
259.0
226.0
286.5
295.5
458.0
398.0
205.0
275.0
175.5
286.0
158.87
162.0
146.0
188.0
175.5
268.0
139.0
191.0
213.0
189.0
214.0
222.0
266.0
228.0
218.0
253.0
286.5
295.5
420.0
265.0
231.0
148.0
173.0
240.0
158.87
202.5
182.54
190.0
177.5
770.0
296.0
179.0
291.0
438.0
858.0
747.0
350.0
798.0
852.0
811.0
808.0
768.0
661.0
432.0
346.0
282.0
204.5
416.0
219.845
202.5
182.54
190.0
177.5
577.0
183.0
202.0
279.0
512.0
788.0
798.0
869.0
778.0
835.0
805.0
802.0
768.0
617.0
432.0
353.0
278.0
248.0
219.0
219.845
202.5
168.08
189.0
173.0
179.0
170.0
217.0
278.0
517.0
788.0
770.0
847.0
744.0
829.0
770.0
779.0
758.0
620.0
445.0
335.0
320.0
278.0
233.0
219.845
195.0
187.0
179.0
175.0
181.0
166.0
202.0
289.0
551.0
805.0
241.0
865.0
776.0
849.0
827.0
803.0
801.0
671.0
464.0
388.0
324.0
255.0
217.0
219.845
196.0
192.0
176.0
182.5
178.0
184.0
211.0
285.0
506.0
807.0
810.0
883.0
808.0
844.0
814.0
810.0
783.0
640.0
411.0
331.0
282.0
230.0
200.0
219.845
182.0
196.0
178.0
164.0
190.0
158.0
192.0
179.0
207.0
304.0
332.0
315.0
262.0
306.0
342.0
306.0
319.0
293.0
222.0
213.0
193.0
199.0
194.0
158.87
184.0
186.0
166.0
192.0
188.0
162.0
181.0
192.0
241.0
295.0
299.0
316.0
274.0
317.0
318.0
312.0
323.0
277.0
251.0
212.0
212.0
206.0
187.0
158.87
182.0
181.0
175.0
190.0
176.0
182.0
204.0
294.0
538.0
808.0
819.0
902.0
830.0
849.0
842.0
835.0
802.0
655.0
451.0
366.0
303.0
225.0
220.0
219.845
203.0
197.0
166.52
191.5
178.5
193.5
207.0
295.0
536.68
813.68
803.68
866.0
777.0
821.0
832.0
806.0
779.0
681.0
493.0
379.0
317.0
245.0
218.0
219.845
200.0
190.0
199.0
193.0
181.0
205.0
205.0
277.0
513.0
734.0
771.0
837.0
790.0
796.0
758.0
775.0
745.0
614.0
405.0
326.0
281.0
222.0
225.0
169.86
193.5
190.0
182.5
242.68
221.59
180.38
271.52
304.84
484.36
689.36
753.52
748.52
657.64
724.16
735.16
711.16
725.16
622.76
443.76
386.4
311.4
284.4
272.76
206.395
187.0
190.0
182.5
266.84000000000003
221.59
180.38
135.8
283.42
151.0
676.52
790.76
812.26
556.0
181.0
157.0
161.0
164.0
172.0
155.0
181.0
164.0
177.0
174.0
171.0
168.0
163.925
161.0
171.0
191.0
173.0
165.0
156.0
172.0
158.0
159.0
202.0
184.0
180.0
179.0
190.0
184.0
171.0
191.0
176.0
192.0
181.0
189.0
159.0
173.0
163.925
164.0
190.0
152.0
185.0
176.0
160.0
179.0
275.0
508.0
648.0
662.0
670.0
674.0
695.0
643.0
651.0
626.0
512.0
403.0
301.0
242.0
242.0
228.0
212.03500000000003
220.0
202.0
199.0
201.0
233.0
222.0
184.0
336.0
591.0
836.0
850.0
835.0
757.0
829.12
822.0
805.0
803.0
701.0
463.0
355.0
292.0
263.0
222.0
212.03500000000003
221.0
220.0
211.0
203.0
205.0
231.0
209.0
322.0
614.0
840.0
853.0
904.0
829.0
915.0
885.0
866.0
824.0
744.0
476.0
344.0
282.0
256.0
278.0
212.03500000000003
220.0
219.0
218.0
217.0
229.0
213.0
217.0
345.0
611.0
806.12
843.0
849.0
801.0
868.0
832.0
852.0
804.0
675.0
397.0
307.0
256.0
237.0
223.0
212.03500000000003
208.0
208.0
214.0
221.0
229.0
216.0
210.0
191.0
209.0
217.0
214.0
216.0
222.0
229.0
218.0
211.0
225.84
215.0
243.0
216.0
221.0
228.0
198.0
163.925
205.0
206.0
200.0
207.0
240.0
211.5
218.0
341.0
693.16
937.16
939.16
979.16
906.16
981.28
950.16
955.16
930.16
806.16
616.16
454.16
362.16
294.16
265.0
212.03500000000003
229.0
219.0
231.0
230.0
251.0
210.0
215.0
344.0
668.0
973.0
968.0
996.0
909.08
970.0
962.0
987.0
947.0
807.0
563.0
475.08
356.0
294.0
261.0
212.03500000000003
261.0
205.0
227.0
205.0
225.0
220.0
224.0
347.64
668.64
950.76
952.12
995.68
938.56
976.0
968.52
969.52
918.04
795.04
568.56
464.56
332.0
293.0
297.0
212.03500000000003
236.5
217.0
223.5
210.5
219.0
224.0
222.0
350.7
666.83
849.7
990.68
993.92
878.92
961.92
943.04
928.92
929.92
769.92
551.92
479.92
373.92
310.92
246.0
212.03500000000003
236.5
217.0
223.5
210.5
219.0
228.0
220.0
348.0
631.0
923.0
965.0
994.0
917.12
956.68
920.68
947.68
936.84
797.72
523.2
397.2
342.2
291.0
232.0
212.03500000000003
212.5
248.0
210.0
212.0
201.0
213.0
206.0
200.0
214.0
258.0
287.0
269.0
243.04
264.04
267.52
262.52
260.68
215.0
271.68
226.5
224.0
228.0
219.0
163.925
217.0
184.0
221.0
216.0
207.0
210.0
202.0
209.0
219.0
236.0
243.0
247.0
260.0
261.76
252.26
258.76
273.76
254.0
265.0
237.0
227.0
228.0
212.0
163.925
212.0
229.0
220.0
216.0
213.0
216.0
218.0
329.0
601.0
930.0
1000.08
1023.0
920.0
956.0
969.0
975.0
947.12
791.0
593.0
427.0
358.0
328.0
300.0
212.03500000000003
248.84
244.0
237.76
242.72
237.0
231.0
224.0
366.0
661.0
936.0
986.0
1002.0
923.0
971.12
955.12
906.0
920.0
815.0
554.32
452.84
349.84
324.0
275.0
262.22
285.68
244.0
255.52
227.0
261.0
246.0
217.0
422.36
662.48
913.8
950.48
966.6
905.68
955.0
937.84
924.72
898.88
833.88
561.88
451.0
392.0
318.0
303.0
267.155
246.84
244.0
242.76
232.5
243.5
235.0
223.0
307.0
596.72
929.72
931.04
946.04
872.04
911.04
904.04
879.04
904.04
800.04
546.04
466.04
361.04
326.04
256.0
267.155
246.84
259.0
230.0
238.0
226.0
224.0
233.0
341.0
604.0
864.0
919.0
918.12
854.0
885.0
894.0
874.0
845.0
749.0
478.0
406.12
320.0
273.0
247.0
267.155
219.5
198.0
215.5
205.0
216.0
208.5
218.5
204.5
214.5
229.0
231.0
235.0
254.0
254.0
252.26
277.48
253.48
241.0
254.0
216.0
264.0
226.0
211.0
163.925
219.5
198.0
215.5
205.0
216.0
208.5
218.5
204.5
214.5
208.0
220.5
252.0
251.5
242.76
252.26
257.74
255.24
251.84
253.0
215.0
251.5
226.0
211.0
163.925
246.84
255.66
232.0
240.5
231.5
217.5
204.0
334.0
573.0
906.0
931.44
985.32
942.44
939.68
942.68
944.68
917.16
791.16
572.16
528.16
405.16
361.16
278.0
267.155
246.84
255.66
234.0
243.0
237.0
211.0
247.0
334.0
587.0
894.0
947.0
971.4
868.32
927.4
928.0
900.44
920.44
778.44
547.44
459.44
381.44
301.44
269.0
272.09
246.84
252.32
225.0
242.0
223.0
249.0
212.0
356.0
596.08
837.0
907.0
955.0
923.0
883.0
923.0
876.0
859.0
768.0
538.0
383.0
349.0
329.0
278.0
249.98
246.84
241.0
216.0
238.0
244.0
224.0
238.0
337.0
557.0
885.0
919.0
939.0
864.12
892.0
922.0
883.0
865.0
760.0
527.0
413.0
335.0
322.0
285.0
250.395
246.84
234.0
208.0
226.0
211.0
233.0
215.0
351.0
581.0
914.12
918.52
941.52
862.52
906.52
902.12
929.0
889.12
770.32
514.32
413.32
348.0
282.0
274.0
250.395
219.5
198.0
215.5
194.0
225.0
207.0
218.5
204.5
210.0
241.0
210.0
252.0
249.0
232.0
237.0
238.0
257.0
241.0
252.0
215.0
251.5
226.0
211.0
163.925
219.5
212.0
210.0
201.0
204.0
200.0
235.0
200.0
215.0
228.0
234.0
269.0
239.0
253.0
264.0
225.0
233.0
233.0
221.0
214.0
239.0
224.0
210.0
163.925
246.84
214.0
198.0
219.0
198.0
227.0
215.0
334.0
572.0
915.0
966.0
984.0
925.0
935.0
952.0
895.0
917.0
801.0
531.0
407.12
305.0
275.0
246.0
250.395
208.0
229.0
225.0
228.0
216.0
199.0
244.0
311.0
628.0
903.0
942.0
955.0
866.12
937.0
936.0
905.12
910.0
765.0
524.12
454.0
341.0
299.0
247.0
250.81
211.0
256.92
270.92
267.92
227.5
259.92
272.92
302.92
368.92
883.0
909.0
941.0
865.0
869.0
897.0
858.0
761.0
695.0
493.0
435.0
369.12
314.0
245.0
265.94
214.0
242.0
228.0
233.0
239.0
225.0
239.0
320.0
608.0
881.0
908.0
927.12
878.0
899.0
867.0
891.0
860.0
767.08
575.0
495.0
397.0
313.0
256.0
262.86
242.0
225.0
220.0
229.0
233.0
242.0
218.0
371.0
603.0
911.0
922.0
941.0
888.0
900.0
920.0
949.0
879.0
763.0
502.0
435.0
316.0
342.0
261.0
263.345
222.0
195.0
207.0
212.0
209.0
211.0
208.0
204.0
239.0
256.0
249.0
248.0
260.0
275.0
264.0
259.0
246.0
256.0
232.0
241.0
222.0
225.0
197.0
163.925
196.0
189.0
191.0
199.0
186.0
199.0
195.0
199.0
220.0
209.0
257.0
236.0
240.0
252.0
272.0
223.0
236.0
239.0
243.0
254.0
214.0
211.0
227.0
163.925
198.0
197.0
209.0
197.0
199.0
183.0
180.0
344.0
577.0
895.0
913.08
963.0
876.0
909.2
913.0
929.0
895.0
779.0
592.0
470.0
375.0
317.0
267.0
263.345
217.0
218.0
212.0
204.0
213.5
190.0
236.0
334.0
573.0
840.0
861.0
893.0
836.0
902.0
864.0
879.0
889.0
758.0
498.0
450.24
352.0
296.0
242.0
263.345
256.0
237.0
215.0
211.0
228.0
240.0
208.0
329.0
570.0
850.0
875.0
893.0
818.0
910.0
868.12
895.0
863.0
790.0
554.0
454.0
388.0
336.0
327.0
263.83
238.0
269.0
229.0
228.0
216.0
223.0
264.0
336.0
557.0
849.0
902.0
911.0
849.0
888.0
900.0
884.0
876.0
762.0
580.0
441.0
377.0
299.0
284.0
278.88
218.0
239.0
210.0
217.0
217.0
202.0
224.0
345.12
564.0
860.0
856.0
904.0
817.12
883.0
871.0
838.0
829.0
710.0
522.0
402.0
349.0
284.0
218.0
269.46500000000003
196.0
196.0
209.0
215.0
201.0
181.0
195.0
185.0
196.0
212.0
231.0
247.0
230.0
226.0
242.0
240.0
244.0
259.0
241.0
235.0
220.0
199.0
178.0
163.925
200.0
209.0
200.0
209.0
183.0
195.0
177.0
198.0
195.0
216.0
209.0
202.0
211.0
225.0
222.0
199.0
208.0
226.0
191.0
213.0
246.0
195.0
193.0
163.925
185.0
186.0
195.0
304.0
272.0
260.0
251.0
233.0
220.0
175.41
206.0
215.0
217.0
188.0
196.0
185.0
236.0
206.0
197.0
233.0
226.0
253.0
269.0
247.0
232.0
237.0
241.0
225.0
241.0
243.0
240.0
208.0
213.0
175.41
199.0
208.0
198.0
210.0
197.0
195.0
235.0
359.0
642.0
887.0
912.0
1021.0
907.0
957.0
944.0
931.0
917.0
796.12
570.0
465.0
386.0
323.0
272.0
250.91
213.0
226.0
221.0
234.0
245.0
218.0
229.0
392.0
670.0
929.0
963.12
1042.0
916.12
929.0
951.0
941.0
915.0
779.0
592.0
437.0
398.0
323.0
253.0
253.43
229.0
207.0
218.0
226.0
218.0
230.0
214.0
372.0
654.0
882.0
936.0
986.0
883.0
892.0
925.0
909.0
898.0
773.0
562.0
494.0
364.0
314.0
265.0
255.95
226.0
218.0
220.0
220.0
228.0
204.0
228.0
410.0
616.0
891.12
930.0
956.0
837.0
896.0
900.0
904.0
868.0
777.12
484.0
442.0
384.0
315.0
292.0
244.92
220.0
209.0
222.0
243.0
221.0
216.0
208.0
360.0
612.0
860.12
896.0
898.0
809.0
863.0
878.0
868.0
836.0
712.0
484.0
395.0
304.0
291.0
203.0
255.41
192.0
210.0
196.0
215.0
224.0
178.0
204.0
199.0
244.0
282.0
309.0
301.0
285.0
275.0
277.0
258.0
276.12
247.0
200.0
250.0
198.0
225.0
205.0
175.41
190.0
209.0
209.5
207.5
223.0
190.5
215.0
199.0
249.06
302.36
314.8
346.48
312.48
295.48
288.48
298.48
284.48
294.0
233.0
240.0
240.0
215.0
221.0
175.41
183.0
192.0
182.0
187.0
207.0
195.0
181.0
339.0
598.0
902.0
922.0
1001.0
906.08
938.0
923.0
916.0
892.0
779.0
517.0
404.0
311.0
260.0
214.0
255.41
187.0
204.0
204.0
215.0
195.0
202.0
196.0
370.0
618.0
844.0
898.08
944.0
871.0
870.0
893.0
917.0
873.0
751.0
544.12
441.0
339.0
276.0
230.0
255.41
216.0
204.0
188.0
213.0
200.0
212.0
209.0
337.0
628.0
885.0
952.0
965.0
843.0
911.0
898.0
911.0
891.0
758.0
533.2
428.0
347.0
272.0
241.0
255.41
228.0
197.0
199.0
198.0
205.0
186.0
215.0
363.0
615.0
911.0
913.0
959.0
869.0
941.0
931.0
946.0
915.0
788.0
563.0
471.0
329.0
289.0
264.0
255.41
224.0
219.0
213.0
242.0
210.0
235.0
233.0
369.0
625.0
923.12
988.12
977.0
885.0
941.0
923.0
905.0
907.0
759.0
477.0
433.0
291.0
268.0
243.0
255.41
211.0
208.0
223.0
200.0
222.0
203.0
226.0
199.0
254.12
244.0
243.0
290.0
259.52
270.76
276.0
241.0
253.0
247.0
229.0
254.0
212.0
213.0
225.0
175.41
200.0
213.0
228.0
194.0
212.0
185.0
208.0
206.0
222.0
245.0
260.0
277.0
269.0
246.04
271.04
273.0
239.0
250.0
250.0
237.0
217.0
203.0
206.0
175.41
202.0
193.0
190.0
188.0
196.0
194.0
219.0
367.0
646.0
927.0
962.0
995.0
952.0
944.0
946.0
965.12
964.0
751.0
553.0
446.0
357.0
338.0
248.0
255.41
217.0
239.0
203.0
240.0
231.0
203.0
232.0
384.0
652.0
880.0
955.0
964.0
881.12
927.0
923.0
898.0
890.0
742.0
579.12
458.0
388.0
292.0
268.0
255.41
211.0
249.0
199.0
230.0
205.0
203.0
212.0
344.0
587.0
845.0
885.0
942.0
855.04
930.04
904.0
894.0
858.0
754.0
474.0
407.0
369.0
311.0
265.0
255.41
219.0
218.0
201.0
210.0
197.0
180.0
226.0
374.0
620.0
896.0
926.0
949.0
862.0
921.12
864.0
896.0
878.12
746.0
458.12
425.0
385.0
292.0
248.0
255.41
208.0
184.0
178.0
194.0
207.0
188.0
197.0
368.0
688.0
855.0
890.0
971.0
858.0
887.0
894.0
884.08
853.12
687.0
470.0
316.12
289.0
232.0
233.0
255.41
196.0
197.0
225.0
187.0
194.0
210.0
195.0
180.0
200.0
192.0
200.0
195.0
228.0
200.0
187.0
210.0
200.0
214.0
215.0
212.0
204.0
217.0
213.0
175.41
206.0
211.0
201.0
204.0
195.0
191.0
186.0
190.0
202.0
212.0
247.0
257.0
243.0
240.0
242.0
211.0
209.0
194.0
217.5
220.0
190.0
204.0
196.0
175.41
207.0
187.0
192.0
193.0
198.0
182.0
200.0
179.0
216.0
201.0
233.0
249.04
230.0
226.0
241.0
243.0
212.0
224.0
217.5
217.0
218.0
198.0
212.0
175.41
216.0
196.0
189.0
175.0
190.0
192.0
186.0
371.0
666.0
938.0
972.0
1043.0
974.0
931.0
943.0
945.0
916.08
813.0
566.0
465.0
367.0
282.0
268.0
255.41
224.0
208.0
201.0
209.0
205.0
195.0
203.0
387.0
691.84
942.04
964.84
986.84
912.84
972.84
915.72
946.64
934.64
781.64
592.64
508.64
375.64
298.64
236.0
255.41
217.0
202.0
223.0
205.5
215.5
195.0
236.0
383.0
679.0
919.0
1010.0
1040.0
916.0
1003.0
953.0
945.0
895.0
779.0
592.0
452.0
380.0
269.0
269.0
255.41
215.0
211.0
245.0
202.0
226.0
195.0
217.0
365.0
692.88
913.88
957.08
982.88
886.88
906.88
909.44
902.56
850.0
709.0
537.0
394.0
303.0
237.0
205.0
255.41
177.0
194.0
174.0
156.0
172.0
165.0
160.0
457.0
208.0
278.0
255.0
248.0
217.0
271.0
250.0
275.0
244.0
249.04
217.5
214.0
212.0
184.0
210.0
179.88
188.0
201.0
198.0
180.0
180.0
184.0
178.0
182.0
196.0
250.0
281.0
280.0
278.0
250.0
246.0
261.0
261.0
255.0
220.0
205.0
222.0
182.0
204.0
176.915
187.0
179.0
182.0
189.0
180.0
174.0
223.0
332.0
650.12
925.16
974.16
1000.28
885.16
943.16
921.16
942.0
893.0
778.0
527.0
419.0
374.0
328.0
260.0
265.9
215.0
223.0
234.0
232.0
205.0
216.0
232.0
398.0
691.0
923.12
1006.11
1040.0
969.0
1004.0
935.0
952.0
928.0
783.0
510.0
443.0
396.0
357.12
292.0
260.81
217.0
226.0
230.0
217.0
209.0
216.0
222.0
384.0
606.0
915.0
928.0
970.0
911.0
969.0
913.0
890.0
918.0
733.0
498.0
443.0
372.0
312.0
285.0
260.81
225.0
225.5
224.5
206.0
201.0
196.0
234.0
394.0
643.12
929.0
927.0
1001.0
941.0
923.0
907.08
890.0
882.0
736.0
539.0
428.0
408.0
364.0
263.0
255.72
225.0
225.0
219.0
251.0
221.0
225.0
237.0
380.0
672.0
930.0
969.0
1023.0
911.0
937.0
969.0
931.12
911.0
759.0
501.0
397.0
352.0
302.0
271.0
252.36
206.0
207.0
205.5
196.0
201.0
192.0
202.0
216.0
286.0
301.0
297.0
316.0
309.0
300.0
303.0
311.0
285.0
309.0
238.0
225.0
239.0
209.0
236.0
176.915
206.0
213.0
213.0
216.0
193.0
198.0
186.0
230.0
246.0
310.0
324.0
355.0
308.0
289.0
270.0
287.0
275.0
279.0
240.0
245.0
256.0
217.0
210.0
176.915
225.0
194.0
207.0
192.0
199.0
205.0
217.0
376.0
605.0
852.0
929.0
929.0
852.52
887.52
864.12
873.0
867.52
696.52
519.44
452.44
331.44
287.76
261.0
252.36
225.0
200.5
216.5
205.5
201.0
211.5
250.6
347.6
620.6
805.6
839.6
889.0
875.0
833.0
841.0
842.0
836.0
669.0
489.0
411.0
327.0
276.0
263.0
252.36
225.0
207.0
226.0
219.0
203.0
218.0
249.0
386.0
631.0
830.0
832.0
916.0
875.12
844.0
861.0
848.08
824.0
686.12
478.6
370.6
363.0
276.0
282.0
252.36
233.0
213.0
211.0
236.0
212.0
236.0
220.0
383.0
650.0
839.0
882.0
924.0
881.0
889.0
850.0
854.0
834.0
689.0
505.0
416.0
332.0
311.0
256.0
252.36
236.0
247.0
211.0
203.0
231.0
233.0
259.0
351.0
662.0
888.0
876.0
972.12
873.0
898.0
837.0
832.0
839.0
665.0
497.0
382.0
325.0
299.0
232.0
252.36
224.0
212.0
210.0
218.0
206.0
233.0
196.0
190.0
205.0
364.0
307.0
255.0
251.0
224.43
209.0
194.0
190.0
211.0
198.0
191.0
229.0
361.0
658.0
882.0
909.0
943.0
829.0
889.0
884.0
890.0
840.0
710.0
446.0
391.0
317.0
279.0
240.0
224.43
202.0
207.0
190.0
221.0
186.0
190.0
234.0
343.0
625.0
838.0
888.0
924.0
799.0
851.0
857.0
854.0
837.0
696.0
445.0
369.0
273.6
277.0
205.0
224.43
197.0
195.0
206.0
196.0
184.0
199.0
191.0
194.0
225.0
254.0
258.0
264.0
249.0
251.0
267.0
255.0
237.0
249.0
225.0
213.0
197.0
220.0
184.0
157.34
193.0
185.0
186.0
205.0
178.0
192.0
193.0
174.0
183.0
241.0
214.0
217.0
244.0
218.0
249.0
225.0
241.0
233.0
216.0
201.0
222.0
191.0
190.5
157.34
195.0
189.0
186.0
189.0
190.5
191.5
197.0
353.0
632.0
894.0
924.0
957.0
878.0
921.0
909.0
889.0
891.0
729.0
563.0
408.0
336.0
275.0
233.0
224.43
204.0
198.0
195.0
199.0
195.0
193.0
219.0
363.0
614.0
881.0
933.0
929.0
843.0
880.0
865.0
844.0
816.0
678.0
423.0
333.0
295.0
281.0
222.0
224.43
209.0
200.0
202.0
220.0
185.0
203.0
215.0
353.0
664.0
898.0
915.0
962.0
845.0
896.0
892.0
917.0
887.0
708.0
490.0
399.0
342.0
276.0
245.0
224.43
189.0
214.0
201.0
215.0
202.0
194.0
221.5
343.56
658.0
904.0
943.0
981.0
889.0
934.0
911.0
905.0
885.0
750.0
532.0
444.0
332.0
256.0
214.0
224.43
205.0
205.0
198.0
201.5
219.0
196.0
228.0
351.0
640.0
892.0
898.0
926.0
853.0
890.0
880.0
868.0
857.0
704.0
520.0
383.0
270.0
239.0
199.0
224.43
184.0
197.0
184.0
182.0
189.0
189.0
166.0
186.0
205.0
264.0
258.0
278.0
270.08
316.08
314.0
302.0
310.0
241.0
230.0
224.0
223.0
221.0
197.0
157.34
205.0
187.0
200.0
196.0
186.0
194.0
184.0
190.0
193.0
246.0
237.0
255.0
248.0
258.0
240.0
254.0
243.0
239.0
224.0
208.0
212.0
203.0
202.0
157.34
195.0
199.0
195.0
188.0
209.0
197.0
229.0
378.0
644.0
906.0
930.0
964.0
877.0
918.0
915.0
916.0
893.0
725.0
469.0
390.0
303.0
246.0
240.0
224.43
200.0
207.0
233.0
211.0
196.0
211.0
243.0
355.0
645.0
822.52
895.52
946.52
854.52
910.52
901.52
868.08
846.08
768.08
559.08
453.84
337.84
291.84
245.0
224.43
207.0
204.5
224.5
215.5
222.0
200.5
226.5
317.64
637.68
875.68
885.68
927.0
829.0
902.0
886.0
874.0
850.0
748.0
447.0
342.0
310.0
273.52
262.52
224.43
207.0
202.0
216.0
220.0
205.0
200.5
226.5
356.0
599.0
870.0
893.0
930.0
844.0
867.0
851.52
868.52
874.0
703.0
485.0
400.0
321.0
261.0
234.0
224.43
207.0
205.0
219.0
204.0
199.0
200.5
226.5
366.0
608.0
855.0
851.0
910.0
819.0
860.0
860.0
838.0
851.0
715.0
452.0
384.0
334.0
279.0
236.0
224.43
211.0
207.0
213.0
186.0
214.0
201.0
192.0
200.0
231.0
280.0
299.0
304.0
285.0
320.0
307.0
316.0
291.0
257.0
242.0
224.0
220.0
226.0
189.0
157.34
186.5
194.5
186.5
182.0
200.5
204.0
176.0
179.0
215.0
240.0
233.0
252.0
238.0
244.0
266.0
239.0
253.0
245.0
236.0
218.0
222.0
217.0
193.0
157.34
207.0
207.0
192.0
188.0
199.0
200.5
226.5
334.56
571.0
853.0
866.0
904.0
839.0
874.0
886.0
885.0
872.0
763.32
493.32
383.32
341.0
284.0
250.0
224.43
207.0
205.0
184.5
193.0
199.0
200.5
210.0
352.0
649.0
850.0
934.0
948.0
825.0
889.52
898.52
886.52
861.52
745.0
479.0
328.0
292.08
271.08
223.0
224.43
207.0
203.0
177.0
198.0
193.0
190.0
214.0
337.0
574.0
878.0
909.52
950.52
829.0
894.0
875.0
887.0
865.0
731.0
459.0
356.0
312.0
262.0
208.0
186.0
207.0
200.0
186.5
193.5
196.5
185.0
190.0
320.0
551.0
852.0
875.0
931.0
805.0
880.0
873.0
880.0
872.0
723.0
513.0
387.0
314.0
282.0
223.0
180.94
214.0
197.0
196.0
189.0
200.0
201.0
190.0
343.0
593.0
831.0
904.0
928.0
812.0
858.0
850.0
860.0
839.0
724.0
508.0
360.0
289.0
238.0
231.0
180.94
186.5
194.5
186.5
178.0
187.0
160.0
159.0
174.0
214.0
290.0
262.0
269.0
238.0
285.0
273.0
285.0
271.0
244.0
197.0
177.0
189.0
164.0
182.0
162.83
162.0
182.0
160.0
172.0
175.0
154.0
152.0
159.0
181.0
245.0
263.0
286.0
234.0
289.0
284.0
266.0
268.0
251.0
216.0
193.0
230.0
203.0
206.0
164.365
160.0
183.0
151.0
161.04
180.04
188.5
170.0
292.0
509.0
839.0
827.0
859.0
746.0
837.0
815.56
811.56
826.0
685.0
457.0
378.0
321.0
254.0
235.0
180.94
191.0
168.0
188.0
171.0
165.0
176.0
182.0
283.0
532.0
801.0
833.0
839.0
740.0
806.0
797.0
813.0
806.0
669.0
437.0
388.0
327.0
260.0
240.0
180.94
188.0
176.0
168.0
184.0
178.0
187.0
178.0
303.0
550.0
790.0
824.0
851.0
724.0
817.0
812.0
785.0
785.0
659.0
412.0
338.0
295.0
246.0
236.0
180.94
171.0
174.0
173.0
173.0
171.0
170.0
181.0
283.0
510.0
814.0
831.0
858.0
757.0
816.0
809.0
800.0
784.0
678.0
443.0
361.0
306.0
274.0
249.0
180.94
194.0
177.0
160.0
182.0
161.0
159.0
184.0
275.0
514.0
803.0
801.0
860.0
739.0
795.0
787.0
751.0
761.0
631.0
460.0
318.0
255.0
230.0
202.0
180.94
163.5
162.0
179.0
168.5
148.0
174.0
152.0
158.0
170.0
184.0
194.0
204.0
197.0
210.0
199.0
215.0
186.0
183.0
172.0
194.5
196.0
174.0
164.0
165.9
165.0
162.0
159.0
165.0
154.0
158.0
151.0
165.0
161.0
170.0
173.0
194.0
170.0
172.0
195.0
184.0
189.0
184.0
170.0
196.0
174.0
170.0
144.0
165.87
162.0
168.5
153.0
156.0
164.0
150.0
159.0
160.0
143.0
171.0
196.0
204.0
188.0
189.5
209.0
200.0
203.0
196.5
185.5
186.5
183.5
174.2
158.5
164.39
192.0
178.5
172.0
174.2
166.0
162.5
158.2
261.2
432.2
628.2
819.0
808.0
707.0
825.0
785.0
790.0
760.0
668.0
461.0
356.0
286.0
232.0
215.0
180.94
190.0
180.0
184.0
164.0
171.0
166.0
167.0
299.0
540.68
760.68
819.0
854.0
748.0
826.0
800.0
787.0
773.0
653.0
447.0
331.0
315.0
245.0
221.0
180.94
184.0
184.0
173.0
162.0
175.0
170.0
177.0
284.0
512.0
788.0
824.0
847.0
736.0
805.0
790.0
781.0
757.0
638.0
441.0
339.0
281.0
244.0
232.0
180.94
178.0
199.0
164.0
187.0
167.5
175.0
205.0
300.56
497.56
719.52
760.52
794.48
706.16
738.16
729.16
725.48
710.48
613.68
447.68
290.0
253.0
232.0
205.0
180.94
160.0
175.0
155.84
156.5
156.84
162.84
161.84
165.84
161.0
213.0
219.0
214.0
206.0
207.0
223.0
216.0
217.0
209.0
201.0
177.0
193.0
174.0
173.0
162.91
164.0
172.0
166.0
157.0
177.0
155.52
140.52
174.0
157.68
233.115
234.615
233.615
223.5
225.12
243.08
218.5
196.0
197.0
206.0
181.5
189.0
181.0
175.5
160.89999999999995
166.52
156.52
165.52
166.52
160.0
164.0
179.0
272.0
469.0
727.0
786.0
798.0
717.0
768.0
765.0
746.0
745.0
610.0
455.0
343.0
317.0
237.0
225.0
180.94
206.0
193.0
181.0
181.0
190.0
183.0
175.0
307.0
510.0
730.0
796.0
806.0
747.0
759.0
766.0
766.0
768.0
620.0
424.0
357.0
253.0
214.0
194.0
180.94
197.0
164.0
178.0
165.0
176.0
177.0
171.0
305.0
516.0
732.0
780.0
207.0
199.0
196.0
179.86
189.0
175.0
183.0
168.0
171.0
173.0
182.0
179.0
173.0
211.0
206.0
240.0
206.0
227.0
223.0
216.0
215.0
197.0
208.0
201.0
177.0
202.0
178.0
161.88
185.0
181.0
162.0
196.0
170.0
182.5
201.0
286.0
555.0
826.0
852.0
930.0
847.0
880.0
861.0
842.0
847.0
708.0
456.0
374.0
311.0
265.0
247.0
256.385
218.0
189.0
213.0
195.5
182.0
182.0
208.0
297.0
563.0
832.0
856.0
946.0
830.0
886.0
846.0
854.0
819.0
685.0
474.0
324.0
300.0
249.0
217.0
256.385
184.0
189.0
204.0
195.0
194.0
193.0
217.0
286.0
566.0
844.0
826.0
928.0
800.0
866.0
815.0
819.0
808.0
674.0
492.0
361.0
292.0
244.0
235.0
256.385
198.0
201.0
158.0
210.0
281.0
178.0
212.0
286.0
543.0
814.0
806.0
897.0
767.0
838.0
808.0
765.0
832.0
683.0
314.0
348.0
291.0
713.0
250.0
269.83
155.0
199.0
190.0
225.0
190.0
189.0
224.0
307.0
528.0
816.0
854.0
899.0
798.0
855.0
811.0
825.0
800.0
643.0
421.0
335.0
290.0
241.0
211.0
219.845
187.0
210.0
195.0
186.0
200.0
178.0
172.0
209.0
224.0
281.0
285.0
307.0
257.0
299.0
297.0
295.0
297.0
255.0
230.0
223.0
204.0
197.0
207.0
156.885
191.0
177.0
189.0
190.0
174.0
187.0
188.0
188.0
224.0
254.0
282.0
282.0
260.0
280.0
299.0
284.0
250.0
233.0
229.0
221.0
213.0
204.0
192.0
156.885
189.0
189.0
176.0
195.0
177.0
175.0
208.0
319.0
578.0
834.0
853.0
908.0
821.0
855.0
827.0
818.0
782.52
638.52
423.0
347.0
298.0
256.0
243.0
219.845
201.0
193.0
196.0
173.0
204.0
171.0
220.0
314.0
558.0
784.0
820.0
907.0
792.0
824.0
815.0
805.0
821.0
654.0
452.0
357.0
305.0
229.0
225.0
219.845
194.0
206.0
177.0
197.0
197.0
178.5
206.0
317.0
536.0
789.0
834.0
888.0
795.0
843.0
813.0
801.0
792.0
632.0
419.0
334.0
293.0
253.0
213.0
219.845
176.0
206.0
188.0
205.0
190.0
186.0
211.0
330.0
569.0
810.0
857.0
916.0
791.0
863.0
862.0
853.0
809.0
657.0
433.0
364.0
296.0
237.0
218.0
219.845
188.0
177.0
193.0
180.0
184.0
186.0
208.0
305.0
545.0
768.0
770.0
843.0
776.0
796.0
800.0
747.0
746.0
594.0
396.0
311.0
264.0
227.0
186.0
219.845
172.0
175.0
157.0
158.0
172.0
155.0
153.0
178.0
185.0
241.0
250.56
250.56
218.0
235.0
263.0
234.0
226.0
212.0
200.0
201.0
174.0
175.0
179.0
151.89
185.0
158.0
164.0
172.5
151.0
171.0
161.0
159.0
197.0
227.0
264.0
277.0
211.0
281.0
277.0
267.0
272.0
265.0
181.0
179.0
196.0
178.0
158.0
169.9
159.0
159.0
158.0
168.0
151.0
164.0
164.0
293.0
526.0
824.0
827.0
897.0
815.0
870.0
876.0
841.0
836.0
351.0
782.0
396.0
320.0
248.0
225.0
219.845
184.0
192.0
185.0
190.0
183.0
184.0
190.0
304.0
570.0
827.0
846.0
928.0
821.0
875.0
857.0
849.0
828.0
689.0
464.0
367.0
297.0
246.0
225.0
219.845
187.0
198.0
184.0
192.0
190.0
178.0
223.0
286.0
556.0
829.0
832.0
872.0
806.0
862.31
830.0
818.0
799.0
665.0
450.0
346.0
276.0
239.0
233.0
219.845
201.0
185.0
192.0
192.0
202.0
183.0
212.0
303.0
539.0
816.0
652.0
296.0
302.0
852.655
829.0
817.0
807.0
657.0
433.0
345.0
292.0
259.0
228.0
219.845
210.0
197.0
191.0
182.0
182.0
197.0
206.0
293.0
530.0
797.0
817.0
869.0
818.0
843.0
818.0
817.0
780.0
592.0
513.0
348.0
145.0
161.0
421.0
219.845
257.0
188.0
155.0
187.0
188.0
161.0
176.0
173.0
202.0
230.0
261.0
257.0
269.0
259.0
226.0
286.5
295.5
458.0
398.0
205.0
275.0
175.5
286.0
158.87
162.0
146.0
188.0
175.5
268.0
139.0
191.0
213.0
189.0
214.0
222.0
266.0
228.0
218.0
253.0
286.5
295.5
420.0
265.0
231.0
148.0
173.0
240.0
158.87
202.5
182.54
190.0
177.5
770.0
296.0
179.0
291.0
438.0
858.0
747.0
350.0
798.0
852.0
811.0
808.0
768.0
661.0
432.0
346.0
282.0
204.5
416.0
219.845
202.5
182.54
190.0
177.5
577.0
183.0
202.0
279.0
512.0
788.0
798.0
869.0
778.0
835.0
805.0
802.0
768.0
617.0
432.0
353.0
278.0
248.0
219.0
219.845
202.5
168.08
189.0
173.0
179.0
170.0
217.0
278.0
517.0
788.0
770.0
847.0
744.0
829.0
770.0
779.0
758.0
620.0
445.0
335.0
320.0
278.0
233.0
219.845
195.0
187.0
179.0
175.0
181.0
166.0
202.0
289.0
551.0
805.0
241.0
865.0
776.0
849.0
827.0
803.0
801.0
671.0
464.0
388.0
324.0
255.0
217.0
219.845
196.0
192.0
176.0
182.5
178.0
184.0
211.0
285.0
506.0
807.0
810.0
883.0
808.0
844.0
814.0
810.0
783.0
640.0
411.0
331.0
282.0
230.0
200.0
219.845
182.0
196.0
178.0
164.0
190.0
158.0
192.0
179.0
207.0
304.0
332.0
315.0
262.0
306.0
342.0
306.0
319.0
293.0
222.0
213.0
193.0
199.0
194.0
158.87
184.0
186.0
166.0
192.0
188.0
162.0
181.0
192.0
241.0
295.0
299.0
316.0
274.0
317.0
318.0
312.0
323.0
277.0
251.0
212.0
212.0
206.0
187.0
158.87
182.0
181.0
175.0
190.0
176.0
182.0
204.0
294.0
538.0
808.0
819.0
902.0
830.0
849.0
842.0
835.0
802.0
655.0
451.0
366.0
303.0
225.0
220.0
219.845
203.0
197.0
166.52
191.5
178.5
193.5
207.0
295.0
536.68
813.68
803.68
866.0
777.0
821.0
832.0
806.0
779.0
681.0
493.0
379.0
317.0
245.0
218.0
219.845
200.0
190.0
199.0
193.0
181.0
205.0
205.0
277.0
513.0
734.0
771.0
837.0
790.0
796.0
758.0
775.0
745.0
614.0
405.0
326.0
281.0
222.0
225.0
169.86
193.5
190.0
182.5
242.68
221.59
180.38
271.52
304.84
484.36
689.36
753.52
748.52
657.64
724.16
735.16
711.16
725.16
622.76
443.76
386.4
311.4
284.4
272.76
206.395
187.0
190.0
182.5
266.84000000000003
221.59
180.38
135.8
283.42
151.0
676.52
790.76
812.26
556.0
763.0
1011.0
702.0
779.0
624.0
357.0
259.0
241.0
203.0
241.38
206.395
359.52
150.52
164.18
263.0
175.0
241.0
157.0
164.0
202.0
252.0
255.0
261.0
223.0
246.0
248.0
254.0
238.0
214.0
205.0
198.0
185.0
188.0
168.0
158.87
263.3
158.76
162.36
217.0
175.0
203.0
159.36
159.0
178.5
221.0
213.5
242.5
237.0
211.0
225.5
221.5
216.0
190.5
189.5
188.0
173.0
178.0
174.5
158.87
173.0
192.0
166.0
266.84000000000003
221.59
155.76
205.99
262.0
524.0
795.0
828.0
876.0
779.0
829.0
364.0
721.5
793.0
651.0
444.0
333.0
286.0
228.0
210.0
206.395
220.09
202.0
212.1
291.0
221.59
140.0
205.99
285.6
951.0
805.0
759.0
831.0
284.0
769.0899999999998
790.0
741.0
777.0
634.0
430.0
328.0
288.0
249.0
203.0
206.395
267.18
264.18
258.2
260.18
262.18
257.18
276.18
309.2
512.18
698.18
719.18
722.18
614.2
709.18
700.18
584.18
454.18
494.2
660.18
263.18
348.0
227.0
194.0
206.395
263.3
167.0
164.0
171.0
162.0
165.0
166.0
154.0
155.0
190.0
172.0
224.0
251.0
176.0
203.0
189.0
194.0
167.0
174.0
178.0
161.0
168.0
181.0
147.84
167.08
176.0
150.0
171.0
178.0
154.0
165.0
162.0
170.0
189.0
205.0
229.0
255.0
197.0
201.0
176.0
210.0
187.0
170.0
176.0
188.0
160.0
184.0
149.385
155.08
177.0
160.0
170.0
170.0
153.0
152.0
162.0
160.0
178.0
190.0
183.0
182.0
200.5
204.0
176.0
179.0
215.0
240.0
233.0
252.0
238.0
244.0
266.0
239.0
253.0
245.0
236.0
218.0
222.0
217.0
193.0
157.34
207.0
207.0
192.0
188.0
199.0
200.5
226.5
334.56
571.0
853.0
866.0
904.0
839.0
874.0
886.0
885.0
872.0
763.32
493.32
383.32
341.0
284.0
250.0
224.43
207.0
205.0
184.5
193.0
199.0
200.5
210.0
352.0
649.0
850.0
934.0
948.0
825.0
889.52
898.52
886.52
861.52
745.0
479.0
328.0
292.08
271.08
223.0
224.43
207.0
203.0
177.0
198.0
193.0
190.0
214.0
337.0
574.0
878.0
909.52
950.52
829.0
894.0
875.0
887.0
865.0
731.0
459.0
356.0
312.0
262.0
208.0
186.0
207.0
200.0
186.5
193.5
196.5
185.0
190.0
320.0
551.0
852.0
875.0
931.0
805.0
880.0
873.0
880.0
872.0
723.0
513.0
387.0
314.0
282.0
223.0
180.94
214.0
197.0
196.0
189.0
200.0
201.0
190.0
343.0
593.0
831.0
904.0
928.0
812.0
858.0
850.0
860.0
839.0
724.0
508.0
360.0
289.0
238.0
231.0
180.94
186.5
194.5
186.5
178.0
187.0
160.0
159.0
174.0
214.0
290.0
262.0
269.0
238.0
285.0
273.0
285.0
271.0
244.0
197.0
177.0
189.0
164.0
182.0
162.83
162.0
182.0
160.0
172.0
175.0
154.0
152.0
159.0
181.0
245.0
263.0
286.0
234.0
289.0
284.0
266.0
268.0
251.0
216.0
193.0
230.0
203.0
206.0
164.365
160.0
183.0
151.0
161.04
180.04
188.5
170.0
292.0
509.0
839.0
827.0
859.0
746.0
837.0
815.56
811.56
826.0
685.0
457.0
378.0
321.0
254.0
235.0
180.94
191.0
168.0
188.0
171.0
165.0
176.0
182.0
283.0
532.0
801.0
833.0
839.0
740.0
806.0
797.0
813.0
806.0
669.0
437.0
388.0
327.0
260.0
240.0
180.94
188.0
176.0
168.0
184.0
178.0
187.0
178.0
303.0
550.0
790.0
824.0
851.0
724.0
817.0
812.0
785.0
785.0
659.0
412.0
338.0
295.0
246.0
236.0
180.94
171.0
174.0
173.0
173.0
171.0
170.0
181.0
283.0
510.0
814.0
831.0
858.0
757.0
816.0
809.0
800.0
784.0
678.0
443.0
361.0
306.0
274.0
249.0
180.94
194.0
177.0
160.0
182.0
161.0
159.0
184.0
275.0
514.0
803.0
801.0
860.0
739.0
795.0
787.0
751.0
761.0
631.0
460.0
318.0
255.0
230.0
202.0
180.94
163.5
162.0
179.0
168.5
148.0
174.0
152.0
158.0
170.0
184.0
194.0
204.0
197.0
210.0
199.0
215.0
186.0
183.0
172.0
194.5
196.0
174.0
164.0
165.9
165.0
162.0
159.0
165.0
154.0
158.0
151.0
165.0
161.0
170.0
173.0
194.0
170.0
172.0
195.0
184.0
189.0
184.0
170.0
196.0
174.0
170.0
144.0
165.87
162.0
168.5
153.0
156.0
164.0
150.0
159.0
160.0
143.0
171.0
196.0
204.0
188.0
189.5
209.0
200.0
203.0
196.5
185.5
186.5
183.5
174.2
158.5
164.39
192.0
178.5
172.0
174.2
166.0
162.5
158.2
261.2
432.2
628.2
819.0
808.0
707.0
825.0
785.0
790.0
760.0
668.0
461.0
356.0
286.0
232.0
215.0
180.94
190.0
180.0
184.0
164.0
171.0
166.0
167.0
299.0
540.68
760.68
819.0
854.0
748.0
826.0
800.0
787.0
773.0
653.0
447.0
331.0
315.0
245.0
221.0
180.94
184.0
184.0
173.0
162.0
175.0
170.0
177.0
284.0
512.0
788.0
824.0
847.0
736.0
805.0
790.0
781.0
757.0
638.0
441.0
339.0
281.0
244.0
232.0
180.94
178.0
199.0
164.0
187.0
167.5
175.0
205.0
300.56
497.56
719.52
760.52
794.48
706.16
738.16
729.16
725.48
710.48
613.68
447.68
290.0
253.0
232.0
205.0
180.94
160.0
175.0
155.84
156.5
156.84
162.84
161.84
165.84
161.0
213.0
219.0
214.0
206.0
207.0
223.0
216.0
217.0
209.0
201.0
177.0
193.0
174.0
173.0
162.91
164.0
172.0
166.0
157.0
177.0
155.52
140.52
174.0
157.68
233.115
234.615
233.615
223.5
225.12
243.08
218.5
196.0
197.0
206.0
181.5
189.0
181.0
175.5
160.89999999999995
166.52
156.52
165.52
166.52
160.0
164.0
179.0
272.0
469.0
727.0
786.0
798.0
717.0
768.0
765.0
746.0
745.0
610.0
455.0
343.0
317.0
237.0
225.0
180.94
206.0
193.0
181.0
181.0
190.0
183.0
175.0
307.0
510.0
730.0
796.0
806.0
747.0
759.0
766.0
766.0
768.0
620.0
424.0
357.0
253.0
214.0
194.0
180.94
197.0
164.0
178.0
165.0
176.0
177.0
171.0
305.0
516.0
732.0
780.0
823.0
713.0
774.0
761.0
762.0
742.0
611.0
420.0
325.52
296.52
262.0
200.0
180.94
186.0
181.0
173.0
176.0
165.0
190.0
171.0
303.0
508.0
745.0
789.0
841.0
726.0
797.0
761.0
757.0
773.0
645.0
433.0
326.0
274.0
242.0
203.0
175.88
182.0
173.0
195.0
166.0
175.0
175.0
184.0
283.0
502.0
749.0
740.0
793.0
697.0
739.0
713.0
721.0
700.0
577.0
399.0
312.0
272.0
229.0
226.0
170.39999999999995
159.14
172.0
170.5
159.5
169.5
164.26
146.76
177.5
156.84
253.23
250.23
253.23
223.5
243.24
263.16
218.5
239.0
210.0
211.0
186.0
185.0
188.0
175.5
160.89999999999995
154.28
172.0
175.0
162.0
162.0
173.0
153.0
181.0
156.0
205.0
217.0
210.0
241.0
215.0
213.0
221.0
232.0
213.0
208.0
189.0
193.0
176.0
178.0
160.89999999999995
160.24
168.0
160.0
171.0
175.0
164.0
172.0
273.0
470.0
757.0
742.0
777.0
708.0
756.0
762.0
765.0
758.0
648.0
462.0
351.0
287.0
251.0
224.0
170.39999999999995
188.0
159.0
171.0
172.0
161.0
165.0
177.0
283.0
505.0
761.0
785.0
791.0
689.0
781.0
771.0
769.0
757.0
623.0
447.0
334.0
281.0
218.0
224.0
170.39999999999995
175.0
183.0
159.0
176.0
188.0
166.0
198.0
281.0
529.0
768.0
778.0
830.0
721.0
797.0
784.0
778.0
755.0
644.0
397.0
352.0
286.0
249.0
215.0
170.39999999999995
187.0
165.0
183.0
166.0
178.0
171.0
186.0
280.0
523.0
740.0
764.0
810.0
725.0
758.0
768.0
765.0
751.0
650.0
423.0
310.0
266.0
232.0
214.0
170.39999999999995
193.0
176.0
187.0
174.0
166.0
176.0
186.0
277.0
519.0
745.0
750.0
794.0
723.0
745.0
618.0
612.0
623.0
533.0
389.0
354.0
297.0
229.0
214.0
170.39999999999995
189.0
187.0
188.0
188.0
179.0
195.0
172.0
195.0
205.0
261.0
263.0
281.0
247.0
283.0
274.0
273.0
264.0
241.0
194.0
209.0
205.0
217.0
183.0
160.89999999999995
194.0
191.0
186.0
188.0
178.0
186.0
192.0
181.0
186.0
246.0
257.0
262.0
250.0
261.0
270.0
248.0
291.0
231.0
213.0
202.0
179.0
198.0
187.0
160.89999999999995
177.0
187.0
176.0
200.0
178.0
176.0
195.0
255.0
432.0
603.0
778.0
815.0
753.0
790.0
791.0
782.0
778.0
666.0
426.0
353.0
303.0
240.0
208.0
170.39999999999995
180.0
164.0
178.0
162.0
166.0
182.0
168.0
280.0
527.0
787.0
790.0
840.0
727.0
790.0
789.0
769.0
756.0
629.0
445.0
367.0
332.0
263.0
222.0
170.39999999999995
173.0
178.0
160.0
190.0
159.0
146.0
209.0
273.0
510.0
763.0
786.0
821.0
720.0
775.0
759.0
755.0
755.0
637.0
420.0
356.0
318.0
255.0
260.0
170.39999999999995
178.0
167.0
175.0
170.0
174.0
156.0
187.0
266.0
508.0
771.0
745.0
816.0
713.0
772.0
765.0
740.0
750.0
611.0
437.0
387.0
316.0
272.0
219.0
170.39999999999995
184.0
177.0
186.0
173.0
170.0
179.0
178.0
267.0
478.0
748.0
776.0
801.0
699.0
758.0
731.0
737.0
701.0
602.0
419.0
358.0
285.0
245.0
214.0
170.39999999999995
180.0
179.0
164.0
167.0
182.0
153.0
171.0
167.0
167.0
209.0
203.0
217.0
199.0
211.0
222.0
213.0
213.0
207.0
193.0
291.5
232.0
253.0
250.0
238.0
234.0
235.0
208.0
217.0
211.0
176.915
233.0
212.0
223.0
195.0
212.0
210.0
212.0
335.0
625.0
936.0
972.0
1061.0
995.0
1003.0
1029.0
976.0
980.12
808.0
535.0
392.0
306.0
287.0
280.0
259.97
237.0
234.0
232.0
218.0
209.0
211.0
223.0
370.0
614.0
936.12
992.0
1025.12
968.0
994.0
968.0
952.0
995.0
846.0
542.0
444.0
357.0
309.0
246.0
259.97
237.0
219.0
246.0
223.0
217.0
220.0
213.0
360.0
637.0
915.0
949.0
1032.06
972.0
954.0
953.12
959.0
917.0
799.0
515.12
434.0
344.0
333.0
249.0
259.97
241.0
227.0
227.0
206.0
224.0
210.0
222.0
356.0
618.0
927.0
988.0
1039.0
969.0
966.12
997.0
980.12
960.0
852.0
568.0
410.0
358.0
296.0
268.0
259.97
268.0
222.0
237.0
233.0
226.0
229.0
205.0
372.0
597.0
919.0
953.0
1026.0
939.0
978.0
970.0
926.08
919.0
813.0
464.0
360.0
360.0
252.0
249.0
259.97
200.0
205.0
221.0
213.0
219.0
205.0
218.0
221.0
238.0
248.0
272.0
269.0
275.0
286.0
283.0
275.0
270.0
259.0
252.0
253.0
225.0
216.0
239.0
176.915
212.0
211.0
210.0
250.0
186.0
202.0
197.0
200.0
204.0
221.0
231.0
265.0
256.0
250.0
260.6
272.6
261.0
247.0
247.0
223.0
218.0
220.0
189.0
176.915
176.0
187.0
216.0
180.0
177.0
185.0
197.0
333.0
626.0
836.12
961.5
1062.0
971.0
984.0
995.0
953.08
962.0
837.0
575.0
448.0
377.0
300.0
279.0
259.97
232.0
205.0
257.0
216.0
216.0
202.0
230.0
357.0
648.0
919.0
970.0
1055.5
950.12
984.0
1035.0
962.0
936.24
856.0
601.0
474.0
376.0
311.0
262.0
270.94
239.0
247.0
247.0
236.0
222.0
226.0
244.0
375.0
643.0
958.0
953.12
1049.0
964.0
969.0
987.24
985.0
945.0
812.0
600.0
399.0
409.0
343.0
257.0
262.93
239.0
239.0
257.0
226.0
238.0
233.0
221.0
384.0
639.0
953.0
963.0
1048.0
950.0
993.0
949.0
968.0
964.0
825.12
597.0
478.0
381.0
316.0
285.0
262.93
248.0
249.0
226.0
244.0
231.0
222.0
245.0
375.0
650.0
935.0
971.0
1058.0
951.08
984.0
969.0
949.0
963.0
793.0
599.0
409.0
332.0
287.0
289.0
262.93
202.0
198.0
200.0
208.0
222.0
194.0
190.0
203.0
226.0
239.0
242.0
260.0
259.0
264.0
283.0
244.0
268.0
247.0
214.0
230.0
243.0
201.0
212.0
176.915
191.0
206.0
218.0
195.0
218.5
196.5
199.0
209.0
221.5
223.0
253.04
314.16
305.16
254.4
275.48
262.48
268.84
262.84
239.5
232.5
248.0
214.0
196.0
176.915
196.0
217.0
191.0
202.0
215.0
208.0
208.0
359.0
654.0
931.0
1018.0
1024.0
952.0
1014.0
986.0
990.0
941.0
817.0
527.0
432.0
351.0
290.0
308.0
254.92
224.0
241.0
227.0
237.0
210.0
248.0
230.0
402.0
630.0
970.0
992.0
1048.12
991.0
999.0
994.0
967.0
977.0
834.0
606.0
449.0
437.0
299.0
267.0
253.41
258.0
204.0
229.0
225.0
209.0
232.0
217.0
381.0
674.0
944.12
1013.0
1051.7199999999998
974.0
1056.0
1004.12
988.0
978.0
848.0
571.0
429.0
421.0
321.0
277.0
253.41
227.0
238.0
218.0
236.0
216.0
216.0
248.0
385.0
688.0
911.0
980.0
1051.7199999999998
958.0
1003.0
963.08
958.0
951.0
845.0
566.08
439.0
373.0
321.0
266.0
253.41
216.0
220.0
239.0
228.0
226.0
206.0
232.0
388.0
666.0
940.0
962.0
1051.7199999999998
946.68
973.68
999.12
948.0
909.0
805.0
488.0
359.0
337.0
275.0
245.0
253.41
202.0
203.0
205.0
213.0
215.0
199.0
208.0
215.0
221.5
223.0
264.08
243.08
311.64
255.7
268.74
279.04
246.04
232.0
239.5
232.5
248.0
204.5
231.0
176.915
200.0
200.0
181.0
190.0
197.0
216.0
196.0
205.0
217.0
207.0
239.0
272.0
318.12
257.0
262.0
243.0
264.0
221.0
265.0
235.0
253.0
195.0
215.0
176.915
188.0
224.0
195.0
197.0
204.0
187.0
185.0
369.0
632.0
950.32
1007.32
1055.32
959.0
1006.4
973.4
994.4
967.52
843.4
585.12
426.0
474.0
309.0
258.0
253.41
231.0
211.0
227.0
241.0
217.0
223.0
240.0
350.0
625.8
957.32
1002.32
1048.12
964.12
989.12
955.44
978.44
934.44
865.44
583.44
446.64
357.0
318.0
276.0
253.41
223.5
206.0
225.0
236.5
235.0
231.0
219.0
376.0
642.0
923.0
957.0
1049.0
934.0
969.08
959.08
942.12
900.0
842.0
520.0
431.0
356.0
290.0
258.0
251.9
216.0
201.0
223.0
232.0
211.0
214.0
212.0
376.0
663.0
909.0
952.0
1045.0
937.0
948.0
971.24
924.0
906.0
812.0
512.0
364.0
343.0
317.0
253.0
249.905
217.0
211.0
194.0
213.0
195.0
214.0
206.0
342.0
599.0
905.0
929.0
1030.0
956.0
954.0
913.0
903.0
884.0
773.0
507.0
362.0
315.0
255.0
237.0
249.905
194.0
192.0
205.0
195.0
197.0
204.0
189.5
213.0
212.0
255.0
285.0
270.52
251.52
286.0
267.0
243.0
252.0
246.0
245.0
221.0
211.0
217.0
202.0
176.915
216.0
201.0
200.0
186.0
189.0
192.0
183.0
196.0
189.0
219.0
224.0
291.0
284.0
241.0
242.0
251.0
268.0
255.0
226.0
241.0
229.0
231.0
208.0
176.915
185.0
193.0
188.0
193.0
202.0
185.0
212.0
350.0
637.0
972.0
928.0
1048.0
959.0
959.12
990.0
946.0
935.0
823.0
531.0
477.16
362.0
316.0
245.0
249.905
273.24
203.5
256.24
199.0
280.24
197.0
216.5
349.24
609.24
787.24
978.0
1044.0
945.0
967.0
990.0
961.0
914.0
817.0
565.0
423.0
349.0
288.0
242.0
249.905
234.62
214.0
245.0
205.0
218.0
209.0
221.0
361.0
671.0
929.0
997.0
1063.0
956.0
967.0
974.0
955.0
922.0
808.0
522.0
427.0
387.0
310.0
239.0
249.905
234.62
214.0
228.0
215.0
213.0
211.0
225.0
394.0
677.0
940.0
979.0
1062.24
956.0
948.0
951.0
949.16
960.0
815.0
492.0
395.0
344.12
292.0
244.0
249.905
234.62
238.0
197.0
206.5
213.0
199.0
217.0
367.0
646.0
944.0
932.0
1029.0
904.0
1000.0
940.0
939.0
895.0
810.0
487.0
330.0
312.0
279.0
225.0
249.905
205.0
218.0
185.0
191.0
173.0
186.0
194.0
208.0
204.0
273.0
297.0
296.0
298.0
295.0
299.0
299.0
298.0
264.0
244.0
231.0
224.0
223.0
200.0
176.915
193.0
206.0
182.0
203.0
174.0
190.0
188.0
167.0
192.0
230.0
208.0
244.0
270.0
234.0
240.0
258.0
232.0
241.0
229.0
228.0
241.0
217.0
207.0
176.915
196.0
196.0
197.0
198.0
215.0
183.0
202.0
349.0
591.0
894.0
920.0
992.0
950.0
987.12
945.0
929.0
881.0
792.0
543.0
432.0
297.0
283.12
240.0
249.905
233.0
213.0
196.0
232.0
212.0
205.0
219.0
356.0
590.0
931.0
931.0
1040.0
946.0
989.0
996.12
960.0
952.0
855.0
567.0
455.0
356.0
291.0
248.0
249.905
218.0
231.0
227.0
218.0
228.0
220.0
255.0
378.0
622.0
950.0
998.0
1057.52
956.52
1009.0
970.0
934.0
937.0
798.0
482.0
436.0
361.0
292.0
279.0
249.905
238.0
203.0
214.0
220.0
217.0
246.0
213.0
374.0
641.0
930.0
945.0
1039.12
939.0
954.0
983.0
935.0
952.0
830.0
578.0
430.0
389.0
338.0
258.0
247.91
246.0
230.0
208.0
221.0
209.0
235.0
240.0
364.0
624.0
958.12
965.12
1018.0
972.0
950.0
941.0
980.0
923.0
812.0
498.0
432.0
361.0
325.0
246.0
251.385
207.0
242.0
204.0
204.0
209.0
188.0
221.0
245.0
228.0
260.0
286.0
284.0
251.0
315.0
276.0
300.0
288.0
257.0
257.0
246.0
238.0
225.0
218.0
176.915
221.0
233.0
198.0
186.0
212.0
239.0
232.0
242.0
248.0
231.0
198.0
215.0
223.09
211.0
216.0
204.0
226.0
219.0
201.0
211.0
358.0
648.0
938.0
1009.0
1007.0
944.0
964.0
1013.0
970.0
950.0
875.0
592.0
441.0
355.0
299.0
243.0
251.93
264.0
241.0
259.0
244.0
260.0
235.0
240.0
351.0
639.0
911.0
992.0
990.0
868.0
977.0
953.12
933.12
942.0
820.0
543.0
478.0
361.0
315.0
255.0
251.865
234.0
228.0
219.0
227.0
223.0
216.0
198.0
342.0
624.0
944.0
931.0
939.0
912.0
934.0
903.0
919.0
910.12
751.0
529.0
473.0
352.0
282.0
262.0
251.8
275.0
230.0
226.0
227.0
246.0
226.0
222.0
378.0
640.0
884.0
961.0
971.12
864.0
947.0
927.0
901.0
852.0
735.0
486.0
409.0
284.0
285.0
258.0
206.825
221.0
230.0
238.0
217.0
221.0
231.0
214.0
321.0
590.0
848.0
857.0
880.0
819.0
832.0
828.0
762.0
776.0
604.0
406.0
323.0
313.0
234.0
204.0
206.825
224.0
221.0
202.0
233.0
204.0
202.0
208.0
190.0
212.0
207.0
202.0
213.0
205.0
193.0
188.0
209.0
213.0
203.0
203.0
216.0
194.0
196.0
241.0
223.09
193.0
229.0
213.0
201.0
199.0
197.0
198.0
318.0
492.0
637.0
640.0
651.0
649.0
649.0
641.0
620.0
601.0
497.0
390.0
234.0
234.0
217.0
215.0
206.825
203.0
209.0
204.0
212.0
202.0
219.0
204.0
291.0
474.0
577.0
621.0
641.0
599.0
627.0
627.0
668.8
628.8
484.0
393.0
273.0
229.0
219.0
223.0
206.825
204.0
196.0
193.0
208.0
201.0
176.0
203.0
233.0
411.0
528.0
526.0
541.0
504.0
524.0
430.0
315.0
273.0
201.0
175.0
166.0
181.0
168.0
191.0
161.85
166.0
160.0
191.0
173.0
171.0
160.0
202.0
147.0
143.0
164.0
177.0
166.0
157.0
178.0
152.0
168.0
158.0
166.0
167.0
184.0
159.0
167.0
176.0
163.86
181.0
170.0
157.0
180.0
174.0
170.0
155.0
140.0
175.0
165.0
167.0
179.0
156.0
156.0
161.0
156.0
157.0
165.0
172.0
187.0
179.0
173.0
181.0
162.86
145.0
180.0
167.0
172.0
160.0
165.0
159.0
160.0
158.0
160.0
157.0
171.0
148.0
158.0
160.5
146.5
165.0
178.0
177.0
173.0
184.0
172.0
180.0
162.86
159.0
167.5
168.0
147.0
167.5
172.0
137.0
158.0
162.0
136.0
148.0
153.0
166.0
146.0
160.0
137.0
165.0
153.0
170.0
178.0
181.0
171.0
178.0
161.86
175.0
155.0
170.0
177.0
175.0
157.0
157.0
170.0
158.0
139.0
157.0
139.0
160.0
146.0
142.0
145.0
160.0
152.0
174.0
162.0
185.0
165.0
177.0
159.88
184.0
181.0
161.0
195.0
168.0
170.0
144.0
146.0
152.0
155.0
170.5
181.0
157.0
161.0
164.0
172.0
155.0
181.0
164.0
177.0
174.0
171.0
168.0
163.925
161.0
171.0
191.0
173.0
165.0
156.0
172.0
158.0
159.0
202.0
184.0
180.0
179.0
190.0
184.0
171.0
191.0
176.0
192.0
181.0
189.0
159.0
173.0
163.925
164.0
190.0
152.0
185.0
176.0
160.0
179.0
275.0
508.0
648.0
662.0
670.0
674.0
695.0
643.0
651.0
626.0
512.0
403.0
301.0
242.0
242.0
228.0
212.03500000000003
220.0
202.0
199.0
201.0
233.0
222.0
184.0
336.0
591.0
836.0
850.0
835.0
757.0
829.12
822.0
805.0
803.0
701.0
463.0
355.0
292.0
263.0
222.0
212.03500000000003
221.0
220.0
211.0
203.0
205.0
231.0
209.0
322.0
614.0
840.0
853.0
904.0
829.0
915.0
885.0
866.0
824.0
744.0
476.0
344.0
282.0
256.0
278.0
212.03500000000003
220.0
219.0
218.0
217.0
229.0
213.0
217.0
345.0
611.0
806.12
843.0
849.0
801.0
868.0
832.0
852.0
804.0
675.0
397.0
307.0
256.0
237.0
223.0
212.03500000000003
208.0
208.0
214.0
221.0
229.0
216.0
210.0
191.0
209.0
217.0
214.0
216.0
222.0
229.0
218.0
211.0
225.84
215.0
243.0
216.0
221.0
228.0
198.0
163.925
205.0
206.0
200.0
207.0
240.0
211.5
218.0
341.0
693.16
937.16
939.16
979.16
906.16
981.28
950.16
955.16
930.16
806.16
616.16
454.16
362.16
294.16
265.0
212.03500000000003
229.0
219.0
231.0
230.0
251.0
210.0
215.0
344.0
668.0
973.0
968.0
996.0
909.08
970.0
962.0
987.0
947.0
807.0
563.0
475.08
356.0
294.0
261.0
212.03500000000003
261.0
205.0
227.0
205.0
225.0
220.0
224.0
347.64
668.64
950.76
952.12
995.68
938.56
976.0
968.52
969.52
918.04
795.04
568.56
464.56
332.0
293.0
297.0
212.03500000000003
236.5
217.0
223.5
210.5
219.0
224.0
222.0
350.7
666.83
849.7
990.68
993.92
878.92
961.92
943.04
928.92
929.92
769.92
551.92
479.92
373.92
310.92
246.0
212.03500000000003
236.5
217.0
223.5
210.5
219.0
228.0
220.0
348.0
631.0
923.0
965.0
994.0
917.12
956.68
920.68
947.68
936.84
797.72
523.2
397.2
342.2
291.0
232.0
212.03500000000003
212.5
248.0
210.0
212.0
201.0
213.0
206.0
200.0
214.0
258.0
287.0
269.0
243.04
264.04
267.52
262.52
260.68
215.0
271.68
226.5
224.0
228.0
219.0
163.925
217.0
184.0
221.0
216.0
207.0
210.0
202.0
209.0
219.0
236.0
243.0
247.0
260.0
261.76
252.26
258.76
273.76
254.0
265.0
237.0
227.0
228.0
212.0
163.925
212.0
229.0
220.0
216.0
213.0
216.0
218.0
329.0
601.0
930.0
1000.08
1023.0
920.0
956.0
969.0
975.0
947.12
791.0
593.0
427.0
358.0
328.0
300.0
212.03500000000003
248.84
244.0
237.76
242.72
237.0
231.0
224.0
366.0
661.0
936.0
986.0
1002.0
923.0
971.12
955.12
906.0
920.0
815.0
554.32
452.84
349.84
324.0
275.0
262.22
285.68
244.0
255.52
227.0
261.0
246.0
217.0
422.36
662.48
913.8
950.48
966.6
905.68
955.0
937.84
924.72
898.88
833.88
561.88
451.0
392.0
318.0
303.0
267.155
246.84
244.0
242.76
232.5
243.5
235.0
223.0
307.0
596.72
929.72
931.04
946.04
872.04
911.04
904.04
879.04
904.04
800.04
546.04
466.04
361.04
326.04
256.0
267.155
246.84
259.0
230.0
238.0
226.0
224.0
233.0
341.0
604.0
864.0
919.0
918.12
854.0
885.0
894.0
874.0
845.0
749.0
478.0
406.12
320.0
273.0
247.0
267.155
219.5
198.0
215.5
205.0
216.0
208.5
218.5
204.5
214.5
229.0
231.0
235.0
254.0
254.0
252.26
277.48
253.48
241.0
254.0
216.0
264.0
226.0
211.0
163.925
219.5
198.0
215.5
205.0
216.0
208.5
218.5
204.5
214.5
208.0
220.5
252.0
251.5
242.76
252.26
257.74
255.24
251.84
253.0
215.0
251.5
226.0
211.0
163.925
246.84
255.66
232.0
240.5
231.5
217.5
204.0
334.0
573.0
906.0
931.44
985.32
942.44
939.68
942.68
944.68
917.16
791.16
572.16
528.16
405.16
361.16
278.0
267.155
246.84
255.66
234.0
243.0
237.0
211.0
247.0
334.0
587.0
894.0
947.0
971.4
868.32
927.4
928.0
900.44
920.44
778.44
547.44
459.44
381.44
301.44
269.0
272.09
246.84
252.32
225.0
242.0
223.0
249.0
212.0
356.0
596.08
837.0
907.0
955.0
923.0
883.0
923.0
876.0
859.0
768.0
538.0
383.0
349.0
329.0
278.0
249.98
246.84
241.0
216.0
238.0
244.0
224.0
238.0
337.0
557.0
885.0
919.0
939.0
864.12
892.0
922.0
883.0
865.0
760.0
527.0
413.0
335.0
322.0
285.0
250.395
246.84
234.0
208.0
226.0
211.0
233.0
215.0
351.0
581.0
914.12
918.52
941.52
862.52
906.52
902.12
929.0
889.12
770.32
514.32
413.32
348.0
282.0
274.0
250.395
219.5
198.0
215.5
194.0
225.0
207.0
218.5
204.5
210.0
241.0
210.0
252.0
249.0
232.0
237.0
238.0
257.0
241.0
252.0
215.0
251.5
226.0
211.0
163.925
219.5
212.0
210.0
201.0
204.0
200.0
235.0
200.0
850.0
858.0
878.76
727.76
491.76
354.76
294.52
278.52
204.0
252.96
204.0
209.0
214.0
196.0
200.0
203.0
185.0
199.0
227.0
212.0
229.0
228.0
233.0
207.0
246.0
214.0
225.0
243.0
232.0
240.0
230.0
222.0
191.0
216.5
221.0
203.0
206.0
197.0
194.0
197.0
191.0
207.0
177.0
232.0
234.0
260.0
255.0
236.0
253.0
271.0
253.0
291.0
266.0
263.0
240.0
256.0
233.0
216.5
205.0
210.0
207.0
207.0
195.0
213.0
199.0
338.0
632.0
916.0
977.0
991.0
906.0
922.0
946.0
909.0
882.0
760.0
549.0
426.0
373.0
274.0
288.0
247.9
477.28
476.28
475.28
475.28
474.28
476.28
486.28
524.28
600.28
658.28
663.28
699.28
711.28
683.28
640.28
677.28
676.28
626.28
577.28
429.0
356.0
280.0
273.0
255.38
262.0
220.0
233.0
221.0
220.0
230.0
247.0
375.0
602.0
882.0
922.0
994.0
890.0
929.0
900.0
881.0
898.0
748.0
483.0
407.0
366.0
300.0
290.0
255.38
252.0
231.0
245.0
214.0
246.0
206.0
226.0
370.0
604.0
894.0
895.0
930.0
859.0
924.0
913.0
895.0
881.0
719.0
511.0
382.0
347.0
301.0
267.16
255.38
218.0
232.0
209.0
248.0
204.0
227.0
214.0
364.0
613.0
855.0
877.0
900.0
807.0
905.0
874.0
833.0
870.12
739.0
478.0
385.0
349.0
278.0
222.0
255.38
235.0
220.0
216.0
213.0
213.0
207.0
217.0
179.0
211.0
240.0
214.0
231.0
253.0
229.0
225.0
223.0
248.0
235.0
251.0
250.0
230.0
240.0
242.0
216.5
217.0
198.0
208.0
207.0
208.0
210.0
208.0
200.0
222.0
225.0
205.0
257.0
223.0
244.0
249.0
237.0
239.0
251.0
270.0
237.0
250.0
241.0
196.0
259.05
224.5
224.0
193.0
235.0
214.0
239.0
212.0
357.0
633.0
925.0
936.0
951.0
883.0
904.0
926.0
914.0
903.0
811.08
536.0
431.0
356.0
264.0
268.0
255.38
231.0
234.0
199.0
213.0
215.0
221.0
216.0
351.0
636.0
890.0
920.0
937.0
887.0
899.8
931.8
901.8
902.8
744.8
516.76
429.76
305.76
289.76
215.0
262.86
228.0
248.0
226.0
195.0
249.0
223.0
214.0
407.0
682.0
870.0
910.0
939.0
843.0
922.0
886.08
917.0
892.0
771.0
509.0
394.0
322.0
278.0
282.0
224.43
215.5
229.0
236.0
248.0
205.0
237.0
205.0
385.0
642.0
906.0
926.0
957.0
855.0
887.0
932.0
923.0
852.0
740.0
494.0
351.0
307.68
268.68
248.0
224.43
215.5
211.0
222.0
196.0
220.0
209.5
196.0
336.24
605.24
837.72
879.72
899.72
822.72
854.0
859.24
819.24
812.24
691.24
455.0
304.0
264.0
222.0
214.0
224.43
206.5
199.0
188.0
201.0
194.0
186.0
199.0
193.0
216.0
272.0
301.0
317.0
260.52
325.52
305.0
330.16
305.16
275.16
255.5
239.0
228.0
187.0
217.0
208.94
196.0
200.0
204.0
182.0
192.0
196.0
182.0
195.0
213.0
221.0
242.0
239.0
250.0
251.0
251.0
251.0
244.0
275.0
241.0
241.0
206.0
205.0
207.0
208.94
203.0
187.0
196.0
189.0
210.0
182.0
187.0
351.0
607.52
863.52
928.52
927.52
864.52
906.52
898.0
898.0
875.0
745.0
448.0
396.0
329.0
281.0
221.0
224.43
206.0
211.0
208.0
196.0
224.0
191.0
226.0
326.0
590.0
869.0
888.0
939.0
841.04
884.04
879.84
869.84
851.84
756.84
507.84
373.84
340.0
261.0
233.0
224.43
236.0
207.0
209.0
217.0
193.0
221.0
192.0
344.0
588.0
830.0
875.0
917.0
817.0
869.0
856.0
855.0
838.0
713.0
453.0
366.0
329.0
281.0
236.0
224.43
225.0
205.0
205.0
215.0
201.0
211.0
211.0
345.0
593.0
830.0
848.0
895.0
790.0
834.0
813.0
791.0
735.0
609.0
397.0
306.0
282.0
248.0
226.0
224.43
198.5
198.0
205.5
193.5
199.5
201.0
180.5
200.0
209.5
226.0
238.0
238.5
241.0
239.0
248.0
245.5
253.04
242.0
236.0
231.0
209.0
226.0
186.0
208.94
201.0
196.0
207.0
205.0
207.0
201.0
180.5
205.0
206.0
231.0
234.0
238.0
232.0
227.0
245.0
240.0
240.0
209.0
217.0
231.0
206.0
214.0
194.0
208.94
193.0
205.0
194.0
204.5
201.5
206.0
179.0
192.0
220.0
261.0
267.5
287.56
263.0
265.0
282.0
272.0
283.0
251.0
220.0
237.0
233.0
210.0
201.0
208.94
201.0
198.0
208.0
215.0
203.0
187.0
218.0
351.0
620.0
946.0
938.56
975.56
902.0
947.0
956.0
957.0
932.0
807.0
596.0
483.0
358.0
272.0
225.0
224.43
206.0
222.0
218.0
211.0
226.0
202.0
202.0
387.0
660.0
914.0
951.0
989.0
917.0
955.0
938.0
928.0
935.0
796.0
528.0
444.0
368.0
280.0
234.0
224.43
210.0
236.0
201.0
214.0
227.0
202.0
236.0
369.0
629.0
942.0
956.0
990.0
892.0
944.0
919.0
920.56
925.56
807.0
548.0
395.0
346.0
295.0
255.0
224.43
214.0
203.0
220.0
202.0
198.0
220.0
207.0
382.0
641.0
917.0
939.0
997.0
903.0
964.0
940.0
931.0
928.0
793.0
543.0
447.0
357.0
266.0
247.0
224.43
200.0
218.0
204.0
214.0
200.0
219.0
209.0
384.0
643.0
938.0
982.0
1019.0
891.0
949.0
944.0
897.0
902.0
778.0
534.0
391.0
345.04
278.04
246.0
224.43
210.0
205.0
210.0
204.0
196.0
216.0
197.0
201.0
219.0
273.0
301.0
284.0
275.0
298.0
291.0
311.0
278.0
264.0
252.0
230.0
224.0
215.0
182.0
208.94
204.0
201.0
191.0
189.0
202.0
199.0
190.0
188.0
200.0
242.0
250.0
282.0
290.0
270.0
282.0
253.0
289.0
261.0
263.0
223.0
229.0
221.0
205.0
208.94
213.0
200.0
209.0
212.0
201.5
210.0
196.0
367.0
623.0
943.0
984.0
1033.0
943.0
987.0
993.0
958.0
963.0
839.0
538.0
426.0
334.0
263.0
226.0
224.43
217.0
200.0
200.0
210.0
203.0
206.0
211.0
358.0
630.0
944.0
973.0
1030.0
944.0
993.0
986.0
956.0
960.0
807.0
563.0
449.0
327.0
284.0
252.0
224.43
224.0
207.0
196.0
226.0
202.0
203.0
225.0
360.0
647.0
933.0
954.0
1032.56
934.56
990.0
969.0
961.0
933.0
838.0
531.0
427.0
350.0
293.0
257.0
224.43
236.0
200.0
218.0
229.0
207.0
222.0
236.0
367.0
649.0
943.0
999.0
1041.0
942.0
962.0
957.0
927.0
949.0
786.0
564.0
457.0
362.0
272.0
249.0
224.43
215.0
207.0
207.0
211.0
202.0
213.0
206.0
369.0
650.0
925.0
978.0
1015.0
927.0
953.0
925.0
910.0
850.0
658.0
433.0
378.0
304.0
258.0
235.0
224.43
206.0
218.0
215.0
203.0
216.0
199.0
208.0
203.0
230.0
310.0
315.0
333.0
289.0
340.0
341.0
331.0
349.0
326.0
285.0
277.0
244.0
231.0
196.0
208.94
194.0
210.0
223.0
194.0
225.0
197.0
198.0
210.0
211.0
245.0
264.0
283.0
278.0
265.0
268.0
280.0
263.0
257.0
270.0
261.0
230.0
225.0
218.0
208.94
215.0
204.0
208.0
201.0
213.0
202.0
229.0
369.0
625.0
966.0
1004.0
1026.0
949.0
1001.0
956.0
970.0
945.0
826.0
594.0
445.0
364.0
294.0
236.0
224.43
228.0
213.0
221.0
219.0
213.0
214.0
240.0
381.0
638.0
945.0
950.0
994.0
910.0
988.0
992.0
971.0
946.0
825.0
556.0
466.0
388.0
293.0
273.0
224.43
224.0
235.0
202.0
229.0
200.0
222.0
235.0
383.0
620.0
939.0
965.0
1012.0
911.0
986.0
964.0
961.0
939.0
808.0
523.0
409.0
347.0
319.0
282.0
224.43
245.0
234.0
207.0
225.0
226.0
234.0
236.0
421.04
629.04
941.0
980.0
1030.0
940.0
921.0
950.0
933.0
916.0
764.0
600.0
486.0
381.0
305.0
242.0
224.43
207.0
218.0
212.0
221.0
207.0
199.0
175.0
182.0
182.0
197.0
176.0
208.0
240.0
216.0
242.0
205.0
234.0
246.0
221.0
206.0
243.0
212.0
202.0
187.0
197.0
177.0
163.925
173.0
181.0
177.0
193.0
193.0
190.0
177.0
208.0
229.56
211.0
213.0
214.0
208.0
240.0
206.0
212.0
268.0
206.0
219.0
213.0
209.0
221.0
186.0
163.925
195.0
199.0
192.0
200.0
178.0
187.0
192.0
322.0
581.0
854.12
860.0
871.0
798.0
841.0
851.0
863.12
832.0
700.0
513.0
420.0
323.0
290.0
256.0
269.46500000000003
206.0
213.0
237.0
227.0
202.0
205.0
213.0
343.0
586.0
822.04
893.04
928.0
840.0
882.0
900.08
864.0
848.0
758.0
492.0
437.0
402.12
293.0
239.0
269.46500000000003
239.0
194.0
220.0
236.0
213.0
205.0
234.0
334.0
584.0
813.0
868.0
902.0
822.0
857.0
851.0
825.0
864.0
707.0
531.0
436.0
369.0
341.0
249.0
260.05
222.5
233.0
220.0
224.0
220.0
208.0
238.0
343.0
585.0
885.0
928.0
933.0
842.0
890.12
887.12
894.0
856.0
752.2
516.0
396.0
353.0
258.0
274.0
252.485
206.0
222.0
233.0
195.0
218.0
209.0
205.0
336.0
591.0
827.0
855.0
897.0
839.0
873.12
855.0
847.0
820.0
714.0
490.0
443.0
367.0
267.0
216.0
252.485
209.0
195.0
210.0
195.0
220.0
191.0
200.0
218.0
251.12
285.0
259.0
313.0
265.0
300.0
282.0
279.0
267.0
247.0
248.0
250.0
230.0
214.0
218.0
163.925
197.0
184.0
206.0
190.0
187.0
189.0
206.0
214.0
207.0
221.0
211.0
230.0
245.0
237.0
205.0
233.0
248.0
241.0
237.0
207.0
225.0
207.0
210.0
163.925
187.0
210.0
207.0
207.0
193.0
207.0
199.0
344.0
603.0
857.0
897.0
943.0
867.0
929.0
903.0
909.0
890.0
804.0
535.0
426.0
346.0
316.0
271.0
252.485
201.0
195.0
201.0
235.0
210.5
210.5
207.0
329.0
597.0
840.0
930.0
932.0
864.0
893.12
896.0
881.08
877.0
792.0
527.12
426.0
343.0
295.0
246.0
244.92
216.0
250.0
226.0
229.0
228.0
214.0
222.0
311.0
610.0
831.0
887.0
901.0
831.0
900.0
868.0
877.0
863.0
756.0
539.0
445.0
366.0
297.0
268.0
257.45
219.0
203.0
213.0
213.0
214.0
215.0
202.0
320.0
602.0
835.0
915.0
893.0
823.0
825.0
816.12
837.0
820.0
720.0
486.0
385.0
326.0
280.0
248.0
257.45
231.0
202.0
204.0
210.0
232.0
206.0
190.0
343.0
664.0
848.0
877.0
890.0
799.12
866.0
865.12
845.0
869.0
711.0
451.0
376.0
310.0
273.0
245.0
257.45
186.0
193.0
193.0
220.0
183.0
204.0
206.0
200.0
228.0
258.0
289.0
277.0
283.0
271.0
280.0
291.0
267.0
245.0
220.0
234.0
195.0
215.0
212.0
163.925
203.0
187.0
202.0
192.0
204.0
189.0
180.0
205.0
207.0
217.0
206.0
212.0
248.0
232.0
235.0
245.0
242.0
233.0
230.0
230.0
228.0
247.0
182.0
163.925
206.0
212.0
200.0
216.0
184.0
189.0
208.0
308.0
583.0
836.0
859.0
852.0
808.52
870.52
854.12
844.32
830.32
737.44
556.12
486.0
340.0
297.12
245.0
257.45
216.0
219.0
226.0
204.0
224.0
195.0
216.0
342.0
587.0
792.8
846.8
866.8
837.8
867.8
868.24
879.24
887.24
777.24
557.0
438.0
387.0
308.0
251.0
257.45
237.0
217.0
210.0
204.0
216.0
243.0
216.0
329.0
584.0
831.0
894.0
859.0
820.0
843.0
869.0
837.0
858.12
742.0
543.0
401.0
360.0
304.0
273.0
257.45
240.0
210.0
192.0
197.0
219.0
203.0
220.0
311.0
607.52
809.52
881.0
877.0
775.0
828.08
821.0
760.0
720.0
605.52
438.52
344.0
301.0
283.0
226.0
257.45
192.0
194.0
186.0
191.0
166.0
179.0
168.0
181.0
172.0
208.0
192.0
198.0
199.0
205.0
195.0
223.0
220.0
218.0
219.0
206.0
183.0
177.0
172.0
167.97
180.0
177.0
186.0
172.0
187.0
155.0
173.0
173.0
186.0
174.0
193.0
189.0
192.0
185.0
183.0
201.0
220.0
203.0
208.0
181.0
189.0
182.0
186.0
169.45499999999996
186.0
175.0
184.0
184.0
198.0
153.0
178.0
165.0
167.0
174.0
207.0
171.0
201.0
189.0
193.0
185.0
198.0
186.0
212.0
205.5
197.0
191.0
193.0
170.94
188.0
179.0
195.0
178.0
170.0
192.0
183.0
309.0
588.0
857.0
873.0
901.0
821.0
891.0
884.0
893.2
877.0
761.0
559.0
428.0
371.0
290.08
258.0
257.45
216.0
210.0
222.0
200.0
214.0
229.0
204.0
334.0
603.0
843.0
903.12
933.0
830.0
878.0
896.0
891.0
866.0
780.0
526.0
433.12
351.0
297.0
258.0
257.45
192.0
210.0
210.0
220.0
202.0
192.0
224.0
331.0
609.0
853.0
899.12
912.0
835.0
865.0
898.0
900.0
860.0
734.0
550.0
418.0
336.0
279.0
226.0
257.45
211.0
220.0
209.0
214.0
198.0
191.0
223.0
326.0
633.0
862.0
866.0
888.0
822.0
867.0
915.12
898.0
858.0
761.0
510.0
423.0
377.12
321.0
234.0
269.98
216.0
218.5
200.0
199.5
254.61
250.61
211.5
316.24
571.41
738.17
879.08
913.08
825.08
864.08
893.6
864.6
861.6
717.6
487.6
402.6
329.6
282.6
237.0
260.42
199.0
207.0
199.0
220.0
213.0
233.0
196.0
207.0
229.0
277.0
281.0
280.0
264.0
275.0
324.0
285.0
288.0
239.0
251.0
205.5
239.0
216.0
226.0
175.41
199.0
208.0
201.0
189.0
204.0
198.0
185.0
195.0
183.0
192.0
227.0
238.0
234.0
249.0
219.0
225.0
228.0
220.0
226.0
230.0
238.0
227.0
190.0
175.41
216.0
217.0
191.0
185.0
215.0
188.0
200.0
325.0
612.0
898.0
896.0
940.0
860.0
927.0
932.0
917.0
923.0
760.08
568.0
495.0
385.0
278.0
239.0
260.42
221.0
249.0
208.0
222.0
207.0
212.0
222.0
327.0
598.0
861.0
904.0
909.12
817.0
923.0
890.0
895.0
898.0
735.12
560.0
410.0
352.0
300.0
241.0
260.42
226.0
224.0
211.0
219.0
211.0
212.0
215.0
326.0
600.0
860.0
872.0
915.0
823.0
882.0
928.0
855.0
871.12
741.0
542.0
384.0
349.0
280.0
246.0
260.42
224.0
203.0
211.0
215.0
222.0
191.0
236.0
344.0
609.0
855.0
881.0
930.0
853.0
905.0
889.0
915.0
836.0
714.0
572.0
460.12
367.0
272.0
241.0
260.42
229.0
226.0
214.0
232.0
206.0
186.0
219.0
365.0
587.0
850.0
884.08
923.0
824.0
861.0
879.0
878.0
868.0
722.0
536.0
379.0
374.0
278.0
275.0
260.42
212.0
228.0
209.0
217.0
209.0
232.0
210.0
214.0
259.0
298.0
297.0
362.0
272.0
306.04
290.04
297.0
301.0
276.0
220.0
221.0
230.0
193.0
212.0
175.41
180.0
204.0
216.0
186.0
202.0
211.0
196.0
187.0
221.0
257.0
260.0
285.0
249.0
256.0
289.52
260.52
286.0
253.0
234.0
252.0
221.0
213.0
238.0
175.41
186.0
216.0
206.0
193.0
207.0
182.0
188.0
359.0
596.0
930.12
909.12
960.0
840.0
913.0
918.0
922.0
882.0
763.0
530.0
432.0
329.0
294.0
238.0
250.86
225.0
223.0
233.0
211.0
224.0
221.0
229.0
339.0
647.0
874.0
900.0
918.0
828.0
907.0
923.0
888.0
879.0
764.0
526.0
442.0
396.0
310.12
234.0
250.335
213.0
237.0
248.0
211.0
230.0
202.0
242.0
351.0
619.0
881.0
895.0
942.0
802.0
902.0
893.0
876.08
861.0
771.0
575.0
457.0
370.0
286.0
254.0
250.335
209.0
218.0
208.0
228.0
220.0
202.0
244.0
325.0
666.68
834.68
884.0
906.0
831.0
899.0
895.0
891.12
851.0
781.0
555.0
447.0
368.0
315.0
264.0
250.335
216.0
236.0
201.0
230.0
186.0
237.0
212.0
337.0
621.0
840.12
855.0
916.0
838.0
848.0
863.0
834.0
798.0
696.0
464.0
192.0
193.0
198.0
182.0
200.0
179.0
216.0
201.0
233.0
249.04
230.0
226.0
241.0
243.0
212.0
224.0
217.5
217.0
218.0
198.0
212.0
175.41
216.0
196.0
189.0
175.0
190.0
192.0
186.0
371.0
666.0
938.0
972.0
1043.0
974.0
931.0
943.0
945.0
916.08
813.0
566.0
465.0
367.0
282.0
268.0
255.41
224.0
208.0
201.0
209.0
205.0
195.0
203.0
387.0
691.84
942.04
964.84
986.84
912.84
972.84
915.72
946.64
934.64
781.64
592.64
508.64
375.64
298.64
236.0
255.41
217.0
202.0
223.0
205.5
215.5
195.0
236.0
383.0
679.0
919.0
1010.0
1040.0
916.0
1003.0
953.0
945.0
895.0
779.0
592.0
452.0
380.0
269.0
269.0
255.41
215.0
211.0
245.0
202.0
226.0
195.0
217.0
365.0
692.88
913.88
957.08
982.88
886.88
906.88
909.44
902.56
850.0
709.0
537.0
394.0
303.0
237.0
205.0
255.41
177.0
194.0
174.0
156.0
172.0
165.0
160.0
457.0
208.0
278.0
255.0
248.0
217.0
271.0
250.0
275.0
244.0
249.04
217.5
214.0
212.0
184.0
210.0
179.88
188.0
201.0
198.0
180.0
180.0
184.0
178.0
182.0
196.0
250.0
281.0
280.0
278.0
250.0
246.0
261.0
261.0
255.0
220.0
205.0
222.0
182.0
204.0
176.915
187.0
179.0
182.0
189.0
180.0
174.0
223.0
332.0
650.12
925.16
974.16
1000.28
885.16
943.16
921.16
942.0
893.0
778.0
527.0
419.0
374.0
328.0
260.0
265.9
215.0
223.0
234.0
232.0
205.0
216.0
232.0
398.0
691.0
923.12
1006.11
1040.0
969.0
1004.0
935.0
952.0
928.0
783.0
510.0
443.0
396.0
357.12
292.0
260.81
217.0
226.0
230.0
217.0
209.0
216.0
222.0
384.0
606.0
915.0
928.0
970.0
911.0
969.0
913.0
890.0
918.0
733.0
498.0
443.0
372.0
312.0
285.0
260.81
225.0
225.5
224.5
206.0
201.0
196.0
234.0
394.0
643.12
929.0
927.0
1001.0
941.0
923.0
907.08
890.0
882.0
736.0
539.0
428.0
408.0
364.0
263.0
255.72
225.0
225.0
219.0
251.0
221.0
225.0
237.0
380.0
672.0
930.0
969.0
1023.0
911.0
937.0
969.0
931.12
911.0
759.0
501.0
397.0
352.0
302.0
271.0
252.36
206.0
207.0
205.5
196.0
201.0
192.0
202.0
216.0
286.0
301.0
297.0
316.0
309.0
300.0
303.0
311.0
285.0
309.0
238.0
225.0
239.0
209.0
236.0
176.915
206.0
213.0
213.0
216.0
193.0
198.0
186.0
230.0
246.0
310.0
324.0
355.0
308.0
289.0
270.0
287.0
275.0
279.0
240.0
245.0
256.0
217.0
210.0
176.915
225.0
194.0
207.0
192.0
199.0
205.0
217.0
376.0
605.0
852.0
929.0
929.0
852.52
887.52
864.12
873.0
867.52
696.52
519.44
452.44
331.44
287.76
261.0
252.36
225.0
200.5
216.5
205.5
201.0
211.5
250.6
347.6
620.6
805.6
839.6
889.0
875.0
833.0
841.0
842.0
836.0
669.0
489.0
411.0
327.0
276.0
263.0
252.36
225.0
207.0
226.0
219.0
203.0
218.0
249.0
386.0
631.0
830.0
832.0
916.0
875.12
844.0
861.0
848.08
824.0
686.12
478.6
370.6
363.0
276.0
282.0
252.36
233.0
213.0
211.0
236.0
212.0
236.0
220.0
383.0
650.0
839.0
882.0
924.0
881.0
889.0
850.0
854.0
834.0
689.0
505.0
416.0
332.0
311.0
256.0
252.36
236.0
247.0
211.0
203.0
231.0
233.0
259.0
351.0
662.0
888.0
876.0
972.12
873.0
898.0
837.0
832.0
839.0
665.0
497.0
382.0
325.0
299.0
232.0
252.36
224.0
212.0
210.0
218.0
206.0
233.0
196.0
190.0
205.0
212.0
219.0
220.0
224.0
229.0
215.0
218.0
228.0
225.0
215.0
222.0
203.0
239.0
217.0
176.915
206.0
217.0
217.0
208.0
204.0
202.0
203.0
201.0
199.0
216.0
242.0
270.0
249.0
238.0
231.0
244.0
238.0
223.0
242.0
218.0
234.0
215.0
209.0
176.915
207.0
206.0
201.0
192.0
220.0
200.0
225.0
383.0
672.0
933.0
1000.0
1047.0
949.12
1006.0
953.0
959.0
928.0
790.0
563.0
434.0
393.0
320.0
278.0
252.36
232.0
236.0
250.0
231.0
230.0
223.0
239.0
389.0
680.0
940.0
966.12
1041.0
925.0
955.12
960.0
932.0
914.0
761.0
480.0
407.12
336.0
289.0
244.0
252.36
222.0
201.0
223.0
216.0
267.0
201.0
222.0
359.0
696.0
752.0
970.0
1028.0
982.0
897.0
930.0
932.0
945.0
804.0
564.08
392.0
400.0
313.0
266.0
252.36
228.0
232.0
212.0
226.0
234.0
251.0
204.0
338.0
625.0
933.0
940.0
1006.0
962.08
950.0
941.0
951.0
947.0
800.0
512.0
434.12
384.0
320.0
246.0
249.0
240.0
204.0
214.0
214.0
241.0
221.0
224.0
350.0
595.0
946.0
944.0
999.0
915.0
935.08
892.0
899.0
873.0
792.0
418.0
322.0
269.0
258.0
226.0
259.97
231.0
197.0
210.0
216.0
239.0
191.0
211.0
197.0
204.0
241.0
258.0
244.0
254.0
297.0
280.0
291.0
258.0
253.0
261.0
230.0
252.0
214.0
234.0
176.915
204.0
225.0
225.0
218.0
203.0
218.0
187.0
207.0
232.0
210.0
214.0
312.0
269.0
291.5
232.0
253.0
250.0
238.0
234.0
235.0
208.0
217.0
211.0
176.915
233.0
212.0
223.0
195.0
212.0
210.0
212.0
335.0
625.0
936.0
972.0
1061.0
995.0
1003.0
1029.0
976.0
980.12
808.0
535.0
392.0
306.0
287.0
280.0
259.97
237.0
234.0
232.0
218.0
209.0
211.0
223.0
370.0
614.0
936.12
992.0
1025.12
968.0
994.0
968.0
952.0
995.0
846.0
542.0
444.0
357.0
309.0
246.0
259.97
237.0
219.0
246.0
223.0
217.0
220.0
213.0
360.0
637.0
915.0
949.0
1032.06
972.0
954.0
953.12
959.0
917.0
799.0
515.12
434.0
344.0
333.0
249.0
259.97
241.0
227.0
227.0
206.0
224.0
210.0
222.0
356.0
618.0
927.0
988.0
1039.0
969.0
966.12
997.0
980.12
960.0
852.0
568.0
410.0
358.0
296.0
268.0
259.97
268.0
222.0
237.0
233.0
226.0
229.0
205.0
372.0
597.0
919.0
953.0
1026.0
939.0
978.0
970.0
926.08
919.0
813.0
464.0
360.0
360.0
252.0
249.0
259.97
200.0
205.0
221.0
213.0
219.0
205.0
218.0
221.0
238.0
248.0
272.0
269.0
275.0
286.0
283.0
275.0
270.0
259.0
252.0
253.0
225.0
216.0
239.0
176.915
212.0
211.0
210.0
250.0
186.0
202.0
197.0
200.0
204.0
221.0
231.0
265.0
256.0
250.0
260.6
272.6
261.0
247.0
247.0
223.0
218.0
220.0
189.0
176.915
176.0
187.0
216.0
180.0
177.0
185.0
197.0
333.0
626.0
836.12
961.5
1062.0
971.0
984.0
995.0
953.08
962.0
837.0
575.0
448.0
377.0
300.0
279.0
259.97
232.0
205.0
257.0
216.0
216.0
202.0
230.0
357.0
648.0
919.0
970.0
1055.5
950.12
984.0
1035.0
962.0
936.24
856.0
601.0
474.0
376.0
311.0
262.0
270.94
239.0
247.0
247.0
236.0
222.0
226.0
244.0
375.0
643.0
958.0
953.12
1049.0
964.0
969.0
987.24
985.0
945.0
812.0
600.0
399.0
409.0
343.0
257.0
262.93
239.0
239.0
257.0
226.0
238.0
233.0
221.0
384.0
639.0
953.0
963.0
1048.0
950.0
993.0
949.0
968.0
964.0
825.12
597.0
478.0
381.0
316.0
285.0
262.93
248.0
249.0
226.0
244.0
231.0
222.0
245.0
375.0
650.0
935.0
971.0
1058.0
951.08
984.0
969.0
949.0
963.0
793.0
599.0
409.0
332.0
287.0
289.0
262.93
202.0
198.0
200.0
208.0
222.0
194.0
190.0
203.0
226.0
239.0
242.0
260.0
259.0
264.0
283.0
244.0
268.0
247.0
214.0
230.0
243.0
201.0
212.0
176.915
191.0
206.0
218.0
195.0
218.5
196.5
199.0
209.0
221.5
223.0
253.04
314.16
305.16
254.4
275.48
262.48
268.84
262.84
337.0
574.0
878.0
909.52
950.52
829.0
894.0
875.0
887.0
865.0
731.0
459.0
356.0
312.0
262.0
208.0
186.0
207.0
200.0
186.5
193.5
196.5
185.0
190.0
320.0
551.0
852.0
875.0
931.0
805.0
880.0
873.0
880.0
872.0
723.0
513.0
387.0
314.0
282.0
223.0
180.94
214.0
197.0
196.0
189.0
200.0
201.0
190.0
343.0
593.0
831.0
904.0
928.0
812.0
858.0
850.0
860.0
839.0
724.0
508.0
360.0
289.0
238.0
231.0
180.94
186.5
194.5
186.5
178.0
187.0
160.0
159.0
174.0
214.0
290.0
262.0
269.0
238.0
285.0
273.0
285.0
271.0
244.0
197.0
177.0
189.0
164.0
182.0
162.83
162.0
182.0
160.0
172.0
175.0
154.0
152.0
159.0
181.0
245.0
263.0
286.0
234.0
289.0
284.0
266.0
268.0
251.0
216.0
193.0
230.0
203.0
206.0
164.365
160.0
183.0
151.0
161.04
180.04
188.5
170.0
292.0
509.0
839.0
827.0
859.0
746.0
837.0
815.56
811.56
826.0
685.0
457.0
378.0
321.0
254.0
235.0
180.94
191.0
168.0
188.0
171.0
165.0
176.0
182.0
283.0
532.0
801.0
833.0
839.0
740.0
806.0
797.0
813.0
806.0
669.0
437.0
388.0
327.0
260.0
240.0
180.94
188.0
176.0
168.0
184.0
178.0
187.0
178.0
303.0
550.0
790.0
824.0
851.0
724.0
817.0
812.0
785.0
785.0
659.0
412.0
338.0
295.0
246.0
236.0
180.94
171.0
174.0
173.0
173.0
171.0
170.0
181.0
283.0
510.0
814.0
831.0
858.0
757.0
816.0
809.0
800.0
784.0
678.0
443.0
361.0
306.0
274.0
249.0
180.94
194.0
177.0
160.0
182.0
161.0
159.0
184.0
275.0
514.0
803.0
801.0
860.0
739.0
795.0
787.0
751.0
761.0
631.0
460.0
318.0
255.0
230.0
202.0
180.94
163.5
162.0
179.0
168.5
148.0
174.0
152.0
158.0
170.0
184.0
194.0
204.0
197.0
210.0
199.0
215.0
186.0
183.0
172.0
194.5
196.0
174.0
164.0
165.9
165.0
162.0
159.0
165.0
154.0
158.0
151.0
165.0
161.0
170.0
173.0
194.0
170.0
172.0
195.0
184.0
189.0
184.0
170.0
196.0
174.0
170.0
144.0
165.87
162.0
168.5
153.0
156.0
164.0
150.0
159.0
160.0
143.0
171.0
196.0
204.0
188.0
189.5
209.0
200.0
203.0
196.5
185.5
186.5
183.5
174.2
158.5
164.39
192.0
178.5
172.0
174.2
166.0
162.5
158.2
261.2
432.2
628.2
819.0
808.0
707.0
825.0
785.0
790.0
760.0
668.0
461.0
356.0
286.0
232.0
215.0
180.94
190.0
180.0
184.0
164.0
171.0
166.0
167.0
299.0
540.68
760.68
819.0
854.0
748.0
826.0
800.0
787.0
773.0
653.0
447.0
331.0
315.0
245.0
221.0
180.94
184.0
184.0
173.0
162.0
175.0
170.0
177.0
284.0
512.0
788.0
824.0
847.0
736.0
805.0
790.0
781.0
757.0
638.0
441.0
339.0
281.0
244.0
232.0
180.94
178.0
199.0
164.0
187.0
167.5
175.0
205.0
300.56
497.56
719.52
760.52
794.48
706.16
738.16
729.16
725.48
710.48
613.68
447.68
290.0
253.0
232.0
205.0
180.94
160.0
175.0
155.84
156.5
156.84
162.84
161.84
165.84
161.0
213.0
219.0
214.0
206.0
207.0
223.0
216.0
217.0
209.0
201.0
177.0
193.0
174.0
173.0
162.91
164.0
172.0
166.0
157.0
177.0
155.52
140.52
174.0
157.68
233.115
234.615
233.615
223.5
225.12
243.08
218.5
196.0
197.0
206.0
181.5
189.0
181.0
175.5
160.89999999999995
166.52
156.52
165.52
166.52
160.0
164.0
179.0
272.0
469.0
727.0
786.0
798.0
717.0
768.0
765.0
746.0
745.0
610.0
455.0
343.0
317.0
237.0
225.0
180.94
206.0
193.0
181.0
181.0
190.0
183.0
175.0
307.0
510.0
730.0
796.0
806.0
747.0
759.0
766.0
766.0
768.0
620.0
424.0
357.0
253.0
214.0
194.0
180.94
197.0
164.0
178.0
165.0
176.0
177.0
171.0
305.0
516.0
732.0
780.0
823.0
713.0
774.0
761.0
762.0
742.0
611.0
420.0
325.52
296.52
262.0
200.0
180.94
186.0
181.0
173.0
176.0
165.0
190.0
171.0
303.0
508.0
745.0
789.0
841.0
726.0
797.0
761.0
757.0
773.0
645.0
433.0
326.0
274.0
242.0
203.0
175.88
182.0
173.0
195.0
166.0
175.0
175.0
184.0
283.0
502.0
749.0
740.0
793.0
697.0
739.0
713.0
721.0
700.0
577.0
399.0
312.0
272.0
229.0
226.0
170.39999999999995
159.14
172.0
170.5
159.5
169.5
164.26
146.76
177.5
156.84
253.23
250.23
253.23
223.5
243.24
263.16
218.5
239.0
210.0
211.0
186.0
185.0
188.0
175.5
160.89999999999995
154.28
172.0
175.0
162.0
162.0
173.0
153.0
181.0
156.0
205.0
217.0
210.0
241.0
215.0
213.0
221.0
232.0
213.0
208.0
189.0
193.0
176.0
178.0
160.89999999999995
160.24
168.0
160.0
171.0
175.0
164.0
172.0
273.0
470.0
757.0
742.0
777.0
708.0
756.0
762.0
765.0
758.0
648.0
462.0
351.0
287.0
251.0
224.0
170.39999999999995
188.0
159.0
171.0
172.0
161.0
165.0
177.0
283.0
505.0
761.0
785.0
791.0
689.0
781.0
771.0
769.0
757.0
623.0
447.0
334.0
281.0
218.0
224.0
170.39999999999995
175.0
183.0
159.0
176.0
188.0
166.0
198.0
281.0
529.0
768.0
778.0
830.0
721.0
797.0
784.0
778.0
755.0
644.0
397.0
352.0
286.0
249.0
215.0
170.39999999999995
187.0
165.0
183.0
166.0
178.0
171.0
186.0
280.0
523.0
740.0
764.0
810.0
725.0
758.0
768.0
765.0
751.0
650.0
423.0
310.0
266.0
232.0
214.0
170.39999999999995
193.0
176.0
187.0
174.0
166.0
176.0
186.0
277.0
519.0
745.0
750.0
794.0
723.0
745.0
618.0
612.0
623.0
533.0
389.0
354.0
297.0
229.0
214.0
170.39999999999995
189.0
187.0
188.0
188.0
179.0
195.0
172.0
195.0
205.0
261.0
263.0
281.0
247.0
283.0
274.0
273.0
264.0
241.0
194.0
209.0
205.0
217.0
183.0
160.89999999999995
194.0
191.0
186.0
188.0
178.0
186.0
192.0
181.0
186.0
246.0
257.0
262.0
250.0
261.0
270.0
248.0
291.0
231.0
213.0
202.0
179.0
198.0
187.0
160.89999999999995
177.0
187.0
176.0
200.0
178.0
176.0
195.0
255.0
432.0
603.0
778.0
815.0
753.0
790.0
791.0
782.0
778.0
666.0
426.0
353.0
303.0
240.0
208.0
170.39999999999995
180.0
164.0
178.0
162.0
166.0
182.0
168.0
280.0
527.0
787.0
790.0
840.0
727.0
790.0
789.0
769.0
756.0
629.0
445.0
367.0
332.0
263.0
222.0
170.39999999999995
173.0
178.0
160.0
190.0
159.0
146.0
209.0
273.0
510.0
763.0
786.0
821.0
720.0
775.0
759.0
755.0
755.0
637.0
420.0
356.0
318.0
255.0
260.0
170.39999999999995
178.0
167.0
175.0
170.0
174.0
156.0
187.0
266.0
508.0
771.0
745.0
816.0
713.0
772.0
765.0
740.0
750.0
611.0
437.0
387.0
316.0
272.0
219.0
170.39999999999995
184.0
177.0
186.0
173.0
170.0
179.0
178.0
267.0
478.0
748.0
776.0
801.0
699.0
758.0
731.0
737.0
701.0
602.0
419.0
358.0
285.0
245.0
214.0
170.39999999999995
180.0
179.0
164.0
167.0
182.0
153.0
171.0
167.0
167.0
209.0
203.0
217.0
199.0
211.0
222.0
213.0
213.0
207.0
193.0
189.0
178.0
194.0
177.0
158.89
182.0
158.0
172.0
168.0
161.0
177.0
165.0
155.0
157.0
196.0
201.0
191.0
216.0
182.0
192.0
207.0
202.0
191.0
189.0
189.0
173.0
186.5
181.0
161.87
180.5
155.5
160.0
181.0
170.0
158.0
168.0
172.0
171.0
192.0
216.0
247.0
249.0
228.0
210.0
223.0
216.0
207.0
189.0
192.0
202.0
179.0
185.0
166.88
187.5
186.5
181.0
173.0
180.5
183.5
172.5
284.32
471.32
675.32
685.32
804.0
711.0
786.0
780.0
768.0
772.0
650.0
490.0
338.0
281.0
268.0
227.0
272.0
223.0
236.0
239.0
243.0
254.0
214.0
211.0
227.0
163.925
198.0
197.0
209.0
197.0
199.0
183.0
180.0
344.0
577.0
895.0
913.08
963.0
876.0
909.2
913.0
929.0
895.0
779.0
592.0
470.0
375.0
317.0
267.0
263.345
217.0
218.0
212.0
204.0
213.5
190.0
236.0
334.0
573.0
840.0
861.0
893.0
836.0
902.0
864.0
879.0
889.0
758.0
498.0
450.24
352.0
296.0
242.0
263.345
256.0
237.0
215.0
211.0
228.0
240.0
208.0
329.0
570.0
850.0
875.0
893.0
818.0
910.0
868.12
895.0
863.0
790.0
554.0
454.0
388.0
336.0
327.0
263.83
238.0
269.0
229.0
228.0
216.0
223.0
264.0
336.0
557.0
849.0
902.0
911.0
849.0
888.0
900.0
884.0
876.0
762.0
580.0
441.0
377.0
299.0
284.0
278.88
218.0
239.0
210.0
217.0
217.0
202.0
224.0
345.12
564.0
860.0
856.0
904.0
817.12
883.0
871.0
838.0
829.0
710.0
522.0
402.0
349.0
284.0
218.0
269.46500000000003
196.0
196.0
209.0
215.0
201.0
181.0
195.0
185.0
196.0
212.0
231.0
247.0
230.0
226.0
242.0
240.0
244.0
259.0
241.0
235.0
220.0
199.0
178.0
163.925
200.0
209.0
200.0
209.0
183.0
195.0
177.0
198.0
195.0
216.0
209.0
202.0
211.0
225.0
222.0
199.0
208.0
226.0
191.0
213.0
246.0
195.0
193.0
163.925
185.0
186.0
195.0
193.0
184.0
174.0
202.0
190.0
185.0
218.0
233.0
219.0
233.0
243.0
248.0
240.0
256.0
228.0
216.0
227.0
209.0
218.0
187.0
163.925
195.0
185.0
202.0
190.0
198.0
185.0
190.0
315.0
596.0
893.0
943.0
953.0
888.0
929.12
957.0
907.08
905.0
804.0
546.08
486.0
348.0
277.0
251.0
269.46500000000003
189.0
219.0
215.0
207.0
217.0
204.0
202.0
320.0
612.0
864.0
896.0
925.0
841.0
911.0
907.12
893.0
885.0
752.0
545.0
467.0
355.0
327.0
221.0
269.46500000000003
202.5
230.0
203.5
212.0
204.0
220.0
208.0
349.0
563.0
861.0
874.0
940.0
832.0
868.0
881.0
865.0
894.0
748.0
515.0
376.0
341.0
302.0
279.08
269.46500000000003
216.0
241.0
203.5
210.0
210.0
203.0
219.0
331.0
587.0
829.0
879.0
872.0
802.0
859.0
829.0
844.0
827.12
673.0
477.0
409.0
278.0
247.0
218.0
269.46500000000003
179.0
181.0
204.0
175.0
182.0
182.0
197.0
176.0
208.0
240.0
216.0
242.0
205.0
234.0
246.0
221.0
206.0
243.0
212.0
202.0
187.0
197.0
177.0
163.925
173.0
181.0
177.0
193.0
193.0
190.0
177.0
208.0
229.56
211.0
213.0
214.0
208.0
240.0
206.0
212.0
268.0
206.0
219.0
213.0
209.0
221.0
186.0
163.925
195.0
199.0
192.0
200.0
178.0
187.0
192.0
322.0
581.0
854.12
860.0
871.0
798.0
841.0
851.0
863.12
832.0
700.0
513.0
420.0
323.0
290.0
256.0
269.46500000000003
206.0
213.0
237.0
227.0
202.0
205.0
213.0
343.0
586.0
822.04
893.04
928.0
840.0
882.0
900.08
864.0
848.0
758.0
492.0
437.0
402.12
293.0
239.0
269.46500000000003
239.0
194.0
220.0
236.0
213.0
205.0
234.0
334.0
584.0
813.0
868.0
902.0
822.0
857.0
851.0
825.0
864.0
707.0
531.0
436.0
369.0
341.0
249.0
260.05
222.5
233.0
220.0
224.0
220.0
208.0
238.0
343.0
585.0
885.0
928.0
933.0
842.0
890.12
887.12
894.0
856.0
752.2
516.0
396.0
353.0
258.0
274.0
252.485
206.0
222.0
233.0
195.0
218.0
209.0
205.0
336.0
591.0
827.0
855.0
897.0
839.0
873.12
855.0
847.0
820.0
714.0
490.0
443.0
367.0
267.0
216.0
252.485
209.0
195.0
210.0
195.0
220.0
191.0
200.0
218.0
251.12
285.0
259.0
313.0
265.0
300.0
282.0
279.0
267.0
247.0
248.0
250.0
230.0
214.0
218.0
163.925
197.0
184.0
206.0
190.0
187.0
189.0
206.0
214.0
207.0
221.0
211.0
230.0
245.0
237.0
205.0
233.0
248.0
241.0
237.0
207.0
225.0
207.0
210.0
163.925
187.0
210.0
207.0
207.0
193.0
207.0
199.0
344.0
603.0
857.0
897.0
943.0
867.0
929.0
903.0
909.0
890.0
804.0
535.0
426.0
346.0
316.0
271.0
252.485
201.0
195.0
201.0
235.0
210.5
210.5
207.0
329.0
597.0
840.0
930.0
932.0
864.0
893.12
896.0
881.08
877.0
792.0
527.12
426.0
343.0
295.0
246.0
244.92
216.0
250.0
226.0
229.0
228.0
214.0
222.0
311.0
610.0
831.0
887.0
901.0
831.0
900.0
868.0
877.0
863.0
756.0
539.0
445.0
366.0
297.0
268.0
257.45
219.0
203.0
213.0
213.0
214.0
215.0
202.0
320.0
602.0
835.0
915.0
893.0
823.0
825.0
816.12
837.0
820.0
720.0
486.0
385.0
326.0
280.0
248.0
257.45
231.0
202.0
204.0
210.0
232.0
206.0
190.0
343.0
664.0
848.0
877.0
890.0
799.12
866.0
865.12
845.0
869.0
711.0
451.0
376.0
310.0
273.0
245.0
257.45
186.0
193.0
193.0
220.0
183.0
204.0
206.0
200.0
228.0
258.0
289.0
277.0
283.0
271.0
280.0
291.0
267.0
245.0
220.0
234.0
195.0
215.0
212.0
163.925
203.0
187.0
202.0
192.0
204.0
189.0
180.0
205.0
207.0
217.0
206.0
212.0
248.0
232.0
235.0
245.0
242.0
233.0
230.0
230.0
228.0
247.0
182.0
163.925
206.0
212.0
200.0
216.0
184.0
189.0
208.0
308.0
583.0
836.0
859.0
852.0
808.52
870.52
854.12
844.32
830.32
737.44
556.12
486.0
340.0
297.12
245.0
257.45
216.0
219.0
226.0
204.0
224.0
195.0
216.0
342.0
587.0
792.8
846.8
866.8
837.8
867.8
868.24
879.24
887.24
777.24
557.0
438.0
387.0
308.0
251.0
257.45
237.0
217.0
210.0
204.0
216.0
243.0
216.0
329.0
584.0
831.0
894.0
859.0
820.0
843.0
869.0
837.0
858.12
742.0
543.0
401.0
360.0
304.0
273.0
257.45
240.0
210.0
192.0
197.0
219.0
203.0
220.0
311.0
607.52
809.52
881.0
877.0
775.0
828.08
821.0
760.0
720.0
605.52
438.52
344.0
301.0
283.0
226.0
257.45
192.0
194.0
186.0
191.0
166.0
179.0
168.0
181.0
172.0
208.0
192.0
198.0
199.0
205.0
195.0
223.0
220.0
218.0
219.0
206.0
183.0
177.0
172.0
167.97
180.0
177.0
186.0
172.0
187.0
155.0
173.0
173.0
186.0
174.0
193.0
189.0
192.0
185.0
183.0
201.0
220.0
203.0
208.0
181.0
189.0
182.0
186.0
169.45499999999996
186.0
175.0
184.0
184.0
198.0
153.0
178.0
165.0
167.0
174.0
207.0
171.0
201.0
189.0
193.0
185.0
198.0
186.0
212.0
205.5
197.0
191.0
193.0
170.94
188.0
179.0
195.0
178.0
170.0
192.0
183.0
309.0
588.0
857.0
873.0
901.0
821.0
891.0
884.0
893.2
877.0
761.0
559.0
428.0
371.0
290.08
258.0
257.45
216.0
210.0
222.0
200.0
214.0
229.0
204.0
334.0
603.0
843.0
903.12
933.0
830.0
878.0
896.0
891.0
866.0
780.0
526.0
433.12
351.0
297.0
258.0
257.45
192.0
210.0
210.0
220.0
202.0
192.0
224.0
331.0
609.0
853.0
899.12
912.0
835.0
865.0
898.0
900.0
860.0
734.0
550.0
418.0
336.0
279.0
226.0
257.45
211.0
220.0
209.0
214.0
198.0
191.0
223.0
326.0
633.0
862.0
866.0
888.0
822.0
867.0
915.12
898.0
858.0
761.0
510.0
423.0
377.12
321.0
234.0
269.98
216.0
218.5
200.0
199.5
254.61
250.61
211.5
316.24
571.41
738.17
879.08
913.08
825.08
864.08
893.6
864.6
861.6
717.6
487.6
402.6
329.6
282.6
237.0
260.42
199.0
207.0
199.0
220.0
213.0
233.0
196.0
207.0
229.0
277.0
281.0
280.0
264.0
275.0
324.0
285.0
288.0
239.0
251.0
205.5
239.0
216.0
226.0
175.41
199.0
208.0
201.0
189.0
204.0
198.0
415.56
356.56
253.32
227.0
246.315
190.0
189.0
196.5
181.0
196.5
176.5
206.0
310.28
530.28
807.28
838.28
907.04
808.04
865.04
840.04
832.04
799.04
696.0
424.0
323.0
291.0
240.0
224.0
246.315
197.5
189.0
196.5
181.0
196.5
176.0
198.0
285.0
526.0
806.0
822.0
882.0
783.0
827.24
826.24
808.24
798.24
691.04
488.04
359.0
318.0
260.0
238.0
246.315
205.0
186.0
201.0
178.0
194.0
177.0
209.0
278.0
527.0
824.0
835.0
904.0
818.32
859.32
838.32
855.0
813.0
712.0
484.32
369.32
284.32
227.0
215.0
246.315
173.5
164.5
169.5
165.0
171.0
158.0
155.01999999999995
154.0
189.0
228.5
207.5
205.0
201.0
207.0
217.5
219.0
252.8
226.0
198.0
198.0
179.5
186.5
169.5
163.38
173.5
164.5
169.5
165.0
171.0
158.0
166.04
166.0
189.0
228.5
222.0
211.0
221.0
222.0
230.0
230.0
216.0
226.0
198.0
198.0
191.0
207.0
186.0
163.38
232.34
179.0
203.0
180.0
201.0
177.0
195.0
298.0
510.0
817.0
868.0
918.0
829.0
874.52
855.52
837.0
807.0
680.0
448.0
378.0
290.0
245.0
228.0
246.315
259.68
252.68
258.68
236.72
257.68
249.68
257.2
340.2
514.68
782.68
788.68
859.68
774.68
785.68
776.68
767.68
739.68
664.68
483.68
411.68
357.68
318.68
288.68
269.63
307.44
281.44
286.44
293.44
274.44
295.44
289.44
365.44
514.44
712.44
766.44
852.44
748.44
765.44
758.44
742.44
727.44
674.44
465.44
398.44
344.44
324.44
311.44
286.76
212.0
204.0
207.0
183.0
209.0
192.0
209.0
317.0
539.0
837.0
859.0
952.0
811.0
854.0
854.0
831.0
835.0
715.0
490.0
368.0
326.0
273.0
243.0
231.32
210.5
199.0
219.0
215.0
207.0
221.0
218.0
321.0
557.0
825.52
862.52
926.0
821.0
876.44
870.44
882.44
862.44
715.44
430.44
318.44
279.44
279.84000000000003
236.0
231.32
173.5
164.5
169.5
165.0
171.0
158.0
173.51999999999995
168.0
218.0
265.0
292.0
307.0
292.0
280.0
272.0
282.0
280.0
277.0
223.0
229.0
186.0
193.0
192.0
163.38
173.5
164.5
169.5
165.0
171.0
158.0
173.51999999999995
168.0
212.0
279.0
292.0
303.5
265.5
299.5
290.5
291.5
297.5
280.5
223.0
211.0
190.0
194.0
182.0
163.38
210.5
201.0
212.0
198.5
202.5
202.5
203.0
289.72
479.68
736.68
791.68
852.68
779.68
812.68
809.68
762.68
776.68
662.68
425.68
355.68
302.68
286.68
263.68
231.32
210.5
201.0
212.0
198.5
202.5
202.5
203.0
291.52
520.52
750.52
791.52
849.52
769.52
807.52
801.52
786.52
779.52
685.52
484.52
387.52
328.52
257.52
253.84
231.32
210.5
201.0
212.0
198.5
202.5
202.5
203.0
264.0
514.0
800.0
818.0
895.0
784.0
835.0
819.0
812.0
785.0
698.0
453.0
340.0
300.0
264.0
244.0
231.32
209.0
203.0
205.0
182.0
198.0
184.0
188.0
292.0
506.0
820.0
833.0
923.0
847.0
873.0
849.0
844.0
821.0
717.0
504.0
434.0
345.0
256.0
234.0
231.32
217.0
217.0
200.0
196.0
201.0
193.0
201.0
322.0
580.0
831.0
862.0
934.0
817.0
880.0
854.56
816.56
814.0
703.0
424.0
322.0
274.0
216.0
204.0
175.88
197.0
172.0
177.0
189.0
178.0
165.0
181.0
170.0
206.0
293.0
292.0
300.0
239.0
319.0
309.0
301.0
315.0
284.0
223.0
193.0
194.0
195.0
172.0
163.38
189.0
168.0
172.0
189.0
165.0
164.0
178.0
179.0
186.0
242.0
232.0
251.0
218.0
257.0
237.0
258.0
251.0
231.0
219.0
206.0
199.0
212.0
189.0
170.91
185.0
173.0
185.0
179.0
181.0
178.0
183.0
328.0
570.0
843.0
878.0
951.0
841.0
898.0
880.0
883.0
873.0
732.0
482.0
366.0
321.0
274.0
234.0
209.41
203.0
208.0
197.0
204.0
186.0
201.0
204.0
331.0
567.0
874.0
892.0
970.0
856.0
880.0
893.0
878.0
852.0
727.0
459.0
364.0
287.0
281.0
240.0
209.41
214.0
201.0
206.0
198.0
216.0
194.0
202.0
317.0
563.0
890.0
883.0
947.0
864.0
892.0
894.0
879.0
841.0
705.0
463.0
375.0
333.0
279.0
248.0
242.94
212.0
217.0
211.0
199.0
189.0
206.0
224.0
311.0
565.0
855.0
869.0
945.0
809.0
908.0
886.0
864.0
860.0
717.0
555.0
447.0
355.0
277.0
235.0
256.385
188.0
202.0
197.0
186.0
199.0
180.0
218.0
297.0
595.0
835.0
868.0
933.0
825.0
857.0
875.0
832.0
837.0
721.0
514.0
377.0
302.0
229.0
224.0
256.385
179.0
183.0
184.0
177.0
171.0
178.0
186.0
182.0
201.0
268.0
263.0
297.56
268.56
306.0
308.0
331.0
302.0
277.0
216.0
215.0
217.0
181.0
199.0
167.915
182.0
194.0
172.0
199.0
188.0
170.0
177.0
181.0
195.0
225.0
252.0
241.0
230.0
267.5
268.52
257.0
240.0
205.0
202.0
205.0
188.0
182.0
196.0
167.915
176.0
182.0
185.0
171.0
174.0
175.0
210.0
323.0
566.0
852.0
869.56
939.56
844.0
884.0
873.0
853.0
865.0
720.0
432.0
346.0
292.0
260.0
233.0
256.385
189.0
186.0
186.0
193.0
175.0
184.0
209.0
319.0
573.0
874.0
863.0
948.0
822.56
898.56
895.0
886.0
875.0
732.0
506.0
353.0
324.0
264.0
249.0
256.385
206.0
194.0
198.0
205.0
183.0
200.0
212.0
321.0
599.0
851.0
903.0
958.0
850.0
891.0
899.0
874.0
837.0
714.0
425.0
328.0
273.0
251.0
233.0
256.385
195.0
210.0
195.0
198.0
206.0
194.0
222.0
342.0
608.0
884.0
914.0
998.0
862.0
918.0
899.0
906.0
851.0
719.0
465.0
340.0
301.0
250.0
240.0
256.385
209.0
197.0
210.0
201.0
199.0
186.0
200.0
329.0
567.0
866.0
890.0
770.96
695.96
770.96
759.96
741.96
728.96
590.96
353.96
303.96
273.96
251.5
234.5
256.385
194.0
174.825
169.32
198.0
171.325
165.82
165.32
199.5
225.5
247.96
265.96
237.0
231.0
229.0
241.0
227.0
246.0
211.0
200.0
195.0
168.0
184.0
151.0
167.915
194.0
155.65
166.64
198.0
154.65
161.64
153.64
199.5
225.5
258.48
295.98
284.5
279.0
238.0
222.0
237.0
220.0
203.0
195.0
196.0
209.0
175.0
175.0
164.92
159.04
162.0
206.0
164.0
159.0
155.0
189.0
291.0
565.0
823.0
817.0
886.0
844.0
832.0
850.0
832.0
823.0
683.0
467.0
345.0
268.0
253.0
229.0
256.385
184.52
199.0
202.0
206.0
189.0
209.0
198.0
338.0
549.0
834.0
833.0
914.0
832.0
866.0
844.0
852.0
832.0
696.0
429.0
357.0
295.0
246.0
213.0
256.385
210.0
188.0
204.0
189.0
195.0
191.0
225.0
322.0
589.0
868.0
889.0
940.0
862.0
888.0
863.0
883.0
849.0
724.0
480.0
375.0
300.0
264.0
234.0
256.385
196.0
206.0
213.0
190.0
191.0
211.0
223.0
332.0
569.0
908.0
897.0
969.0
847.0
904.0
888.0
890.0
863.0
723.0
461.0
398.0
330.0
279.0
267.0
256.385
242.0
206.0
212.0
210.0
208.0
201.0
216.0
339.0
602.0
865.0
910.0
974.0
887.0
892.0
903.0
902.0
840.0
686.0
417.0
354.0
281.0
230.0
236.0
256.385
206.0
198.0
201.0
197.0
190.0
187.0
184.0
218.0
256.0
269.0
326.0
332.0
327.0
331.0
330.0
319.72
309.72
252.2
250.2
228.5
213.0
210.0
198.0
172.39
198.0
202.0
196.0
191.0
188.0
198.0
180.0
198.0
240.0
272.0
293.44
305.44
297.44
312.44
327.44
305.44
312.44
282.0
250.0
261.0
225.0
207.0
204.0
172.39
203.0
203.0
189.0
208.0
178.0
189.0
217.0
308.0
594.0
872.0
928.0
998.0
879.0
947.0
934.0
916.0
891.0
746.0
508.0
369.0
333.0
242.0
221.0
256.385
193.0
202.0
207.0
185.0
205.0
197.0
229.5
332.52
613.0
873.0
899.0
1009.0
970.0
934.0
937.0
798.0
482.0
436.0
361.0
292.0
279.0
249.905
238.0
203.0
214.0
220.0
217.0
246.0
213.0
374.0
641.0
930.0
945.0
1039.12
939.0
954.0
983.0
935.0
952.0
830.0
578.0
430.0
389.0
338.0
258.0
247.91
246.0
230.0
208.0
221.0
209.0
235.0
240.0
364.0
624.0
958.12
965.12
1018.0
972.0
950.0
941.0
980.0
923.0
812.0
498.0
432.0
361.0
325.0
246.0
251.385
207.0
242.0
204.0
204.0
209.0
188.0
221.0
245.0
228.0
260.0
286.0
284.0
251.0
315.0
276.0
300.0
288.0
257.0
257.0
246.0
238.0
225.0
218.0
176.915
221.0
233.0
198.0
186.0
212.0
199.0
190.0
216.0
223.0
208.0
217.0
292.0
268.0
241.0
220.0
217.0
242.0
231.0
211.0
228.0
241.0
221.0
215.0
176.915
202.0
199.0
211.0
215.0
199.0
188.0
215.0
345.0
691.0
965.0
1001.12
1021.64
952.0
991.0
996.0
972.08
951.0
810.0
552.12
459.0
407.0
335.0
268.0
251.385
219.5
222.5
215.5
228.5
205.5
191.0
243.28
399.28
653.28
910.28
951.28
1025.28
949.28
970.28
947.0
945.12
915.0
796.0
532.0
463.0
367.0
313.0
270.0
254.86
237.0
246.0
220.0
242.0
212.0
191.0
220.64
411.0
664.0
928.0
917.0
1003.12
922.0
949.0
933.0
936.08
900.0
745.0
453.0
401.0
298.0
288.0
222.0
258.545
204.0
211.0
205.0
192.0
216.0
213.0
190.0
222.0
201.0
226.0
214.0
295.0
280.0
224.0
259.0
234.0
223.0
238.0
204.0
242.0
211.0
212.0
184.0
176.915
211.0
188.0
183.0
199.0
194.0
170.0
193.0
187.0
241.0
251.0
216.0
324.0
309.0
253.0
232.0
228.0
261.0
225.5
213.0
216.0
209.0
190.0
195.0
176.915
199.0
199.0
226.0
185.0
199.0
185.0
181.0
195.0
204.0
213.0
219.0
237.0
218.0
224.0
234.0
231.0
249.0
213.0
222.0
213.0
223.0
205.0
198.0
176.915
208.0
204.0
197.0
196.0
199.0
194.0
198.0
365.0
667.0
905.0
947.0
1052.0
927.0
975.0
927.0
942.0
899.0
797.0
455.0
358.0
336.0
292.0
235.0
258.545
217.5
225.0
237.0
235.0
198.0
213.0
214.0
371.0
640.0
947.0
973.0
1051.0
960.24
1024.0
1002.0
978.0
978.0
872.12
642.0
518.0
365.12
311.0
275.0
262.23
217.5
227.0
236.0
254.0
220.0
238.0
221.0
412.04
626.04
928.0
1009.0
1055.0
948.0
995.0
986.0
987.0
942.0
793.0
640.12
445.0
369.0
313.0
262.0
243.27
217.5
226.0
221.0
242.0
201.0
235.0
262.0
359.0
629.0
938.0
978.0
1043.0
959.0
976.0
935.0
952.0
946.96
798.84
546.84
427.52
350.0
306.0
260.0
247.76
217.5
221.0
215.0
212.0
214.0
206.0
217.0
373.08
644.0
923.0
968.12
1028.28
932.28
972.28
940.28
911.0
895.0
808.12
516.0
411.0
342.0
300.0
245.0
252.25
217.5
214.0
217.0
213.0
231.0
242.0
215.0
378.0
629.0
873.0
896.0
989.0
881.0
877.0
947.0
863.0
875.0
786.0
495.0
388.0
352.0
273.0
241.0
251.115
203.0
201.0
215.0
195.0
205.5
192.0
189.0
196.5
222.0
228.0
223.0
249.0
240.0
223.0
237.0
254.0
222.0
225.0
233.0
216.0
219.0
216.0
206.0
176.915
207.0
203.0
204.0
205.0
212.0
199.0
197.0
198.0
200.0
210.0
236.0
249.0
244.0
235.0
239.0
220.0
252.0
220.0
235.0
245.0
220.5
207.0
215.0
176.915
227.0
207.0
217.0
221.0
197.0
193.0
200.0
401.56
596.56
882.0
961.0
1017.12
925.0
939.0
940.0
924.0
913.0
791.0
565.0
435.0
354.0
270.0
245.0
251.115
230.0
216.0
219.0
229.0
207.0
213.0
244.0
339.0
655.0
900.0
934.0
981.12
883.0
919.0
935.0
907.0
913.0
778.0
452.0
386.0
356.0
278.0
235.0
251.115
230.5
226.0
209.0
221.0
222.0
219.0
214.0
360.0
629.0
894.0
941.0
1003.0
910.0
939.32
924.32
918.4
873.56
779.56
487.56
407.08
340.2
288.08
253.5
251.115
230.5
208.0
204.5
233.0
218.0
221.5
210.0
378.16
649.16
909.92
946.0
1007.92
872.92
921.16
909.04
882.76
879.76
740.76
557.88
412.76
378.36
330.04
272.0
251.115
230.5
209.5
204.5
245.0
214.0
224.0
231.0
380.0
614.0
908.0
965.0
982.0
917.0
919.0
906.0
892.0
909.0
727.0
451.0
374.0
323.0
279.0
247.0
251.115
197.5
222.0
209.0
207.0
216.0
210.0
202.0
226.0
214.0
216.0
204.0
239.0
241.0
239.0
220.0
254.0
243.5
220.0
225.0
235.0
222.0
224.0
196.0
176.915
197.5
205.0
196.0
192.0
214.0
216.0
196.0
189.0
220.0
250.72
233.5
284.72
291.72
254.72
259.72
249.72
243.5
231.0
240.0
235.5
218.5
224.5
199.0
176.915
230.5
209.5
200.0
206.0
219.0
250.28
268.28
389.28
609.28
871.28
905.28
959.28
902.12
988.0
940.0
949.0
912.0
807.0
622.0
489.68
385.8
318.68
267.0
249.98
230.5
211.0
214.0
212.5
214.0
229.0
229.0
361.0
651.0
924.0
960.0
988.0
932.0
934.0
943.0
922.0
908.0
799.0
530.0
447.0
377.0
281.0
256.0
250.455
230.5
231.0
228.0
219.0
217.5
224.5
222.5
383.0
634.0
900.0
918.0
1009.0
898.12
952.0
947.0
961.0
927.12
788.0
572.0
450.0
357.0
276.0
235.0
250.93
231.0
211.0
227.0
206.0
221.0
220.0
216.0
363.0
631.0
913.0
935.0
1018.0
934.0
934.0
930.0
930.0
896.0
787.0
595.08
510.0
419.0
266.0
247.0
255.98
220.0
218.0
241.0
201.0
218.5
250.0
212.0
378.0
644.0
875.0
939.08
996.0
904.0
915.0
884.0
935.12
844.0
738.0
464.0
386.0
338.0
293.0
233.0
261.93
197.5
226.0
216.0
225.0
212.0
222.0
204.0
247.0
226.0
261.0
263.0
267.0
292.0
267.84
261.84
285.32
243.5
231.0
255.0
235.5
218.5
224.5
214.0
176.915
197.5
208.0
209.5
214.0
207.0
203.0
218.0
187.0
234.0
202.0
207.0
261.0
248.0
218.0
248.42
269.16
243.5
231.0
243.0
235.5
218.5
225.0
229.0
176.915
209.0
224.0
225.0
196.0
216.0
219.0
205.0
375.12
622.04
895.04
893.0
970.0
894.0
887.0
936.0
875.52
881.52
745.0
455.0
408.0
328.0
323.0
249.0
259.86
247.0
207.0
236.0
210.0
230.0
237.0
262.0
363.0
663.0
841.12
872.0
964.0
883.0
883.0
877.0
868.0
880.0
720.0
468.12
417.0
344.0
340.0
265.0
244.86
240.0
211.0
219.0
223.0
206.0
214.0
239.0
359.0
666.0
902.12
885.0
956.0
912.0
872.0
856.12
744.0
647.0
569.0
396.0
340.0
319.0
289.0
227.0
254.865
188.0
199.0
203.0
203.0
181.0
190.0
177.0
204.0
223.0
229.0
251.0
290.0
286.0
254.0
235.0
253.0
235.0
242.0
231.0
236.0
215.0
196.0
191.0
176.915
202.0
171.0
188.0
189.0
190.0
196.0
173.0
184.0
206.0
205.0
205.0
226.0
240.0
236.0
212.0
221.0
245.0
225.0
229.0
200.0
214.0
181.0
180.0
176.915
191.0
175.0
188.0
188.0
187.0
194.0
183.0
165.0
206.0
175.0
195.0
177.0
206.0
177.0
183.0
208.0
196.0
206.0
215.0
189.0
218.0
216.0
191.0
176.915
189.5
178.0
165.0
198.0
193.0
170.0
173.0
188.0
190.0
199.0
178.0
235.0
228.0
193.0
201.0
193.0
199.0
197.0
225.0
233.0
174.0
210.0
171.0
176.915
188.0
172.0
184.0
179.0
178.0
159.52
178.5
188.0
187.0
240.0
209.0
259.0
246.0
220.0
235.0
238.0
240.0
210.0
224.0
194.0
197.0
202.0
206.0
176.915
180.0
195.0
192.0
177.0
171.0
190.0
184.0
202.0
172.0
197.0
197.0
241.0
239.0
209.0
216.0
194.0
199.0
193.0
230.0
209.0
189.0
177.0
185.0
176.915
173.0
179.0
185.0
181.0
172.0
207.0
232.0
210.0
214.0
312.0
269.0
291.5
232.0
253.0
250.0
238.0
234.0
235.0
208.0
217.0
211.0
176.915
233.0
212.0
223.0
195.0
212.0
210.0
212.0
335.0
625.0
936.0
972.0
1061.0
995.0
1003.0
1029.0
976.0
980.12
808.0
535.0
392.0
306.0
287.0
280.0
259.97
237.0
234.0
232.0
218.0
209.0
211.0
223.0
370.0
614.0
936.12
992.0
1025.12
968.0
994.0
968.0
952.0
995.0
846.0
542.0
444.0
357.0
309.0
246.0
259.97
237.0
219.0
246.0
223.0
217.0
220.0
213.0
360.0
637.0
915.0
949.0
1032.06
972.0
954.0
953.12
959.0
917.0
799.0
515.12
434.0
344.0
333.0
249.0
259.97
241.0
227.0
227.0
206.0
224.0
210.0
222.0
356.0
618.0
927.0
988.0
1039.0
969.0
966.12
997.0
980.12
960.0
852.0
568.0
410.0
358.0
296.0
268.0
259.97
268.0
222.0
237.0
233.0
226.0
229.0
205.0
372.0
597.0
919.0
953.0
1026.0
939.0
978.0
970.0
926.08
919.0
813.0
464.0
360.0
360.0
252.0
249.0
259.97
200.0
205.0
221.0
213.0
219.0
205.0
218.0
221.0
238.0
248.0
272.0
269.0
275.0
286.0
283.0
275.0
270.0
259.0
252.0
253.0
225.0
216.0
239.0
176.915
212.0
211.0
210.0
250.0
186.0
202.0
197.0
200.0
204.0
221.0
231.0
265.0
256.0
250.0
260.6
272.6
261.0
247.0
247.0
223.0
218.0
220.0
189.0
176.915
176.0
187.0
216.0
180.0
177.0
185.0
197.0
333.0
626.0
836.12
961.5
1062.0
971.0
984.0
995.0
953.08
962.0
837.0
575.0
448.0
377.0
300.0
279.0
259.97
232.0
205.0
257.0
216.0
216.0
202.0
230.0
357.0
648.0
919.0
970.0
1055.5
950.12
984.0
1035.0
962.0
936.24
856.0
601.0
474.0
376.0
311.0
262.0
270.94
239.0
247.0
247.0
236.0
222.0
226.0
244.0
375.0
643.0
958.0
953.12
1049.0
964.0
969.0
987.24
985.0
945.0
812.0
600.0
399.0
409.0
343.0
257.0
262.93
239.0
239.0
257.0
226.0
238.0
233.0
221.0
384.0
639.0
953.0
963.0
1048.0
950.0
993.0
949.0
968.0
964.0
825.12
597.0
478.0
381.0
316.0
285.0
262.93
248.0
249.0
226.0
244.0
231.0
222.0
245.0
375.0
650.0
935.0
971.0
1058.0
951.08
984.0
969.0
949.0
963.0
793.0
599.0
409.0
332.0
287.0
289.0
262.93
202.0
198.0
200.0
208.0
222.0
194.0
190.0
203.0
226.0
239.0
242.0
260.0
259.0
264.0
283.0
244.0
268.0
247.0
214.0
230.0
243.0
201.0
212.0
176.915
191.0
206.0
218.0
195.0
218.5
196.5
199.0
209.0
221.5
223.0
253.04
314.16
305.16
254.4
275.48
262.48
268.84
262.84
239.5
232.5
248.0
214.0
196.0
176.915
196.0
217.0
191.0
202.0
215.0
208.0
208.0
359.0
654.0
931.0
1018.0
1024.0
952.0
1014.0
986.0
990.0
941.0
817.0
527.0
432.0
351.0
290.0
308.0
254.92
224.0
241.0
227.0
237.0
210.0
248.0
230.0
402.0
630.0
970.0
992.0
1048.12
991.0
999.0
994.0
967.0
977.0
834.0
606.0
449.0
437.0
299.0
267.0
253.41
258.0
204.0
229.0
225.0
209.0
232.0
217.0
381.0
674.0
944.12
1013.0
1051.7199999999998
974.0
1056.0
1004.12
988.0
978.0
848.0
571.0
429.0
421.0
321.0
277.0
253.41
227.0
238.0
218.0
236.0
216.0
216.0
248.0
385.0
688.0
911.0
980.0
1051.7199999999998
958.0
1003.0
963.08
958.0
951.0
845.0
566.08
439.0
373.0
321.0
266.0
253.41
216.0
220.0
239.0
228.0
226.0
206.0
232.0
388.0
666.0
940.0
962.0
1051.7199999999998
946.68
973.68
999.12
948.0
909.0
805.0
488.0
359.0
337.0
275.0
245.0
253.41
202.0
203.0
205.0
213.0
215.0
199.0
208.0
215.0
221.5
223.0
264.08
243.08
311.64
255.7
268.74
279.04
246.04
232.0
239.5
232.5
248.0
204.5
231.0
176.915
200.0
200.0
181.0
190.0
197.0
216.0
196.0
205.0
217.0
207.0
239.0
272.0
318.12
257.0
262.0
243.0
264.0
221.0
265.0
235.0
253.0
195.0
215.0
176.915
188.0
224.0
195.0
197.0
204.0
187.0
185.0
369.0
632.0
950.32
1007.32
1055.32
959.0
1006.4
973.4
994.4
967.52
843.4
585.12
426.0
474.0
309.0
258.0
253.41
231.0
211.0
227.0
241.0
217.0
223.0
240.0
350.0
625.8
957.32
1002.32
1048.12
964.12
989.12
955.44
978.44
934.44
865.44
583.44
446.64
357.0
318.0
276.0
253.41
223.5
206.0
225.0
236.5
235.0
231.0
219.0
376.0
642.0
923.0
957.0
1049.0
934.0
969.08
959.08
942.12
900.0
842.0
520.0
431.0
356.0
290.0
258.0
251.9
216.0
201.0
223.0
232.0
211.0
214.0
212.0
376.0
663.0
909.0
952.0
1045.0
937.0
948.0
971.24
924.0
906.0
812.0
512.0
364.0
343.0
317.0
253.0
249.905
217.0
211.0
194.0
213.0
195.0
214.0
206.0
342.0
599.0
905.0
929.0
1030.0
956.0
954.0
913.0
903.0
884.0
773.0
507.0
362.0
315.0
255.0
237.0
249.905
194.0
192.0
205.0
195.0
197.0
204.0
189.5
213.0
212.0
255.0
285.0
270.52
251.52
286.0
267.0
243.0
252.0
246.0
245.0
221.0
211.0
217.0
202.0
176.915
216.0
201.0
200.0
186.0
189.0
192.0
183.0
196.0
189.0
219.0
224.0
291.0
284.0
241.0
242.0
251.0
268.0
255.0
226.0
241.0
229.0
231.0
208.0
176.915
185.0
193.0
188.0
193.0
202.0
185.0
212.0
350.0
637.0
972.0
928.0
1048.0
959.0
959.12
990.0
946.0
935.0
823.0
531.0
477.16
362.0
316.0
245.0
249.905
273.24
203.5
256.24
199.0
280.24
197.0
216.5
349.24
609.24
787.24
978.0
1044.0
945.0
967.0
990.0
961.0
914.0
817.0
565.0
423.0
349.0
288.0
242.0
249.905
234.62
214.0
245.0
205.0
218.0
209.0
221.0
361.0
671.0
929.0
997.0
1063.0
956.0
967.0
974.0
955.0
922.0
808.0
522.0
427.0
387.0
310.0
239.0
249.905
234.62
214.0
228.0
215.0
213.0
211.0
225.0
394.0
677.0
940.0
979.0
1062.24
956.0
948.0
951.0
949.16
960.0
815.0
492.0
395.0
344.12
292.0
244.0
249.905
234.62
238.0
197.0
206.5
213.0
199.0
217.0
367.0
646.0
944.0
932.0
1029.0
904.0
1000.0
940.0
939.0
895.0
810.0
487.0
330.0
312.0
279.0
225.0
249.905
205.0
218.0
185.0
191.0
173.0
186.0
194.0
208.0
204.0
273.0
297.0
296.0
298.0
295.0
299.0
299.0
298.0
264.0
244.0
231.0
224.0
223.0
200.0
176.915
193.0
206.0
182.0
203.0
174.0
190.0
188.0
167.0
192.0
230.0
208.0
244.0
270.0
234.0
240.0
258.0
232.0
241.0
229.0
228.0
241.0
217.0
207.0
176.915
196.0
196.0
197.0
198.0
215.0
183.0
202.0
349.0
591.0
894.0
920.0
992.0
950.0
987.12
945.0
929.0
881.0
792.0
543.0
432.0
297.0
283.12
240.0
249.905
233.0
213.0
196.0
232.0
212.0
205.0
219.0
356.0
590.0
931.0
931.0
1040.0
946.0
989.0
996.12
960.0
952.0
855.0
567.0
455.0
356.0
291.0
248.0
249.905
218.0
231.0
227.0
218.0
228.0
220.0
255.0
378.0
622.0
950.0
998.0
1057.52
956.52
1009.0
970.0
934.0
937.0
798.0
482.0
436.0
361.0
292.0
279.0
249.905
238.0
203.0
214.0
220.0
217.0
246.0
213.0
374.0
641.0
930.0
945.0
1039.12
939.0
954.0
983.0
935.0
952.0
830.0
578.0
430.0
389.0
338.0
258.0
247.91
246.0
230.0
208.0
221.0
209.0
235.0
240.0
364.0
624.0
958.12
965.12
1018.0
972.0
950.0
941.0
980.0
923.0
812.0
498.0
432.0
361.0
325.0
246.0
251.385
207.0
242.0
204.0
204.0
209.0
188.0
221.0
245.0
228.0
260.0
286.0
284.0
251.0
315.0
276.0
300.0
288.0
257.0
257.0
246.0
238.0
225.0
218.0
265.94
214.0
242.0
228.0
233.0
239.0
225.0
239.0
320.0
608.0
881.0
908.0
927.12
878.0
899.0
867.0
891.0
860.0
767.08
575.0
495.0
397.0
313.0
256.0
262.86
242.0
225.0
220.0
229.0
233.0
242.0
218.0
371.0
603.0
911.0
922.0
941.0
888.0
900.0
920.0
949.0
879.0
763.0
502.0
435.0
316.0
342.0
261.0
263.345
222.0
195.0
207.0
212.0
209.0
211.0
208.0
204.0
239.0
256.0
249.0
248.0
260.0
275.0
264.0
259.0
246.0
256.0
232.0
241.0
222.0
225.0
197.0
163.925
196.0
189.0
191.0
199.0
186.0
199.0
195.0
199.0
220.0
209.0
257.0
236.0
240.0
252.0
272.0
223.0
236.0
239.0
243.0
254.0
214.0
211.0
227.0
163.925
198.0
197.0
209.0
197.0
199.0
183.0
180.0
344.0
577.0
895.0
913.08
963.0
876.0
909.2
913.0
929.0
895.0
779.0
592.0
470.0
375.0
317.0
267.0
263.345
217.0
218.0
212.0
204.0
213.5
190.0
236.0
334.0
573.0
840.0
861.0
893.0
836.0
902.0
864.0
879.0
889.0
758.0
498.0
450.24
352.0
296.0
242.0
263.345
256.0
237.0
215.0
211.0
228.0
240.0
208.0
329.0
570.0
850.0
875.0
893.0
818.0
910.0
868.12
895.0
863.0
790.0
554.0
454.0
388.0
336.0
327.0
263.83
238.0
269.0
229.0
228.0
216.0
223.0
264.0
336.0
557.0
849.0
902.0
911.0
849.0
888.0
900.0
884.0
876.0
762.0
580.0
441.0
377.0
299.0
284.0
278.88
218.0
239.0
210.0
217.0
217.0
202.0
224.0
345.12
564.0
860.0
856.0
904.0
817.12
883.0
871.0
838.0
829.0
710.0
522.0
402.0
349.0
284.0
218.0
269.46500000000003
196.0
196.0
209.0
215.0
201.0
181.0
195.0
185.0
196.0
212.0
231.0
247.0
230.0
226.0
242.0
240.0
244.0
259.0
241.0
235.0
220.0
199.0
178.0
163.925
200.0
209.0
200.0
209.0
183.0
195.0
177.0
198.0
195.0
216.0
209.0
202.0
211.0
225.0
222.0
199.0
208.0
226.0
191.0
213.0
246.0
195.0
193.0
163.925
185.0
186.0
195.0
193.0
184.0
174.0
202.0
190.0
185.0
218.0
233.0
219.0
233.0
243.0
248.0
240.0
256.0
228.0
216.0
227.0
209.0
218.0
187.0
163.925
195.0
185.0
202.0
190.0
198.0
185.0
190.0
315.0
596.0
893.0
943.0
953.0
888.0
929.12
957.0
907.08
905.0
804.0
546.08
486.0
348.0
277.0
251.0
269.46500000000003
189.0
219.0
215.0
207.0
217.0
204.0
202.0
320.0
612.0
864.0
896.0
925.0
841.0
911.0
907.12
893.0
885.0
752.0
545.0
467.0
355.0
327.0
221.0
269.46500000000003
202.5
230.0
203.5
212.0
204.0
220.0
208.0
349.0
563.0
861.0
874.0
940.0
832.0
868.0
881.0
865.0
894.0
748.0
515.0
376.0
341.0
302.0
279.08
269.46500000000003
216.0
241.0
203.5
210.0
210.0
203.0
219.0
331.0
587.0
829.0
879.0
872.0
802.0
859.0
829.0
844.0
827.12
673.0
477.0
409.0
278.0
247.0
218.0
269.46500000000003
179.0
181.0
204.0
175.0
182.0
182.0
197.0
176.0
208.0
240.0
216.0
242.0
205.0
234.0
246.0
221.0
206.0
243.0
212.0
202.0
187.0
197.0
177.0
163.925
173.0
181.0
177.0
193.0
193.0
190.0
177.0
208.0
229.56
211.0
213.0
214.0
208.0
240.0
206.0
212.0
268.0
206.0
219.0
213.0
209.0
221.0
186.0
163.925
195.0
199.0
192.0
200.0
178.0
187.0
192.0
322.0
581.0
854.12
860.0
871.0
798.0
841.0
851.0
863.12
832.0
700.0
513.0
420.0
323.0
290.0
256.0
269.46500000000003
206.0
213.0
237.0
227.0
202.0
205.0
213.0
343.0
586.0
822.04
893.04
928.0
840.0
882.0
900.08
864.0
848.0
758.0
492.0
437.0
402.12
293.0
239.0
269.46500000000003
239.0
194.0
220.0
236.0
213.0
205.0
234.0
334.0
584.0
813.0
868.0
902.0
822.0
857.0
851.0
825.0
864.0
707.0
531.0
436.0
369.0
341.0
249.0
260.05
222.5
233.0
220.0
224.0
220.0
208.0
238.0
343.0
585.0
885.0
928.0
933.0
842.0
890.12
887.12
894.0
856.0
752.2
516.0
396.0
353.0
258.0
274.0
252.485
206.0
222.0
233.0
195.0
218.0
209.0
205.0
336.0
591.0
827.0
855.0
897.0
839.0
873.12
855.0
847.0
820.0
714.0
490.0
443.0
367.0
267.0
216.0
252.485
209.0
195.0
210.0
195.0
220.0
191.0
200.0
218.0
251.12
285.0
259.0
313.0
265.0
300.0
282.0
279.0
267.0
247.0
248.0
250.0
230.0
214.0
218.0
163.925
197.0
184.0
206.0
190.0
187.0
189.0
206.0
214.0
207.0
221.0
211.0
230.0
245.0
237.0
205.0
233.0
248.0
241.0
237.0
207.0
225.0
207.0
210.0
163.925
187.0
210.0
207.0
207.0
193.0
207.0
199.0
344.0
603.0
857.0
897.0
943.0
867.0
929.0
903.0
909.0
890.0
804.0
535.0
426.0
346.0
316.0
271.0
252.485
201.0
195.0
201.0
235.0
210.5
210.5
207.0
329.0
597.0
840.0
930.0
932.0
864.0
893.12
896.0
881.08
877.0
792.0
527.12
426.0
343.0
295.0
246.0
244.92
216.0
250.0
226.0
229.0
228.0
214.0
222.0
311.0
610.0
831.0
887.0
901.0
831.0
900.0
868.0
877.0
863.0
756.0
539.0
445.0
366.0
297.0
268.0
257.45
219.0
203.0
213.0
213.0
214.0
215.0
202.0
320.0
602.0
835.0
915.0
893.0
823.0
825.0
816.12
837.0
820.0
720.0
486.0
385.0
326.0
280.0
248.0
257.45
231.0
202.0
204.0
210.0
232.0
206.0
190.0
343.0
664.0
848.0
877.0
890.0
799.12
866.0
865.12
845.0
869.0
711.0
451.0
376.0
310.0
273.0
245.0
257.45
186.0
193.0
193.0
220.0
183.0
204.0
206.0
200.0
228.0
258.0
289.0
277.0
283.0
271.0
280.0
291.0
267.0
245.0
220.0
234.0
195.0
215.0
212.0
163.925
203.0
187.0
202.0
192.0
204.0
189.0
180.0
205.0
207.0
217.0
206.0
212.0
248.0
232.0
235.0
245.0
242.0
233.0
230.0
230.0
228.0
247.0
182.0
163.925
206.0
212.0
200.0
216.0
184.0
189.0
208.0
308.0
583.0
836.0
859.0
852.0
808.52
870.52
854.12
844.32
830.32
737.44
556.12
486.0
340.0
297.12
245.0
257.45
216.0
219.0
226.0
204.0
224.0
195.0
216.0
342.0
587.0
792.8
846.8
866.8
837.8
867.8
868.24
879.24
887.24
777.24
557.0
438.0
387.0
308.0
251.0
257.45
237.0
217.0
210.0
204.0
216.0
243.0
216.0
329.0
584.0
831.0
894.0
859.0
820.0
843.0
869.0
837.0
858.12
742.0
543.0
401.0
360.0
304.0
273.0
257.45
240.0
210.0
192.0
197.0
219.0
203.0
220.0
311.0
607.52
809.52
881.0
877.0
775.0
828.08
821.0
760.0
720.0
605.52
438.52
344.0
301.0
283.0
226.0
257.45
192.0
194.0
186.0
191.0
166.0
179.0
168.0
181.0
172.0
208.0
192.0
198.0
199.0
205.0
195.0
223.0
220.0
218.0
219.0
206.0
183.0
177.0
172.0
167.97
180.0
177.0
186.0
172.0
187.0
155.0
173.0
173.0
186.0
174.0
193.0
189.0
192.0
185.0
183.0
201.0
220.0
203.0
208.0
181.0
189.0
182.0
186.0
169.45499999999996
186.0
175.0
184.0
184.0
198.0
153.0
178.0
165.0
167.0
174.0
207.0
171.0
201.0
189.0
193.0
185.0
198.0
186.0
212.0
205.5
197.0
191.0
193.0
170.94
188.0
179.0
195.0
178.0
170.0
192.0
183.0
309.0
588.0
857.0
873.0
901.0
821.0
891.0
884.0
893.2
877.0
761.0
559.0
428.0
371.0
290.08
258.0
257.45
216.0
210.0
222.0
200.0
214.0
229.0
204.0
334.0
603.0
843.0
903.12
933.0
830.0
878.0
896.0
891.0
866.0
780.0
526.0
433.12
351.0
297.0
258.0
257.45
192.0
210.0
210.0
220.0
202.0
192.0
224.0
331.0
609.0
853.0
899.12
912.0
835.0
865.0
898.0
217.0
231.0
206.0
214.0
194.0
208.94
193.0
205.0
194.0
204.5
201.5
206.0
179.0
192.0
220.0
261.0
267.5
287.56
263.0
265.0
282.0
272.0
283.0
251.0
220.0
237.0
233.0
210.0
201.0
208.94
201.0
198.0
208.0
215.0
203.0
187.0
218.0
351.0
620.0
946.0
938.56
975.56
902.0
947.0
956.0
957.0
932.0
807.0
596.0
483.0
358.0
272.0
225.0
224.43
206.0
222.0
218.0
211.0
226.0
202.0
202.0
387.0
660.0
914.0
951.0
989.0
917.0
955.0
938.0
928.0
935.0
796.0
528.0
444.0
368.0
280.0
234.0
224.43
210.0
236.0
201.0
214.0
227.0
202.0
236.0
369.0
629.0
942.0
956.0
990.0
892.0
944.0
919.0
920.56
925.56
807.0
548.0
395.0
346.0
295.0
255.0
224.43
214.0
203.0
220.0
202.0
198.0
220.0
207.0
382.0
641.0
917.0
939.0
997.0
903.0
964.0
940.0
931.0
928.0
793.0
543.0
447.0
357.0
266.0
247.0
224.43
200.0
218.0
204.0
214.0
200.0
219.0
209.0
384.0
643.0
938.0
982.0
1019.0
891.0
949.0
944.0
897.0
902.0
778.0
534.0
391.0
345.04
278.04
246.0
224.43
210.0
205.0
210.0
204.0
196.0
216.0
197.0
201.0
219.0
273.0
301.0
284.0
275.0
298.0
291.0
311.0
278.0
264.0
252.0
230.0
224.0
215.0
182.0
208.94
204.0
201.0
191.0
189.0
202.0
199.0
190.0
188.0
200.0
242.0
250.0
282.0
290.0
270.0
282.0
253.0
289.0
261.0
263.0
223.0
229.0
221.0
205.0
208.94
213.0
200.0
209.0
212.0
201.5
210.0
196.0
367.0
623.0
943.0
984.0
1033.0
943.0
987.0
993.0
958.0
963.0
839.0
538.0
426.0
334.0
263.0
226.0
224.43
217.0
200.0
200.0
210.0
203.0
206.0
211.0
358.0
630.0
944.0
973.0
1030.0
944.0
993.0
986.0
956.0
960.0
807.0
563.0
449.0
327.0
284.0
252.0
224.43
224.0
207.0
196.0
226.0
202.0
203.0
225.0
360.0
647.0
933.0
954.0
1032.56
934.56
990.0
969.0
961.0
933.0
838.0
531.0
427.0
350.0
293.0
257.0
224.43
236.0
200.0
218.0
229.0
207.0
222.0
236.0
367.0
649.0
943.0
999.0
1041.0
942.0
962.0
957.0
927.0
949.0
786.0
564.0
457.0
362.0
272.0
249.0
224.43
215.0
207.0
207.0
211.0
202.0
213.0
206.0
369.0
650.0
925.0
978.0
1015.0
927.0
953.0
925.0
910.0
850.0
658.0
433.0
378.0
304.0
258.0
235.0
224.43
206.0
218.0
215.0
203.0
216.0
199.0
208.0
203.0
230.0
310.0
315.0
333.0
289.0
340.0
341.0
331.0
349.0
326.0
285.0
277.0
244.0
231.0
196.0
208.94
194.0
210.0
223.0
194.0
225.0
197.0
198.0
210.0
211.0
245.0
264.0
283.0
278.0
265.0
268.0
280.0
263.0
257.0
270.0
261.0
230.0
225.0
218.0
208.94
215.0
204.0
208.0
201.0
213.0
202.0
229.0
369.0
625.0
966.0
1004.0
1026.0
949.0
1001.0
956.0
970.0
945.0
826.0
594.0
445.0
364.0
294.0
236.0
224.43
228.0
213.0
221.0
219.0
213.0
214.0
240.0
381.0
638.0
945.0
950.0
994.0
910.0
988.0
992.0
971.0
946.0
825.0
556.0
466.0
388.0
293.0
273.0
224.43
224.0
235.0
202.0
229.0
200.0
222.0
235.0
383.0
620.0
939.0
965.0
1012.0
911.0
986.0
964.0
961.0
939.0
808.0
523.0
409.0
347.0
319.0
282.0
224.43
245.0
234.0
207.0
225.0
226.0
234.0
236.0
421.04
629.04
941.0
980.0
1030.0
940.0
921.0
950.0
933.0
916.0
764.0
600.0
486.0
381.0
305.0
242.0
224.43
207.0
218.0
212.0
221.0
207.0
199.0
239.0
388.0
640.0
948.0
944.0
989.0
887.0
938.0
932.0
921.0
899.0
737.0
496.0
401.0
353.0
268.0
229.0
224.43
216.0
204.0
218.0
214.0
197.0
216.0
204.0
198.0
266.0
339.56
361.56
362.0
323.0
342.0
357.0
354.0
358.0
327.0
264.0
243.0
237.0
234.0
220.0
208.94
215.0
213.0
219.0
208.0
213.0
192.0
217.0
201.0
242.0
341.0
330.0
378.0
324.0
352.0
366.0
345.0
355.0
361.0
280.0
252.0
227.0
202.0
173.0
208.94
176.0
178.0
211.0
212.0
171.0
188.0
193.0
352.0
545.0
960.0
1004.0
1040.0
926.0
975.0
973.0
982.0
965.0
856.0
619.0
463.0
315.0
261.0
250.0
224.43
201.0
207.0
210.0
203.0
205.0
202.0
229.0
372.0
654.0
879.0
975.0
997.0
920.0
937.0
930.0
925.0
904.0
742.0
486.0
422.0
342.0
269.0
236.0
224.43
202.0
205.0
208.0
202.0
207.0
198.0
229.0
349.0
657.0
946.0
999.0
1030.0
908.0
966.0
971.0
955.0
949.0
785.0
526.0
407.0
337.0
267.0
221.0
224.43
200.0
213.0
203.0
203.0
220.0
205.0
233.0
347.0
639.0
917.0
982.0
1005.0
899.0
958.0
921.0
938.0
907.0
759.0
470.0
376.0
340.0
299.0
245.0
224.43
223.0
231.0
222.0
204.0
233.0
217.0
225.0
387.0
625.0
941.0
877.0
866.0
825.0
831.0
821.0
805.0
781.0
631.0
493.0
396.0
276.0
251.0
247.0
224.43
227.0
215.0
220.0
202.0
213.0
214.0
207.0
207.0
296.0
393.0
394.0
405.0
354.0
392.0
400.0
402.0
374.0
337.0
246.0
230.0
224.0
214.0
201.0
208.94
183.0
199.0
178.0
186.0
174.0
186.0
172.0
195.0
224.0
329.56
345.56
347.0
338.0
344.0
323.0
322.0
335.0
269.0
241.0
238.0
221.0
213.0
210.0
208.94
206.0
190.0
196.0
196.0
204.0
196.0
232.0
343.0
717.0
849.0
869.0
918.0
859.0
872.0
872.0
858.0
851.0
706.0
480.0
352.0
301.0
277.0
235.0
224.43
203.0
184.0
196.0
188.0
202.0
190.0
209.0
373.0
565.0
829.0
839.0
879.0
842.0
836.0
799.0
824.0
766.0
650.0
448.0
325.0
291.0
266.0
235.0
224.43
235.0
221.0
227.0
209.0
236.0
209.0
249.0
368.0
586.0
766.0
790.0
835.0
799.0
798.0
784.0
781.0
737.0
570.0
414.0
323.0
289.0
258.0
261.0
224.43
220.0
208.0
228.0
205.0
218.0
226.0
218.0
377.0
557.0
739.04
753.04
763.0
738.0
704.0
670.0
682.0
649.0
534.0
376.0
293.0
232.0
217.0
230.0
224.43
205.0
195.0
217.0
197.0
218.0
188.0
216.0
327.0
492.0
612.0
657.0
659.0
656.0
645.0
608.0
578.0
561.0
469.0
332.0
283.0
200.0
192.0
183.0
224.43
189.0
177.0
206.0
189.0
196.0
185.0
189.0
291.0
388.0
502.0
489.0
469.0
449.0
371.0
302.0
218.0
194.0
164.0
172.0
162.0
168.0
167.0
156.0
224.43
161.0
160.0
161.0
170.0
161.0
161.0
152.0
161.0
142.0
150.0
150.0
146.0
164.0
148.0
153.0
152.0
150.0
143.0
180.0
161.0
173.0
159.0
155.0
208.94
144.56
160.56
161.0
170.0
162.0
158.0
152.0
151.0
136.6
148.6
155.0
164.0
153.0
147.0
154.0
141.0
161.0
158.0
172.0
150.0
168.0
167.0
147.0
158.83
175.0
149.0
165.0
160.0
157.0
166.0
148.0
141.0
158.0
155.0
139.0
148.0
160.0
164.0
155.04
152.04
157.0
168.0
158.0
166.0
152.0
181.0
155.0
161.81
149.0
181.0
156.0
150.0
170.0
167.0
143.0
153.0
149.0
180.0
143.0
159.0
154.0
168.0
156.0
154.0
165.0
150.0
158.0
162.0
165.0
156.0
165.0
147.81
156.0
155.0
173.0
156.0
156.0
158.0
148.0
155.0
147.0
160.0
166.0
146.0
159.5
153.0
153.0
164.0
153.0
166.0
161.0
159.0
163.0
156.0
156.0
173.88
157.0
153.0
173.0
145.0
170.0
153.0
154.0
170.0
139.0
166.0
145.0
148.0
165.0
152.0
207.28
165.0
156.0
155.0
160.0
177.0
161.0
157.0
157.0
165.89
154.0
170.0
148.0
166.0
154.56
158.56
144.0
155.0
161.0
158.0
215.0
216.5
209.0
216.5
212.5
188.0
198.0
199.0
198.0
187.0
246.0
281.0
262.0
324.0
319.0
304.0
344.0
326.0
308.0
286.0
237.0
188.0
226.0
181.0
205.0
216.5
217.0
175.0
184.0
171.0
183.0
190.0
197.0
294.0
556.12
842.0
902.0
919.0
839.0
899.0
922.0
895.0
882.08
774.0
608.0
494.0
358.0
318.0
255.0
242.82
217.0
214.0
220.0
212.0
226.0
208.0
230.0
332.0
562.0
884.0
889.0
951.0
818.0
898.0
914.0
859.0
883.0
760.0
573.0
422.0
349.0
260.0
247.0
250.32
217.0
202.0
212.0
222.0
226.0
213.0
207.0
360.12
587.0
852.0
895.0
929.0
816.0
875.0
895.0
868.0
863.0
773.0
575.0
468.0
350.0
269.0
250.0
250.32
217.0
238.0
218.0
232.0
231.0
227.0
200.0
372.0
589.0
896.0
913.08
954.0
841.12
909.0
894.0
899.0
887.0
800.0
550.0
451.0
407.0
280.0
270.0
250.32
208.0
249.0
236.0
233.0
216.0
204.0
216.0
348.0
589.0
893.04
905.04
939.0
833.0
871.0
891.0
891.0
853.0
750.0
501.0
408.0
327.0
267.0
247.0
250.32
213.0
223.0
217.0
215.0
219.0
206.0
189.0
242.0
263.0
319.0
304.0
337.0
304.0
312.0
321.0
314.0
272.0
292.0
224.0
249.0
241.0
220.0
203.0
216.5
221.0
199.0
189.0
203.0
241.0
201.0
197.0
220.0
193.0
220.0
213.0
270.0
221.0
257.0
233.0
240.0
232.0
244.0
223.0
234.0
225.0
214.0
203.0
216.5
221.0
210.0
208.0
224.0
189.0
212.0
186.0
330.0
591.0
870.0
905.0
940.0
860.0
895.0
893.0
925.0
885.0
771.0
545.0
410.0
319.0
308.0
204.0
250.32
211.0
232.0
205.0
225.0
193.0
217.0
216.0
316.0
602.0
877.0
912.0
945.0
842.0
945.0
889.0
901.0
916.0
730.0
518.0
422.0
347.0
287.0
264.0
250.32
234.0
220.0
227.0
193.0
208.0
170.0
227.0
310.0
536.0
872.0
861.0
898.0
827.0
880.0
877.0
837.0
892.0
757.0
483.0
437.0
341.0
295.0
222.0
250.32
231.0
226.0
207.0
204.0
230.0
215.0
184.0
341.0
554.0
863.0
881.0
949.0
830.0
903.0
877.0
889.0
835.0
738.0
548.0
475.0
403.0
287.0
243.0
257.82
220.0
207.0
198.0
204.0
198.0
185.0
224.0
324.0
552.0
893.0
883.0
901.0
758.0
837.0
785.0
767.0
792.0
646.0
484.0
416.0
311.0
263.08
240.5
251.475
228.0
212.0
196.0
209.0
231.0
197.0
233.0
232.0
209.0
307.0
313.0
331.0
311.0
313.0
330.0
314.0
320.12
310.0
257.0
221.0
240.0
234.0
202.0
216.5
206.0
218.0
199.0
197.0
206.0
204.0
225.0
217.0
204.0
214.0
241.0
254.0
253.0
239.0
248.0
248.0
251.0
244.0
259.0
267.0
213.0
241.0
221.0
216.5
223.0
184.0
230.0
206.0
210.0
197.0
191.0
318.0
606.0
855.0
899.0
964.0
841.0
895.0
884.0
894.0
879.0
783.0
570.0
536.0
376.0
248.0
238.0
251.475
227.0
206.0
211.0
216.5
213.0
210.5
209.0
304.04
596.0
897.0
884.0
947.0
810.0
939.0
896.0
888.0
886.0
752.0
619.0
474.0
374.0
312.0
249.0
245.13
227.0
228.0
192.0
227.0
216.0
224.0
227.0
331.0
645.0
886.32
907.44
946.32
858.0
898.0
911.0
910.56
888.56
777.08
589.08
426.04
321.44
277.44
247.0
268.805
231.0
202.0
220.0
200.0
239.0
199.0
205.0
321.0
616.0
877.0
914.0
989.0
833.0
912.0
898.0
905.0
887.0
763.0
552.0
446.0
377.0
255.0
256.0
268.805
244.76
205.0
214.5
194.5
219.5
231.0
218.0
303.0
567.0
901.0
944.0
988.0
882.0
898.0
889.0
923.0
881.0
745.0
540.0
406.0
320.0
293.0
265.0
268.805
205.0
213.5
206.5
196.5
203.0
203.5
205.0
208.0
231.26
258.92
271.92
295.92
255.92
288.02
277.92
267.92
291.92
255.92
247.92
261.22
218.5
225.5
220.5
216.5
205.0
213.5
206.5
196.5
203.0
203.5
205.0
208.0
231.26
278.22
266.44
273.44
288.96
288.02
265.44
317.98
271.44
287.96
252.44
255.44
218.5
225.5
220.5
216.5
244.76
205.0
214.5
194.5
219.5
228.5
196.5
329.92
591.92
922.92
893.92
947.92
866.92
901.92
928.92
907.92
919.92
784.92
573.92
472.92
378.92
315.92
265.0
268.805
244.76
208.0
209.0
189.0
200.0
226.0
175.0
371.0
596.0
879.08
921.84
911.28
871.28
924.76
914.0
899.0
892.0
768.32
561.32
486.32
359.0
292.0
265.0
268.805
244.76
264.56
236.94
229.44
226.44
239.44
257.68
380.88
616.88
857.88
915.88
890.88
845.36
839.49
862.88
822.89
864.88
811.88
615.89
504.6
379.6
348.61
326.6
292.48
258.52
259.22
236.94
229.44
226.44
239.44
256.88
363.56
585.6
812.8
878.8
883.8
809.8
832.8
824.8
864.8
843.8
766.8
611.8
506.8
405.8
314.8
317.8
296.07
250.28
253.88
264.88
269.88
252.88
252.88
251.88
376.88
575.88
839.88
839.88
896.28
806.28
837.28
801.28
847.28
821.88
731.08
503.76
450.76
341.76
324.08
292.88
255.89
205.0
213.5
206.5
196.5
203.0
203.5
205.0
208.0
258.52
297.52
318.52
375.0
322.0
337.04
340.04
368.04
345.04
320.0
266.0
258.0
224.0
210.0
220.0
216.5
205.0
213.5
206.5
196.5
203.0
203.5
205.0
208.0
242.76
254.76
282.56
298.56
289.56
292.56
307.56
283.56
312.56
275.56
249.0
249.0
227.0
216.0
205.5
216.5
281.72
307.92
278.96
292.96
275.96
295.96
259.96
360.96
540.96
784.96
850.96
859.96
790.96
856.96
852.96
828.96
833.96
790.04
632.96
566.96
444.96
334.96
336.96
324.86
269.86
231.0
251.48
260.48
245.98
250.98
242.48
327.0
620.0
907.0
928.0
957.0
905.0
940.0
957.0
950.0
897.0
827.0
590.0
485.0
423.0
344.0
298.0
291.44
258.0
219.0
224.0
228.0
216.0
206.0
225.0
379.0
606.0
913.0
912.0
960.0
886.0
948.0
906.0
918.0
894.0
768.0
568.0
409.0
360.0
284.0
254.0
291.44
264.0
210.0
216.0
213.0
232.0
203.0
238.0
379.0
607.0
864.0
906.0
935.0
854.0
865.0
895.0
864.0
853.0
760.0
533.0
414.0
351.52
270.52
270.0
258.02
234.5
207.0
229.0
210.0
213.5
208.0
249.76
340.0
645.0
819.0
889.0
915.0
891.0
899.0
850.0
858.0
878.76
727.76
491.76
354.76
294.52
278.52
204.0
252.96
204.0
209.0
214.0
196.0
200.0
203.0
185.0
199.0
227.0
212.0
229.0
228.0
233.0
207.0
246.0
214.0
225.0
243.0
232.0
240.0
230.0
222.0
191.0
216.5
221.0
203.0
206.0
197.0
194.0
197.0
191.0
207.0
177.0
232.0
234.0
260.0
255.0
236.0
253.0
271.0
253.0
291.0
266.0
263.0
240.0
256.0
233.0
216.5
205.0
210.0
207.0
207.0
195.0
213.0
199.0
338.0
632.0
916.0
977.0
991.0
906.0
922.0
946.0
909.0
882.0
760.0
549.0
426.0
373.0
274.0
288.0
247.9
477.28
476.28
475.28
475.28
474.28
476.28
486.28
524.28
600.28
658.28
663.28
699.28
711.28
683.28
640.28
677.28
676.28
626.28
577.28
429.0
356.0
280.0
273.0
255.38
262.0
220.0
233.0
221.0
220.0
230.0
247.0
375.0
602.0
882.0
922.0
994.0
890.0
929.0
900.0
881.0
898.0
748.0
483.0
407.0
366.0
300.0
290.0
255.38
252.0
231.0
245.0
214.0
246.0
206.0
226.0
370.0
604.0
894.0
895.0
930.0
859.0
924.0
913.0
895.0
881.0
719.0
511.0
382.0
347.0
301.0
267.16
255.38
218.0
232.0
209.0
248.0
204.0
227.0
214.0
364.0
613.0
855.0
877.0
900.0
807.0
905.0
874.0
833.0
870.12
739.0
478.0
385.0
349.0
278.0
222.0
255.38
235.0
220.0
216.0
213.0
213.0
207.0
217.0
179.0
211.0
240.0
214.0
231.0
253.0
229.0
191.0
186.0
190.0
202.0
212.0
247.0
257.0
243.0
240.0
242.0
211.0
209.0
194.0
217.5
220.0
190.0
204.0
196.0
175.41
207.0
187.0
192.0
193.0
198.0
182.0
200.0
179.0
216.0
201.0
233.0
249.04
230.0
226.0
241.0
243.0
212.0
224.0
217.5
217.0
218.0
198.0
212.0
175.41
216.0
196.0
189.0
175.0
190.0
192.0
186.0
371.0
666.0
938.0
972.0
1043.0
974.0
931.0
943.0
945.0
916.08
813.0
566.0
465.0
367.0
282.0
268.0
255.41
224.0
208.0
201.0
209.0
205.0
195.0
203.0
387.0
691.84
942.04
964.84
986.84
912.84
972.84
915.72
946.64
934.64
781.64
592.64
508.64
375.64
298.64
236.0
255.41
217.0
202.0
223.0
205.5
215.5
195.0
236.0
383.0
679.0
919.0
1010.0
1040.0
916.0
1003.0
953.0
945.0
895.0
779.0
592.0
452.0
380.0
269.0
269.0
255.41
215.0
211.0
245.0
202.0
226.0
195.0
217.0
365.0
692.88
913.88
957.08
982.88
886.88
906.88
909.44
902.56
850.0
709.0
537.0
394.0
303.0
237.0
205.0
255.41
177.0
194.0
174.0
156.0
172.0
165.0
160.0
457.0
208.0
278.0
255.0
248.0
217.0
271.0
250.0
275.0
244.0
249.04
217.5
214.0
212.0
184.0
210.0
179.88
188.0
201.0
198.0
180.0
180.0
184.0
178.0
182.0
196.0
250.0
281.0
280.0
278.0
250.0
246.0
261.0
261.0
255.0
220.0
205.0
222.0
182.0
204.0
176.915
187.0
179.0
182.0
189.0
180.0
174.0
223.0
332.0
650.12
925.16
974.16
1000.28
885.16
943.16
921.16
942.0
893.0
778.0
527.0
419.0
374.0
328.0
260.0
265.9
215.0
223.0
234.0
232.0
205.0
216.0
232.0
398.0
691.0
923.12
1006.11
1040.0
969.0
1004.0
935.0
952.0
928.0
783.0
510.0
443.0
396.0
357.12
292.0
260.81
217.0
226.0
230.0
217.0
209.0
216.0
222.0
384.0
606.0
915.0
928.0
970.0
911.0
969.0
913.0
890.0
918.0
733.0
498.0
443.0
372.0
312.0
285.0
260.81
225.0
225.5
224.5
206.0
201.0
196.0
234.0
394.0
643.12
929.0
927.0
1001.0
941.0
923.0
907.08
890.0
882.0
736.0
539.0
428.0
408.0
364.0
263.0
255.72
225.0
225.0
219.0
251.0
221.0
225.0
237.0
380.0
672.0
930.0
969.0
1023.0
911.0
937.0
969.0
931.12
911.0
759.0
501.0
397.0
352.0
302.0
271.0
252.36
206.0
207.0
205.5
196.0
201.0
192.0
202.0
216.0
286.0
301.0
297.0
316.0
309.0
300.0
303.0
311.0
285.0
309.0
238.0
225.0
239.0
209.0
236.0
176.915
206.0
213.0
213.0
216.0
193.0
198.0
186.0
230.0
246.0
310.0
324.0
355.0
308.0
289.0
270.0
287.0
275.0
279.0
240.0
245.0
256.0
217.0
210.0
176.915
225.0
194.0
207.0
192.0
199.0
205.0
217.0
376.0
605.0
852.0
929.0
929.0
852.52
887.52
864.12
873.0
867.52
696.52
519.44
452.44
331.44
287.76
261.0
252.36
225.0
200.5
216.5
205.5
201.0
211.5
250.6
347.6
620.6
805.6
839.6
889.0
875.0
833.0
841.0
842.0
836.0
669.0
489.0
411.0
327.0
276.0
263.0
252.36
225.0
207.0
226.0
219.0
203.0
218.0
249.0
386.0
631.0
830.0
832.0
916.0
875.12
844.0
861.0
848.08
824.0
686.12
478.6
370.6
363.0
276.0
282.0
252.36
233.0
213.0
211.0
236.0
212.0
236.0
220.0
383.0
650.0
839.0
882.0
924.0
881.0
889.0
850.0
854.0
834.0
689.0
505.0
416.0
332.0
311.0
256.0
252.36
236.0
247.0
211.0
203.0
231.0
233.0
259.0
351.0
662.0
888.0
876.0
972.12
873.0
898.0
837.0
832.0
839.0
665.0
497.0
382.0
325.0
299.0
232.0
252.36
224.0
212.0
210.0
218.0
206.0
233.0
196.0
190.0
205.0
212.0
219.0
220.0
224.0
229.0
215.0
218.0
228.0
225.0
215.0
222.0
203.0
239.0
217.0
176.915
206.0
217.0
217.0
208.0
204.0
202.0
203.0
201.0
199.0
216.0
242.0
270.0
249.0
238.0
231.0
244.0
238.0
223.0
242.0
218.0
234.0
215.0
209.0
176.915
207.0
206.0
201.0
192.0
220.0
200.0
225.0
383.0
672.0
933.0
1000.0
1047.0
949.12
1006.0
953.0
959.0
928.0
790.0
563.0
434.0
393.0
320.0
278.0
252.36
232.0
236.0
250.0
231.0
230.0
223.0
239.0
389.0
680.0
940.0
966.12
1041.0
925.0
955.12
960.0
932.0
914.0
761.0
480.0
407.12
336.0
289.0
244.0
252.36
222.0
201.0
223.0
216.0
267.0
201.0
222.0
359.0
696.0
752.0
970.0
1028.0
982.0
897.0
930.0
932.0
945.0
804.0
564.08
392.0
400.0
313.0
266.0
252.36
228.0
232.0
212.0
226.0
234.0
251.0
204.0
338.0
625.0
933.0
940.0
1006.0
962.08
950.0
941.0
951.0
947.0
800.0
512.0
434.12
384.0
320.0
246.0
249.0
240.0
204.0
214.0
214.0
241.0
221.0
224.0
350.0
595.0
946.0
944.0
999.0
915.0
935.08
892.0
899.0
873.0
792.0
418.0
322.0
269.0
258.0
226.0
259.97
231.0
197.0
210.0
216.0
239.0
191.0
211.0
197.0
204.0
241.0
258.0
244.0
254.0
297.0
280.0
291.0
258.0
253.0
261.0
230.0
252.0
214.0
234.0
176.915
204.0
225.0
225.0
218.0
203.0
218.0
187.0
207.0
232.0
210.0
214.0
312.0
269.0
291.5
232.0
253.0
250.0
238.0
234.0
235.0
208.0
217.0
211.0
176.915
233.0
212.0
223.0
195.0
212.0
210.0
212.0
335.0
625.0
936.0
972.0
1061.0
995.0
1003.0
1029.0
976.0
980.12
808.0
535.0
392.0
306.0
287.0
280.0
259.97
237.0
234.0
232.0
218.0
209.0
211.0
223.0
370.0
614.0
936.12
992.0
1025.12
968.0
994.0
968.0
952.0
995.0
846.0
542.0
444.0
357.0
309.0
246.0
259.97
237.0
219.0
246.0
223.0
217.0
220.0
213.0
360.0
637.0
915.0
949.0
1032.06
972.0
954.0
953.12
959.0
917.0
799.0
515.12
434.0
344.0
333.0
249.0
259.97
241.0
227.0
227.0
206.0
224.0
210.0
222.0
356.0
618.0
927.0
988.0
1039.0
969.0
966.12
997.0
980.12
960.0
852.0
568.0
410.0
358.0
296.0
268.0
259.97
268.0
222.0
237.0
233.0
226.0
229.0
205.0
372.0
597.0
919.0
953.0
1026.0
939.0
978.0
970.0
926.08
919.0
813.0
464.0
360.0
360.0
252.0
249.0
259.97
200.0
205.0
221.0
213.0
219.0
205.0
218.0
221.0
238.0
248.0
272.0
269.0
275.0
286.0
283.0
275.0
270.0
259.0
252.0
253.0
225.0
216.0
239.0
176.915
212.0
211.0
210.0
250.0
186.0
202.0
197.0
200.0
204.0
221.0
231.0
265.0
256.0
250.0
260.6
272.6
261.0
247.0
247.0
223.0
218.0
220.0
189.0
176.915
176.0
187.0
216.0
180.0
177.0
185.0
197.0
333.0
626.0
836.12
961.5
1062.0
971.0
984.0
995.0
953.08
962.0
837.0
575.0
448.0
377.0
300.0
279.0
259.97
232.0
205.0
257.0
216.0
216.0
202.0
230.0
357.0
648.0
919.0
970.0
1055.5
950.12
984.0
1035.0
962.0
936.24
856.0
601.0
474.0
376.0
311.0
262.0
270.94
239.0
247.0
247.0
236.0
222.0
226.0
244.0
375.0
643.0
958.0
953.12
1049.0
964.0
969.0
987.24
985.0
945.0
812.0
600.0
399.0
409.0
343.0
257.0
262.93
239.0
239.0
257.0
226.0
238.0
233.0
221.0
384.0
639.0
953.0
963.0
1048.0
950.0
993.0
949.0
968.0
964.0
825.12
597.0
478.0
381.0
316.0
285.0
262.93
248.0
249.0
226.0
244.0
231.0
222.0
245.0
375.0
650.0
935.0
971.0
1058.0
951.08
984.0
969.0
949.0
963.0
793.0
599.0
409.0
332.0
287.0
289.0
262.93
202.0
198.0
200.0
208.0
222.0
194.0
190.0
203.0
226.0
239.0
242.0
260.0
259.0
264.0
283.0
244.0
268.0
247.0
214.0
230.0
243.0
654.0
931.0
1018.0
1024.0
952.0
1014.0
986.0
990.0
941.0
817.0
527.0
432.0
351.0
290.0
308.0
254.92
224.0
241.0
227.0
237.0
210.0
248.0
230.0
402.0
630.0
970.0
992.0
1048.12
991.0
999.0
994.0
967.0
977.0
834.0
606.0
449.0
437.0
299.0
267.0
253.41
258.0
204.0
229.0
225.0
209.0
232.0
217.0
381.0
674.0
944.12
1013.0
1051.7199999999998
974.0
1056.0
1004.12
988.0
978.0
848.0
571.0
429.0
421.0
321.0
277.0
253.41
227.0
238.0
218.0
236.0
216.0
216.0
248.0
385.0
688.0
911.0
980.0
1051.7199999999998
958.0
1003.0
963.08
958.0
951.0
845.0
566.08
439.0
373.0
321.0
266.0
253.41
216.0
220.0
239.0
228.0
226.0
206.0
232.0
388.0
666.0
940.0
962.0
1051.7199999999998
946.68
973.68
999.12
948.0
909.0
805.0
488.0
359.0
337.0
275.0
245.0
253.41
202.0
203.0
205.0
213.0
215.0
199.0
208.0
215.0
221.5
223.0
264.08
243.08
311.64
255.7
268.74
279.04
246.04
232.0
239.5
232.5
248.0
204.5
231.0
176.915
200.0
200.0
181.0
190.0
197.0
216.0
196.0
205.0
217.0
207.0
239.0
272.0
318.12
257.0
262.0
243.0
264.0
221.0
265.0
235.0
253.0
195.0
215.0
176.915
188.0
224.0
195.0
197.0
204.0
187.0
185.0
369.0
632.0
950.32
1007.32
1055.32
959.0
1006.4
973.4
994.4
967.52
843.4
585.12
426.0
474.0
309.0
258.0
253.41
231.0
211.0
227.0
241.0
217.0
223.0
240.0
350.0
625.8
957.32
1002.32
1048.12
964.12
989.12
955.44
978.44
934.44
865.44
583.44
446.64
357.0
318.0
276.0
253.41
223.5
206.0
225.0
236.5
235.0
231.0
219.0
376.0
642.0
923.0
957.0
1049.0
934.0
969.08
959.08
942.12
900.0
842.0
520.0
431.0
356.0
290.0
258.0
251.9
216.0
201.0
223.0
232.0
211.0
214.0
212.0
376.0
663.0
909.0
952.0
1045.0
937.0
948.0
971.24
924.0
906.0
812.0
512.0
364.0
343.0
317.0
253.0
249.905
217.0
211.0
194.0
213.0
195.0
214.0
206.0
342.0
599.0
905.0
929.0
1030.0
956.0
954.0
913.0
903.0
884.0
773.0
507.0
362.0
315.0
255.0
237.0
249.905
194.0
192.0
205.0
195.0
197.0
204.0
189.5
213.0
212.0
255.0
285.0
270.52
251.52
286.0
267.0
243.0
252.0
246.0
245.0
221.0
211.0
217.0
202.0
176.915
216.0
201.0
200.0
186.0
189.0
192.0
183.0
196.0
189.0
219.0
224.0
291.0
284.0
241.0
242.0
251.0
268.0
255.0
226.0
241.0
229.0
231.0
208.0
176.915
185.0
193.0
188.0
193.0
202.0
185.0
212.0
350.0
637.0
972.0
928.0
1048.0
959.0
959.12
990.0
946.0
935.0
823.0
531.0
477.16
362.0
316.0
245.0
249.905
273.24
203.5
256.24
199.0
280.24
197.0
216.5
349.24
609.24
787.24
978.0
1044.0
945.0
967.0
990.0
961.0
914.0
817.0
565.0
423.0
349.0
288.0
242.0
249.905
234.62
214.0
245.0
205.0
218.0
209.0
221.0
361.0
671.0
929.0
997.0
1063.0
956.0
967.0
974.0
955.0
922.0
808.0
522.0
427.0
387.0
310.0
239.0
249.905
234.62
214.0
228.0
215.0
213.0
211.0
225.0
394.0
677.0
940.0
979.0
1062.24
956.0
948.0
951.0
949.16
960.0
815.0
492.0
395.0
344.12
292.0
244.0
249.905
234.62
238.0
197.0
206.5
213.0
199.0
217.0
367.0
646.0
944.0
932.0
1029.0
904.0
1000.0
940.0
939.0
895.0
810.0
487.0
330.0
312.0
279.0
225.0
249.905
205.0
218.0
185.0
191.0
173.0
186.0
194.0
208.0
204.0
273.0
297.0
296.0
298.0
295.0
299.0
299.0
298.0
264.0
244.0
231.0
224.0
223.0
200.0
176.915
193.0
206.0
182.0
203.0
174.0
190.0
188.0
167.0
192.0
230.0
208.0
244.0
270.0
234.0
240.0
258.0
232.0
241.0
229.0
228.0
241.0
217.0
207.0
176.915
196.0
196.0
197.0
198.0
215.0
183.0
202.0
349.0
591.0
894.0
920.0
992.0
950.0
987.12
945.0
929.0
881.0
792.0
543.0
432.0
297.0
283.12
240.0
249.905
233.0
213.0
196.0
232.0
212.0
205.0
219.0
356.0
590.0
931.0
931.0
1040.0
946.0
989.0
996.12
960.0
952.0
855.0
567.0
455.0
356.0
291.0
248.0
249.905
218.0
231.0
227.0
218.0
228.0
220.0
255.0
378.0
622.0
950.0
998.0
1057.52
956.52
1009.0
970.0
934.0
937.0
798.0
482.0
436.0
361.0
292.0
279.0
249.905
238.0
203.0
214.0
220.0
217.0
246.0
213.0
374.0
641.0
930.0
945.0
1039.12
939.0
954.0
983.0
935.0
952.0
830.0
578.0
430.0
389.0
338.0
258.0
247.91
246.0
230.0
208.0
221.0
209.0
235.0
240.0
364.0
624.0
958.12
965.12
1018.0
972.0
950.0
941.0
980.0
923.0
812.0
498.0
432.0
361.0
325.0
246.0
251.385
207.0
242.0
204.0
204.0
209.0
188.0
221.0
245.0
228.0
260.0
286.0
284.0
251.0
315.0
276.0
300.0
288.0
257.0
257.0
246.0
238.0
225.0
218.0
176.915
221.0
233.0
198.0
186.0
212.0
199.0
190.0
216.0
223.0
208.0
217.0
292.0
268.0
241.0
220.0
217.0
242.0
231.0
211.0
228.0
241.0
221.0
215.0
176.915
202.0
199.0
211.0
215.0
199.0
188.0
215.0
345.0
691.0
965.0
1001.12
1021.64
952.0
991.0
996.0
972.08
951.0
810.0
552.12
459.0
407.0
335.0
268.0
251.385
219.5
222.5
215.5
228.5
205.5
191.0
243.28
399.28
653.28
910.28
951.28
1025.28
949.28
970.28
947.0
945.12
915.0
796.0
532.0
463.0
367.0
313.0
270.0
254.86
237.0
246.0
220.0
242.0
212.0
191.0
220.64
411.0
664.0
928.0
917.0
1003.12
922.0
949.0
933.0
936.08
900.0
745.0
453.0
401.0
298.0
288.0
222.0
258.545
204.0
211.0
205.0
192.0
216.0
213.0
190.0
222.0
201.0
226.0
214.0
295.0
280.0
224.0
259.0
234.0
223.0
238.0
204.0
242.0
211.0
212.0
184.0
176.915
211.0
188.0
183.0
199.0
194.0
170.0
193.0
187.0
241.0
251.0
216.0
324.0
309.0
253.0
232.0
228.0
261.0
225.5
213.0
216.0
209.0
190.0
195.0
176.915
199.0
199.0
226.0
185.0
199.0
185.0
181.0
195.0
204.0
213.0
219.0
237.0
218.0
224.0
234.0
231.0
249.0
213.0
222.0
213.0
223.0
205.0
198.0
176.915
208.0
204.0
197.0
196.0
199.0
194.0
198.0
365.0
667.0
905.0
947.0
1052.0
927.0
975.0
927.0
942.0
899.0
797.0
455.0
358.0
336.0
292.0
235.0
258.545
217.5
225.0
237.0
235.0
198.0
213.0
214.0
371.0
640.0
947.0
973.0
1051.0
960.24
1024.0
1002.0
978.0
978.0
872.12
642.0
518.0
365.12
311.0
275.0
262.23
217.5
227.0
236.0
254.0
220.0
238.0
221.0
412.04
626.04
928.0
1009.0
1055.0
948.0
995.0
986.0
987.0
942.0
793.0
640.12
445.0
369.0
313.0
262.0
243.27
217.5
226.0
221.0
242.0
201.0
235.0
262.0
359.0
629.0
938.0
978.0
1043.0
959.0
976.0
935.0
952.0
946.96
798.84
546.84
427.52
350.0
306.0
260.0
247.76
217.5
221.0
215.0
212.0
214.0
206.0
217.0
373.08
644.0
923.0
968.12
1028.28
932.28
972.28
940.28
911.0
895.0
808.12
516.0
411.0
342.0
300.0
245.0
252.25
217.5
214.0
217.0
213.0
231.0
242.0
215.0
378.0
629.0
873.0
896.0
989.0
881.0
877.0
947.0
863.0
875.0
786.0
495.0
388.0
352.0
273.0
241.0
251.115
203.0
201.0
215.0
195.0
205.5
192.0
189.0
196.5
222.0
228.0
223.0
249.0
240.0
223.0
237.0
254.0
222.0
225.0
233.0
216.0
219.0
216.0
206.0
176.915
207.0
203.0
204.0
205.0
212.0
199.0
197.0
198.0
200.0
210.0
236.0
249.0
244.0
235.0
239.0
220.0
252.0
220.0
235.0
245.0
220.5
207.0
215.0
176.915
910.0
768.0
586.0
443.0
357.0
254.0
255.0
224.43
223.5
227.0
200.0
207.0
213.0
205.0
232.0
373.0
671.0
941.04
947.04
984.0
878.0
956.0
934.0
922.0
912.0
749.0
545.0
409.0
314.0
279.0
245.0
224.43
198.5
225.0
226.0
209.0
225.0
210.5
182.5
206.0
256.0
299.0
313.0
310.0
271.0
311.0
304.0
303.0
300.0
261.0
250.0
258.0
246.0
221.0
212.0
157.34
198.5
219.0
204.0
218.0
210.0
218.0
182.5
200.0
235.0
255.0
271.0
273.0
281.0
260.0
268.52
270.52
247.0
263.0
241.0
227.0
227.0
198.0
205.0
157.34
219.0
206.0
190.0
191.0
209.0
201.0
231.0
352.0
637.0
910.0
941.0
964.0
848.0
924.0
887.0
908.0
882.0
718.0
463.0
373.0
305.0
246.0
219.0
224.43
198.0
202.0
200.0
192.0
193.0
197.0
230.0
358.0
630.0
904.0
937.0
964.0
857.0
900.0
914.0
907.0
885.0
734.0
449.0
364.0
307.0
255.0
251.0
224.43
209.0
194.0
190.0
211.0
198.0
191.0
229.0
361.0
658.0
882.0
909.0
943.0
829.0
889.0
884.0
890.0
840.0
710.0
446.0
391.0
317.0
279.0
240.0
224.43
202.0
207.0
190.0
221.0
186.0
190.0
234.0
343.0
625.0
838.0
888.0
924.0
799.0
851.0
857.0
854.0
837.0
696.0
445.0
369.0
273.6
277.0
205.0
224.43
197.0
195.0
206.0
196.0
184.0
199.0
191.0
194.0
225.0
254.0
258.0
264.0
249.0
251.0
267.0
255.0
237.0
249.0
225.0
213.0
197.0
220.0
184.0
157.34
193.0
185.0
186.0
205.0
178.0
192.0
193.0
174.0
183.0
241.0
214.0
217.0
244.0
218.0
249.0
225.0
241.0
233.0
216.0
201.0
222.0
191.0
190.5
157.34
195.0
189.0
186.0
189.0
190.5
191.5
197.0
353.0
632.0
894.0
924.0
957.0
878.0
921.0
909.0
889.0
891.0
729.0
563.0
408.0
336.0
275.0
233.0
224.43
204.0
198.0
195.0
199.0
195.0
193.0
219.0
363.0
614.0
881.0
933.0
929.0
843.0
880.0
865.0
844.0
816.0
678.0
423.0
333.0
295.0
281.0
222.0
224.43
209.0
200.0
202.0
220.0
185.0
203.0
215.0
353.0
664.0
898.0
915.0
962.0
845.0
896.0
892.0
917.0
887.0
708.0
490.0
399.0
342.0
276.0
245.0
224.43
189.0
214.0
201.0
215.0
202.0
194.0
221.5
343.56
658.0
904.0
943.0
981.0
889.0
934.0
911.0
905.0
885.0
750.0
532.0
444.0
332.0
256.0
214.0
224.43
205.0
205.0
198.0
201.5
219.0
196.0
228.0
351.0
640.0
892.0
898.0
926.0
853.0
890.0
880.0
868.0
857.0
704.0
520.0
383.0
270.0
239.0
199.0
224.43
184.0
197.0
184.0
182.0
189.0
189.0
166.0
186.0
205.0
264.0
258.0
278.0
270.08
316.08
314.0
302.0
310.0
241.0
230.0
224.0
223.0
221.0
197.0
157.34
205.0
187.0
200.0
196.0
186.0
194.0
184.0
190.0
193.0
246.0
237.0
255.0
248.0
258.0
240.0
254.0
243.0
239.0
224.0
208.0
212.0
203.0
202.0
157.34
195.0
199.0
195.0
188.0
209.0
197.0
229.0
378.0
644.0
906.0
930.0
964.0
877.0
918.0
915.0
916.0
893.0
725.0
469.0
390.0
303.0
246.0
240.0
224.43
200.0
207.0
233.0
211.0
196.0
211.0
243.0
355.0
645.0
822.52
895.52
946.52
854.52
910.52
901.52
868.08
846.08
768.08
559.08
453.84
337.84
291.84
245.0
224.43
207.0
204.5
224.5
215.5
222.0
200.5
226.5
317.64
637.68
875.68
885.68
927.0
829.0
902.0
886.0
874.0
850.0
748.0
447.0
342.0
310.0
273.52
262.52
224.43
207.0
202.0
216.0
220.0
205.0
200.5
226.5
356.0
599.0
870.0
893.0
930.0
844.0
867.0
851.52
868.52
874.0
703.0
485.0
400.0
321.0
261.0
234.0
224.43
207.0
205.0
219.0
204.0
199.0
200.5
226.5
366.0
608.0
855.0
851.0
910.0
819.0
860.0
860.0
838.0
851.0
715.0
452.0
384.0
334.0
279.0
236.0
224.43
211.0
207.0
213.0
186.0
214.0
201.0
192.0
200.0
231.0
280.0
299.0
304.0
285.0
320.0
307.0
316.0
291.0
257.0
242.0
224.0
220.0
226.0
189.0
157.34
186.5
194.5
186.5
182.0
200.5
204.0
176.0
179.0
215.0
240.0
233.0
252.0
238.0
244.0
266.0
239.0
253.0
245.0
236.0
218.0
222.0
217.0
193.0
157.34
207.0
207.0
192.0
188.0
199.0
200.5
226.5
334.56
571.0
853.0
866.0
904.0
839.0
874.0
886.0
885.0
872.0
763.32
493.32
383.32
341.0
284.0
250.0
224.43
207.0
205.0
184.5
193.0
199.0
200.5
210.0
352.0
649.0
850.0
934.0
948.0
825.0
889.52
898.52
886.52
861.52
745.0
479.0
328.0
292.08
271.08
223.0
224.43
207.0
203.0
177.0
198.0
193.0
190.0
214.0
337.0
574.0
878.0
909.52
950.52
829.0
894.0
875.0
887.0
865.0
731.0
459.0
356.0
312.0
262.0
208.0
186.0
207.0
200.0
186.5
193.5
196.5
185.0
190.0
320.0
551.0
852.0
875.0
931.0
805.0
880.0
873.0
880.0
872.0
723.0
513.0
387.0
314.0
282.0
223.0
180.94
214.0
197.0
196.0
189.0
200.0
201.0
190.0
343.0
593.0
831.0
904.0
928.0
812.0
858.0
850.0
860.0
839.0
724.0
508.0
360.0
289.0
238.0
231.0
180.94
186.5
194.5
186.5
178.0
187.0
160.0
159.0
174.0
214.0
290.0
262.0
269.0
238.0
285.0
273.0
285.0
271.0
244.0
197.0
177.0
189.0
164.0
182.0
162.83
162.0
182.0
160.0
172.0
175.0
154.0
152.0
159.0
181.0
245.0
263.0
286.0
234.0
289.0
284.0
266.0
268.0
251.0
216.0
193.0
230.0
203.0
206.0
164.365
160.0
183.0
151.0
161.04
180.04
188.5
170.0
292.0
509.0
839.0
827.0
859.0
746.0
837.0
815.56
811.56
826.0
685.0
457.0
378.0
321.0
254.0
235.0
180.94
191.0
168.0
188.0
171.0
165.0
176.0
182.0
283.0
532.0
801.0
833.0
839.0
740.0
806.0
797.0
813.0
806.0
669.0
437.0
388.0
327.0
260.0
240.0
180.94
188.0
176.0
168.0
184.0
178.0
187.0
178.0
303.0
550.0
790.0
824.0
851.0
724.0
817.0
812.0
785.0
785.0
659.0
412.0
338.0
295.0
246.0
236.0
180.94
171.0
174.0
173.0
173.0
171.0
170.0
181.0
283.0
510.0
814.0
831.0
858.0
757.0
816.0
809.0
800.0
784.0
678.0
443.0
361.0
306.0
274.0
249.0
180.94
194.0
177.0
160.0
182.0
161.0
159.0
184.0
275.0
514.0
803.0
801.0
860.0
739.0
795.0
787.0
751.0
761.0
631.0
460.0
318.0
255.0
230.0
202.0
180.94
163.5
162.0
179.0
168.5
148.0
174.0
152.0
158.0
170.0
184.0
194.0
204.0
197.0
210.0
199.0
215.0
186.0
183.0
172.0
194.5
196.0
174.0
164.0
165.9
165.0
162.0
159.0
165.0
154.0
158.0
151.0
165.0
161.0
170.0
173.0
194.0
170.0
172.0
195.0
184.0
189.0
184.0
170.0
196.0
174.0
170.0
144.0
165.87
162.0
168.5
153.0
156.0
164.0
150.0
159.0
160.0
143.0
171.0
196.0
204.0
188.0
189.5
209.0
200.0
203.0
196.5
185.5
186.5
183.5
174.2
158.5
164.39
192.0
178.5
172.0
174.2
166.0
162.5
158.2
261.2
432.2
628.2
819.0
808.0
707.0
825.0
785.0
790.0
760.0
668.0
461.0
356.0
286.0
232.0
215.0
180.94
190.0
180.0
184.0
164.0
171.0
166.0
167.0
299.0
540.68
760.68
819.0
854.0
748.0
826.0
800.0
787.0
773.0
653.0
447.0
331.0
315.0
245.0
221.0
180.94
184.0
184.0
173.0
162.0
175.0
170.0
177.0
284.0
512.0
788.0
824.0
847.0
736.0
805.0
790.0
781.0
757.0
638.0
441.0
339.0
281.0
244.0
232.0
180.94
178.0
199.0
164.0
187.0
167.5
175.0
205.0
300.56
218.0
198.0
212.0
175.41
216.0
196.0
189.0
175.0
190.0
192.0
186.0
371.0
666.0
938.0
972.0
1043.0
974.0
931.0
943.0
945.0
916.08
813.0
566.0
465.0
367.0
282.0
268.0
255.41
224.0
208.0
201.0
209.0
205.0
195.0
203.0
387.0
691.84
942.04
964.84
986.84
912.84
972.84
915.72
946.64
934.64
781.64
592.64
508.64
375.64
298.64
236.0
255.41
217.0
202.0
223.0
205.5
215.5
195.0
236.0
383.0
679.0
919.0
1010.0
1040.0
916.0
1003.0
953.0
945.0
895.0
779.0
592.0
452.0
380.0
269.0
269.0
255.41
215.0
211.0
245.0
202.0
226.0
195.0
217.0
365.0
692.88
913.88
957.08
982.88
886.88
906.88
909.44
902.56
850.0
709.0
537.0
394.0
303.0
237.0
205.0
255.41
177.0
194.0
174.0
156.0
172.0
165.0
160.0
457.0
208.0
278.0
255.0
248.0
217.0
271.0
250.0
275.0
244.0
249.04
217.5
214.0
212.0
184.0
210.0
179.88
188.0
201.0
198.0
180.0
180.0
184.0
178.0
182.0
196.0
250.0
281.0
280.0
278.0
250.0
246.0
261.0
261.0
255.0
220.0
205.0
222.0
182.0
204.0
176.915
187.0
179.0
182.0
189.0
180.0
174.0
223.0
332.0
650.12
925.16
974.16
1000.28
885.16
943.16
921.16
942.0
893.0
778.0
527.0
419.0
374.0
328.0
260.0
265.9
215.0
223.0
234.0
232.0
205.0
216.0
232.0
398.0
691.0
923.12
1006.11
1040.0
969.0
1004.0
935.0
952.0
928.0
783.0
510.0
443.0
396.0
357.12
292.0
260.81
217.0
226.0
230.0
217.0
209.0
216.0
222.0
384.0
606.0
915.0
928.0
970.0
911.0
969.0
913.0
890.0
918.0
733.0
498.0
443.0
372.0
312.0
285.0
260.81
225.0
225.5
224.5
206.0
201.0
196.0
234.0
394.0
643.12
929.0
927.0
1001.0
941.0
923.0
907.08
890.0
882.0
736.0
539.0
428.0
408.0
364.0
263.0
255.72
225.0
225.0
219.0
251.0
221.0
225.0
237.0
380.0
672.0
930.0
969.0
1023.0
911.0
937.0
969.0
931.12
911.0
759.0
501.0
397.0
352.0
302.0
271.0
252.36
206.0
207.0
205.5
196.0
201.0
192.0
202.0
216.0
286.0
301.0
297.0
316.0
309.0
300.0
303.0
311.0
285.0
309.0
238.0
225.0
239.0
209.0
236.0
176.915
206.0
213.0
213.0
216.0
193.0
198.0
186.0
230.0
246.0
310.0
324.0
355.0
308.0
289.0
270.0
287.0
275.0
279.0
240.0
245.0
256.0
217.0
210.0
176.915
225.0
194.0
207.0
192.0
199.0
205.0
217.0
376.0
605.0
852.0
929.0
929.0
852.52
887.52
864.12
873.0
867.52
696.52
519.44
452.44
331.44
287.76
261.0
252.36
225.0
200.5
216.5
205.5
201.0
211.5
250.6
347.6
620.6
805.6
839.6
889.0
875.0
833.0
841.0
842.0
836.0
669.0
489.0
411.0
327.0
276.0
263.0
252.36
225.0
207.0
226.0
219.0
203.0
218.0
249.0
386.0
631.0
830.0
832.0
916.0
875.12
844.0
861.0
848.08
824.0
686.12
478.6
370.6
363.0
276.0
282.0
252.36
233.0
213.0
211.0
236.0
212.0
236.0
220.0
383.0
650.0
839.0
882.0
924.0
881.0
889.0
850.0
854.0
834.0
689.0
505.0
416.0
332.0
311.0
256.0
252.36
236.0
247.0
211.0
203.0
231.0
233.0
259.0
351.0
662.0
888.0
876.0
972.12
873.0
898.0
837.0
832.0
839.0
665.0
497.0
382.0
325.0
299.0
232.0
252.36
224.0
212.0
210.0
218.0
206.0
233.0
196.0
190.0
205.0
212.0
219.0
220.0
224.0
229.0
215.0
218.0
228.0
225.0
215.0
222.0
203.0
239.0
217.0
176.915
206.0
217.0
217.0
208.0
204.0
202.0
203.0
201.0
199.0
216.0
242.0
270.0
249.0
238.0
231.0
244.0
238.0
223.0
242.0
218.0
234.0
215.0
209.0
176.915
207.0
206.0
201.0
192.0
220.0
200.0
225.0
383.0
672.0
933.0
1000.0
1047.0
949.12
1006.0
953.0
959.0
928.0
790.0
563.0
434.0
393.0
320.0
278.0
252.36
232.0
236.0
250.0
231.0
230.0
223.0
239.0
389.0
680.0
940.0
966.12
1041.0
925.0
955.12
960.0
932.0
914.0
761.0
480.0
407.12
336.0
289.0
244.0
252.36
222.0
201.0
223.0
216.0
267.0
201.0
222.0
359.0
696.0
752.0
970.0
1028.0
982.0
897.0
930.0
932.0
945.0
804.0
564.08
392.0
400.0
313.0
266.0
252.36
228.0
232.0
212.0
226.0
234.0
251.0
204.0
338.0
625.0
933.0
940.0
1006.0
962.08
950.0
941.0
951.0
947.0
800.0
512.0
434.12
384.0
320.0
246.0
249.0
240.0
204.0
214.0
214.0
241.0
221.0
224.0
350.0
595.0
946.0
944.0
999.0
915.0
935.08
892.0
899.0
873.0
792.0
418.0
322.0
269.0
258.0
226.0
259.97
231.0
197.0
210.0
216.0
239.0
191.0
211.0
197.0
204.0
241.0
258.0
244.0
254.0
297.0
280.0
291.0
258.0
253.0
261.0
230.0
252.0
214.0
234.0
176.915
204.0
225.0
225.0
218.0
203.0
218.0
187.0
207.0
232.0
210.0
214.0
312.0
269.0
291.5
232.0
253.0
250.0
238.0
234.0
235.0
208.0
217.0
211.0
176.915
233.0
212.0
223.0
195.0
212.0
210.0
212.0
335.0
625.0
936.0
972.0
1061.0
995.0
1003.0
1029.0
976.0
980.12
808.0
535.0
392.0
306.0
287.0
280.0
259.97
237.0
234.0
232.0
218.0
209.0
211.0
223.0
370.0
614.0
936.12
992.0
1025.12
968.0
994.0
968.0
952.0
995.0
846.0
542.0
444.0
357.0
309.0
246.0
259.97
237.0
219.0
246.0
223.0
217.0
220.0
213.0
360.0
637.0
915.0
949.0
1032.06
972.0
954.0
953.12
959.0
917.0
799.0
515.12
434.0
344.0
333.0
249.0
259.97
241.0
227.0
227.0
206.0
224.0
210.0
222.0
356.0
618.0
927.0
988.0
1039.0
969.0
966.12
997.0
980.12
960.0
852.0
568.0
410.0
358.0
296.0
268.0
259.97
268.0
222.0
237.0
233.0
226.0
229.0
205.0
372.0
597.0
919.0
953.0
1026.0
939.0
978.0
970.0
926.08
919.0
813.0
464.0
360.0
360.0
252.0
249.0
259.97
200.0
205.0
221.0
213.0
219.0
205.0
218.0
221.0
238.0
248.0
272.0
269.0
275.0
286.0
283.0
275.0
270.0
259.0
252.0
253.0
225.0
216.0
239.0
176.915
212.0
211.0
210.0
250.0
186.0
202.0
197.0
200.0
204.0
221.0
231.0
265.0
256.0
250.0
260.6
272.6
261.0
247.0
247.0
223.0
218.0
220.0
189.0
176.915
176.0
187.0
216.0
180.0
177.0
185.0
197.0
333.0
626.0
836.12
961.5
1062.0
971.0
984.0
995.0
953.08
962.0
837.0
575.0
448.0
377.0
300.0
279.0
259.97
232.0
205.0
257.0
216.0
216.0
202.0
230.0
357.0
648.0
919.0
970.0
1055.5
950.12
984.0
1035.0
962.0
936.24
856.0
601.0
474.0
376.0
311.0
262.0
270.94
239.0
247.0
247.0
236.0
222.0
226.0
244.0
375.0
643.0
958.0
953.12
1049.0
964.0
969.0
987.24
985.0
945.0
812.0
600.0
399.0
409.0
343.0
257.0
262.93
239.0
239.0
257.0
226.0
238.0
233.0
221.0
384.0
639.0
953.0
963.0
1048.0
950.0
993.0
949.0
968.0
964.0
825.12
597.0
478.0
381.0
316.0
285.0
262.93
248.0
249.0
226.0
244.0
231.0
222.0
245.0
375.0
650.0
935.0
971.0
1058.0
951.08
984.0
969.0
949.0
963.0
793.0
599.0
409.0
332.0
287.0
289.0
262.93
202.0
198.0
200.0
208.0
222.0
194.0
190.0
203.0
226.0
239.0
242.0
260.0
259.0
264.0
283.0
244.0
268.0
247.0
214.0
230.0
243.0
201.0
212.0
176.915
191.0
206.0
218.0
195.0
218.5
196.5
199.0
209.0
221.5
223.0
253.04
314.16
305.16
254.4
275.48
262.48
268.84
262.84
239.5
232.5
248.0
214.0
196.0
176.915
196.0
217.0
191.0
202.0
215.0
208.0
208.0
359.0
654.0
931.0
1018.0
1024.0
252.36
225.0
207.0
226.0
219.0
203.0
218.0
249.0
386.0
631.0
830.0
832.0
916.0
875.12
844.0
861.0
848.08
824.0
686.12
478.6
370.6
363.0
276.0
282.0
252.36
233.0
213.0
211.0
236.0
212.0
236.0
220.0
383.0
650.0
839.0
882.0
924.0
881.0
889.0
850.0
854.0
834.0
689.0
505.0
416.0
332.0
311.0
256.0
252.36
236.0
247.0
211.0
203.0
231.0
233.0
259.0
351.0
662.0
888.0
876.0
972.12
873.0
898.0
837.0
832.0
839.0
665.0
497.0
382.0
325.0
299.0
232.0
252.36
224.0
212.0
210.0
218.0
206.0
233.0
196.0
190.0
205.0
212.0
219.0
220.0
224.0
229.0
215.0
218.0
228.0
225.0
215.0
222.0
203.0
239.0
217.0
176.915
206.0
217.0
217.0
208.0
204.0
202.0
203.0
201.0
199.0
216.0
242.0
270.0
249.0
238.0
231.0
244.0
238.0
223.0
242.0
218.0
234.0
215.0
209.0
176.915
207.0
206.0
201.0
192.0
220.0
200.0
225.0
383.0
672.0
933.0
1000.0
1047.0
949.12
1006.0
953.0
959.0
928.0
790.0
563.0
434.0
393.0
320.0
278.0
252.36
232.0
236.0
250.0
231.0
230.0
223.0
239.0
389.0
680.0
940.0
966.12
1041.0
925.0
955.12
960.0
932.0
914.0
761.0
480.0
407.12
336.0
289.0
244.0
252.36
222.0
201.0
223.0
216.0
267.0
201.0
222.0
359.0
696.0
752.0
970.0
1028.0
982.0
897.0
930.0
932.0
945.0
804.0
564.08
392.0
400.0
313.0
266.0
252.36
228.0
232.0
212.0
226.0
234.0
251.0
204.0
338.0
625.0
933.0
940.0
1006.0
962.08
950.0
941.0
951.0
947.0
800.0
512.0
434.12
384.0
320.0
246.0
249.0
240.0
204.0
214.0
214.0
241.0
221.0
224.0
350.0
595.0
946.0
944.0
999.0
915.0
935.08
892.0
899.0
873.0
792.0
418.0
322.0
269.0
258.0
226.0
259.97
231.0
197.0
210.0
216.0
239.0
191.0
211.0
197.0
204.0
241.0
258.0
244.0
254.0
297.0
280.0
291.0
258.0
253.0
261.0
230.0
252.0
214.0
234.0
176.915
204.0
225.0
225.0
218.0
203.0
218.0
187.0
207.0
232.0
210.0
214.0
312.0
269.0
291.5
232.0
253.0
250.0
238.0
234.0
235.0
208.0
217.0
211.0
176.915
233.0
212.0
223.0
195.0
212.0
210.0
212.0
335.0
625.0
936.0
972.0
1061.0
995.0
1003.0
1029.0
976.0
980.12
808.0
535.0
392.0
306.0
287.0
280.0
259.97
237.0
234.0
232.0
218.0
209.0
211.0
223.0
370.0
614.0
936.12
992.0
1025.12
968.0
994.0
968.0
952.0
995.0
846.0
542.0
444.0
357.0
309.0
246.0
259.97
237.0
219.0
246.0
223.0
217.0
220.0
213.0
360.0
637.0
915.0
949.0
1032.06
972.0
954.0
953.12
959.0
917.0
799.0
515.12
434.0
344.0
333.0
249.0
259.97
241.0
227.0
227.0
206.0
224.0
210.0
222.0
356.0
618.0
927.0
988.0
1039.0
969.0
966.12
997.0
980.12
960.0
852.0
568.0
410.0
358.0
296.0
268.0
259.97
268.0
222.0
237.0
233.0
226.0
229.0
205.0
372.0
597.0
919.0
953.0
1026.0
939.0
978.0
970.0
926.08
919.0
813.0
464.0
360.0
360.0
252.0
249.0
259.97
200.0
205.0
221.0
213.0
219.0
205.0
218.0
221.0
238.0
248.0
272.0
269.0
275.0
286.0
283.0
275.0
270.0
259.0
252.0
253.0
225.0
216.0
239.0
176.915
212.0
211.0
210.0
250.0
186.0
202.0
197.0
200.0
204.0
221.0
231.0
265.0
256.0
250.0
260.6
272.6
261.0
247.0
247.0
223.0
218.0
220.0
189.0
176.915
176.0
187.0
216.0
180.0
177.0
185.0
197.0
333.0
626.0
836.12
961.5
1062.0
971.0
984.0
995.0
953.08
962.0
837.0
575.0
448.0
377.0
300.0
279.0
259.97
232.0
205.0
257.0
216.0
216.0
202.0
230.0
357.0
648.0
919.0
970.0
1055.5
950.12
984.0
1035.0
962.0
936.24
856.0
601.0
474.0
376.0
311.0
262.0
270.94
239.0
247.0
247.0
236.0
222.0
226.0
244.0
375.0
643.0
958.0
953.12
1049.0
964.0
969.0
987.24
985.0
945.0
812.0
600.0
399.0
409.0
343.0
257.0
262.93
239.0
239.0
257.0
226.0
238.0
233.0
221.0
384.0
639.0
953.0
963.0
1048.0
950.0
993.0
949.0
968.0
964.0
825.12
597.0
478.0
381.0
316.0
285.0
262.93
248.0
249.0
226.0
244.0
231.0
222.0
245.0
375.0
650.0
935.0
971.0
1058.0
951.08
984.0
969.0
949.0
963.0
793.0
599.0
409.0
332.0
287.0
289.0
262.93
202.0
198.0
200.0
208.0
222.0
194.0
190.0
203.0
226.0
239.0
242.0
260.0
259.0
264.0
283.0
244.0
268.0
247.0
214.0
230.0
243.0
201.0
212.0
176.915
191.0
206.0
218.0
195.0
218.5
196.5
199.0
209.0
221.5
223.0
253.04
314.16
305.16
254.4
275.48
262.48
268.84
262.84
239.5
232.5
248.0
214.0
196.0
176.915
196.0
217.0
191.0
202.0
215.0
208.0
208.0
359.0
654.0
931.0
1018.0
1024.0
952.0
1014.0
986.0
990.0
941.0
817.0
527.0
432.0
351.0
290.0
308.0
254.92
224.0
241.0
227.0
237.0
210.0
248.0
230.0
402.0
630.0
970.0
992.0
1048.12
991.0
999.0
994.0
967.0
977.0
834.0
606.0
449.0
437.0
299.0
267.0
253.41
258.0
204.0
229.0
225.0
209.0
232.0
217.0
381.0
674.0
944.12
1013.0
1051.7199999999998
974.0
1056.0
1004.12
988.0
978.0
848.0
571.0
429.0
421.0
321.0
277.0
253.41
227.0
238.0
218.0
236.0
216.0
216.0
248.0
385.0
688.0
911.0
980.0
1051.7199999999998
958.0
1003.0
963.08
958.0
951.0
845.0
566.08
439.0
373.0
321.0
266.0
253.41
216.0
220.0
239.0
228.0
226.0
206.0
232.0
388.0
666.0
940.0
962.0
1051.7199999999998
946.68
973.68
999.12
948.0
909.0
805.0
488.0
359.0
337.0
275.0
245.0
253.41
202.0
203.0
205.0
213.0
215.0
199.0
208.0
215.0
221.5
223.0
264.08
243.08
311.64
255.7
268.74
279.04
246.04
232.0
239.5
232.5
248.0
204.5
231.0
176.915
200.0
200.0
181.0
190.0
197.0
216.0
196.0
205.0
217.0
207.0
239.0
272.0
318.12
257.0
262.0
243.0
264.0
221.0
265.0
235.0
253.0
195.0
215.0
176.915
188.0
224.0
195.0
197.0
204.0
187.0
185.0
369.0
632.0
950.32
1007.32
1055.32
959.0
1006.4
973.4
994.4
967.52
843.4
585.12
426.0
474.0
309.0
258.0
253.41
231.0
211.0
227.0
241.0
217.0
223.0
240.0
350.0
625.8
957.32
1002.32
1048.12
964.12
989.12
955.44
978.44
934.44
865.44
583.44
446.64
357.0
318.0
276.0
253.41
223.5
206.0
225.0
236.5
235.0
231.0
219.0
376.0
642.0
923.0
957.0
1049.0
934.0
969.08
959.08
942.12
900.0
842.0
520.0
431.0
356.0
290.0
258.0
251.9
216.0
201.0
223.0
232.0
211.0
214.0
212.0
376.0
663.0
909.0
952.0
1045.0
937.0
948.0
971.24
924.0
906.0
812.0
512.0
364.0
343.0
317.0
253.0
249.905
217.0
211.0
194.0
213.0
195.0
214.0
206.0
342.0
599.0
905.0
929.0
1030.0
956.0
954.0
913.0
903.0
884.0
773.0
507.0
362.0
315.0
255.0
237.0
249.905
194.0
192.0
205.0
195.0
197.0
204.0
189.5
213.0
212.0
255.0
285.0
270.52
251.52
286.0
267.0
243.0
252.0
246.0
245.0
221.0
211.0
217.0
202.0
176.915
216.0
201.0
200.0
186.0
189.0
192.0
183.0
196.0
189.0
219.0
224.0
291.0
284.0
241.0
242.0
251.0
268.0
255.0
226.0
241.0
229.0
231.0
208.0
176.915
185.0
193.0
188.0
193.0
202.0
185.0
212.0
350.0
637.0
972.0
928.0
1048.0
959.0
959.12
990.0
946.0
935.0
823.0
531.0
477.16
362.0
316.0
245.0
249.905
273.24
203.5
256.24
199.0
280.24
197.0
216.5
349.24
609.24
787.24
978.0
1044.0
945.0
967.0
990.0
905.0
907.0
759.0
477.0
433.0
291.0
268.0
243.0
255.41
211.0
208.0
223.0
200.0
222.0
203.0
226.0
199.0
254.12
244.0
243.0
290.0
259.52
270.76
276.0
241.0
253.0
247.0
229.0
254.0
212.0
213.0
225.0
175.41
200.0
213.0
228.0
194.0
212.0
185.0
208.0
206.0
222.0
245.0
260.0
277.0
269.0
246.04
271.04
273.0
239.0
250.0
250.0
237.0
217.0
203.0
206.0
175.41
202.0
193.0
190.0
188.0
196.0
194.0
219.0
367.0
646.0
927.0
962.0
995.0
952.0
944.0
946.0
965.12
964.0
751.0
553.0
446.0
357.0
338.0
248.0
255.41
217.0
239.0
203.0
240.0
231.0
203.0
232.0
384.0
652.0
880.0
955.0
964.0
881.12
927.0
923.0
898.0
890.0
742.0
579.12
458.0
388.0
292.0
268.0
255.41
211.0
249.0
199.0
230.0
205.0
203.0
212.0
344.0
587.0
845.0
885.0
942.0
855.04
930.04
904.0
894.0
858.0
754.0
474.0
407.0
369.0
311.0
265.0
255.41
219.0
218.0
201.0
210.0
197.0
180.0
226.0
374.0
620.0
896.0
926.0
949.0
862.0
921.12
864.0
896.0
878.12
746.0
458.12
425.0
385.0
292.0
248.0
255.41
208.0
184.0
178.0
194.0
207.0
188.0
197.0
368.0
688.0
855.0
890.0
971.0
858.0
887.0
894.0
884.08
853.12
687.0
470.0
316.12
289.0
232.0
233.0
255.41
196.0
197.0
225.0
187.0
194.0
210.0
195.0
180.0
200.0
192.0
200.0
195.0
228.0
200.0
187.0
210.0
200.0
214.0
215.0
212.0
204.0
217.0
213.0
175.41
206.0
211.0
201.0
204.0
195.0
191.0
186.0
190.0
202.0
212.0
247.0
257.0
243.0
240.0
242.0
211.0
209.0
194.0
217.5
220.0
190.0
204.0
196.0
175.41
207.0
187.0
192.0
193.0
198.0
182.0
200.0
179.0
216.0
201.0
233.0
249.04
230.0
226.0
241.0
243.0
212.0
224.0
217.5
217.0
218.0
198.0
212.0
175.41
216.0
196.0
189.0
175.0
190.0
192.0
186.0
371.0
666.0
938.0
972.0
1043.0
974.0
931.0
943.0
945.0
916.08
813.0
566.0
465.0
367.0
282.0
268.0
255.41
224.0
208.0
201.0
209.0
205.0
195.0
203.0
387.0
691.84
942.04
964.84
986.84
912.84
972.84
915.72
946.64
934.64
781.64
592.64
508.64
375.64
298.64
236.0
255.41
217.0
202.0
223.0
205.5
215.5
195.0
236.0
383.0
679.0
919.0
1010.0
1040.0
916.0
1003.0
953.0
945.0
895.0
779.0
592.0
452.0
380.0
269.0
269.0
255.41
215.0
211.0
245.0
202.0
226.0
195.0
217.0
365.0
692.88
913.88
957.08
982.88
886.88
906.88
909.44
902.56
850.0
709.0
537.0
394.0
303.0
237.0
205.0
255.41
177.0
194.0
174.0
156.0
172.0
165.0
160.0
457.0
208.0
278.0
255.0
248.0
217.0
271.0
250.0
275.0
244.0
249.04
217.5
214.0
212.0
184.0
210.0
179.88
188.0
201.0
198.0
180.0
180.0
184.0
178.0
182.0
196.0
250.0
281.0
280.0
278.0
250.0
246.0
261.0
261.0
255.0
220.0
205.0
222.0
182.0
204.0
176.915
187.0
179.0
182.0
189.0
180.0
174.0
223.0
332.0
650.12
925.16
974.16
1000.28
885.16
943.16
921.16
942.0
893.0
778.0
527.0
419.0
374.0
328.0
260.0
265.9
215.0
223.0
234.0
232.0
205.0
216.0
232.0
398.0
691.0
923.12
1006.11
1040.0
969.0
1004.0
935.0
952.0
928.0
783.0
510.0
443.0
396.0
357.12
292.0
260.81
217.0
226.0
230.0
217.0
209.0
216.0
222.0
384.0
606.0
915.0
928.0
970.0
911.0
969.0
913.0
890.0
918.0
733.0
498.0
443.0
372.0
312.0
285.0
260.81
225.0
225.5
224.5
206.0
201.0
196.0
234.0
394.0
643.12
929.0
927.0
1001.0
941.0
923.0
907.08
890.0
882.0
736.0
539.0
428.0
408.0
364.0
263.0
255.72
225.0
225.0
219.0
251.0
221.0
225.0
237.0
380.0
672.0
930.0
969.0
1023.0
911.0
937.0
969.0
931.12
911.0
759.0
501.0
397.0
352.0
302.0
271.0
252.36
206.0
207.0
205.5
196.0
201.0
192.0
202.0
216.0
286.0
301.0
297.0
316.0
309.0
300.0
303.0
311.0
285.0
309.0
238.0
225.0
239.0
209.0
236.0
176.915
206.0
213.0
213.0
216.0
193.0
198.0
186.0
230.0
246.0
310.0
324.0
355.0
308.0
289.0
270.0
287.0
275.0
279.0
240.0
245.0
256.0
217.0
210.0
176.915
225.0
194.0
207.0
192.0
199.0
205.0
217.0
376.0
605.0
852.0
929.0
929.0
852.52
887.52
864.12
873.0
867.52
696.52
519.44
452.44
331.44
287.76
261.0
252.36
225.0
200.5
216.5
205.5
201.0
211.5
250.6
347.6
620.6
805.6
839.6
889.0
875.0
833.0
841.0
842.0
836.0
669.0
489.0
411.0
327.0
276.0
263.0
252.36
225.0
207.0
226.0
219.0
203.0
218.0
249.0
386.0
631.0
830.0
832.0
916.0
875.12
844.0
861.0
848.08
824.0
686.12
478.6
370.6
363.0
276.0
282.0
252.36
233.0
213.0
211.0
236.0
212.0
236.0
220.0
383.0
650.0
839.0
882.0
924.0
881.0
889.0
850.0
854.0
834.0
689.0
505.0
416.0
332.0
311.0
256.0
252.36
236.0
247.0
211.0
203.0
231.0
233.0
259.0
351.0
662.0
888.0
876.0
972.12
873.0
898.0
837.0
832.0
839.0
665.0
497.0
382.0
325.0
299.0
232.0
252.36
224.0
212.0
210.0
218.0
206.0
233.0
196.0
190.0
205.0
212.0
219.0
220.0
224.0
229.0
215.0
218.0
228.0
225.0
215.0
222.0
203.0
239.0
217.0
176.915
206.0
217.0
217.0
208.0
204.0
202.0
203.0
201.0
199.0
216.0
242.0
270.0
249.0
238.0
231.0
244.0
238.0
223.0
242.0
218.0
234.0
215.0
209.0
176.915
207.0
206.0
201.0
192.0
220.0
200.0
225.0
383.0
672.0
933.0
1000.0
1047.0
949.12
1006.0
953.0
959.0
928.0
790.0
563.0
434.0
393.0
320.0
278.0
252.36
232.0
236.0
250.0
231.0
230.0
223.0
239.0
389.0
680.0
940.0
966.12
1041.0
925.0
955.12
960.0
932.0
914.0
761.0
480.0
407.12
336.0
289.0
244.0
252.36
222.0
201.0
223.0
216.0
267.0
201.0
222.0
359.0
696.0
752.0
970.0
1028.0
982.0
897.0
930.0
932.0
945.0
804.0
564.08
392.0
400.0
313.0
266.0
252.36
228.0
232.0
212.0
226.0
234.0
251.0
204.0
338.0
625.0
933.0
940.0
1006.0
962.08
950.0
941.0
951.0
947.0
800.0
512.0
434.12
384.0
320.0
246.0
249.0
240.0
204.0
214.0
214.0
241.0
221.0
224.0
350.0
595.0
946.0
944.0
999.0
915.0
935.08
892.0
899.0
873.0
792.0
418.0
322.0
269.0
258.0
226.0
259.97
231.0
197.0
210.0
216.0
239.0
191.0
211.0
197.0
204.0
241.0
258.0
244.0
254.0
297.0
280.0
291.0
258.0
253.0
261.0
230.0
252.0
214.0
234.0
176.915
204.0
225.0
225.0
218.0
203.0
218.0
187.0
207.0
232.0
210.0
214.0
312.0
269.0
291.5
232.0
253.0
250.0
238.0
234.0
235.0
208.0
217.0
211.0
176.915
233.0
212.0
223.0
195.0
212.0
210.0
212.0
335.0
625.0
936.0
972.0
1061.0
995.0
1003.0
1029.0
976.0
980.12
808.0
535.0
392.0
306.0
287.0
280.0
259.97
237.0
234.0
232.0
218.0
209.0
211.0
223.0
370.0
614.0
936.12
992.0
1025.12
968.0
994.0
968.0
952.0
995.0
846.0
542.0
444.0
357.0
309.0
246.0
259.97
237.0
219.0
246.0
223.0
217.0
220.0
213.0
360.0
637.0
915.0
949.0
1032.06
972.0
954.0
953.12
959.0
917.0
799.0
515.12
434.0
344.0
333.0
249.0
259.97
241.0
227.0
227.0
206.0
224.0
210.0
222.0
356.0
618.0
927.0
988.0
1039.0
969.0
966.12
997.0
980.12
960.0
852.0
568.0
410.0
358.0
296.0
268.0
259.97
268.0
222.0
237.0
233.0
226.0
229.0
205.0
313.0
266.0
252.36
228.0
232.0
212.0
226.0
234.0
251.0
204.0
338.0
625.0
933.0
940.0
1006.0
962.08
950.0
941.0
951.0
947.0
800.0
512.0
434.12
384.0
320.0
246.0
249.0
240.0
204.0
214.0
214.0
241.0
221.0
224.0
350.0
595.0
946.0
944.0
999.0
915.0
935.08
892.0
899.0
873.0
792.0
418.0
322.0
269.0
258.0
226.0
259.97
231.0
197.0
210.0
216.0
239.0
191.0
211.0
197.0
204.0
241.0
258.0
244.0
254.0
297.0
280.0
291.0
258.0
253.0
261.0
230.0
252.0
214.0
234.0
176.915
204.0
225.0
225.0
218.0
203.0
218.0
187.0
207.0
232.0
210.0
214.0
312.0
269.0
291.5
232.0
253.0
250.0
238.0
234.0
235.0
208.0
217.0
211.0
176.915
233.0
212.0
223.0
195.0
212.0
210.0
212.0
335.0
625.0
936.0
972.0
1061.0
995.0
1003.0
1029.0
976.0
980.12
808.0
535.0
392.0
306.0
287.0
280.0
259.97
237.0
234.0
232.0
218.0
209.0
211.0
223.0
370.0
614.0
936.12
992.0
1025.12
968.0
994.0
968.0
952.0
995.0
846.0
542.0
444.0
357.0
309.0
246.0
259.97
237.0
219.0
246.0
223.0
217.0
220.0
213.0
360.0
637.0
915.0
949.0
1032.06
972.0
954.0
953.12
959.0
917.0
799.0
515.12
434.0
344.0
333.0
249.0
259.97
241.0
227.0
227.0
206.0
224.0
210.0
222.0
356.0
618.0
927.0
988.0
1039.0
969.0
966.12
997.0
980.12
960.0
852.0
568.0
410.0
358.0
296.0
268.0
259.97
268.0
222.0
237.0
233.0
226.0
229.0
205.0
372.0
597.0
919.0
953.0
1026.0
939.0
978.0
970.0
926.08
919.0
813.0
464.0
360.0
360.0
252.0
249.0
259.97
200.0
205.0
221.0
213.0
219.0
205.0
218.0
221.0
238.0
248.0
272.0
269.0
275.0
286.0
283.0
275.0
270.0
259.0
252.0
253.0
225.0
216.0
239.0
176.915
212.0
211.0
210.0
250.0
186.0
202.0
197.0
200.0
204.0
221.0
231.0
265.0
256.0
250.0
260.6
272.6
261.0
247.0
247.0
223.0
218.0
220.0
189.0
176.915
176.0
187.0
216.0
180.0
177.0
185.0
197.0
333.0
626.0
836.12
961.5
1062.0
971.0
984.0
995.0
953.08
962.0
837.0
575.0
448.0
377.0
300.0
279.0
259.97
232.0
205.0
257.0
216.0
216.0
202.0
230.0
357.0
648.0
919.0
970.0
1055.5
950.12
984.0
1035.0
962.0
936.24
856.0
601.0
474.0
376.0
311.0
262.0
270.94
239.0
247.0
247.0
236.0
222.0
226.0
244.0
375.0
643.0
958.0
953.12
1049.0
964.0
969.0
987.24
985.0
945.0
812.0
600.0
399.0
409.0
343.0
257.0
262.93
239.0
239.0
257.0
226.0
238.0
233.0
221.0
384.0
639.0
953.0
963.0
1048.0
950.0
993.0
949.0
968.0
964.0
825.12
597.0
478.0
381.0
316.0
285.0
262.93
248.0
249.0
226.0
244.0
231.0
222.0
245.0
375.0
650.0
935.0
971.0
1058.0
951.08
984.0
969.0
949.0
963.0
793.0
599.0
409.0
332.0
287.0
289.0
262.93
202.0
198.0
200.0
208.0
222.0
194.0
190.0
203.0
226.0
239.0
242.0
260.0
259.0
264.0
283.0
244.0
268.0
247.0
214.0
230.0
243.0
201.0
212.0
176.915
191.0
206.0
218.0
195.0
218.5
196.5
199.0
209.0
221.5
223.0
253.04
314.16
305.16
254.4
275.48
262.48
268.84
262.84
239.5
232.5
248.0
214.0
196.0
176.915
196.0
217.0
191.0
202.0
215.0
208.0
208.0
359.0
654.0
931.0
1018.0
1024.0
952.0
1014.0
986.0
990.0
941.0
817.0
527.0
432.0
351.0
290.0
308.0
254.92
224.0
241.0
227.0
237.0
210.0
248.0
230.0
402.0
630.0
970.0
992.0
1048.12
991.0
999.0
994.0
967.0
977.0
834.0
606.0
449.0
437.0
299.0
267.0
253.41
258.0
204.0
229.0
225.0
209.0
232.0
217.0
381.0
674.0
944.12
1013.0
1051.7199999999998
974.0
1056.0
1004.12
988.0
978.0
848.0
571.0
429.0
421.0
321.0
277.0
253.41
227.0
238.0
218.0
236.0
216.0
216.0
248.0
385.0
688.0
911.0
980.0
1051.7199999999998
958.0
1003.0
963.08
958.0
951.0
845.0
566.08
439.0
373.0
321.0
266.0
253.41
216.0
220.0
239.0
228.0
226.0
206.0
232.0
388.0
666.0
940.0
962.0
1051.7199999999998
946.68
973.68
999.12
948.0
909.0
805.0
488.0
359.0
337.0
275.0
245.0
253.41
202.0
203.0
205.0
213.0
215.0
199.0
208.0
215.0
221.5
223.0
264.08
243.08
311.64
255.7
268.74
279.04
246.04
232.0
239.5
232.5
248.0
204.5
231.0
176.915
200.0
200.0
181.0
190.0
197.0
216.0
196.0
205.0
217.0
207.0
239.0
272.0
318.12
257.0
262.0
243.0
264.0
221.0
265.0
235.0
253.0
195.0
215.0
176.915
188.0
224.0
195.0
197.0
204.0
187.0
185.0
369.0
632.0
950.32
1007.32
1055.32
959.0
1006.4
973.4
994.4
967.52
843.4
585.12
426.0
474.0
309.0
258.0
253.41
231.0
211.0
227.0
241.0
217.0
223.0
240.0
350.0
625.8
957.32
1002.32
1048.12
964.12
989.12
955.44
978.44
934.44
865.44
583.44
446.64
357.0
318.0
276.0
253.41
223.5
206.0
225.0
236.5
235.0
231.0
219.0
376.0
642.0
923.0
957.0
1049.0
934.0
969.08
959.08
942.12
900.0
842.0
520.0
431.0
356.0
290.0
258.0
251.9
216.0
201.0
223.0
232.0
211.0
214.0
212.0
376.0
663.0
909.0
952.0
1045.0
937.0
948.0
971.24
924.0
906.0
812.0
512.0
364.0
343.0
317.0
253.0
249.905
217.0
211.0
194.0
213.0
195.0
214.0
206.0
342.0
599.0
905.0
929.0
1030.0
956.0
954.0
913.0
903.0
884.0
773.0
507.0
362.0
315.0
255.0
237.0
249.905
194.0
192.0
205.0
195.0
197.0
204.0
189.5
213.0
212.0
255.0
285.0
270.52
251.52
286.0
267.0
243.0
252.0
246.0
245.0
221.0
211.0
217.0
202.0
176.915
216.0
201.0
200.0
186.0
189.0
192.0
183.0
196.0
189.0
219.0
224.0
291.0
284.0
241.0
242.0
251.0
268.0
255.0
226.0
241.0
229.0
231.0
208.0
176.915
185.0
193.0
188.0
193.0
202.0
185.0
212.0
350.0
637.0
972.0
928.0
1048.0
959.0
959.12
990.0
946.0
935.0
823.0
531.0
477.16
362.0
316.0
245.0
249.905
273.24
203.5
256.24
199.0
280.24
197.0
216.5
349.24
609.24
787.24
978.0
1044.0
945.0
967.0
990.0
961.0
914.0
817.0
565.0
423.0
349.0
288.0
242.0
249.905
234.62
214.0
245.0
205.0
218.0
209.0
221.0
361.0
671.0
929.0
997.0
1063.0
956.0
967.0
974.0
955.0
922.0
808.0
522.0
427.0
387.0
310.0
239.0
249.905
234.62
214.0
228.0
215.0
213.0
211.0
225.0
394.0
677.0
940.0
979.0
1062.24
956.0
948.0
951.0
949.16
960.0
815.0
492.0
395.0
344.12
292.0
244.0
249.905
234.62
238.0
197.0
206.5
213.0
199.0
217.0
367.0
646.0
944.0
932.0
1029.0
904.0
1000.0
940.0
939.0
895.0
810.0
487.0
330.0
312.0
279.0
225.0
249.905
205.0
218.0
185.0
191.0
173.0
186.0
194.0
208.0
204.0
273.0
297.0
296.0
298.0
295.0
299.0
299.0
298.0
264.0
244.0
231.0
224.0
223.0
200.0
176.915
193.0
206.0
182.0
203.0
174.0
190.0
188.0
167.0
192.0
230.0
208.0
244.0
270.0
234.0
240.0
258.0
232.0
241.0
229.0
228.0
241.0
217.0
207.0
176.915
196.0
196.0
197.0
198.0
215.0
183.0
202.0
349.0
591.0
894.0
920.0
992.0
950.0
987.12
945.0
929.0
881.0
792.0
543.0
432.0
297.0
283.12
240.0
249.905
233.0
213.0
196.0
232.0
212.0
205.0
219.0
356.0
590.0
931.0
931.0
1040.0
946.0
989.0
996.12
960.0
952.0
855.0
567.0
455.0
356.0
291.0
248.0
249.905
218.0
231.0
227.0
218.0
228.0
220.0
255.0
378.0
622.0
950.0
998.0
1057.52
956.52
215.5
205.0
216.0
208.5
218.5
204.5
214.5
229.0
231.0
235.0
254.0
254.0
252.26
277.48
253.48
241.0
254.0
216.0
264.0
226.0
211.0
163.925
219.5
198.0
215.5
205.0
216.0
208.5
218.5
204.5
214.5
208.0
220.5
252.0
251.5
242.76
252.26
257.74
255.24
251.84
253.0
215.0
251.5
226.0
211.0
163.925
246.84
255.66
232.0
240.5
231.5
217.5
204.0
334.0
573.0
906.0
931.44
985.32
942.44
939.68
942.68
944.68
917.16
791.16
572.16
528.16
405.16
361.16
278.0
267.155
246.84
255.66
234.0
243.0
237.0
211.0
247.0
334.0
587.0
894.0
947.0
971.4
868.32
927.4
928.0
900.44
920.44
778.44
547.44
459.44
381.44
301.44
269.0
272.09
246.84
252.32
225.0
242.0
223.0
249.0
212.0
356.0
596.08
837.0
907.0
955.0
923.0
883.0
923.0
876.0
859.0
768.0
538.0
383.0
349.0
329.0
278.0
249.98
246.84
241.0
216.0
238.0
244.0
224.0
238.0
337.0
557.0
885.0
919.0
939.0
864.12
892.0
922.0
883.0
865.0
760.0
527.0
413.0
335.0
322.0
285.0
250.395
246.84
234.0
208.0
226.0
211.0
233.0
215.0
351.0
581.0
914.12
918.52
941.52
862.52
906.52
902.12
929.0
889.12
770.32
514.32
413.32
348.0
282.0
274.0
250.395
219.5
198.0
215.5
194.0
225.0
207.0
218.5
204.5
210.0
241.0
210.0
252.0
249.0
232.0
237.0
238.0
257.0
241.0
252.0
215.0
251.5
226.0
211.0
163.925
219.5
212.0
210.0
201.0
204.0
200.0
235.0
200.0
215.0
228.0
234.0
269.0
239.0
253.0
264.0
225.0
233.0
233.0
221.0
214.0
239.0
224.0
210.0
163.925
246.84
214.0
198.0
219.0
198.0
227.0
215.0
334.0
572.0
915.0
966.0
984.0
925.0
935.0
952.0
895.0
917.0
801.0
531.0
407.12
305.0
275.0
246.0
250.395
208.0
229.0
225.0
228.0
216.0
199.0
244.0
311.0
628.0
903.0
942.0
955.0
866.12
937.0
936.0
905.12
910.0
765.0
524.12
454.0
341.0
299.0
247.0
250.81
211.0
256.92
270.92
267.92
227.5
259.92
272.92
302.92
368.92
883.0
909.0
941.0
865.0
869.0
897.0
858.0
761.0
695.0
493.0
435.0
369.12
314.0
245.0
265.94
214.0
242.0
228.0
233.0
239.0
225.0
239.0
320.0
608.0
881.0
908.0
927.12
878.0
899.0
867.0
891.0
860.0
767.08
575.0
495.0
397.0
313.0
256.0
262.86
242.0
225.0
220.0
229.0
233.0
242.0
218.0
371.0
603.0
911.0
922.0
941.0
888.0
900.0
920.0
949.0
879.0
763.0
502.0
435.0
316.0
342.0
261.0
263.345
222.0
195.0
207.0
212.0
209.0
211.0
208.0
204.0
239.0
256.0
249.0
248.0
260.0
275.0
264.0
259.0
246.0
256.0
232.0
241.0
222.0
225.0
197.0
163.925
196.0
189.0
191.0
199.0
186.0
199.0
195.0
199.0
220.0
209.0
257.0
236.0
240.0
252.0
272.0
223.0
236.0
239.0
243.0
254.0
214.0
211.0
227.0
163.925
198.0
197.0
209.0
197.0
199.0
183.0
180.0
344.0
577.0
895.0
913.08
963.0
876.0
909.2
913.0
929.0
895.0
779.0
592.0
470.0
375.0
317.0
267.0
263.345
217.0
218.0
212.0
204.0
213.5
190.0
236.0
334.0
573.0
840.0
861.0
893.0
836.0
902.0
864.0
879.0
889.0
758.0
498.0
450.24
352.0
296.0
242.0
263.345
256.0
237.0
215.0
211.0
228.0
240.0
208.0
329.0
570.0
850.0
875.0
893.0
818.0
910.0
868.12
895.0
863.0
790.0
554.0
454.0
388.0
336.0
327.0
263.83
238.0
269.0
229.0
228.0
216.0
223.0
264.0
336.0
557.0
849.0
902.0
911.0
849.0
888.0
900.0
884.0
876.0
762.0
580.0
441.0
377.0
299.0
284.0
278.88
218.0
239.0
210.0
217.0
217.0
202.0
224.0
345.12
564.0
860.0
856.0
904.0
817.12
883.0
871.0
838.0
829.0
710.0
522.0
402.0
349.0
284.0
218.0
269.46500000000003
196.0
196.0
209.0
215.0
201.0
181.0
195.0
185.0
196.0
212.0
231.0
247.0
230.0
226.0
242.0
240.0
244.0
259.0
241.0
235.0
220.0
199.0
178.0
163.925
200.0
209.0
200.0
209.0
183.0
195.0
177.0
198.0
195.0
216.0
209.0
202.0
211.0
225.0
222.0
199.0
208.0
226.0
191.0
213.0
246.0
195.0
193.0
163.925
185.0
186.0
195.0
193.0
184.0
174.0
202.0
190.0
185.0
218.0
233.0
219.0
233.0
243.0
248.0
240.0
256.0
228.0
216.0
227.0
209.0
218.0
187.0
163.925
195.0
185.0
202.0
190.0
198.0
185.0
190.0
315.0
596.0
893.0
943.0
953.0
888.0
929.12
957.0
907.08
905.0
804.0
546.08
486.0
348.0
277.0
251.0
269.46500000000003
189.0
219.0
215.0
207.0
217.0
204.0
202.0
320.0
612.0
864.0
896.0
925.0
841.0
911.0
907.12
893.0
885.0
752.0
545.0
467.0
355.0
327.0
221.0
269.46500000000003
202.5
230.0
203.5
212.0
204.0
220.0
208.0
349.0
563.0
861.0
874.0
940.0
832.0
868.0
881.0
865.0
894.0
748.0
515.0
376.0
341.0
302.0
279.08
269.46500000000003
216.0
241.0
203.5
210.0
210.0
203.0
219.0
331.0
587.0
829.0
879.0
872.0
802.0
859.0
829.0
844.0
827.12
673.0
477.0
409.0
278.0
247.0
218.0
269.46500000000003
179.0
181.0
204.0
175.0
182.0
182.0
197.0
176.0
208.0
240.0
216.0
242.0
205.0
234.0
246.0
221.0
206.0
243.0
212.0
202.0
187.0
197.0
177.0
163.925
173.0
181.0
177.0
193.0
193.0
190.0
177.0
208.0
229.56
211.0
213.0
214.0
208.0
240.0
206.0
212.0
268.0
206.0
219.0
213.0
209.0
221.0
186.0
163.925
195.0
199.0
192.0
200.0
178.0
187.0
192.0
322.0
581.0
854.12
860.0
871.0
798.0
841.0
851.0
863.12
832.0
700.0
513.0
420.0
323.0
290.0
256.0
269.46500000000003
206.0
213.0
237.0
227.0
202.0
205.0
213.0
343.0
586.0
822.04
893.04
928.0
840.0
882.0
900.08
864.0
848.0
758.0
492.0
437.0
402.12
293.0
239.0
269.46500000000003
239.0
194.0
220.0
236.0
213.0
205.0
234.0
334.0
584.0
813.0
868.0
902.0
822.0
857.0
851.0
825.0
864.0
707.0
531.0
436.0
369.0
341.0
249.0
260.05
222.5
233.0
220.0
224.0
220.0
208.0
238.0
343.0
585.0
885.0
928.0
933.0
842.0
890.12
887.12
894.0
856.0
752.2
516.0
396.0
353.0
258.0
274.0
252.485
206.0
222.0
233.0
195.0
218.0
209.0
205.0
336.0
591.0
827.0
855.0
897.0
839.0
873.12
855.0
847.0
820.0
714.0
490.0
443.0
367.0
267.0
216.0
252.485
209.0
195.0
210.0
195.0
220.0
191.0
200.0
218.0
251.12
285.0
259.0
313.0
265.0
300.0
282.0
279.0
267.0
247.0
248.0
250.0
230.0
214.0
218.0
163.925
197.0
184.0
206.0
190.0
187.0
189.0
206.0
214.0
207.0
221.0
211.0
230.0
245.0
237.0
205.0
233.0
248.0
241.0
237.0
207.0
225.0
207.0
210.0
163.925
187.0
210.0
207.0
207.0
193.0
207.0
199.0
344.0
603.0
857.0
897.0
943.0
867.0
929.0
903.0
909.0
890.0
804.0
535.0
426.0
346.0
316.0
271.0
252.485
201.0
195.0
201.0
235.0
210.5
210.5
207.0
329.0
597.0
840.0
930.0
932.0
864.0
893.12
896.0
881.08
877.0
792.0
527.12
426.0
343.0
295.0
246.0
244.92
216.0
250.0
226.0
229.0
228.0
214.0
222.0
311.0
610.0
831.0
887.0
901.0
831.0
900.0
868.0
877.0
863.0
756.0
539.0
445.0
366.0
297.0
268.0
257.45
219.0
203.0
213.0
213.0
214.0
215.0
202.0
320.0
602.0
835.0
915.0
893.0
823.0
825.0
816.12
837.0
820.0
720.0
486.0
385.0
326.0
280.0
248.0
257.45
231.0
202.0
204.0
210.0
232.0
206.0
190.0
343.0
664.0
848.0
877.0
890.0
799.12
866.0
865.12
845.0
869.0
711.0
231.0
202.0
220.0
200.0
239.0
199.0
205.0
321.0
616.0
877.0
914.0
989.0
833.0
912.0
898.0
905.0
887.0
763.0
552.0
446.0
377.0
255.0
256.0
268.805
244.76
205.0
214.5
194.5
219.5
231.0
218.0
303.0
567.0
901.0
944.0
988.0
882.0
898.0
889.0
923.0
881.0
745.0
540.0
406.0
320.0
293.0
265.0
268.805
205.0
213.5
206.5
196.5
203.0
203.5
205.0
208.0
231.26
258.92
271.92
295.92
255.92
288.02
277.92
267.92
291.92
255.92
247.92
261.22
218.5
225.5
220.5
216.5
205.0
213.5
206.5
196.5
203.0
203.5
205.0
208.0
231.26
278.22
266.44
273.44
288.96
288.02
265.44
317.98
271.44
287.96
252.44
255.44
218.5
225.5
220.5
216.5
244.76
205.0
214.5
194.5
219.5
228.5
196.5
329.92
591.92
922.92
893.92
947.92
866.92
901.92
928.92
907.92
919.92
784.92
573.92
472.92
378.92
315.92
265.0
268.805
244.76
208.0
209.0
189.0
200.0
226.0
175.0
371.0
596.0
879.08
921.84
911.28
871.28
924.76
914.0
899.0
892.0
768.32
561.32
486.32
359.0
292.0
265.0
268.805
244.76
264.56
236.94
229.44
226.44
239.44
257.68
380.88
616.88
857.88
915.88
890.88
845.36
839.49
862.88
822.89
864.88
811.88
615.89
504.6
379.6
348.61
326.6
292.48
258.52
259.22
236.94
229.44
226.44
239.44
256.88
363.56
585.6
812.8
878.8
883.8
809.8
832.8
824.8
864.8
843.8
766.8
611.8
506.8
405.8
314.8
317.8
296.07
250.28
253.88
264.88
269.88
252.88
252.88
251.88
376.88
575.88
839.88
839.88
896.28
806.28
837.28
801.28
847.28
821.88
731.08
503.76
450.76
341.76
324.08
292.88
255.89
205.0
213.5
206.5
196.5
203.0
203.5
205.0
208.0
258.52
297.52
318.52
375.0
322.0
337.04
340.04
368.04
345.04
320.0
266.0
258.0
224.0
210.0
220.0
216.5
205.0
213.5
206.5
196.5
203.0
203.5
205.0
208.0
242.76
254.76
282.56
298.56
289.56
292.56
307.56
283.56
312.56
275.56
249.0
249.0
227.0
216.0
205.5
216.5
281.72
307.92
278.96
292.96
275.96
295.96
259.96
360.96
540.96
784.96
850.96
859.96
790.96
856.96
852.96
828.96
833.96
790.04
632.96
566.96
444.96
334.96
336.96
324.86
269.86
231.0
251.48
260.48
245.98
250.98
242.48
327.0
620.0
907.0
928.0
957.0
905.0
940.0
957.0
950.0
897.0
827.0
590.0
485.0
423.0
344.0
298.0
291.44
258.0
219.0
224.0
228.0
216.0
206.0
225.0
379.0
606.0
913.0
912.0
960.0
886.0
948.0
906.0
918.0
894.0
768.0
568.0
409.0
360.0
284.0
254.0
291.44
264.0
210.0
216.0
213.0
232.0
203.0
238.0
379.0
607.0
864.0
906.0
935.0
854.0
865.0
895.0
864.0
853.0
760.0
533.0
414.0
351.52
270.52
270.0
258.02
234.5
207.0
229.0
210.0
213.5
208.0
249.76
340.0
645.0
819.0
889.0
915.0
891.0
899.0
850.0
858.0
878.76
727.76
491.76
354.76
294.52
278.52
204.0
252.96
204.0
209.0
214.0
196.0
200.0
203.0
185.0
199.0
227.0
212.0
229.0
228.0
233.0
207.0
246.0
214.0
225.0
243.0
232.0
240.0
230.0
222.0
191.0
216.5
221.0
203.0
206.0
197.0
194.0
197.0
191.0
207.0
177.0
232.0
234.0
260.0
255.0
236.0
253.0
271.0
253.0
291.0
266.0
263.0
240.0
256.0
233.0
216.5
205.0
210.0
207.0
207.0
195.0
213.0
199.0
338.0
632.0
916.0
977.0
991.0
906.0
922.0
946.0
909.0
882.0
760.0
549.0
426.0
373.0
274.0
288.0
247.9
477.28
476.28
475.28
475.28
474.28
476.28
486.28
524.28
600.28
658.28
663.28
699.28
711.28
683.28
640.28
677.28
676.28
626.28
577.28
429.0
356.0
280.0
273.0
255.38
262.0
220.0
233.0
221.0
220.0
230.0
247.0
375.0
602.0
882.0
922.0
994.0
890.0
929.0
900.0
881.0
898.0
748.0
483.0
407.0
366.0
300.0
290.0
255.38
252.0
231.0
245.0
214.0
246.0
206.0
226.0
370.0
604.0
894.0
895.0
930.0
859.0
924.0
913.0
895.0
881.0
719.0
511.0
382.0
347.0
301.0
267.16
255.38
218.0
232.0
209.0
248.0
204.0
227.0
214.0
364.0
613.0
855.0
877.0
900.0
807.0
905.0
874.0
833.0
870.12
739.0
478.0
385.0
349.0
278.0
222.0
255.38
235.0
220.0
216.0
213.0
213.0
207.0
217.0
179.0
211.0
240.0
214.0
231.0
253.0
229.0
225.0
223.0
248.0
235.0
251.0
250.0
230.0
240.0
242.0
216.5
217.0
198.0
208.0
207.0
208.0
210.0
208.0
200.0
222.0
225.0
205.0
257.0
223.0
244.0
249.0
237.0
239.0
251.0
270.0
237.0
250.0
241.0
196.0
259.05
224.5
224.0
193.0
235.0
214.0
239.0
212.0
357.0
633.0
925.0
936.0
951.0
883.0
904.0
926.0
914.0
903.0
811.08
536.0
431.0
356.0
264.0
268.0
255.38
231.0
234.0
199.0
213.0
215.0
221.0
216.0
351.0
636.0
890.0
920.0
937.0
887.0
899.8
931.8
901.8
902.8
744.8
516.76
429.76
305.76
289.76
215.0
262.86
228.0
248.0
226.0
195.0
249.0
223.0
214.0
407.0
682.0
870.0
910.0
939.0
843.0
922.0
886.08
917.0
892.0
771.0
509.0
394.0
322.0
278.0
282.0
224.43
215.5
229.0
236.0
248.0
205.0
237.0
205.0
385.0
642.0
906.0
926.0
957.0
855.0
887.0
932.0
923.0
852.0
740.0
494.0
351.0
307.68
268.68
248.0
224.43
215.5
211.0
222.0
196.0
220.0
209.5
196.0
336.24
605.24
837.72
879.72
899.72
822.72
854.0
859.24
819.24
812.24
691.24
455.0
304.0
264.0
222.0
214.0
224.43
206.5
199.0
188.0
201.0
194.0
186.0
199.0
193.0
216.0
272.0
301.0
317.0
260.52
325.52
305.0
330.16
305.16
275.16
255.5
239.0
228.0
187.0
217.0
208.94
196.0
200.0
204.0
182.0
192.0
196.0
182.0
195.0
213.0
221.0
242.0
239.0
250.0
251.0
251.0
251.0
244.0
275.0
241.0
241.0
206.0
205.0
207.0
208.94
203.0
187.0
196.0
189.0
210.0
182.0
187.0
351.0
607.52
863.52
928.52
927.52
864.52
906.52
898.0
898.0
875.0
745.0
448.0
396.0
329.0
281.0
221.0
224.43
206.0
211.0
208.0
196.0
224.0
191.0
226.0
326.0
590.0
869.0
888.0
939.0
841.04
884.04
879.84
869.84
851.84
756.84
507.84
373.84
340.0
261.0
233.0
224.43
236.0
207.0
209.0
217.0
193.0
221.0
192.0
344.0
588.0
830.0
875.0
917.0
817.0
869.0
856.0
855.0
838.0
713.0
453.0
366.0
329.0
281.0
236.0
224.43
225.0
205.0
205.0
215.0
201.0
211.0
211.0
345.0
593.0
830.0
848.0
895.0
790.0
834.0
813.0
791.0
735.0
609.0
397.0
306.0
282.0
248.0
226.0
224.43
198.5
198.0
205.5
193.5
199.5
201.0
180.5
200.0
209.5
226.0
238.0
238.5
241.0
239.0
248.0
245.5
253.04
242.0
236.0
231.0
209.0
226.0
186.0
208.94
201.0
196.0
207.0
205.0
207.0
201.0
180.5
205.0
206.0
231.0
234.0
238.0
232.0
227.0
245.0
240.0
240.0
209.0
217.0
231.0
206.0
214.0
194.0
208.94
193.0
205.0
194.0
204.5
201.5
206.0
179.0
192.0
220.0
261.0
267.5
287.56
263.0
265.0
282.0
272.0
283.0
251.0
220.0
237.0
233.0
210.0
201.0
208.94
201.0
198.0
208.0
215.0
203.0
187.0
218.0
351.0
620.0
946.0
938.56
975.56
902.0
947.0
956.0
957.0
932.0
807.0
596.0
483.0
358.0
272.0
225.0
224.43
206.0
222.0
218.0
211.0
226.0
202.0
202.0
387.0
660.0
914.0
951.0
989.0
917.0
955.0
938.0
928.0
935.0
796.0
528.0
444.0
368.0
280.0
234.0
224.43
210.0
236.0
201.0
214.0
227.0
202.0
236.0
369.0
629.0
942.0
956.0
990.0
892.0
944.0
919.0
920.56
784.0
835.0
819.0
812.0
785.0
698.0
453.0
340.0
300.0
264.0
244.0
231.32
209.0
203.0
205.0
182.0
198.0
184.0
188.0
292.0
506.0
820.0
833.0
923.0
847.0
873.0
849.0
844.0
821.0
717.0
504.0
434.0
345.0
256.0
234.0
231.32
217.0
217.0
200.0
196.0
201.0
193.0
201.0
322.0
580.0
831.0
862.0
934.0
817.0
880.0
854.56
816.56
814.0
703.0
424.0
322.0
274.0
216.0
204.0
175.88
197.0
172.0
177.0
189.0
178.0
165.0
181.0
170.0
206.0
293.0
292.0
300.0
239.0
319.0
309.0
301.0
315.0
284.0
223.0
193.0
194.0
195.0
172.0
163.38
189.0
168.0
172.0
189.0
165.0
164.0
178.0
179.0
186.0
242.0
232.0
251.0
218.0
257.0
237.0
258.0
251.0
231.0
219.0
206.0
199.0
212.0
189.0
170.91
185.0
173.0
185.0
179.0
181.0
178.0
183.0
328.0
570.0
843.0
878.0
951.0
841.0
898.0
880.0
883.0
873.0
732.0
482.0
366.0
321.0
274.0
234.0
209.41
203.0
208.0
197.0
204.0
186.0
201.0
204.0
331.0
567.0
874.0
892.0
970.0
856.0
880.0
893.0
878.0
852.0
727.0
459.0
364.0
287.0
281.0
240.0
209.41
214.0
201.0
206.0
198.0
216.0
194.0
202.0
317.0
563.0
890.0
883.0
947.0
864.0
892.0
894.0
879.0
841.0
705.0
463.0
375.0
333.0
279.0
248.0
242.94
212.0
217.0
211.0
199.0
189.0
206.0
224.0
311.0
565.0
855.0
869.0
945.0
809.0
908.0
886.0
864.0
860.0
717.0
555.0
447.0
355.0
277.0
235.0
256.385
188.0
202.0
197.0
186.0
199.0
180.0
218.0
297.0
595.0
835.0
868.0
933.0
825.0
857.0
875.0
832.0
837.0
721.0
514.0
377.0
302.0
229.0
224.0
256.385
179.0
183.0
184.0
177.0
171.0
178.0
186.0
182.0
201.0
268.0
263.0
297.56
268.56
306.0
308.0
331.0
302.0
277.0
216.0
215.0
217.0
181.0
199.0
167.915
182.0
194.0
172.0
199.0
188.0
170.0
177.0
181.0
195.0
225.0
252.0
241.0
230.0
267.5
268.52
257.0
240.0
205.0
202.0
205.0
188.0
182.0
196.0
167.915
176.0
182.0
185.0
171.0
174.0
175.0
210.0
323.0
566.0
852.0
869.56
939.56
844.0
884.0
873.0
853.0
865.0
720.0
432.0
346.0
292.0
260.0
233.0
256.385
189.0
186.0
186.0
193.0
175.0
184.0
209.0
319.0
573.0
874.0
863.0
948.0
822.56
898.56
895.0
886.0
875.0
732.0
506.0
353.0
324.0
264.0
249.0
256.385
206.0
194.0
198.0
205.0
183.0
200.0
212.0
321.0
599.0
851.0
903.0
958.0
850.0
891.0
899.0
874.0
837.0
714.0
425.0
328.0
273.0
251.0
233.0
256.385
195.0
210.0
195.0
198.0
206.0
194.0
222.0
342.0
608.0
884.0
914.0
998.0
862.0
918.0
899.0
906.0
851.0
719.0
465.0
340.0
301.0
250.0
240.0
256.385
209.0
197.0
210.0
201.0
199.0
186.0
200.0
329.0
567.0
866.0
890.0
770.96
695.96
770.96
759.96
741.96
728.96
590.96
353.96
303.96
273.96
251.5
234.5
256.385
194.0
174.825
169.32
198.0
171.325
165.82
165.32
199.5
225.5
247.96
265.96
237.0
231.0
229.0
241.0
227.0
246.0
211.0
200.0
195.0
168.0
184.0
151.0
167.915
194.0
155.65
166.64
198.0
154.65
161.64
153.64
199.5
225.5
258.48
295.98
284.5
279.0
238.0
222.0
237.0
220.0
203.0
195.0
196.0
209.0
175.0
175.0
164.92
159.04
162.0
206.0
164.0
159.0
155.0
189.0
291.0
565.0
823.0
817.0
886.0
844.0
832.0
850.0
832.0
823.0
683.0
467.0
345.0
268.0
253.0
229.0
256.385
184.52
199.0
202.0
206.0
189.0
209.0
198.0
338.0
549.0
834.0
833.0
914.0
832.0
866.0
844.0
852.0
832.0
696.0
429.0
357.0
295.0
246.0
213.0
256.385
210.0
188.0
204.0
189.0
195.0
191.0
225.0
322.0
589.0
868.0
889.0
940.0
862.0
888.0
863.0
883.0
849.0
724.0
480.0
375.0
300.0
264.0
234.0
256.385
196.0
206.0
213.0
190.0
191.0
211.0
223.0
332.0
569.0
908.0
897.0
969.0
847.0
904.0
888.0
890.0
863.0
723.0
461.0
398.0
330.0
279.0
267.0
256.385
242.0
206.0
212.0
210.0
208.0
201.0
216.0
339.0
602.0
865.0
910.0
974.0
887.0
892.0
903.0
902.0
840.0
686.0
417.0
354.0
281.0
230.0
236.0
256.385
206.0
198.0
201.0
197.0
190.0
187.0
184.0
218.0
256.0
269.0
326.0
332.0
327.0
331.0
330.0
319.72
309.72
252.2
250.2
228.5
213.0
210.0
198.0
172.39
198.0
202.0
196.0
191.0
188.0
198.0
180.0
198.0
240.0
272.0
293.44
305.44
297.44
312.44
327.44
305.44
312.44
282.0
250.0
261.0
225.0
207.0
204.0
172.39
203.0
203.0
189.0
208.0
178.0
189.0
217.0
308.0
594.0
872.0
928.0
998.0
879.0
947.0
934.0
916.0
891.0
746.0
508.0
369.0
333.0
242.0
221.0
256.385
193.0
202.0
207.0
185.0
205.0
197.0
229.5
332.52
613.0
873.0
899.0
972.0
869.0
859.0
868.0
875.0
878.0
725.0
473.0
371.0
319.0
266.0
247.0
256.385
215.0
203.0
213.0
201.0
213.0
196.0
242.0
327.0
609.0
867.0
902.0
969.0
879.0
904.0
880.0
882.0
856.0
718.0
478.0
347.0
314.0
273.0
276.0
256.385
410.08
408.08
404.08
407.08
407.08
405.08
427.08
462.08
512.08
572.16
568.16
638.08
641.08
588.08
875.0
874.16
859.16
709.0
498.0
361.0
310.0
290.0
233.0
256.385
227.0
199.0
217.0
188.0
218.0
190.0
220.0
343.0
598.0
870.0
903.0
966.0
834.0
865.0
880.0
885.0
852.0
736.0
441.0
353.0
268.0
259.0
218.0
256.385
190.0
206.0
191.0
185.0
194.0
185.0
187.0
222.0
214.0
262.0
285.0
291.0
276.0
290.0
308.0
292.0
292.0
287.0
256.0
221.0
235.0
199.0
180.0
172.39
196.0
173.0
198.0
184.0
191.0
178.0
184.0
217.5
224.5
238.0
272.0
265.0
261.0
269.0
284.0
267.0
263.0
261.0
225.0
218.0
229.0
205.0
190.0
172.39
182.0
199.0
184.0
180.0
176.0
200.0
194.0
318.0
572.0
863.0
901.0
988.0
861.0
922.0
920.0
873.0
881.0
732.0
453.0
394.0
306.0
281.0
250.0
256.385
228.0
207.0
202.0
216.0
197.0
221.0
222.0
341.0
568.0
850.0
881.0
927.0
844.0
872.0
851.0
869.0
841.0
714.0
493.0
412.0
335.0
270.0
248.0
256.385
206.5
213.5
196.0
199.5
195.5
207.0
216.0
322.0
608.0
844.0
862.0
929.0
842.0
861.0
861.0
835.08
850.08
716.0
460.0
382.0
318.0
275.0
239.0
256.385
206.5
220.0
190.0
183.0
194.0
193.0
206.0
320.0
587.0
851.0
833.0
927.0
841.0
896.0
874.0
847.0
849.0
675.0
406.0
335.0
277.0
250.0
216.0
256.385
206.5
189.0
187.0
170.0
186.0
183.0
200.0
297.0
562.0
833.0
871.0
940.0
821.0
878.0
846.0
832.0
798.0
678.0
391.0
320.0
290.0
248.0
211.0
256.385
186.0
175.0
188.0
185.0
179.0
179.0
172.0
213.0
235.0
274.0
270.0
299.0
290.0
305.0
290.0
261.0
257.0
220.0
210.0
192.0
207.0
199.0
196.0
179.86
189.0
175.0
183.0
168.0
171.0
173.0
182.0
179.0
173.0
211.0
206.0
240.0
206.0
227.0
223.0
216.0
215.0
197.0
208.0
201.0
177.0
202.0
178.0
161.88
185.0
181.0
162.0
196.0
170.0
182.5
201.0
286.0
555.0
826.0
852.0
930.0
847.0
880.0
861.0
842.0
847.0
708.0
456.0
374.0
311.0
265.0
247.0
256.385
218.0
189.0
213.0
195.5
182.0
182.0
208.0
297.0
563.0
832.0
856.0
946.0
830.0
886.0
846.0
854.0
819.0
685.0
474.0
324.0
300.0
249.0
217.0
256.385
184.0
189.0
204.0
195.0
231.0
235.0
254.0
254.0
252.26
277.48
253.48
241.0
254.0
216.0
264.0
226.0
211.0
163.925
219.5
198.0
215.5
205.0
216.0
208.5
218.5
204.5
214.5
208.0
220.5
252.0
251.5
242.76
252.26
257.74
255.24
251.84
253.0
215.0
251.5
226.0
211.0
163.925
246.84
255.66
232.0
240.5
231.5
217.5
204.0
334.0
573.0
906.0
931.44
985.32
942.44
939.68
942.68
944.68
917.16
791.16
572.16
528.16
405.16
361.16
278.0
267.155
246.84
255.66
234.0
243.0
237.0
211.0
247.0
334.0
587.0
894.0
947.0
971.4
868.32
927.4
928.0
900.44
920.44
778.44
547.44
459.44
381.44
301.44
269.0
272.09
246.84
252.32
225.0
242.0
223.0
249.0
212.0
356.0
596.08
837.0
907.0
955.0
923.0
883.0
923.0
876.0
859.0
768.0
538.0
383.0
349.0
329.0
278.0
249.98
246.84
241.0
216.0
238.0
244.0
224.0
238.0
337.0
557.0
885.0
919.0
939.0
864.12
892.0
922.0
883.0
865.0
760.0
527.0
413.0
335.0
322.0
285.0
250.395
246.84
234.0
208.0
226.0
211.0
233.0
215.0
351.0
581.0
914.12
918.52
941.52
862.52
906.52
902.12
929.0
889.12
770.32
514.32
413.32
348.0
282.0
274.0
250.395
219.5
198.0
215.5
194.0
225.0
207.0
218.5
204.5
210.0
241.0
210.0
252.0
249.0
232.0
237.0
238.0
257.0
241.0
252.0
215.0
251.5
226.0
211.0
163.925
219.5
212.0
210.0
201.0
204.0
200.0
235.0
200.0
215.0
228.0
234.0
269.0
239.0
253.0
264.0
225.0
233.0
233.0
221.0
214.0
239.0
224.0
210.0
163.925
246.84
214.0
198.0
219.0
198.0
227.0
215.0
334.0
572.0
915.0
966.0
984.0
925.0
935.0
952.0
895.0
917.0
801.0
531.0
407.12
305.0
275.0
246.0
250.395
208.0
229.0
225.0
228.0
216.0
199.0
244.0
311.0
628.0
903.0
942.0
955.0
866.12
937.0
936.0
905.12
910.0
765.0
524.12
454.0
341.0
299.0
247.0
250.81
211.0
256.92
270.92
267.92
227.5
259.92
272.92
302.92
368.92
883.0
909.0
941.0
865.0
869.0
897.0
858.0
761.0
695.0
493.0
435.0
369.12
314.0
245.0
265.94
214.0
242.0
228.0
233.0
239.0
225.0
239.0
320.0
608.0
881.0
908.0
927.12
878.0
899.0
867.0
891.0
860.0
767.08
575.0
495.0
397.0
313.0
256.0
262.86
242.0
225.0
220.0
229.0
233.0
242.0
218.0
371.0
603.0
911.0
922.0
941.0
888.0
900.0
920.0
949.0
879.0
763.0
502.0
435.0
316.0
342.0
261.0
263.345
222.0
195.0
207.0
212.0
209.0
211.0
208.0
204.0
239.0
256.0
249.0
248.0
260.0
275.0
264.0
259.0
246.0
256.0
232.0
241.0
222.0
225.0
197.0
163.925
196.0
189.0
191.0
199.0
186.0
199.0
195.0
199.0
220.0
209.0
257.0
236.0
240.0
252.0
272.0
223.0
236.0
239.0
243.0
254.0
214.0
211.0
227.0
163.925
198.0
197.0
209.0
197.0
199.0
183.0
180.0
344.0
577.0
895.0
913.08
963.0
876.0
909.2
913.0
929.0
895.0
779.0
592.0
470.0
375.0
317.0
267.0
263.345
217.0
218.0
212.0
204.0
213.5
190.0
236.0
334.0
573.0
840.0
861.0
893.0
836.0
902.0
864.0
879.0
889.0
758.0
498.0
450.24
352.0
296.0
242.0
263.345
256.0
237.0
215.0
211.0
228.0
240.0
208.0
329.0
570.0
850.0
875.0
893.0
818.0
910.0
868.12
895.0
863.0
790.0
554.0
454.0
388.0
336.0
327.0
263.83
238.0
269.0
229.0
228.0
216.0
223.0
264.0
336.0
557.0
849.0
902.0
911.0
849.0
888.0
900.0
884.0
876.0
762.0
580.0
441.0
377.0
299.0
284.0
278.88
218.0
239.0
210.0
217.0
217.0
202.0
224.0
345.12
564.0
860.0
856.0
904.0
817.12
883.0
871.0
838.0
829.0
710.0
522.0
402.0
349.0
284.0
218.0
269.46500000000003
196.0
196.0
209.0
215.0
201.0
181.0
195.0
185.0
196.0
212.0
231.0
247.0
230.0
226.0
242.0
240.0
244.0
259.0
241.0
235.0
220.0
199.0
178.0
163.925
200.0
209.0
200.0
209.0
183.0
195.0
177.0
198.0
195.0
216.0
209.0
202.0
211.0
225.0
222.0
199.0
208.0
226.0
191.0
213.0
246.0
195.0
193.0
163.925
185.0
186.0
195.0
193.0
184.0
174.0
202.0
190.0
185.0
218.0
233.0
219.0
233.0
243.0
248.0
240.0
256.0
228.0
216.0
227.0
209.0
218.0
187.0
163.925
195.0
185.0
202.0
190.0
198.0
185.0
190.0
315.0
596.0
893.0
943.0
953.0
888.0
929.12
957.0
907.08
905.0
804.0
546.08
486.0
348.0
277.0
251.0
269.46500000000003
189.0
219.0
215.0
207.0
217.0
204.0
202.0
320.0
612.0
864.0
896.0
925.0
841.0
911.0
907.12
893.0
885.0
752.0
545.0
467.0
355.0
327.0
221.0
269.46500000000003
202.5
230.0
203.5
212.0
204.0
220.0
208.0
349.0
563.0
861.0
874.0
940.0
832.0
868.0
881.0
865.0
894.0
748.0
515.0
376.0
341.0
302.0
279.08
269.46500000000003
216.0
241.0
203.5
210.0
210.0
203.0
219.0
331.0
587.0
829.0
879.0
872.0
802.0
859.0
829.0
844.0
827.12
673.0
477.0
409.0
278.0
247.0
218.0
269.46500000000003
179.0
181.0
204.0
175.0
182.0
182.0
197.0
176.0
208.0
240.0
216.0
242.0
205.0
234.0
246.0
221.0
206.0
243.0
212.0
202.0
187.0
197.0
177.0
163.925
173.0
181.0
177.0
193.0
193.0
190.0
177.0
208.0
229.56
211.0
213.0
214.0
208.0
240.0
206.0
212.0
268.0
206.0
219.0
213.0
209.0
221.0
186.0
163.925
195.0
199.0
192.0
200.0
178.0
187.0
192.0
322.0
581.0
854.12
860.0
871.0
798.0
841.0
851.0
863.12
832.0
700.0
513.0
420.0
323.0
290.0
256.0
269.46500000000003
206.0
213.0
237.0
227.0
202.0
205.0
213.0
343.0
586.0
822.04
893.04
928.0
840.0
882.0
900.08
864.0
848.0
758.0
492.0
437.0
402.12
293.0
239.0
269.46500000000003
239.0
194.0
220.0
236.0
213.0
205.0
234.0
334.0
584.0
813.0
868.0
902.0
822.0
857.0
851.0
825.0
864.0
707.0
531.0
436.0
369.0
341.0
249.0
260.05
222.5
233.0
220.0
224.0
220.0
208.0
238.0
343.0
585.0
885.0
928.0
933.0
842.0
890.12
887.12
894.0
856.0
752.2
516.0
396.0
353.0
258.0
274.0
252.485
206.0
222.0
233.0
195.0
218.0
209.0
205.0
336.0
591.0
827.0
855.0
897.0
839.0
873.12
855.0
847.0
820.0
714.0
490.0
443.0
367.0
267.0
216.0
252.485
209.0
195.0
210.0
195.0
220.0
191.0
200.0
218.0
251.12
285.0
259.0
313.0
265.0
300.0
282.0
279.0
267.0
247.0
248.0
250.0
230.0
214.0
218.0
163.925
197.0
184.0
206.0
190.0
187.0
189.0
206.0
214.0
207.0
221.0
211.0
230.0
245.0
237.0
205.0
233.0
248.0
241.0
237.0
207.0
225.0
207.0
210.0
163.925
187.0
210.0
207.0
207.0
193.0
207.0
199.0
344.0
603.0
857.0
897.0
943.0
867.0
929.0
903.0
909.0
890.0
804.0
535.0
426.0
346.0
316.0
271.0
252.485
201.0
195.0
201.0
235.0
210.5
210.5
207.0
329.0
597.0
840.0
930.0
932.0
864.0
893.12
896.0
881.08
877.0
792.0
527.12
426.0
343.0
295.0
246.0
244.92
216.0
250.0
226.0
229.0
228.0
214.0
222.0
311.0
610.0
831.0
887.0
901.0
831.0
900.0
868.0
877.0
863.0
756.0
539.0
445.0
366.0
297.0
268.0
257.45
219.0
203.0
213.0
213.0
214.0
215.0
202.0
320.0
602.0
835.0
915.0
893.0
823.0
825.0
816.12
837.0
820.0
720.0
486.0
385.0
326.0
280.0
248.0
257.45
231.0
202.0
204.0
210.0
232.0
206.0
190.0
343.0
664.0
848.0
877.0
890.0
799.12
866.0
865.12
845.0
869.0
711.0
451.0
376.0
310.0
273.0
245.0
257.45
186.0
193.0
881.0
865.0
894.0
748.0
515.0
376.0
341.0
302.0
279.08
269.46500000000003
216.0
241.0
203.5
210.0
210.0
203.0
219.0
331.0
587.0
829.0
879.0
872.0
802.0
859.0
829.0
844.0
827.12
673.0
477.0
409.0
278.0
247.0
218.0
269.46500000000003
179.0
181.0
204.0
175.0
182.0
182.0
197.0
176.0
208.0
240.0
216.0
242.0
205.0
234.0
246.0
221.0
206.0
243.0
212.0
202.0
187.0
197.0
177.0
163.925
173.0
181.0
177.0
193.0
193.0
190.0
177.0
208.0
229.56
211.0
213.0
214.0
208.0
240.0
206.0
212.0
268.0
206.0
219.0
213.0
209.0
221.0
186.0
163.925
195.0
199.0
192.0
200.0
178.0
187.0
192.0
322.0
581.0
854.12
860.0
871.0
798.0
841.0
851.0
863.12
832.0
700.0
513.0
420.0
323.0
290.0
256.0
269.46500000000003
206.0
213.0
237.0
227.0
202.0
205.0
213.0
343.0
586.0
822.04
893.04
928.0
840.0
882.0
900.08
864.0
848.0
758.0
492.0
437.0
402.12
293.0
239.0
269.46500000000003
239.0
194.0
220.0
236.0
213.0
205.0
234.0
334.0
584.0
813.0
868.0
902.0
822.0
857.0
851.0
825.0
864.0
707.0
531.0
436.0
369.0
341.0
249.0
260.05
222.5
233.0
220.0
224.0
220.0
208.0
238.0
343.0
585.0
885.0
928.0
933.0
842.0
890.12
887.12
894.0
856.0
752.2
516.0
396.0
353.0
258.0
274.0
252.485
206.0
222.0
233.0
195.0
218.0
209.0
205.0
336.0
591.0
827.0
855.0
897.0
839.0
873.12
855.0
847.0
820.0
714.0
490.0
443.0
367.0
267.0
216.0
252.485
209.0
195.0
210.0
195.0
220.0
191.0
200.0
218.0
251.12
285.0
259.0
313.0
265.0
300.0
282.0
279.0
267.0
247.0
248.0
250.0
230.0
214.0
218.0
163.925
197.0
184.0
206.0
190.0
187.0
189.0
206.0
214.0
207.0
221.0
211.0
230.0
245.0
237.0
205.0
233.0
248.0
241.0
237.0
207.0
225.0
207.0
210.0
163.925
187.0
210.0
207.0
207.0
193.0
207.0
199.0
344.0
603.0
857.0
897.0
943.0
867.0
929.0
903.0
909.0
890.0
804.0
535.0
426.0
346.0
316.0
271.0
252.485
201.0
195.0
201.0
235.0
210.5
210.5
207.0
329.0
597.0
840.0
930.0
932.0
864.0
893.12
896.0
881.08
877.0
792.0
527.12
426.0
343.0
295.0
246.0
244.92
216.0
250.0
226.0
229.0
228.0
214.0
222.0
311.0
610.0
831.0
887.0
901.0
831.0
900.0
868.0
877.0
863.0
756.0
539.0
445.0
366.0
297.0
268.0
257.45
219.0
203.0
213.0
213.0
214.0
215.0
202.0
320.0
602.0
835.0
915.0
893.0
823.0
825.0
816.12
837.0
820.0
720.0
486.0
385.0
326.0
280.0
248.0
257.45
231.0
202.0
204.0
210.0
232.0
206.0
190.0
343.0
664.0
848.0
877.0
890.0
799.12
866.0
865.12
845.0
869.0
711.0
451.0
376.0
310.0
273.0
245.0
257.45
186.0
193.0
193.0
220.0
183.0
204.0
206.0
200.0
228.0
258.0
289.0
277.0
283.0
271.0
280.0
291.0
267.0
245.0
220.0
234.0
195.0
215.0
212.0
163.925
203.0
187.0
202.0
192.0
204.0
189.0
180.0
205.0
207.0
217.0
206.0
212.0
248.0
232.0
235.0
245.0
242.0
233.0
230.0
230.0
228.0
247.0
182.0
163.925
206.0
212.0
200.0
216.0
184.0
189.0
208.0
308.0
583.0
836.0
859.0
852.0
808.52
870.52
854.12
844.32
830.32
737.44
556.12
486.0
340.0
297.12
245.0
257.45
216.0
219.0
226.0
204.0
224.0
195.0
216.0
342.0
587.0
792.8
846.8
866.8
837.8
867.8
868.24
879.24
887.24
777.24
557.0
438.0
387.0
308.0
251.0
257.45
237.0
217.0
210.0
204.0
216.0
243.0
216.0
329.0
584.0
831.0
894.0
859.0
820.0
843.0
869.0
837.0
858.12
742.0
543.0
401.0
360.0
304.0
273.0
257.45
240.0
210.0
192.0
197.0
219.0
203.0
220.0
311.0
607.52
809.52
881.0
877.0
775.0
828.08
821.0
760.0
720.0
605.52
438.52
344.0
301.0
283.0
226.0
257.45
192.0
194.0
186.0
191.0
166.0
179.0
168.0
181.0
172.0
208.0
192.0
198.0
199.0
205.0
195.0
223.0
220.0
218.0
219.0
206.0
183.0
177.0
172.0
167.97
180.0
177.0
186.0
172.0
187.0
155.0
173.0
173.0
186.0
174.0
193.0
189.0
192.0
185.0
183.0
201.0
220.0
203.0
208.0
181.0
189.0
182.0
186.0
169.45499999999996
186.0
175.0
184.0
184.0
198.0
153.0
178.0
165.0
167.0
174.0
207.0
171.0
201.0
189.0
193.0
185.0
198.0
186.0
212.0
205.5
197.0
191.0
193.0
170.94
188.0
179.0
195.0
178.0
170.0
192.0
183.0
309.0
588.0
857.0
873.0
901.0
821.0
891.0
884.0
893.2
877.0
761.0
559.0
428.0
371.0
290.08
258.0
257.45
216.0
210.0
222.0
200.0
214.0
229.0
204.0
334.0
603.0
843.0
903.12
933.0
830.0
878.0
896.0
891.0
866.0
780.0
526.0
433.12
351.0
297.0
258.0
257.45
192.0
210.0
210.0
220.0
202.0
192.0
224.0
331.0
609.0
853.0
899.12
912.0
835.0
865.0
898.0
900.0
860.0
734.0
550.0
418.0
336.0
279.0
226.0
257.45
211.0
220.0
209.0
214.0
198.0
191.0
223.0
326.0
633.0
862.0
866.0
888.0
822.0
867.0
915.12
898.0
858.0
761.0
510.0
423.0
377.12
321.0
234.0
269.98
216.0
218.5
200.0
199.5
254.61
250.61
211.5
316.24
571.41
738.17
879.08
913.08
825.08
864.08
893.6
864.6
861.6
717.6
487.6
402.6
329.6
282.6
237.0
260.42
199.0
207.0
199.0
220.0
213.0
233.0
196.0
207.0
229.0
277.0
281.0
280.0
264.0
275.0
324.0
285.0
288.0
239.0
251.0
205.5
239.0
216.0
226.0
175.41
199.0
208.0
201.0
189.0
204.0
198.0
185.0
195.0
183.0
192.0
227.0
238.0
234.0
249.0
219.0
225.0
228.0
220.0
226.0
230.0
238.0
227.0
190.0
175.41
216.0
217.0
191.0
185.0
215.0
188.0
200.0
325.0
612.0
898.0
896.0
940.0
860.0
927.0
932.0
917.0
923.0
760.08
568.0
495.0
385.0
278.0
239.0
260.42
221.0
249.0
208.0
222.0
207.0
212.0
222.0
327.0
598.0
861.0
904.0
909.12
817.0
923.0
890.0
895.0
898.0
735.12
560.0
410.0
352.0
300.0
241.0
260.42
226.0
224.0
211.0
219.0
211.0
212.0
215.0
326.0
600.0
860.0
872.0
915.0
823.0
882.0
928.0
855.0
871.12
741.0
542.0
384.0
349.0
280.0
246.0
260.42
224.0
203.0
211.0
215.0
222.0
191.0
236.0
344.0
609.0
855.0
881.0
930.0
853.0
905.0
889.0
915.0
836.0
714.0
572.0
460.12
367.0
272.0
241.0
260.42
229.0
226.0
214.0
232.0
206.0
186.0
219.0
365.0
587.0
850.0
884.08
923.0
824.0
861.0
879.0
878.0
868.0
722.0
536.0
379.0
374.0
278.0
275.0
260.42
212.0
228.0
209.0
217.0
209.0
232.0
210.0
214.0
259.0
298.0
297.0
362.0
272.0
306.04
290.04
297.0
301.0
276.0
220.0
221.0
230.0
193.0
212.0
175.41
180.0
204.0
216.0
186.0
202.0
211.0
196.0
187.0
221.0
257.0
260.0
285.0
249.0
256.0
289.52
260.52
286.0
253.0
234.0
252.0
221.0
213.0
238.0
175.41
186.0
216.0
206.0
193.0
207.0
182.0
188.0
359.0
596.0
930.12
909.12
960.0
840.0
913.0
918.0
922.0
882.0
763.0
530.0
432.0
329.0
294.0
238.0
250.86
225.0
223.0
233.0
211.0
224.0
221.0
229.0
339.0
647.0
874.0
900.0
918.0
828.0
907.0
923.0
888.0
879.0
764.0
526.0
442.0
396.0
310.12
234.0
250.335
213.0
237.0
248.0
211.0
230.0
202.0
242.0
351.0
619.0
881.0
895.0
942.0
802.0
902.0
893.0
876.08
861.0
771.0
575.0
457.0
370.0
286.0
254.0
250.335
209.0
218.0
208.0
228.0
220.0
202.0
394.0
643.12
929.0
927.0
1001.0
941.0
923.0
907.08
890.0
882.0
736.0
539.0
428.0
408.0
364.0
263.0
255.72
225.0
225.0
219.0
251.0
221.0
225.0
237.0
380.0
672.0
930.0
969.0
1023.0
911.0
937.0
969.0
931.12
911.0
759.0
501.0
397.0
352.0
302.0
271.0
252.36
206.0
207.0
205.5
196.0
201.0
192.0
202.0
216.0
286.0
301.0
297.0
316.0
309.0
300.0
303.0
311.0
285.0
309.0
238.0
225.0
239.0
209.0
236.0
176.915
206.0
213.0
213.0
216.0
193.0
198.0
186.0
230.0
246.0
310.0
324.0
355.0
308.0
289.0
270.0
287.0
275.0
279.0
240.0
245.0
256.0
217.0
210.0
176.915
225.0
194.0
207.0
192.0
199.0
205.0
217.0
376.0
605.0
852.0
929.0
929.0
852.52
887.52
864.12
873.0
867.52
696.52
519.44
452.44
331.44
287.76
261.0
252.36
225.0
200.5
216.5
205.5
201.0
211.5
250.6
347.6
620.6
805.6
839.6
889.0
875.0
833.0
841.0
842.0
836.0
669.0
489.0
411.0
327.0
276.0
263.0
252.36
225.0
207.0
226.0
219.0
203.0
218.0
249.0
386.0
631.0
830.0
832.0
916.0
875.12
844.0
861.0
848.08
824.0
686.12
478.6
370.6
363.0
276.0
282.0
252.36
233.0
213.0
211.0
236.0
212.0
236.0
220.0
383.0
650.0
839.0
882.0
924.0
881.0
889.0
850.0
854.0
834.0
689.0
505.0
416.0
332.0
311.0
256.0
252.36
236.0
247.0
211.0
203.0
231.0
233.0
259.0
351.0
662.0
888.0
876.0
972.12
873.0
898.0
837.0
832.0
839.0
665.0
497.0
382.0
325.0
299.0
232.0
252.36
224.0
212.0
210.0
218.0
206.0
233.0
196.0
190.0
205.0
212.0
219.0
220.0
224.0
229.0
215.0
218.0
228.0
225.0
215.0
222.0
203.0
239.0
217.0
176.915
206.0
217.0
217.0
208.0
204.0
202.0
203.0
201.0
199.0
216.0
242.0
270.0
249.0
238.0
231.0
244.0
238.0
223.0
242.0
218.0
234.0
215.0
209.0
176.915
207.0
206.0
201.0
192.0
220.0
200.0
225.0
383.0
672.0
933.0
1000.0
1047.0
949.12
1006.0
953.0
959.0
928.0
790.0
563.0
434.0
393.0
320.0
278.0
252.36
232.0
236.0
250.0
231.0
230.0
223.0
239.0
389.0
680.0
940.0
966.12
1041.0
925.0
955.12
960.0
932.0
914.0
761.0
480.0
407.12
336.0
289.0
244.0
252.36
222.0
201.0
223.0
216.0
267.0
201.0
222.0
359.0
696.0
752.0
970.0
1028.0
982.0
897.0
930.0
932.0
945.0
804.0
564.08
392.0
400.0
313.0
266.0
252.36
228.0
232.0
212.0
226.0
234.0
251.0
204.0
338.0
625.0
933.0
940.0
1006.0
962.08
950.0
941.0
951.0
947.0
800.0
512.0
434.12
384.0
320.0
246.0
249.0
240.0
204.0
214.0
214.0
241.0
221.0
224.0
350.0
595.0
946.0
944.0
999.0
915.0
935.08
892.0
899.0
873.0
792.0
418.0
322.0
269.0
258.0
226.0
259.97
231.0
197.0
210.0
216.0
239.0
191.0
211.0
197.0
204.0
241.0
258.0
244.0
254.0
297.0
280.0
291.0
258.0
253.0
261.0
230.0
252.0
214.0
234.0
176.915
204.0
225.0
225.0
218.0
203.0
218.0
187.0
207.0
232.0
210.0
214.0
312.0
269.0
291.5
232.0
253.0
250.0
238.0
234.0
235.0
208.0
217.0
211.0
176.915
233.0
212.0
223.0
195.0
212.0
210.0
212.0
335.0
625.0
936.0
972.0
1061.0
995.0
1003.0
1029.0
976.0
980.12
808.0
535.0
392.0
306.0
287.0
280.0
259.97
237.0
234.0
232.0
218.0
209.0
211.0
223.0
370.0
614.0
936.12
992.0
1025.12
968.0
994.0
968.0
952.0
995.0
846.0
542.0
444.0
357.0
309.0
246.0
259.97
237.0
219.0
246.0
223.0
217.0
220.0
213.0
360.0
637.0
915.0
949.0
1032.06
972.0
954.0
953.12
959.0
917.0
799.0
515.12
434.0
344.0
333.0
249.0
259.97
241.0
227.0
227.0
206.0
224.0
210.0
222.0
356.0
618.0
927.0
988.0
1039.0
969.0
966.12
997.0
980.12
960.0
852.0
568.0
410.0
358.0
296.0
268.0
259.97
268.0
222.0
237.0
233.0
226.0
229.0
205.0
372.0
597.0
919.0
953.0
1026.0
939.0
978.0
970.0
926.08
919.0
813.0
464.0
360.0
360.0
252.0
249.0
259.97
200.0
205.0
221.0
213.0
219.0
205.0
218.0
221.0
238.0
248.0
272.0
269.0
275.0
286.0
283.0
275.0
270.0
259.0
252.0
253.0
225.0
216.0
239.0
176.915
212.0
211.0
210.0
250.0
186.0
202.0
197.0
200.0
204.0
221.0
231.0
265.0
256.0
250.0
260.6
272.6
261.0
247.0
247.0
223.0
218.0
220.0
189.0
176.915
176.0
187.0
216.0
180.0
177.0
185.0
197.0
333.0
626.0
836.12
961.5
1062.0
971.0
984.0
995.0
953.08
962.0
837.0
575.0
448.0
377.0
300.0
279.0
259.97
232.0
205.0
257.0
216.0
216.0
202.0
230.0
357.0
648.0
919.0
970.0
1055.5
950.12
984.0
1035.0
962.0
936.24
856.0
601.0
474.0
376.0
311.0
262.0
270.94
239.0
247.0
247.0
236.0
222.0
226.0
244.0
375.0
643.0
958.0
953.12
1049.0
964.0
969.0
987.24
985.0
945.0
812.0
600.0
399.0
409.0
343.0
257.0
262.93
239.0
239.0
257.0
226.0
238.0
233.0
221.0
384.0
639.0
953.0
963.0
1048.0
950.0
993.0
949.0
968.0
964.0
825.12
597.0
478.0
381.0
316.0
285.0
262.93
248.0
249.0
226.0
244.0
231.0
222.0
245.0
375.0
650.0
935.0
971.0
1058.0
951.08
984.0
969.0
949.0
963.0
793.0
599.0
409.0
332.0
287.0
289.0
262.93
202.0
198.0
200.0
208.0
222.0
194.0
190.0
203.0
226.0
239.0
242.0
260.0
259.0
264.0
283.0
244.0
268.0
247.0
214.0
230.0
243.0
201.0
212.0
176.915
191.0
206.0
218.0
195.0
218.5
196.5
199.0
209.0
221.5
223.0
253.04
314.16
305.16
254.4
275.48
262.48
268.84
262.84
239.5
232.5
248.0
214.0
196.0
176.915
196.0
217.0
191.0
202.0
215.0
208.0
208.0
359.0
654.0
931.0
1018.0
1024.0
952.0
1014.0
986.0
990.0
941.0
817.0
527.0
432.0
351.0
290.0
308.0
254.92
224.0
241.0
227.0
237.0
210.0
248.0
230.0
402.0
630.0
970.0
992.0
1048.12
991.0
999.0
994.0
967.0
977.0
834.0
606.0
449.0
437.0
299.0
267.0
253.41
258.0
204.0
229.0
225.0
209.0
232.0
217.0
381.0
674.0
944.12
1013.0
1051.7199999999998
974.0
1056.0
1004.12
988.0
978.0
848.0
571.0
429.0
421.0
321.0
277.0
253.41
227.0
238.0
218.0
236.0
216.0
216.0
248.0
385.0
688.0
911.0
980.0
1051.7199999999998
958.0
1003.0
963.08
958.0
951.0
845.0
566.08
439.0
373.0
321.0
266.0
253.41
216.0
220.0
239.0
228.0
226.0
206.0
232.0
388.0
666.0
940.0
962.0
1051.7199999999998
946.68
973.68
999.12
948.0
909.0
805.0
488.0
359.0
337.0
275.0
245.0
253.41
202.0
203.0
205.0
213.0
215.0
199.0
208.0
215.0
221.5
223.0
264.08
243.08
311.64
255.7
268.74
279.04
246.04
232.0
239.5
232.5
248.0
204.5
231.0
176.915
200.0
200.0
181.0
190.0
197.0
216.0
196.0
205.0
217.0
207.0
239.0
272.0
318.12
257.0
262.0
243.0
264.0
221.0
265.0
235.0
253.0
195.0
215.0
176.915
188.0
224.0
195.0
197.0
204.0
187.0
185.0
369.0
632.0
950.32
1007.32
1055.32
959.0
1006.4
973.4
994.4
967.52
843.4
585.12
426.0
474.0
309.0
258.0
253.41
231.0
211.0
227.0
241.0
217.0
223.0
240.0
350.0
625.8
957.32
1002.32
1048.12
964.12
989.12
955.44
978.44
934.44
865.44
583.44
446.64
357.0
318.0
276.0
253.41
223.5
206.0
225.0
236.5
235.0
231.0
219.0
376.0
642.0
923.0
957.0
1049.0
934.0
969.08
959.08
942.12
900.0
842.0
520.0
431.0
356.0
290.0
258.0
214.0
210.5
201.5
209.0
209.5
197.5
198.5
187.0
217.0
260.0
253.0
252.26
249.5
260.5
250.0
284.0
289.5
257.0
252.5
237.5
222.5
216.5
207.0
216.5
189.0
187.0
200.0
204.0
179.0
186.0
210.0
321.0
581.0
887.0
897.0
926.0
817.0
867.0
871.12
914.0
867.0
766.0
527.0
451.0
365.0
295.0
240.0
268.885
208.0
231.0
197.0
226.0
219.0
221.0
200.0
330.0
564.0
844.0
882.0
935.0
824.0
856.0
917.0
863.0
865.12
756.0
556.0
447.0
366.0
298.0
250.0
268.885
216.0
255.0
213.0
229.0
198.0
210.0
202.0
362.0
590.0
864.0
861.0
936.0
850.0
867.0
915.0
861.0
872.0
793.08
555.52
464.52
421.0
306.0
278.0
279.82
240.0
212.0
207.0
223.0
223.0
222.0
225.0
348.0
597.0
862.0
859.0
939.0
842.0
898.0
892.0
903.0
886.12
792.0
576.0
497.0
379.0
281.0
257.0
261.32
226.0
219.0
211.0
238.0
202.0
202.0
223.0
357.0
596.0
891.0
908.0
945.0
889.0
895.0
903.0
865.0
867.0
756.0
491.0
399.0
301.0
254.0
226.0
261.32
205.0
210.0
208.0
200.0
193.0
194.0
204.0
178.0
213.0
238.0
260.0
246.0
237.0
266.0
261.0
323.0
327.0
294.0
274.0
251.0
226.0
227.0
215.0
216.5
209.0
216.5
212.5
188.0
198.0
199.0
198.0
187.0
246.0
281.0
262.0
324.0
319.0
304.0
344.0
326.0
308.0
286.0
237.0
188.0
226.0
181.0
205.0
216.5
217.0
175.0
184.0
171.0
183.0
190.0
197.0
294.0
556.12
842.0
902.0
919.0
839.0
899.0
922.0
895.0
882.08
774.0
608.0
494.0
358.0
318.0
255.0
242.82
217.0
214.0
220.0
212.0
226.0
208.0
230.0
332.0
562.0
884.0
889.0
951.0
818.0
898.0
914.0
859.0
883.0
760.0
573.0
422.0
349.0
260.0
247.0
250.32
217.0
202.0
212.0
222.0
226.0
213.0
207.0
360.12
587.0
852.0
895.0
929.0
816.0
875.0
895.0
868.0
863.0
773.0
575.0
468.0
350.0
269.0
250.0
250.32
217.0
238.0
218.0
232.0
231.0
227.0
200.0
372.0
589.0
896.0
913.08
954.0
841.12
909.0
894.0
899.0
887.0
800.0
550.0
451.0
407.0
280.0
270.0
250.32
208.0
249.0
236.0
233.0
216.0
204.0
216.0
348.0
589.0
893.04
905.04
939.0
833.0
871.0
891.0
891.0
853.0
750.0
501.0
408.0
327.0
267.0
247.0
250.32
213.0
223.0
217.0
215.0
219.0
206.0
189.0
242.0
263.0
319.0
304.0
337.0
304.0
312.0
321.0
314.0
272.0
292.0
224.0
249.0
241.0
220.0
203.0
216.5
221.0
199.0
189.0
203.0
241.0
201.0
197.0
220.0
193.0
220.0
213.0
270.0
221.0
257.0
233.0
240.0
232.0
244.0
223.0
234.0
225.0
214.0
203.0
216.5
221.0
210.0
208.0
224.0
189.0
212.0
186.0
330.0
591.0
870.0
905.0
940.0
860.0
895.0
893.0
925.0
885.0
771.0
545.0
410.0
319.0
308.0
204.0
250.32
211.0
232.0
205.0
225.0
193.0
217.0
216.0
316.0
602.0
877.0
912.0
945.0
842.0
945.0
889.0
901.0
916.0
730.0
518.0
422.0
347.0
287.0
264.0
250.32
234.0
220.0
227.0
193.0
208.0
170.0
227.0
310.0
536.0
872.0
861.0
898.0
827.0
880.0
877.0
837.0
892.0
757.0
483.0
437.0
341.0
295.0
222.0
250.32
231.0
226.0
207.0
204.0
230.0
215.0
184.0
341.0
554.0
863.0
881.0
949.0
830.0
903.0
877.0
889.0
835.0
738.0
548.0
475.0
403.0
287.0
243.0
257.82
220.0
207.0
198.0
204.0
198.0
185.0
224.0
324.0
552.0
893.0
883.0
901.0
758.0
837.0
785.0
767.0
792.0
646.0
484.0
416.0
311.0
263.08
240.5
251.475
228.0
212.0
196.0
209.0
231.0
197.0
233.0
232.0
209.0
307.0
313.0
331.0
311.0
313.0
330.0
314.0
320.12
310.0
257.0
221.0
240.0
234.0
202.0
216.5
206.0
218.0
199.0
197.0
206.0
204.0
225.0
217.0
204.0
214.0
241.0
254.0
253.0
239.0
248.0
248.0
251.0
244.0
259.0
267.0
213.0
241.0
221.0
216.5
223.0
184.0
230.0
206.0
210.0
197.0
191.0
318.0
606.0
855.0
899.0
964.0
841.0
895.0
884.0
894.0
879.0
783.0
570.0
536.0
376.0
248.0
238.0
251.475
227.0
206.0
211.0
216.5
213.0
210.5
209.0
304.04
596.0
897.0
884.0
947.0
810.0
939.0
896.0
888.0
886.0
752.0
619.0
474.0
374.0
312.0
249.0
245.13
227.0
228.0
192.0
227.0
216.0
224.0
227.0
331.0
645.0
886.32
907.44
946.32
858.0
898.0
911.0
910.56
888.56
777.08
589.08
426.04
321.44
277.44
247.0
268.805
231.0
202.0
220.0
200.0
239.0
199.0
205.0
321.0
616.0
877.0
914.0
989.0
833.0
912.0
898.0
905.0
887.0
763.0
552.0
446.0
377.0
255.0
256.0
268.805
244.76
205.0
214.5
194.5
219.5
231.0
218.0
303.0
567.0
901.0
944.0
988.0
882.0
898.0
889.0
923.0
881.0
745.0
540.0
406.0
320.0
293.0
265.0
268.805
205.0
213.5
206.5
196.5
203.0
203.5
205.0
208.0
231.26
258.92
271.92
295.92
255.92
288.02
277.92
267.92
291.92
255.92
247.92
261.22
218.5
225.5
220.5
216.5
205.0
213.5
206.5
196.5
203.0
203.5
205.0
208.0
231.26
278.22
266.44
273.44
288.96
288.02
265.44
317.98
271.44
287.96
252.44
255.44
218.5
225.5
220.5
216.5
244.76
205.0
214.5
194.5
219.5
228.5
196.5
329.92
591.92
922.92
893.92
947.92
866.92
901.92
928.92
907.92
919.92
784.92
573.92
472.92
378.92
315.92
265.0
268.805
244.76
208.0
209.0
189.0
200.0
226.0
175.0
371.0
596.0
879.08
921.84
911.28
871.28
924.76
914.0
899.0
892.0
768.32
561.32
486.32
359.0
292.0
265.0
268.805
244.76
264.56
236.94
229.44
226.44
239.44
257.68
380.88
616.88
857.88
915.88
890.88
845.36
839.49
862.88
822.89
864.88
811.88
615.89
504.6
379.6
348.61
326.6
292.48
258.52
259.22
236.94
229.44
226.44
239.44
256.88
363.56
585.6
812.8
878.8
883.8
809.8
832.8
824.8
864.8
843.8
766.8
611.8
506.8
405.8
314.8
317.8
296.07
250.28
253.88
264.88
269.88
252.88
252.88
251.88
376.88
575.88
839.88
839.88
896.28
806.28
837.28
801.28
847.28
821.88
731.08
503.76
450.76
341.76
324.08
292.88
255.89
205.0
213.5
206.5
196.5
203.0
203.5
205.0
208.0
258.52
297.52
318.52
375.0
322.0
337.04
340.04
368.04
345.04
320.0
266.0
258.0
224.0
210.0
220.0
216.5
205.0
213.5
206.5
196.5
203.0
203.5
205.0
208.0
242.76
254.76
282.56
298.56
289.56
292.56
307.56
283.56
312.56
275.56
249.0
249.0
227.0
216.0
205.5
216.5
281.72
307.92
278.96
292.96
275.96
295.96
259.96
360.96
540.96
784.96
850.96
859.96
790.96
856.96
852.96
828.96
833.96
790.04
632.96
566.96
444.96
334.96
336.96
324.86
269.86
231.0
251.48
260.48
245.98
250.98
242.48
327.0
620.0
907.0
928.0
957.0
905.0
940.0
957.0
950.0
897.0
827.0
590.0
485.0
423.0
344.0
298.0
291.44
258.0
219.0
224.0
228.0
216.0
206.0
225.0
379.0
606.0
913.0
912.0
960.0
886.0
948.0
906.0
918.0
894.0
768.0
568.0
409.0
360.0
284.0
254.0
291.44
264.0
210.0
216.0
213.0
232.0
203.0
238.0
379.0
607.0
864.0
906.0
935.0
854.0
865.0
895.0
864.0
853.0
760.0
533.0
414.0
351.52
270.52
270.0
258.02
234.5
207.0
229.0
210.0
213.5
208.0
249.76
340.0
645.0
819.0
889.0
915.0
891.0
899.0
850.0
858.0
878.76
727.76
491.76
354.76
294.52
278.52
204.0
252.96
204.0
209.0
214.0
196.0
200.0
203.0
185.0
199.0
227.0
212.0
229.0
228.0
233.0
207.0
246.0
214.0
193.0
223.09
202.0
195.0
182.0
185.0
184.0
202.0
165.0
312.0
618.0
930.0
992.0
1028.0
930.0
1008.0
980.0
976.0
961.0
859.0
591.0
456.0
360.0
271.12
255.0
270.89
234.0
210.0
226.0
242.0
221.0
208.0
218.0
355.0
643.0
972.12
978.2
1003.2
1023.2
974.2
1002.2
988.0
980.0
840.0
589.0
426.0
399.0
310.0
314.0
279.85
247.0
233.0
241.0
221.0
236.0
217.0
224.0
349.0
654.0
939.0
980.0
982.0
929.0
993.0
970.12
939.0
933.08
799.0
529.0
413.0
362.0
320.0
284.0
263.93
280.0
268.0
259.0
259.0
253.0
247.0
242.0
336.0
630.0
948.0
977.12
1050.0
955.0
969.08
990.0
967.0
958.0
844.0
594.0
433.0
386.0
286.0
312.32
288.67
261.0
255.0
241.0
255.0
235.0
232.0
219.0
359.0
622.0
938.12
1001.0
1005.0
972.0
1021.0
1001.0
945.0
945.0
806.12
542.0
373.0
330.0
289.0
265.0
249.84
209.0
193.0
230.0
213.0
232.0
212.0
209.0
192.0
238.0
254.0
257.0
261.0
228.0
238.0
266.0
285.0
268.0
281.0
277.0
285.0
252.0
239.0
230.0
223.09
215.0
219.5
220.5
229.0
207.0
236.0
198.0
237.0
205.0
226.0
256.0
260.0
250.0
260.0
263.0
245.0
262.0
256.0
237.0
253.0
237.0
260.0
226.0
223.09
224.0
205.0
219.0
220.0
231.0
216.0
207.0
372.0
643.0
969.0
995.11
896.0
827.0
863.0
857.08
836.0
799.0
696.0
561.0
404.12
303.0
269.0
267.0
249.885
232.0
220.0
242.0
208.0
233.0
209.0
222.0
364.0
677.0
967.0
1021.12
1017.0
929.0
1020.0
991.0
997.08
953.0
844.0
624.12
519.0
369.0
284.0
269.0
249.885
238.0
250.0
252.0
244.0
245.0
250.0
220.0
353.0
656.0
940.0
980.0
1005.0
915.0
973.0
979.0
978.0
928.0
827.0
574.0
470.0
366.0
298.0
265.0
249.93
244.0
242.0
250.0
240.0
223.0
237.0
231.0
356.0
638.0
909.0
981.0
986.0
894.12
935.0
906.0
911.0
888.0
796.0
585.0
456.0
381.0
327.0
268.0
247.92
244.0
262.0
246.0
233.0
224.0
238.0
239.0
369.0
631.0
917.0
956.12
957.12
889.0
941.0
939.0
925.12
921.0
775.0
541.0
474.0
406.0
277.0
243.0
249.925
229.0
246.0
211.0
243.0
215.0
231.0
205.0
217.0
244.0
250.0
286.0
282.0
297.0
272.0
275.0
296.0
277.0
256.0
278.0
233.0
249.0
212.0
209.0
223.09
207.0
207.0
217.0
213.0
212.0
226.0
219.0
231.0
217.0
229.0
204.0
232.0
227.0
209.0
228.0
249.0
239.0
232.0
242.0
248.0
231.0
198.0
215.0
223.09
211.0
216.0
204.0
226.0
219.0
201.0
211.0
358.0
648.0
938.0
1009.0
1007.0
944.0
964.0
1013.0
970.0
950.0
875.0
592.0
441.0
355.0
299.0
243.0
251.93
264.0
241.0
259.0
244.0
260.0
235.0
240.0
351.0
639.0
911.0
992.0
990.0
868.0
977.0
953.12
933.12
942.0
820.0
543.0
478.0
361.0
315.0
255.0
251.865
234.0
228.0
219.0
227.0
223.0
216.0
198.0
342.0
624.0
944.0
931.0
939.0
912.0
934.0
903.0
919.0
910.12
751.0
529.0
473.0
352.0
282.0
262.0
251.8
275.0
230.0
226.0
227.0
246.0
226.0
222.0
378.0
640.0
884.0
961.0
971.12
864.0
947.0
927.0
901.0
852.0
735.0
486.0
409.0
284.0
285.0
258.0
206.825
221.0
230.0
238.0
217.0
221.0
231.0
214.0
321.0
590.0
848.0
857.0
880.0
819.0
832.0
828.0
762.0
776.0
604.0
406.0
323.0
313.0
234.0
204.0
206.825
224.0
221.0
202.0
233.0
204.0
202.0
208.0
190.0
212.0
207.0
202.0
213.0
205.0
193.0
188.0
209.0
213.0
203.0
203.0
216.0
194.0
196.0
241.0
223.09
193.0
229.0
213.0
201.0
199.0
197.0
198.0
318.0
492.0
637.0
640.0
651.0
649.0
649.0
641.0
620.0
601.0
497.0
390.0
234.0
234.0
217.0
215.0
206.825
203.0
209.0
204.0
212.0
202.0
219.0
204.0
291.0
474.0
577.0
621.0
641.0
599.0
627.0
627.0
668.8
628.8
484.0
393.0
273.0
229.0
219.0
223.0
206.825
204.0
196.0
193.0
208.0
201.0
176.0
203.0
233.0
411.0
528.0
526.0
541.0
504.0
524.0
430.0
315.0
273.0
201.0
175.0
166.0
181.0
168.0
191.0
161.85
166.0
160.0
191.0
173.0
171.0
160.0
202.0
147.0
143.0
164.0
177.0
166.0
157.0
178.0
152.0
168.0
158.0
166.0
167.0
184.0
159.0
167.0
176.0
163.86
181.0
170.0
157.0
180.0
174.0
170.0
155.0
140.0
175.0
165.0
167.0
179.0
156.0
156.0
161.0
156.0
157.0
165.0
172.0
187.0
179.0
173.0
181.0
162.86
145.0
180.0
167.0
172.0
160.0
165.0
159.0
160.0
158.0
160.0
157.0
171.0
148.0
158.0
160.5
146.5
165.0
178.0
177.0
173.0
184.0
172.0
180.0
162.86
159.0
167.5
168.0
147.0
167.5
172.0
137.0
158.0
162.0
136.0
148.0
153.0
166.0
146.0
160.0
137.0
165.0
153.0
170.0
178.0
181.0
171.0
178.0
161.86
175.0
155.0
170.0
177.0
175.0
157.0
157.0
170.0
158.0
139.0
157.0
139.0
160.0
146.0
142.0
145.0
160.0
152.0
174.0
162.0
185.0
165.0
177.0
159.88
184.0
181.0
161.0
195.0
168.0
170.0
144.0
146.0
152.0
155.0
170.5
181.0
157.0
161.0
164.0
172.0
155.0
181.0
164.0
177.0
174.0
171.0
168.0
163.925
161.0
171.0
191.0
173.0
165.0
156.0
172.0
158.0
159.0
202.0
184.0
180.0
179.0
190.0
184.0
171.0
191.0
176.0
192.0
181.0
189.0
159.0
173.0
163.925
164.0
190.0
152.0
185.0
176.0
160.0
179.0
275.0
508.0
648.0
662.0
670.0
674.0
695.0
643.0
651.0
626.0
512.0
403.0
301.0
242.0
242.0
228.0
212.03500000000003
220.0
202.0
199.0
201.0
233.0
222.0
184.0
336.0
591.0
836.0
850.0
835.0
757.0
829.12
822.0
805.0
803.0
701.0
463.0
355.0
292.0
263.0
222.0
212.03500000000003
221.0
220.0
211.0
203.0
205.0
231.0
209.0
322.0
614.0
840.0
853.0
904.0
829.0
915.0
885.0
866.0
824.0
744.0
476.0
344.0
282.0
256.0
278.0
212.03500000000003
220.0
219.0
218.0
217.0
229.0
213.0
217.0
345.0
611.0
806.12
843.0
849.0
801.0
868.0
832.0
852.0
804.0
675.0
397.0
307.0
256.0
237.0
223.0
212.03500000000003
208.0
208.0
214.0
221.0
229.0
216.0
210.0
191.0
209.0
217.0
214.0
216.0
222.0
229.0
218.0
211.0
225.84
215.0
243.0
216.0
221.0
228.0
198.0
163.925
205.0
206.0
200.0
207.0
240.0
211.5
218.0
341.0
693.16
937.16
939.16
979.16
906.16
981.28
950.16
955.16
930.16
806.16
616.16
454.16
362.16
294.16
265.0
212.03500000000003
229.0
219.0
231.0
230.0
251.0
210.0
215.0
344.0
668.0
973.0
968.0
996.0
909.08
970.0
962.0
987.0
947.0
807.0
563.0
475.08
356.0
294.0
261.0
212.03500000000003
261.0
205.0
227.0
205.0
225.0
220.0
224.0
347.64
668.64
950.76
952.12
995.68
938.56
976.0
968.52
969.52
918.04
795.04
568.56
464.56
332.0
293.0
297.0
212.03500000000003
236.5
217.0
223.5
210.5
219.0
224.0
222.0
350.7
666.83
849.7
990.68
993.92
878.92
961.92
943.04
928.92
929.92
769.92
551.92
479.92
373.92
310.92
246.0
212.03500000000003
236.5
217.0
223.5
210.5
219.0
228.0
220.0
348.0
631.0
923.0
965.0
994.0
917.12
956.68
920.68
947.68
936.84
797.72
523.2
397.2
342.2
291.0
232.0
212.03500000000003
212.5
248.0
210.0
212.0
201.0
213.0
206.0
200.0
214.0
258.0
287.0
269.0
243.04
264.04
267.52
262.52
260.68
215.0
271.68
226.5
224.0
228.0
219.0
163.925
217.0
184.0
221.0
216.0
207.0
210.0
202.0
209.0
219.0
236.0
243.0
247.0
260.0
261.76
800.0
512.0
434.12
384.0
320.0
246.0
249.0
240.0
204.0
214.0
214.0
241.0
221.0
224.0
350.0
595.0
946.0
944.0
999.0
915.0
935.08
892.0
899.0
873.0
792.0
418.0
322.0
269.0
258.0
226.0
259.97
231.0
197.0
210.0
216.0
239.0
191.0
211.0
197.0
204.0
241.0
258.0
244.0
254.0
297.0
280.0
291.0
258.0
253.0
261.0
230.0
252.0
214.0
234.0
176.915
204.0
225.0
225.0
218.0
203.0
218.0
187.0
207.0
232.0
210.0
214.0
312.0
269.0
291.5
232.0
253.0
250.0
238.0
234.0
235.0
208.0
217.0
211.0
176.915
233.0
212.0
223.0
195.0
212.0
210.0
212.0
335.0
625.0
936.0
972.0
1061.0
995.0
1003.0
1029.0
976.0
980.12
808.0
535.0
392.0
306.0
287.0
280.0
259.97
237.0
234.0
232.0
218.0
209.0
211.0
223.0
370.0
614.0
936.12
992.0
1025.12
968.0
994.0
968.0
952.0
995.0
846.0
542.0
444.0
357.0
309.0
246.0
259.97
237.0
219.0
246.0
223.0
217.0
220.0
213.0
360.0
637.0
915.0
949.0
1032.06
972.0
954.0
953.12
959.0
917.0
799.0
515.12
434.0
344.0
333.0
249.0
259.97
241.0
227.0
227.0
206.0
224.0
210.0
222.0
356.0
618.0
927.0
988.0
1039.0
969.0
966.12
997.0
980.12
960.0
852.0
568.0
410.0
358.0
296.0
268.0
259.97
268.0
222.0
237.0
233.0
226.0
229.0
205.0
372.0
597.0
919.0
953.0
1026.0
939.0
978.0
970.0
926.08
919.0
813.0
464.0
360.0
360.0
252.0
249.0
259.97
200.0
205.0
221.0
213.0
219.0
205.0
218.0
221.0
238.0
248.0
272.0
269.0
275.0
286.0
283.0
275.0
270.0
259.0
252.0
253.0
225.0
216.0
239.0
176.915
212.0
211.0
210.0
250.0
186.0
202.0
197.0
200.0
204.0
221.0
231.0
265.0
256.0
250.0
260.6
272.6
261.0
247.0
247.0
223.0
218.0
220.0
189.0
176.915
176.0
187.0
216.0
180.0
177.0
185.0
197.0
333.0
626.0
836.12
961.5
1062.0
971.0
984.0
995.0
953.08
962.0
837.0
575.0
448.0
377.0
300.0
279.0
259.97
232.0
205.0
257.0
216.0
216.0
202.0
230.0
357.0
648.0
919.0
970.0
1055.5
950.12
984.0
1035.0
962.0
936.24
856.0
601.0
474.0
376.0
311.0
262.0
270.94
239.0
247.0
247.0
236.0
222.0
226.0
244.0
375.0
643.0
958.0
953.12
1049.0
964.0
969.0
987.24
985.0
945.0
812.0
600.0
399.0
409.0
343.0
257.0
262.93
239.0
239.0
257.0
226.0
238.0
233.0
221.0
384.0
639.0
953.0
963.0
1048.0
950.0
993.0
949.0
968.0
964.0
825.12
597.0
478.0
381.0
316.0
285.0
262.93
248.0
249.0
226.0
244.0
231.0
222.0
245.0
375.0
650.0
935.0
971.0
1058.0
951.08
984.0
969.0
949.0
963.0
793.0
599.0
409.0
332.0
287.0
289.0
262.93
202.0
198.0
200.0
208.0
222.0
194.0
190.0
203.0
226.0
239.0
242.0
260.0
259.0
264.0
283.0
244.0
268.0
247.0
214.0
230.0
243.0
201.0
212.0
176.915
191.0
206.0
218.0
195.0
218.5
196.5
199.0
209.0
221.5
223.0
253.04
314.16
305.16
254.4
275.48
262.48
268.84
262.84
239.5
232.5
248.0
214.0
196.0
176.915
196.0
217.0
191.0
202.0
215.0
208.0
208.0
359.0
654.0
931.0
1018.0
1024.0
952.0
1014.0
986.0
990.0
941.0
817.0
527.0
432.0
351.0
290.0
308.0
254.92
224.0
241.0
227.0
237.0
210.0
248.0
230.0
402.0
630.0
970.0
992.0
1048.12
991.0
999.0
994.0
967.0
977.0
834.0
606.0
449.0
437.0
299.0
267.0
253.41
258.0
204.0
229.0
225.0
209.0
232.0
217.0
381.0
674.0
944.12
1013.0
1051.7199999999998
974.0
1056.0
1004.12
988.0
978.0
848.0
571.0
429.0
421.0
321.0
277.0
253.41
227.0
238.0
218.0
236.0
216.0
216.0
248.0
385.0
688.0
911.0
980.0
1051.7199999999998
958.0
1003.0
963.08
958.0
951.0
845.0
566.08
439.0
373.0
321.0
266.0
253.41
216.0
220.0
239.0
228.0
226.0
206.0
232.0
388.0
666.0
940.0
962.0
1051.7199999999998
946.68
973.68
999.12
948.0
909.0
805.0
488.0
359.0
337.0
275.0
245.0
253.41
202.0
203.0
205.0
213.0
215.0
199.0
208.0
215.0
221.5
223.0
264.08
243.08
311.64
255.7
268.74
279.04
246.04
232.0
239.5
232.5
248.0
204.5
231.0
176.915
200.0
200.0
181.0
190.0
197.0
216.0
196.0
205.0
217.0
207.0
239.0
272.0
318.12
257.0
262.0
243.0
264.0
221.0
265.0
235.0
253.0
195.0
215.0
176.915
188.0
224.0
195.0
197.0
204.0
187.0
185.0
369.0
632.0
950.32
1007.32
1055.32
959.0
1006.4
973.4
994.4
967.52
843.4
585.12
426.0
474.0
309.0
258.0
253.41
231.0
211.0
227.0
241.0
217.0
223.0
240.0
350.0
625.8
957.32
1002.32
1048.12
964.12
989.12
955.44
978.44
934.44
865.44
583.44
446.64
357.0
318.0
276.0
253.41
223.5
206.0
225.0
236.5
235.0
231.0
219.0
376.0
642.0
923.0
957.0
1049.0
934.0
969.08
959.08
942.12
900.0
842.0
520.0
431.0
356.0
290.0
258.0
251.9
216.0
201.0
223.0
232.0
211.0
214.0
212.0
376.0
663.0
909.0
952.0
1045.0
937.0
948.0
971.24
924.0
906.0
812.0
512.0
364.0
343.0
317.0
253.0
249.905
217.0
211.0
194.0
213.0
195.0
214.0
206.0
342.0
599.0
905.0
929.0
1030.0
956.0
954.0
913.0
903.0
884.0
773.0
507.0
362.0
315.0
255.0
237.0
249.905
194.0
192.0
205.0
195.0
197.0
204.0
189.5
213.0
212.0
255.0
285.0
270.52
251.52
286.0
267.0
243.0
252.0
246.0
245.0
221.0
211.0
217.0
202.0
176.915
216.0
201.0
200.0
186.0
189.0
192.0
183.0
196.0
189.0
219.0
224.0
291.0
284.0
241.0
242.0
251.0
268.0
255.0
226.0
241.0
229.0
231.0
208.0
176.915
185.0
193.0
188.0
193.0
202.0
185.0
212.0
350.0
637.0
972.0
928.0
1048.0
959.0
959.12
990.0
946.0
935.0
823.0
531.0
477.16
362.0
316.0
245.0
249.905
273.24
203.5
256.24
199.0
280.24
197.0
216.5
349.24
609.24
787.24
978.0
1044.0
945.0
967.0
990.0
961.0
914.0
817.0
565.0
423.0
349.0
288.0
242.0
249.905
234.62
214.0
245.0
205.0
218.0
209.0
221.0
361.0
671.0
929.0
997.0
1063.0
956.0
967.0
974.0
955.0
922.0
808.0
522.0
427.0
387.0
310.0
239.0
249.905
234.62
214.0
228.0
215.0
213.0
211.0
225.0
394.0
677.0
940.0
979.0
1062.24
956.0
948.0
951.0
949.16
960.0
815.0
492.0
395.0
344.12
292.0
244.0
249.905
234.62
238.0
197.0
206.5
213.0
199.0
217.0
367.0
646.0
944.0
932.0
1029.0
904.0
1000.0
940.0
939.0
895.0
810.0
487.0
330.0
312.0
279.0
225.0
249.905
205.0
218.0
185.0
191.0
173.0
186.0
194.0
208.0
204.0
273.0
297.0
296.0
298.0
295.0
299.0
299.0
298.0
264.0
244.0
231.0
224.0
223.0
200.0
176.915
193.0
206.0
182.0
203.0
174.0
190.0
188.0
167.0
192.0
230.0
208.0
244.0
270.0
234.0
240.0
258.0
232.0
241.0
229.0
228.0
241.0
217.0
207.0
176.915
196.0
196.0
197.0
198.0
215.0
183.0
202.0
349.0
591.0
894.0
920.0
992.0
950.0
987.12
945.0
929.0
881.0
792.0
543.0
432.0
297.0
283.12
240.0
249.905
233.0
213.0
196.0
232.0
212.0
205.0
219.0
356.0
590.0
931.0
931.0
1040.0
946.0
989.0
996.12
960.0
952.0
855.0
567.0
455.0
356.0
291.0
248.0
249.905
218.0
231.0
227.0
218.0
228.0
220.0
255.0
378.0
622.0
950.0
998.0
1057.52
956.52
1009.0
970.0
934.0
937.0
798.0
482.0
436.0
361.0
292.0
279.0
249.905
238.0
203.0
214.0
220.0
217.0
246.0
213.0
374.0
641.0
638.0
954.12
977.0
1000.0
918.0
983.12
980.0
977.0
961.0
817.0
585.0
470.0
374.0
323.0
291.0
256.91
247.0
245.0
235.0
243.0
248.0
221.0
254.0
351.0
702.0
919.0
994.0
1000.08
917.0
987.0
952.0
938.12
941.0
798.0
551.0
459.0
384.0
349.0
283.0
255.91000000000003
258.0
255.0
232.0
247.0
239.0
268.0
238.0
375.0
657.0
942.0
1014.0
1050.0
960.0
1018.0
985.08
972.0
933.12
821.0
551.0
427.0
357.0
293.0
265.0
255.91000000000003
247.0
220.0
250.0
233.0
229.0
227.0
245.0
377.0
676.0
986.0
990.0
1025.0
941.0
1004.0
984.0
985.0
964.0
843.0
577.0
438.0
377.0
354.0
283.0
255.91000000000003
249.0
253.0
255.0
252.0
253.0
250.0
237.0
381.0
697.0
1016.0
1023.0
1036.12
951.0
1038.0
1012.12
1025.0
963.0
819.0
544.0
408.0
362.0
304.0
271.0
254.91
221.0
246.0
227.0
248.0
229.0
233.0
226.0
238.0
224.0
278.0
294.12
274.0
290.0
276.0
290.0
270.0
317.0
299.0
288.0
259.0
234.0
284.32
297.44
282.32
265.32
270.32
268.32
269.32
254.32
270.32
255.32
202.5
306.32
269.32
287.32
279.32
297.32
285.32
274.32
290.32
293.32
240.5
309.32
250.32
329.32
296.32
256.32
223.09
295.32
264.32
266.32
284.32
270.32
289.32
268.32
385.32
571.32
667.32
978.32
848.32
808.32
746.32
1026.32
880.44
839.32
777.32
545.32
485.32
406.32
331.32
298.32
307.31
276.32
294.32
264.32
287.32
295.32
315.32
284.32
373.32
576.32
826.32
861.4
883.32
796.32
887.32
878.32
880.32
845.32
752.32
559.32
448.32
396.32
313.32
282.32
319.27
275.32
288.32
317.32
296.32
286.32
316.32
261.32
353.32
561.32
904.0
937.0
981.12
884.0
941.0
949.0
896.0
929.0
776.0
554.0
398.0
365.12
314.0
241.0
272.95
224.0
231.0
230.0
237.0
230.0
222.0
231.0
328.0
667.0
943.0
959.0
1010.0
903.0
967.12
975.0
942.0
926.0
834.0
562.0
458.0
443.0
356.0
291.0
261.93
261.0
257.0
245.0
261.0
258.0
232.0
238.0
366.0
660.08
956.0
952.0
994.0
909.12
964.0
955.0
944.0
893.12
708.0
487.0
359.0
306.0
258.0
250.0
270.89
212.0
220.0
184.0
184.0
197.0
205.0
191.0
167.0
211.0
194.0
183.0
193.0
202.0
158.0
178.0
187.0
189.0
182.0
208.0
200.0
183.0
193.0
192.0
223.09
187.0
173.0
183.0
210.0
181.0
180.0
174.0
190.0
224.5
233.0
220.0
227.0
230.0
223.0
235.0
228.0
250.0
231.0
235.0
223.0
205.0
199.0
193.0
223.09
202.0
195.0
182.0
185.0
184.0
202.0
165.0
312.0
618.0
930.0
992.0
1028.0
930.0
1008.0
980.0
976.0
961.0
859.0
591.0
456.0
360.0
271.12
255.0
270.89
234.0
210.0
226.0
242.0
221.0
208.0
218.0
355.0
643.0
972.12
978.2
1003.2
1023.2
974.2
1002.2
988.0
980.0
840.0
589.0
426.0
399.0
310.0
314.0
279.85
247.0
233.0
241.0
221.0
236.0
217.0
224.0
349.0
654.0
939.0
980.0
982.0
929.0
993.0
970.12
939.0
933.08
799.0
529.0
413.0
362.0
320.0
284.0
263.93
280.0
268.0
259.0
259.0
253.0
247.0
242.0
336.0
630.0
948.0
977.12
1050.0
955.0
969.08
990.0
967.0
958.0
844.0
594.0
433.0
386.0
286.0
312.32
288.67
261.0
255.0
241.0
255.0
235.0
232.0
219.0
359.0
622.0
938.12
1001.0
1005.0
972.0
1021.0
1001.0
945.0
945.0
806.12
542.0
373.0
330.0
289.0
265.0
249.84
209.0
193.0
230.0
213.0
232.0
212.0
209.0
192.0
238.0
254.0
257.0
261.0
228.0
238.0
266.0
285.0
268.0
281.0
277.0
285.0
252.0
239.0
230.0
223.09
215.0
219.5
220.5
229.0
207.0
236.0
198.0
237.0
205.0
226.0
256.0
260.0
250.0
260.0
263.0
245.0
262.0
256.0
237.0
253.0
237.0
260.0
226.0
223.09
224.0
205.0
219.0
220.0
231.0
216.0
207.0
372.0
643.0
969.0
995.11
896.0
827.0
863.0
857.08
836.0
799.0
696.0
561.0
404.12
303.0
269.0
267.0
249.885
232.0
220.0
242.0
208.0
233.0
209.0
222.0
364.0
677.0
967.0
1021.12
1017.0
929.0
1020.0
991.0
997.08
953.0
844.0
624.12
519.0
369.0
284.0
269.0
249.885
238.0
250.0
252.0
244.0
245.0
250.0
220.0
353.0
656.0
940.0
980.0
1005.0
915.0
973.0
979.0
978.0
928.0
827.0
574.0
470.0
366.0
298.0
265.0
249.93
244.0
242.0
250.0
240.0
223.0
237.0
231.0
356.0
638.0
909.0
981.0
986.0
894.12
935.0
906.0
911.0
888.0
796.0
585.0
456.0
381.0
327.0
268.0
247.92
244.0
262.0
246.0
233.0
224.0
238.0
239.0
369.0
631.0
917.0
956.12
957.12
889.0
941.0
939.0
925.12
921.0
775.0
541.0
474.0
406.0
277.0
243.0
249.925
229.0
246.0
211.0
243.0
215.0
231.0
205.0
217.0
244.0
250.0
286.0
282.0
297.0
272.0
275.0
296.0
277.0
256.0
278.0
233.0
249.0
212.0
209.0
223.09
207.0
207.0
217.0
213.0
212.0
226.0
219.0
231.0
217.0
229.0
204.0
232.0
227.0
209.0
228.0
249.0
239.0
232.0
242.0
248.0
231.0
198.0
215.0
223.09
211.0
216.0
204.0
226.0
219.0
201.0
211.0
358.0
648.0
938.0
1009.0
1007.0
944.0
964.0
1013.0
970.0
950.0
875.0
592.0
441.0
355.0
299.0
243.0
251.93
264.0
241.0
259.0
244.0
260.0
235.0
240.0
351.0
639.0
911.0
992.0
990.0
868.0
977.0
953.12
933.12
942.0
820.0
543.0
478.0
361.0
315.0
255.0
251.865
234.0
228.0
219.0
227.0
223.0
216.0
198.0
342.0
624.0
944.0
931.0
939.0
912.0
934.0
903.0
919.0
910.12
751.0
529.0
473.0
352.0
282.0
262.0
251.8
275.0
230.0
226.0
227.0
246.0
226.0
222.0
378.0
640.0
884.0
961.0
971.12
864.0
947.0
927.0
901.0
852.0
735.0
486.0
409.0
284.0
285.0
258.0
206.825
221.0
230.0
238.0
217.0
221.0
231.0
214.0
321.0
590.0
848.0
857.0
880.0
819.0
832.0
828.0
762.0
776.0
604.0
406.0
323.0
313.0
234.0
204.0
206.825
224.0
221.0
202.0
233.0
204.0
202.0
208.0
190.0
212.0
207.0
202.0
213.0
205.0
193.0
188.0
209.0
213.0
203.0
203.0
216.0
194.0
196.0
241.0
223.09
193.0
229.0
213.0
201.0
199.0
197.0
198.0
318.0
492.0
637.0
640.0
651.0
649.0
649.0
641.0
620.0
601.0
497.0
390.0
234.0
234.0
217.0
215.0
206.825
203.0
209.0
204.0
212.0
202.0
219.0
204.0
291.0
474.0
577.0
621.0
641.0
599.0
627.0
627.0
668.8
628.8
484.0
393.0
273.0
229.0
219.0
223.0
206.825
204.0
196.0
193.0
208.0
201.0
176.0
203.0
233.0
411.0
528.0
526.0
541.0
504.0
524.0
430.0
315.0
273.0
201.0
175.0
166.0
181.0
168.0
191.0
161.85
166.0
160.0
191.0
173.0
171.0
160.0
202.0
147.0
143.0
164.0
177.0
166.0
157.0
178.0
152.0
168.0
158.0
166.0
167.0
184.0
159.0
167.0
176.0
163.86
181.0
170.0
157.0
180.0
174.0
170.0
155.0
140.0
175.0
165.0
167.0
179.0
156.0
156.0
161.0
156.0
157.0
165.0
172.0
187.0
179.0
173.0
181.0
162.86
145.0
180.0
167.0
172.0
160.0
165.0
159.0
160.0
158.0
160.0
157.0
171.0
148.0
158.0
160.5
146.5
165.0
178.0
177.0
173.0
184.0
172.0
180.0
162.86
159.0
167.5
168.0
147.0
167.5
172.0
137.0
158.0
162.0
136.0
148.0
153.0
166.0
146.0
160.0
137.0
165.0
153.0
170.0
178.0
181.0
171.0
178.0
161.86
175.0
155.0
170.0
177.0
175.0
157.0
157.0
170.0
158.0
139.0
157.0
139.0
160.0
146.0
142.0
145.0
160.0
152.0
174.0
162.0
185.0
165.0
177.0
159.88
291.0
261.93
261.0
257.0
245.0
261.0
258.0
232.0
238.0
366.0
660.08
956.0
952.0
994.0
909.12
964.0
955.0
944.0
893.12
708.0
487.0
359.0
306.0
258.0
250.0
270.89
212.0
220.0
184.0
184.0
197.0
205.0
191.0
167.0
211.0
194.0
183.0
193.0
202.0
158.0
178.0
187.0
189.0
182.0
208.0
200.0
183.0
193.0
192.0
223.09
187.0
173.0
183.0
210.0
181.0
180.0
174.0
190.0
224.5
233.0
220.0
227.0
230.0
223.0
235.0
228.0
250.0
231.0
235.0
223.0
205.0
199.0
193.0
223.09
202.0
195.0
182.0
185.0
184.0
202.0
165.0
312.0
618.0
930.0
992.0
1028.0
930.0
1008.0
980.0
976.0
961.0
859.0
591.0
456.0
360.0
271.12
255.0
270.89
234.0
210.0
226.0
242.0
221.0
208.0
218.0
355.0
643.0
972.12
978.2
1003.2
1023.2
974.2
1002.2
988.0
980.0
840.0
589.0
426.0
399.0
310.0
314.0
279.85
247.0
233.0
241.0
221.0
236.0
217.0
224.0
349.0
654.0
939.0
980.0
982.0
929.0
993.0
970.12
939.0
933.08
799.0
529.0
413.0
362.0
320.0
284.0
263.93
280.0
268.0
259.0
259.0
253.0
247.0
242.0
336.0
630.0
948.0
977.12
1050.0
955.0
969.08
990.0
967.0
958.0
844.0
594.0
433.0
386.0
286.0
312.32
288.67
261.0
255.0
241.0
255.0
235.0
232.0
219.0
359.0
622.0
938.12
1001.0
1005.0
972.0
1021.0
1001.0
945.0
945.0
806.12
542.0
373.0
330.0
289.0
265.0
249.84
209.0
193.0
230.0
213.0
232.0
212.0
209.0
192.0
238.0
254.0
257.0
261.0
228.0
238.0
266.0
285.0
268.0
281.0
277.0
285.0
252.0
239.0
230.0
223.09
215.0
219.5
220.5
229.0
207.0
236.0
198.0
237.0
205.0
226.0
256.0
260.0
250.0
260.0
263.0
245.0
262.0
256.0
237.0
253.0
237.0
260.0
226.0
223.09
224.0
205.0
219.0
220.0
231.0
216.0
207.0
372.0
643.0
969.0
995.11
896.0
827.0
863.0
857.08
836.0
799.0
696.0
561.0
404.12
303.0
269.0
267.0
249.885
232.0
220.0
242.0
208.0
233.0
209.0
222.0
364.0
677.0
967.0
1021.12
1017.0
929.0
1020.0
991.0
997.08
953.0
844.0
624.12
519.0
369.0
284.0
269.0
249.885
238.0
250.0
252.0
244.0
245.0
250.0
220.0
353.0
656.0
940.0
980.0
1005.0
915.0
973.0
979.0
978.0
928.0
827.0
574.0
470.0
366.0
298.0
265.0
249.93
244.0
242.0
250.0
240.0
223.0
237.0
231.0
356.0
638.0
909.0
981.0
986.0
894.12
935.0
906.0
911.0
888.0
796.0
585.0
456.0
381.0
327.0
268.0
247.92
244.0
262.0
246.0
233.0
224.0
238.0
239.0
369.0
631.0
917.0
956.12
957.12
889.0
941.0
939.0
925.12
921.0
775.0
541.0
474.0
406.0
277.0
243.0
249.925
229.0
246.0
211.0
243.0
215.0
231.0
205.0
217.0
244.0
250.0
286.0
282.0
297.0
272.0
275.0
296.0
277.0
256.0
278.0
233.0
249.0
212.0
209.0
223.09
207.0
207.0
217.0
213.0
212.0
226.0
219.0
231.0
217.0
229.0
204.0
232.0
227.0
209.0
228.0
249.0
239.0
232.0
242.0
248.0
231.0
198.0
215.0
223.09
211.0
216.0
204.0
226.0
219.0
201.0
211.0
358.0
648.0
938.0
1009.0
1007.0
944.0
964.0
1013.0
970.0
950.0
875.0
592.0
441.0
355.0
299.0
243.0
251.93
264.0
241.0
259.0
244.0
260.0
235.0
240.0
351.0
639.0
911.0
992.0
990.0
868.0
977.0
953.12
933.12
942.0
820.0
543.0
478.0
361.0
315.0
255.0
251.865
234.0
228.0
219.0
227.0
223.0
216.0
198.0
342.0
624.0
944.0
931.0
939.0
912.0
934.0
903.0
919.0
910.12
751.0
529.0
473.0
352.0
282.0
262.0
251.8
275.0
230.0
226.0
227.0
246.0
226.0
222.0
378.0
640.0
884.0
961.0
971.12
864.0
947.0
927.0
901.0
852.0
735.0
486.0
409.0
284.0
285.0
258.0
206.825
221.0
230.0
238.0
217.0
221.0
231.0
214.0
321.0
590.0
848.0
857.0
880.0
819.0
832.0
828.0
762.0
776.0
604.0
406.0
323.0
313.0
234.0
204.0
206.825
224.0
221.0
202.0
233.0
204.0
202.0
208.0
190.0
212.0
207.0
202.0
213.0
205.0
193.0
188.0
209.0
213.0
203.0
203.0
216.0
194.0
196.0
241.0
223.09
193.0
229.0
213.0
201.0
199.0
197.0
198.0
318.0
492.0
637.0
640.0
651.0
649.0
649.0
641.0
620.0
601.0
497.0
390.0
234.0
234.0
217.0
215.0
206.825
203.0
209.0
204.0
212.0
202.0
219.0
204.0
291.0
474.0
577.0
621.0
641.0
599.0
627.0
627.0
668.8
628.8
484.0
393.0
273.0
229.0
219.0
223.0
206.825
204.0
196.0
193.0
208.0
201.0
176.0
203.0
233.0
411.0
528.0
526.0
541.0
504.0
524.0
430.0
315.0
273.0
201.0
175.0
166.0
181.0
168.0
191.0
161.85
166.0
160.0
191.0
173.0
171.0
160.0
202.0
147.0
143.0
164.0
177.0
166.0
157.0
178.0
152.0
168.0
158.0
166.0
167.0
184.0
159.0
167.0
176.0
163.86
181.0
170.0
157.0
180.0
174.0
170.0
155.0
140.0
175.0
165.0
167.0
179.0
156.0
156.0
161.0
156.0
157.0
165.0
172.0
187.0
179.0
173.0
181.0
162.86
145.0
180.0
167.0
172.0
160.0
165.0
159.0
160.0
158.0
160.0
157.0
171.0
148.0
158.0
160.5
146.5
165.0
178.0
177.0
173.0
184.0
172.0
180.0
162.86
159.0
167.5
168.0
147.0
167.5
172.0
137.0
158.0
162.0
136.0
148.0
153.0
166.0
146.0
160.0
137.0
165.0
153.0
170.0
178.0
181.0
171.0
178.0
161.86
175.0
155.0
170.0
177.0
175.0
157.0
157.0
170.0
158.0
139.0
157.0
139.0
160.0
146.0
142.0
145.0
160.0
152.0
174.0
162.0
185.0
165.0
177.0
159.88
184.0
181.0
161.0
195.0
168.0
170.0
144.0
146.0
152.0
155.0
170.5
181.0
157.0
161.0
164.0
172.0
155.0
181.0
164.0
177.0
174.0
171.0
168.0
163.925
161.0
171.0
191.0
173.0
165.0
156.0
172.0
158.0
159.0
202.0
184.0
180.0
179.0
190.0
184.0
171.0
191.0
176.0
192.0
181.0
189.0
159.0
173.0
163.925
164.0
190.0
152.0
185.0
176.0
160.0
179.0
275.0
508.0
648.0
662.0
670.0
674.0
695.0
643.0
651.0
626.0
512.0
403.0
301.0
242.0
242.0
228.0
212.03500000000003
220.0
202.0
199.0
201.0
233.0
222.0
184.0
336.0
591.0
836.0
850.0
835.0
757.0
829.12
822.0
805.0
803.0
701.0
463.0
355.0
292.0
263.0
222.0
212.03500000000003
221.0
220.0
211.0
203.0
205.0
231.0
209.0
322.0
614.0
840.0
853.0
904.0
829.0
915.0
885.0
866.0
824.0
744.0
476.0
344.0
282.0
256.0
278.0
212.03500000000003
220.0
219.0
218.0
217.0
229.0
213.0
217.0
345.0
611.0
806.12
843.0
849.0
801.0
868.0
832.0
852.0
804.0
675.0
397.0
307.0
256.0
237.0
223.0
212.03500000000003
208.0
208.0
214.0
221.0
229.0
216.0
210.0
191.0
209.0
217.0
214.0
216.0
222.0
229.0
218.0
211.0
225.84
215.0
243.0
216.0
221.0
228.0
198.0
163.925
205.0
206.0
200.0
207.0
240.0
211.5
218.0
341.0
693.16
937.16
939.16
979.16
906.16
981.28
950.16
955.16
930.16
806.16
616.16
454.16
362.16
294.16
265.0
212.03500000000003
229.0
219.0
231.0
230.0
251.0
210.0
215.0
344.0
668.0
973.0
968.0
996.0
909.08
970.0
962.0
987.0
947.0
807.0
563.0
475.08
356.0
294.0
261.0
212.03500000000003
261.0
205.0
227.0
205.0
225.0
220.0
224.0
347.64
668.64
950.76
952.12
995.68
938.56
976.0
968.52
969.52
918.04
795.04
568.56
464.56
332.0
293.0
297.0
212.03500000000003
236.5
217.0
223.5
210.5
219.0
224.0
222.0
350.7
666.83
849.7
990.68
993.92
878.92
961.92
274.0
317.0
318.0
312.0
323.0
277.0
251.0
212.0
212.0
206.0
187.0
158.87
182.0
181.0
175.0
190.0
176.0
182.0
204.0
294.0
538.0
808.0
819.0
902.0
830.0
849.0
842.0
835.0
802.0
655.0
451.0
366.0
303.0
225.0
220.0
219.845
203.0
197.0
166.52
191.5
178.5
193.5
207.0
295.0
536.68
813.68
803.68
866.0
777.0
821.0
832.0
806.0
779.0
681.0
493.0
379.0
317.0
245.0
218.0
219.845
200.0
190.0
199.0
193.0
181.0
205.0
205.0
277.0
513.0
734.0
771.0
837.0
790.0
796.0
758.0
775.0
745.0
614.0
405.0
326.0
281.0
222.0
225.0
169.86
193.5
190.0
182.5
242.68
221.59
180.38
271.52
304.84
484.36
689.36
753.52
748.52
657.64
724.16
735.16
711.16
725.16
622.76
443.76
386.4
311.4
284.4
272.76
206.395
187.0
190.0
182.5
266.84000000000003
221.59
180.38
135.8
283.42
151.0
676.52
790.76
812.26
556.0
763.0
1011.0
702.0
779.0
624.0
357.0
259.0
241.0
203.0
241.38
206.395
359.52
150.52
164.18
263.0
175.0
241.0
157.0
164.0
202.0
252.0
255.0
261.0
223.0
246.0
248.0
254.0
238.0
214.0
205.0
198.0
185.0
188.0
168.0
158.87
263.3
158.76
162.36
217.0
175.0
203.0
159.36
159.0
178.5
221.0
213.5
242.5
237.0
211.0
225.5
221.5
216.0
190.5
189.5
188.0
173.0
178.0
174.5
158.87
173.0
192.0
166.0
266.84000000000003
221.59
155.76
205.99
262.0
524.0
795.0
828.0
876.0
779.0
829.0
364.0
721.5
793.0
651.0
444.0
333.0
286.0
228.0
210.0
206.395
220.09
202.0
212.1
291.0
221.59
140.0
205.99
285.6
951.0
805.0
759.0
831.0
284.0
769.0899999999998
790.0
741.0
777.0
634.0
430.0
328.0
288.0
249.0
203.0
206.395
267.18
264.18
258.2
260.18
262.18
257.18
276.18
309.2
512.18
698.18
719.18
722.18
614.2
709.18
700.18
584.18
454.18
494.2
660.18
263.18
348.0
227.0
194.0
206.395
263.3
167.0
164.0
171.0
162.0
165.0
166.0
154.0
155.0
190.0
172.0
224.0
251.0
176.0
203.0
189.0
194.0
167.0
174.0
178.0
161.0
168.0
181.0
147.84
167.08
176.0
150.0
171.0
178.0
154.0
165.0
162.0
170.0
189.0
205.0
229.0
255.0
197.0
201.0
176.0
210.0
187.0
170.0
176.0
188.0
160.0
184.0
149.385
155.08
177.0
160.0
170.0
170.0
153.0
152.0
162.0
160.0
178.0
190.0
183.0
204.0
178.0
199.0
218.0
190.0
179.0
198.0
187.0
170.0
178.0
179.0
150.93
160.0
190.0
149.0
164.0
177.0
161.0
188.0
281.0
507.0
731.0
790.0
818.0
748.0
838.0
824.0
815.0
805.0
656.0
429.0
357.0
317.0
286.0
228.0
242.93
230.0
239.0
197.0
244.0
212.0
223.0
242.0
315.0
577.0
778.0
803.0
636.0
979.0
625.0
946.0
777.0
777.0
625.0
425.0
230.0
301.0
250.5
413.0
193.41
202.0
206.0
450.0
477.0
191.5
248.0
144.0
234.0
242.0
207.0
206.0
243.0
230.0
709.0
684.0
718.0
699.0
612.0
430.0
354.0
285.0
215.0
214.0
193.41
174.0
173.0
180.0
173.0
171.0
180.0
179.0
222.0
409.0
682.0
490.0
823.0
719.0
793.0
796.0
768.0
772.0
634.0
449.0
376.0
310.0
242.0
222.0
193.41
167.0
174.0
188.0
167.0
173.0
181.0
197.0
251.0
461.0
745.0
774.0
827.0
743.0
769.0
743.0
773.0
761.0
681.0
468.0
418.0
312.0
242.0
232.0
193.41
177.0
166.0
190.0
160.0
164.0
186.0
182.0
252.0
439.0
745.0
791.0
833.0
749.0
778.0
758.0
764.0
723.0
639.0
382.0
341.0
262.0
223.0
212.0
193.41
178.0
174.0
172.0
153.0
194.0
167.0
155.0
168.0
185.0
244.0
251.0
260.0
246.0
268.0
271.0
265.0
260.0
213.0
192.0
199.0
202.0
164.0
177.5
160.42000000000004
168.0
161.0
172.0
146.5
161.0
181.0
166.0
177.0
201.0
246.0
280.0
308.0
237.0
287.0
287.0
321.0
286.0
236.0
223.0
185.0
172.0
191.0
176.0
169.91
160.0
165.0
168.0
153.0
181.0
152.0
180.0
284.0
437.0
753.0
807.0
883.0
799.0
826.0
813.0
811.0
801.0
701.0
465.0
411.0
353.0
260.0
247.0
193.41
191.0
188.0
178.0
175.0
205.0
156.0
208.0
264.0
480.0
772.0
806.0
882.0
780.0
815.0
799.0
814.0
789.0
687.0
487.0
438.0
354.0
266.0
248.0
193.41
183.0
198.0
161.0
200.0
168.0
186.0
188.0
267.0
522.0
779.0
839.0
894.0
837.0
838.0
808.0
805.0
798.0
703.0
477.0
454.0
365.0
292.0
271.0
193.41
224.0
203.0
188.0
191.0
192.0
189.0
214.0
264.0
469.0
792.0
811.0
873.0
775.0
809.0
778.0
761.0
758.0
645.0
449.0
373.0
334.0
268.0
243.0
193.41
184.0
192.0
208.0
183.0
203.0
163.5
191.0
266.0
475.0
734.0
764.0
835.0
768.0
758.0
702.0
688.0
568.0
484.0
337.0
256.0
242.0
222.0
159.0
143.89
171.0
147.0
161.0
146.5
146.0
140.0
130.0
135.0
132.0
148.0
161.0
171.0
151.56
161.56
165.0
173.0
148.0
165.0
161.0
131.0
162.0
154.0
129.0
145.87
136.0
133.0
154.0
140.0
132.0
147.0
129.5
136.0
148.0
189.0
181.0
171.0
194.0
205.0
188.0
182.0
182.0
156.0
134.0
158.0
162.0
137.0
136.0
159.84
138.04
148.04
145.0
139.0
150.0
136.0
129.0
137.0
144.0
162.0
151.0
211.0
197.0
180.0
171.0
186.0
162.0
141.0
145.0
175.0
146.0
140.0
137.0
155.88
133.0
138.0
146.0
146.0
135.0
133.0
131.0
138.0
132.0
148.0
167.0
192.0
200.0
187.0
162.0
172.5
161.0
175.0
140.0
148.0
150.0
145.0
137.0
138.86
135.0
133.0
159.0
134.0
141.0
135.5
141.0
139.0
149.08
168.08
188.0
208.0
200.0
183.0
193.0
159.0
172.0
192.0
151.0
172.0
133.0
159.0
152.0
140.9
159.0
138.0
148.0
142.0
150.0
138.0
138.0
129.0
137.0
160.0
177.0
211.0
207.0
175.0
178.0
175.0
155.0
180.0
156.0
158.0
139.0
155.0
129.0
163.82
164.5
137.0
151.0
148.0
147.0
129.0
144.5
142.0
140.0
189.0
179.0
242.0
235.0
217.0
187.0
200.0
196.0
186.0
173.5
158.08
171.0
151.0
139.0
149.87
136.0
137.0
143.0
141.0
134.0
138.0
191.0
246.5
409.56
694.0
725.0
751.0
648.0
724.0
698.0
709.0
695.0
562.0
348.0
275.0
263.0
220.0
188.0
143.89
173.0
151.0
162.0
168.0
151.0
166.0
168.0
227.0
429.0
689.0
687.0
750.0
635.0
697.0
685.0
709.0
679.0
574.0
323.0
271.0
244.0
244.0
196.0
143.89
178.0
165.0
181.0
173.0
170.0
167.04
171.0
251.0
438.0
702.2
714.4
743.4
645.4
718.4
695.4
706.2
687.2
607.2
392.2
334.2
322.2
252.68
201.0
143.89
188.5
162.52
178.5
174.0
165.0
166.0
174.0
239.0
430.0
688.0
735.0
758.0
670.0
736.0
737.0
732.0
702.0
613.0
367.0
303.0
279.0
272.0
231.0
143.89
199.0
172.0
176.0
175.0
167.0
185.0
168.0
230.0
406.0
670.24
719.24
725.24
645.24
688.0
701.84
664.84
683.84
567.84
351.84
314.84
286.0
275.0
229.0
143.89
188.0
204.0
187.0
162.0
206.0
183.0
197.0
241.0
458.0
742.0
708.0
782.52
668.52
726.0
718.0
712.0
717.0
591.0
347.0
290.0
258.0
232.0
230.0
143.89
170.0
166.52
177.5
173.0
172.0
174.0
175.0
266.0
449.0
738.0
727.0
790.0
713.0
748.0
725.0
719.0
717.0
601.0
357.0
291.0
253.0
235.0
204.0
143.89
170.0
173.0
172.0
154.0
173.0
187.0
151.0
155.0
149.38
237.0
232.0
249.0
236.5
230.5
231.0
218.0
223.0
211.0
191.0
183.0
183.0
175.0
166.0
148.36
162.0
168.0
162.0
178.0
972.0
950.0
941.0
980.0
923.0
812.0
498.0
432.0
361.0
325.0
246.0
251.385
207.0
242.0
204.0
204.0
209.0
188.0
221.0
245.0
228.0
260.0
286.0
284.0
251.0
315.0
276.0
300.0
288.0
257.0
257.0
246.0
238.0
225.0
218.0
176.915
221.0
233.0
198.0
186.0
212.0
199.0
190.0
216.0
223.0
208.0
217.0
292.0
268.0
241.0
220.0
217.0
242.0
231.0
211.0
228.0
241.0
221.0
215.0
176.915
202.0
199.0
211.0
215.0
199.0
188.0
215.0
345.0
691.0
965.0
1001.12
1021.64
952.0
991.0
996.0
972.08
951.0
810.0
552.12
459.0
407.0
335.0
268.0
251.385
219.5
222.5
215.5
228.5
205.5
191.0
243.28
399.28
653.28
910.28
951.28
1025.28
949.28
970.28
947.0
945.12
915.0
796.0
532.0
463.0
367.0
313.0
270.0
254.86
237.0
246.0
220.0
242.0
212.0
191.0
220.64
411.0
664.0
928.0
917.0
1003.12
922.0
949.0
933.0
936.08
900.0
745.0
453.0
401.0
298.0
288.0
222.0
258.545
204.0
211.0
205.0
192.0
216.0
213.0
190.0
222.0
201.0
226.0
214.0
295.0
280.0
224.0
259.0
234.0
223.0
238.0
204.0
242.0
211.0
212.0
184.0
176.915
211.0
188.0
183.0
199.0
194.0
170.0
193.0
187.0
241.0
251.0
216.0
324.0
309.0
253.0
232.0
228.0
261.0
225.5
213.0
216.0
209.0
190.0
195.0
176.915
199.0
199.0
226.0
185.0
199.0
185.0
181.0
195.0
204.0
213.0
219.0
237.0
218.0
224.0
234.0
231.0
249.0
213.0
222.0
213.0
223.0
205.0
198.0
176.915
208.0
204.0
197.0
196.0
199.0
194.0
198.0
365.0
667.0
905.0
947.0
1052.0
927.0
975.0
927.0
942.0
899.0
797.0
455.0
358.0
336.0
292.0
235.0
258.545
217.5
225.0
237.0
235.0
198.0
213.0
214.0
371.0
640.0
947.0
973.0
1051.0
960.24
1024.0
1002.0
978.0
978.0
872.12
642.0
518.0
365.12
311.0
275.0
262.23
217.5
227.0
236.0
254.0
220.0
238.0
221.0
412.04
626.04
928.0
1009.0
1055.0
948.0
995.0
986.0
987.0
942.0
793.0
640.12
445.0
369.0
313.0
262.0
243.27
217.5
226.0
221.0
242.0
201.0
235.0
262.0
359.0
629.0
938.0
978.0
1043.0
959.0
976.0
935.0
952.0
946.96
798.84
546.84
427.52
350.0
306.0
260.0
247.76
217.5
221.0
215.0
212.0
214.0
206.0
217.0
373.08
644.0
923.0
968.12
1028.28
932.28
972.28
940.28
911.0
895.0
808.12
516.0
411.0
342.0
300.0
245.0
252.25
217.5
214.0
217.0
213.0
231.0
242.0
215.0
378.0
629.0
873.0
896.0
989.0
881.0
877.0
947.0
863.0
875.0
786.0
495.0
388.0
352.0
273.0
241.0
251.115
203.0
201.0
215.0
195.0
205.5
192.0
189.0
196.5
222.0
228.0
223.0
249.0
240.0
223.0
237.0
254.0
222.0
225.0
233.0
216.0
219.0
216.0
206.0
176.915
207.0
203.0
204.0
205.0
212.0
199.0
197.0
198.0
200.0
210.0
236.0
249.0
244.0
235.0
239.0
220.0
252.0
220.0
235.0
245.0
220.5
207.0
215.0
176.915
227.0
207.0
217.0
221.0
197.0
193.0
200.0
401.56
596.56
882.0
961.0
1017.12
925.0
939.0
940.0
924.0
913.0
791.0
565.0
435.0
354.0
270.0
245.0
251.115
230.0
216.0
219.0
229.0
207.0
213.0
244.0
339.0
655.0
900.0
934.0
981.12
883.0
919.0
935.0
907.0
913.0
778.0
452.0
386.0
356.0
278.0
235.0
251.115
230.5
226.0
209.0
221.0
222.0
219.0
214.0
360.0
629.0
894.0
941.0
1003.0
910.0
939.32
924.32
918.4
873.56
779.56
487.56
407.08
340.2
288.08
253.5
251.115
230.5
208.0
204.5
233.0
218.0
221.5
210.0
378.16
649.16
909.92
946.0
1007.92
872.92
921.16
909.04
882.76
879.76
740.76
557.88
412.76
378.36
330.04
272.0
251.115
230.5
209.5
204.5
245.0
214.0
224.0
231.0
380.0
614.0
908.0
965.0
982.0
917.0
919.0
906.0
892.0
909.0
727.0
451.0
374.0
323.0
279.0
247.0
251.115
197.5
222.0
209.0
207.0
216.0
210.0
202.0
226.0
214.0
216.0
204.0
239.0
241.0
239.0
220.0
254.0
243.5
220.0
225.0
235.0
222.0
224.0
196.0
176.915
197.5
205.0
196.0
192.0
214.0
216.0
196.0
189.0
220.0
250.72
233.5
284.72
291.72
254.72
259.72
249.72
243.5
231.0
240.0
235.5
218.5
224.5
199.0
176.915
230.5
209.5
200.0
206.0
219.0
250.28
268.28
389.28
609.28
871.28
905.28
959.28
902.12
988.0
940.0
949.0
912.0
807.0
622.0
489.68
385.8
318.68
267.0
249.98
230.5
211.0
214.0
212.5
214.0
229.0
229.0
361.0
651.0
924.0
960.0
988.0
932.0
934.0
943.0
922.0
908.0
799.0
530.0
447.0
377.0
281.0
256.0
250.455
230.5
231.0
228.0
219.0
217.5
224.5
222.5
383.0
634.0
900.0
918.0
1009.0
898.12
952.0
947.0
961.0
927.12
788.0
572.0
450.0
357.0
276.0
235.0
250.93
231.0
211.0
227.0
206.0
221.0
220.0
216.0
363.0
631.0
913.0
935.0
1018.0
934.0
934.0
930.0
930.0
896.0
787.0
595.08
510.0
419.0
266.0
247.0
255.98
220.0
218.0
241.0
201.0
218.5
250.0
212.0
378.0
644.0
875.0
939.08
996.0
904.0
915.0
884.0
935.12
844.0
738.0
464.0
386.0
338.0
293.0
233.0
261.93
197.5
226.0
216.0
225.0
212.0
222.0
204.0
247.0
226.0
261.0
263.0
267.0
292.0
267.84
261.84
285.32
243.5
231.0
255.0
235.5
218.5
224.5
214.0
176.915
197.5
208.0
209.5
214.0
207.0
203.0
218.0
187.0
234.0
202.0
207.0
261.0
248.0
218.0
248.42
269.16
243.5
231.0
243.0
235.5
218.5
225.0
229.0
176.915
209.0
224.0
225.0
196.0
216.0
219.0
205.0
375.12
622.04
895.04
893.0
970.0
894.0
887.0
936.0
875.52
881.52
745.0
455.0
408.0
328.0
323.0
249.0
259.86
247.0
207.0
236.0
210.0
230.0
237.0
262.0
363.0
663.0
841.12
872.0
964.0
883.0
883.0
877.0
868.0
880.0
720.0
468.12
417.0
344.0
340.0
265.0
244.86
240.0
211.0
219.0
223.0
206.0
214.0
239.0
359.0
666.0
902.12
885.0
956.0
912.0
872.0
856.12
744.0
647.0
569.0
396.0
340.0
319.0
289.0
227.0
254.865
188.0
199.0
203.0
203.0
181.0
190.0
177.0
204.0
223.0
229.0
251.0
290.0
286.0
254.0
235.0
253.0
235.0
242.0
231.0
236.0
215.0
196.0
191.0
176.915
202.0
171.0
188.0
189.0
190.0
196.0
173.0
184.0
206.0
205.0
205.0
226.0
240.0
236.0
212.0
221.0
245.0
225.0
229.0
200.0
214.0
181.0
180.0
176.915
191.0
175.0
188.0
188.0
187.0
194.0
183.0
165.0
206.0
175.0
195.0
177.0
206.0
177.0
183.0
208.0
196.0
206.0
215.0
189.0
218.0
216.0
191.0
176.915
189.5
178.0
165.0
198.0
193.0
170.0
173.0
188.0
190.0
199.0
178.0
235.0
228.0
193.0
201.0
193.0
199.0
197.0
225.0
233.0
174.0
210.0
171.0
176.915
188.0
172.0
184.0
179.0
178.0
159.52
178.5
188.0
187.0
240.0
209.0
259.0
246.0
220.0
235.0
238.0
240.0
210.0
224.0
194.0
197.0
202.0
206.0
176.915
180.0
195.0
192.0
177.0
171.0
190.0
184.0
202.0
172.0
197.0
197.0
241.0
239.0
209.0
216.0
194.0
199.0
193.0
230.0
209.0
189.0
177.0
185.0
176.915
173.0
179.0
185.0
181.0
172.0
161.0
180.0
177.0
182.0
175.0
193.0
251.0
224.0
204.0
184.0
208.0
211.0
195.0
204.0
198.0
211.5
201.0
178.0
173.95
181.0
170.0
206.0
193.0
183.0
164.0
202.0
339.0
614.0
859.0
916.0
949.0
862.0
901.0
881.0
891.0
876.0
746.8
460.0
375.0
315.0
271.0
247.0
254.865
228.0
227.0
208.0
216.0
136.0
133.0
154.0
140.0
132.0
147.0
129.5
136.0
148.0
189.0
181.0
171.0
194.0
205.0
188.0
182.0
182.0
156.0
134.0
158.0
162.0
137.0
136.0
159.84
138.04
148.04
145.0
139.0
150.0
136.0
129.0
137.0
144.0
162.0
151.0
211.0
197.0
180.0
171.0
186.0
162.0
141.0
145.0
175.0
146.0
140.0
137.0
155.88
133.0
138.0
146.0
146.0
135.0
133.0
131.0
138.0
132.0
148.0
167.0
192.0
200.0
187.0
162.0
172.5
161.0
175.0
140.0
148.0
150.0
145.0
137.0
138.86
135.0
133.0
159.0
134.0
141.0
135.5
141.0
139.0
149.08
168.08
188.0
208.0
200.0
183.0
193.0
159.0
172.0
192.0
151.0
172.0
133.0
159.0
152.0
140.9
159.0
138.0
148.0
142.0
150.0
138.0
138.0
129.0
137.0
160.0
177.0
211.0
207.0
175.0
178.0
175.0
155.0
180.0
156.0
158.0
139.0
155.0
129.0
163.82
164.5
137.0
151.0
148.0
147.0
129.0
144.5
142.0
140.0
189.0
179.0
242.0
235.0
217.0
187.0
200.0
196.0
186.0
173.5
158.08
171.0
151.0
139.0
149.87
136.0
137.0
143.0
141.0
134.0
138.0
191.0
246.5
409.56
694.0
725.0
751.0
648.0
724.0
698.0
709.0
695.0
562.0
348.0
275.0
263.0
220.0
188.0
143.89
173.0
151.0
162.0
168.0
151.0
166.0
168.0
227.0
429.0
689.0
687.0
750.0
635.0
697.0
685.0
709.0
679.0
574.0
323.0
271.0
244.0
244.0
196.0
143.89
178.0
165.0
181.0
173.0
170.0
167.04
171.0
251.0
438.0
702.2
714.4
743.4
645.4
718.4
695.4
706.2
687.2
607.2
392.2
334.2
322.2
252.68
201.0
143.89
188.5
162.52
178.5
174.0
165.0
166.0
174.0
239.0
430.0
688.0
735.0
758.0
670.0
736.0
737.0
732.0
702.0
613.0
367.0
303.0
279.0
272.0
231.0
143.89
199.0
172.0
176.0
175.0
167.0
185.0
168.0
230.0
406.0
670.24
719.24
725.24
645.24
688.0
701.84
664.84
683.84
567.84
351.84
314.84
286.0
275.0
229.0
143.89
188.0
204.0
187.0
162.0
206.0
183.0
197.0
241.0
458.0
742.0
708.0
782.52
668.52
726.0
718.0
712.0
717.0
591.0
347.0
290.0
258.0
232.0
230.0
143.89
170.0
166.52
177.5
173.0
172.0
174.0
175.0
266.0
449.0
738.0
727.0
790.0
713.0
748.0
725.0
719.0
717.0
601.0
357.0
291.0
253.0
235.0
204.0
143.89
170.0
173.0
172.0
154.0
173.0
187.0
151.0
155.0
149.38
237.0
232.0
249.0
236.5
230.5
231.0
218.0
223.0
211.0
191.0
183.0
183.0
175.0
166.0
148.36
162.0
168.0
162.0
178.0
165.0
154.52
160.5
159.76
158.76
240.5
250.0
248.5
236.5
230.5
201.0
206.0
211.0
216.0
223.0
196.0
188.0
188.0
172.0
148.36
176.0
154.0
168.0
146.0
172.5
172.0
162.0
290.0
411.0
742.0
779.0
815.0
716.0
763.0
782.0
788.0
759.0
653.0
409.0
320.0
288.0
261.0
206.0
143.89
177.94
165.5
172.0
156.0
172.5
171.5
168.5
278.6
450.6
674.6
707.6
694.6
617.6
707.6
716.6
709.6
687.6
609.6
403.6
342.6
338.6
297.6
231.0
143.89
179.88
177.0
176.0
166.0
173.0
171.0
175.0
244.0
453.0
753.0
787.0
837.0
709.0
763.0
775.0
755.0
752.0
656.0
390.0
339.0
296.0
263.0
222.0
143.89
169.44
173.0
183.0
187.0
189.0
163.5
192.0
247.0
441.0
742.0
767.0
796.0
711.0
770.0
768.0
750.0
741.0
642.0
383.0
308.0
286.0
249.0
248.0
143.89
169.44
196.0
191.0
183.0
182.0
163.5
197.0
262.0
450.0
717.0
758.0
804.0
706.0
751.0
754.0
757.0
725.0
627.0
378.0
269.0
246.0
212.0
190.0
143.89
172.0
161.0
175.0
164.0
161.0
158.0
170.0
164.0
174.0
244.0
268.0
248.0
238.0
244.0
271.56
257.56
260.0
227.0
203.0
183.0
189.0
185.0
182.0
146.85
182.0
153.0
149.0
176.0
159.0
155.0
164.0
153.0
167.0
172.0
202.0
223.0
207.0
184.0
198.0
223.0
197.0
206.0
172.0
175.5
190.0
165.0
174.0
161.365
159.0
171.0
173.0
160.0
175.0
156.0
192.0
262.0
444.0
745.0
752.0
809.0
724.0
769.0
776.0
763.0
755.0
646.0
426.0
341.0
288.0
251.0
223.0
143.89
184.0
181.0
171.0
186.0
193.0
167.0
185.0
273.0
452.0
756.0
741.0
801.0
687.0
767.0
772.0
758.0
739.0
647.0
417.0
342.0
288.0
240.0
205.0
143.89
194.0
186.0
171.0
195.0
159.0
195.0
180.0
257.0
445.0
743.0
782.0
826.0
734.0
785.0
805.0
759.0
760.0
625.0
425.0
332.0
314.0
274.0
214.0
143.89
187.0
173.0
171.0
162.0
175.0
172.0
174.0
235.0
444.0
713.08
763.08
809.0
719.0
761.0
762.0
771.0
748.0
646.0
453.0
394.0
324.0
268.0
231.0
143.89
180.0
181.0
158.0
182.0
176.0
184.0
170.0
253.0
467.0
725.0
772.0
779.0
680.0
753.56
735.56
714.0
715.0
608.0
372.0
314.0
291.0
286.0
227.0
143.89
185.0
175.0
159.0
177.0
153.0
168.0
148.0
150.0
177.0
222.0
235.0
258.0
213.0
244.0
235.0
243.0
231.0
256.0
186.0
168.0
194.0
170.0
174.0
175.88
165.0
153.0
172.0
160.0
156.0
170.0
149.0
132.0
161.0
190.0
184.0
190.0
205.0
191.0
213.0
209.0
206.0
212.0
166.0
157.0
170.0
152.0
164.0
157.88
147.0
164.0
150.0
154.0
154.0
148.0
166.0
252.0
421.0
748.04
743.04
771.0
696.0
765.0
755.0
740.0
740.0
624.0
426.0
360.0
321.0
265.0
253.0
164.0
207.0
234.0
201.0
226.0
219.0
229.0
223.0
209.0
210.0
193.0
186.0
187.0
174.0
182.0
160.385
152.0
184.0
160.0
162.0
180.0
150.0
184.0
271.0
498.52
771.52
757.0
812.0
723.0
784.0
765.0
760.0
770.0
645.52
399.52
343.0
291.0
249.0
229.0
193.96
158.5
177.0
175.0
165.0
174.0
162.0
199.0
255.0
499.0
737.0
734.0
788.0
671.32
743.32
729.32
747.0
721.0
628.0
442.48
352.48
273.48
245.5
217.0
193.96
158.5
188.0
180.0
168.0
190.0
180.0
190.0
284.0
480.52
742.52
749.52
803.52
699.52
767.52
739.0
746.0
734.0
617.0
429.0
350.0
265.0
242.0
204.0
193.96
158.5
185.5
180.0
168.0
192.0
174.0
196.5
282.48
431.48
647.48
682.84
822.0
706.0
783.0
770.0
779.0
762.0
651.0
482.0
386.0
320.0
255.0
223.0
193.96
158.5
183.0
185.0
171.0
194.0
168.0
203.0
283.0
520.0
745.0
789.0
816.04
734.04
773.0
765.0
779.0
740.0
636.0
429.0
330.0
276.0
227.0
197.0
193.96
168.9
177.0
172.0
173.0
177.0
166.0
165.0
183.0
204.0
279.0
281.0
284.0
260.0
266.0
289.0
278.0
267.0
249.0
223.0
207.0
200.0
194.0
192.0
164.84
168.9
196.0
164.0
196.0
160.0
162.0
156.0
177.0
195.0
256.0
256.0
246.0
232.0
260.0
260.0
263.0
268.0
205.0
205.0
211.0
184.0
202.0
170.0
172.425
165.0
176.0
185.0
168.0
174.0
173.0
181.0
275.0
484.0
777.0
796.56
848.56
736.0
805.0
784.0
776.0
791.0
661.0
459.0
373.0
290.0
247.0
214.0
193.96
179.0
196.0
185.0
186.0
184.0
184.0
200.0
297.0
509.52
775.52
771.6
816.6
727.6
782.6
767.6
765.52
743.52
653.52
501.52
376.52
288.52
251.52
210.5
193.96
171.45
187.0
175.5
194.0
200.0
184.0
195.0
300.6
522.6
760.6
792.6
848.0
746.0
793.0
785.0
806.0
780.0
646.0
408.0
303.0
272.0
244.0
207.0
193.96
171.45
178.0
166.0
194.0
172.0
165.0
190.0
277.0
529.0
774.0
790.0
856.0
746.0
813.0
812.0
810.0
795.0
686.0
449.0
349.0
311.0
277.0
227.0
193.96
171.45
203.0
193.0
202.0
193.0
157.0
191.5
303.0
529.0
814.0
808.24
851.6
734.6
799.6
796.0
791.0
766.0
636.96
369.16
313.16
274.64
268.58000000000004
218.0
193.96
161.8
187.5
167.24
188.0
164.0
172.5
153.0
166.5
187.0
218.5
236.0
263.0
220.5
271.8
239.5
250.8
264.8
225.0
211.0
186.0
203.0
187.0
178.0
172.425
157.4
179.0
175.0
188.0
168.0
183.0
150.0
156.0
179.0
181.0
216.0
205.0
209.0
221.0
219.0
204.0
213.0
195.0
195.0
210.0
192.0
187.0
178.0
180.01
163.9
193.0
169.98
175.98
165.99
149.0
193.0
283.0
502.0
764.0
783.0
862.0
766.0
794.0
807.0
786.0
767.16
639.16
445.16
375.16
328.16
260.16
222.0
193.96
164.95
183.0
184.0
184.0
179.0
180.0
187.0
288.0
519.0
796.0
776.0
840.0
769.0
787.0
813.0
788.0
766.0
671.0
474.0
367.0
300.0
263.0
226.0
193.96
164.95
180.0
202.0
167.0
197.0
189.0
201.0
298.0
526.0
784.0
786.0
876.0
734.0
797.0
813.0
785.0
795.0
660.0
456.0
316.0
296.0
251.0
230.0
223.0
164.95
201.0
185.0
202.0
190.0
186.0
214.0
290.0
524.0
775.0
809.0
850.0
747.0
815.0
812.68
799.68
785.68
688.0
475.52
352.52
284.0
238.0
222.5
246.315
164.95
193.0
176.0
190.5
182.5
175.5
199.0
304.88
527.0
778.0
786.0
861.0
738.0
819.0
803.0
793.0
774.0
669.0
385.0
300.0
250.0
225.0
215.0
246.315
157.4
187.0
175.0
180.0
182.0
175.0
160.0
172.0
216.0
285.0
302.0
280.0
251.0
288.0
283.0
283.0
288.0
243.0
197.0
186.0
195.0
175.0
176.0
179.95499999999996
157.4
166.0
162.0
175.0
167.0
167.0
168.0
160.0
197.0
270.52
264.52
267.0
260.0
264.0
251.0
254.0
256.0
226.0
197.0
189.0
198.0
172.0
179.0
179.9
166.0
185.0
167.0
179.0
175.0
165.0
184.0
297.0
488.0
811.0
822.0
889.0
776.0
809.0
834.0
798.0
809.0
673.0
428.0
351.0
295.0
259.0
231.0
246.315
416.92
414.92
412.92
413.92
408.92
415.92
426.92
455.92
516.92
554.92
546.92
594.92
590.92
545.92
539.92
544.92
788.0
673.0
416.16
402.16
289.0
259.0
242.0
246.315
217.0
184.0
196.0
204.0
186.0
200.0
200.0
308.0
512.0
775.0
801.0
851.0
776.0
813.0
775.0
765.0
745.0
568.0
372.0
275.0
236.0
185.0
185.0
246.315
153.0
158.0
171.0
154.0
154.0
161.0
154.0
148.0
162.0
179.0
168.0
213.0
187.0
167.0
152.0
151.0
170.0
144.0
152.0
178.0
152.0
148.0
171.0
149.9
152.0
158.0
148.0
160.0
159.0
146.0
143.0
155.0
155.0
160.0
230.0
241.0
245.0
196.0
185.0
208.0
179.0
167.0
179.0
172.5
168.0
161.0
157.0
162.9
150.0
157.0
162.0
141.0
164.0
151.0
144.0
142.0
160.0
192.0
193.0
199.0
181.0
192.0
205.0
208.0
185.0
175.0
173.0
167.0
168.0
166.0
153.0
155.85
171.0
152.0
145.0
164.0
159.0
159.0
190.0
286.0
511.0
780.0
774.0
775.0
704.0
769.0
759.0
765.0
750.0
628.0
475.0
335.0
280.0
230.0
204.0
246.315
182.0
183.0
176.0
180.04
179.0
168.0
199.0
306.0
531.0
810.0
833.0
872.0
798.0
832.0
831.0
839.0
804.0
688.0
445.0
340.04
322.04
245.0
231.0
246.315
194.0
192.0
192.0
184.0
199.0
177.0
214.0
282.0
491.0
812.0
832.56
898.56
791.56
831.56
825.8
812.16
802.32
683.08
567.08
415.56
356.56
253.32
227.0
246.315
190.0
189.0
196.5
181.0
196.5
176.5
206.0
310.28
530.28
807.28
838.28
907.04
808.04
865.04
840.04
832.04
799.04
696.0
424.0
323.0
291.0
240.0
224.0
246.315
197.5
189.0
196.5
181.0
196.5
176.0
198.0
285.0
526.0
806.0
822.0
882.0
783.0
827.24
826.24
808.24
798.24
691.04
488.04
359.0
318.0
260.0
238.0
246.315
205.0
186.0
201.0
178.0
194.0
177.0
209.0
278.0
527.0
824.0
835.0
904.0
818.32
859.32
838.32
855.0
813.0
712.0
484.32
369.32
284.32
227.0
215.0
246.315
173.5
164.5
169.5
165.0
171.0
158.0
155.01999999999995
154.0
189.0
228.5
207.5
205.0
201.0
207.0
217.5
219.0
252.8
226.0
198.0
198.0
179.5
186.5
169.5
163.38
173.5
164.5
169.5
165.0
171.0
158.0
166.04
166.0
189.0
228.5
222.0
211.0
221.0
222.0
230.0
230.0
216.0
226.0
198.0
198.0
191.0
207.0
186.0
163.38
232.34
179.0
203.0
180.0
201.0
177.0
195.0
298.0
510.0
817.0
868.0
918.0
829.0
874.52
855.52
837.0
807.0
680.0
448.0
378.0
290.0
245.0
228.0
246.315
259.68
252.68
258.68
236.72
257.68
249.68
257.2
340.2
514.68
782.68
788.68
859.68
774.68
785.68
776.68
767.68
739.68
664.68
483.68
411.68
357.68
318.68
288.68
269.63
307.44
281.44
286.44
293.44
274.44
295.44
289.44
365.44
514.44
712.44
766.44
852.44
748.44
765.44
758.44
742.44
727.44
674.44
465.44
398.44
344.44
324.44
311.44
286.76
212.0
204.0
207.0
183.0
209.0
192.0
209.0
317.0
539.0
837.0
859.0
952.0
811.0
854.0
854.0
831.0
835.0
715.0
490.0
368.0
326.0
273.0
243.0
231.32
210.5
199.0
219.0
215.0
207.0
221.0
218.0
321.0
557.0
825.52
862.52
926.0
821.0
876.44
870.44
882.44
862.44
715.44
430.44
318.44
279.44
279.84000000000003
236.0
231.32
173.5
164.5
169.5
165.0
171.0
158.0
173.51999999999995
168.0
218.0
265.0
292.0
307.0
292.0
280.0
272.0
282.0
280.0
277.0
223.0
229.0
186.0
193.0
192.0
163.38
832.0
856.0
946.0
830.0
886.0
846.0
854.0
819.0
685.0
474.0
324.0
300.0
249.0
217.0
256.385
184.0
189.0
204.0
195.0
194.0
193.0
217.0
286.0
566.0
844.0
826.0
928.0
800.0
866.0
815.0
819.0
808.0
674.0
492.0
361.0
292.0
244.0
235.0
256.385
198.0
201.0
158.0
210.0
281.0
178.0
212.0
286.0
543.0
814.0
806.0
897.0
767.0
838.0
808.0
765.0
832.0
683.0
314.0
348.0
291.0
713.0
250.0
269.83
155.0
199.0
190.0
225.0
190.0
189.0
224.0
307.0
528.0
816.0
854.0
899.0
798.0
855.0
811.0
825.0
800.0
643.0
421.0
335.0
290.0
241.0
211.0
219.845
187.0
210.0
195.0
186.0
200.0
178.0
172.0
209.0
224.0
281.0
285.0
307.0
257.0
299.0
297.0
295.0
297.0
255.0
230.0
223.0
204.0
197.0
207.0
156.885
191.0
177.0
189.0
190.0
174.0
187.0
188.0
188.0
224.0
254.0
282.0
282.0
260.0
280.0
299.0
284.0
250.0
233.0
229.0
221.0
213.0
204.0
192.0
156.885
189.0
189.0
176.0
195.0
177.0
175.0
208.0
319.0
578.0
834.0
853.0
908.0
821.0
855.0
827.0
818.0
782.52
638.52
423.0
347.0
298.0
256.0
243.0
219.845
201.0
193.0
196.0
173.0
204.0
171.0
220.0
314.0
558.0
784.0
820.0
907.0
792.0
824.0
815.0
805.0
821.0
654.0
452.0
357.0
305.0
229.0
225.0
219.845
194.0
206.0
177.0
197.0
197.0
178.5
206.0
317.0
536.0
789.0
834.0
888.0
795.0
843.0
813.0
801.0
792.0
632.0
419.0
334.0
293.0
253.0
213.0
219.845
176.0
206.0
188.0
205.0
190.0
186.0
211.0
330.0
569.0
810.0
857.0
916.0
791.0
863.0
862.0
853.0
809.0
657.0
433.0
364.0
296.0
237.0
218.0
219.845
188.0
177.0
193.0
180.0
184.0
186.0
208.0
305.0
545.0
768.0
770.0
843.0
776.0
796.0
800.0
747.0
746.0
594.0
396.0
311.0
264.0
227.0
186.0
219.845
172.0
175.0
157.0
158.0
172.0
155.0
153.0
178.0
185.0
241.0
250.56
250.56
218.0
235.0
263.0
234.0
226.0
212.0
200.0
201.0
174.0
175.0
179.0
151.89
185.0
158.0
164.0
172.5
151.0
171.0
161.0
159.0
197.0
227.0
264.0
277.0
211.0
281.0
277.0
267.0
272.0
265.0
181.0
179.0
196.0
178.0
158.0
169.9
159.0
159.0
158.0
168.0
151.0
164.0
164.0
293.0
526.0
824.0
827.0
897.0
815.0
870.0
876.0
841.0
836.0
351.0
782.0
396.0
320.0
248.0
225.0
219.845
184.0
192.0
185.0
190.0
183.0
184.0
190.0
304.0
570.0
827.0
846.0
928.0
821.0
875.0
857.0
849.0
828.0
689.0
464.0
367.0
297.0
246.0
225.0
219.845
187.0
198.0
184.0
192.0
190.0
178.0
223.0
286.0
556.0
829.0
832.0
872.0
806.0
862.31
830.0
818.0
799.0
665.0
450.0
346.0
276.0
239.0
233.0
219.845
201.0
185.0
192.0
192.0
202.0
183.0
212.0
303.0
539.0
816.0
652.0
296.0
302.0
852.655
829.0
817.0
807.0
657.0
433.0
345.0
292.0
259.0
228.0
219.845
210.0
197.0
191.0
182.0
182.0
197.0
206.0
293.0
530.0
797.0
817.0
869.0
818.0
843.0
818.0
817.0
780.0
592.0
513.0
348.0
145.0
161.0
421.0
219.845
257.0
188.0
155.0
187.0
188.0
161.0
176.0
173.0
202.0
230.0
261.0
257.0
269.0
259.0
226.0
286.5
295.5
458.0
398.0
205.0
275.0
175.5
286.0
158.87
162.0
146.0
188.0
175.5
268.0
139.0
191.0
213.0
189.0
214.0
222.0
266.0
228.0
218.0
253.0
286.5
295.5
420.0
265.0
231.0
148.0
173.0
240.0
158.87
202.5
182.54
190.0
177.5
770.0
296.0
179.0
291.0
438.0
858.0
747.0
350.0
798.0
852.0
811.0
808.0
768.0
661.0
432.0
346.0
282.0
204.5
416.0
219.845
202.5
182.54
190.0
177.5
577.0
183.0
202.0
279.0
512.0
788.0
798.0
869.0
778.0
835.0
805.0
802.0
768.0
617.0
432.0
353.0
278.0
248.0
219.0
219.845
202.5
168.08
189.0
173.0
179.0
170.0
217.0
278.0
517.0
788.0
770.0
847.0
744.0
829.0
770.0
779.0
758.0
620.0
445.0
335.0
320.0
278.0
233.0
219.845
195.0
187.0
179.0
175.0
181.0
166.0
202.0
289.0
551.0
805.0
241.0
865.0
776.0
849.0
827.0
803.0
801.0
671.0
464.0
388.0
324.0
255.0
217.0
219.845
196.0
192.0
176.0
182.5
178.0
184.0
211.0
285.0
506.0
807.0
810.0
883.0
808.0
844.0
814.0
810.0
783.0
640.0
411.0
331.0
282.0
230.0
200.0
219.845
182.0
196.0
178.0
164.0
190.0
158.0
192.0
179.0
207.0
304.0
332.0
315.0
262.0
306.0
342.0
306.0
319.0
293.0
222.0
213.0
193.0
199.0
194.0
158.87
184.0
186.0
166.0
192.0
188.0
162.0
181.0
192.0
241.0
295.0
299.0
316.0
274.0
317.0
318.0
312.0
323.0
277.0
251.0
212.0
212.0
206.0
187.0
158.87
182.0
181.0
175.0
190.0
176.0
182.0
204.0
294.0
538.0
808.0
819.0
902.0
830.0
849.0
842.0
835.0
802.0
655.0
451.0
366.0
303.0
225.0
220.0
219.845
203.0
197.0
166.52
191.5
178.5
193.5
207.0
295.0
536.68
813.68
803.68
866.0
777.0
821.0
832.0
806.0
779.0
681.0
493.0
379.0
317.0
245.0
218.0
219.845
200.0
190.0
199.0
193.0
181.0
205.0
205.0
277.0
513.0
734.0
771.0
837.0
790.0
796.0
758.0
775.0
745.0
614.0
405.0
326.0
281.0
222.0
225.0
169.86
193.5
190.0
182.5
242.68
221.59
180.38
271.52
304.84
484.36
689.36
753.52
748.52
657.64
724.16
735.16
711.16
725.16
622.76
443.76
386.4
311.4
284.4
272.76
206.395
187.0
190.0
182.5
266.84000000000003
221.59
180.38
135.8
283.42
151.0
676.52
790.76
812.26
556.0
763.0
1011.0
702.0
779.0
624.0
357.0
259.0
241.0
203.0
241.38
206.395
359.52
150.52
164.18
263.0
175.0
241.0
157.0
164.0
202.0
252.0
255.0
261.0
223.0
246.0
248.0
254.0
238.0
214.0
205.0
198.0
185.0
188.0
168.0
158.87
263.3
158.76
162.36
217.0
175.0
203.0
159.36
159.0
178.5
221.0
213.5
242.5
237.0
211.0
225.5
221.5
216.0
190.5
189.5
188.0
173.0
178.0
174.5
158.87
173.0
192.0
166.0
266.84000000000003
221.59
155.76
205.99
262.0
524.0
795.0
828.0
876.0
779.0
829.0
364.0
721.5
793.0
651.0
444.0
333.0
286.0
228.0
210.0
206.395
220.09
202.0
212.1
291.0
221.59
140.0
205.99
285.6
951.0
805.0
759.0
831.0
284.0
769.0899999999998
790.0
741.0
777.0
634.0
430.0
328.0
288.0
249.0
203.0
206.395
267.18
264.18
258.2
260.18
262.18
257.18
276.18
309.2
512.18
698.18
719.18
722.18
614.2
709.18
700.18
584.18
454.18
494.2
660.18
263.18
348.0
227.0
194.0
206.395
263.3
167.0
164.0
171.0
162.0
165.0
166.0
154.0
155.0
190.0
172.0
224.0
251.0
176.0
203.0
189.0
194.0
167.0
174.0
178.0
161.0
168.0
181.0
147.84
167.08
176.0
150.0
171.0
178.0
154.0
165.0
162.0
170.0
189.0
205.0
229.0
255.0
197.0
201.0
176.0
210.0
187.0
170.0
176.0
188.0
160.0
184.0
149.385
155.08
177.0
160.0
170.0
170.0
153.0
152.0
162.0
160.0
178.0
190.0
183.0
204.0
178.0
199.0
218.0
190.0
179.0
198.0
187.0
170.0
178.0
179.0
150.93
160.0
190.0
149.0
164.0
177.0
161.0
188.0
281.0
507.0
731.0
790.0
818.0
748.0
838.0
824.0
815.0
805.0
656.0
429.0
357.0
317.0
286.0
228.0
242.93
230.0
239.0
197.0
244.0
212.0
223.0
242.0
315.0
577.0
778.0
803.0
636.0
979.0
625.0
946.0
777.0
777.0
625.0
425.0
230.0
301.0
250.5
413.0
193.41
202.0
260.0
268.52
270.52
247.0
263.0
241.0
227.0
227.0
198.0
205.0
157.34
219.0
206.0
190.0
191.0
209.0
201.0
231.0
352.0
637.0
910.0
941.0
964.0
848.0
924.0
887.0
908.0
882.0
718.0
463.0
373.0
305.0
246.0
219.0
224.43
198.0
202.0
200.0
192.0
193.0
197.0
230.0
358.0
630.0
904.0
937.0
964.0
857.0
900.0
914.0
907.0
885.0
734.0
449.0
364.0
307.0
255.0
251.0
224.43
209.0
194.0
190.0
211.0
198.0
191.0
229.0
361.0
658.0
882.0
909.0
943.0
829.0
889.0
884.0
890.0
840.0
710.0
446.0
391.0
317.0
279.0
240.0
224.43
202.0
207.0
190.0
221.0
186.0
190.0
234.0
343.0
625.0
838.0
888.0
924.0
799.0
851.0
857.0
854.0
837.0
696.0
445.0
369.0
273.6
277.0
205.0
224.43
197.0
195.0
206.0
196.0
184.0
199.0
191.0
194.0
225.0
254.0
258.0
264.0
249.0
251.0
267.0
255.0
237.0
249.0
225.0
213.0
197.0
220.0
184.0
157.34
193.0
185.0
186.0
205.0
178.0
192.0
193.0
174.0
183.0
241.0
214.0
217.0
244.0
218.0
249.0
225.0
241.0
233.0
216.0
201.0
222.0
191.0
190.5
157.34
195.0
189.0
186.0
189.0
190.5
191.5
197.0
353.0
632.0
894.0
924.0
957.0
878.0
921.0
909.0
889.0
891.0
729.0
563.0
408.0
336.0
275.0
233.0
224.43
204.0
198.0
195.0
199.0
195.0
193.0
219.0
363.0
614.0
881.0
933.0
929.0
843.0
880.0
865.0
844.0
816.0
678.0
423.0
333.0
295.0
281.0
222.0
224.43
209.0
200.0
202.0
220.0
185.0
203.0
215.0
353.0
664.0
898.0
915.0
962.0
845.0
896.0
892.0
917.0
887.0
708.0
490.0
399.0
342.0
276.0
245.0
224.43
189.0
214.0
201.0
215.0
202.0
194.0
221.5
343.56
658.0
904.0
943.0
981.0
889.0
934.0
911.0
905.0
885.0
750.0
532.0
444.0
332.0
256.0
214.0
224.43
205.0
205.0
198.0
201.5
219.0
196.0
228.0
351.0
640.0
892.0
898.0
926.0
853.0
890.0
880.0
868.0
857.0
704.0
520.0
383.0
270.0
239.0
199.0
224.43
184.0
197.0
184.0
182.0
189.0
189.0
166.0
186.0
205.0
264.0
258.0
278.0
270.08
316.08
314.0
302.0
310.0
241.0
230.0
224.0
223.0
221.0
197.0
157.34
205.0
187.0
200.0
196.0
186.0
194.0
184.0
190.0
193.0
246.0
237.0
255.0
248.0
258.0
240.0
254.0
243.0
239.0
224.0
208.0
212.0
203.0
202.0
157.34
195.0
199.0
195.0
188.0
209.0
197.0
229.0
378.0
644.0
906.0
930.0
964.0
877.0
918.0
915.0
916.0
893.0
725.0
469.0
390.0
303.0
246.0
240.0
224.43
200.0
207.0
233.0
211.0
196.0
211.0
243.0
355.0
645.0
822.52
895.52
946.52
854.52
910.52
901.52
868.08
846.08
768.08
559.08
453.84
337.84
291.84
245.0
224.43
207.0
204.5
224.5
215.5
222.0
200.5
226.5
317.64
637.68
875.68
885.68
927.0
829.0
902.0
886.0
874.0
850.0
748.0
447.0
342.0
310.0
273.52
262.52
224.43
207.0
202.0
216.0
220.0
205.0
200.5
226.5
356.0
599.0
870.0
893.0
930.0
844.0
867.0
851.52
868.52
874.0
703.0
485.0
400.0
321.0
261.0
234.0
224.43
207.0
205.0
219.0
204.0
199.0
200.5
226.5
366.0
608.0
855.0
851.0
910.0
819.0
860.0
860.0
838.0
851.0
715.0
452.0
384.0
334.0
279.0
236.0
224.43
211.0
207.0
213.0
186.0
214.0
201.0
192.0
200.0
231.0
280.0
299.0
304.0
285.0
320.0
307.0
316.0
291.0
257.0
242.0
224.0
220.0
226.0
189.0
157.34
186.5
194.5
186.5
182.0
200.5
204.0
176.0
179.0
215.0
240.0
233.0
252.0
238.0
244.0
266.0
239.0
253.0
245.0
236.0
218.0
222.0
217.0
193.0
157.34
207.0
207.0
192.0
188.0
199.0
200.5
226.5
334.56
571.0
853.0
866.0
904.0
839.0
874.0
886.0
885.0
872.0
763.32
493.32
383.32
341.0
284.0
250.0
224.43
207.0
205.0
184.5
193.0
199.0
200.5
210.0
352.0
649.0
850.0
934.0
948.0
825.0
889.52
898.52
886.52
861.52
745.0
479.0
328.0
292.08
271.08
223.0
224.43
207.0
203.0
177.0
198.0
193.0
190.0
214.0
337.0
574.0
878.0
909.52
950.52
829.0
894.0
875.0
887.0
865.0
731.0
459.0
356.0
312.0
262.0
208.0
186.0
207.0
200.0
186.5
193.5
196.5
185.0
190.0
320.0
551.0
852.0
875.0
931.0
805.0
880.0
873.0
880.0
872.0
723.0
513.0
387.0
314.0
282.0
223.0
180.94
214.0
197.0
196.0
189.0
200.0
201.0
190.0
343.0
593.0
831.0
904.0
928.0
812.0
858.0
850.0
860.0
839.0
724.0
508.0
360.0
289.0
238.0
231.0
180.94
186.5
194.5
186.5
178.0
187.0
160.0
159.0
174.0
214.0
290.0
262.0
269.0
238.0
285.0
273.0
285.0
271.0
244.0
197.0
177.0
189.0
164.0
182.0
162.83
162.0
182.0
160.0
172.0
175.0
154.0
152.0
159.0
181.0
245.0
263.0
286.0
234.0
289.0
284.0
266.0
268.0
251.0
216.0
193.0
230.0
203.0
206.0
164.365
160.0
183.0
151.0
161.04
180.04
188.5
170.0
292.0
509.0
839.0
827.0
859.0
746.0
837.0
815.56
811.56
826.0
685.0
457.0
378.0
321.0
254.0
235.0
180.94
191.0
168.0
188.0
171.0
165.0
176.0
182.0
283.0
532.0
801.0
833.0
839.0
740.0
806.0
797.0
813.0
806.0
669.0
437.0
388.0
327.0
260.0
240.0
180.94
188.0
176.0
168.0
184.0
178.0
187.0
178.0
303.0
550.0
790.0
824.0
851.0
724.0
817.0
812.0
785.0
785.0
659.0
412.0
338.0
295.0
246.0
236.0
180.94
171.0
174.0
173.0
173.0
171.0
170.0
181.0
283.0
510.0
814.0
831.0
858.0
757.0
816.0
809.0
800.0
784.0
678.0
443.0
361.0
306.0
274.0
249.0
180.94
194.0
177.0
160.0
182.0
161.0
159.0
184.0
275.0
514.0
803.0
801.0
860.0
739.0
795.0
787.0
751.0
761.0
631.0
460.0
318.0
255.0
230.0
202.0
180.94
163.5
162.0
179.0
168.5
148.0
174.0
152.0
158.0
170.0
184.0
194.0
204.0
197.0
210.0
199.0
215.0
186.0
183.0
172.0
194.5
196.0
174.0
164.0
165.9
165.0
162.0
159.0
165.0
154.0
158.0
151.0
165.0
161.0
170.0
173.0
194.0
170.0
172.0
195.0
184.0
189.0
184.0
170.0
196.0
174.0
170.0
144.0
165.87
162.0
168.5
153.0
156.0
164.0
150.0
159.0
160.0
143.0
171.0
196.0
204.0
188.0
189.5
209.0
200.0
203.0
196.5
185.5
186.5
183.5
174.2
158.5
164.39
192.0
178.5
172.0
174.2
166.0
162.5
158.2
261.2
432.2
628.2
819.0
808.0
707.0
825.0
785.0
790.0
760.0
668.0
461.0
356.0
286.0
232.0
215.0
180.94
190.0
180.0
184.0
164.0
171.0
166.0
167.0
299.0
540.68
760.68
819.0
854.0
748.0
826.0
800.0
787.0
773.0
653.0
447.0
331.0
315.0
245.0
221.0
180.94
184.0
184.0
173.0
162.0
175.0
170.0
177.0
284.0
512.0
788.0
824.0
847.0
736.0
805.0
790.0
781.0
757.0
638.0
441.0
339.0
281.0
244.0
232.0
180.94
178.0
199.0
164.0
187.0
167.5
175.0
205.0
300.56
497.56
719.52
760.52
794.48
706.16
738.16
729.16
725.48
710.48
613.68
447.68
290.0
253.0
232.0
205.0
180.94
160.0
175.0
155.84
156.5
156.84
162.84
161.84
165.84
161.0
213.0
219.0
214.0
206.0
207.0
223.0
216.0
217.0
209.0
201.0
177.0
193.0
174.0
173.0
162.91
164.0
172.0
166.0
157.0
177.0
155.52
140.52
174.0
157.68
233.115
234.615
233.615
223.5
225.12
243.08
218.5
196.0
197.0
206.0
181.5
189.0
181.0
175.5
160.89999999999995
166.52
156.52
165.52
166.52
160.0
161.0
188.0
281.0
507.0
731.0
790.0
818.0
748.0
838.0
824.0
815.0
805.0
656.0
429.0
357.0
317.0
286.0
228.0
242.93
230.0
239.0
197.0
244.0
212.0
223.0
242.0
315.0
577.0
778.0
803.0
636.0
979.0
625.0
946.0
777.0
777.0
625.0
425.0
230.0
301.0
250.5
413.0
193.41
202.0
206.0
450.0
477.0
191.5
248.0
144.0
234.0
242.0
207.0
206.0
243.0
230.0
709.0
684.0
718.0
699.0
612.0
430.0
354.0
285.0
215.0
214.0
193.41
174.0
173.0
180.0
173.0
171.0
180.0
179.0
222.0
409.0
682.0
490.0
823.0
719.0
793.0
796.0
768.0
772.0
634.0
449.0
376.0
310.0
242.0
222.0
193.41
167.0
174.0
188.0
167.0
173.0
181.0
197.0
251.0
461.0
745.0
774.0
827.0
743.0
769.0
743.0
773.0
761.0
681.0
468.0
418.0
312.0
242.0
232.0
193.41
177.0
166.0
190.0
160.0
164.0
186.0
182.0
252.0
439.0
745.0
791.0
833.0
749.0
778.0
758.0
764.0
723.0
639.0
382.0
341.0
262.0
223.0
212.0
193.41
178.0
174.0
172.0
153.0
194.0
167.0
155.0
168.0
185.0
244.0
251.0
260.0
246.0
268.0
271.0
265.0
260.0
213.0
192.0
199.0
202.0
164.0
177.5
160.42000000000004
168.0
161.0
172.0
146.5
161.0
181.0
166.0
177.0
201.0
246.0
280.0
308.0
237.0
287.0
287.0
321.0
286.0
236.0
223.0
185.0
172.0
191.0
176.0
169.91
160.0
165.0
168.0
153.0
181.0
152.0
180.0
284.0
437.0
753.0
807.0
883.0
799.0
826.0
813.0
811.0
801.0
701.0
465.0
411.0
353.0
260.0
247.0
193.41
191.0
188.0
178.0
175.0
205.0
156.0
208.0
264.0
480.0
772.0
806.0
882.0
780.0
815.0
799.0
814.0
789.0
687.0
487.0
438.0
354.0
266.0
248.0
193.41
183.0
198.0
161.0
200.0
168.0
186.0
188.0
267.0
522.0
779.0
839.0
894.0
837.0
838.0
808.0
805.0
798.0
703.0
477.0
454.0
365.0
292.0
271.0
193.41
224.0
203.0
188.0
191.0
192.0
189.0
214.0
264.0
469.0
792.0
811.0
873.0
775.0
809.0
778.0
761.0
758.0
645.0
449.0
373.0
334.0
268.0
243.0
193.41
184.0
192.0
208.0
183.0
203.0
163.5
191.0
266.0
475.0
734.0
764.0
835.0
768.0
758.0
702.0
688.0
568.0
484.0
337.0
256.0
242.0
222.0
159.0
143.89
171.0
147.0
161.0
146.5
146.0
140.0
130.0
135.0
132.0
148.0
161.0
171.0
151.56
161.56
165.0
173.0
148.0
165.0
161.0
131.0
162.0
154.0
129.0
145.87
136.0
133.0
154.0
140.0
132.0
147.0
129.5
136.0
148.0
189.0
181.0
171.0
194.0
205.0
188.0
182.0
182.0
156.0
134.0
158.0
162.0
137.0
136.0
159.84
138.04
148.04
145.0
139.0
150.0
136.0
129.0
137.0
144.0
162.0
151.0
211.0
197.0
180.0
171.0
186.0
162.0
141.0
145.0
175.0
146.0
140.0
137.0
155.88
133.0
138.0
146.0
146.0
135.0
133.0
131.0
138.0
132.0
148.0
167.0
192.0
200.0
187.0
162.0
172.5
161.0
175.0
140.0
148.0
150.0
145.0
137.0
138.86
135.0
133.0
159.0
134.0
141.0
135.5
141.0
139.0
149.08
168.08
188.0
208.0
200.0
183.0
193.0
159.0
172.0
192.0
151.0
172.0
133.0
159.0
152.0
140.9
159.0
138.0
148.0
142.0
150.0
138.0
138.0
129.0
137.0
160.0
177.0
211.0
207.0
175.0
178.0
175.0
155.0
180.0
156.0
158.0
139.0
155.0
129.0
163.82
164.5
137.0
151.0
148.0
147.0
129.0
144.5
142.0
140.0
189.0
179.0
242.0
235.0
217.0
187.0
200.0
196.0
186.0
173.5
158.08
171.0
151.0
139.0
149.87
136.0
137.0
143.0
141.0
134.0
138.0
191.0
246.5
409.56
694.0
725.0
751.0
648.0
724.0
698.0
709.0
695.0
562.0
348.0
275.0
263.0
220.0
188.0
143.89
173.0
151.0
162.0
168.0
151.0
166.0
168.0
227.0
429.0
689.0
687.0
750.0
635.0
697.0
685.0
709.0
679.0
574.0
323.0
271.0
244.0
244.0
196.0
143.89
178.0
165.0
181.0
173.0
170.0
167.04
171.0
251.0
438.0
702.2
714.4
743.4
645.4
718.4
695.4
706.2
687.2
607.2
392.2
334.2
322.2
252.68
201.0
143.89
188.5
162.52
178.5
174.0
165.0
166.0
174.0
239.0
430.0
688.0
735.0
758.0
670.0
736.0
737.0
732.0
702.0
613.0
367.0
303.0
279.0
272.0
231.0
143.89
199.0
172.0
176.0
175.0
167.0
185.0
168.0
230.0
406.0
670.24
719.24
725.24
645.24
688.0
701.84
664.84
683.84
567.84
351.84
314.84
286.0
275.0
229.0
143.89
188.0
204.0
187.0
162.0
206.0
183.0
197.0
241.0
458.0
742.0
708.0
782.52
668.52
726.0
718.0
712.0
717.0
591.0
347.0
290.0
258.0
232.0
230.0
143.89
170.0
166.52
177.5
173.0
172.0
174.0
175.0
266.0
449.0
738.0
727.0
790.0
713.0
748.0
725.0
719.0
717.0
601.0
357.0
291.0
253.0
235.0
204.0
143.89
170.0
173.0
172.0
154.0
173.0
187.0
151.0
155.0
149.38
237.0
232.0
249.0
236.5
230.5
231.0
218.0
223.0
211.0
191.0
183.0
183.0
175.0
166.0
148.36
162.0
168.0
162.0
178.0
165.0
154.52
160.5
159.76
158.76
240.5
250.0
248.5
236.5
230.5
201.0
206.0
211.0
216.0
223.0
196.0
188.0
188.0
172.0
148.36
176.0
154.0
168.0
146.0
172.5
172.0
162.0
290.0
411.0
742.0
779.0
815.0
716.0
763.0
782.0
788.0
759.0
653.0
409.0
320.0
288.0
261.0
206.0
143.89
177.94
165.5
172.0
156.0
172.5
171.5
168.5
278.6
450.6
674.6
707.6
694.6
617.6
707.6
716.6
709.6
687.6
609.6
403.6
342.6
338.6
297.6
231.0
143.89
179.88
177.0
176.0
166.0
173.0
171.0
175.0
244.0
453.0
753.0
787.0
837.0
709.0
763.0
775.0
755.0
752.0
656.0
390.0
339.0
296.0
263.0
222.0
143.89
169.44
173.0
183.0
187.0
189.0
163.5
192.0
247.0
441.0
742.0
767.0
796.0
711.0
770.0
768.0
750.0
741.0
642.0
383.0
308.0
286.0
249.0
248.0
143.89
169.44
196.0
191.0
183.0
182.0
163.5
197.0
262.0
450.0
717.0
758.0
804.0
706.0
751.0
754.0
757.0
725.0
627.0
378.0
269.0
246.0
212.0
190.0
143.89
172.0
161.0
175.0
164.0
161.0
158.0
170.0
164.0
174.0
244.0
268.0
248.0
238.0
244.0
271.56
257.56
260.0
227.0
203.0
183.0
189.0
185.0
182.0
146.85
182.0
153.0
149.0
176.0
159.0
155.0
164.0
153.0
167.0
172.0
202.0
223.0
207.0
184.0
198.0
223.0
197.0
206.0
172.0
175.5
190.0
165.0
174.0
161.365
159.0
171.0
173.0
160.0
175.0
156.0
192.0
262.0
444.0
745.0
752.0
809.0
724.0
769.0
776.0
763.0
755.0
646.0
426.0
341.0
288.0
251.0
223.0
143.89
184.0
181.0
171.0
186.0
193.0
167.0
185.0
273.0
452.0
756.0
741.0
801.0
687.0
767.0
772.0
758.0
739.0
647.0
417.0
342.0
288.0
240.0
205.0
143.89
194.0
186.0
171.0
195.0
159.0
195.0
180.0
257.0
445.0
743.0
782.0
826.0
734.0
785.0
805.0
759.0
760.0
625.0
425.0
332.0
314.0
274.0
214.0
143.89
187.0
173.0
171.0
162.0
175.0
172.0
174.0
235.0
444.0
713.08
763.08
809.0
719.0
761.0
762.0
771.0
748.0
646.0
453.0
394.0
324.0
268.0
231.0
143.89
180.0
181.0
158.0
182.0
176.0
184.0
170.0
253.0
467.0
725.0
772.0
779.0
680.0
753.56
735.56
714.0
715.0
608.0
372.0
314.0
291.0
286.0
227.0
143.89
185.0
175.0
159.0
177.0
153.0
168.0
148.0
150.0
177.0
222.0
235.0
258.0
213.0
244.0
235.0
243.0
231.0
256.0
186.0
168.0
194.0
214.5
194.5
219.5
228.5
196.5
329.92
591.92
922.92
893.92
947.92
866.92
901.92
928.92
907.92
919.92
784.92
573.92
472.92
378.92
315.92
265.0
268.805
244.76
208.0
209.0
189.0
200.0
226.0
175.0
371.0
596.0
879.08
921.84
911.28
871.28
924.76
914.0
899.0
892.0
768.32
561.32
486.32
359.0
292.0
265.0
268.805
244.76
264.56
236.94
229.44
226.44
239.44
257.68
380.88
616.88
857.88
915.88
890.88
845.36
839.49
862.88
822.89
864.88
811.88
615.89
504.6
379.6
348.61
326.6
292.48
258.52
259.22
236.94
229.44
226.44
239.44
256.88
363.56
585.6
812.8
878.8
883.8
809.8
832.8
824.8
864.8
843.8
766.8
611.8
506.8
405.8
314.8
317.8
296.07
250.28
253.88
264.88
269.88
252.88
252.88
251.88
376.88
575.88
839.88
839.88
896.28
806.28
837.28
801.28
847.28
821.88
731.08
503.76
450.76
341.76
324.08
292.88
255.89
205.0
213.5
206.5
196.5
203.0
203.5
205.0
208.0
258.52
297.52
318.52
375.0
322.0
337.04
340.04
368.04
345.04
320.0
266.0
258.0
224.0
210.0
220.0
216.5
205.0
213.5
206.5
196.5
203.0
203.5
205.0
208.0
242.76
254.76
282.56
298.56
289.56
292.56
307.56
283.56
312.56
275.56
249.0
249.0
227.0
216.0
205.5
216.5
281.72
307.92
278.96
292.96
275.96
295.96
259.96
360.96
540.96
784.96
850.96
859.96
790.96
856.96
852.96
828.96
833.96
790.04
632.96
566.96
444.96
334.96
336.96
324.86
269.86
231.0
251.48
260.48
245.98
250.98
242.48
327.0
620.0
907.0
928.0
957.0
905.0
940.0
957.0
950.0
897.0
827.0
590.0
485.0
423.0
344.0
298.0
291.44
258.0
219.0
224.0
228.0
216.0
206.0
225.0
379.0
606.0
913.0
912.0
960.0
886.0
948.0
906.0
918.0
894.0
768.0
568.0
409.0
360.0
284.0
254.0
291.44
264.0
210.0
216.0
213.0
232.0
203.0
238.0
379.0
607.0
864.0
906.0
935.0
854.0
865.0
895.0
864.0
853.0
760.0
533.0
414.0
351.52
270.52
270.0
258.02
234.5
207.0
229.0
210.0
213.5
208.0
249.76
340.0
645.0
819.0
889.0
915.0
891.0
899.0
850.0
858.0
878.76
727.76
491.76
354.76
294.52
278.52
204.0
252.96
204.0
209.0
214.0
196.0
200.0
203.0
185.0
199.0
227.0
212.0
229.0
228.0
233.0
207.0
246.0
214.0
225.0
243.0
232.0
240.0
230.0
222.0
191.0
216.5
221.0
203.0
206.0
197.0
194.0
197.0
191.0
207.0
177.0
232.0
234.0
260.0
255.0
236.0
253.0
271.0
253.0
291.0
266.0
263.0
240.0
256.0
233.0
216.5
205.0
210.0
207.0
207.0
195.0
213.0
199.0
338.0
632.0
916.0
977.0
991.0
906.0
922.0
946.0
909.0
882.0
760.0
549.0
426.0
373.0
274.0
288.0
247.9
477.28
476.28
475.28
475.28
474.28
476.28
486.28
524.28
600.28
658.28
663.28
699.28
711.28
683.28
640.28
677.28
676.28
626.28
577.28
429.0
356.0
280.0
273.0
255.38
262.0
220.0
233.0
221.0
220.0
230.0
247.0
375.0
602.0
882.0
922.0
994.0
890.0
929.0
900.0
881.0
898.0
748.0
483.0
407.0
366.0
300.0
290.0
255.38
252.0
231.0
245.0
214.0
246.0
206.0
226.0
370.0
604.0
894.0
895.0
930.0
859.0
924.0
913.0
895.0
881.0
719.0
511.0
382.0
347.0
301.0
267.16
255.38
218.0
232.0
209.0
248.0
204.0
227.0
214.0
364.0
613.0
855.0
877.0
900.0
807.0
905.0
874.0
833.0
870.12
739.0
478.0
385.0
349.0
278.0
222.0
255.38
235.0
220.0
216.0
213.0
213.0
207.0
217.0
179.0
211.0
240.0
214.0
231.0
253.0
229.0
225.0
223.0
248.0
235.0
251.0
250.0
230.0
240.0
242.0
216.5
217.0
198.0
208.0
207.0
208.0
210.0
208.0
200.0
222.0
225.0
205.0
257.0
223.0
244.0
249.0
237.0
239.0
251.0
270.0
237.0
250.0
241.0
196.0
259.05
224.5
224.0
193.0
235.0
214.0
239.0
212.0
357.0
633.0
925.0
936.0
951.0
883.0
904.0
926.0
914.0
903.0
811.08
536.0
431.0
356.0
264.0
268.0
255.38
231.0
234.0
199.0
213.0
215.0
221.0
216.0
351.0
636.0
890.0
920.0
937.0
887.0
899.8
931.8
901.8
902.8
744.8
516.76
429.76
305.76
289.76
215.0
262.86
228.0
248.0
226.0
195.0
249.0
223.0
214.0
407.0
682.0
870.0
910.0
939.0
843.0
922.0
886.08
917.0
892.0
771.0
509.0
394.0
322.0
278.0
282.0
224.43
215.5
229.0
236.0
248.0
205.0
237.0
205.0
385.0
642.0
906.0
926.0
957.0
855.0
887.0
932.0
923.0
852.0
740.0
494.0
351.0
307.68
268.68
248.0
224.43
215.5
211.0
222.0
196.0
220.0
209.5
196.0
336.24
605.24
837.72
879.72
899.72
822.72
854.0
859.24
819.24
812.24
691.24
455.0
304.0
264.0
222.0
214.0
224.43
206.5
199.0
188.0
201.0
194.0
186.0
199.0
193.0
216.0
272.0
301.0
317.0
260.52
325.52
305.0
330.16
305.16
275.16
255.5
239.0
228.0
187.0
217.0
208.94
196.0
200.0
204.0
182.0
192.0
196.0
182.0
195.0
213.0
221.0
242.0
239.0
250.0
251.0
251.0
251.0
244.0
275.0
241.0
241.0
206.0
205.0
207.0
208.94
203.0
187.0
196.0
189.0
210.0
182.0
187.0
351.0
607.52
863.52
928.52
927.52
864.52
906.52
898.0
898.0
875.0
745.0
448.0
396.0
329.0
281.0
221.0
224.43
206.0
211.0
208.0
196.0
224.0
191.0
226.0
326.0
590.0
869.0
888.0
939.0
841.04
884.04
879.84
869.84
851.84
756.84
507.84
373.84
340.0
261.0
233.0
224.43
236.0
207.0
209.0
217.0
193.0
221.0
192.0
344.0
588.0
830.0
875.0
917.0
817.0
869.0
856.0
855.0
838.0
713.0
453.0
366.0
329.0
281.0
236.0
224.43
225.0
205.0
205.0
215.0
201.0
211.0
211.0
345.0
593.0
830.0
848.0
895.0
790.0
834.0
813.0
791.0
735.0
609.0
397.0
306.0
282.0
248.0
226.0
224.43
198.5
198.0
205.5
193.5
199.5
201.0
180.5
200.0
209.5
226.0
238.0
238.5
241.0
239.0
248.0
245.5
253.04
242.0
236.0
231.0
209.0
226.0
186.0
208.94
201.0
196.0
207.0
205.0
207.0
201.0
180.5
205.0
206.0
231.0
234.0
238.0
232.0
227.0
245.0
240.0
240.0
209.0
217.0
231.0
206.0
214.0
194.0
208.94
193.0
205.0
194.0
204.5
201.5
206.0
179.0
192.0
220.0
261.0
267.5
287.56
263.0
265.0
282.0
272.0
283.0
251.0
220.0
237.0
233.0
210.0
201.0
208.94
201.0
198.0
208.0
215.0
203.0
187.0
218.0
351.0
620.0
946.0
938.56
975.56
902.0
947.0
956.0
957.0
932.0
807.0
596.0
483.0
358.0
272.0
225.0
224.43
206.0
222.0
218.0
211.0
226.0
202.0
202.0
387.0
660.0
914.0
951.0
989.0
917.0
955.0
938.0
928.0
935.0
796.0
528.0
444.0
368.0
280.0
234.0
224.43
210.0
236.0
201.0
214.0
227.0
202.0
236.0
369.0
629.0
942.0
956.0
990.0
892.0
944.0
919.0
920.56
925.56
807.0
548.0
395.0
346.0
295.0
255.0
224.43
214.0
203.0
220.0
202.0
198.0
220.0
207.0
382.0
641.0
917.0
939.0
997.0
903.0
964.0
940.0
931.0
928.0
793.0
543.0
447.0
357.0
266.0
247.0
224.43
200.0
218.0
204.0
214.0
200.0
219.0
209.0
384.0
643.0
938.0
982.0
1019.0
891.0
949.0
944.0
897.0
902.0
778.0
534.0
391.0
345.04
278.04
246.0
224.43
210.0
205.0
210.0
204.0
196.0
216.0
197.0
201.0
219.0
273.0
301.0
284.0
275.0
298.0
291.0
311.0
278.0
264.0
252.0
230.0
224.0
215.0
182.0
208.94
204.0
201.0
191.0
189.0
202.0
199.0
190.0
188.0
200.0
242.0
250.0
282.0
290.0
270.0
282.0
253.0
289.0
261.0
317.0
256.0
232.0
193.96
183.0
200.0
172.0
166.0
192.0
168.0
192.0
305.0
497.0
793.0
807.0
834.0
741.0
809.0
790.0
829.0
773.0
650.0
430.0
362.0
291.0
254.0
212.0
193.96
174.0
189.0
171.0
176.0
181.0
167.0
184.0
284.0
494.0
765.0
775.0
831.0
736.0
777.0
777.0
781.0
783.0
632.0
378.0
299.0
265.0
231.0
233.0
193.96
180.0
192.0
168.0
176.0
178.5
162.64
183.5
284.36
498.36
767.0
776.6
830.6
708.6
774.6
773.6
773.0
742.52
651.52
425.0
364.0
278.0
257.0
207.0
193.96
187.0
196.0
176.0
186.0
176.0
189.0
183.0
298.0
541.0
772.0
771.0
820.0
712.0
788.0
784.0
742.0
743.0
629.0
388.0
291.0
272.0
229.0
212.0
193.96
176.0
174.0
165.0
175.0
176.0
164.0
162.0
164.0
159.0
192.5
203.0
199.0
200.0
209.5
208.5
204.5
210.5
187.0
197.0
185.0
187.0
174.0
166.0
160.385
168.9
181.0
175.0
154.0
171.0
165.0
159.52
173.5
164.0
207.0
234.0
201.0
226.0
219.0
229.0
223.0
209.0
210.0
193.0
186.0
187.0
174.0
182.0
160.385
152.0
184.0
160.0
162.0
180.0
150.0
184.0
271.0
498.52
771.52
757.0
812.0
723.0
784.0
765.0
760.0
770.0
645.52
399.52
343.0
291.0
249.0
229.0
193.96
158.5
177.0
175.0
165.0
174.0
162.0
199.0
255.0
499.0
737.0
734.0
788.0
671.32
743.32
729.32
747.0
721.0
628.0
442.48
352.48
273.48
245.5
217.0
193.96
158.5
188.0
180.0
168.0
190.0
180.0
190.0
284.0
480.52
742.52
749.52
803.52
699.52
767.52
739.0
746.0
734.0
617.0
429.0
350.0
265.0
242.0
204.0
193.96
158.5
185.5
180.0
168.0
192.0
174.0
196.5
282.48
431.48
647.48
682.84
822.0
706.0
783.0
770.0
779.0
762.0
651.0
482.0
386.0
320.0
255.0
223.0
193.96
158.5
183.0
185.0
171.0
194.0
168.0
203.0
283.0
520.0
745.0
789.0
816.04
734.04
773.0
765.0
779.0
740.0
636.0
429.0
330.0
276.0
227.0
197.0
193.96
168.9
177.0
172.0
173.0
177.0
166.0
165.0
183.0
204.0
279.0
281.0
284.0
260.0
266.0
289.0
278.0
267.0
249.0
223.0
207.0
200.0
194.0
192.0
164.84
168.9
196.0
164.0
196.0
160.0
162.0
156.0
177.0
195.0
256.0
256.0
246.0
232.0
260.0
260.0
263.0
268.0
205.0
205.0
211.0
184.0
202.0
170.0
172.425
165.0
176.0
185.0
168.0
174.0
173.0
181.0
275.0
484.0
777.0
796.56
848.56
736.0
805.0
784.0
776.0
791.0
661.0
459.0
373.0
290.0
247.0
214.0
193.96
179.0
196.0
185.0
186.0
184.0
184.0
200.0
297.0
509.52
775.52
771.6
816.6
727.6
782.6
767.6
765.52
743.52
653.52
501.52
376.52
288.52
251.52
210.5
193.96
171.45
187.0
175.5
194.0
200.0
184.0
195.0
300.6
522.6
760.6
792.6
848.0
746.0
793.0
785.0
806.0
780.0
646.0
408.0
303.0
272.0
244.0
207.0
193.96
171.45
178.0
166.0
194.0
172.0
165.0
190.0
277.0
529.0
774.0
790.0
856.0
746.0
813.0
812.0
810.0
795.0
686.0
449.0
349.0
311.0
277.0
227.0
193.96
171.45
203.0
193.0
202.0
193.0
157.0
191.5
303.0
529.0
814.0
808.24
851.6
734.6
799.6
796.0
791.0
766.0
636.96
369.16
313.16
274.64
268.58000000000004
218.0
193.96
161.8
187.5
167.24
188.0
164.0
172.5
153.0
166.5
187.0
218.5
236.0
263.0
220.5
271.8
239.5
250.8
264.8
225.0
211.0
186.0
203.0
187.0
178.0
172.425
157.4
179.0
175.0
188.0
168.0
183.0
150.0
156.0
179.0
181.0
216.0
205.0
209.0
221.0
219.0
204.0
213.0
195.0
195.0
210.0
192.0
187.0
178.0
180.01
163.9
193.0
169.98
175.98
165.99
149.0
193.0
283.0
502.0
764.0
783.0
862.0
766.0
794.0
807.0
786.0
767.16
639.16
445.16
375.16
328.16
260.16
222.0
193.96
164.95
183.0
184.0
184.0
179.0
180.0
187.0
288.0
519.0
796.0
776.0
840.0
769.0
787.0
813.0
788.0
766.0
671.0
474.0
367.0
300.0
263.0
226.0
193.96
164.95
180.0
202.0
167.0
197.0
189.0
201.0
298.0
526.0
784.0
786.0
876.0
734.0
797.0
813.0
785.0
795.0
660.0
456.0
316.0
296.0
251.0
230.0
223.0
164.95
201.0
185.0
202.0
190.0
186.0
214.0
290.0
524.0
775.0
809.0
850.0
747.0
815.0
812.68
799.68
785.68
688.0
475.52
352.52
284.0
238.0
222.5
246.315
164.95
193.0
176.0
190.5
182.5
175.5
199.0
304.88
527.0
778.0
786.0
861.0
738.0
819.0
803.0
793.0
774.0
669.0
385.0
300.0
250.0
225.0
215.0
246.315
157.4
187.0
175.0
180.0
182.0
175.0
160.0
172.0
216.0
285.0
302.0
280.0
251.0
288.0
283.0
283.0
288.0
243.0
197.0
186.0
195.0
175.0
176.0
179.95499999999996
157.4
166.0
162.0
175.0
167.0
167.0
168.0
160.0
197.0
270.52
264.52
267.0
260.0
264.0
251.0
254.0
256.0
226.0
197.0
189.0
198.0
172.0
179.0
179.9
166.0
185.0
167.0
179.0
175.0
165.0
184.0
297.0
488.0
811.0
822.0
889.0
776.0
809.0
834.0
798.0
809.0
673.0
428.0
351.0
295.0
259.0
231.0
246.315
416.92
414.92
412.92
413.92
408.92
415.92
426.92
455.92
516.92
554.92
546.92
594.92
590.92
545.92
539.92
544.92
788.0
673.0
416.16
402.16
289.0
259.0
242.0
246.315
217.0
184.0
196.0
204.0
186.0
200.0
200.0
308.0
512.0
775.0
801.0
851.0
776.0
813.0
775.0
765.0
745.0
568.0
372.0
275.0
236.0
185.0
185.0
246.315
153.0
158.0
171.0
154.0
154.0
161.0
154.0
148.0
162.0
179.0
168.0
213.0
187.0
167.0
152.0
151.0
170.0
144.0
152.0
178.0
152.0
148.0
171.0
149.9
152.0
158.0
148.0
160.0
159.0
146.0
143.0
155.0
155.0
160.0
230.0
241.0
245.0
196.0
185.0
208.0
179.0
167.0
179.0
172.5
168.0
161.0
157.0
162.9
150.0
157.0
162.0
141.0
164.0
151.0
144.0
142.0
160.0
192.0
193.0
199.0
181.0
192.0
205.0
208.0
185.0
175.0
173.0
167.0
168.0
166.0
153.0
155.85
171.0
152.0
145.0
164.0
159.0
159.0
190.0
286.0
511.0
780.0
774.0
775.0
704.0
769.0
759.0
765.0
750.0
628.0
475.0
335.0
280.0
230.0
204.0
246.315
182.0
183.0
176.0
180.04
179.0
168.0
199.0
306.0
531.0
810.0
833.0
872.0
798.0
832.0
831.0
839.0
804.0
688.0
445.0
340.04
322.04
245.0
231.0
246.315
194.0
192.0
192.0
184.0
199.0
177.0
214.0
282.0
491.0
812.0
832.56
898.56
791.56
831.56
825.8
812.16
802.32
683.08
567.08
415.56
356.56
253.32
227.0
246.315
190.0
189.0
196.5
181.0
196.5
176.5
206.0
310.28
530.28
807.28
838.28
907.04
808.04
865.04
840.04
832.04
799.04
696.0
424.0
323.0
291.0
240.0
224.0
246.315
197.5
189.0
196.5
181.0
196.5
176.0
198.0
285.0
526.0
806.0
822.0
882.0
783.0
827.24
826.24
808.24
798.24
691.04
488.04
359.0
318.0
260.0
238.0
246.315
205.0
186.0
201.0
178.0
194.0
177.0
209.0
278.0
527.0
824.0
835.0
904.0
818.32
859.32
838.32
855.0
813.0
712.0
484.32
369.32
284.32
227.0
215.0
246.315
173.5
164.5
169.5
165.0
171.0
158.0
155.01999999999995
154.0
189.0
228.5
207.5
205.0
201.0
207.0
217.5
219.0
252.8
226.0
198.0
198.0
179.5
186.5
169.5
163.38
173.5
164.5
169.5
165.0
171.0
158.0
166.04
166.0
189.0
228.5
222.0
211.0
221.0
222.0
230.0
230.0
216.0
226.0
198.0
198.0
191.0
207.0
186.0
163.38
232.34
179.0
203.0
180.0
201.0
177.0
195.0
298.0
510.0
817.0
868.0
918.0
191.0
211.0
197.0
204.0
241.0
258.0
244.0
254.0
297.0
280.0
291.0
258.0
253.0
261.0
230.0
252.0
214.0
234.0
176.915
204.0
225.0
225.0
218.0
203.0
218.0
187.0
207.0
232.0
210.0
214.0
312.0
269.0
291.5
232.0
253.0
250.0
238.0
234.0
235.0
208.0
217.0
211.0
176.915
233.0
212.0
223.0
195.0
212.0
210.0
212.0
335.0
625.0
936.0
972.0
1061.0
995.0
1003.0
1029.0
976.0
980.12
808.0
535.0
392.0
306.0
287.0
280.0
259.97
237.0
234.0
232.0
218.0
209.0
211.0
223.0
370.0
614.0
936.12
992.0
1025.12
968.0
994.0
968.0
952.0
995.0
846.0
542.0
444.0
357.0
309.0
246.0
259.97
237.0
219.0
246.0
223.0
217.0
220.0
213.0
360.0
637.0
915.0
949.0
1032.06
972.0
954.0
953.12
959.0
917.0
799.0
515.12
434.0
344.0
333.0
249.0
259.97
241.0
227.0
227.0
206.0
224.0
210.0
222.0
356.0
618.0
927.0
988.0
1039.0
969.0
966.12
997.0
980.12
960.0
852.0
568.0
410.0
358.0
296.0
268.0
259.97
268.0
222.0
237.0
233.0
226.0
229.0
205.0
372.0
597.0
919.0
953.0
1026.0
939.0
978.0
970.0
926.08
919.0
813.0
464.0
360.0
360.0
252.0
249.0
259.97
200.0
205.0
221.0
213.0
219.0
205.0
218.0
221.0
238.0
248.0
272.0
269.0
275.0
286.0
283.0
275.0
270.0
259.0
252.0
253.0
225.0
216.0
239.0
176.915
212.0
211.0
210.0
250.0
186.0
202.0
197.0
200.0
204.0
221.0
231.0
265.0
256.0
250.0
260.6
272.6
261.0
247.0
247.0
223.0
218.0
220.0
189.0
176.915
176.0
187.0
216.0
180.0
177.0
185.0
197.0
333.0
626.0
836.12
961.5
1062.0
971.0
984.0
995.0
953.08
962.0
837.0
575.0
448.0
377.0
300.0
279.0
259.97
232.0
205.0
257.0
216.0
216.0
202.0
230.0
357.0
648.0
919.0
970.0
1055.5
950.12
984.0
1035.0
962.0
936.24
856.0
601.0
474.0
376.0
311.0
262.0
270.94
239.0
247.0
247.0
236.0
222.0
226.0
244.0
375.0
643.0
958.0
953.12
1049.0
964.0
969.0
987.24
985.0
945.0
812.0
600.0
399.0
409.0
343.0
257.0
262.93
239.0
239.0
257.0
226.0
238.0
233.0
221.0
384.0
639.0
953.0
963.0
1048.0
950.0
993.0
949.0
968.0
964.0
825.12
597.0
478.0
381.0
316.0
285.0
262.93
248.0
249.0
226.0
244.0
231.0
222.0
245.0
375.0
650.0
935.0
971.0
1058.0
951.08
984.0
969.0
949.0
963.0
793.0
599.0
409.0
332.0
287.0
289.0
262.93
202.0
198.0
200.0
208.0
222.0
194.0
190.0
203.0
226.0
239.0
242.0
260.0
259.0
264.0
283.0
244.0
268.0
247.0
214.0
230.0
243.0
201.0
212.0
176.915
191.0
206.0
218.0
195.0
218.5
196.5
199.0
209.0
221.5
223.0
253.04
314.16
305.16
254.4
275.48
262.48
268.84
262.84
239.5
232.5
248.0
214.0
196.0
176.915
196.0
217.0
191.0
202.0
215.0
208.0
208.0
359.0
654.0
931.0
1018.0
1024.0
952.0
1014.0
986.0
990.0
941.0
817.0
527.0
432.0
351.0
290.0
308.0
254.92
224.0
241.0
227.0
237.0
210.0
248.0
230.0
402.0
630.0
970.0
992.0
1048.12
991.0
999.0
994.0
967.0
977.0
834.0
606.0
449.0
437.0
299.0
267.0
253.41
258.0
204.0
229.0
225.0
209.0
232.0
217.0
381.0
674.0
944.12
1013.0
1051.7199999999998
974.0
1056.0
1004.12
988.0
978.0
848.0
571.0
429.0
421.0
321.0
277.0
253.41
227.0
238.0
218.0
236.0
216.0
216.0
248.0
385.0
688.0
911.0
980.0
1051.7199999999998
958.0
1003.0
963.08
958.0
951.0
845.0
566.08
439.0
373.0
321.0
266.0
253.41
216.0
220.0
239.0
228.0
226.0
206.0
232.0
388.0
666.0
940.0
962.0
1051.7199999999998
946.68
973.68
999.12
948.0
909.0
805.0
488.0
359.0
337.0
275.0
245.0
253.41
202.0
203.0
205.0
213.0
215.0
199.0
208.0
215.0
221.5
223.0
264.08
243.08
311.64
255.7
268.74
279.04
246.04
232.0
239.5
232.5
248.0
204.5
231.0
176.915
200.0
200.0
181.0
190.0
197.0
216.0
196.0
205.0
217.0
207.0
239.0
272.0
318.12
257.0
262.0
243.0
264.0
221.0
265.0
235.0
253.0
195.0
215.0
176.915
188.0
224.0
195.0
197.0
204.0
187.0
185.0
369.0
632.0
950.32
1007.32
1055.32
959.0
1006.4
973.4
994.4
967.52
843.4
585.12
426.0
474.0
309.0
258.0
253.41
231.0
211.0
227.0
241.0
217.0
223.0
240.0
350.0
625.8
957.32
1002.32
1048.12
964.12
989.12
955.44
978.44
934.44
865.44
583.44
446.64
357.0
318.0
276.0
253.41
223.5
206.0
225.0
236.5
235.0
231.0
219.0
376.0
642.0
923.0
957.0
1049.0
934.0
969.08
959.08
942.12
900.0
842.0
520.0
431.0
356.0
290.0
258.0
251.9
216.0
201.0
223.0
232.0
211.0
214.0
212.0
376.0
663.0
909.0
952.0
1045.0
937.0
948.0
971.24
924.0
906.0
812.0
512.0
364.0
343.0
317.0
253.0
249.905
217.0
211.0
194.0
213.0
195.0
214.0
206.0
342.0
599.0
905.0
929.0
1030.0
956.0
954.0
913.0
903.0
884.0
773.0
507.0
362.0
315.0
255.0
237.0
249.905
194.0
192.0
205.0
195.0
197.0
204.0
189.5
213.0
212.0
255.0
285.0
270.52
251.52
286.0
267.0
243.0
252.0
246.0
245.0
221.0
211.0
217.0
202.0
176.915
216.0
201.0
200.0
186.0
189.0
192.0
183.0
196.0
189.0
219.0
224.0
291.0
284.0
241.0
242.0
251.0
268.0
255.0
226.0
241.0
229.0
231.0
208.0
176.915
185.0
193.0
188.0
193.0
202.0
185.0
212.0
350.0
637.0
972.0
928.0
1048.0
959.0
959.12
990.0
946.0
935.0
823.0
531.0
477.16
362.0
316.0
245.0
249.905
273.24
203.5
256.24
199.0
280.24
197.0
216.5
349.24
609.24
787.24
978.0
1044.0
945.0
967.0
990.0
961.0
914.0
817.0
565.0
423.0
349.0
288.0
242.0
249.905
234.62
214.0
245.0
205.0
218.0
209.0
221.0
361.0
671.0
929.0
997.0
1063.0
956.0
967.0
974.0
955.0
922.0
808.0
522.0
427.0
387.0
310.0
239.0
249.905
234.62
214.0
228.0
215.0
213.0
211.0
225.0
394.0
677.0
940.0
979.0
1062.24
956.0
948.0
951.0
949.16
960.0
815.0
492.0
395.0
344.12
292.0
244.0
249.905
234.62
238.0
197.0
206.5
213.0
199.0
217.0
367.0
646.0
944.0
932.0
1029.0
904.0
1000.0
940.0
939.0
895.0
810.0
487.0
330.0
312.0
279.0
225.0
249.905
205.0
218.0
185.0
191.0
173.0
186.0
194.0
208.0
204.0
273.0
297.0
296.0
298.0
295.0
299.0
299.0
298.0
264.0
244.0
231.0
224.0
223.0
200.0
176.915
193.0
206.0
182.0
203.0
174.0
190.0
188.0
167.0
192.0
230.0
208.0
244.0
270.0
234.0
240.0
258.0
232.0
241.0
229.0
228.0
241.0
217.0
207.0
176.915
196.0
196.0
197.0
198.0
215.0
183.0
202.0
349.0
591.0
894.0
920.0
992.0
950.0
987.12
945.0
929.0
881.0
792.0
543.0
432.0
297.0
283.12
240.0
249.905
233.0
213.0
196.0
232.0
212.0
205.0
219.0
356.0
590.0
931.0
931.0
1040.0
946.0
989.0
996.12
960.0
952.0
855.0
567.0
455.0
356.0
291.0
248.0
249.905
218.0
231.0
227.0
218.0
228.0
220.0
255.0
378.0
622.0
950.0
998.0
1057.52
956.52
1009.0
970.0
934.0
937.0
798.0
482.0
436.0
361.0
292.0
279.0
249.905
238.0
203.0
214.0
220.0
217.0
246.0
213.0
374.0
641.0
930.0
945.0
1039.12
939.0
954.0
983.0
935.0
952.0
830.0
578.0
430.0
389.0
338.0
258.0
247.91
246.0
230.0
208.0
221.0
209.0
235.0
240.0
364.0
624.0
958.12
965.12
1018.0
972.0
950.0
941.0
980.0
923.0
812.0
498.0
432.0
361.0
200.0
225.0
383.0
672.0
933.0
1000.0
1047.0
949.12
1006.0
953.0
959.0
928.0
790.0
563.0
434.0
393.0
320.0
278.0
252.36
232.0
236.0
250.0
231.0
230.0
223.0
239.0
389.0
680.0
940.0
966.12
1041.0
925.0
955.12
960.0
932.0
914.0
761.0
480.0
407.12
336.0
289.0
244.0
252.36
222.0
201.0
223.0
216.0
267.0
201.0
222.0
359.0
696.0
752.0
970.0
1028.0
982.0
897.0
930.0
932.0
945.0
804.0
564.08
392.0
400.0
313.0
266.0
252.36
228.0
232.0
212.0
226.0
234.0
251.0
204.0
338.0
625.0
933.0
940.0
1006.0
962.08
950.0
941.0
951.0
947.0
800.0
512.0
434.12
384.0
320.0
246.0
249.0
240.0
204.0
214.0
214.0
241.0
221.0
224.0
350.0
595.0
946.0
944.0
999.0
915.0
935.08
892.0
899.0
873.0
792.0
418.0
322.0
269.0
258.0
226.0
259.97
231.0
197.0
210.0
216.0
239.0
191.0
211.0
197.0
204.0
241.0
258.0
244.0
254.0
297.0
280.0
291.0
258.0
253.0
261.0
230.0
252.0
214.0
234.0
176.915
204.0
225.0
225.0
218.0
203.0
218.0
187.0
207.0
232.0
210.0
214.0
312.0
269.0
291.5
232.0
253.0
250.0
238.0
234.0
235.0
208.0
217.0
211.0
176.915
233.0
212.0
223.0
195.0
212.0
210.0
212.0
335.0
625.0
936.0
972.0
1061.0
995.0
1003.0
1029.0
976.0
980.12
808.0
535.0
392.0
306.0
287.0
280.0
259.97
237.0
234.0
232.0
218.0
209.0
211.0
223.0
370.0
614.0
936.12
992.0
1025.12
968.0
994.0
968.0
952.0
995.0
846.0
542.0
444.0
357.0
309.0
246.0
259.97
237.0
219.0
246.0
223.0
217.0
220.0
213.0
360.0
637.0
915.0
949.0
1032.06
972.0
954.0
953.12
959.0
917.0
799.0
515.12
434.0
344.0
333.0
249.0
259.97
241.0
227.0
227.0
206.0
224.0
210.0
222.0
356.0
618.0
927.0
988.0
1039.0
969.0
966.12
997.0
980.12
960.0
852.0
568.0
410.0
358.0
296.0
268.0
259.97
268.0
222.0
237.0
233.0
226.0
229.0
205.0
372.0
597.0
919.0
953.0
1026.0
939.0
978.0
970.0
926.08
919.0
813.0
464.0
360.0
360.0
252.0
249.0
259.97
200.0
205.0
221.0
213.0
219.0
205.0
218.0
221.0
238.0
248.0
272.0
269.0
275.0
286.0
283.0
275.0
270.0
259.0
252.0
253.0
225.0
216.0
239.0
176.915
212.0
211.0
210.0
250.0
186.0
202.0
197.0
200.0
204.0
221.0
231.0
265.0
256.0
250.0
260.6
272.6
261.0
247.0
247.0
223.0
218.0
220.0
189.0
176.915
176.0
187.0
216.0
180.0
177.0
185.0
197.0
333.0
626.0
836.12
961.5
1062.0
971.0
984.0
995.0
953.08
962.0
837.0
575.0
448.0
377.0
300.0
279.0
259.97
232.0
205.0
257.0
216.0
216.0
202.0
230.0
357.0
648.0
919.0
970.0
1055.5
950.12
984.0
1035.0
962.0
936.24
856.0
601.0
474.0
376.0
311.0
262.0
270.94
239.0
247.0
247.0
236.0
222.0
226.0
244.0
375.0
643.0
958.0
953.12
1049.0
964.0
969.0
987.24
985.0
945.0
812.0
600.0
399.0
409.0
343.0
257.0
262.93
239.0
239.0
257.0
226.0
238.0
233.0
221.0
384.0
639.0
953.0
963.0
1048.0
950.0
993.0
949.0
968.0
964.0
825.12
597.0
478.0
381.0
316.0
285.0
262.93
248.0
249.0
226.0
244.0
231.0
222.0
245.0
375.0
650.0
935.0
971.0
1058.0
951.08
984.0
969.0
949.0
963.0
793.0
599.0
409.0
332.0
287.0
289.0
262.93
202.0
198.0
200.0
208.0
222.0
194.0
190.0
203.0
226.0
239.0
242.0
260.0
259.0
264.0
283.0
244.0
268.0
247.0
214.0
230.0
243.0
201.0
212.0
176.915
191.0
206.0
218.0
195.0
218.5
196.5
199.0
209.0
221.5
223.0
253.04
314.16
305.16
254.4
275.48
262.48
268.84
262.84
239.5
232.5
248.0
214.0
196.0
176.915
196.0
217.0
191.0
202.0
215.0
208.0
208.0
359.0
654.0
931.0
1018.0
1024.0
952.0
1014.0
986.0
990.0
941.0
817.0
527.0
432.0
351.0
290.0
308.0
254.92
224.0
241.0
227.0
237.0
210.0
248.0
230.0
402.0
630.0
970.0
992.0
1048.12
991.0
999.0
994.0
967.0
977.0
834.0
606.0
449.0
437.0
299.0
267.0
253.41
258.0
204.0
229.0
225.0
209.0
232.0
217.0
381.0
674.0
944.12
1013.0
1051.7199999999998
974.0
1056.0
1004.12
988.0
978.0
848.0
571.0
429.0
421.0
321.0
277.0
253.41
227.0
238.0
218.0
236.0
216.0
216.0
248.0
385.0
688.0
911.0
980.0
1051.7199999999998
958.0
1003.0
963.08
958.0
951.0
845.0
566.08
439.0
373.0
321.0
266.0
253.41
216.0
220.0
239.0
228.0
226.0
206.0
232.0
388.0
666.0
940.0
962.0
1051.7199999999998
946.68
973.68
999.12
948.0
909.0
805.0
488.0
359.0
337.0
275.0
245.0
253.41
202.0
203.0
205.0
213.0
215.0
199.0
208.0
215.0
221.5
223.0
264.08
243.08
311.64
255.7
268.74
279.04
246.04
232.0
239.5
232.5
248.0
204.5
231.0
176.915
200.0
200.0
181.0
190.0
197.0
216.0
196.0
205.0
217.0
207.0
239.0
272.0
318.12
257.0
262.0
243.0
264.0
221.0
265.0
235.0
253.0
195.0
215.0
176.915
188.0
224.0
195.0
197.0
204.0
187.0
185.0
369.0
632.0
950.32
1007.32
1055.32
959.0
1006.4
973.4
994.4
967.52
843.4
585.12
426.0
474.0
309.0
258.0
253.41
231.0
211.0
227.0
241.0
217.0
223.0
240.0
350.0
625.8
957.32
1002.32
1048.12
964.12
989.12
955.44
978.44
934.44
865.44
583.44
446.64
357.0
318.0
276.0
253.41
223.5
206.0
225.0
236.5
235.0
231.0
219.0
376.0
642.0
923.0
957.0
1049.0
934.0
969.08
959.08
942.12
900.0
842.0
520.0
431.0
356.0
290.0
258.0
251.9
216.0
201.0
223.0
232.0
211.0
214.0
212.0
376.0
663.0
909.0
952.0
1045.0
937.0
948.0
971.24
924.0
906.0
812.0
512.0
364.0
343.0
317.0
253.0
249.905
217.0
211.0
194.0
213.0
195.0
214.0
206.0
342.0
599.0
905.0
929.0
1030.0
956.0
954.0
913.0
903.0
884.0
773.0
507.0
362.0
315.0
255.0
237.0
249.905
194.0
192.0
205.0
195.0
197.0
204.0
189.5
213.0
212.0
255.0
285.0
270.52
251.52
286.0
267.0
243.0
252.0
246.0
245.0
221.0
211.0
217.0
202.0
176.915
216.0
201.0
200.0
186.0
189.0
192.0
183.0
196.0
189.0
219.0
224.0
291.0
284.0
241.0
242.0
251.0
268.0
255.0
226.0
241.0
229.0
231.0
208.0
176.915
185.0
193.0
188.0
193.0
202.0
185.0
212.0
350.0
637.0
972.0
928.0
1048.0
959.0
959.12
990.0
946.0
935.0
823.0
531.0
477.16
362.0
316.0
245.0
249.905
273.24
203.5
256.24
199.0
280.24
197.0
216.5
349.24
609.24
787.24
978.0
1044.0
945.0
967.0
990.0
961.0
914.0
817.0
565.0
423.0
349.0
288.0
242.0
249.905
234.62
214.0
245.0
205.0
218.0
209.0
221.0
361.0
671.0
929.0
997.0
1063.0
956.0
967.0
974.0
955.0
922.0
808.0
522.0
427.0
387.0
310.0
239.0
249.905
234.62
214.0
228.0
215.0
213.0
211.0
225.0
394.0
677.0
940.0
979.0
1062.24
956.0
948.0
951.0
949.16
960.0
815.0
492.0
395.0
344.12
292.0
244.0
249.905
234.62
238.0
197.0
206.5
213.0
199.0
217.0
367.0
646.0
944.0
932.0
1029.0
904.0
1000.0
940.0
939.0
895.0
810.0
487.0
330.0
312.0
279.0
225.0
249.905
205.0
218.0
185.0
191.0
173.0
186.0
194.0
208.0
204.0
273.0
297.0
296.0
298.0
295.0
299.0
299.0
298.0
264.0
244.0
231.0
224.0
223.0
200.0
176.915
193.0
206.0
182.0
203.0
174.0
190.0
188.0
167.0
192.0
230.0
208.0
244.0
270.0
234.0
240.0
258.0
232.0
241.0
229.0
228.0
241.0
382.0
641.0
917.0
939.0
997.0
903.0
964.0
940.0
931.0
928.0
793.0
543.0
447.0
357.0
266.0
247.0
224.43
200.0
218.0
204.0
214.0
200.0
219.0
209.0
384.0
643.0
938.0
982.0
1019.0
891.0
949.0
944.0
897.0
902.0
778.0
534.0
391.0
345.04
278.04
246.0
224.43
210.0
205.0
210.0
204.0
196.0
216.0
197.0
201.0
219.0
273.0
301.0
284.0
275.0
298.0
291.0
311.0
278.0
264.0
252.0
230.0
224.0
215.0
182.0
208.94
204.0
201.0
191.0
189.0
202.0
199.0
190.0
188.0
200.0
242.0
250.0
282.0
290.0
270.0
282.0
253.0
289.0
261.0
263.0
223.0
229.0
221.0
205.0
208.94
213.0
200.0
209.0
212.0
201.5
210.0
196.0
367.0
623.0
943.0
984.0
1033.0
943.0
987.0
993.0
958.0
963.0
839.0
538.0
426.0
334.0
263.0
226.0
224.43
217.0
200.0
200.0
210.0
203.0
206.0
211.0
358.0
630.0
944.0
973.0
1030.0
944.0
993.0
986.0
956.0
960.0
807.0
563.0
449.0
327.0
284.0
252.0
224.43
224.0
207.0
196.0
226.0
202.0
203.0
225.0
360.0
647.0
933.0
954.0
1032.56
934.56
990.0
969.0
961.0
933.0
838.0
531.0
427.0
350.0
293.0
257.0
224.43
236.0
200.0
218.0
229.0
207.0
222.0
236.0
367.0
649.0
943.0
999.0
1041.0
942.0
962.0
957.0
927.0
949.0
786.0
564.0
457.0
362.0
272.0
249.0
224.43
215.0
207.0
207.0
211.0
202.0
213.0
206.0
369.0
650.0
925.0
978.0
1015.0
927.0
953.0
925.0
910.0
850.0
658.0
433.0
378.0
304.0
258.0
235.0
224.43
206.0
218.0
215.0
203.0
216.0
199.0
208.0
203.0
230.0
310.0
315.0
333.0
289.0
340.0
341.0
331.0
349.0
326.0
285.0
277.0
244.0
231.0
196.0
208.94
194.0
210.0
223.0
194.0
225.0
197.0
198.0
210.0
211.0
245.0
264.0
283.0
278.0
265.0
268.0
280.0
263.0
257.0
270.0
261.0
230.0
225.0
218.0
208.94
215.0
204.0
208.0
201.0
213.0
202.0
229.0
369.0
625.0
966.0
1004.0
1026.0
949.0
1001.0
956.0
970.0
945.0
826.0
594.0
445.0
364.0
294.0
236.0
224.43
228.0
213.0
221.0
219.0
213.0
214.0
240.0
381.0
638.0
945.0
950.0
994.0
910.0
988.0
992.0
971.0
946.0
825.0
556.0
466.0
388.0
293.0
273.0
224.43
224.0
235.0
202.0
229.0
200.0
222.0
235.0
383.0
620.0
939.0
965.0
1012.0
911.0
986.0
964.0
961.0
939.0
808.0
523.0
409.0
347.0
319.0
282.0
224.43
245.0
234.0
207.0
225.0
226.0
234.0
236.0
421.04
629.04
941.0
980.0
1030.0
940.0
921.0
950.0
933.0
916.0
764.0
600.0
486.0
381.0
305.0
242.0
224.43
207.0
218.0
212.0
221.0
207.0
199.0
239.0
388.0
640.0
948.0
944.0
989.0
887.0
938.0
932.0
921.0
899.0
737.0
496.0
401.0
353.0
268.0
229.0
224.43
216.0
204.0
218.0
214.0
197.0
216.0
204.0
198.0
266.0
339.56
361.56
362.0
323.0
342.0
357.0
354.0
358.0
327.0
264.0
243.0
237.0
234.0
220.0
208.94
215.0
213.0
219.0
208.0
213.0
192.0
217.0
201.0
242.0
341.0
330.0
378.0
324.0
352.0
366.0
345.0
355.0
361.0
280.0
252.0
227.0
202.0
173.0
208.94
176.0
178.0
211.0
212.0
171.0
188.0
193.0
352.0
545.0
960.0
1004.0
1040.0
926.0
975.0
973.0
982.0
965.0
856.0
619.0
463.0
315.0
261.0
250.0
224.43
201.0
207.0
210.0
203.0
205.0
202.0
229.0
372.0
654.0
879.0
975.0
997.0
920.0
937.0
930.0
925.0
904.0
742.0
486.0
422.0
342.0
269.0
236.0
224.43
202.0
205.0
208.0
202.0
207.0
198.0
229.0
349.0
657.0
946.0
999.0
1030.0
908.0
966.0
971.0
955.0
949.0
785.0
526.0
407.0
337.0
267.0
221.0
224.43
200.0
213.0
203.0
203.0
220.0
205.0
233.0
347.0
639.0
917.0
982.0
1005.0
899.0
958.0
921.0
938.0
907.0
759.0
470.0
376.0
340.0
299.0
245.0
224.43
223.0
231.0
222.0
204.0
233.0
217.0
225.0
387.0
625.0
941.0
877.0
866.0
825.0
831.0
821.0
805.0
781.0
631.0
493.0
396.0
276.0
251.0
247.0
224.43
227.0
215.0
220.0
202.0
213.0
214.0
207.0
207.0
296.0
393.0
394.0
405.0
354.0
392.0
400.0
402.0
374.0
337.0
246.0
230.0
224.0
214.0
201.0
208.94
183.0
199.0
178.0
186.0
174.0
186.0
172.0
195.0
224.0
329.56
345.56
347.0
338.0
344.0
323.0
322.0
335.0
269.0
241.0
238.0
221.0
213.0
210.0
208.94
206.0
190.0
196.0
196.0
204.0
196.0
232.0
343.0
717.0
849.0
869.0
918.0
859.0
872.0
872.0
858.0
851.0
706.0
480.0
352.0
301.0
277.0
235.0
224.43
203.0
184.0
196.0
188.0
202.0
190.0
209.0
373.0
565.0
829.0
839.0
879.0
842.0
836.0
799.0
824.0
766.0
650.0
448.0
325.0
291.0
266.0
235.0
224.43
235.0
221.0
227.0
209.0
236.0
209.0
249.0
368.0
586.0
766.0
790.0
835.0
799.0
798.0
784.0
781.0
737.0
570.0
414.0
323.0
289.0
258.0
261.0
224.43
220.0
208.0
228.0
205.0
218.0
226.0
218.0
377.0
557.0
739.04
753.04
763.0
738.0
704.0
670.0
682.0
649.0
534.0
376.0
293.0
232.0
217.0
230.0
224.43
205.0
195.0
217.0
197.0
218.0
188.0
216.0
327.0
492.0
612.0
657.0
659.0
656.0
645.0
608.0
578.0
561.0
469.0
332.0
283.0
200.0
192.0
183.0
224.43
189.0
177.0
206.0
189.0
196.0
185.0
189.0
291.0
388.0
502.0
489.0
469.0
449.0
371.0
302.0
218.0
194.0
164.0
172.0
162.0
168.0
167.0
156.0
224.43
161.0
160.0
161.0
170.0
161.0
161.0
152.0
161.0
142.0
150.0
150.0
146.0
164.0
148.0
153.0
152.0
150.0
143.0
180.0
161.0
173.0
159.0
155.0
208.94
144.56
160.56
161.0
170.0
162.0
158.0
152.0
151.0
136.6
148.6
155.0
164.0
153.0
147.0
154.0
141.0
161.0
158.0
172.0
150.0
168.0
167.0
147.0
158.83
175.0
149.0
165.0
160.0
157.0
166.0
148.0
141.0
158.0
155.0
139.0
148.0
160.0
164.0
155.04
152.04
157.0
168.0
158.0
166.0
152.0
181.0
155.0
161.81
149.0
181.0
156.0
150.0
170.0
167.0
143.0
153.0
149.0
180.0
143.0
159.0
154.0
168.0
156.0
154.0
165.0
150.0
158.0
162.0
165.0
156.0
165.0
147.81
156.0
155.0
173.0
156.0
156.0
158.0
148.0
155.0
147.0
160.0
166.0
146.0
159.5
153.0
153.0
164.0
153.0
166.0
161.0
159.0
163.0
156.0
156.0
173.88
157.0
153.0
173.0
145.0
170.0
153.0
154.0
170.0
139.0
166.0
145.0
148.0
165.0
152.0
207.28
165.0
156.0
155.0
160.0
177.0
161.0
157.0
157.0
165.89
154.0
170.0
148.0
166.0
154.56
158.56
144.0
155.0
161.0
158.0
140.0
156.0
216.0
157.0
207.28
167.0
179.0
168.0
175.0
181.0
164.0
171.0
172.0
151.85
173.0
159.0
158.0
165.0
158.0
160.04
168.04
280.0
483.0
608.0
636.0
659.0
659.0
625.0
617.0
596.0
558.52
466.52
291.0
263.56
213.0
221.0
183.5
224.43
204.0
181.0
177.0
179.5
218.0
236.0
193.52
330.52
596.0
792.0
817.0
873.0
803.0
814.0
817.0
796.0
801.0
646.0
362.0
292.0
258.0
228.0
211.0
224.43
182.0
203.0
196.0
194.0
185.0
216.0
219.0
346.0
648.0
884.08
909.08
938.0
852.0
881.0
883.0
887.0
859.0
710.0
388.0
301.0
259.0
228.0
188.0
224.43
195.0
185.0
204.0
184.0
219.0
185.0
205.0
399.92
626.92
877.84
918.84
926.84
837.84
912.84
877.0
889.76
868.76
737.76
458.76
351.8
294.8
261.76
221.5
221.0
206.0
243.0
212.0
202.0
187.0
197.0
177.0
163.925
173.0
181.0
177.0
193.0
193.0
190.0
177.0
208.0
229.56
211.0
213.0
214.0
208.0
240.0
206.0
212.0
268.0
206.0
219.0
213.0
209.0
221.0
186.0
163.925
195.0
199.0
192.0
200.0
178.0
187.0
192.0
322.0
581.0
854.12
860.0
871.0
798.0
841.0
851.0
863.12
832.0
700.0
513.0
420.0
323.0
290.0
256.0
269.46500000000003
206.0
213.0
237.0
227.0
202.0
205.0
213.0
343.0
586.0
822.04
893.04
928.0
840.0
882.0
900.08
864.0
848.0
758.0
492.0
437.0
402.12
293.0
239.0
269.46500000000003
239.0
194.0
220.0
236.0
213.0
205.0
234.0
334.0
584.0
813.0
868.0
902.0
822.0
857.0
851.0
825.0
864.0
707.0
531.0
436.0
369.0
341.0
249.0
260.05
222.5
233.0
220.0
224.0
220.0
208.0
238.0
343.0
585.0
885.0
928.0
933.0
842.0
890.12
887.12
894.0
856.0
752.2
516.0
396.0
353.0
258.0
274.0
252.485
206.0
222.0
233.0
195.0
218.0
209.0
205.0
336.0
591.0
827.0
855.0
897.0
839.0
873.12
855.0
847.0
820.0
714.0
490.0
443.0
367.0
267.0
216.0
252.485
209.0
195.0
210.0
195.0
220.0
191.0
200.0
218.0
251.12
285.0
259.0
313.0
265.0
300.0
282.0
279.0
267.0
247.0
248.0
250.0
230.0
214.0
218.0
163.925
197.0
184.0
206.0
190.0
187.0
189.0
206.0
214.0
207.0
221.0
211.0
230.0
245.0
237.0
205.0
233.0
248.0
241.0
237.0
207.0
225.0
207.0
210.0
163.925
187.0
210.0
207.0
207.0
193.0
207.0
199.0
344.0
603.0
857.0
897.0
943.0
867.0
929.0
903.0
909.0
890.0
804.0
535.0
426.0
346.0
316.0
271.0
252.485
201.0
195.0
201.0
235.0
210.5
210.5
207.0
329.0
597.0
840.0
930.0
932.0
864.0
893.12
896.0
881.08
877.0
792.0
527.12
426.0
343.0
295.0
246.0
244.92
216.0
250.0
226.0
229.0
228.0
214.0
222.0
311.0
610.0
831.0
887.0
901.0
831.0
900.0
868.0
877.0
863.0
756.0
539.0
445.0
366.0
297.0
268.0
257.45
219.0
203.0
213.0
213.0
214.0
215.0
202.0
320.0
602.0
835.0
915.0
893.0
823.0
825.0
816.12
837.0
820.0
720.0
486.0
385.0
326.0
280.0
248.0
257.45
231.0
202.0
204.0
210.0
232.0
206.0
190.0
343.0
664.0
848.0
877.0
890.0
799.12
866.0
865.12
845.0
869.0
711.0
451.0
376.0
310.0
273.0
245.0
257.45
186.0
193.0
193.0
220.0
183.0
204.0
206.0
200.0
228.0
258.0
289.0
277.0
283.0
271.0
280.0
291.0
267.0
245.0
220.0
234.0
195.0
215.0
212.0
163.925
203.0
187.0
202.0
192.0
204.0
189.0
180.0
205.0
207.0
217.0
206.0
212.0
248.0
232.0
235.0
245.0
242.0
233.0
230.0
230.0
228.0
247.0
182.0
163.925
206.0
212.0
200.0
216.0
184.0
189.0
208.0
308.0
583.0
836.0
859.0
852.0
808.52
870.52
854.12
844.32
830.32
737.44
556.12
486.0
340.0
297.12
245.0
257.45
216.0
219.0
226.0
204.0
224.0
195.0
216.0
342.0
587.0
792.8
846.8
866.8
837.8
867.8
868.24
879.24
887.24
777.24
557.0
438.0
387.0
308.0
251.0
257.45
237.0
217.0
210.0
204.0
216.0
243.0
216.0
329.0
584.0
831.0
894.0
859.0
820.0
843.0
869.0
837.0
858.12
742.0
543.0
401.0
360.0
304.0
273.0
257.45
240.0
210.0
192.0
197.0
219.0
203.0
220.0
311.0
607.52
809.52
881.0
877.0
775.0
828.08
821.0
760.0
720.0
605.52
438.52
344.0
301.0
283.0
226.0
257.45
192.0
194.0
186.0
191.0
166.0
179.0
168.0
181.0
172.0
208.0
192.0
198.0
199.0
205.0
195.0
223.0
220.0
218.0
219.0
206.0
183.0
177.0
172.0
167.97
180.0
177.0
186.0
172.0
187.0
155.0
173.0
173.0
186.0
174.0
193.0
189.0
192.0
185.0
183.0
201.0
220.0
203.0
208.0
181.0
189.0
182.0
186.0
169.45499999999996
186.0
175.0
184.0
184.0
198.0
153.0
178.0
165.0
167.0
174.0
207.0
171.0
201.0
189.0
193.0
185.0
198.0
186.0
212.0
205.5
197.0
191.0
193.0
170.94
188.0
179.0
195.0
178.0
170.0
192.0
183.0
309.0
588.0
857.0
873.0
901.0
821.0
891.0
884.0
893.2
877.0
761.0
559.0
428.0
371.0
290.08
258.0
257.45
216.0
210.0
222.0
200.0
214.0
229.0
204.0
334.0
603.0
843.0
903.12
933.0
830.0
878.0
896.0
891.0
866.0
780.0
526.0
433.12
351.0
297.0
258.0
257.45
192.0
210.0
210.0
220.0
202.0
192.0
224.0
331.0
609.0
853.0
899.12
912.0
835.0
865.0
898.0
900.0
860.0
734.0
550.0
418.0
336.0
279.0
226.0
257.45
211.0
220.0
209.0
214.0
198.0
191.0
223.0
326.0
633.0
862.0
866.0
888.0
822.0
867.0
915.12
898.0
858.0
761.0
510.0
423.0
377.12
321.0
234.0
269.98
216.0
218.5
200.0
199.5
254.61
250.61
211.5
316.24
571.41
738.17
879.08
913.08
825.08
864.08
893.6
864.6
861.6
717.6
487.6
402.6
329.6
282.6
237.0
260.42
199.0
207.0
199.0
220.0
213.0
233.0
196.0
207.0
229.0
277.0
281.0
280.0
264.0
275.0
324.0
285.0
288.0
239.0
251.0
205.5
239.0
216.0
226.0
175.41
199.0
208.0
201.0
189.0
204.0
198.0
185.0
195.0
183.0
192.0
227.0
238.0
234.0
249.0
219.0
225.0
228.0
220.0
226.0
230.0
238.0
227.0
190.0
175.41
216.0
217.0
191.0
185.0
215.0
188.0
200.0
325.0
612.0
898.0
896.0
940.0
860.0
927.0
932.0
917.0
923.0
760.08
568.0
495.0
385.0
278.0
239.0
260.42
221.0
249.0
208.0
222.0
207.0
212.0
222.0
327.0
598.0
861.0
904.0
909.12
817.0
923.0
890.0
895.0
898.0
735.12
560.0
410.0
352.0
300.0
241.0
260.42
226.0
224.0
211.0
219.0
211.0
212.0
215.0
326.0
600.0
860.0
872.0
915.0
823.0
882.0
928.0
855.0
871.12
741.0
542.0
384.0
349.0
280.0
246.0
260.42
224.0
203.0
211.0
215.0
222.0
191.0
236.0
344.0
609.0
855.0
881.0
930.0
853.0
905.0
889.0
915.0
836.0
714.0
572.0
460.12
367.0
272.0
241.0
260.42
229.0
226.0
214.0
232.0
206.0
186.0
219.0
365.0
587.0
850.0
884.08
923.0
824.0
861.0
879.0
878.0
868.0
722.0
536.0
379.0
374.0
278.0
275.0
260.42
212.0
228.0
209.0
217.0
209.0
232.0
210.0
214.0
259.0
298.0
297.0
362.0
272.0
306.04
290.04
297.0
301.0
276.0
220.0
221.0
230.0
193.0
212.0
175.41
180.0
204.0
216.0
186.0
202.0
211.0
196.0
187.0
221.0
257.0
260.0
285.0
249.0
256.0
289.52
260.52
286.0
253.0
234.0
252.0
221.0
213.0
238.0
175.41
186.0
216.0
206.0
193.0
207.0
182.0
188.0
359.0
596.0
930.12
909.12
960.0
840.0
913.0
918.0
922.0
882.0
763.0
530.0
432.0
329.0
294.0
238.0
250.86
225.0
223.0
233.0
211.0
224.0
221.0
229.0
339.0
647.0
874.0
900.0
918.0
828.0
907.0
923.0
888.0
879.0
764.0
526.0
442.0
396.0
310.12
234.0
250.335
213.0
237.0
248.0
211.0
230.0
202.0
242.0
351.0
619.0
881.0
895.0
942.0
802.0
902.0
893.0
876.08
861.0
771.0
575.0
457.0
370.0
286.0
254.0
250.335
209.0
218.0
208.0
228.0
220.0
202.0
244.0
325.0
666.68
834.68
884.0
906.0
831.0
899.0
895.0
891.12
851.0
781.0
555.0
447.0
368.0
315.0
264.0
250.335
216.0
236.0
201.0
230.0
186.0
237.0
212.0
337.0
621.0
840.12
855.0
916.0
838.0
848.0
863.0
834.0
798.0
696.0
464.0
370.0
285.0
260.0
187.0
250.335
221.0
184.0
174.0
188.0
177.0
171.0
186.0
248.0
255.41
217.0
239.0
203.0
240.0
231.0
203.0
232.0
384.0
652.0
880.0
955.0
964.0
881.12
927.0
923.0
898.0
890.0
742.0
579.12
458.0
388.0
292.0
268.0
255.41
211.0
249.0
199.0
230.0
205.0
203.0
212.0
344.0
587.0
845.0
885.0
942.0
855.04
930.04
904.0
894.0
858.0
754.0
474.0
407.0
369.0
311.0
265.0
255.41
219.0
218.0
201.0
210.0
197.0
180.0
226.0
374.0
620.0
896.0
926.0
949.0
862.0
921.12
864.0
896.0
878.12
746.0
458.12
425.0
385.0
292.0
248.0
255.41
208.0
184.0
178.0
194.0
207.0
188.0
197.0
368.0
688.0
855.0
890.0
971.0
858.0
887.0
894.0
884.08
853.12
687.0
470.0
316.12
289.0
232.0
233.0
255.41
196.0
197.0
225.0
187.0
194.0
210.0
195.0
180.0
200.0
192.0
200.0
195.0
228.0
200.0
187.0
210.0
200.0
214.0
215.0
212.0
204.0
217.0
213.0
175.41
206.0
211.0
201.0
204.0
195.0
191.0
186.0
190.0
202.0
212.0
247.0
257.0
243.0
240.0
242.0
211.0
209.0
194.0
217.5
220.0
190.0
204.0
196.0
175.41
207.0
187.0
192.0
193.0
198.0
182.0
200.0
179.0
216.0
201.0
233.0
249.04
230.0
226.0
241.0
243.0
212.0
224.0
217.5
217.0
218.0
198.0
212.0
175.41
216.0
196.0
189.0
175.0
190.0
192.0
186.0
371.0
666.0
938.0
972.0
1043.0
974.0
931.0
943.0
945.0
916.08
813.0
566.0
465.0
367.0
282.0
268.0
255.41
224.0
208.0
201.0
209.0
205.0
195.0
203.0
387.0
691.84
942.04
964.84
986.84
912.84
972.84
915.72
946.64
934.64
781.64
592.64
508.64
375.64
298.64
236.0
255.41
217.0
202.0
223.0
205.5
215.5
195.0
236.0
383.0
679.0
919.0
1010.0
1040.0
916.0
1003.0
953.0
945.0
895.0
779.0
592.0
452.0
380.0
269.0
269.0
255.41
215.0
211.0
245.0
202.0
226.0
195.0
217.0
365.0
692.88
913.88
957.08
982.88
886.88
906.88
909.44
902.56
850.0
709.0
537.0
394.0
303.0
237.0
205.0
255.41
177.0
194.0
174.0
156.0
172.0
165.0
160.0
457.0
208.0
278.0
255.0
248.0
217.0
271.0
250.0
275.0
244.0
249.04
217.5
214.0
212.0
184.0
210.0
179.88
188.0
201.0
198.0
180.0
180.0
184.0
178.0
182.0
196.0
250.0
281.0
280.0
278.0
250.0
246.0
261.0
261.0
255.0
220.0
205.0
222.0
182.0
204.0
176.915
187.0
179.0
182.0
189.0
180.0
174.0
223.0
332.0
650.12
925.16
974.16
1000.28
885.16
943.16
921.16
942.0
893.0
778.0
527.0
419.0
374.0
328.0
260.0
265.9
215.0
223.0
234.0
232.0
205.0
216.0
232.0
398.0
691.0
923.12
1006.11
1040.0
969.0
1004.0
935.0
952.0
928.0
783.0
510.0
443.0
396.0
357.12
292.0
260.81
217.0
226.0
230.0
217.0
209.0
216.0
222.0
384.0
606.0
915.0
928.0
970.0
911.0
969.0
913.0
890.0
918.0
733.0
498.0
443.0
372.0
312.0
285.0
260.81
225.0
225.5
224.5
206.0
201.0
196.0
234.0
394.0
643.12
929.0
927.0
1001.0
941.0
923.0
907.08
890.0
882.0
736.0
539.0
428.0
408.0
364.0
263.0
255.72
225.0
225.0
219.0
251.0
221.0
225.0
237.0
380.0
672.0
930.0
969.0
1023.0
911.0
937.0
969.0
931.12
911.0
759.0
501.0
397.0
352.0
302.0
271.0
252.36
206.0
207.0
205.5
196.0
201.0
192.0
202.0
216.0
286.0
301.0
297.0
316.0
309.0
300.0
303.0
311.0
285.0
309.0
238.0
225.0
239.0
209.0
236.0
176.915
206.0
213.0
213.0
216.0
193.0
198.0
186.0
230.0
246.0
310.0
324.0
355.0
308.0
289.0
270.0
287.0
275.0
279.0
240.0
245.0
256.0
217.0
210.0
176.915
225.0
194.0
207.0
192.0
199.0
205.0
217.0
376.0
605.0
852.0
929.0
929.0
852.52
887.52
864.12
873.0
867.52
696.52
519.44
452.44
331.44
287.76
261.0
252.36
225.0
200.5
216.5
205.5
201.0
211.5
250.6
347.6
620.6
805.6
839.6
889.0
875.0
833.0
841.0
842.0
836.0
669.0
489.0
411.0
327.0
276.0
263.0
252.36
225.0
207.0
226.0
219.0
203.0
218.0
249.0
386.0
631.0
830.0
832.0
916.0
875.12
844.0
861.0
848.08
824.0
686.12
478.6
370.6
363.0
276.0
282.0
252.36
233.0
213.0
211.0
236.0
212.0
236.0
220.0
383.0
650.0
839.0
882.0
924.0
881.0
889.0
850.0
854.0
834.0
689.0
505.0
416.0
332.0
311.0
256.0
252.36
236.0
247.0
211.0
203.0
231.0
233.0
259.0
351.0
662.0
888.0
876.0
972.12
873.0
898.0
837.0
832.0
839.0
665.0
497.0
382.0
325.0
299.0
232.0
252.36
224.0
212.0
210.0
218.0
206.0
233.0
196.0
190.0
205.0
212.0
219.0
220.0
224.0
229.0
215.0
218.0
228.0
225.0
215.0
222.0
203.0
239.0
217.0
176.915
206.0
217.0
217.0
208.0
204.0
202.0
203.0
201.0
199.0
216.0
242.0
270.0
249.0
238.0
231.0
244.0
238.0
223.0
242.0
218.0
234.0
215.0
209.0
176.915
207.0
206.0
201.0
192.0
220.0
200.0
225.0
383.0
672.0
933.0
1000.0
1047.0
949.12
1006.0
953.0
959.0
928.0
790.0
563.0
434.0
393.0
320.0
278.0
252.36
232.0
236.0
250.0
231.0
230.0
223.0
239.0
389.0
680.0
940.0
966.12
1041.0
925.0
955.12
960.0
932.0
914.0
761.0
480.0
407.12
336.0
289.0
244.0
252.36
222.0
201.0
223.0
216.0
267.0
201.0
222.0
359.0
696.0
752.0
970.0
1028.0
982.0
897.0
930.0
932.0
945.0
804.0
564.08
392.0
400.0
313.0
266.0
252.36
228.0
232.0
212.0
226.0
234.0
251.0
204.0
338.0
625.0
933.0
940.0
1006.0
962.08
950.0
941.0
951.0
947.0
800.0
512.0
434.12
384.0
320.0
246.0
249.0
240.0
204.0
214.0
214.0
241.0
221.0
224.0
350.0
595.0
946.0
944.0
999.0
915.0
935.08
892.0
899.0
873.0
792.0
418.0
322.0
269.0
258.0
226.0
259.97
231.0
197.0
210.0
216.0
239.0
191.0
211.0
197.0
204.0
241.0
258.0
244.0
254.0
297.0
280.0
291.0
258.0
253.0
261.0
230.0
252.0
214.0
234.0
176.915
204.0
225.0
225.0
218.0
203.0
218.0
187.0
207.0
232.0
210.0
214.0
312.0
269.0
291.5
232.0
253.0
250.0
238.0
234.0
235.0
208.0
217.0
211.0
176.915
233.0
212.0
223.0
195.0
212.0
210.0
212.0
335.0
625.0
936.0
972.0
1061.0
995.0
1003.0
1029.0
976.0
980.12
808.0
535.0
392.0
306.0
287.0
280.0
259.97
237.0
234.0
232.0
218.0
209.0
211.0
223.0
370.0
614.0
936.12
992.0
1025.12
968.0
994.0
968.0
952.0
995.0
846.0
542.0
444.0
357.0
309.0
246.0
259.97
237.0
219.0
246.0
223.0
217.0
220.0
213.0
360.0
637.0
915.0
949.0
1032.06
972.0
954.0
953.12
959.0
917.0
799.0
515.12
434.0
344.0
333.0
249.0
259.97
241.0
227.0
227.0
206.0
224.0
210.0
222.0
356.0
618.0
927.0
988.0
1039.0
969.0
966.12
997.0
980.12
960.0
852.0
568.0
410.0
358.0
296.0
268.0
259.97
268.0
222.0
237.0
233.0
226.0
229.0
205.0
372.0
597.0
919.0
953.0
1026.0
939.0
978.0
970.0
926.08
919.0
813.0
464.0
360.0
360.0
252.0
249.0
259.97
200.0
205.0
221.0
213.0
219.0
205.0
218.0
221.0
238.0
248.0
272.0
269.0
275.0
286.0
283.0
275.0
270.0
259.0
252.0
253.0
225.0
216.0
239.0
176.915
212.0
211.0
210.0
250.0
186.0
202.0
197.0
200.0
204.0
221.0
231.0
265.0
256.0
250.0
260.6
272.6
261.0
247.0
247.0
223.0
218.0
220.0
189.0
176.915
176.0
187.0
216.0
180.0
177.0
185.0
197.0
333.0
626.0
836.12
961.5
1062.0
971.0
984.0
271.12
255.0
270.89
234.0
210.0
226.0
242.0
221.0
208.0
218.0
355.0
643.0
972.12
978.2
1003.2
1023.2
974.2
1002.2
988.0
980.0
840.0
589.0
426.0
399.0
310.0
314.0
279.85
247.0
233.0
241.0
221.0
236.0
217.0
224.0
349.0
654.0
939.0
980.0
982.0
929.0
993.0
970.12
939.0
933.08
799.0
529.0
413.0
362.0
320.0
284.0
263.93
280.0
268.0
259.0
259.0
253.0
247.0
242.0
336.0
630.0
948.0
977.12
1050.0
955.0
969.08
990.0
967.0
958.0
844.0
594.0
433.0
386.0
286.0
312.32
288.67
261.0
255.0
241.0
255.0
235.0
232.0
219.0
359.0
622.0
938.12
1001.0
1005.0
972.0
1021.0
1001.0
945.0
945.0
806.12
542.0
373.0
330.0
289.0
265.0
249.84
209.0
193.0
230.0
213.0
232.0
212.0
209.0
192.0
238.0
254.0
257.0
261.0
228.0
238.0
266.0
285.0
268.0
281.0
277.0
285.0
252.0
239.0
230.0
223.09
215.0
219.5
220.5
229.0
207.0
236.0
198.0
237.0
205.0
226.0
256.0
260.0
250.0
260.0
263.0
245.0
262.0
256.0
237.0
253.0
237.0
260.0
226.0
223.09
224.0
205.0
219.0
220.0
231.0
216.0
207.0
372.0
643.0
969.0
995.11
896.0
827.0
863.0
857.08
836.0
799.0
696.0
561.0
404.12
303.0
269.0
267.0
249.885
232.0
220.0
242.0
208.0
233.0
209.0
222.0
364.0
677.0
967.0
1021.12
1017.0
929.0
1020.0
991.0
997.08
953.0
844.0
624.12
519.0
369.0
284.0
269.0
249.885
238.0
250.0
252.0
244.0
245.0
250.0
220.0
353.0
656.0
940.0
980.0
1005.0
915.0
973.0
979.0
978.0
928.0
827.0
574.0
470.0
366.0
298.0
265.0
249.93
244.0
242.0
250.0
240.0
223.0
237.0
231.0
356.0
638.0
909.0
981.0
986.0
894.12
935.0
906.0
911.0
888.0
796.0
585.0
456.0
381.0
327.0
268.0
247.92
244.0
262.0
246.0
233.0
224.0
238.0
239.0
369.0
631.0
917.0
956.12
957.12
889.0
941.0
939.0
925.12
921.0
775.0
541.0
474.0
406.0
277.0
243.0
249.925
229.0
246.0
211.0
243.0
215.0
231.0
205.0
217.0
244.0
250.0
286.0
282.0
297.0
272.0
275.0
296.0
277.0
256.0
278.0
233.0
249.0
212.0
209.0
223.09
207.0
207.0
217.0
213.0
212.0
226.0
219.0
231.0
217.0
229.0
204.0
232.0
227.0
209.0
228.0
249.0
239.0
232.0
242.0
248.0
231.0
198.0
215.0
223.09
211.0
216.0
204.0
226.0
219.0
201.0
211.0
358.0
648.0
938.0
1009.0
1007.0
944.0
964.0
1013.0
970.0
950.0
875.0
592.0
441.0
355.0
299.0
243.0
251.93
264.0
241.0
259.0
244.0
260.0
235.0
240.0
351.0
639.0
911.0
992.0
990.0
868.0
977.0
953.12
933.12
942.0
820.0
543.0
478.0
361.0
315.0
255.0
251.865
234.0
228.0
219.0
227.0
223.0
216.0
198.0
342.0
624.0
944.0
931.0
939.0
912.0
934.0
903.0
919.0
910.12
751.0
529.0
473.0
352.0
282.0
262.0
251.8
275.0
230.0
226.0
227.0
246.0
226.0
222.0
378.0
640.0
884.0
961.0
971.12
864.0
947.0
927.0
901.0
852.0
735.0
486.0
409.0
284.0
285.0
258.0
206.825
221.0
230.0
238.0
217.0
221.0
231.0
214.0
321.0
590.0
848.0
857.0
880.0
819.0
832.0
828.0
762.0
776.0
604.0
406.0
323.0
313.0
234.0
204.0
206.825
224.0
221.0
202.0
233.0
204.0
202.0
208.0
190.0
212.0
207.0
202.0
213.0
205.0
193.0
188.0
209.0
213.0
203.0
203.0
216.0
194.0
196.0
241.0
223.09
193.0
229.0
213.0
201.0
199.0
197.0
198.0
318.0
492.0
637.0
640.0
651.0
649.0
649.0
641.0
620.0
601.0
497.0
390.0
234.0
234.0
217.0
215.0
206.825
203.0
209.0
204.0
212.0
202.0
219.0
204.0
291.0
474.0
577.0
621.0
641.0
599.0
627.0
627.0
668.8
628.8
484.0
393.0
273.0
229.0
219.0
223.0
206.825
204.0
196.0
193.0
208.0
201.0
176.0
203.0
233.0
411.0
528.0
526.0
541.0
504.0
524.0
430.0
315.0
273.0
201.0
175.0
166.0
181.0
168.0
191.0
161.85
166.0
160.0
191.0
173.0
171.0
160.0
202.0
147.0
143.0
164.0
177.0
166.0
157.0
178.0
152.0
168.0
158.0
166.0
167.0
184.0
159.0
167.0
176.0
163.86
181.0
170.0
157.0
180.0
174.0
170.0
155.0
140.0
175.0
165.0
167.0
179.0
156.0
156.0
161.0
156.0
157.0
165.0
172.0
187.0
179.0
173.0
181.0
162.86
145.0
180.0
167.0
172.0
160.0
165.0
159.0
160.0
158.0
160.0
157.0
171.0
148.0
158.0
160.5
146.5
165.0
178.0
177.0
173.0
184.0
172.0
180.0
162.86
159.0
167.5
168.0
147.0
167.5
172.0
137.0
158.0
162.0
136.0
148.0
153.0
166.0
146.0
160.0
137.0
165.0
153.0
170.0
178.0
181.0
171.0
178.0
161.86
175.0
155.0
170.0
177.0
175.0
157.0
157.0
170.0
158.0
139.0
157.0
139.0
160.0
146.0
142.0
145.0
160.0
152.0
174.0
162.0
185.0
165.0
177.0
159.88
184.0
181.0
161.0
195.0
168.0
170.0
144.0
146.0
152.0
155.0
170.5
181.0
157.0
161.0
164.0
172.0
155.0
181.0
164.0
177.0
174.0
171.0
168.0
163.925
161.0
171.0
191.0
173.0
165.0
156.0
172.0
158.0
159.0
202.0
184.0
180.0
179.0
190.0
184.0
171.0
191.0
176.0
192.0
181.0
189.0
159.0
173.0
163.925
164.0
190.0
152.0
185.0
176.0
160.0
179.0
275.0
508.0
648.0
662.0
670.0
674.0
695.0
643.0
651.0
626.0
512.0
403.0
301.0
242.0
242.0
228.0
212.03500000000003
220.0
202.0
199.0
201.0
233.0
222.0
184.0
336.0
591.0
836.0
850.0
835.0
757.0
829.12
822.0
805.0
803.0
701.0
463.0
355.0
292.0
263.0
222.0
212.03500000000003
221.0
220.0
211.0
203.0
205.0
231.0
209.0
322.0
614.0
840.0
853.0
904.0
829.0
915.0
885.0
866.0
824.0
744.0
476.0
344.0
282.0
256.0
278.0
212.03500000000003
220.0
219.0
218.0
217.0
229.0
213.0
217.0
345.0
611.0
806.12
843.0
849.0
801.0
868.0
832.0
852.0
804.0
675.0
397.0
307.0
256.0
237.0
223.0
212.03500000000003
208.0
208.0
214.0
221.0
229.0
216.0
210.0
191.0
209.0
217.0
214.0
216.0
222.0
229.0
218.0
211.0
225.84
215.0
243.0
216.0
221.0
228.0
198.0
163.925
205.0
206.0
200.0
207.0
240.0
211.5
218.0
341.0
693.16
937.16
939.16
979.16
906.16
981.28
950.16
955.16
930.16
806.16
616.16
454.16
362.16
294.16
265.0
212.03500000000003
229.0
219.0
231.0
230.0
251.0
210.0
215.0
344.0
668.0
973.0
968.0
996.0
909.08
970.0
962.0
987.0
947.0
807.0
563.0
475.08
356.0
294.0
261.0
212.03500000000003
261.0
205.0
227.0
205.0
225.0
220.0
224.0
347.64
668.64
950.76
952.12
995.68
938.56
976.0
968.52
969.52
918.04
795.04
568.56
464.56
332.0
293.0
297.0
212.03500000000003
236.5
217.0
223.5
210.5
219.0
224.0
222.0
350.7
666.83
849.7
990.68
993.92
878.92
961.92
943.04
928.92
929.92
769.92
551.92
479.92
373.92
310.92
246.0
212.03500000000003
236.5
217.0
223.5
210.5
219.0
228.0
220.0
348.0
631.0
923.0
965.0
994.0
917.12
956.68
920.68
947.68
936.84
797.72
523.2
397.2
342.2
291.0
232.0
212.03500000000003
212.5
248.0
210.0
212.0
201.0
213.0
206.0
200.0
214.0
258.0
287.0
269.0
243.04
264.04
267.52
262.52
260.68
215.0
271.68
226.5
224.0
228.0
219.0
163.925
217.0
184.0
221.0
216.0
207.0
210.0
202.0
209.0
219.0
236.0
243.0
247.0
260.0
261.76
252.26
258.76
273.76
254.0
265.0
237.0
227.0
228.0
212.0
163.925
212.0
229.0
220.0
216.0
213.0
216.0
218.0
329.0
601.0
930.0
1000.08
1023.0
920.0
806.0
862.31
830.0
818.0
799.0
665.0
450.0
346.0
276.0
239.0
233.0
219.845
201.0
185.0
192.0
192.0
202.0
183.0
212.0
303.0
539.0
816.0
652.0
296.0
302.0
852.655
829.0
817.0
807.0
657.0
433.0
345.0
292.0
259.0
228.0
219.845
210.0
197.0
191.0
182.0
182.0
197.0
206.0
293.0
530.0
797.0
817.0
869.0
818.0
843.0
818.0
817.0
780.0
592.0
513.0
348.0
145.0
161.0
421.0
219.845
257.0
188.0
155.0
187.0
188.0
161.0
176.0
173.0
202.0
230.0
261.0
257.0
269.0
259.0
226.0
286.5
295.5
458.0
398.0
205.0
275.0
175.5
286.0
158.87
162.0
146.0
188.0
175.5
268.0
139.0
191.0
213.0
189.0
214.0
222.0
266.0
228.0
218.0
253.0
286.5
295.5
420.0
265.0
231.0
148.0
173.0
240.0
158.87
202.5
182.54
190.0
177.5
770.0
296.0
179.0
291.0
438.0
858.0
747.0
350.0
798.0
852.0
811.0
808.0
768.0
661.0
432.0
346.0
282.0
204.5
416.0
219.845
202.5
182.54
190.0
177.5
577.0
183.0
202.0
279.0
512.0
788.0
798.0
869.0
778.0
835.0
805.0
802.0
768.0
617.0
432.0
353.0
278.0
248.0
219.0
219.845
202.5
168.08
189.0
173.0
179.0
170.0
217.0
278.0
517.0
788.0
770.0
847.0
744.0
829.0
770.0
779.0
758.0
620.0
445.0
335.0
320.0
278.0
233.0
219.845
195.0
187.0
179.0
175.0
181.0
166.0
202.0
289.0
551.0
805.0
241.0
865.0
776.0
849.0
827.0
803.0
801.0
671.0
464.0
388.0
324.0
255.0
217.0
219.845
196.0
192.0
176.0
182.5
178.0
184.0
211.0
285.0
506.0
807.0
810.0
883.0
808.0
844.0
814.0
810.0
783.0
640.0
411.0
331.0
282.0
230.0
200.0
219.845
182.0
196.0
178.0
164.0
190.0
158.0
192.0
179.0
207.0
304.0
332.0
315.0
262.0
306.0
342.0
306.0
319.0
293.0
222.0
213.0
193.0
199.0
194.0
158.87
184.0
186.0
166.0
192.0
188.0
162.0
181.0
192.0
241.0
295.0
299.0
316.0
274.0
317.0
318.0
312.0
323.0
277.0
251.0
212.0
212.0
206.0
187.0
158.87
182.0
181.0
175.0
190.0
176.0
182.0
204.0
294.0
538.0
808.0
819.0
902.0
830.0
849.0
842.0
835.0
802.0
655.0
451.0
366.0
303.0
225.0
220.0
219.845
203.0
197.0
166.52
191.5
178.5
193.5
207.0
295.0
536.68
813.68
803.68
866.0
777.0
821.0
832.0
806.0
779.0
681.0
493.0
379.0
317.0
245.0
218.0
219.845
200.0
190.0
199.0
193.0
181.0
205.0
205.0
277.0
513.0
734.0
771.0
837.0
790.0
796.0
758.0
775.0
745.0
614.0
405.0
326.0
281.0
222.0
225.0
169.86
193.5
190.0
182.5
242.68
221.59
180.38
271.52
304.84
484.36
689.36
753.52
748.52
657.64
724.16
735.16
711.16
725.16
622.76
443.76
386.4
311.4
284.4
272.76
206.395
187.0
190.0
182.5
266.84000000000003
221.59
180.38
135.8
283.42
151.0
676.52
790.76
812.26
556.0
763.0
1011.0
702.0
779.0
624.0
357.0
259.0
241.0
203.0
241.38
206.395
359.52
150.52
164.18
263.0
175.0
241.0
157.0
164.0
202.0
252.0
255.0
261.0
223.0
246.0
248.0
254.0
238.0
214.0
205.0
198.0
185.0
188.0
168.0
158.87
263.3
158.76
162.36
217.0
175.0
203.0
159.36
159.0
178.5
221.0
213.5
242.5
237.0
211.0
225.5
221.5
216.0
190.5
189.5
188.0
173.0
178.0
174.5
158.87
173.0
192.0
166.0
266.84000000000003
221.59
155.76
205.99
262.0
524.0
795.0
828.0
876.0
779.0
829.0
364.0
721.5
793.0
651.0
444.0
333.0
286.0
228.0
210.0
206.395
220.09
202.0
212.1
291.0
221.59
140.0
205.99
285.6
951.0
805.0
759.0
831.0
284.0
769.0899999999998
790.0
741.0
777.0
634.0
430.0
328.0
288.0
249.0
203.0
206.395
267.18
264.18
258.2
260.18
262.18
257.18
276.18
309.2
512.18
698.18
719.18
722.18
614.2
709.18
700.18
584.18
454.18
494.2
660.18
263.18
348.0
227.0
194.0
206.395
263.3
167.0
164.0
171.0
162.0
165.0
166.0
154.0
155.0
190.0
172.0
224.0
251.0
176.0
203.0
189.0
194.0
167.0
174.0
178.0
161.0
168.0
181.0
147.84
167.08
176.0
150.0
171.0
178.0
154.0
165.0
162.0
170.0
189.0
205.0
229.0
255.0
197.0
201.0
176.0
210.0
187.0
170.0
176.0
188.0
160.0
184.0
149.385
155.08
177.0
160.0
170.0
170.0
153.0
152.0
162.0
160.0
178.0
190.0
183.0
204.0
178.0
199.0
218.0
190.0
179.0
198.0
187.0
170.0
178.0
179.0
150.93
160.0
190.0
149.0
164.0
177.0
161.0
188.0
281.0
507.0
731.0
790.0
818.0
748.0
838.0
824.0
815.0
805.0
656.0
429.0
357.0
317.0
286.0
228.0
242.93
230.0
239.0
197.0
244.0
212.0
223.0
242.0
315.0
577.0
778.0
803.0
636.0
979.0
625.0
946.0
777.0
777.0
625.0
425.0
230.0
301.0
250.5
413.0
193.41
202.0
206.0
450.0
477.0
191.5
248.0
144.0
234.0
242.0
207.0
206.0
243.0
230.0
709.0
684.0
718.0
699.0
612.0
430.0
354.0
285.0
215.0
214.0
193.41
174.0
173.0
180.0
173.0
171.0
180.0
179.0
222.0
409.0
682.0
490.0
823.0
719.0
793.0
796.0
768.0
772.0
634.0
449.0
376.0
310.0
242.0
222.0
193.41
167.0
174.0
188.0
167.0
173.0
181.0
197.0
251.0
461.0
745.0
774.0
827.0
743.0
769.0
743.0
773.0
761.0
681.0
468.0
418.0
312.0
242.0
232.0
193.41
177.0
166.0
190.0
160.0
164.0
186.0
182.0
252.0
439.0
745.0
791.0
833.0
749.0
778.0
758.0
764.0
723.0
639.0
382.0
341.0
262.0
223.0
212.0
193.41
178.0
174.0
172.0
153.0
194.0
167.0
155.0
168.0
185.0
244.0
251.0
260.0
246.0
268.0
271.0
265.0
260.0
213.0
192.0
199.0
202.0
164.0
177.5
160.42000000000004
168.0
161.0
172.0
146.5
161.0
181.0
166.0
177.0
201.0
246.0
280.0
308.0
237.0
287.0
287.0
321.0
286.0
236.0
223.0
185.0
172.0
191.0
176.0
169.91
160.0
165.0
168.0
153.0
181.0
152.0
180.0
284.0
437.0
753.0
807.0
883.0
799.0
826.0
813.0
811.0
801.0
701.0
465.0
411.0
353.0
260.0
247.0
193.41
191.0
188.0
178.0
175.0
205.0
156.0
208.0
264.0
480.0
772.0
806.0
882.0
780.0
815.0
799.0
814.0
789.0
687.0
487.0
438.0
354.0
266.0
248.0
193.41
183.0
198.0
161.0
200.0
168.0
186.0
188.0
267.0
522.0
779.0
839.0
894.0
837.0
838.0
808.0
805.0
798.0
703.0
477.0
454.0
365.0
292.0
271.0
193.41
224.0
203.0
188.0
191.0
192.0
189.0
214.0
264.0
469.0
792.0
811.0
873.0
775.0
809.0
778.0
761.0
758.0
645.0
449.0
373.0
334.0
268.0
243.0
193.41
184.0
192.0
208.0
183.0
203.0
163.5
191.0
266.0
475.0
734.0
764.0
835.0
768.0
758.0
702.0
688.0
568.0
484.0
337.0
256.0
242.0
222.0
159.0
143.89
171.0
147.0
161.0
146.5
146.0
140.0
130.0
135.0
132.0
148.0
161.0
171.0
151.56
161.56
165.0
173.0
148.0
165.0
161.0
131.0
162.0
154.0
129.0
145.87
136.0
133.0
154.0
140.0
132.0
147.0
129.5
136.0
148.0
189.0
181.0
171.0
194.0
205.0
188.0
182.0
182.0
156.0
134.0
158.0
162.0
137.0
136.0
159.84
138.04
148.04
145.0
139.0
150.0
136.0
129.0
137.0
144.0
162.0
151.0
211.0
197.0
180.0
171.0
186.0
162.0
141.0
145.0
175.0
146.0
140.0
137.0
155.88
133.0
138.0
146.0
146.0
135.0
133.0
131.0
138.0
132.0
148.0
167.0
192.0
200.0
187.0
162.0
172.5
161.0
175.0
140.0
148.0
150.0
145.0
137.0
138.86
135.0
133.0
159.0
134.0
298.0
288.0
222.0
258.545
204.0
211.0
205.0
192.0
216.0
213.0
190.0
222.0
201.0
226.0
214.0
295.0
280.0
224.0
259.0
234.0
223.0
238.0
204.0
242.0
211.0
212.0
184.0
176.915
211.0
188.0
183.0
199.0
194.0
170.0
193.0
187.0
241.0
251.0
216.0
324.0
309.0
253.0
232.0
228.0
261.0
225.5
213.0
216.0
209.0
190.0
195.0
176.915
199.0
199.0
226.0
185.0
199.0
185.0
181.0
195.0
204.0
213.0
219.0
237.0
218.0
224.0
234.0
231.0
249.0
213.0
222.0
213.0
223.0
205.0
198.0
176.915
208.0
204.0
197.0
196.0
199.0
194.0
198.0
365.0
667.0
905.0
947.0
1052.0
927.0
975.0
927.0
942.0
899.0
797.0
455.0
358.0
336.0
292.0
235.0
258.545
217.5
225.0
237.0
235.0
198.0
213.0
214.0
371.0
640.0
947.0
973.0
1051.0
960.24
1024.0
1002.0
978.0
978.0
872.12
642.0
518.0
365.12
311.0
275.0
262.23
217.5
227.0
236.0
254.0
220.0
238.0
221.0
412.04
626.04
928.0
1009.0
1055.0
948.0
995.0
986.0
987.0
942.0
793.0
640.12
445.0
369.0
313.0
262.0
243.27
217.5
226.0
221.0
242.0
201.0
235.0
262.0
359.0
629.0
938.0
978.0
1043.0
959.0
976.0
935.0
952.0
946.96
798.84
546.84
427.52
350.0
306.0
260.0
247.76
217.5
221.0
215.0
212.0
214.0
206.0
217.0
373.08
644.0
923.0
968.12
1028.28
932.28
972.28
940.28
911.0
895.0
808.12
516.0
411.0
342.0
300.0
245.0
252.25
217.5
214.0
217.0
213.0
231.0
242.0
215.0
378.0
629.0
873.0
896.0
989.0
881.0
877.0
947.0
863.0
875.0
786.0
495.0
388.0
352.0
273.0
241.0
251.115
203.0
201.0
215.0
195.0
205.5
192.0
189.0
196.5
222.0
228.0
223.0
249.0
240.0
223.0
237.0
254.0
222.0
225.0
233.0
216.0
219.0
216.0
206.0
176.915
207.0
203.0
204.0
205.0
212.0
199.0
197.0
198.0
200.0
210.0
236.0
249.0
244.0
235.0
239.0
220.0
252.0
220.0
235.0
245.0
220.5
207.0
215.0
176.915
227.0
207.0
217.0
221.0
197.0
193.0
200.0
401.56
596.56
882.0
961.0
1017.12
925.0
939.0
940.0
924.0
913.0
791.0
565.0
435.0
354.0
270.0
245.0
251.115
230.0
216.0
219.0
229.0
207.0
213.0
244.0
339.0
655.0
900.0
934.0
981.12
883.0
919.0
935.0
907.0
913.0
778.0
452.0
386.0
356.0
278.0
235.0
251.115
230.5
226.0
209.0
221.0
222.0
219.0
214.0
360.0
629.0
894.0
941.0
1003.0
910.0
939.32
924.32
918.4
873.56
779.56
487.56
407.08
340.2
288.08
253.5
251.115
230.5
208.0
204.5
233.0
218.0
221.5
210.0
378.16
649.16
909.92
946.0
1007.92
872.92
921.16
909.04
882.76
879.76
740.76
557.88
412.76
378.36
330.04
272.0
251.115
230.5
209.5
204.5
245.0
214.0
224.0
231.0
380.0
614.0
908.0
965.0
982.0
917.0
919.0
906.0
892.0
909.0
727.0
451.0
374.0
323.0
279.0
247.0
251.115
197.5
222.0
209.0
207.0
216.0
210.0
202.0
226.0
214.0
216.0
204.0
239.0
241.0
239.0
220.0
254.0
243.5
220.0
225.0
235.0
222.0
224.0
196.0
176.915
197.5
205.0
196.0
192.0
214.0
216.0
196.0
189.0
220.0
250.72
233.5
284.72
291.72
254.72
259.72
249.72
243.5
231.0
240.0
235.5
218.5
224.5
199.0
176.915
230.5
209.5
200.0
206.0
219.0
250.28
268.28
389.28
609.28
871.28
905.28
959.28
902.12
988.0
940.0
949.0
912.0
807.0
622.0
489.68
385.8
318.68
267.0
249.98
230.5
211.0
214.0
212.5
214.0
229.0
229.0
361.0
651.0
924.0
960.0
988.0
932.0
934.0
943.0
922.0
908.0
799.0
530.0
447.0
377.0
281.0
256.0
250.455
230.5
231.0
228.0
219.0
217.5
224.5
222.5
383.0
634.0
900.0
918.0
1009.0
898.12
952.0
947.0
961.0
927.12
788.0
572.0
450.0
357.0
276.0
235.0
250.93
231.0
211.0
227.0
206.0
221.0
220.0
216.0
363.0
631.0
913.0
935.0
1018.0
934.0
934.0
930.0
930.0
896.0
787.0
595.08
510.0
419.0
266.0
247.0
255.98
220.0
218.0
241.0
201.0
218.5
250.0
212.0
378.0
644.0
875.0
939.08
996.0
904.0
915.0
884.0
935.12
844.0
738.0
464.0
386.0
338.0
293.0
233.0
261.93
197.5
226.0
216.0
225.0
212.0
222.0
204.0
247.0
226.0
261.0
263.0
267.0
292.0
267.84
261.84
285.32
243.5
231.0
255.0
235.5
218.5
224.5
214.0
176.915
197.5
208.0
209.5
214.0
207.0
203.0
218.0
187.0
234.0
202.0
207.0
261.0
248.0
218.0
248.42
269.16
243.5
231.0
243.0
235.5
218.5
225.0
229.0
176.915
209.0
224.0
225.0
196.0
216.0
219.0
205.0
375.12
622.04
895.04
893.0
970.0
894.0
887.0
936.0
875.52
881.52
745.0
455.0
408.0
328.0
323.0
249.0
259.86
247.0
207.0
236.0
210.0
230.0
237.0
262.0
363.0
663.0
841.12
872.0
964.0
883.0
883.0
877.0
868.0
880.0
720.0
468.12
417.0
344.0
340.0
265.0
244.86
240.0
211.0
219.0
223.0
206.0
214.0
239.0
359.0
666.0
902.12
885.0
956.0
912.0
872.0
856.12
744.0
647.0
569.0
396.0
340.0
319.0
289.0
227.0
254.865
188.0
199.0
203.0
203.0
181.0
190.0
177.0
204.0
223.0
229.0
251.0
290.0
286.0
254.0
235.0
253.0
235.0
242.0
231.0
236.0
215.0
196.0
191.0
176.915
202.0
171.0
188.0
189.0
190.0
196.0
173.0
184.0
206.0
205.0
205.0
226.0
240.0
236.0
212.0
221.0
245.0
225.0
229.0
200.0
214.0
181.0
180.0
176.915
191.0
175.0
188.0
188.0
187.0
194.0
183.0
165.0
206.0
175.0
195.0
177.0
206.0
177.0
183.0
208.0
196.0
206.0
215.0
189.0
218.0
216.0
191.0
176.915
189.5
178.0
165.0
198.0
193.0
170.0
173.0
188.0
190.0
199.0
178.0
235.0
228.0
193.0
201.0
193.0
199.0
197.0
225.0
233.0
174.0
210.0
171.0
176.915
188.0
172.0
184.0
179.0
178.0
159.52
178.5
188.0
187.0
240.0
209.0
259.0
246.0
220.0
235.0
238.0
240.0
210.0
224.0
194.0
197.0
202.0
206.0
176.915
180.0
195.0
192.0
177.0
171.0
190.0
184.0
202.0
172.0
197.0
197.0
241.0
239.0
209.0
216.0
194.0
199.0
193.0
230.0
209.0
189.0
177.0
185.0
176.915
173.0
179.0
185.0
181.0
172.0
161.0
180.0
177.0
182.0
175.0
193.0
251.0
224.0
204.0
184.0
208.0
211.0
195.0
204.0
198.0
211.5
201.0
178.0
173.95
181.0
170.0
206.0
193.0
183.0
164.0
202.0
339.0
614.0
859.0
916.0
949.0
862.0
901.0
881.0
891.0
876.0
746.8
460.0
375.0
315.0
271.0
247.0
254.865
228.0
227.0
208.0
216.0
202.0
241.0
235.0
354.0
693.0
693.0
899.08
950.0
845.0
908.0
875.0
920.0
865.0
751.0
524.0
424.0
357.0
303.0
267.0
254.865
223.0
219.0
222.0
241.0
217.0
244.0
247.0
331.0
582.0
846.0
876.0
879.12
798.0
837.08
840.0
852.0
846.0
724.0
466.0
352.0
334.0
270.0
289.0
254.865
208.0
201.0
219.0
218.0
205.0
200.0
206.0
182.0
192.0
213.0
243.0
264.0
276.0
239.0
232.0
269.0
256.0
281.0
257.0
245.0
234.0
225.0
205.0
216.5
214.0
193.0
214.0
203.0
190.0
194.0
194.0
322.0
575.0
885.0
883.0
948.0
864.0
915.0
909.0
905.12
903.0
805.0
568.0
452.0
365.0
322.0
260.0
254.865
237.0
234.0
224.0
208.0
189.0
199.5
207.0
317.0
583.0
839.0
863.0
908.0
801.0
862.0
865.0
863.0
840.0
767.0
489.0
410.0
354.0
319.0
287.0
254.865
217.0
226.0
216.0
213.0
217.0
205.0
210.0
333.0
574.0
885.12
892.0
971.0
915.88
890.88
845.36
839.49
862.88
822.89
864.88
811.88
615.89
504.6
379.6
348.61
326.6
292.48
258.52
259.22
236.94
229.44
226.44
239.44
256.88
363.56
585.6
812.8
878.8
883.8
809.8
832.8
824.8
864.8
843.8
766.8
611.8
506.8
405.8
314.8
317.8
296.07
250.28
253.88
264.88
269.88
252.88
252.88
251.88
376.88
575.88
839.88
839.88
896.28
806.28
837.28
801.28
847.28
821.88
731.08
503.76
450.76
341.76
324.08
292.88
255.89
205.0
213.5
206.5
196.5
203.0
203.5
205.0
208.0
258.52
297.52
318.52
375.0
322.0
337.04
340.04
368.04
345.04
320.0
266.0
258.0
224.0
210.0
220.0
216.5
205.0
213.5
206.5
196.5
203.0
203.5
205.0
208.0
242.76
254.76
282.56
298.56
289.56
292.56
307.56
283.56
312.56
275.56
249.0
249.0
227.0
216.0
205.5
216.5
281.72
307.92
278.96
292.96
275.96
295.96
259.96
360.96
540.96
784.96
850.96
859.96
790.96
856.96
852.96
828.96
833.96
790.04
632.96
566.96
444.96
334.96
336.96
324.86
269.86
231.0
251.48
260.48
245.98
250.98
242.48
327.0
620.0
907.0
928.0
957.0
905.0
940.0
957.0
950.0
897.0
827.0
590.0
485.0
423.0
344.0
298.0
291.44
258.0
219.0
224.0
228.0
216.0
206.0
225.0
379.0
606.0
913.0
912.0
960.0
886.0
948.0
906.0
918.0
894.0
768.0
568.0
409.0
360.0
284.0
254.0
291.44
264.0
210.0
216.0
213.0
232.0
203.0
238.0
379.0
607.0
864.0
906.0
935.0
854.0
865.0
895.0
864.0
853.0
760.0
533.0
414.0
351.52
270.52
270.0
258.02
234.5
207.0
229.0
210.0
213.5
208.0
249.76
340.0
645.0
819.0
889.0
915.0
891.0
899.0
850.0
858.0
878.76
727.76
491.76
354.76
294.52
278.52
204.0
252.96
204.0
209.0
214.0
196.0
200.0
203.0
185.0
199.0
227.0
212.0
229.0
228.0
233.0
207.0
246.0
214.0
225.0
243.0
232.0
240.0
230.0
222.0
191.0
216.5
221.0
203.0
206.0
197.0
194.0
197.0
191.0
207.0
177.0
232.0
234.0
260.0
255.0
236.0
253.0
271.0
253.0
291.0
266.0
263.0
240.0
256.0
233.0
216.5
205.0
210.0
207.0
207.0
195.0
213.0
199.0
338.0
632.0
916.0
977.0
991.0
906.0
922.0
946.0
909.0
882.0
760.0
549.0
426.0
373.0
274.0
288.0
247.9
477.28
476.28
475.28
475.28
474.28
476.28
486.28
524.28
600.28
658.28
663.28
699.28
711.28
683.28
640.28
677.28
676.28
626.28
577.28
429.0
356.0
280.0
273.0
255.38
262.0
220.0
233.0
221.0
220.0
230.0
247.0
375.0
602.0
882.0
922.0
994.0
890.0
929.0
900.0
881.0
898.0
748.0
483.0
407.0
366.0
300.0
290.0
255.38
252.0
231.0
245.0
214.0
246.0
206.0
226.0
370.0
604.0
894.0
895.0
930.0
859.0
924.0
913.0
895.0
881.0
719.0
511.0
382.0
347.0
301.0
267.16
255.38
218.0
232.0
209.0
248.0
204.0
227.0
214.0
364.0
613.0
855.0
877.0
900.0
807.0
905.0
874.0
833.0
870.12
739.0
478.0
385.0
349.0
278.0
222.0
255.38
235.0
220.0
216.0
213.0
213.0
207.0
217.0
179.0
211.0
240.0
214.0
231.0
253.0
229.0
225.0
223.0
248.0
235.0
251.0
250.0
230.0
240.0
242.0
216.5
217.0
198.0
208.0
207.0
208.0
210.0
208.0
200.0
222.0
225.0
205.0
257.0
223.0
244.0
249.0
237.0
239.0
251.0
270.0
237.0
250.0
241.0
196.0
259.05
224.5
224.0
193.0
235.0
214.0
239.0
212.0
357.0
633.0
925.0
936.0
951.0
883.0
904.0
926.0
914.0
903.0
811.08
536.0
431.0
356.0
264.0
268.0
255.38
231.0
234.0
199.0
213.0
215.0
221.0
216.0
351.0
636.0
890.0
920.0
937.0
887.0
899.8
931.8
901.8
902.8
744.8
516.76
429.76
305.76
289.76
215.0
262.86
228.0
248.0
226.0
195.0
249.0
223.0
214.0
407.0
682.0
870.0
910.0
939.0
843.0
922.0
886.08
917.0
892.0
771.0
509.0
394.0
322.0
278.0
282.0
224.43
215.5
229.0
236.0
248.0
205.0
237.0
205.0
385.0
642.0
906.0
926.0
957.0
855.0
887.0
932.0
923.0
852.0
740.0
494.0
351.0
307.68
268.68
248.0
224.43
215.5
211.0
222.0
196.0
220.0
209.5
196.0
336.24
605.24
837.72
879.72
899.72
822.72
854.0
859.24
819.24
812.24
691.24
455.0
304.0
264.0
222.0
214.0
224.43
206.5
199.0
188.0
201.0
194.0
186.0
199.0
193.0
216.0
272.0
301.0
317.0
260.52
325.52
305.0
330.16
305.16
275.16
255.5
239.0
228.0
187.0
217.0
208.94
196.0
200.0
204.0
182.0
192.0
196.0
182.0
195.0
213.0
221.0
242.0
239.0
250.0
251.0
251.0
251.0
244.0
275.0
241.0
241.0
206.0
205.0
207.0
208.94
203.0
187.0
196.0
189.0
210.0
182.0
187.0
351.0
607.52
863.52
928.52
927.52
864.52
906.52
898.0
898.0
875.0
745.0
448.0
396.0
329.0
281.0
221.0
224.43
206.0
211.0
208.0
196.0
224.0
191.0
226.0
326.0
590.0
869.0
888.0
939.0
841.04
884.04
879.84
869.84
851.84
756.84
507.84
373.84
340.0
261.0
233.0
224.43
236.0
207.0
209.0
217.0
193.0
221.0
192.0
344.0
588.0
830.0
875.0
917.0
817.0
869.0
856.0
855.0
838.0
713.0
453.0
366.0
329.0
281.0
236.0
224.43
225.0
205.0
205.0
215.0
201.0
211.0
211.0
345.0
593.0
830.0
848.0
895.0
790.0
834.0
813.0
791.0
735.0
609.0
397.0
306.0
282.0
248.0
226.0
224.43
198.5
198.0
205.5
193.5
199.5
201.0
180.5
200.0
209.5
226.0
238.0
238.5
241.0
239.0
248.0
245.5
253.04
242.0
236.0
231.0
209.0
226.0
186.0
208.94
201.0
196.0
207.0
205.0
207.0
201.0
180.5
205.0
206.0
231.0
234.0
238.0
232.0
227.0
245.0
240.0
240.0
209.0
217.0
231.0
206.0
214.0
194.0
208.94
193.0
205.0
194.0
204.5
201.5
206.0
179.0
192.0
220.0
261.0
267.5
287.56
263.0
265.0
282.0
272.0
283.0
251.0
220.0
237.0
233.0
210.0
201.0
208.94
201.0
198.0
208.0
215.0
203.0
187.0
218.0
351.0
620.0
946.0
938.56
975.56
902.0
947.0
956.0
957.0
932.0
807.0
596.0
483.0
358.0
272.0
225.0
224.43
206.0
222.0
218.0
211.0
226.0
202.0
202.0
387.0
660.0
914.0
951.0
989.0
917.0
955.0
938.0
928.0
935.0
796.0
528.0
444.0
368.0
280.0
234.0
224.43
210.0
236.0
201.0
214.0
227.0
202.0
236.0
369.0
629.0
942.0
956.0
990.0
892.0
944.0
919.0
920.56
925.56
807.0
548.0
395.0
346.0
295.0
255.0
224.43
214.0
203.0
220.0
202.0
198.0
220.0
207.0
382.0
641.0
917.0
939.0
997.0
903.0
964.0
940.0
931.0
928.0
793.0
543.0
447.0
357.0
266.0
247.0
224.43
200.0
218.0
204.0
214.0
200.0
219.0
209.0
384.0
643.0
938.0
982.0
1019.0
891.0
949.0
944.0
897.0
902.0
778.0
534.0
391.0
345.04
278.04
246.0
224.43
210.0
205.0
210.0
204.0
196.0
216.0
197.0
201.0
219.0
273.0
301.0
284.0
275.0
298.0
291.0
311.0
278.0
264.0
252.0
230.0
224.0
215.0
182.0
208.94
204.0
201.0
191.0
189.0
202.0
199.0
190.0
188.0
200.0
242.0
250.0
282.0
290.0
270.0
282.0
253.0
289.0
261.0
263.0
223.0
229.0
221.0
205.0
208.94
213.0
200.0
209.0
212.0
201.5
210.0
196.0
367.0
623.0
943.0
984.0
1033.0
943.0
987.0
993.0
958.0
963.0
839.0
538.0
426.0
334.0
263.0
226.0
224.43
217.0
200.0
200.0
210.0
203.0
206.0
211.0
358.0
630.0
944.0
973.0
1030.0
944.0
993.0
986.0
956.0
960.0
807.0
563.0
449.0
327.0
284.0
252.0
224.43
224.0
207.0
1000.0
918.0
983.12
980.0
977.0
961.0
817.0
585.0
470.0
374.0
323.0
291.0
256.91
247.0
245.0
235.0
243.0
248.0
221.0
254.0
351.0
702.0
919.0
994.0
1000.08
917.0
987.0
952.0
938.12
941.0
798.0
551.0
459.0
384.0
349.0
283.0
255.91000000000003
258.0
255.0
232.0
247.0
239.0
268.0
238.0
375.0
657.0
942.0
1014.0
1050.0
960.0
1018.0
985.08
972.0
933.12
821.0
551.0
427.0
357.0
293.0
265.0
255.91000000000003
247.0
220.0
250.0
233.0
229.0
227.0
245.0
377.0
676.0
986.0
990.0
1025.0
941.0
1004.0
984.0
985.0
964.0
843.0
577.0
438.0
377.0
354.0
283.0
255.91000000000003
249.0
253.0
255.0
252.0
253.0
250.0
237.0
381.0
697.0
1016.0
1023.0
1036.12
951.0
1038.0
1012.12
1025.0
963.0
819.0
544.0
408.0
362.0
304.0
271.0
254.91
221.0
246.0
227.0
248.0
229.0
233.0
226.0
238.0
224.0
278.0
294.12
274.0
290.0
276.0
290.0
270.0
317.0
299.0
288.0
259.0
234.0
284.32
297.44
282.32
265.32
270.32
268.32
269.32
254.32
270.32
255.32
202.5
306.32
269.32
287.32
279.32
297.32
285.32
274.32
290.32
293.32
240.5
309.32
250.32
329.32
296.32
256.32
223.09
295.32
264.32
266.32
284.32
270.32
289.32
268.32
385.32
571.32
667.32
978.32
848.32
808.32
746.32
1026.32
880.44
839.32
777.32
545.32
485.32
406.32
331.32
298.32
307.31
276.32
294.32
264.32
287.32
295.32
315.32
284.32
373.32
576.32
826.32
861.4
883.32
796.32
887.32
878.32
880.32
845.32
752.32
559.32
448.32
396.32
313.32
282.32
319.27
275.32
288.32
317.32
296.32
286.32
316.32
261.32
353.32
561.32
904.0
937.0
981.12
884.0
941.0
949.0
896.0
929.0
776.0
554.0
398.0
365.12
314.0
241.0
272.95
224.0
231.0
230.0
237.0
230.0
222.0
231.0
328.0
667.0
943.0
959.0
1010.0
903.0
967.12
975.0
942.0
926.0
834.0
562.0
458.0
443.0
356.0
291.0
261.93
261.0
257.0
245.0
261.0
258.0
232.0
238.0
366.0
660.08
956.0
952.0
994.0
909.12
964.0
955.0
944.0
893.12
708.0
487.0
359.0
306.0
258.0
250.0
270.89
212.0
220.0
184.0
184.0
197.0
205.0
191.0
167.0
211.0
194.0
183.0
193.0
202.0
158.0
178.0
187.0
189.0
182.0
208.0
200.0
183.0
193.0
192.0
223.09
187.0
173.0
183.0
210.0
181.0
180.0
174.0
190.0
224.5
233.0
220.0
227.0
230.0
223.0
235.0
228.0
250.0
231.0
235.0
223.0
205.0
199.0
193.0
223.09
202.0
195.0
182.0
185.0
184.0
202.0
165.0
312.0
618.0
930.0
992.0
1028.0
930.0
1008.0
980.0
976.0
961.0
859.0
591.0
456.0
360.0
271.12
255.0
270.89
234.0
210.0
226.0
242.0
221.0
208.0
218.0
355.0
643.0
972.12
978.2
1003.2
1023.2
974.2
1002.2
988.0
980.0
840.0
589.0
426.0
399.0
310.0
314.0
279.85
247.0
233.0
241.0
221.0
236.0
217.0
224.0
349.0
654.0
939.0
980.0
982.0
929.0
993.0
970.12
939.0
933.08
799.0
529.0
413.0
362.0
320.0
284.0
263.93
280.0
268.0
259.0
259.0
253.0
247.0
242.0
336.0
630.0
948.0
977.12
1050.0
955.0
969.08
990.0
967.0
958.0
844.0
594.0
433.0
386.0
286.0
312.32
288.67
261.0
255.0
241.0
255.0
235.0
232.0
219.0
359.0
622.0
938.12
1001.0
1005.0
972.0
1021.0
1001.0
945.0
945.0
806.12
542.0
373.0
330.0
289.0
265.0
249.84
209.0
193.0
230.0
213.0
232.0
212.0
209.0
192.0
238.0
254.0
257.0
261.0
228.0
238.0
266.0
285.0
268.0
281.0
277.0
285.0
252.0
239.0
230.0
223.09
215.0
219.5
220.5
229.0
207.0
236.0
198.0
237.0
205.0
226.0
256.0
260.0
250.0
260.0
263.0
245.0
262.0
256.0
237.0
253.0
237.0
260.0
226.0
223.09
224.0
205.0
219.0
220.0
231.0
216.0
207.0
372.0
643.0
969.0
995.11
896.0
827.0
863.0
857.08
836.0
799.0
696.0
561.0
404.12
303.0
269.0
267.0
249.885
232.0
220.0
242.0
208.0
233.0
209.0
222.0
364.0
677.0
967.0
1021.12
1017.0
929.0
1020.0
991.0
997.08
953.0
844.0
624.12
519.0
369.0
284.0
269.0
249.885
238.0
250.0
252.0
244.0
245.0
250.0
220.0
353.0
656.0
940.0
980.0
1005.0
915.0
973.0
979.0
978.0
928.0
827.0
574.0
470.0
366.0
298.0
265.0
249.93
244.0
242.0
250.0
240.0
223.0
237.0
231.0
356.0
638.0
909.0
981.0
986.0
894.12
935.0
906.0
911.0
888.0
796.0
585.0
456.0
381.0
327.0
268.0
247.92
244.0
262.0
246.0
233.0
224.0
238.0
239.0
369.0
631.0
917.0
956.12
957.12
889.0
941.0
939.0
925.12
921.0
775.0
541.0
474.0
406.0
277.0
243.0
249.925
229.0
246.0
211.0
243.0
215.0
231.0
205.0
217.0
244.0
250.0
286.0
282.0
297.0
272.0
275.0
296.0
277.0
256.0
278.0
233.0
249.0
212.0
209.0
223.09
207.0
207.0
217.0
213.0
212.0
226.0
219.0
231.0
217.0
229.0
204.0
232.0
227.0
209.0
228.0
249.0
239.0
232.0
242.0
248.0
231.0
198.0
215.0
223.09
211.0
216.0
204.0
226.0
219.0
201.0
211.0
358.0
648.0
938.0
1009.0
1007.0
944.0
964.0
1013.0
970.0
950.0
875.0
592.0
441.0
355.0
299.0
243.0
251.93
264.0
241.0
259.0
244.0
260.0
235.0
240.0
351.0
639.0
911.0
992.0
990.0
868.0
977.0
953.12
933.12
942.0
820.0
543.0
478.0
361.0
315.0
255.0
251.865
234.0
228.0
219.0
227.0
223.0
216.0
198.0
342.0
624.0
944.0
931.0
939.0
912.0
934.0
903.0
919.0
910.12
751.0
529.0
473.0
352.0
282.0
262.0
251.8
275.0
230.0
226.0
227.0
246.0
226.0
222.0
378.0
640.0
884.0
961.0
971.12
864.0
947.0
927.0
901.0
852.0
735.0
486.0
409.0
284.0
285.0
258.0
206.825
221.0
230.0
238.0
217.0
221.0
231.0
214.0
321.0
590.0
848.0
857.0
880.0
819.0
832.0
828.0
762.0
776.0
604.0
406.0
323.0
313.0
234.0
204.0
206.825
224.0
221.0
202.0
233.0
204.0
202.0
208.0
190.0
212.0
207.0
202.0
213.0
205.0
193.0
188.0
209.0
213.0
203.0
203.0
216.0
194.0
196.0
241.0
223.09
193.0
229.0
213.0
201.0
199.0
197.0
198.0
318.0
492.0
637.0
640.0
651.0
649.0
649.0
641.0
620.0
601.0
497.0
390.0
234.0
234.0
217.0
215.0
206.825
203.0
209.0
204.0
212.0
202.0
219.0
204.0
291.0
474.0
577.0
621.0
641.0
599.0
627.0
627.0
668.8
628.8
484.0
393.0
273.0
229.0
219.0
223.0
206.825
204.0
196.0
193.0
208.0
201.0
176.0
203.0
233.0
411.0
528.0
526.0
541.0
504.0
524.0
430.0
315.0
273.0
201.0
175.0
166.0
181.0
168.0
191.0
161.85
166.0
160.0
191.0
173.0
171.0
160.0
202.0
147.0
143.0
164.0
177.0
166.0
157.0
178.0
152.0
168.0
158.0
166.0
167.0
184.0
159.0
167.0
176.0
163.86
181.0
170.0
157.0
180.0
174.0
170.0
155.0
140.0
175.0
165.0
167.0
179.0
156.0
156.0
161.0
156.0
157.0
165.0
172.0
187.0
179.0
173.0
181.0
162.86
145.0
180.0
167.0
172.0
160.0
165.0
159.0
160.0
158.0
160.0
157.0
171.0
148.0
158.0
160.5
146.5
165.0
178.0
177.0
173.0
184.0
172.0
180.0
162.86
159.0
167.5
168.0
147.0
167.5
172.0
137.0
158.0
162.0
136.0
148.0
153.0
166.0
146.0
160.0
137.0
165.0
153.0
170.0
178.0
181.0
171.0
178.0
161.86
175.0
155.0
170.0
177.0
175.0
157.0
157.0
170.0
158.0
139.0
157.0
139.0
160.0
146.0
142.0
145.0
160.0
152.0
174.0
162.0
185.0
165.0
177.0
159.88
184.0
181.0
161.0
477.0
409.0
278.0
247.0
218.0
269.46500000000003
179.0
181.0
204.0
175.0
182.0
182.0
197.0
176.0
208.0
240.0
216.0
242.0
205.0
234.0
246.0
221.0
206.0
243.0
212.0
202.0
187.0
197.0
177.0
163.925
173.0
181.0
177.0
193.0
193.0
190.0
177.0
208.0
229.56
211.0
213.0
214.0
208.0
240.0
206.0
212.0
268.0
206.0
219.0
213.0
209.0
221.0
186.0
163.925
195.0
199.0
192.0
200.0
178.0
187.0
192.0
322.0
581.0
854.12
860.0
871.0
798.0
841.0
851.0
863.12
832.0
700.0
513.0
420.0
323.0
290.0
256.0
269.46500000000003
206.0
213.0
237.0
227.0
202.0
205.0
213.0
343.0
586.0
822.04
893.04
928.0
840.0
882.0
900.08
864.0
848.0
758.0
492.0
437.0
402.12
293.0
239.0
269.46500000000003
239.0
194.0
220.0
236.0
213.0
205.0
234.0
334.0
584.0
813.0
868.0
902.0
822.0
857.0
851.0
825.0
864.0
707.0
531.0
436.0
369.0
341.0
249.0
260.05
222.5
233.0
220.0
224.0
220.0
208.0
238.0
343.0
585.0
885.0
928.0
933.0
842.0
890.12
887.12
894.0
856.0
752.2
516.0
396.0
353.0
258.0
274.0
252.485
206.0
222.0
233.0
195.0
218.0
209.0
205.0
336.0
591.0
827.0
855.0
897.0
839.0
873.12
855.0
847.0
820.0
714.0
490.0
443.0
367.0
267.0
216.0
252.485
209.0
195.0
210.0
195.0
220.0
191.0
200.0
218.0
251.12
285.0
259.0
313.0
265.0
300.0
282.0
279.0
267.0
247.0
248.0
250.0
230.0
214.0
218.0
163.925
197.0
184.0
206.0
190.0
187.0
189.0
206.0
214.0
207.0
221.0
211.0
230.0
245.0
237.0
205.0
233.0
248.0
241.0
237.0
207.0
225.0
207.0
210.0
163.925
187.0
210.0
207.0
207.0
193.0
207.0
199.0
344.0
603.0
857.0
897.0
943.0
867.0
929.0
903.0
909.0
890.0
804.0
535.0
426.0
346.0
316.0
271.0
252.485
201.0
195.0
201.0
235.0
210.5
210.5
207.0
329.0
597.0
840.0
930.0
932.0
864.0
893.12
896.0
881.08
877.0
792.0
527.12
426.0
343.0
295.0
246.0
244.92
216.0
250.0
226.0
229.0
228.0
214.0
222.0
311.0
610.0
831.0
887.0
901.0
831.0
900.0
868.0
877.0
863.0
756.0
539.0
445.0
366.0
297.0
268.0
257.45
219.0
203.0
213.0
213.0
214.0
215.0
202.0
320.0
602.0
835.0
915.0
893.0
823.0
825.0
816.12
837.0
820.0
720.0
486.0
385.0
326.0
280.0
248.0
257.45
231.0
202.0
204.0
210.0
232.0
206.0
190.0
343.0
664.0
848.0
877.0
890.0
799.12
866.0
865.12
845.0
869.0
711.0
451.0
376.0
310.0
273.0
245.0
257.45
186.0
193.0
193.0
220.0
183.0
204.0
206.0
200.0
228.0
258.0
289.0
277.0
283.0
271.0
280.0
291.0
267.0
245.0
220.0
234.0
195.0
215.0
212.0
163.925
203.0
187.0
202.0
192.0
204.0
189.0
180.0
205.0
207.0
217.0
206.0
212.0
248.0
232.0
235.0
245.0
242.0
233.0
230.0
230.0
228.0
247.0
182.0
163.925
206.0
212.0
200.0
216.0
184.0
189.0
208.0
308.0
583.0
836.0
859.0
852.0
808.52
870.52
854.12
844.32
830.32
737.44
556.12
486.0
340.0
297.12
245.0
257.45
216.0
219.0
226.0
204.0
224.0
195.0
216.0
342.0
587.0
792.8
846.8
866.8
837.8
867.8
868.24
879.24
887.24
777.24
557.0
438.0
387.0
308.0
251.0
257.45
237.0
217.0
210.0
204.0
216.0
243.0
216.0
329.0
584.0
831.0
894.0
859.0
820.0
843.0
869.0
837.0
858.12
742.0
543.0
401.0
360.0
304.0
273.0
257.45
240.0
210.0
192.0
197.0
219.0
203.0
220.0
311.0
607.52
809.52
881.0
877.0
775.0
828.08
821.0
760.0
720.0
605.52
438.52
344.0
301.0
283.0
226.0
257.45
192.0
194.0
186.0
191.0
166.0
179.0
168.0
181.0
172.0
208.0
192.0
198.0
199.0
205.0
195.0
223.0
220.0
218.0
219.0
206.0
183.0
177.0
172.0
167.97
180.0
177.0
186.0
172.0
187.0
155.0
173.0
173.0
186.0
174.0
193.0
189.0
192.0
185.0
183.0
201.0
220.0
203.0
208.0
181.0
189.0
182.0
186.0
169.45499999999996
186.0
175.0
184.0
184.0
198.0
153.0
178.0
165.0
167.0
174.0
207.0
171.0
201.0
189.0
193.0
185.0
198.0
186.0
212.0
205.5
197.0
191.0
193.0
170.94
188.0
179.0
195.0
178.0
170.0
192.0
183.0
309.0
588.0
857.0
873.0
901.0
821.0
891.0
884.0
893.2
877.0
761.0
559.0
428.0
371.0
290.08
258.0
257.45
216.0
210.0
222.0
200.0
214.0
229.0
204.0
334.0
603.0
843.0
903.12
933.0
830.0
878.0
896.0
891.0
866.0
780.0
526.0
433.12
351.0
297.0
258.0
257.45
192.0
210.0
210.0
220.0
202.0
192.0
224.0
331.0
609.0
853.0
899.12
912.0
835.0
865.0
898.0
900.0
860.0
734.0
550.0
418.0
336.0
279.0
226.0
257.45
211.0
220.0
209.0
214.0
198.0
191.0
223.0
326.0
633.0
862.0
866.0
888.0
822.0
867.0
915.12
898.0
858.0
761.0
510.0
423.0
377.12
321.0
234.0
269.98
216.0
218.5
200.0
199.5
254.61
250.61
211.5
316.24
571.41
738.17
879.08
913.08
825.08
864.08
893.6
864.6
861.6
717.6
487.6
402.6
329.6
282.6
237.0
260.42
199.0
207.0
199.0
220.0
213.0
233.0
196.0
207.0
229.0
277.0
281.0
280.0
264.0
275.0
324.0
285.0
288.0
239.0
251.0
205.5
239.0
216.0
226.0
175.41
199.0
208.0
201.0
189.0
204.0
198.0
185.0
195.0
183.0
192.0
227.0
238.0
234.0
249.0
219.0
225.0
228.0
220.0
226.0
230.0
238.0
227.0
190.0
175.41
216.0
217.0
191.0
185.0
215.0
188.0
200.0
325.0
612.0
898.0
896.0
940.0
860.0
927.0
932.0
917.0
923.0
760.08
568.0
495.0
385.0
278.0
239.0
260.42
221.0
249.0
208.0
222.0
207.0
212.0
222.0
327.0
598.0
861.0
904.0
909.12
817.0
923.0
890.0
895.0
898.0
735.12
560.0
410.0
352.0
300.0
241.0
260.42
226.0
224.0
211.0
219.0
211.0
212.0
215.0
326.0
600.0
860.0
872.0
915.0
823.0
882.0
928.0
855.0
871.12
741.0
542.0
384.0
349.0
280.0
246.0
260.42
224.0
203.0
211.0
215.0
222.0
191.0
236.0
344.0
609.0
855.0
881.0
930.0
853.0
905.0
889.0
915.0
836.0
714.0
572.0
460.12
367.0
272.0
241.0
260.42
229.0
226.0
214.0
232.0
206.0
186.0
219.0
365.0
587.0
850.0
884.08
923.0
824.0
861.0
879.0
878.0
868.0
722.0
536.0
379.0
374.0
278.0
275.0
260.42
212.0
228.0
209.0
217.0
209.0
232.0
210.0
214.0
259.0
298.0
297.0
362.0
272.0
306.04
290.04
297.0
301.0
276.0
220.0
221.0
230.0
193.0
212.0
175.41
180.0
204.0
216.0
186.0
202.0
211.0
196.0
187.0
221.0
257.0
260.0
285.0
249.0
256.0
289.52
260.52
286.0
253.0
234.0
252.0
221.0
213.0
238.0
175.41
186.0
216.0
206.0
193.0
207.0
182.0
188.0
359.0
596.0
930.12
909.12
960.0
840.0
913.0
918.0
922.0
882.0
763.0
530.0
432.0
329.0
294.0
238.0
250.86
225.0
223.0
233.0
211.0
224.0
221.0
229.0
339.0
647.0
874.0
900.0
918.0
828.0
907.0
923.0
888.0
879.0
764.0
526.0
442.0
396.0
310.12
234.0
250.335
213.0
237.0
248.0
211.0
230.0
202.0
242.0
351.0
619.0
881.0
895.0
942.0
802.0
902.0
893.0
876.08
861.0
771.0
575.0
457.0
370.0
286.0
254.0
250.335
209.0
218.0
208.0
228.0
220.0
202.0
244.0
325.0
666.68
834.68
884.0
906.0
831.0
899.0
895.0
891.12
851.0
781.0
555.0
447.0
368.0
315.0
264.0
250.335
216.0
236.0
201.0
230.0
186.0
237.0
212.0
337.0
621.0
840.12
620.0
946.0
938.56
975.56
902.0
947.0
956.0
957.0
932.0
807.0
596.0
483.0
358.0
272.0
225.0
224.43
206.0
222.0
218.0
211.0
226.0
202.0
202.0
387.0
660.0
914.0
951.0
989.0
917.0
955.0
938.0
928.0
935.0
796.0
528.0
444.0
368.0
280.0
234.0
224.43
210.0
236.0
201.0
214.0
227.0
202.0
236.0
369.0
629.0
942.0
956.0
990.0
892.0
944.0
919.0
920.56
925.56
807.0
548.0
395.0
346.0
295.0
255.0
224.43
214.0
203.0
220.0
202.0
198.0
220.0
207.0
382.0
641.0
917.0
939.0
997.0
903.0
964.0
940.0
931.0
928.0
793.0
543.0
447.0
357.0
266.0
247.0
224.43
200.0
218.0
204.0
214.0
200.0
219.0
209.0
384.0
643.0
938.0
982.0
1019.0
891.0
949.0
944.0
897.0
902.0
778.0
534.0
391.0
345.04
278.04
246.0
224.43
210.0
205.0
210.0
204.0
196.0
216.0
197.0
201.0
219.0
273.0
301.0
284.0
275.0
298.0
291.0
311.0
278.0
264.0
252.0
230.0
224.0
215.0
182.0
208.94
204.0
201.0
191.0
189.0
202.0
199.0
190.0
188.0
200.0
242.0
250.0
282.0
290.0
270.0
282.0
253.0
289.0
261.0
263.0
223.0
229.0
221.0
205.0
208.94
213.0
200.0
209.0
212.0
201.5
210.0
196.0
367.0
623.0
943.0
984.0
1033.0
943.0
987.0
993.0
958.0
963.0
839.0
538.0
426.0
334.0
263.0
226.0
224.43
217.0
200.0
200.0
210.0
203.0
206.0
211.0
358.0
630.0
944.0
973.0
1030.0
944.0
993.0
986.0
956.0
960.0
807.0
563.0
449.0
327.0
284.0
252.0
224.43
224.0
207.0
196.0
226.0
202.0
203.0
225.0
360.0
647.0
933.0
954.0
1032.56
934.56
990.0
969.0
961.0
933.0
838.0
531.0
427.0
350.0
293.0
257.0
224.43
236.0
200.0
218.0
229.0
207.0
222.0
236.0
367.0
649.0
943.0
999.0
1041.0
942.0
962.0
957.0
927.0
949.0
786.0
564.0
457.0
362.0
272.0
249.0
224.43
215.0
207.0
207.0
211.0
202.0
213.0
206.0
369.0
650.0
925.0
978.0
1015.0
927.0
953.0
925.0
910.0
850.0
658.0
433.0
378.0
304.0
258.0
235.0
224.43
206.0
218.0
215.0
203.0
216.0
199.0
208.0
203.0
230.0
310.0
315.0
333.0
289.0
340.0
341.0
331.0
349.0
326.0
285.0
277.0
244.0
231.0
196.0
208.94
194.0
210.0
223.0
194.0
225.0
197.0
198.0
210.0
211.0
245.0
264.0
283.0
278.0
265.0
268.0
280.0
263.0
257.0
270.0
261.0
230.0
225.0
218.0
208.94
215.0
204.0
208.0
201.0
213.0
202.0
229.0
369.0
625.0
966.0
1004.0
1026.0
949.0
1001.0
956.0
970.0
945.0
826.0
594.0
445.0
364.0
294.0
236.0
224.43
228.0
213.0
221.0
219.0
213.0
214.0
240.0
381.0
638.0
945.0
950.0
994.0
910.0
988.0
992.0
971.0
946.0
825.0
556.0
466.0
388.0
293.0
273.0
224.43
224.0
235.0
202.0
229.0
200.0
222.0
235.0
383.0
620.0
939.0
965.0
1012.0
911.0
986.0
964.0
961.0
939.0
808.0
523.0
409.0
347.0
319.0
282.0
224.43
245.0
234.0
207.0
225.0
226.0
234.0
236.0
421.04
629.04
941.0
980.0
1030.0
940.0
921.0
950.0
933.0
916.0
764.0
600.0
486.0
381.0
305.0
242.0
224.43
207.0
218.0
212.0
221.0
207.0
199.0
239.0
388.0
640.0
948.0
944.0
989.0
887.0
938.0
932.0
921.0
899.0
737.0
496.0
401.0
353.0
268.0
229.0
224.43
216.0
204.0
218.0
214.0
197.0
216.0
204.0
198.0
266.0
339.56
361.56
362.0
323.0
342.0
357.0
354.0
358.0
327.0
264.0
243.0
237.0
234.0
220.0
208.94
215.0
213.0
219.0
208.0
213.0
192.0
217.0
201.0
242.0
341.0
330.0
378.0
324.0
352.0
366.0
345.0
355.0
361.0
280.0
252.0
227.0
202.0
173.0
208.94
176.0
178.0
211.0
212.0
171.0
188.0
193.0
352.0
545.0
960.0
1004.0
1040.0
926.0
975.0
973.0
982.0
965.0
856.0
619.0
463.0
315.0
261.0
250.0
224.43
201.0
207.0
210.0
203.0
205.0
202.0
229.0
372.0
654.0
879.0
975.0
997.0
920.0
937.0
930.0
925.0
904.0
742.0
486.0
422.0
342.0
269.0
236.0
224.43
202.0
205.0
208.0
202.0
207.0
198.0
229.0
349.0
657.0
946.0
999.0
1030.0
908.0
966.0
971.0
955.0
949.0
785.0
526.0
407.0
337.0
267.0
221.0
224.43
200.0
213.0
203.0
203.0
220.0
205.0
233.0
347.0
639.0
917.0
982.0
1005.0
899.0
958.0
921.0
938.0
907.0
759.0
470.0
376.0
340.0
299.0
245.0
224.43
223.0
231.0
222.0
204.0
233.0
217.0
225.0
387.0
625.0
941.0
877.0
866.0
825.0
831.0
821.0
805.0
781.0
631.0
493.0
396.0
276.0
251.0
247.0
224.43
227.0
215.0
220.0
202.0
213.0
214.0
207.0
207.0
296.0
393.0
394.0
405.0
354.0
392.0
400.0
402.0
374.0
337.0
246.0
230.0
224.0
214.0
201.0
208.94
183.0
199.0
178.0
186.0
174.0
186.0
172.0
195.0
224.0
329.56
345.56
347.0
338.0
344.0
323.0
322.0
335.0
269.0
241.0
238.0
221.0
213.0
210.0
208.94
206.0
190.0
196.0
196.0
204.0
196.0
232.0
343.0
717.0
849.0
869.0
918.0
859.0
872.0
872.0
858.0
851.0
706.0
480.0
352.0
301.0
277.0
235.0
224.43
203.0
184.0
196.0
188.0
202.0
190.0
209.0
373.0
565.0
829.0
839.0
879.0
842.0
836.0
799.0
824.0
766.0
650.0
448.0
325.0
291.0
266.0
235.0
224.43
235.0
221.0
227.0
209.0
236.0
209.0
249.0
368.0
586.0
766.0
790.0
835.0
799.0
798.0
784.0
781.0
737.0
570.0
414.0
323.0
289.0
258.0
261.0
224.43
220.0
208.0
228.0
205.0
218.0
226.0
218.0
377.0
557.0
739.04
753.04
763.0
738.0
704.0
670.0
682.0
649.0
534.0
376.0
293.0
232.0
217.0
230.0
224.43
205.0
195.0
217.0
197.0
218.0
188.0
216.0
327.0
492.0
612.0
657.0
659.0
656.0
645.0
608.0
578.0
561.0
469.0
332.0
283.0
200.0
192.0
183.0
224.43
189.0
177.0
206.0
189.0
196.0
185.0
189.0
291.0
388.0
502.0
489.0
469.0
449.0
371.0
302.0
218.0
194.0
164.0
172.0
162.0
168.0
167.0
156.0
224.43
161.0
160.0
161.0
170.0
161.0
161.0
152.0
161.0
142.0
150.0
150.0
146.0
164.0
148.0
153.0
152.0
150.0
143.0
180.0
161.0
173.0
159.0
155.0
208.94
144.56
160.56
161.0
170.0
162.0
158.0
152.0
151.0
136.6
148.6
155.0
164.0
153.0
147.0
154.0
141.0
161.0
158.0
172.0
150.0
168.0
167.0
147.0
158.83
175.0
149.0
165.0
160.0
157.0
166.0
148.0
141.0
158.0
155.0
139.0
148.0
160.0
164.0
155.04
152.04
157.0
168.0
158.0
166.0
152.0
181.0
155.0
161.81
149.0
181.0
156.0
150.0
170.0
167.0
143.0
153.0
149.0
180.0
143.0
159.0
154.0
168.0
156.0
154.0
165.0
150.0
158.0
162.0
165.0
156.0
165.0
147.81
156.0
155.0
173.0
156.0
156.0
158.0
148.0
155.0
147.0
160.0
166.0
146.0
159.5
153.0
153.0
164.0
153.0
166.0
161.0
159.0
163.0
156.0
156.0
173.88
157.0
153.0
173.0
145.0
170.0
153.0
154.0
170.0
139.0
166.0
145.0
148.0
165.0
152.0
207.28
165.0
156.0
155.0
160.0
177.0
161.0
157.0
157.0
165.89
154.0
170.0
148.0
166.0
154.56
158.56
144.0
155.0
161.0
158.0
140.0
156.0
216.0
157.0
207.28
167.0
179.0
168.0
175.0
181.0
164.0
171.0
172.0
151.85
173.0
159.0
158.0
165.0
158.0
160.04
168.04
280.0
483.0
608.0
636.0
659.0
659.0
625.0
617.0
596.0
558.52
466.52
291.0
263.56
213.0
221.0
183.5
224.43
