-93.0
-550.0
-97.0
-360.0
-100.0
-120.0
-88.0
-258.0
-4.0
-679.0
-241.0
-610.0
-704.0
-66.0
-17.0
-360.0
-516.0
-40.0
-229.0
-585.0
-525.6800000000001
-483.0
-691.0
-779.0
-705.0
-463.0
-92.0
-227.0
-495.88
-63.0
-162.0
-444.0
-478.0
-40.0
-318.0
-43.0
-70.0
-34.0
-30.0
-168.0
-187.0
-41.0
-40.0
-526.0
-361.68
-382.0
-595.0
-87.0
-738.0
-41.0
-78.0
-300.0
-127.0
-365.0
-152.0
-497.08000000000004
-215.0
-18.879999999999995
-6.0
-12.0
-39.0
-670.0
-57.0
-209.0
-487.0
-98.0
-29.0
-107.0
-361.68
-492.0
-668.0
-373.0
-262.0
-89.0
-101.0
-640.0
-508.0
-365.0
-133.96000000000004
-454.03999999999996
-21.0
-694.0
-314.0
-47.0
-667.0
-85.0
-171.0
-178.0
-530.0
-18.0
-72.0
-29.0
-361.68
-487.0
-670.0
-791.0
-90.0
-467.0
-817.0
-667.0
-103.0
-691.0
-537.0
-733.0
-50.0
-17.0
-660.0
-634.0
-642.0
-758.0
-284.0
-592.0
-451.0
-66.0
-586.0
-356.0
-481.5
-426.0
-224.0
-511.0
-573.0
-40.0
-8.0
-15.0
-480.0
-762.0
-735.0
-742.0
-140.0
-550.0
-443.0
-421.0
-110.0
-102.0
-775.0
-553.0
-104.0
-546.0
-84.0
-544.0
-559.5
-315.0
-566.0
-101.0
-199.0
-726.0
-566.0
-56.0
-200.0
-109.0
-102.0
-471.0
-506.0
-178.0
-213.0
-211.0
-182.0
-142.0
-214.0
-393.0
-209.0
-10.0
-587.0
-572.0
-106.68
-130.0
-452.0
-513.0
-80.0
-64.0
-525.0
-640.0
-540.0
-412.0
-492.0
-461.0
-109.0
-126.0
-699.0
-49.0
-37.0
-694.0
-384.0
-339.0
-516.0
-137.0
-630.0
-74.0
-525.6800000000001
-299.0
-570.0
-382.0
-720.0
-610.0
-135.0
-527.0
-546.0
-261.0
-82.0
-410.0
-10.0
-688.0
-220.0
-83.0
-267.0
-46.0
-14.0
-419.0
-128.0
-722.0
-23.0
-547.0
-672.6800000000001
-686.0
-474.0
-98.0
-34.0
-628.0
-310.0
-672.0
-169.0
-400.0
-91.0
-430.0
-498.0
-26.0
-0.0
-61.0
-408.0
-103.0
-5.0
-390.0
-126.0
-340.0
-22.0
-533.0
-200.18
-480.0
-98.0
-107.0
-101.0
-8.0
-382.0
-625.0
-547.0
-304.0
-745.0
-432.0
-4.0
-145.0
-280.0
-153.0
-28.0
-146.0
-97.0
-360.0
-107.0
-619.0
-45.920000000000016
-535.5
-309.525
-472.0
-397.0
-116.0
-96.0
-74.0
-757.0
-623.0
-624.0
-814.0
-20.0
-26.0
-44.0
-644.0
-26.0
-625.0
-572.0
-145.88
-373.0
-432.0
-433.0
-61.0
-321.0
-149.0
-532.5
-65.0
-327.0
-224.0
-468.0
-570.0
-343.0
-158.0
-676.0
-845.0
-741.0
-538.0
-44.0
-795.0
-751.0
-406.0
-544.0
-121.0
-114.0
-129.0
-509.0
-111.0
-111.0
-555.0
-86.5
-688.0
-592.0
-465.0
-235.0
-753.0
-185.0
-385.0
-188.0
-297.0
-1.0
-718.0
-122.0
-617.0
-213.0
-202.0
-218.0
-41.0
-184.0
-368.0
-227.0
-28.0
-486.0
-7.0
-360.525
-473.0
-823.0
-700.0
-539.5
-92.0
-94.5
-26.0
-551.96
-373.0
-154.0
-469.0
-496.0
-128.0
-400.0
-738.0
-50.0
-52.0
-468.0
-124.0
-226.0
-566.0
-107.0
-527.0
-314.87
-473.0
-458.0
-113.0
-24.0
-589.0
-718.0
-629.0
-525.0
-309.0
-85.67999999999995
-554.44
-204.32000000000005
-204.0
-708.0
-27.0
-257.55999999999995
-49.440000000000055
-395.08000000000004
-405.08000000000004
-511.96
-12.439999999999998
-422.56
-557.0
-507.195
-482.0
-776.0
-842.0
-292.0
-598.0
-603.0
-313.0
-394.0
-171.0
-31.0
-463.0
-538.0
-416.0
-661.0
-40.0
-183.0
-51.0
-101.0
-118.0
-595.0
-68.0
-54.0
-122.0
-55.19499999999999
-455.24
-43.0
-90.5
-110.5
-390.5
-74.0
-307.0
-687.0
-289.0
-53.0
-97.0
-537.0
-431.0
-323.0
-49.0
-15.0
-57.0
-144.0
-203.0
-100.0
-24.0
-704.0
-511.0
-343.195
-317.0
-394.5
-98.5
-801.5
-102.0
-101.5
-651.0
-648.0
-722.74
-597.0799999999999
-584.0799999999999
-8.920000000000016
-31.080000000000013
-118.98000000000002
-677.0799999999999
-687.0799999999999
-340.08
-620.08
-114.91999999999999
-392.78
-76.5
-371.5
-111.5
-324.5
-286.0
-692.5
-569.5
-635.5
-573.0
-166.5
-598.0
-109.0
-468.74
-180.77999999999997
-226.56
-2.5600000000000023
-158.95999999999998
-113.01999999999998
-135.44
-61.01999999999998
-415.56
-157.95999999999998
-401.56
-786.56
-557.5
-428.5
-413.5
-488.5
-531.24
-218.0
-210.5
-262.5
-79.5
-547.5
-32.5
-370.08
-336.08000000000004
-627.92
-9.080000000000041
-44.91999999999996
-184.91999999999996
-219.91999999999996
-246.91999999999996
-727.92
-176.91999999999996
-41.91999999999996
-320.91999999999996
-166.07999999999998
-17.079999999999984
-635.0799999999999
-605.0
-507.195
-95.24000000000001
-507.0
-303.0
-116.0
-135.0
-58.0
-130.0
-485.0
-358.0
-640.08
-778.84
-53.27999999999997
-429.28
-367.76
-708.0
-214.0
-46.0
-25.32000000000005
-181.67999999999995
-8.680000000000007
-502.0
-17.0
-343.0
-606.1949999999999
-455.24
-166.44
-95.06
-75.56
-508.56
-65.56
-756.3199999999999
-19.120000000000005
-337.12
-96.12
-464.88
-282.88
-706.36
-336.49
-99.88
-115.11000000000001
-73.12
-68.88
-127.11000000000001
-20.399999999999977
-17.600000000000023
-39.610000000000014
-105.60000000000002
-319.52
-110.51999999999998
-346.78
-68.06
-75.56
-78.56
-65.56
-382.12
-492.44
-265.4
-339.79999999999995
-67.20000000000005
-104.79999999999995
-181.20000000000005
-275.79999999999995
-309.79999999999995
-73.20000000000005
-94.20000000000005
-23.799999999999955
-131.20000000000005
-555.2
-96.80000000000001
-605.2
-110.80000000000001
-277.93
-449.72
-446.12
-126.88
-120.88
-620.12
-52.120000000000005
-81.12
-479.12
-46.120000000000005
-132.12
-388.88
-445.28
-331.28
-441.28
-147.27999999999997
-90.72000000000003
-469.88
-11.919999999999959
-239.24
-487.24
-32.75999999999999
-375.92
-483.12
-356.11
-495.0
-703.5
-402.5
-108.5
-102.0
-347.5
-261.0
-648.0
-695.48
-656.48
-537.48
-88.0
-35.0
-50.04000000000002
-614.96
-586.96
-609.96
-116.0
-29.0
-649.0
-430.0
-99.0
-90.0
-668.5
-571.0
-713.5
-569.5
-727.5
-573.0
-435.5
-124.0
-125.0
-170.24
-128.24
-301.44
-662.44
-665.44
-162.56
-12.560000000000002
-11.439999999999998
-17.560000000000002
-747.44
-119.0
-405.0
-425.0
-93.0
-109.5
-559.5
-170.27999999999997
-88.07999999999998
-144.04000000000002
-504.04
-500.04
-480.04
-516.04
-34.95999999999998
-196.03999999999996
-398.96000000000004
-44.960000000000036
-43.039999999999964
-376.96000000000004
-174.96000000000004
-622.96
-219.03999999999996
-90.96000000000004
-98.96000000000004
-110.03999999999996
-313.96000000000004
-135.95999999999998
-25.95999999999998
-439.04
-354.14
-430.14
-364.0
-348.52
-289.52
-59.02000000000001
-54.02000000000001
-146.52
-22.0
-404.0
-111.0
-477.0
-506.0
-773.0
-283.0
-19.0
-146.0
-87.0
-553.0
-153.0
-87.0
-114.0
-35.0
-55.0
-320.56
-321.0
-701.0
-81.0
-128.0
-639.0
-102.0
-505.0
-665.0
-348.0
-132.0
-461.0
-509.0
-134.0
-634.0
-8.0
-745.0
-137.0
-137.0
-485.0
-204.0
-51.0
-416.0
-522.0
-337.56
-436.0
-683.0
-89.0
-303.0
-722.0
-815.0
-447.0
-649.0
-347.0
-117.0
-455.0
-639.0
-715.0
-308.0
-43.0
-501.0
-85.0
-17.0
-239.0
-524.0
-197.48000000000002
-136.48000000000002
-149.0
-533.98
-465.5
-686.0
-76.0
-131.0
-91.5
-97.0
-101.75999999999999
-148.0
-138.0
-392.0
-438.0
-354.0
-674.0
-342.0
-25.0
-80.0
-280.76
-15.240000000000009
-251.24
-45.75999999999999
-181.48000000000002
-421.48
-544.0
-523.04
-496.0
-15.0
-412.0
-358.0
-759.0
-47.0
-671.0
-325.0
-748.0
-103.0
-627.0
-580.0
-54.0
-49.0
-709.0
-127.0
-730.0
-818.0
-63.0
-110.0
-100.0
-393.0
-61.0
-369.5
-333.0
-73.0
-570.0
-579.0
-139.0
-697.0
-61.0
-274.0
-477.0
-468.0
-460.0
-483.0
-399.0
-468.0
-419.0
-383.0
-146.0
-616.0
-737.0
-395.0
-414.0
-126.0
-76.0
-84.5
-104.0
-810.0
-430.0
-369.0
-866.0
-718.0
-577.0
-85.0
-502.0
-521.0
-789.0
-309.0
-636.0
-412.0
-105.0
-166.0
-139.0
-17.0
-231.0
-117.0
-196.0
-131.0
-488.0
-429.1
-222.72000000000003
-292.28
-483.72
-491.72
-311.28
-477.72
-119.27999999999997
-172.27999999999997
-358.72
-29.279999999999973
-1.2799999999999727
-167.27999999999997
-160.27999999999997
-172.72000000000003
-368.72
-167.27999999999997
-45.72000000000003
-112.27999999999997
-294.28
-314.0
-4.0
-247.0
-254.0
-49.620000000000005
-500.0
-86.0
-137.0
-84.0
-85.0
-824.0
-609.0
-481.0
-352.0
-380.0
-130.0
-475.0
-640.0
-9.0
-416.0
-672.0
-548.0
-5.0
-260.0
-298.0
-57.0
-102.0
-393.0
-622.62
-229.0
-565.0
-364.0
-91.0
-419.0
-99.0
-428.0
-559.0
-350.0
-38.0
-23.0
-391.0
-720.0
-367.0
-25.0
-148.0
-57.0
-24.0
-232.0
-239.0
-38.0
-399.0
-508.84
-77.38
-482.0
-526.0
-84.0
-57.0
-765.0
-22.0
-661.0
-492.0
-396.0
-99.0
-426.0
-449.0
-668.0
-230.0
-64.0
-105.0
-67.88
-4.0
-361.0
-76.0
-62.0
-422.0
-554.0
-17.379999999999995
-465.0
-673.0
-89.0
-92.0
-713.0
-98.0
-639.0
-677.0
-743.0
-616.0
-642.0
-362.0
-439.0
-513.0
-730.0
-732.0
-33.0
-85.0
-44.0
-427.0
-100.0
-414.0
-412.0
-86.5
-303.0
-100.0
-215.0
-652.0
-546.0
-6.0
-25.0
-576.0
-286.0
-95.0
-78.0
-271.0
-93.0
-807.0
-405.0
-107.0
-501.0
-121.0
-717.0
-72.0
-120.0
-784.0
-857.0
-246.95
-345.5
-94.0
-583.0
-541.0
-673.0
-109.0
-564.0
-190.0
-87.0
-119.0
-502.0
-582.0
-73.0
-672.0
-552.0
-758.0
-160.0
-68.08000000000004
-473.0
-38.0
-496.0
-36.0
-37.0
-228.0
-617.0
-485.0
-467.0
-33.860000000000014
-648.0
-40.0
-151.0
-50.0
-674.0
-40.0
-25.0
-10.0
-484.0
-703.0
-136.0
-751.0
-126.0
-152.0
-31.0
-26.0
-27.0
-35.0
-127.0
-265.0
-149.0
-181.0
-51.0
-754.14
-872.0
-50.0
-603.0
-42.0
-30.0
-35.0
-868.0
-631.0
-433.0
-30.0
-27.0
-483.0
-480.0
-28.0
-683.5
-725.5
-35.0
-48.0
-48.0
-621.0
-343.0
-21.0
-662.0
-32.860000000000014
-29.0
-175.5
-456.0
-17.0
-484.5
-714.0
-38.0
-28.0
-32.0
-820.0
-710.0
-84.0
-401.0
-16.0
-30.0
-489.0
-35.0
-23.0
-656.0
-490.0
-51.0
-857.0
-592.0
-31.860000000000014
-45.0
-786.0
-484.0
-551.0
-63.0
-27.0
-619.0
-592.0
-54.0
-835.0
-13.0
-14.0
-30.0
-657.0
-111.0
-637.0
-30.0
-22.0
-520.0
-32.0
-55.0
-35.0
-47.0
-29.879999999999995
-497.0
-648.0
-6.0
-65.0
-372.0
-40.0
-510.0
-16.0
-593.0
-618.0
-605.5
-324.0
-606.0
-493.0
-895.0
-569.0
-25.0
-51.0
-490.0
-47.0
-44.0
-41.0
-599.0
-365.075
-685.0
-41.0
-457.0
-77.0
-731.0
-648.0
-42.0
-28.0
-416.0
-574.0
-54.0
-433.0
-475.0
-45.0
-54.0
-686.0
-363.0
-30.0
-736.0
-742.0
-186.0
-460.0
-43.0
-612.075
-34.0
-60.0
-22.0
-55.0
-600.0
-30.0
-49.0
-379.0
-378.0
-518.0
-228.0
-301.0
-240.0
-13.0
-403.0
-214.0
-409.0
-545.0
-297.0
-285.0
-464.0
-534.0
-548.0
-563.9649999999999
-697.0
-407.0
-705.0
-62.0
-409.0
-715.0
-672.0
-636.0
-265.0
-119.0
-399.0
-156.0
-146.0
-110.88
-140.0
-133.0
-135.0
-311.0
-240.0
-46.0
-17.0
-88.0
-554.0
-563.9649999999999
-731.0
-697.0
-94.0
-346.0
-686.0
-434.0
-294.0
-534.0
-340.0
-445.0
-402.0
-622.0
-74.0
-183.0
-53.0
-465.0
-78.0
-1.0
-462.0
-594.0
-27.0
-17.0
-675.0
-563.9649999999999
-713.0
-545.0
-431.0
-88.0
-76.0
-264.0
-639.0
-511.0
-343.0
-147.88
-456.0
-398.0
-662.0
-311.0
-106.0
-86.0
-134.0
-180.0
-541.0
-2.0
-202.0
-46.0
-553.0
-433.965
-709.0
-97.0
-25.0
-213.0
-76.0
-470.0
-681.0
-665.0
-745.0
-674.0
-655.0
-408.0
-408.0
-582.0
-737.0
-744.0
-776.16
-105.0
-766.0
-453.0
-402.0
-426.0
-68.0
-612.075
-449.0
-818.0
-70.0
-394.0
-110.0
-81.5
-19.0
-714.0
-563.16
-131.15999999999997
-128.15999999999997
-555.16
-656.16
-299.28
-154.15999999999997
-188.15999999999997
-187.15999999999997
-75.15999999999997
-287.84000000000003
-200.83999999999997
-53.160000000000025
-612.8399999999999
-246.0
-563.9649999999999
-471.0
-47.0
-74.0
-666.0
-710.0
-25.0
-709.0
-125.0
-286.0
-757.0
-694.0
-545.0
-667.08
-313.0
-24.0
-598.0
-123.0
-99.0
-180.0
-462.92
-47.0
-406.0
-92.0
-529.9649999999999
-252.0
-688.0
-56.0
-100.0
-187.0
-85.0
-75.0
-480.36
-307.36
-3.240000000000009
-501.12
-788.68
-690.56
-62.0
-422.52
-433.52
-19.960000000000036
-659.04
-75.55999999999995
-316.56
-294.0
-524.0
-479.0
-186.96499999999997
-463.5
-267.0
-17.5
-685.5
-735.0
-81.0
-709.0
-505.3
-225.83000000000004
-110.70000000000005
-539.68
-542.92
-221.91999999999996
-436.91999999999996
-5.039999999999964
-9.080000000000041
-256.91999999999996
-26.91999999999996
-398.91999999999996
-344.08
-64.92000000000002
-1.920000000000016
-454.0
-679.9649999999999
-763.5
-676.0
-385.5
-94.5
-797.0
-77.0
-85.0
-444.0
-156.0
-67.0
-31.0
-543.0
-778.12
-460.67999999999995
-741.68
-70.67999999999995
-1.1599999999999682
-54.72000000000003
-219.79999999999995
-540.8
-33.19999999999999
-125.0
-367.0
-563.9649999999999
-504.5
-4.0
-764.0
-93.0
-104.0
-92.0
-650.0
-656.0
-161.0
-598.0
-139.0
-18.0
-43.96000000000001
-22.95999999999998
-692.48
-183.48000000000002
-755.3199999999999
-74.0
-23.319999999999993
-427.5
-94.0
-98.0
-317.0
-612.075
-437.0
-54.0
-763.0
-120.0
-249.0
-566.0
-72.0
-79.0
-28.0
-86.0
-597.0
-727.0
-708.0
-364.24
-122.25999999999999
-544.24
-620.24
-124.0
-201.0
-300.0
-549.0
-426.0
-201.0
-612.075
-430.0
-425.0
-203.0
-156.0
-344.0
-371.0
-558.0
-371.0
-471.0
-496.0
-97.08000000000004
-341.0
-238.0
-650.0
-748.0
-232.0
-204.12
-48.0
-402.0
-118.0
-172.0
-19.0
-159.0
-563.9649999999999
-451.15999999999997
-231.0
-371.24
-310.28
-664.0
-765.0
-145.0
-599.0
-181.0
-337.0
-434.0
-213.0
-47.0
-414.12
-17.120000000000005
-34.0
-18.0
-72.0
-188.67999999999995
-143.83999999999997
-40.839999999999975
-574.0
-501.0
-172.77999999999997
-709.3199999999999
-456.0
-43.52000000000001
-78.0
-59.0
-96.0
-226.0
-433.64
-291.52
-40.200000000000045
-499.48
-543.6
-662.68
-777.0
-144.84000000000003
-13.279999999999973
-141.88
-168.88
-181.12
-241.0
-83.0
-734.0
-473.0
-125.84500000000003
-453.15999999999997
-414.0
-522.24
-72.5
-360.5
-70.0
-477.0
-155.0
-124.27999999999997
-24.279999999999973
-480.03999999999996
-495.03999999999996
-282.03999999999996
-354.03999999999996
-33.960000000000036
-58.960000000000036
-33.960000000000036
-115.96000000000004
-283.03999999999996
-306.96
-196.04000000000002
-17.04000000000002
-150.0
-344.845
-453.15999999999997
-441.0
-75.0
-559.0
-728.0
-730.0
-623.0
-515.0
-266.0
-116.0
-468.0
-259.12
-715.0
-287.0
-44.0
-113.0
-93.0
-88.0
-265.0
-531.88
-339.0
-105.0
-69.0
-344.845
-145.5
-695.0
-633.5
-420.0
-72.0
-96.5
-243.5
-651.5
-739.5
-627.0
-625.0
-0.0
-709.0
-391.0
-702.74
-677.52
-659.52
-54.0
-65.0
-201.0
-134.0
-83.0
-81.0
-490.075
-434.5
-578.0
-784.5
-393.0
-207.0
-446.5
-435.5
-394.5
-84.5
-78.0
-433.5
-470.0
-764.5
-112.75999999999999
-776.74
-114.25999999999999
-432.76
-261.15999999999997
-56.0
-85.0
-402.5
-539.0
-756.0
-612.075
-407.15999999999997
-433.34000000000003
-69.0
-535.5
-191.5
-558.5
-450.0
-287.0
-334.0
-611.0
-28.440000000000055
-74.67999999999995
-260.44000000000005
-257.67999999999995
-260.67999999999995
-201.67999999999995
-120.15999999999997
-398.15999999999997
-108.84000000000003
-157.84000000000003
-96.16000000000003
-52.160000000000025
-498.0
-508.845
-281.15999999999997
-444.34000000000003
-375.0
-62.0
-305.0
-399.0
-58.0
-48.0
-367.0
-78.0
-383.0
-734.4
-729.32
-270.4
-726.0
-37.559999999999945
-17.559999999999945
-35.440000000000055
-195.55999999999995
-249.44
-72.44
-585.56
-769.0
-339.91
-807.16
-154.68
-40.0
-63.0
-82.0
-175.0
-644.0
-218.0
-297.08000000000004
-117.0
-456.0
-332.0
-784.0
-41.0
-15.0
-62.0
-682.0
-97.0
-520.0
-195.0
-40.0
-94.0
-498.0
-526.02
-344.15999999999997
-178.0
-522.0
-308.0
-61.0
-438.0
-343.0
-196.0
-397.0
-597.0
-468.0
-488.0
-210.12
-335.0
-16.0
-107.0
-73.0
-17.0
-216.0
-193.0
-448.0
-63.0
-491.0
-83.60499999999999
-95.16
-659.0
-441.0
-657.0
-94.0
-72.0
-211.0
-427.0
-373.0
-39.879999999999995
-78.48000000000002
-136.51999999999998
-208.51999999999998
-349.52
-35.879999999999995
-9.0
-88.12
-233.32000000000005
-371.67999999999995
-526.6800000000001
-16.0
-27.0
-502.0
-361.605
-480.5
-812.0
-642.5
-111.0
-96.0
-98.0
-637.5
-67.5
-744.0
-713.0
-131.0
-788.0
-94.0
-55.0
-718.0
-806.0
-698.0
-714.0
-43.0
-462.0
-121.5
-226.0
-81.0
-127.07499999999999
-434.5
-330.0
-80.0
-837.0
-219.0
-412.0
-96.0
-70.0
-652.0
-269.0
-27.0
-365.0
-109.0
-33.0
-390.0
-95.0
-421.0
-103.0
-729.0
-336.0
-165.0
-94.0
-80.0
-612.075
-479.15999999999997
-806.0
-348.0
-814.0
-225.0
-549.0
-416.0
-204.0
-294.0
-572.0
-532.0
-42.0
-384.0
-543.0
-598.0
-152.0
-273.0
-58.0
-147.0
-216.12
-132.0
-34.0
-85.0
-525.605
-492.0
-664.0
-80.0
-463.0
-38.0
-755.0
-23.0
-545.0
-326.0
-444.0
-491.0
-689.0
-727.12
-380.0
-84.0
-280.12
-635.0
-22.0
-218.88
-426.0
-31.0
-10.0
-199.0
-30.810000000000002
-319.0
-253.07999999999998
-34.079999999999984
-313.08
-77.5
-98.07999999999998
-583.0799999999999
-28.079999999999984
-585.0799999999999
-27.0
-313.0
-478.0
-458.0
-8.0
-41.0
-92.0
-201.0
-48.0
-250.0
-309.0
-248.88
-5.0
-817.0
-346.06
-79.0
-173.0
-77.0
-72.0
-722.0
-24.0
-715.0
-270.0
-248.0
-25.0
-74.0
-476.12
-25.0
-4.0
-71.0
-494.0
-78.0
-26.08000000000004
-48.0
-443.0
-88.0
-4.0
-520.0
-349.14
-458.0
-78.0
-559.0
-29.0
-539.0
-63.0
-399.0
-168.0
-407.0
-43.0
-74.0
-490.0
-231.0
-343.0
-18.0
-259.0
-59.0
-20.0
-544.0
-534.0
-7.0
-3.0
-48.0
-348.655
-57.0
-698.0
-195.0
-711.0
-682.0
-94.0
-97.0
-652.0
-715.0
-698.0
-607.0
-200.0
-27.0
-12.0
-691.0
-696.0
-635.0
-432.0
-63.0
-320.0
-92.0
-718.0
-457.0
-259.075
-627.0
-234.0
-157.0
-481.0
-237.0
-700.0
-459.0
-77.0
-590.0
-79.0
-438.0
-418.0
-110.0
-102.0
-142.0
-93.0
-716.0
-109.0
-113.0
-400.0
-29.0
-81.0
-544.0
-67.07499999999999
-861.0
-480.0
-79.0
-15.0
-347.0
-237.0
-50.0
-365.0
-132.0
-220.0
-10.080000000000041
-503.0
-66.0
-227.20000000000005
-665.0
-186.0
-152.0
-36.0
-151.0
-104.0
-474.0
-60.0
-86.0
-211.65499999999997
-43.0
-277.0
-93.0
-101.0
-522.5
-228.0
-39.0
-513.0
-454.0
-220.0
-410.0
-699.0
-641.0
-345.0
-157.0
-13.0
-49.0
-15.0
-245.0
-253.24
-43.0
-13.0
-590.0
-348.655
-68.0
-130.0
-621.0
-44.0
-77.0
-9.0
-173.0
-676.0
-177.0
-311.0
-389.0
-530.0
-136.0
-120.57
-781.0
-401.0
-780.0
-407.0
-854.0
-832.0
-819.0
-131.0
-67.0
-616.0
-78.0
-125.0
-712.0
-99.0
-528.0
-579.0
-92.0
-539.0
-113.0
-227.0
-289.0
-317.0
-682.0
-411.57
-701.0
-402.0
-429.0
-411.0
-784.0
-776.0
-813.0
-509.96
-394.03999999999996
-777.0
-745.0
-795.0
-651.0
-686.0
-374.0
-79.0
-363.0
-90.0
-254.0
-368.0
-473.0
-549.0
-635.0
-41.56999999999999
-647.0
-320.0
-354.0
-258.0
-272.0
-280.0
-46.0
-103.0
-22.0
-496.0
-106.0
-61.0
-602.0
-665.0
-363.0
-439.0
-499.0
-337.0
-230.0
-1.0
-223.0
-138.0
-161.0
-465.57
-56.0
-580.0
-70.0
-30.0
-47.0
-802.0
-1.0
-5.0
-784.0
-710.44
-202.56
-596.0
-164.0
-171.0
-443.0
-90.0
-203.0
-297.0
-358.0
-225.0
-8.0
-496.0
-402.0
-390.06
-407.0
-409.0
-403.0
-616.0
-409.0
-449.0
-46.0
-282.0
-415.0
-170.0
-267.0
-207.0
-153.0
-181.0
-450.0
-177.0
-97.0
-151.0
-22.0
-6.0
-83.0
-31.0
-189.0
-686.06
-838.0
-562.0
-151.0
-700.0
-78.0
-61.0
-56.0
-618.0
-300.0
-715.0
-525.0
-795.0
-210.0
-254.0
-728.0
-219.0
-639.0
-530.0
-293.0
-137.0
-159.0
-606.0
-398.0
-507.57
-555.0
-817.0
-66.0
-760.0
-166.0
-74.0
-72.0
-96.0
-267.0
-603.0
-811.0
-56.0
-774.0
-412.0
-78.0
-89.0
-758.0
-485.0
-521.0
-204.0
-196.0
-318.0
-396.0
-13.569999999999993
-36.0
-33.0
-30.0
-36.0
-3.0
-354.0
-528.0
-639.0
-138.0
-151.0
-39.0
-235.0
-61.0
-171.0
-176.0
-172.0
-154.0
-90.0
-382.0
-105.0
-193.0
-112.0
-480.0
-80.43
-56.0
-722.0
-59.0
-59.0
-76.0
-619.0
-89.0
-203.0
-409.0
-138.0
-677.0
-473.0
-270.0
-653.0
-680.0
-67.0
-302.0
-629.0
-161.0
-618.0
-31.0
-10.0
-64.0
-84.57
-86.0
-465.0
-87.0
-227.0
-532.0
-41.0
-33.0
-55.0
-107.0
-736.0
-277.0
-256.0
-236.0
-664.0
-499.0
-216.0
-537.0
-387.0
-235.0
-138.0
-146.0
-27.0
-102.0
-684.5699999999999
-23.0
-188.0
-376.0
-2.0
-9.0
-10.0
-3.0
-465.0
-117.0
-224.0
-541.0
-43.0
-40.0
-314.0
-98.0
-297.0
-207.0
-170.0
-752.0
-63.0
-57.0
-47.0
-34.0
-172.06
-110.0
-125.0
-115.0
-457.0
-119.0
-626.0
-121.0
-829.0
-69.0
-126.56
-16.560000000000002
-317.0
-29.0
-141.0
-120.0
-498.0
-132.0
-66.0
-38.0
-35.0
-805.0
-813.0
-816.0
-400.06
-96.0
-47.0
-540.0
-106.0
-98.0
-782.0
-70.0
-553.0
-415.0
-50.0
-567.0
-44.0
-637.0
-39.0
-46.0
-694.0
-26.0
-93.0
-319.0
-447.0
-85.0
-283.0
-727.0
-574.5699999999999
-596.0
-707.0
-603.0
-611.0
-325.0
-149.0
-191.0
-10.0
-216.0
-653.0
-552.0
-59.0
-177.0
-203.0
-188.0
-546.0
-488.0
-372.0
-203.0
-69.0
-103.0
-397.0
-100.0
-74.43
-43.0
-541.0
-51.0
-549.0
-139.0
-550.0
-90.0
-76.0
-152.0
-322.0
-255.0
-511.0
-139.0
-541.0
-99.0
-337.0
-293.0
-163.0
-30.0
-121.0
-155.0
-186.0
-70.0
-51.56999999999999
-617.0
-5.0
-25.0
-39.0
-838.0
-403.0
-715.0
-97.0
-384.0
-542.04
-556.04
-566.0
-409.0
-375.0
-341.0
-27.0
-320.0
-205.0
-347.0
-17.0
-68.0
-59.0
-46.0
-6.569999999999993
-367.0
-386.0
-227.0
-64.0
-68.0
-38.0
-66.0
-175.0
-334.0
-390.0
-257.0
-324.0
-282.0
-305.0
-306.0
-336.0
-361.0
-231.0
-158.0
-545.0
-223.0
-548.0
-55.0
-13.569999999999993
-49.0
-635.0
-32.0
-49.0
-42.0
-53.0
-607.0
-583.0
-486.0
-372.0
-142.0
-188.0
-208.0
-503.0
-572.0
-685.0
-44.0
-74.0
-66.0
-387.0
-33.0
-32.0
-21.0
-487.57
-160.0
-31.0
-271.0
-374.0
-30.0
-368.0
-333.0
-407.0
-49.0
-41.0
-198.0
-45.0
-894.0
-58.0
-268.0
-288.0
-687.0
-48.0
-831.0
-386.0
-18.0
-24.0
-628.0
-624.06
-562.44
-818.44
-280.0
-35.0
-652.0
-476.0
-220.0
-16.0
-1.5999999999999943
-747.4
-562.0
-550.0
-386.0
-12.0
-19.0
-6.0
-346.0
-753.0
-115.0
-517.0
-843.0
-120.0
-764.0
-128.17
-374.0
-138.0
-637.0
-7.0
-130.0
-121.0
-139.0
-248.0
-129.0
-264.0
-598.0
-897.0
-127.0
-27.0
-35.96000000000001
-677.96
-22.0
-411.0
-700.0
-464.0
-645.0
-667.0
-888.0
-212.19
-350.0
-22.0
-47.0
-53.0
-180.0
-172.0
-113.0
-30.0
-706.0
-452.0
-640.0
-45.0
-826.0
-36.0
-48.0
-351.0
-47.0
-542.0
-54.0
-91.0
-132.0
-21.0
-498.0
-339.19
-182.0
-101.0
-60.0
-100.0
-236.0
-98.0
-108.0
-101.0
-73.0
-460.0
-67.0
-80.0
-73.5
-80.0
-620.0
-180.0
-392.0
-37.0
-622.0
-262.0
-258.0
-265.0
-265.0
-52.120000000000005
-69.0
-73.0
-717.0
-637.0
-762.0
-73.0
-63.0
-56.0
-699.0
-60.0
-40.0
-78.0
-61.0
-74.0
-442.72
-61.0
-603.0
-20.0
-888.0
-534.0
-17.0
-13.0
-13.0
-21.889999999999986
-10.0
-41.0
-56.0
-172.0
-183.44
-45.44
-762.0
-124.0
-183.0
-186.0
-204.0
-188.0
-323.0
-318.0
-136.72
-32.0
-425.0
-314.0
-122.0
-116.0
-133.0
-126.0
-125.0
-527.15
-124.0
-138.0
-139.0
-132.0
-127.0
-136.96
-855.96
-88.0
-354.0
-479.0
-130.0
-107.0
-107.0
-373.0
-149.0
-170.0
-207.48000000000002
-127.51999999999998
-636.0
-616.44
-30.0
-22.0
-59.5
-104.57
-125.0
-73.0
-651.0
-393.5
-515.0
-43.0
-135.48
-51.51999999999998
-319.0
-7.0
-18.0
-74.0
-81.0
-26.0
-183.0
-3.0
-229.0
-347.0
-30.0
-516.0
-234.0
-514.0
-185.0
-104.57
-147.0
-126.0
-442.0
-135.0
-196.0
-371.0
-1.0
-126.0
-133.0
-220.08000000000004
-110.08000000000004
-139.0
-53.0
-399.0
-84.0
-88.0
-287.0
-369.0
-44.0
-196.0
-80.0
-280.0
-18.0
-112.57
-11.0
-21.0
-404.0
-22.0
-114.0
-21.0
-1.0
-234.92000000000002
-333.91999999999996
-215.84000000000003
-256.84000000000003
-166.84000000000003
-116.15999999999997
-41.15999999999997
-567.0
-64.24000000000001
-296.76
-211.76
-366.24
-475.2
-92.19999999999999
-665.24
-603.5
-777.5699999999999
-158.5
-1.5
-12.0
-0.5
-6.5
-56.0
-362.0
-83.0
-374.0
-644.0
-180.0
-39.0
-630.0
-350.0
-3.0
-119.0
-439.0
-174.0
-380.0
-477.0
-504.0
-53.0
-48.0
-112.57
-280.0
-107.0
-733.0
-110.0
-834.0
-48.0
-768.0
-180.0
-421.0
-225.0
-714.0
-10.0
-116.0
-104.0
-595.0
-727.0
-604.0
-47.0
-85.56
-159.56
-706.0
-14.0
-17.0
-17.430000000000007
-4.0
-26.0
-744.0
-553.0
-35.0
-192.0
-619.0
-4.0
-9.0
-76.0
-5.0
-176.0
-643.0
-678.0
-416.44
-687.0
-18.0
-186.0
-176.0
-14.0
-155.0
-697.0
-33.0
-87.66
-815.5
-33.5
-19.0
-37.0
-59.5
-565.0
-676.0
-53.0
-49.0
-17.0
-21.0
-11.0
-589.0
-687.0
-3.0
-8.0
-200.0
-228.0
-226.0
-240.0
-237.0
-597.0
-578.0
-7.340000000000003
-55.0
-178.0
-286.0
-40.0
-674.5
-72.0
-42.0
-85.0
-362.0
-182.0
-89.0
-52.0
-78.0
-14.0
-695.0
-187.0
-46.0
-298.0
-309.0
-502.0
-231.0
-477.0
-15.0
-23.430000000000007
-845.0
-196.0
-3.0
-440.0
-16.0
-848.0
-46.0
-126.0
-51.0
-30.0
-2.0
-3.0
-84.0
-594.0
-285.0
-53.0
-666.0
-385.0
-97.0
-141.0
-122.0
-13.0
-123.0
-785.5699999999999
-57.0
-747.0
-57.0
-294.0
-62.0
-36.0
-553.0
-16.0
-78.0
-148.0
-124.0
-92.0
-167.0
-117.0
-114.0
-38.0
-127.0
-300.0
-72.0
-256.0
-55.0
-121.0
-159.0
-246.57
-38.5
-611.0
-13.0
-35.5
-22.0
-5.0
-29.5
-149.48000000000002
-421.51
-54.0
-46.0
-419.0
-39.0
-72.0
-80.0
-534.0
-56.0
-229.0
-66.0
-523.0
-411.0
-348.0
-711.0
-741.5699999999999
-742.5
-125.0
-152.0
-89.0
-139.0
-4.0
-513.0
-39.0
-132.0
-447.03999999999996
-36.960000000000036
-383.0
-42.0
-36.0
-482.0
-318.0
-179.0
-151.0
-296.0
-116.0
-1.0
-121.0
-74.0
-30.430000000000007
-239.5
-54.0
-55.0
-38.0
-31.0
-622.5
-840.5
-572.0
-362.0
-319.0
-25.0
-308.0
-638.0
-307.0
-200.0
-436.0
-439.0
-98.0
-117.0
-57.0
-603.0
-179.0
-68.0
-37.66
-376.5
-71.0
-410.0
-845.0
-674.0
-820.0
-38.5
-48.0
-719.0
-7.0
-136.0
-182.0
-603.0
-86.0
-604.48
-87.51999999999998
-120.0
-38.0
-126.0
-83.0
-77.0
-48.0
-9.0
-7.340000000000003
-128.0
-56.0
-442.0
-11.0
-391.0
-821.0
-17.0
-104.0
-381.0
-654.0
-54.0
-478.0
-218.0
-191.0
-497.0
-142.0
-16.0
-324.0
-148.0
-218.0
-10.0
-688.0
-748.0
-10.430000000000007
-16.0
-12.0
-89.0
-573.0
-21.0
-17.0
-331.0
-144.0
-374.0
-550.0
-132.0
-181.0
-174.0
-85.0
-44.0
-26.0
-33.06
-26.0
-221.0
-46.0
-54.0
-25.0
-39.0
-441.0
-77.0
-324.0
-452.0
-96.0
-69.0
-196.0
-486.0
-474.0
-447.0
-226.0
-321.0
-74.0
-149.0
-197.0
-34.0
-33.0
-194.06
-22.0
-19.0
-154.0
-20.0
-71.0
-23.0
-12.0
-705.0
-213.0
-418.0
-25.0
-147.0
-26.0
-61.0
-157.0
-8.0
-344.0
-162.0
-354.0
-53.0
-395.0
-396.0
-37.0
-127.06
-819.0
-131.0
-555.0
-126.0
-554.0
-145.0
-596.0
-29.0
-206.0
-136.0
-55.0
-111.0
-117.0
-61.0
-69.0
-105.0
-321.0
-43.0
-203.0
-329.0
-55.0
-80.0
-46.0
-304.06
-153.5
-148.0
-866.0
-141.5
-162.0
-685.0
-51.0
-115.0
-421.0
-103.0
-1.0
-11.0
-4.0
-17.0
-6.0
-12.0
-738.0
-346.0
-796.0
-41.5
-43.0
-403.0
-20.0
-3.0999999999999943
-357.0
-185.0
-690.0
-289.0
-384.0
-490.0
-164.0
-150.0
-8.0
-549.0
-20.0
-23.0
-199.0
-19.0
-42.0
-31.0
-36.0
-685.0
-35.0
-61.0
-693.0
-35.0
-297.0
-624.13
-27.0
-33.5
-142.0
-21.0
-25.0
-161.0
-645.0
-365.0
-311.0
-768.0
-164.0
-643.0
-752.0
-4.5
-68.0
-583.0
-18.0
-16.5
-17.5
-810.5
-19.5
-28.80000000000001
-355.5
-187.61
-57.0
-17.5
-37.0
-39.19999999999999
-263.0
-620.5
-593.8
-126.19999999999999
-582.8
-275.20000000000005
-678.0
-360.0
-259.0
-85.0
-337.0
-391.0
-187.0
-363.0
-62.0
-111.0
-24.0
-13.0
-30.0
-205.06
-67.0
-77.0
-73.0
-378.0
-10.0
-5.0
-6.0
-138.0
-21.32000000000005
-142.67999999999995
-201.0
-563.0
-77.0
-1.0
-352.0
-233.0
-325.0
-241.0
-84.0
-283.0
-5.0
-367.0
-82.0
-274.06
-45.0
-767.0
-24.0
-23.0
-46.0
-88.0
-511.0
-71.0
-299.0
-57.0
-531.0
-229.0
-118.0
-187.0
-59.0
-294.0
-35.0
-418.0
-615.0
-108.0
-50.0
-398.0
-665.0
-418.06
-461.0
-319.0
-540.0
-278.0
-23.5
-16.0
-59.0
-13.560000000000002
-356.56
-101.51999999999998
-88.48000000000002
-361.48
-76.15999999999997
-110.84000000000003
-139.84000000000003
-358.48
-343.48
-193.67999999999995
-310.68
-501.0
-368.0
-83.0
-19.0
-197.06
-401.0
-140.0
-672.16
-879.5
-181.16
-175.16
-52.16
-560.16
-18.0
-91.0
-85.0
-90.0
-98.0
-97.0
-83.0
-31.0
-32.0
-646.0
-59.0
-6.0
-859.0
-742.0
-824.0
-384.09000000000003
-19.0
-12.0
-68.0
-313.0
-855.0
-27.47999999999999
-20.47999999999999
-13.0
-108.32
-436.885
-73.61500000000001
-434.385
-396.5
-224.88
-376.91999999999996
-312.5
-335.0
-193.0
-835.0
-347.5
-20.0
-12.0
-6.5
-848.1
-578.48
-350.48
-71.47999999999999
-24.52000000000001
-18.0
-22.0
-37.0
-130.0
-327.0
-585.0
-241.0
-656.0
-373.0
-189.0
-421.0
-227.0
-401.0
-213.0
-402.0
-200.0
-174.0
-375.0
-377.0
-37.94
-661.0
-10.0
-2.0
-217.0
-5.0
-482.0
-10.0
-208.0
-325.0
-386.0
-550.0
-154.0
-111.0
-255.0
-462.0
-462.0
-230.0
-316.0
-1.0
-292.0
-19.0
-848.0
-207.0
-155.06
-330.0
-27.0
-854.0
-66.0
-155.0
-211.0
-458.0
-120.0
-230.0
-146.0
-553.0
-187.0
-427.0
-581.0
-542.0
-569.0
-15.0
-418.0
-227.0
-124.48000000000002
-51.51999999999998
-31.0
-698.0
-38.94
-264.0
-361.0
-396.0
-34.0
-457.0
-48.0
-29.0
-132.0
-279.0
-14.0
-36.0
-97.0
-99.0
-358.0
-64.0
-183.0
-348.0
-208.0
-4.0
-92.0
-40.0
-593.0
-61.0
-187.12
-203.0
-505.0
-327.0
-523.0
-165.0
-797.0
-302.0
-90.0
-250.0
-18.0
-549.0
-62.0
-557.0
-289.0
-263.0
-271.0
-87.0
-65.0
-171.0
-456.0
-16.0
-357.0
-30.0
-85.60000000000005
-17.139999999999986
-208.0
-28.5
-41.5
-609.5
-178.74
-1.759999999999991
-165.5
-186.16
-511.77
-311.77
-308.77
-29.5
-138.76
-134.16000000000003
-641.5
-18.0
-27.0
-213.0
-3.0
-2.0
-5.0
-7.5
-22.10000000000005
-28.72
-820.0
-873.0
-21.0
-21.0
-442.0
-30.0
-2.0
-27.0
-353.0
-34.0
-496.0
-405.0
-16.0
-52.0
-60.0
-682.0
-28.0
-23.0
-4.0
-0.0
-17.0
-15.0
-32.10000000000005
-95.75999999999999
-656.0
-23.0
-892.0
-8.0
-19.0
-11.0
-155.0
-237.0
-44.0
-195.0
-228.0
-245.0
-226.0
-354.0
-235.0
-122.0
-118.0
-130.0
-138.0
-42.0
-319.0
-758.0
-159.60000000000005
-107.0
-98.0
-304.0
-93.0
-233.0
-229.0
-286.0
-226.0
-226.0
-18.0
-393.0
-81.0
-26.0
-573.0
-28.0
-30.0
-42.0
-238.0
-115.0
-121.0
-25.0
-38.0
-781.0
-232.60000000000005
-81.0
-73.0
-354.0
-87.0
-315.0
-21.0
-176.0
-0.0
-384.0
-35.0
-5.0
-488.0
-146.0
-165.0
-196.0
-147.0
-119.0
-132.0
-111.0
-266.0
-319.0
-7.0
-697.0
-748.6
-548.0
-23.0
-41.0
-65.0
-760.0
-50.0
-691.0
-59.0
-209.0
-99.0
-7.0
-162.0
-525.0
-41.0
-31.0
-205.0
-32.0
-331.0
-14.0
-110.0
-21.0
-236.0
-31.0
-14.600000000000051
-8.0
-256.0
-33.0
-609.0
-653.0
-27.0
-17.0
-12.0
-34.0
-2.0
-57.0
-131.0
-202.0
-180.0
-236.0
-24.0
-298.0
-55.0
-74.0
-709.0
-325.0
-170.0
-505.0
-25.39999999999995
-44.0
-779.0
-248.0
-43.0
-34.0
-46.0
-843.0
-601.0
-56.0
-76.0
-38.0
-56.0
-6.0
-695.0
-121.0
-120.0
-111.0
-88.0
-764.0
-24.0
-469.0
-37.0
-544.0
-24.10000000000005
-551.0
-783.0
-1.0
-3.0
-7.0
-1.0
-723.0
-421.0
-1.0
-327.0
-26.0
-4.0
-19.0
-30.0
-39.0
-48.0
-150.0
-0.0
-20.0
-217.0
-691.0
-5.0
-343.0
-448.1
-19.0
-585.0
-26.0
-2.0
-854.0
-55.0
-36.0
-24.0
-384.0
-427.0
-29.0
-311.0
-464.0
-461.0
-16.0
-36.0
-205.0
-100.0
-11.0
-127.0
-77.0
-55.0
-13.0
-28.39999999999995
-38.0
-22.0
-36.0
-72.0
-68.0
-611.0
-74.0
-141.0
-417.0
-331.0
-217.0
-267.0
-257.0
-44.0
-274.0
-23.0
-94.0
-117.0
-13.0
-661.0
-256.0
-157.0
-315.0
-22.60000000000005
-656.0
-754.0
-10.0
-40.0
-17.0
-609.0
-340.0
-287.0
-277.0
-30.0
-534.0
-151.0
-138.0
-450.0
-46.0
-35.0
-248.0
-193.0
-163.0
-171.0
-133.0
-80.0
-648.0
-14.600000000000051
-12.0
-25.0
-118.0
-50.0
-46.0
-64.0
-82.0
-65.0
-179.0
-209.0
-153.0
-598.0
-575.0
-78.0
-258.0
-233.0
-149.0
-103.0
-99.0
-74.0
-84.0
-16.0
-37.0
-188.60000000000005
-42.0
-35.0
-463.0
-27.0
-4.0
-585.0
-733.0
-214.0
-312.0
-15.0
-27.0
-452.0
-259.0
-342.0
-294.0
-300.0
-264.0
-165.0
-520.0
-42.0
-115.0
-620.0
-107.0
-12.600000000000051
-675.0
-13.0
-195.0
-192.0
-177.0
-174.0
-188.0
-534.0
-867.0
-150.0
-747.0
-74.0
-14.0
-42.0
-37.0
-586.0
-628.0
-133.0
-8.0
-546.0
-485.0
-25.0
-8.0
-391.11
-38.0
-11.0
-3.0
-680.0
-52.0
-103.0
-48.0
-58.0
-173.0
-17.0
-44.0
-148.0
-3.0
-566.0
-621.0
-6.0
-479.0
-22.0
-4.0
-4.0
-122.0
-1.5
-4.0
-23.129999999999995
-4.5
-29.5
-270.0
-818.0
-648.0
-29.0
-17.0
-13.0
-14.0
-656.0
-624.0
-47.0
-413.0
-94.0
-58.0
-20.0
-64.0
-751.0
-650.0
-51.0
-41.0
-294.0
-35.0
-16.879999999999995
-37.5
-36.5
-31.0
-23.0
-132.5
-33.5
-22.5
-134.32
-132.68
-4.67999999999995
-374.32000000000005
-493.0
-400.0
-475.0
-242.0
-457.0
-461.0
-112.0
-53.0
-99.0
-156.0
-169.0
-649.0
-632.6
-9.0
-272.0
-9.0
-550.0
-573.0
-527.5
-33.0
-276.0
-43.0
-22.0
-646.0
-21.0
-96.0
-41.0
-508.0
-21.0
-142.0
-363.0
-263.0
-191.0
-130.0
-84.0
-18.0
-4.399999999999949
-39.0
-45.0
-37.0
-14.0
-480.0
-528.5
-168.0
-31.0
-45.0
-60.0
-106.0
-56.0
-156.0
-135.0
-306.0
-98.0
-122.0
-227.0
-39.0
-146.0
-49.0
-65.0
-6.0
-87.60000000000005
-286.0
-65.0
-269.0
-90.0
-6.0
-5.0
-661.0
-4.0
-201.0
-198.0
-106.0
-58.0
-428.0
-139.0
-249.0
-443.0
-14.0
-278.0
-55.0
-25.0
-139.0
-3.0
-73.0
-371.08000000000004
-692.0
-32.0
-663.0
-31.0
-55.0
-468.0
-801.0
-282.0
-210.0
-788.0
-652.0
-613.0
-283.0
-553.0
-56.0
-7.0
-122.0
-139.0
-144.0
-5.0
-147.0
-737.0
-755.0
-37.06999999999999
-5.0
-482.0
-428.0
-85.0
-93.0
-70.0
-49.0
-81.0
-60.0
-591.0
-42.0
-17.0
-24.0
-50.0
-38.0
-476.0
-62.0
-346.0
-8.0
-122.0
-886.0
-21.0
-36.0
-24.61500000000001
-48.0
-29.0
-331.0
-389.0
-32.0
-31.0
-23.0
-74.0
-252.0
-25.0
-20.0
-110.0
-55.0
-644.0
-1.0
-2.0
-11.0
-315.0
-3.0
-64.0
-402.0
-115.0
-32.0
-6.039999999999992
-281.0
-0.0
-227.0
-483.0
-8.0
-32.0
-252.0
-106.0
-32.0
-154.0
-600.0
-480.0
-472.0
-210.12
-207.12
-214.0
-16.0
-119.79999999999995
-130.0
-10.0
-58.0
-175.0
-137.0
-158.515
-205.0
-189.0
-375.0
-333.0
-828.0
-280.0
-206.0
-118.0
-180.0
-162.0
-414.0
-61.0
-155.0
-29.879999999999995
-499.0
-56.0
-91.0
-160.0
-573.0
-11.0
-398.0
-65.0
-116.0
-13.514999999999986
-674.0
-823.0
-447.0
-10.0
-77.0
-500.0
-72.0
-75.0
-108.12
-488.0
-658.0
-732.0
-240.0
-187.0
-692.0
-95.0
-688.0
-22.0
-204.0
-408.0
-23.0
-39.0
-92.0
-29.07499999999999
-439.0
-9.0
-13.0
-703.0
-862.0
-6.0
-11.0
-3.0
-692.0
-26.0
-16.0
-536.0
-778.0
-630.0
-170.0
-721.0
-41.0
-205.0
-30.0
-0.0
-441.0
-0.0
-360.0
-593.075
-20.0
-456.0
-848.0
-4.0
-14.0
-0.0
-8.0
-137.0
-236.0
-56.0
-96.0
-142.0
-635.0
-409.0
-383.0
-596.0
-370.0
-284.0
-509.0
-6.0
-31.0
-96.0
-141.0
-159.515
-1.0
-737.0
-10.0
-56.0
-0.5
-394.5
-506.0
-118.0
-195.0
-188.0
-719.0
-721.0
-324.0
-682.12
-316.0
-157.08000000000004
-729.0
-178.0
-356.88
-6.0
-195.0
-484.0
-60.0
-301.08000000000004
-5.0
-39.0
-324.0
-235.0
-17.0
-3.0
-197.0
-100.0
-340.0
-98.0
-435.0
-192.0
-122.0
-56.0
-88.0
-79.0
-93.0
-168.0
-378.0
-240.0
-172.0
-218.0
-247.0
-24.44999999999999
-319.0
-20.0
-312.0
-2.0
-416.0
-351.0
-60.0
-109.0
-49.0
-92.0
-172.0
-122.0
-483.0
-661.0
-89.12
-221.0
-103.0
-86.0
-571.0
-47.0
-11.0
-307.0
-15.0
-72.44999999999999
-777.0
-17.0
-34.0
-4.0
-343.0
-27.0
-501.0
-307.0
-111.0
-432.0
-76.0
-332.0
-1.8799999999999955
-464.0
-138.12
-118.0
-35.0
-95.0
-97.0
-32.0
-5.0
-78.0
-50.0
-803.55
-20.0
-13.0
-7.0
-696.0
-17.0
-75.0
-691.0
-37.0
-75.0
-4.0
-35.0
-24.0
-30.0
-18.0
-607.0
-38.0
-14.0
-227.0
-826.0
-27.0
-122.0
-551.0
-19.0
-29.07499999999999
-10.0
-547.0
-49.0
-738.0
-51.0
-429.0
-837.0
-144.0
-45.0
-35.0
-145.0
-40.0
-50.0
-51.0
-67.0
-331.0
-75.0
-84.0
-240.0
-382.0
-89.0
-70.0
-118.0
-153.075
-111.0
-105.0
-849.0
-101.0
-133.0
-128.0
-234.0
-9.0
-266.0
-66.0
-727.0
-376.0
-514.52
-459.52
-443.12
-433.32000000000005
-419.32000000000005
-97.44000000000005
-119.12
-54.0
-92.0
-670.88
-34.0
-46.44999999999999
-5.0
-727.0
-659.0
-7.0
-71.0
-31.0
-350.0
-124.0
-321.0
-26.799999999999955
-99.79999999999995
-35.200000000000045
-607.8
-319.79999999999995
-320.24
-595.24
-186.24
-158.24
-134.0
-268.0
-43.0
-36.0
-93.0
-26.44999999999999
-6.0
-81.0
-72.0
-43.0
-55.0
-99.0
-5.0
-159.0
-330.0
-65.0
-3.0
-43.0
-82.0
-59.0
-500.0
-267.0
-558.12
-172.0
-106.0
-36.0
-45.0
-67.0
-36.0
-171.55
-29.0
-10.0
-8.0
-3.0
-142.0
-22.0
-20.0
-274.0
-286.52
-36.48000000000002
-112.0
-23.0
-122.0
-68.91999999999996
-97.0
-551.0
-80.0
-412.52
-1.5199999999999818
-32.0
-743.0
-237.0
-53.0
-262.55
-22.0
-172.0
-28.0
-770.0
-81.0
-50.0
-2.0
-299.0
-2.0
-38.0
-114.0
-5.0
-1.0
-657.0
-210.0
-30.0
-71.0
-18.0
-156.0
-398.0
-43.0
-23.0
-11.0
-35.97
-27.0
-30.0
-234.0
-11.0
-552.0
-852.0
-773.0
-789.0
-39.0
-639.0
-61.0
-65.0
-62.0
-69.0
-878.0
-1.0
-379.0
-490.0
-187.0
-8.0
-11.0
-18.0
-14.0
-406.5450000000001
-863.0
-25.0
-397.0
-289.0
-55.0
-843.0
-69.0
-818.0
-80.0
-73.0
-807.0
-76.0
-46.0
-58.0
-54.0
-10.0
-3.0
-9.0
-17.0
-10.5
-5.0
-194.0
-24.0
-683.06
-19.0
-10.0
-55.0
-9.0
-236.0
-52.0
-97.0
-260.0
-266.0
-626.0
-642.0
-670.0
-509.0
-579.0
-572.0
-581.2
-565.0
-242.0
-32.0
-501.0
-184.0
-238.92000000000002
-290.0
-290.55
-321.0
-195.0
-465.0
-205.0
-769.0
-351.0
-522.0
-87.0
-293.0
-40.0
-12.879999999999995
-551.0
-552.0
-686.0
-499.0
-699.0
-492.0
-479.0
-117.0
-282.88
-239.0
-5.0
-44.0
-209.55
-557.0
-74.0
-320.0
-82.0
-48.0
-110.0
-780.0
-33.0
-311.0
-630.0
-456.12
-285.0
-450.0
-460.0
-575.0
-16.0
-56.0
-325.0
-349.0
-9.0
-73.0
-47.0
-744.0
-117.44999999999999
-36.0
-273.0
-183.0
-53.0
-49.0
-56.0
-26.0
-6.0
-335.0
-308.0
-31.0
-9.0
-291.0
-501.0
-743.12
-532.0
-351.0
-249.0
-210.0
-9.0
-406.88
-90.0
-3.0
-572.02
-732.0
-12.5
-643.0
-126.5
-88.61000000000001
-311.39
-720.5
-35.24000000000001
-255.59000000000003
-372.16999999999996
-513.08
-547.08
-459.08000000000004
-64.91999999999996
-527.6
-727.6
-51.60000000000002
-285.6
-55.60000000000002
-3.6000000000000227
-288.4
-57.60000000000002
-6.0
-29.420000000000016
-349.0
-29.0
-552.0
-80.0
-60.0
-55.0
-28.0
-17.0
-25.0
-53.0
-6.0
-129.0
-7.0
-23.0
-70.0
-31.0
-314.0
-15.0
-20.0
-43.5
-8.0
-15.0
-33.0
-55.59
-32.0
-25.0
-604.0
-42.0
-298.0
-30.0
-127.0
-293.0
-129.0
-2.0
-54.0
-263.0
-78.0
-806.0
-93.0
-87.0
-226.0
-500.0
-53.0
-23.0
-27.0
-744.0
-21.0
-35.59
-5.0
-21.0
-861.0
-15.0
-16.0
-837.0
-250.0
-315.0
-173.0
-371.0
-627.0
-413.0
-333.0
-400.0
-232.0
-236.0
-396.0
-233.08000000000004
-71.0
-327.0
-189.0
-425.0
-43.0
-64.42000000000002
-776.0
-98.0
-649.0
-349.0
-11.0
-16.0
-26.0
-650.0
-242.0
-20.0
-89.0
-45.120000000000005
-24.0
-609.0
-83.0
-88.0
-91.0
-71.88
-247.0
-515.0
-184.0
-132.0
-73.0
-92.42000000000002
-175.0
-292.0
-768.0
-220.0
-60.0
-61.0
-64.0
-402.0
-325.0
-514.0
-31.0
-100.0
-207.0
-152.0
-88.0
-204.0
-31.120000000000005
-67.0
-135.0
-25.0
-240.0
-129.0
-388.0
-239.57999999999998
-62.0
-41.0
-49.0
-800.0
-60.0
-29.0
-74.0
-182.0
-206.0
-342.0
-125.0
-76.0
-99.0
-192.0
-176.0
-86.0
-4.0
-104.0
-229.0
-152.88
-76.0
-137.0
-399.0
-99.42000000000002
-310.0
-25.0
-13.0
-574.0
-163.0
-375.0
-40.0
-106.0
-68.0
-411.0
-31.91999999999996
-7.0
-92.0
-350.0
-119.0
-192.0
-86.0
-232.0
-63.0
-531.0
-49.0
-44.0
-134.0
-358.58
-493.0
-84.0
-50.0
-42.0
-50.0
-20.0
-49.0
-303.0
-0.0
-39.0
-500.0
-103.0
-13.0
-602.96
-28.04000000000002
-440.0
-424.0
-404.0
-223.0
-29.0
-654.0
-146.0
-20.0
-107.59
-402.0
-624.0
-24.0
-6.0
-304.0
-19.0
-380.0
-699.0
-459.0
-10.0
-420.0
-395.0
-213.0
-424.0
-191.48000000000002
-490.48
-82.0
-6.0
-71.0
-106.0
-75.0
-756.0
-528.0
-0.4099999999999966
-25.0
-5.0
-5.0
-538.0
-652.0
-11.0
-47.0
-423.0
-228.0
-184.12
-136.88
-214.0
-94.0
-84.0
-2.0
-2.0
-618.0
-295.0
-268.0
-170.0
-67.0
-32.0
-29.0
-11.139999999999986
-661.0
-39.0
-51.0
-597.0
-38.0
-41.0
-594.0
-502.0
-188.0
-71.0
-748.0
-684.0
-11.0
-155.0
-94.0
-127.0
-41.0
-42.0
-173.0
-267.0
-235.0
-57.120000000000005
-59.0
-75.33500000000001
-38.0
-62.0
-73.0
-36.0
-37.0
-503.0
-455.0
-186.0
-91.0
-42.0
-56.0
-58.0
-87.0
-384.0
-48.0
-22.08000000000004
-39.0
-129.0
-46.0
-123.0
-16.0
-26.0
-58.0
-19.335000000000008
-53.0
-746.0
-7.0
-34.0
-42.0
-64.0
-18.0
-728.0
-113.67999999999995
-682.68
-16.0
-137.0
-524.0
-131.0
-18.0
-169.12
-129.0
-106.0
-296.0
-61.0
-645.0
-3.0
-58.0
-75.33500000000001
-394.0
-61.0
-26.0
-295.0
-11.0
-749.0
-558.0
-162.0
-68.0
-312.12
-53.0
-70.0
-8.0
-21.0
-26.0
-55.0
-47.0
-149.0
-522.0
-187.0
-52.0
-36.0
-13.0
-408.66499999999996
-608.0
-18.0
-23.0
-22.0
-250.0
-177.0
-762.0
-48.0
-450.0
-159.0
-71.0
-743.0
-88.0
-85.0
-182.0
-307.0
-127.0
-320.0
-62.0
-53.0
-51.0
-120.0
-513.0
-5.409999999999997
-5.0
-29.0
-4.0
-651.0
-210.0
-15.0
-13.0
-16.0
-22.0
-37.0
-87.0
-307.0
-289.0
-6.0
-80.0
-45.0
-473.0
-54.0
-304.0
-653.0
-207.0
-480.0
-33.0
-384.59000000000003
-419.0
-730.0
-3.0
-670.0
-5.0
-576.0
-57.0
-159.0
-341.0
-629.0
-15.0
-33.0
-657.08
-2.0
-555.0
-22.0
-208.0
-101.12
-155.0
-230.0
-54.0
-646.0
-58.0
-53.33500000000001
-23.0
-766.0
-90.0
-744.0
-40.0
-676.0
-439.0
-124.0
-395.0
-21.0
-33.0
-73.0
-17.0
-16.91999999999996
-693.0
-1.0
-515.0
-466.0
-146.0
-225.0
-19.0
-168.0
-22.0
-22.664999999999992
-18.5
-22.0
-28.0
-15.0
-2.0
-19.0
-825.0
-92.0
-98.88
-426.0
-277.0
-137.0
-230.0
-56.120000000000005
-575.0
-50.0
-282.0
-488.0
-116.0
-27.0
-2.0
-120.0
-54.0
-133.19
-19.0
-311.0
-86.0
-14.0
-28.0
-48.0
-8.309999999999945
-24.0
-30.0
-121.0
-449.0
-27.0
-77.0
-26.0
-34.0
-40.0
-53.155
-30.0
-550.0
-654.0
-48.0
-34.0
-248.0
-148.0
-756.0
-14.0
-627.0
-183.0
-98.0
-120.0
-356.655
-6.0
-18.0
-28.0
-190.0
-34.0
-562.0
-59.0
-697.0
-8.0
-202.155
-710.0
-9.0
-15.0
-12.0
-876.0
-27.0
-24.0
-111.0
-144.0
-42.0
-22.0
-655.0
-90.0
-4.0
-102.0
-46.0
-140.0
-66.0
-76.0
-84.0
-899.0
-75.0
-185.0
-16.155
-188.0
-543.0
-128.0
-364.0
-97.0
-621.0
-461.0
-5.0
-38.0
-10.0
-21.0
-645.0
-29.0
-695.0
-767.0
-437.5
-55.5
-218.0
-409.0
-602.0
-44.0
-875.5
-86.0
-547.13
-258.0
-54.0
-445.0
-24.5
-646.0
-329.0
-586.0
-45.0
-798.0
-61.0
-53.0
-71.0
-638.0
-466.0
-160.0
-27.5
-298.5
-161.0
-598.0
-28.0
-61.0
-509.0
-34.0
-50.129999999999995
-3.5
-533.46
-230.0
-28.5
-564.0
-28.0
-735.0
-108.0
-118.0
-17.0
-116.0
-534.0
-337.0
-659.0
-30.0
-33.0
-485.0
-188.0
-207.0
-53.0
-20.0
-26.5
-202.0
-5.844999999999999
-739.5
-63.46000000000001
-518.0
-31.5
-368.0
-529.0
-21.0
-39.0
-41.0
-76.0
-374.0
-157.0
-110.0
-23.0
-596.0
-475.0
-295.0
-144.0
-196.0
-117.0
-42.0
-15.0
-266.0
-140.155
-203.5
-393.91999999999996
-20.0
-101.0
-30.0
-39.0
-8.0
-280.0
-297.0
-55.0
-69.0
-8.0
-97.0
-506.0
-101.0
-121.0
-100.0
-38.0
-55.0
-33.0
-86.0
-588.0
-33.0
-19.845
-5.0
-13.0
-21.0
-710.0
-2.0
-17.0
-34.0
-91.0
-230.0
-30.0
-594.0
-578.0
-59.0
-14.0
-552.0
-32.0
-545.0
-463.0
-244.0
-35.0
-94.0
-22.0
-16.0
-663.155
-3.0
-676.0
-235.0
-10.5
-114.0
-53.0
-26.0
-35.0
-186.0
-74.0
-27.0
-42.0
-358.0
-3.0
-27.0
-31.0
-447.0
-106.0
-25.0
-122.0
-242.0
-56.0
-453.0
-23.845
-880.0
-0.0
-824.0
-32.0
-6.0
-141.0
-210.0
-223.0
-68.0
-98.0
-6.0
-23.0
-184.0
-32.0
-195.0
-149.0
-116.0
-90.0
-70.0
-61.0
-148.0
-540.0
-3.0
-41.129999999999995
-16.0
-14.0
-17.0
-9.0
-5.0
-153.0
-275.0
-57.0
-149.0
-95.0
-42.0
-106.0
-82.0
-73.0
-104.0
-15.0
-26.0
-64.0
-82.0
-16.0
-20.0
-14.0
-736.0
-749.13
-700.0
-12.0
-721.0
-288.0
-33.0
-27.0
-5.0
-121.0
-159.0
-420.0
-22.0
-61.0
-11.0
-42.0
-207.0
-23.0
-374.0
-234.0
-277.0
-66.0
-1.0
-466.0
-8.0
-288.155
-25.0
-3.0
-61.47999999999999
-370.5
-49.5
-521.5
-21.0
-530.0
-81.32000000000005
-166.67999999999995
-36.32000000000005
-11.0
-247.0
-21.0
-486.0
-178.0
-194.0
-453.0
-248.0
-151.0
-172.0
-80.0
-187.0
-105.155
-125.0
-788.0
-157.0
-412.0
-551.0
-151.0
-151.0
-323.0
-40.0
-1.0
-129.0
-63.0
-87.0
-262.0
-119.0
-102.0
-132.0
-123.0
-27.0
-242.0
-782.0
-18.0
-615.0
-15.139999999999986
-8.5
-10.0
-410.5
-715.3199999999999
-21.590000000000003
-12.379999999999995
-103.51999999999998
-248.16000000000003
-68.63999999999999
-272.64
-142.51999999999998
-476.52
-181.36
-330.15999999999997
-118.84000000000003
-245.15999999999997
-259.15999999999997
-34.75999999999999
-6.759999999999991
-592.6
-9.399999999999977
-90.39999999999998
-133.76
-67.39500000000001
-849.0
-702.0
-43.5
-127.84000000000003
-812.41
-645.62
-47.19999999999999
-617.5799999999999
-192.0
-117.48000000000002
-12.759999999999991
-208.26
-48.0
-38.0
-166.0
-208.0
-33.0
-122.0
-40.0
-33.0
-818.0
-9.0
-222.62
-503.605
-193.51999999999998
-15.47999999999999
-884.8199999999999
-13.0
-276.0
-26.0
-203.0
-17.0
-82.0
-50.0
-2.0
-4.0
-34.0
-29.0
-2.0
-547.0
-380.0
-5.0
-4.0
-11.0
-24.0
-718.0
-41.0
-290.13
-551.7
-50.24000000000001
-65.63999999999999
-11.0
-399.0
-223.0
-489.64
-840.0
-49.5
-7.0
-63.5
-14.5
-9.0
-429.0
-2.5
-638.5
-12.0
-92.5
-38.5
-21.0
-36.0
-132.0
-34.5
-213.13
-253.0
-17.0
-39.0
-4.840000000000032
-45.41
-70.24000000000001
-783.01
-91.0
-391.0
-115.0
-13.0
-314.0
-28.0
-62.0
-344.0
-413.5
-18.0
-190.0
-445.0
-70.0
-513.0
-26.0
-17.0
-375.605
-27.090000000000003
-754.0
-41.900000000000006
-37.0
-32.41
-114.0
-48.00999999999999
-10.600000000000023
-398.0
-105.0
-254.0
-35.0
-343.0
-521.0899999999998
-205.0
-151.0
-485.0
-305.0
-389.0
-702.0
-30.0
-44.0
-10.0
-13.39500000000001
-62.18000000000001
-24.819999999999993
-53.19999999999999
-69.18
-71.18
-611.8199999999999
-117.82
-252.8
-115.82000000000005
-252.82000000000005
-87.82000000000005
-118.82000000000005
-192.79999999999995
-417.17999999999995
-408.17999999999995
-227.17999999999995
-43.81999999999999
-240.2
-406.17999999999995
-30.819999999999993
-49.0
-170.0
-1.0
-676.605
-70.30000000000001
-26.0
-29.0
-4.0
-686.0
-119.0
-118.0
-130.0
-242.0
-435.0
-121.0
-654.0
-61.0
-153.0
-10.0
-54.0
-59.0
-32.0
-19.0
-43.0
-474.0
-33.0
-329.0
-383.15999999999997
-126.91999999999999
-118.0
-144.0
-123.0
-116.0
-454.0
-845.0
-304.0
-124.0
-105.0
-144.0
-269.0
-243.0
-301.0
-297.0
-724.0
-288.0
-311.0
-390.0
-253.0
-310.0
-428.0
-272.0
-753.615
-342.91999999999996
-523.0
-516.0
-35.0
-44.0
-527.0
-179.0
-66.0
-68.0
-50.0
-448.0
-48.0
-333.0
-336.0
-64.0
-83.0
-116.0
-32.0
-13.0
-24.0
-1.0
-884.0
-704.0
-18.069999999999993
-3.0
-529.0
-358.0
-511.0
-288.0
-31.0
-28.0
-89.0
-359.0
-10.0
-12.0
-40.0
-34.0
-60.0
-46.0
-37.0
-169.0
-259.0
-423.0
-8.0
-15.0
-14.0
-44.0
-112.07
-60.0
-69.0
-630.0
-74.0
-132.0
-86.0
-299.0
-19.0
-378.0
-68.0
-51.0
-214.0
-361.0
-241.0
-111.0
-89.0
-505.0
-279.0
-102.0
-297.0
-682.0
-59.5
-58.0
-487.59000000000003
-153.0
-46.0
-498.0
-65.0
-133.5
-88.0
-16.0
-74.0
-108.0
-373.0
-690.0
-22.0
-331.0
-452.0
-3.0
-40.0
-72.0
-114.0
-156.0
-144.0
-578.0
-52.0
-751.0
-27.590000000000003
-19.0
-20.0
-495.0
-48.0
-525.0
-2.0
-38.0
-718.0
-312.0
-39.0
-288.0
-188.0
-231.0
-72.0
-75.0
-47.0
-201.0
-87.0
-587.0
-384.0
-39.0
-735.0
-395.0
-43.41
-581.0
-667.0
-38.0
-17.0
-477.0
-726.0
-106.0
-91.0
-72.0
-342.0
-123.0
-70.0
-310.0
-91.0
-65.0
-95.0
-601.0
-521.0
-254.0
-70.0
-332.0
-86.0
-76.0
-0.4099999999999966
-6.0
-40.0
-817.0
-166.0
-19.0
-23.0
-19.0
-23.0
-94.0
-12.0
-111.0
-501.0
-153.0
-23.0
-157.0
-460.0
-9.0
-51.0
-50.0
-579.0
-363.0
-738.0
-170.0
-600.59
-275.0
-422.0
-32.0
-3.0
-202.0
-10.0
-113.0
-86.0
-664.0
-486.0
-486.0
-779.0
-8.0
-10.0
-33.0
-266.0
-117.0
-25.0
-252.0
-18.0
-37.0
-53.0
-523.5
-649.5799999999999
-49.0
-56.0
-161.0
-70.5
-286.0
-18.0
-3.0
-481.0
-38.0
-604.0
-117.0
-145.0
-283.0
-124.0
-619.0
-739.0
-43.0
-41.0
-42.0
-22.0
-35.0
-36.0
-31.0
-58.09
-68.0
-4.0
-1.0
-391.0
-12.0
-281.0
-837.0
-121.0
-133.0
-40.0
-47.0
-29.0
-25.0
-28.0
-35.0
-31.0
-433.0
-114.0
-193.0
-406.0
-38.0
-21.0
-375.0
-124.59
-37.0
-40.0
-609.0
-53.0
-73.0
-34.0
-833.0
-74.0
-48.0
-39.0
-85.0
-477.0
-470.0
-680.0
-1.0
-241.0
-11.0
-139.0
-323.0
-161.0
-673.0
-27.0
-9.0
-45.59
-738.0
-41.0
-357.0
-39.0
-507.0
-251.0
-51.0
-80.0
-204.0
-58.0
-79.0
-131.0
-13.0
-14.0
-25.0
-482.0
-26.0
-75.0
-80.0
-177.0
-88.0
-110.0
-113.0
-388.59000000000003
-48.0
-9.0
-6.0
-38.0
-502.0
-5.0
-560.0
-107.0
-71.0
-281.0
-66.0
-4.0
-327.0
-607.0
-15.0
-74.0
-52.0
-287.0
-172.0
-340.0
-106.0
-517.0
-37.0
-10.409999999999997
-713.0
-9.0
-25.0
-0.0
-68.0
-17.5
-201.0
-85.0
-25.0
-181.0
-139.0
-86.0
-32.0
-286.0
-373.0
-247.0
-210.0
-533.0
-156.0
-75.0
-61.0
-9.0
-72.0
-665.11
-12.0
-36.0
-538.0
-82.5
-415.0
-89.0
-212.0
-569.0
-896.0
-822.0
-68.0
-56.0
-75.44
-548.44
-62.0
-116.0
-79.0
-708.0
-66.0
-809.0
-359.0
-73.0
-171.0
-81.13
-91.0
-94.0
-605.0
-89.0
-29.0
-14.0
-31.5
-709.0
-345.0
-28.0
-28.0
-719.0
-1.0
-4.0
-21.0
-509.0
-96.0
-39.0
-61.0
-37.0
-33.0
-32.0
-33.0
-80.16
-30.960000000000008
-901.96
-356.0
-568.0
-629.0
-439.0
-228.0
-9.0
-275.0
-13.0
-541.0
-71.0
-337.0
-775.0
-40.0
-25.0
-84.0
-400.0
-16.0
-394.0
-17.0
-21.0
-56.0
-37.120000000000005
-76.0
-71.0
-902.0
-539.0
-74.0
-76.0
-479.0
-71.0
-77.0
-99.0
-42.0
-623.0
-467.0
-6.0
-19.0
-660.5
-20.0
-36.0
-71.0
-339.0
-25.0
-279.0
-38.0
-17.0
-718.0
-24.0
-38.400000000000006
-401.4
-50.0
-400.0
-690.0
-58.0
-642.0
-68.0
-845.0
-171.0
-121.0
-26.0
-37.0
-38.0
-44.0
-818.17
-219.0
-32.0
-560.0
-21.0
-719.0
-730.0
-33.0
-40.0
-835.0
-14.0
-30.0
-21.0
-9.0
-5.0
-13.960000000000008
-16.960000000000008
-343.0
-828.0
-382.0
-3.0
-17.0
-193.0
-59.0
-29.189999999999998
-65.0
-527.0
-25.0
-363.0
-11.0
-14.0
-635.0
-200.0
-622.0
-1.0
-852.0
-701.0
-27.0
-13.0
-209.0
-497.0
-30.0
-45.0
-578.0
-33.0
-30.0
-720.0
-30.0
-47.19
-39.0
-52.0
-72.0
-55.0
-55.0
-644.0
-21.0
-182.0
-567.0
-13.0
-181.0
-23.0
-389.5
-16.0
-16.0
-5.0
-652.0
-164.0
-640.0
-10.0
-6.0
-466.0
-159.0
-4.8799999999999955
-89.0
-94.0
-73.0
-101.0
-76.0
-93.0
-92.0
-76.0
-107.0
-80.0
-894.0
-98.0
-3.0
-380.0
-31.28
-16.0
-20.0
-14.0
-9.0
-8.0
-313.0
-12.0
-95.0
-9.110000000000014
-0.0
-691.0
-22.0
-9.0
-7.560000000000002
-11.560000000000002
-684.0
-766.0
-14.0
-11.0
-7.0
-410.0
-69.0
-867.0
-60.28
-20.0
-372.0
-308.0
-21.0
-27.0
-10.0
-891.0
-18.0
-713.15
-19.0
-5.0
-756.0
-883.0
-4.0
-433.96000000000004
-789.96
-126.0
-329.0
-233.0
-205.0
-63.0
-182.0
-216.0
-224.0
-113.0
-212.51999999999998
-43.51999999999998
-115.0
-100.44
-50.0
-58.0
-20.5
-426.57
-67.0
-24.0
-203.0
-22.5
-326.0
-581.0
-193.48
-482.48
-328.0
-566.0
-99.0
-73.0
-103.0
-13.0
-103.0
-242.0
-30.0
-291.0
-35.0
-105.0
-95.0
-65.0
-17.0
-30.430000000000007
-12.0
-9.0
-130.0
-77.0
-38.0
-69.0
-72.0
-195.0
-162.0
-616.08
-320.08000000000004
-114.0
-535.0
-50.0
-271.0
-86.0
-612.0
-547.0
-226.0
-667.0
-44.0
-589.0
-239.0
-139.57
-169.0
-710.0
-160.0
-180.0
-578.0
-135.0
-710.0
-245.92000000000002
-204.08000000000004
-46.84000000000003
-739.84
-671.84
-3.840000000000032
-671.84
-569.0
-54.75999999999999
-60.75999999999999
-382.76
-162.24
-57.80000000000001
-332.2
-79.75999999999999
-530.5
-216.57
-38.5
-319.5
-0.0
-163.5
-18.5
-166.0
-261.0
-151.0
-82.0
-51.0
-74.0
-94.0
-9.0
-139.0
-40.0
-70.0
-515.0
-106.0
-48.0
-614.0
-21.0
-549.0
-62.0
-577.5699999999999
-2.0
-538.0
-278.0
-44.0
-23.0
-332.0
-337.0
-109.0
-105.0
-324.0
-664.0
-32.0
-4.0
-67.0
-61.0
-25.0
-174.0
-148.0
-14.439999999999998
-11.560000000000002
-64.0
-636.0
-18.0
-18.430000000000007
-6.0
-59.0
-49.0
-30.0
-41.0
-33.0
-688.0
-231.0
-63.0
-5.0
-28.0
-30.0
-422.0
-18.0
-11.560000000000002
-87.0
-53.0
-35.0
-45.0
-591.0
-38.0
-29.0
-15.0
-148.66
-672.5
-19.5
-40.0
-270.0
-704.5
-21.0
-8.0
-8.0
-4.0
-426.0
-359.0
-56.0
-54.0
-67.0
-42.0
-189.0
-25.0
-37.0
-500.0
-14.0
-374.0
-49.0
-5.0
-478.65999999999997
-10.0
-19.0
-23.0
-20.0
-42.5
-566.0
-22.0
-41.0
-321.0
-121.0
-183.0
-172.0
-673.0
-84.0
-118.0
-593.0
-86.0
-83.0
-154.0
-24.0
-47.0
-307.0
-602.0
-1.5699999999999932
-482.0
-134.0
-22.0
-577.0
-90.0
-16.0
-39.0
-197.0
-116.0
-705.0
-82.0
-77.0
-176.0
-782.0
-262.0
-515.0
-22.0
-69.0
-294.0
-441.0
-64.0
-60.0
-14.0
-1.5699999999999932
-734.0
-364.0
-2.0
-18.0
-7.0
-7.0
-5.0
-183.0
-102.0
-155.0
-39.0
-71.0
-41.0
-85.0
-88.0
-180.0
-106.0
-433.0
-503.0
-279.0
-478.0
-474.0
-23.0
-72.57
-293.5
-333.0
-68.0
-1.5
-12.0
-38.0
-6.5
-109.48000000000002
-8.509999999999991
-639.0
-47.0
-358.0
-117.0
-556.0
-713.0
-98.0
-327.0
-395.0
-151.0
-458.0
-511.0
-107.0
-65.0
-287.57
-33.5
-37.0
-31.0
-281.0
-580.0
-12.0
-772.0
-132.0
-163.0
-60.039999999999964
-152.03999999999996
-213.0
-269.0
-228.0
-98.0
-533.0
-76.0
-402.0
-35.0
-3.0
-47.0
-657.0
-52.0
-81.57
-28.5
-803.0
-492.0
-827.0
-820.0
-60.5
-32.5
-725.0
-487.0
-139.0
-53.0
-56.0
-95.0
-33.0
-120.0
-119.0
-317.0
-107.0
-96.0
-428.0
-92.0
-67.0
-185.0
-140.66
-10.5
-745.0
-819.0
-409.0
-829.0
-409.0
-444.5
-427.0
-392.0
-372.0
-59.0
-635.0
-64.0
-7.0
-96.48000000000002
-88.51999999999998
-291.0
-649.0
-15.0
-1.0
-1.0
-16.0
-114.0
-24.659999999999997
-37.0
-24.0
-8.0
-220.0
-234.0
-19.0
-49.0
-165.0
-450.0
-189.0
-110.0
-324.0
-33.0
-518.0
-481.0
-609.0
-476.0
-56.0
-57.0
-13.0
-41.0
-16.0
-731.0
-637.5699999999999
-3.0
-1.0
-424.0
-9.0
-514.0
-459.0
-9.0
-28.0
-99.0
-121.0
-624.0
-32.0
-9.0
-65.0
-88.0
-147.0
-555.0
-404.0
-52.0
-80.0
-537.0
-87.0
-47.0
-27.430000000000007
-365.0
-562.0
-59.0
-17.0
-819.0
-321.0
-8.0
-94.0
-220.0
-99.0
-212.0
-416.0
-46.0
-106.0
-230.0
-90.0
-205.0
-153.0
-14.0
-6.0
-329.0
-24.0
-105.0
-1.5699999999999932
-14.0
-320.0
-32.0
-798.0
-159.0
-602.0
-111.0
-212.0
-326.0
-400.0
-358.0
-68.0
-36.0
-16.0
-22.0
-42.0
-80.0
-71.0
-13.0
-30.0
-125.39999999999998
-68.0
-140.0
-120.57
-4.0
-93.0
-5.0
-5.0
-9.0
-239.0
-76.0
-64.0
-615.0
-752.0
-79.0
-14.0
-781.0
-112.0
-128.0
-116.0
-98.0
-23.0
-469.0
-645.0
-29.0
-20.0
-42.0
-646.66
-9.0
-41.0
-103.0
-858.0
-31.0
-45.0
-645.0
-27.0
-307.0
-66.0
-33.0
-36.0
-23.0
-564.0
-18.0
-42.0
-475.0
-380.0
-772.0
-498.0
-652.0
-76.0
-21.5
-11.659999999999997
-832.0
-37.0
-628.0
-601.0
-60.5
-545.5
-67.0
-163.0
-31.0
-231.0
-78.0
-294.0
-519.0
-528.0
-94.0
-507.0
-109.0
-86.0
-60.0
-258.0
-707.0
-91.0
-91.0
-597.5699999999999
-643.0
-8.0
-235.0
-23.0
-2.0
-41.0
-52.0
-43.0
-181.0
-33.0
-85.0
-473.0
-123.0
-11.0
-4.0
-73.0
-393.0
-44.0
-568.0
-64.0
-17.0
-77.0
-21.0
-1.5699999999999932
-17.0
-570.0
-322.0
-6.0
-16.0
-57.0
-522.0
-50.0
-255.0
-22.0
-300.0
-42.0
-32.0
-62.0
-636.0
-135.0
-160.0
-33.0
-58.0
-602.0
-169.0
-14.0
-17.0
-768.5699999999999
-12.0
-13.0
-5.0
-402.0
-1.0
-634.0
-47.5
-705.44
-264.0
-612.0
-436.0
-112.0
-433.0
-65.0
-53.0
-73.0
-52.0
-189.0
-1.0
-47.0
-112.0
-17.0
-50.0
-191.57
-13.0
-13.0
-796.0
-232.5
-27.0
-77.0
-37.0
-257.0
-225.0
-28.0
-695.0
-584.0
-136.0
-122.0
-57.0
-69.0
-42.0
-67.0
-123.0
-14.0
-133.0
-23.0
-63.0
-20.430000000000007
-679.0
-356.0
-10.0
-28.0
-285.0
-788.0
-435.0
-52.0
-52.0
-570.0
-20.0
-362.0
-32.079999999999984
-78.07999999999998
-74.0
-597.0
-85.0
-16.0
-5.0
-1.0
-2.0
-204.0
-7.0
-32.66
-787.0
-650.0
-253.0
-63.0
-73.0
-531.0
-579.0
-69.0
-567.0
-583.0
-640.0
-4.0
-53.0
-54.0
-77.0
-50.0
-316.0
-63.0
-20.0
-100.0
-8.0
-218.0
-775.0
-46.66
-682.0
-365.0
-800.0
-245.0
-533.0
-7.0
-25.0
-460.0
-144.0
-427.0
-22.0
-96.0
-96.0
-735.0
-650.0
-8.0
-382.0
-99.0
-166.0
-87.0
-0.0
-38.0
-591.0
-378.57
-6.0
-1.0
-381.0
-611.0
-340.0
-837.0
-33.0
-674.0
-67.0
-501.52
-488.52
-88.51999999999998
-505.52
-61.51999999999998
-272.52
-10.080000000000041
-125.91999999999996
-237.08000000000004
-230.91999999999996
-70.83999999999997
-238.16000000000003
-7.839999999999975
-783.0
-31.430000000000007
-613.0
-10.5
-752.5
-550.5
-41.0
-64.5
-38.5
-50.639999999999986
-389.32000000000005
-680.68
-448.67999999999995
-13.0
-406.0
-48.0
-32.0
-171.0
-2.0
-217.0
-103.0
-175.0
-97.0
-72.51999999999998
-383.48
-23.430000000000007
-6.0
-589.0
-22.0
-545.0
-71.0
-52.5
-48.5
-172.0
-428.0
-9.0
-3.0
-10.0
-19.0
-32.0
-251.51999999999998
-20.519999999999982
-26.0
-246.0
-53.0
-3.0
-139.0
-42.0
-594.0
-435.57
-15.0
-13.0
-27.0
-87.0
-37.0
-392.5
-45.5
-14.0
-228.0
-694.0
-69.0
-33.0
-6.0
-696.0
-25.0
-38.0
-301.0
-165.0
-14.0
-39.0
-107.0
-257.0
-10.0
-1.5699999999999932
-15.0
-19.0
-13.0
-841.0
-99.0
-862.0
-138.0
-130.0
-588.0
-665.0
-51.0
-717.0
-461.0
-251.0
-53.0
-601.0
-43.0
-86.0
-181.0
-441.0
-397.0
-1.0
-627.0
-601.66
-302.5
-30.5
-719.5
-513.0
-51.5
-849.0
-356.0
-426.0
-4.0
-2.0
-34.0
-15.0
-63.0
-31.0
-97.0
-481.0
-634.0
-341.0
-150.0
-335.0
-3.0
-8.0
-513.0
-67.66
-17.0
-46.0
-31.0
-590.0
-38.0
-39.5
-11.5
-676.44
-238.0
-584.0
-538.0
-110.0
-251.0
-5.0
-79.0
-115.0
-552.0
-443.32000000000005
-94.32
-54.68000000000001
-30.0
-526.8
-165.79999999999995
-3.2000000000000455
-313.79999999999995
-716.24
-559.24
-567.24
-261.24
-174.0
-365.0
-51.0
-172.0
-32.0
-288.55
-18.0
-2.0
-9.0
-15.0
-268.0
-114.0
-32.0
-58.0
-98.0
-47.0
-53.0
-18.0
-148.0
-2.0
-696.0
-4.0
-19.120000000000005
-375.0
-293.0
-37.0
-64.0
-544.0
-11.0
-41.44999999999999
-149.0
-4.0
-14.0
-340.0
-35.0
-16.0
-1.0
-322.0
-307.48
-29.480000000000018
-16.0
-12.0
-275.0
-19.91999999999996
-27.0
-88.0
-432.0
-88.48000000000002
-159.48000000000002
-93.0
-463.0
-335.0
-48.0
-38.44999999999999
-590.0
-47.0
-40.0
-661.0
-102.0
-192.0
-476.0
-46.0
-278.0
-63.0
-83.0
-168.0
-14.0
-49.0
-59.0
-132.0
-254.0
-36.0
-16.0
-29.0
-52.0
-49.0
-199.0
-203.03
-191.0
-194.0
-841.0
-256.0
-184.0
-674.0
-35.0
-62.0
-96.0
-36.0
-42.0
-520.0
-146.0
-50.0
-52.0
-25.0
-44.0
-27.0
-27.0
-325.0
-8.0
-23.0
-5.0
-11.545000000000044
-5.0
-6.0
-3.0
-700.0
-91.0
-16.0
-747.0
-613.0
-472.0
-372.0
-38.0
-2.0
-49.0
-42.0
-303.0
-38.0
-520.0
-722.0
-65.0
-58.5
-391.0
-44.0
-46.0
-699.06
-265.0
-292.0
-575.0
-392.0
-41.0
-63.0
-732.0
-128.0
-291.0
-163.0
-6.0
-366.0
-99.0
-391.0
-157.0
-393.20000000000005
-73.0
-327.0
-407.0
-180.0
-95.0
-80.07999999999998
-525.0
-350.55
-492.0
-18.0
-21.0
-25.0
-541.0
-5.0
-93.0
-88.0
-64.0
-382.0
-619.12
-219.0
-140.0
-66.0
-55.0
-719.0
-184.0
-120.0
-47.0
-47.120000000000005
-39.0
-110.0
-27.0
-26.44999999999999
-1.0
-17.0
-90.0
-27.0
-64.0
-54.0
-86.0
-193.0
-124.0
-410.0
-22.120000000000005
-35.0
-156.0
-509.0
-429.0
-31.0
-10.0
-145.0
-38.0
-20.0
-70.0
-141.0
-7.0
-31.44999999999999
-15.0
-51.0
-40.0
-45.0
-29.0
-550.0
-545.0
-166.0
-177.0
-53.0
-193.0
-221.0
-155.0
-200.0
-519.12
-231.0
-113.0
-203.0
-416.0
-52.0
-226.88
-29.0
-53.0
-20.980000000000018
-327.0
-308.5
-99.0
-99.5
-44.389999999999986
-81.61000000000001
-17.5
-87.24000000000001
-18.409999999999968
-149.83000000000004
-0.08000000000004093
-41.08000000000004
-70.91999999999996
-18.08000000000004
-2.3999999999999773
-31.399999999999977
-34.39999999999998
-346.6
-116.60000000000002
-171.60000000000002
-232.39999999999998
-9.399999999999977
-50.0
-73.42000000000002
-5.0
-12.0
-5.0
-16.0
-816.0
-29.0
-237.0
-12.0
-302.0
-626.0
-24.0
-23.0
-42.0
-779.0
-138.0
-100.0
-48.0
-806.0
-66.0
-20.5
-54.0
-99.0
-41.0
-9.590000000000003
-154.0
-23.0
-488.0
-92.0
-477.0
-425.0
-63.0
-851.0
-597.0
-386.0
-400.0
-37.0
-55.0
-26.0
-704.0
-203.0
-47.0
-787.0
-441.0
-26.0
-34.0
-476.0
-6.0
-8.590000000000003
-39.0
-372.0
-7.0
-1.0
-31.0
-641.0
-18.0
-367.0
-79.0
-185.0
-183.0
-227.0
-344.0
-732.0
-558.0
-77.0
-83.0
-79.91999999999996
-182.0
-146.0
-82.0
-739.0
-121.0
-21.420000000000016
-31.0
-27.0
-58.0
-687.0
-3.0
-8.0
-84.0
-21.0
-45.0
-47.0
-25.0
-388.12
-34.0
-78.0
-45.0
-15.0
-53.0
-103.88
-428.0
-13.0
-66.0
-8.0
-60.0
-75.42000000000002
-41.0
-28.0
-45.0
-53.0
-642.0
-19.0
-33.0
-160.0
-370.0
-218.0
-246.0
-7.0
-57.0
-2.0
-293.0
-85.0
-150.12
-208.0
-509.0
-13.0
-37.0
-41.0
-727.0
-77.42000000000002
-41.0
-7.0
-15.0
-19.0
-26.0
-28.0
-17.0
-125.0
-56.0
-209.0
-593.0
-51.0
-26.0
-25.0
-9.0
-46.0
-44.0
-292.0
-207.0
-283.12
-28.0
-43.0
-268.0
-63.420000000000016
-411.0
-3.0
-650.0
-69.0
-24.0
-275.0
-428.0
-127.0
-117.0
-96.0
-655.08
-15.0
-225.0
-478.0
-116.0
-325.0
-315.0
-357.0
-174.0
-340.0
-71.0
-539.0
-17.0
-60.420000000000016
-12.0
-672.0
-9.0
-35.0
-27.0
-417.0
-98.0
-753.0
-16.0
-544.0
-22.0
-239.0
-3.0
-10.04000000000002
-144.95999999999998
-91.0
-200.0
-70.0
-3.0
-4.0
-13.0
-24.0
-593.0
-116.59
-49.0
-44.0
-32.0
-298.0
-600.0
-37.0
-677.0
-513.0
-363.0
-9.0
-764.0
-47.0
-160.0
-94.0
-127.51999999999998
-792.48
-75.0
-274.0
-188.0
-366.0
-90.0
-478.0
-12.0
-116.59
-106.0
-667.0
-156.0
-99.0
-85.0
-110.0
-28.0
-199.0
-5.0
-249.12
-457.12
-537.0
-118.0
-450.0
-39.0
-550.0
-26.0
-145.0
-168.0
-23.0
-581.0
-207.0
-68.0
-84.13999999999999
-6.0
-4.0
-241.0
-18.0
-31.0
-4.0
-12.0
-654.0
-65.0
-23.0
-15.0
-556.0
-544.0
-8.0
-168.0
-80.0
-36.0
-70.0
-152.0
-451.0
-47.0
-52.120000000000005
-63.0
-24.335000000000008
-705.0
-148.0
-332.0
-18.0
-105.0
-292.0
-169.0
-16.0
-66.0
-16.0
-20.0
-27.0
-550.0
-55.0
-142.0
-38.91999999999996
-654.0
-139.0
-130.0
-422.0
-607.0
-28.0
-752.0
-89.66499999999999
-17.0
-8.0
-2.0
-22.0
-126.0
-388.0
-27.0
-146.0
-181.67999999999995
-59.67999999999995
-3.0
-25.0
-182.0
-372.0
-209.0
-72.88
-294.0
-261.0
-288.0
-108.0
-29.0
-76.0
-45.0
-3.335000000000008
-3.0
-17.0
-5.0
-433.0
-149.0
-28.0
-16.0
-481.0
-45.0
-56.879999999999995
-42.0
-78.0
-14.0
-10.0
-211.0
-50.0
-40.0
-318.0
-9.0
-495.0
-92.0
-31.0
-654.0
-19.335000000000008
-17.0
-272.0
-773.0
-571.0
-118.0
-216.0
-62.0
-571.0
-62.0
-379.0
-517.0
-41.0
-39.0
-36.0
-50.0
-296.0
-98.0
-679.0
-71.0
-53.0
-51.0
-25.0
-48.0
-544.59
-116.0
-12.0
-238.0
-7.0
-609.0
-868.0
-385.0
-49.0
-338.0
-99.0
-49.0
-62.0
-648.0
-94.0
-79.0
-599.0
-30.0
-498.0
-783.0
-3.0
-10.0
-4.0
-302.0
-761.59
-37.0
-24.0
-43.0
-142.0
-202.0
-197.0
-409.0
-48.0
-22.0
-483.0
-170.0
-45.0
-428.08000000000004
-437.0
-327.0
-42.0
-353.0
-18.879999999999995
-187.0
-113.0
-1.0
-66.0
-122.0
-126.66499999999999
-483.0
-829.0
-112.0
-110.0
-102.0
-13.0
-374.0
-62.0
-67.0
-17.0
-42.0
-2.0
-92.0
-118.08000000000004
-43.0
-80.0
-434.0
-292.0
-39.0
-376.0
-124.0
-437.0
-33.0
-24.335000000000008
-45.5
-639.0
-23.0
-440.0
-49.0
-32.0
-403.0
-243.0
-53.879999999999995
-527.0
-434.0
-418.0
-31.0
-19.879999999999995
-48.0
-26.0
-85.0
-358.0
-169.0
-10.0
-201.0
-60.0
-164.0
-785.19
-295.0
-51.0
-50.0
-702.0
-58.0
-38.0
-448.0
-255.0
-405.0
-122.0
-26.0
-31.0
-22.0
-12.0
-1.8799999999999955
-27.0
-299.0
-66.0
-411.0
-25.0
-497.8
-100.0
-183.0
-206.125
-229.0
-239.0
-218.0
-232.0
-397.0
-245.0
-694.0
-90.0
-91.0
-285.0
-11.0
-112.0
-21.0
-3.0
-269.0
-323.0
-195.0
-258.0
-153.0
-14.0
-95.12
-69.0
-22.0
-21.939999999999998
-24.0
-446.0
-162.0
-255.0
-134.0
-359.0
-34.0
-196.0
-573.0
-668.0
-513.0
-25.0
-293.0
-1.0
-106.0
-123.0
-115.12
-435.0
-55.0
-42.0
-723.0
-191.0
-16.0
-335.59000000000003
-773.0
-296.0
-294.0
-7.0
-715.0
-286.0
-275.0
-305.0
-314.0
-278.0
-367.0
-696.0
-689.0
-49.0
-64.0
-65.0
-463.0
-67.0
-83.0
-48.0
-26.0
-198.0
-350.0
-8.590000000000003
-743.0
-24.0
-71.0
-130.0
-12.0
-10.0
-50.0
-188.0
-41.0
-271.0
-146.0
-179.0
-714.0
-111.0
-98.0
-85.0
-71.0
-627.12
-382.0
-45.0
-586.0
-50.0
-709.0
-484.09000000000003
-24.0
-64.0
-59.0
-72.0
-65.0
-87.0
-96.0
-26.0
-3.0
-358.0
-79.12
-581.0
-89.88
-99.0
-796.0
-49.0
-458.0
-206.0
-370.0
-562.0
-98.0
-23.0
-5.0
-34.43000000000001
-265.0
-223.0
-1.0
-201.0
-446.0
-0.0
-147.0
-509.0
-13.0
-116.0
-692.0
-152.0
-123.0
-438.0
-28.0
-148.0
-203.0
-102.0
-74.0
-88.0
-670.0
-89.0
-73.0
-30.05000000000001
-735.0
-1.0
-1.0
-14.0
-743.0
-13.0
-84.0
-76.0
-51.0
-147.88
-210.0
-605.0
-419.0
-478.0
-482.0
-486.0
-450.0
-128.88
-178.0
-98.0
-359.0
-450.0
-767.0
-14.919999999999987
-10.0
-21.0
-701.0
-35.0
-85.0
-14.0
-22.0
-130.0
-55.0
-12.879999999999995
-19.0
-653.0
-106.0
-556.0
-179.0
-21.0
-154.0
-259.0
-178.0
-37.0
-66.0
-108.0
-23.0
-101.41
-38.0
-19.0
-33.0
-19.0
-5.0
-220.0
-194.0
-40.0
-62.0
-24.0
-419.0
-5.0
-212.0
-215.0
-24.0
-5.0
-131.12
-228.0
-478.0
-3.0
-19.0
-46.0
-26.0
-8.590000000000003
-221.0
-206.0
-399.5
-23.5
-85.0
-826.5
-31.0
-395.0
-90.06
-383.64
-155.8
-187.48000000000002
-151.48000000000002
-136.48000000000002
-693.52
-664.52
-125.48000000000002
-58.0
-8.0
-615.0
-102.0
-10.0
-800.0
-156.59
-856.0
-842.0
-191.0
-92.0
-166.0
-748.0
-192.0
-30.0
-177.0
-133.0
-482.0
-122.0
-27.08000000000004
-715.0
-44.0
-618.0
-57.0
-74.0
-77.0
-33.0
-94.0
-444.0
-132.0
-62.59
-17.0
-0.0
-67.0
-716.0
-41.0
-52.0
-47.0
-37.0
-32.0
-301.0
-226.5
-42.0
-177.0
-853.0
-52.0
-40.0
-19.0
-677.0
-552.0
-200.0
-109.0
-187.0
-260.0
-222.0
-76.0
-90.0
-723.0
-774.0
-257.12
-197.0
-92.0
-223.12
-42.0
-10.0
-13.865000000000009
-39.5
-35.0
-18.0
-425.0
-10.0
-249.0
-2.0
-109.0
-265.0
-53.0
-57.0
-37.0
-11.0
-9.0
-34.0
-146.0
-552.0
-147.0
-364.0
-18.0
-29.0
-16.0
-583.0
-102.86000000000001
-23.0
-18.0
-338.0
-27.0
-3.0
-360.0
-640.0
-160.88
-61.0
-104.0
-74.0
-704.0
-63.0
-135.0
-137.0
-143.0
-112.0
-431.0
-123.12
-70.0
-268.0
-46.0
-10.0
-29.94999999999999
-239.0
-507.0
-14.0
-173.0
-322.0
-72.0
-37.0
-231.36
-408.48
-55.0
-566.0
-82.32000000000005
-7.67999999999995
-383.32000000000005
-20.0
-30.0
-672.0
-26.0
-258.0
-31.0
-91.0
-13.0
-40.120000000000005
-230.115
-73.51999999999998
-827.0
-11.0
-364.0
-18.0
-18.0
-175.0
-340.0
-16.0
-15.919999999999959
-1.0
-50.10000000000002
-18.0
-165.0
-149.88
-155.0
-182.0
-299.0
-55.0
-22.0
-521.0
-72.0
-22.0
-305.115
-29.0
-41.0
-424.0
-34.0
-784.0
-51.0
-59.0
-25.0
-795.0
-479.0
-209.0
-601.48
-205.5
-119.0
-530.0
-58.0
-73.0
-274.0
-65.5
-3.0
-52.0
-637.5
-571.0
-464.5
-30.0
-77.5
-17.5
-25.0
-294.5
-248.5
-14.5
-3.0
-230.0
-39.0
-611.0
-31.25999999999999
-28.5
-39.5
-29.0
-63.0
-320.5
-52.0
-31.5
-78.5
-2.5
-49.5
-440.0
-49.5
-461.0
-824.0
-135.0
-42.0
-156.0
-831.0
-350.0
-14.0
-349.0
-317.0
-112.0
-127.0
-18.0
-68.0
-612.12
-115.0
-174.0
-232.0
-90.0
-248.0
-56.0
-47.0
-822.0
-123.88499999999999
-5.0
-28.0
-6.0
-230.0
-71.0
-95.0
-116.0
-67.0
-422.0
-583.0
-533.0
-100.0
-211.0
-179.0
-118.0
-172.0
-169.88
-622.0
-136.0
-15.0
-79.0
-65.0
-17.0
-35.88499999999999
-253.0
-22.0
-71.0
-478.0
-838.0
-695.0
-43.0
-203.0
-77.0
-39.0
-374.0
-374.0
-78.0
-113.0
-65.0
-467.0
-262.0
-659.08
-307.52
-26.519999999999982
-35.0
-55.0
-63.0
-37.18000000000001
-741.0
-9.0
-4.0
-76.0
-20.0
-19.0
-492.0
-191.0
-261.0
-15.0
-112.0
-108.0
-11.0
-181.0
-113.0
-102.0
-118.88
-131.0
-66.0
-440.0
-429.0
-44.0
-68.0
-479.68
-11.0
-713.0
-58.0
-85.0
-823.0
-181.0
-21.0
-93.0
-71.0
-14.0
-31.0
-66.0
-11.0
-17.0
-25.0
-13.0
-325.0
-249.0
-53.0
-2.0
-16.0
-320.0
-170.0
-383.68
-641.0
-367.0
-261.0
-117.0
-501.0
-50.0
-399.0
-216.0
-559.0
-787.0
-75.0
-351.0
-98.0
-128.0
-56.0
-102.0
-363.0
-83.0
-43.0
-63.0
-91.0
-356.0
-633.0
-1.5
-6.0
-491.5
-589.5
-27.0
-278.0
-195.0
-196.0
-207.0
-148.0
-113.0
-341.0
-70.0
-75.0
-593.0
-21.0
-32.0
-14.0
-69.0
-20.0
-2.0
-742.0
-521.0
-15.0
-525.5
-193.0
-459.0
-18.0
-37.0
-121.0
-115.0
-456.0
-181.0
-59.879999999999995
-37.0
-6.0
-11.0
-69.0
-93.0
-69.0
-13.0
-132.91999999999996
-96.0
-247.0
-56.0
-106.0
-66.0
-365.0
-51.81999999999999
-16.0
-679.0
-13.0
-734.0
-50.0
-58.0
-80.0
-31.0
-112.0
-19.0
-136.0
-69.0
-239.0
-122.0
-106.0
-161.0
-676.0
-184.0
-212.0
-25.0
-97.0
-23.0
-0.0
-105.32
-834.0
-45.0
-689.0
-9.0
-15.0
-513.0
-620.0
-139.12
-80.0
-13.0
-30.0
-64.0
-223.0
-3.0
-239.0
-4.0
-9.0
-594.0
-52.0
-36.0
-70.0
-292.0
-61.0
-1.3199999999999932
-563.0
-681.0
-801.0
-418.0
-18.0
-22.0
-49.0
-123.0
-78.0
-100.0
-82.91999999999996
-42.0
-105.12
-37.0
-22.0
-17.0
-559.0
-142.0
-40.0
-482.0
-13.0
-260.0
-37.0
-174.68
-25.0
-16.0
-3.0
-182.0
-310.0
-76.0
-198.0
-32.0
-78.0
-635.04
-83.03999999999996
-57.0
-49.0
-11.0
-9.0
-439.0
-423.0
-92.0
-300.0
-11.0
-10.0
-46.0
-2.0
-1.3199999999999932
-596.0
-354.0
-52.0
-562.0
-823.0
-43.0
-204.0
-64.0
-43.0
-99.0
-479.0
-112.0
-143.0
-304.0
-295.0
-302.0
-19.0
-295.0
-19.0
-44.0
-36.0
-15.0
-2.0
-11.5
-16.0
-478.0
-827.0
-820.0
-579.0
-406.0
-798.0
-173.0
-200.0
-5.0
-65.0
-112.0
-305.0
-76.0
-803.0
-153.0
-20.0
-93.0
-11.0
-480.0
-13.0
-847.0
-40.0
-26.5
-37.0
-401.0
-24.0
-40.0
-351.0
-60.0
-86.0
-403.0
-158.0
-9.0
-129.0
-311.0
-19.0
-16.0
-14.0
-187.0
-26.0
-410.0
-122.0
-274.0
-2.0
-16.0
-177.0
-1.3199999999999932
-38.0
-17.0
-44.0
-11.0
-207.0
-13.0
-368.0
-4.0
-49.0
-583.0
-33.0
-250.0
-78.0
-120.0
-425.0
-76.0
-34.0
-193.0
-13.0
-33.0
-30.0
-25.0
-572.0
-293.68
-516.0
-795.0
-627.0
-9.0
-158.0
-47.0
-6.0
-89.0
-17.0
-386.0
-47.0
-353.0
-245.0
-39.0
-36.0
-179.0
-60.0
-220.0
-438.0
-493.0
-2.0
-455.0
-19.0
-149.68
-19.0
-139.0
-29.0
-62.0
-744.0
-564.0
-17.0
-665.0
-97.0
-96.0
-722.0
-23.0
-5.0
-49.0
-681.0
-63.0
-165.0
-16.0
-17.0
-20.0
-16.0
-58.0
-431.0
-3.819999999999993
-314.0
-37.0
-65.0
-548.0
-691.0
-272.0
-233.0
-133.0
-425.0
-252.0
-112.0
-116.0
-453.0
-630.0
-112.0
-106.0
-294.0
-148.0
-47.0
-30.0
-591.0
-51.079999999999984
-737.5
-67.475
-757.0
-0.0
-16.0
-8.0
-6.0
-4.0
-116.0
-625.0
-471.0
-399.0
-51.0
-74.0
-61.0
-622.0
-189.0
-124.0
-149.88
-120.0
-67.0
-834.0
-38.0
-32.0
-0.0
-14.5
-817.0
-753.0
-3.0
-44.0
-6.0
-8.0
-13.0
-548.0
-8.0
-2.0
-29.0
-287.0
-482.0
-27.0
-240.0
-36.0
-22.0
-315.0
-769.0
-122.0
-1.0
-29.0
-1.0
-64.5
-490.0
-32.0
-323.0
-54.0
-8.0
-5.0
-11.0
-116.0
-6.0
-471.0
-8.0
-31.0
-83.0
-629.0
-60.0
-40.0
-460.0
-563.0
-53.0
-81.0
-120.0
-91.0
-16.0
-29.474999999999994
-5.0
-16.0
-483.0
-5.5
-9.0
-161.5
-13.0
-29.04000000000002
-43.0
-561.0
-333.0
-522.0
-6.0
-61.0
-18.0
-325.0
-217.0
-339.0
-197.0
-63.0
-506.0
-375.0
-46.0
-42.129999999999995
-24.0
-25.0
-579.0
-24.0
-20.0
-609.0
-5.0
-11.0
-481.0
-79.67999999999995
-65.55999999999995
-69.67999999999995
-19.0
-16.0
-259.0
-30.559999999999945
-199.55999999999995
-70.08000000000004
-387.91999999999996
-46.95999999999998
-439.56
-40.44
-88.0
-306.195
-790.0
-2.0
-16.0
-4.0
-35.0
-31.0
-103.0
-121.0
-63.0
-12.0
-432.0
-309.0
-144.0
-37.0
-131.0
-120.0
-602.0
-16.0
-36.0
-8.0
-71.0
-381.0
-7.0
-40.80500000000001
-651.24
-83.0
-635.5
-802.5
-243.5
-291.0
-615.0
-41.0
-14.0
-434.0
-48.0
-175.0
-84.0
-408.0
-144.0
-423.0
-174.0
-38.0
-9.0
-14.0
-19.0
-703.0
-384.0
-66.805
-57.0
-45.5
-540.5
-643.5
-46.0
-16.5
-270.0
-112.0
-690.74
-47.079999999999984
-266.08
-24.079999999999984
-379.08000000000004
-746.98
-142.92000000000002
-0.9200000000000159
-676.0799999999999
-97.91999999999999
-10.080000000000013
-3.2200000000000273
-698.5
-13.5
-126.5
-27.5
-841.0
-528.5
-166.5
-25.5
-19.0
-18.5
-17.0
-14.0
-9.259999999999991
-56.22000000000003
-5.439999999999998
-61.44
-76.95999999999998
-76.01999999999998
-53.44
-105.98000000000002
-614.56
-75.95999999999998
-451.56
-34.44
-2.5
-363.5
-65.5
-69.5
-41.24000000000001
-0.0
-841.5
-223.5
-407.5
-676.5
-346.5
-133.92000000000002
-269.91999999999996
-43.91999999999996
-466.91999999999996
-125.91999999999996
-80.91999999999996
-18.08000000000004
-331.91999999999996
-68.91999999999996
-80.91999999999996
-241.08000000000004
-236.91999999999996
-513.0799999999999
-41.079999999999984
-47.920000000000016
-18.0
-42.80500000000001
-11.759999999999991
-166.0
-24.0
-13.0
-71.0
-18.0
-437.0
-241.0
-161.0
-14.080000000000041
-56.84000000000003
-8.720000000000027
-23.279999999999973
-27.75999999999999
-450.0
-97.0
-145.0
-28.67999999999995
-30.32000000000005
-89.32
-38.0
-43.0
-307.0
-19.805000000000007
-304.24
-62.56
-34.94
-764.56
-2.5600000000000023
-10.439999999999998
-214.32
-215.88
-405.88
-100.88
-158.88
-143.88
-98.36000000000001
-55.49000000000001
-497.88
-75.88999999999999
-652.88
-335.88
-39.110000000000014
-66.60000000000002
-17.399999999999977
-267.39
-96.60000000000002
-55.48000000000002
-46.51999999999998
-47.22000000000003
-252.06
-52.44
-14.439999999999998
-27.439999999999998
-163.12
-56.44
-357.4
-271.79999999999995
-29.200000000000045
-594.8
-186.20000000000005
-163.20000000000005
-408.79999999999995
-471.79999999999995
-127.20000000000005
-30.200000000000045
-80.79999999999995
-545.2
-158.8
-30.80000000000001
-70.80000000000001
-422.93
-66.72
-765.12
-60.879999999999995
-65.88
-45.120000000000005
-110.12
-497.12
-101.88
-67.12
-25.120000000000005
-10.120000000000005
-99.27999999999997
-560.28
-118.27999999999997
-44.72000000000003
-1.2799999999999727
-284.88
-161.08000000000004
-24.75999999999999
-53.75999999999999
-24.75999999999999
-40.079999999999984
-38.879999999999995
-302.11
-56.0
-47.5
-324.5
-64.5
-58.0
-537.5
-777.0
-785.0
-121.48000000000002
-22.519999999999982
-61.51999999999998
-118.0
-385.0
-634.96
-311.96
-101.04000000000002
-468.96
-53.0
-257.0
-568.0
-34.0
-760.0
-647.0
-9.5
-63.0
-54.5
-153.5
-378.5
-65.0
-86.5
-63.0
-19.0
-12.0
-35.0
-8.0
-226.0
-499.0
-22.0
-205.0
-152.0
-20.0
-24.0
-33.0
-39.0
-41.0
-32.0
-21.0
-486.0
-585.0
-92.0
-78.0
-117.0
-97.0
-100.0
-97.07499999999999
-95.0
-74.0
-10.0
-20.0
-8.0
-23.0
-136.0
-8.0
-349.0
-5.0
-185.0
-9.0
-27.0
-452.0
-601.0
-24.0
-21.0
-547.0
-9.0
-9.0
-531.0
-466.0
-35.0
-196.075
-15.0
-37.0
-25.0
-1.0
-33.0
-154.0
-4.0
-96.0
-306.0
-43.0
-721.0
-39.0
-8.519999999999982
-70.51999999999998
-36.879999999999995
-449.32000000000005
-60.67999999999995
-16.440000000000055
-393.12
-99.0
-716.0
-181.88
-777.0
-21.55000000000001
-6.0
-213.0
-195.0
-9.0
-11.0
-771.0
-521.0
-614.0
-73.0
-11.200000000000045
-255.79999999999995
-560.8
-694.8
-63.799999999999955
-358.24
-21.24000000000001
-738.24
-142.76
-273.0
-168.0
-92.0
-276.0
-592.0
-21.55000000000001
-42.0
-62.0
-9.0
-676.0
-82.0
-253.0
-118.0
-5.0
-155.0
-46.0
-433.0
-709.0
-241.0
-3.0
-283.0
-32.0
-107.12
-116.0
-401.0
-499.0
-119.0
-302.0
-530.0
-55.44999999999999
-38.0
-3.0
-21.0
-16.0
-6.0
-15.0
-134.0
-181.0
-54.51999999999998
-34.48000000000002
-238.0
-451.0
-132.0
-185.08000000000004
-118.0
-543.0
-578.0
-102.48000000000002
-6.519999999999982
-132.0
-60.0
-56.0
-163.0
-0.44999999999998863
-30.0
-52.0
-155.0
-588.0
-48.0
-358.0
-51.0
-329.0
-47.0
-88.0
-247.0
-98.0
-72.0
-28.0
-426.0
-2.0
-539.0
-161.0
-2.0
-15.0
-38.0
-44.0
-301.0
-53.03
-41.0
-44.0
-35.0
-33.0
-18.0
-59.0
-205.0
-278.0
-17.0
-26.0
-7.0
-11.0
-20.0
-27.0
-424.0
-395.0
-8.0
-436.0
-4.0
-274.0
-500.0
-540.0
-26.0
-77.54500000000004
-2.0
-42.0
-475.0
-33.0
-19.0
-621.0
-39.0
-52.0
-473.0
-578.0
-19.0
-88.0
-13.0
-5.0
-5.0
-510.0
-805.0
-570.0
-260.0
-21.5
-13.0
-7.0
-403.0
-370.06
-17.0
-5.0
-12.0
-34.0
-42.0
-20.0
-9.0
-104.0
-279.0
-412.0
-111.0
-305.0
-11.0
-161.0
-439.0
-431.20000000000005
-97.0
-358.0
-162.0
-31.0
-135.0
-37.079999999999984
-27.0
-83.44999999999999
-45.0
-134.0
-795.0
-769.0
-6.0
-392.0
-30.0
-620.0
-50.0
-14.0
-41.120000000000005
-104.0
-1.0
-49.0
-67.0
-333.0
-530.0
-625.0
-136.0
-62.120000000000005
-20.0
-44.0
-88.0
-102.55000000000001
-20.0
-2.0
-725.0
-8.0
-134.0
-144.0
-61.0
-46.0
-60.0
-17.0
-84.12
-97.0
-206.0
-79.0
-46.0
-18.0
-10.0
-48.0
-19.0
-161.0
-35.0
-38.0
-426.0
-290.55
-279.0
-472.0
-159.0
-67.0
-676.0
-38.0
-243.0
-220.0
-270.0
-40.0
-84.0
-341.0
-509.0
-85.0
-100.12
-105.0
-76.0
-171.0
-78.0
-26.0
-591.88
-4.0
-26.0
-287.02
-18.0
-798.5
-168.0
-609.5
-32.610000000000014
-28.610000000000014
-10.5
-38.24000000000001
-18.409999999999968
-43.83000000000004
-97.08000000000004
-129.91999999999996
-43.08000000000004
-82.08000000000004
-111.60000000000002
-40.39999999999998
-339.6
-299.6
-44.60000000000002
-350.4
-12.600000000000023
-29.600000000000023
-16.0
-110.42000000000002
-24.0
-32.0
-69.0
-45.0
-12.0
-297.0
-500.0
-50.0
-28.0
-147.0
-3.0
-2.0
-25.0
-54.0
-73.0
-136.0
-368.0
-65.0
-592.0
-118.5
-262.0
-9.0
-19.0
-51.59
-321.0
-7.0
-181.0
-5.0
-53.0
-59.0
-8.0
-62.0
-230.0
-18.0
-53.0
-64.0
-60.0
-276.0
-209.0
-10.0
-13.0
-198.0
-11.0
-203.0
-23.0
-12.0
-863.0
-39.59
-1.0
-613.0
-857.0
-482.0
-34.0
-7.0
-19.0
-125.0
-465.0
-286.0
-232.0
-100.0
-20.0
-586.0
-156.0
-91.0
-692.0
-88.91999999999996
-72.0
-92.0
-202.0
-39.0
-301.0
-491.58
-40.0
-22.0
-19.0
-5.0
-20.0
-385.0
-683.0
-25.0
-279.0
-9.0
-304.0
-99.12
-601.0
-113.0
-80.0
-85.0
-232.0
-89.12
-81.0
-36.0
-45.0
-33.0
-8.0
-13.420000000000016
-21.0
-68.0
-55.0
-63.0
-55.0
-140.0
-265.0
-59.0
-281.0
-112.0
-15.0
-609.0
-22.0
-254.0
-20.0
-53.0
-59.879999999999995
-52.0
-46.0
-54.0
-10.0
-585.0
-135.0
-52.420000000000016
-10.0
-7.0
-15.0
-308.0
-22.0
-9.0
-597.0
-475.0
-133.0
-62.0
-88.0
-137.0
-60.0
-202.0
-182.0
-336.0
-156.0
-101.0
-41.0
-47.879999999999995
-15.0
-80.0
-263.0
-91.57999999999998
-87.0
-17.0
-138.0
-480.0
-397.0
-166.0
-329.0
-13.0
-68.0
-111.0
-673.08
-83.0
-16.0
-21.0
-39.0
-742.0
-135.0
-135.0
-293.0
-66.0
-532.0
-1.0
-26.0
-11.420000000000016
-101.0
-62.0
-13.0
-26.0
-44.0
-699.0
-9.0
-14.0
-161.0
-602.0
-123.0
-58.0
-3.0
-29.04000000000002
-13.04000000000002
-20.0
-24.0
-1.0
-228.0
-63.0
-9.0
-73.0
-191.0
-333.59000000000003
-510.0
-8.0
-4.0
-26.0
-380.0
-1.0
-8.0
-1.0
-33.0
-69.0
-15.0
-630.0
-26.0
-259.0
-110.51999999999998
-33.48000000000002
-734.0
-28.0
-17.0
-648.0
-4.0
-4.0
-209.0
-801.59
-31.0
-823.0
-22.0
-7.0
-7.0
-18.0
-12.0
-459.0
-192.0
-188.12
-1.1200000000000045
-171.0
-39.0
-71.0
-39.0
-6.0
-75.0
-141.0
-15.0
-155.0
-382.0
-27.0
-11.0
-379.14
-20.0
-413.0
-85.0
-107.0
-804.0
-4.0
-89.0
-13.0
-373.0
-3.0
-37.0
-124.0
-3.0
-420.0
-4.0
-265.0
-90.0
-142.0
-5.0
-1.0
-61.0
-6.1200000000000045
-412.0
-3.664999999999992
-374.0
-17.0
-483.0
-238.0
-10.0
-18.0
-41.0
-1.0
-257.0
-493.0
-14.0
-622.0
-197.0
-64.0
-2.0
-42.91999999999996
-58.0
-255.0
-15.0
-153.0
-170.0
-28.0
-50.0
-53.66499999999999
-34.0
-13.0
-23.0
-74.0
-24.0
-41.0
-7.0
-496.0
-45.32000000000005
-300.67999999999995
-618.0
-243.0
-6.0
-548.0
-163.0
-166.88
-293.0
-266.0
-149.0
-4.0
-29.0
-58.0
-386.0
-6.664999999999992
-21.0
-159.0
-680.0
-7.0
-698.0
-20.0
-574.0
-486.0
-202.0
-75.88
-61.0
-174.0
-96.0
-106.0
-121.0
-92.0
-600.0
-198.0
-280.0
-53.0
-24.0
-19.0
-67.0
-3.664999999999992
-16.0
-820.0
-264.0
-8.0
-60.0
-763.0
-118.0
-489.0
-474.0
-89.0
-63.0
-44.0
-586.0
-54.0
-419.0
-737.0
-303.0
-45.0
-77.0
-260.0
-721.0
-16.0
-39.0
-157.59
-395.0
-35.0
-43.0
-44.0
-30.0
-22.0
-50.0
-3.0
-751.0
-116.0
-74.0
-1.0
-14.0
-60.0
-9.0
-24.0
-22.0
-4.0
-540.0
-3.0
-22.0
-17.0
-664.0
-28.590000000000003
-317.0
-757.0
-223.0
-38.0
-195.0
-81.0
-672.0
-102.0
-172.0
-322.0
-110.0
-158.0
-231.08000000000004
-187.0
-341.0
-298.0
-281.0
-166.12
-286.0
-134.0
-61.0
-38.0
-178.0
-4.335000000000008
-26.0
-19.0
-48.0
-125.0
-11.0
-31.0
-11.0
-16.0
-92.0
-6.0
-18.0
-58.0
-22.0
-69.91999999999996
-229.0
-554.0
-167.0
-25.0
-53.0
-124.0
-21.0
-72.0
-596.0
-671.665
-7.5
-555.0
-28.0
-15.0
-14.0
-41.0
-734.0
-273.0
-239.12
-25.0
-264.0
-138.0
-16.0
-281.12
-59.0
-586.0
-369.0
-34.0
-34.0
-33.0
-578.0
-41.0
-26.0
-50.19
-92.0
-19.0
-461.0
-461.0
-65.0
-2.0
-13.0
-32.0
-133.0
-608.0
-266.0
-530.0
-14.0
-609.0
-58.120000000000005
-87.0
-241.0
-271.0
-120.0
-43.0
-48.19999999999999
-66.0
-44.0
-261.125
-48.0
-38.0
-59.0
-45.0
-249.0
-9.0
-9.0
-137.0
-0.0
-129.0
-71.0
-566.0
-531.0
-35.0
-2.0
-17.0
-58.0
-353.0
-18.0
-232.0
-10.120000000000005
-103.0
-269.0
-183.06
-736.0
-22.0
-3.0
-33.0
-157.0
-826.0
-234.0
-277.0
-32.0
-366.0
-37.0
-208.0
-47.0
-28.0
-48.0
-0.0
-117.12
-89.0
-57.0
-45.0
-26.0
-273.0
-729.0
-62.59
-28.0
-502.0
-339.0
-10.0
-18.0
-43.0
-55.0
-398.0
-371.0
-36.0
-20.0
-7.0
-685.0
-26.0
-14.0
-9.0
-5.0
-21.0
-122.0
-551.0
-699.0
-9.0
-9.0
-46.59
-672.0
-228.0
-791.0
-33.0
-20.0
-18.0
-327.0
-82.0
-308.0
-23.0
-273.0
-130.0
-363.0
-78.0
-422.0
-20.0
-88.0
-443.12
-330.0
-8.0
-15.0
-42.0
-68.0
-89.09
-127.0
-679.0
-119.0
-91.0
-774.0
-6.0
-55.0
-58.0
-336.0
-56.0
-159.12
-155.0
-38.120000000000005
-57.0
-702.0
-50.0
-149.0
-57.0
-344.0
-31.0
-73.0
-31.0
-114.0
-5.430000000000007
-271.0
-375.0
-807.0
-5.0
-3.0
-9.0
-322.0
-12.0
-13.0
-28.0
-44.0
-76.0
-390.0
-15.0
-62.0
-46.0
-35.0
-102.0
-31.0
-113.0
-696.0
-458.0
-25.0
-15.949999999999989
-14.0
-7.0
-20.0
-20.0
-738.0
-36.0
-359.0
-124.0
-51.0
-0.8799999999999955
-38.0
-64.0
-55.0
-603.0
-84.0
-209.0
-231.0
-97.88
-180.0
-145.0
-62.0
-362.0
-570.0
-83.08000000000001
-20.0
-19.0
-6.0
-28.0
-6.0
-12.0
-269.0
-373.0
-59.0
-100.12
-266.0
-22.0
-69.0
-60.0
-33.0
-126.0
-249.08000000000004
-432.08000000000004
-5.919999999999959
-33.08000000000004
-62.60000000000002
-33.60000000000002
-557.6
-209.60000000000002
-107.60000000000002
-113.39999999999998
-20.600000000000023
-74.39999999999998
-40.0
-79.42000000000002
-68.0
-35.0
-61.0
-557.0
-573.0
-0.0
-137.0
-780.0
-17.0
-2.0
-6.0
-5.0
-509.0
-90.0
-41.0
-80.0
-77.0
-505.0
-329.0
-159.5
-126.0
-457.0
-177.0
-189.59
-54.0
-45.0
-286.0
-535.0
-288.0
-116.0
-307.0
-297.0
-98.0
-677.0
-265.0
-254.0
-258.0
-5.0
-273.0
-75.0
-264.0
-272.0
-266.0
-244.0
-13.0
-2.0
-43.0
-66.59
-26.0
-2.0
-584.0
-828.0
-56.0
-83.0
-71.0
-464.0
-341.0
-19.0
-93.0
-693.0
-57.0
-186.0
-444.0
-114.0
-260.0
-271.08000000000004
-87.0
-371.0
-12.0
-333.0
-38.0
-6.420000000000016
-68.0
-40.0
-81.0
-65.0
-513.0
-499.0
-2.0
-25.0
-319.0
-171.0
-633.0
-638.12
-299.0
-152.0
-619.0
-764.0
-627.0
-5.8799999999999955
-261.0
-63.0
-79.0
-49.0
-803.0
-22.579999999999984
-1.0
-243.0
-676.0
-53.0
-438.0
-624.0
-612.0
-52.0
-345.0
-50.0
-38.0
-340.0
-237.0
-155.0
-187.0
-175.0
-74.12
-56.0
-165.0
-455.0
-62.0
-7.0
-34.0
-26.579999999999984
-63.0
-84.0
-76.0
-424.0
-2.0
-33.0
-47.0
-700.0
-249.0
-142.0
-463.0
-56.0
-214.0
-343.0
-141.0
-115.0
-128.0
-8.0
-41.0
-114.12
-395.0
-15.0
-44.0
-450.58
-29.0
-8.0
-67.0
-721.0
-18.0
-2.0
-31.0
-628.0
-5.0
-0.0
-455.08000000000004
-459.0
-29.0
-36.0
-26.0
-25.0
-681.0
-573.0
-113.0
-64.0
-25.0
-71.0
-74.0
-117.42000000000002
-129.0
-60.0
-41.0
-210.0
-708.0
-4.0
-42.0
-8.0
-19.0
-2.0
-68.0
-62.0
-134.0
-538.96
-49.95999999999998
-72.0
-93.0
-567.0
-187.0
-63.0
-177.0
-659.0
-71.0
-196.59
-529.0
-79.0
-392.0
-483.0
-761.0
-99.0
-396.0
-470.0
-371.0
-484.0
-332.0
-307.0
-343.0
-38.0
-4.480000000000018
-132.48000000000002
-8.0
-156.0
-27.0
-45.0
-14.0
-6.0
-414.0
-31.590000000000003
-7.0
-58.0
-19.0
-848.0
-18.0
-43.0
-66.0
-105.0
-393.0
-461.12
-1.1200000000000045
-228.0
-80.0
-41.0
-46.0
-125.0
-220.0
-123.0
-62.0
-35.0
-72.0
-154.0
-11.0
-222.14
-1.0
-1.0
-9.0
-0.0
-13.0
-31.0
-121.0
-11.0
-94.0
-13.0
-10.0
-8.0
-96.0
-175.0
-191.0
-29.0
-147.0
-42.0
-98.0
-78.0
-26.0
-76.88
-612.0
-28.335000000000008
-336.0
-520.0
-188.0
-16.0
-3.0
-643.0
-20.0
-22.0
-428.0
-385.0
-303.0
-350.0
-14.0
-572.0
-301.0
-251.08000000000004
-396.0
-179.0
-102.0
-11.0
-155.0
-101.0
-8.0
-105.33500000000001
-196.0
-207.0
-19.0
-1.0
-12.0
-6.0
-36.0
-338.0
-74.67999999999995
-474.67999999999995
-292.0
-314.0
-66.0
-307.0
-22.0
-25.879999999999995
-707.0
-40.0
-44.0
-4.0
-38.0
-91.0
-587.0
-521.665
-8.0
-30.0
-204.0
-83.0
-42.0
-9.0
-48.0
-38.0
-170.0
-196.12
-55.0
-116.0
-13.0
-147.0
-480.0
-82.0
-258.0
-101.0
-6.0
-31.0
-30.0
-7.0
-80.0
-300.66499999999996
-10.0
-27.0
-37.0
-5.0
-589.0
-30.0
-294.0
-74.0
-237.0
-645.0
-725.0
-14.0
-12.0
-9.0
-2.0
-43.0
-38.0
-701.0
-6.0
-3.0
-742.0
-799.0
-69.0
-551.59
-7.0
-343.0
-589.0
-817.0
-6.0
-640.0
-124.0
-248.0
-159.0
-699.0
-217.0
-3.0
-22.0
-374.0
-638.0
-763.0
-109.0
-17.0
-5.0
-3.0
-10.0
-4.0
-158.0
-180.59
-156.0
-182.0
-11.0
-7.0
-713.0
-761.0
-739.0
-27.0
-136.0
-83.0
-40.0
-29.0
-748.08
-384.0
-86.0
-28.0
-45.0
-298.12
-106.0
-338.0
-38.0
-4.0
-24.0
-19.335000000000008
-350.0
-223.0
-483.0
-4.0
-567.0
-12.0
-10.0
-98.0
-268.0
-23.0
-11.0
-42.0
-313.0
-708.08
-662.0
-62.0
-101.0
-172.0
-14.0
-73.0
-423.0
-16.0
-23.0
-69.66499999999999
-19.5
-6.0
-0.0
-13.0
-258.0
-9.0
-11.0
-151.0
-53.879999999999995
-27.0
-331.0
-56.0
-65.0
-13.120000000000005
-433.0
-104.0
-115.0
-196.0
-264.0
-42.0
-96.0
-74.0
-187.0
-3.8100000000000023
-97.0
-734.0
-798.0
-14.0
-18.0
-680.0
-21.0
-36.0
-83.0
-186.0
-670.0
-78.0
-710.0
-773.0
-55.120000000000005
-84.0
-624.0
-493.0
-139.0
-31.0
-180.2
-113.0
-425.0
-27.875
-20.0
-18.0
-3.0
-11.0
-7.0
-23.0
-120.0
-455.0
-0.0
-483.0
-272.0
-108.0
-52.0
-35.0
-332.0
-94.0
-53.0
-109.0
-77.0
-286.0
-50.879999999999995
-129.0
-25.0
-462.06
-6.0
-25.0
-82.0
-411.0
-19.0
-19.0
-461.0
-24.0
-47.0
-4.0
-35.0
-519.0
-87.0
-99.0
-10.0
-153.0
-570.88
-36.0
-68.0
-701.0
-6.0
-31.0
-604.0
-88.59
-23.0
-444.0
-38.0
-0.0
-5.0
-3.0
-48.0
-69.0
-49.0
-13.0
-20.0
-532.0
-23.0
-593.0
-14.0
-9.0
-5.0
-21.0
-5.0
-301.0
-33.0
-1.0
-6.0
-543.59
-41.0
-1.0
-15.0
-3.0
-16.0
-18.0
-22.0
-84.0
-288.0
-8.0
-7.0
-721.0
-5.0
-45.0
-45.0
-270.0
-114.0
-222.88
-330.0
-94.0
-457.0
-99.0
-150.0
-6.090000000000003
-44.0
-8.0
-6.0
-40.0
-30.0
-626.0
-14.0
-540.0
-3.0
-359.0
-587.12
-130.0
-621.12
-60.0
-69.0
-59.0
-285.0
-57.0
-81.0
-80.0
-106.0
-576.0
-4.0
-544.5699999999999
-35.0
-264.0
-275.0
-562.0
-3.0
-9.0
-420.0
-22.0
-91.0
-12.0
-55.0
-161.0
-523.0
-20.0
-148.0
-37.0
-26.0
-225.0
-45.0
-23.0
-583.0
-682.0
-541.0
-1.0500000000000114
-5.0
-13.0
-11.0
-582.0
-13.0
-478.0
-194.0
-202.0
-164.0
-9.120000000000005
-48.0
-74.0
-45.0
-14.0
-380.0
-22.0
-14.0
-267.12
-26.0
-415.0
-26.0
-168.0
-43.0
-4.9199999999999875
-20.0
-106.0
-6.0
-84.0
-0.0
-658.0
-760.0
-146.0
-55.0
-86.88
-15.0
-17.0
-72.0
-14.0
-1.0
-9.0
-72.0
-10.0
-3.0
-25.0
-22.0
-44.0
-80.0
-27.590000000000003
-19.0
-675.0
-15.0
-4.0
-123.0
-58.0
-6.0
-42.0
-108.0
-546.0
-43.0
-439.0
-587.0
-17.0
-19.0
-0.0
-15.120000000000005
-679.0
-838.0
-248.0
-60.0
-33.0
-14.0
-177.59
-1.0
-692.0
-18.5
-2.5
-46.0
-13.5
-38.0
-421.0
-39.06
-41.360000000000014
-53.80000000000001
-479.52
-41.51999999999998
-9.519999999999982
-74.51999999999998
-89.48000000000002
-75.48000000000002
-103.0
-8.0
-46.0
-40.0
-30.0
-664.0
-35.59
-28.0
-484.0
-29.0
-6.0
-435.0
-212.0
-12.0
-235.0
-14.0
-8.0
-74.0
-515.0
-69.08000000000004
-90.0
-7.0
-259.0
-97.0
-479.0
-70.0
-72.0
-4.0
-42.0
-193.0
-718.59
-690.0
-47.0
-359.0
-58.0
-466.0
-45.0
-33.0
-273.0
-198.0
-237.0
-668.08
-24.0
-428.0
-404.0
-16.0
-71.0
-27.0
-29.0
-13.120000000000005
-74.0
-41.0
-755.0
-43.0
-755.59
-224.0
-69.0
-148.0
-454.0
-433.0
-61.0
-131.0
-408.0
-15.0
-35.0
-42.0
-177.0
-76.0
-65.0
-25.0
-537.0
-45.0
-85.0
-176.20000000000005
-113.0
-169.0
-272.0
-756.0
-709.59
-46.0
-198.0
-75.0
-76.0
-69.0
-88.0
-59.0
-58.0
-171.0
-24.0
-422.0
-124.0
-38.0
-185.0
-219.0
-234.0
-203.0
-35.0
-153.0
-381.0
-64.0
-602.0
-19.0
-10.409999999999997
-21.0
-39.0
-32.0
-21.0
-11.0
-759.0
-33.0
-617.0
-397.0
-52.879999999999995
-269.12
-144.0
-153.0
-106.0
-46.0
-28.0
-7.0
-626.0
-67.0
-443.0
-14.0
-37.0
-169.0
-49.59
-94.0
-97.0
-82.0
-24.0
-12.0
-7.0
-573.0
-136.0
-50.879999999999995
-61.0
-298.0
-529.0
-13.519999999999982
-24.75999999999999
-30.0
-13.0
-736.0
-21.0
-3.0
-89.0
-425.0
-13.0
-1.0
-802.59
-9.0
-309.0
-12.0
-111.0
-21.0
-178.0
-652.0
-22.0
-780.0
-61.0
-76.0
-757.0
-85.0
-764.96
-87.04000000000002
-52.0
-18.0
-25.0
-25.0
-12.0
-9.0
-23.0
-27.0
-94.59
-67.0
-15.0
-271.0
-5.0
-815.0
-586.0
-14.0
-134.0
-34.0
-43.0
-551.0
-25.0
-21.0
-687.0
-27.0
-399.12
-541.0
-31.0
-49.0
-27.0
-73.0
-36.0
-54.0
-46.59
-7.0
-27.0
-21.0
-16.0
-7.0
-3.0
-703.0
-454.0
-416.0
-20.0
-55.0
-556.0
-18.879999999999995
-148.0
-375.0
-502.0
-192.0
-139.0
-66.12
-0.0
-62.0
-66.0
-32.0
-15.409999999999997
-11.0
-49.0
-1.0
-30.0
-5.0
-370.0
-12.0
-29.0
-80.0
-92.0
-88.0
-114.0
-117.96000000000004
-38.960000000000036
-45.0
-14.0
-699.0
-116.0
-96.0
-616.0
-5.0
-24.0
-32.0
-22.409999999999997
-302.0
-15.0
-32.0
-31.0
-36.0
-53.0
-490.0
-328.0
-474.0
-260.0
-191.0
-60.0
-31.0
-103.12
-16.0
-628.0
-561.12
-124.0
-28.879999999999995
-62.0
-21.0
-72.0
-3.0
-10.409999999999997
-23.0
-10.0
-38.0
-73.0
-506.88
-652.0
-17.0
-114.0
-50.0
-81.0
-660.0
-13.0
-64.08000000000004
-167.0
-18.0
-78.0
-39.0
-74.0
-10.0
-524.1800000000001
-705.0
-53.0
-249.0
-789.0
-38.0
-20.0
-51.0
-18.0
-105.0
-217.0
-37.0
-452.0
-189.0
-18.0
-39.0
-41.0
-470.0
-461.0
-168.0
-36.0
-34.0
-27.0
-32.0
-131.68
-47.0
-625.0
-410.0
-12.0
-641.0
-3.0
-102.0
-10.120000000000005
-80.0
-117.0
-75.0
-41.0
-70.0
-95.0
-75.0
-102.0
-20.0
-201.0
-67.0
-173.0
-35.0
-626.0
-5.0
-8.680000000000007
-12.0
-64.0
-14.0
-0.0
-1.0
-5.0
-210.0
-28.0
-80.0
-122.0
-774.08
-151.0
-4.1200000000000045
-29.0
-17.0
-3.0
-544.0
-632.0
-153.0
-146.0
-102.0
-74.0
-25.0
-213.68
-2.0
-55.0
-26.0
-330.0
-6.0
-6.0
-6.0
-15.0
-415.0
-75.96000000000004
-328.03999999999996
-30.0
-136.0
-53.0
-78.0
-78.0
-116.0
-73.0
-12.0
-79.0
-181.0
-380.0
-2.0
-6.319999999999993
-37.0
-63.0
-57.0
-833.0
-752.0
-763.0
-39.0
-92.0
-111.0
-48.0
-46.0
-13.0
-50.0
-445.0
-33.0
-397.0
-82.0
-62.0
-162.0
-23.0
-27.0
-41.0
-24.0
-32.5
-545.0
-25.0
-427.0
-353.0
-67.0
-27.0
-760.0
-63.0
-36.0
-63.0
-290.0
-610.0
-831.0
-45.0
-131.0
-624.0
-7.0
-28.0
-2.0
-173.0
-9.0
-768.0
-13.0
-568.5
-5.0
-784.0
-8.0
-8.0
-27.0
-4.0
-30.0
-667.0
-376.0
-40.0
-109.0
-629.0
-17.0
-360.0
-50.0
-82.0
-42.0
-72.0
-279.0
-47.0
-439.0
-41.0
-78.0
-3.680000000000007
-2.0
-752.0
-4.0
-42.0
-357.0
-8.0
-0.0
-704.0
-274.0
-564.0
-116.0
-620.0
-46.0
-149.0
-596.0
-105.0
-56.0
-66.0
-376.0
-234.0
-32.0
-20.0
-6.0
-359.68
-3.0
-11.0
-4.0
-85.0
-7.0
-755.0
-148.0
-391.0
-17.0
-24.0
-20.0
-17.0
-138.0
-0.0
-24.0
-284.0
-677.0
-86.0
-34.0
-69.0
-32.0
-149.0
-103.0
-31.680000000000007
-22.0
-17.0
-2.0
-90.0
-795.0
-24.0
-7.0
-469.0
-89.0
-33.0
-0.0
-29.0
-305.0
-26.0
-130.0
-420.0
-164.0
-225.0
-17.0
-35.0
-228.0
-5.0
-39.0
-24.180000000000007
-548.0
-75.0
-84.0
-78.0
-84.0
-6.0
-33.0
-26.0
-1.0
-3.0
-33.0
-75.0
-536.0
-43.0
-511.0
-129.0
-184.0
-330.0
-26.0
-573.0
-47.0
-15.920000000000016
-38.5
-37.474999999999994
-14.0
-769.0
-742.0
-702.0
-14.0
-625.0
-23.0
-39.0
-359.0
-573.0
-185.0
-60.0
-40.0
-42.0
-595.0
-60.0
-66.12
-56.0
-76.0
-40.0
-42.0
-48.0
-80.0
-175.5
-685.0
-30.0
-577.0
-9.0
-18.0
-803.0
-47.0
-39.0
-679.0
-57.0
-30.0
-17.0
-519.0
-7.0
-508.0
-599.0
-421.0
-2.0
-336.0
-42.0
-12.0
-399.0
-4.0
-64.5
-3.0
-146.0
-580.0
-36.0
-40.0
-27.0
-21.0
-148.0
-265.0
-226.0
-13.0
-52.0
-71.0
-17.0
-429.0
-22.0
-167.0
-121.0
-53.0
-26.0
-58.0
-77.0
-7.0
-11.474999999999994
-11.0
-10.0
-5.0
-829.5
-0.0
-9.5
-0.0
-165.04000000000002
-43.0
-47.0
-34.0
-27.0
-27.0
-18.0
-20.0
-130.0
-65.0
-130.0
-238.0
-19.0
-28.0
-8.0
-159.0
-104.13
-239.0
-58.0
-22.0
-57.0
-5.0
-3.0
-54.0
-677.0
-137.0
-9.67999999999995
-49.559999999999945
-10.67999999999995
-99.0
-451.0
-618.0
-46.440000000000055
-337.55999999999995
-253.08000000000004
-111.91999999999996
-448.96
-40.44
-3.5600000000000023
-34.0
-12.194999999999993
-50.0
-79.0
-61.0
-20.0
-590.0
-853.0
-11.0
-170.0
-116.0
-80.0
-43.0
-32.0
-124.0
-45.0
-110.0
-52.0
-70.0
-426.0
-320.0
-44.0
-551.0
-147.0
-7.0
-368.195
-104.75999999999999
-72.0
-801.5
-33.5
-643.5
-23.0
-2.0
-30.0
-14.0
-690.0
-605.0
-68.0
-51.0
-148.0
-12.0
-558.0
-108.0
-592.0
-94.0
-107.0
-149.0
-26.0
-16.0
-294.195
-26.0
-428.5
-13.5
-23.5
-17.0
-505.5
-15.0
-4.0
-588.74
-69.07999999999998
-0.9200000000000159
-9.079999999999984
-92.08000000000001
-9.019999999999982
-11.079999999999984
-152.07999999999998
-223.07999999999998
-164.08
-741.08
-212.77999999999997
-60.5
-53.5
-5.5
-9.5
-9.0
-0.5
-7.5
-501.5
-10.0
-10.5
-12.0
-15.0
-38.25999999999999
-85.22000000000003
-345.56
-338.56
-73.95999999999998
-323.98
-311.56
-0.9800000000000182
-340.56
-519.04
-27.439999999999998
-30.439999999999998
-6.5
-18.5
-13.5
-9.5
-20.75999999999999
-21.0
-531.5
-29.5
-4.5
-12.5
-769.5
-129.92000000000002
-332.08000000000004
-43.91999999999996
-8.080000000000041
-46.91999999999996
-8.080000000000041
-26.91999999999996
-53.91999999999996
-386.91999999999996
-44.91999999999996
-25.08000000000004
-433.91999999999996
-246.92000000000002
-608.0799999999999
-1.079999999999984
-0.0
-11.805000000000007
-9.240000000000009
-15.0
-45.0
-65.0
-7.0
-712.0
-69.0
-127.0
-47.0
-177.08000000000004
-19.840000000000032
-9.279999999999973
-28.720000000000027
-404.76
-14.0
-126.0
-457.0
-179.67999999999995
-117.32000000000005
-54.31999999999999
-434.0
-358.0
-0.0
-597.1949999999999
-109.24000000000001
-57.44
-27.939999999999998
-20.439999999999998
-17.439999999999998
-357.56
-800.3199999999999
-172.12
-265.12
-221.88
-483.88
-11.120000000000005
-117.63999999999999
-35.50999999999999
-12.120000000000005
-52.110000000000014
-111.88
-70.88
-484.89
-506.4
-97.60000000000002
-341.39
-61.60000000000002
-61.48000000000002
-27.519999999999982
-260.78
-22.060000000000002
-200.56
-14.439999999999998
-426.56
-44.879999999999995
-98.56
-81.39999999999998
-64.20000000000005
-1.7999999999999545
-634.8
-67.20000000000005
-44.200000000000045
-52.200000000000045
-411.79999999999995
-219.79999999999995
-25.799999999999955
-230.20000000000005
-77.19999999999999
-27.19999999999999
-27.80000000000001
-28.19999999999999
-39.06999999999999
-34.28
-276.12
-314.12
-44.120000000000005
-692.12
-59.879999999999995
-214.12
-312.12
-91.12
-94.88
-35.120000000000005
-21.279999999999973
-68.72000000000003
-149.72000000000003
-73.72000000000003
-80.27999999999997
-1.1200000000000045
-522.08
-163.76
-39.24000000000001
-55.24000000000001
-226.92000000000002
-268.12
-1.8899999999999864
-2.0
-2.5
-9.5
-19.5
-150.0
-210.5
-22.0
-70.0
-19.480000000000018
-19.519999999999982
-40.51999999999998
-97.0
-17.0
-32.04000000000002
-6.9599999999999795
-150.95999999999998
-40.04000000000002
-427.0
-39.0
-103.0
-137.0
-418.0
-397.0
-393.5
-51.0
-22.5
-15.5
-402.5
-19.0
-19.5
-213.0
-47.0
-30.75999999999999
-405.24
-7.560000000000002
-686.44
-14.560000000000002
-663.44
-32.56
-8.560000000000002
-491.44
-61.56
-768.0
-305.0
-119.0
-131.0
-141.5
-130.5
-65.27999999999997
-93.92000000000002
-254.04000000000002
-14.95999999999998
-40.95999999999998
-60.95999999999998
-108.95999999999998
-407.04
-305.96000000000004
-556.96
-118.03999999999996
-395.96000000000004
-120.03999999999996
-53.039999999999964
-49.039999999999964
-73.03999999999996
-52.960000000000036
-111.96000000000004
-173.96000000000004
-354.03999999999996
-72.04000000000002
-62.04000000000002
-472.04
-67.86000000000001
-38.860000000000014
-583.0
-557.52
-33.48000000000002
-583.02
-709.02
-32.47999999999999
-27.0
-247.0
-5.0
-631.0
-91.0
-87.0
-629.0
-14.0
-48.0
-14.0
-168.0
-358.0
-52.0
-35.0
-27.0
-19.0
-147.44
-473.0
-36.0
-7.0
-3.0
-3.0
-463.0
-10.0
-398.0
-397.0
-17.0
-80.0
-490.0
-106.0
-702.0
-111.0
-74.0
-22.0
-335.0
-154.0
-134.0
-21.0
-33.0
-1.0
-36.44
-9.0
-45.0
-39.0
-42.0
-23.0
-52.0
-184.0
-242.0
-228.0
-38.0
-372.0
-134.0
-163.0
-152.0
-519.0
-153.0
-240.0
-412.0
-46.0
-622.0
-532.48
-408.48
-12.0
-0.01999999999998181
-27.5
-0.0
-762.0
-655.0
-6.5
-12.0
-334.24
-309.0
-221.0
-77.0
-68.0
-42.0
-25.0
-19.0
-30.0
-22.0
-177.76
-352.76
-4.759999999999991
-79.75999999999999
-378.48
-409.48
-110.0
-6.960000000000008
-745.0
-69.0
-817.0
-16.0
-10.0
-7.0
-93.0
-79.0
-48.0
-63.0
-17.0
-7.0
-56.0
-82.0
-71.0
-113.0
-419.0
-46.0
-3.0
-205.0
-4.0
-13.0
-408.0
-18.5
-29.0
-32.0
-39.0
-38.0
-459.0
-38.0
-14.0
-30.0
-0.0
-55.0
-41.0
-14.0
-30.0
-216.0
-421.0
-160.0
-365.0
-66.0
-267.0
-314.0
-443.0
-30.0
-8.0
-42.5
-758.0
-6.0
-12.0
-40.0
-658.0
-223.0
-32.0
-171.0
-137.0
-304.0
-69.0
-83.0
-87.0
-71.0
-47.0
-370.0
-111.0
-176.0
-18.0
-4.0
-23.0
-31.0
-93.0
-100.1
-71.27999999999997
-263.28
-251.27999999999997
-95.27999999999997
-99.27999999999997
-101.27999999999997
-256.28
-372.72
-296.72
-53.72000000000003
-48.72000000000003
-101.72000000000003
-315.28
-308.28
-265.28
-302.28
-117.72000000000003
-223.72000000000003
-163.72000000000003
-329.0
-215.0
-40.0
-205.0
-16.379999999999995
-98.0
-16.0
-127.0
-145.0
-366.0
-29.0
-35.0
-477.0
-53.0
-270.0
-310.0
-416.0
-53.0
-29.0
-0.0
-19.0
-46.0
-63.0
-48.0
-289.0
-62.0
-4.0
-628.0
-9.379999999999995
-57.0
-492.0
-18.0
-289.0
-51.0
-11.0
-751.0
-26.0
-28.0
-2.0
-7.0
-472.0
-139.0
-101.0
-90.0
-234.0
-58.0
-34.0
-417.0
-249.0
-66.0
-663.0
-9.160000000000025
-28.620000000000005
-6.0
-25.0
-2.0
-41.0
-32.0
-17.0
-130.0
-20.0
-105.0
-41.0
-200.0
-57.0
-93.0
-739.0
-26.0
-67.0
-34.879999999999995
-242.0
-509.0
-101.0
-268.0
-6.0
-681.0
-28.620000000000005
-49.0
-64.0
-75.0
-675.0
-18.0
-12.0
-22.0
-168.0
-402.0
-281.0
-133.0
-106.0
-533.0
-97.0
-101.0
-103.0
-668.0
-40.0
-379.0
-76.0
-96.0
-86.0
-624.0
-109.5
-109.0
-26.0
-219.0
-255.0
-118.0
-251.0
-1.0
-173.0
-29.0
-48.0
-215.0
-528.0
-46.0
-254.0
-209.0
-60.0
-62.0
-74.0
-11.0
-60.0
-461.0
-15.0
-70.0
-864.0
-726.0
-457.0
-750.0
-74.0
-66.0
-83.13999999999999
-87.0
-24.5
-24.0
-837.0
-24.5
-390.0
-313.0
-34.0
-30.0
-201.0
-76.0
-71.0
-58.0
-419.0
-891.0
-87.0
-59.0
-71.0
-54.0
-885.0
-1.0
-769.0
-517.0
-20.139999999999986
-182.0
-27.0
-12.0
-5.0
-7.0
-78.0
-25.0
-195.0
-24.0
-43.0
-849.0
-43.0
-53.0
-36.0
-40.0
-152.0
-53.0
-587.0
-39.0
-871.0
-350.0
-30.0
-18.0
-35.120000000000005
-11.0
-14.0
-34.0
-36.0
-63.0
-297.0
-87.0
-85.0
-906.0
-40.0
-24.5
-869.0
-103.0
-34.0
-300.0
-10.0
-27.0
-1.0
-18.0
-341.0
-8.0
-414.0
-629.0
-62.07499999999999
-65.0
-860.0
-1.0
-53.0
-61.0
-70.0
-405.0
-51.0
-50.0
-804.0
-25.0
-29.0
-30.0
-137.0
-11.0
-24.0
-4.0
-20.0
-476.0
-307.0
-661.0
-23.0
-324.0
-585.075
-18.0
-8.0
-30.0
-3.0
-20.0
-4.0
-23.0
-446.0
-352.0
-228.0
-242.0
-250.0
-254.0
-275.0
-392.0
-188.0
-206.0
-284.0
-109.0
-84.0
-364.0
-426.0
-49.0
-284.965
-21.0
-186.0
-17.0
-19.0
-332.0
-30.0
-9.0
-654.0
-211.0
-65.0
-31.0
-46.0
-82.0
-103.12
-97.0
-19.0
-428.0
-211.0
-47.0
-55.0
-37.0
-8.0
-837.0
-303.965
-15.0
-614.0
-25.0
-33.0
-8.0
-21.0
-53.0
-150.0
-184.0
-47.0
-119.0
-61.0
-14.0
-4.0
-34.0
-331.0
-139.0
-523.0
-381.0
-496.0
-16.0
-562.0
-179.0
-682.9649999999999
-303.0
-236.0
-12.0
-672.0
-1.0
-758.0
-61.0
-61.0
-44.0
-96.88
-60.0
-71.0
-65.0
-75.0
-46.0
-66.0
-303.0
-348.0
-25.0
-40.0
-620.0
-105.0
-25.0
-1.964999999999975
-6.0
-6.0
-63.0
-379.0
-37.0
-17.0
-11.0
-342.0
-50.0
-18.0
-32.0
-30.0
-8.0
-286.0
-4.0
-3.0
-187.16
-31.0
-29.0
-9.0
-4.0
-536.0
-27.0
-61.07499999999999
-2.0
-24.0
-18.0
-25.0
-58.0
-385.5
-36.0
-159.0
-92.15999999999997
-62.15999999999997
-673.16
-128.15999999999997
-52.15999999999997
-96.27999999999997
-96.15999999999997
-31.840000000000032
-703.16
-328.15999999999997
-85.15999999999997
-32.160000000000025
-59.839999999999975
-95.16000000000003
-334.0
-13.035000000000025
-30.0
-785.0
-653.0
-31.0
-52.0
-20.0
-16.0
-6.0
-261.0
-81.0
-31.0
-59.0
-27.91999999999996
-33.0
-25.0
-50.0
-521.0
-85.0
-76.0
-17.079999999999984
-90.0
-140.0
-2.0
-46.964999999999975
-2.0
-54.0
-5.0
-27.0
-6.0
-746.0
-29.0
-9.639999999999986
-113.63999999999999
-21.24000000000001
-34.879999999999995
-406.67999999999995
-48.440000000000055
-11.0
-18.480000000000018
-19.519999999999982
-31.960000000000036
-278.03999999999996
-51.559999999999945
-302.44
-188.0
-525.0
-435.0
-330.965
-50.5
-2.0
-4.5
-186.5
-0.0
-802.0
-3.0
-67.30000000000001
-90.83000000000004
-555.7
-25.32000000000005
-150.91999999999996
-35.91999999999996
-112.91999999999996
-430.03999999999996
-144.91999999999996
-603.92
-47.91999999999996
-64.91999999999996
-57.920000000000016
-408.08
-52.920000000000016
-46.0
-346.965
-0.5
-14.0
-499.5
-627.5
-11.0
-2.0
-10.0
-89.0
-270.0
-173.0
-84.0
-113.0
-32.879999999999995
-6.67999999999995
-152.67999999999995
-14.67999999999995
-347.84000000000003
-152.27999999999997
-10.200000000000045
-60.80000000000001
-29.19999999999999
-139.0
-76.0
-11.964999999999975
-318.5
-335.0
-6.0
-1.0
-10.0
-316.0
-39.0
-138.0
-21.0
-228.0
-303.0
-36.0
-33.96000000000001
-12.95999999999998
-9.480000000000018
-48.51999999999998
-46.68000000000001
-62.0
-504.32
-157.5
-408.0
-13.0
-4.0
-46.07499999999999
-2.0
-5.0
-301.0
-21.0
-494.0
-563.0
-55.0
-610.0
-6.0
-11.0
-36.0
-38.0
-78.0
-10.759999999999991
-70.25999999999999
-76.75999999999999
-91.75999999999999
-198.0
-40.0
-12.0
-2.0
-280.0
-13.0
-810.075
-1.0
-36.0
-42.0
-17.0
-20.0
-227.0
-25.0
-130.0
-8.0
-51.0
-67.08000000000004
-90.0
-13.0
-23.0
-36.0
-44.0
-29.120000000000005
-9.0
-112.0
-127.0
-60.0
-656.0
-111.0
-144.96499999999997
-59.84
-55.0
-32.75999999999999
-53.72
-48.0
-42.0
-35.0
-131.0
-18.0
-80.0
-68.0
-443.0
-680.0
-53.120000000000005
-348.12
-12.0
-2.0
-184.0
-101.32000000000005
-110.83999999999997
-60.160000000000025
-59.0
-92.0
-106.22000000000003
-129.68
-93.0
-99.52000000000001
-71.0
-691.0
-82.0
-61.0
-89.36000000000001
-19.480000000000018
-17.799999999999955
-339.48
-611.6
-27.32000000000005
-5.0
-60.84000000000003
-100.27999999999997
-51.120000000000005
-111.88
-436.12
-114.0
-63.0
-74.0
-93.0
-57.15499999999997
-84.16
-13.0
-27.75999999999999
-767.5
-33.5
-26.0
-29.0
-55.0
-43.72000000000003
-73.72000000000003
-5.039999999999964
-20.039999999999964
-263.03999999999996
-302.03999999999996
-295.03999999999996
-270.03999999999996
-295.03999999999996
-191.03999999999996
-62.960000000000036
-128.04000000000002
-211.04000000000002
-13.95999999999998
-19.0
-13.154999999999973
-7.159999999999997
-102.0
-1.0
-641.0
-45.0
-445.0
-26.0
-10.0
-63.0
-32.0
-137.0
-136.12
-188.0
-5.0
-12.0
-59.0
-60.0
-122.0
-207.0
-377.88
-19.0
-11.0
-11.0
-43.15499999999997
-756.5
-703.0
-303.5
-6.0
-5.0
-7.5
-2.5
-679.5
-654.5
-6.0
-15.0
-11.0
-8.0
-141.0
-622.74
-19.480000000000018
-4.52000000000001
-694.0
-766.0
-30.0
-31.0
-22.0
-4.0
-674.075
-4.5
-51.0
-68.5
-616.0
-22.0
-268.5
-375.5
-10.5
-3.5
-140.0
-26.5
-38.0
-261.5
-249.24
-394.74
-43.74000000000001
-34.24000000000001
-111.16
-32.0
-491.0
-37.5
-509.0
-3.0
-50.07499999999999
-32.84
-61.66
-38.0
-46.5
-81.5
-23.5
-575.0
-140.0
-293.0
-27.0
-439.44000000000005
-110.32000000000005
-73.55999999999995
-444.67999999999995
-290.67999999999995
-351.67999999999995
-19.840000000000032
-18.840000000000032
-170.15999999999997
-41.15999999999997
-67.83999999999997
-369.84
-26.0
-794.845
-556.16
-101.34
-15.0
-24.0
-18.0
-457.0
-733.0
-275.0
-180.0
-459.0
-69.0
-264.4
-147.67999999999995
-47.39999999999998
-48.0
-114.44000000000005
-189.44000000000005
-216.55999999999995
-141.44000000000005
-181.56
-91.56
-439.56
-200.0
-28.089999999999975
-2.8400000000000034
-8.319999999999993
-26.0
-43.0
-24.0
-50.0
-4.0
-253.0
-46.91999999999996
-33.0
-256.0
-78.0
-5.0
-664.0
-391.0
-42.0
-27.0
-161.0
-52.0
-26.0
-67.0
-84.0
-118.0
-111.97999999999999
-147.16
-22.0
-3.0
-72.0
-14.0
-6.0
-22.0
-81.0
-74.0
-11.0
-68.0
-48.0
-122.88
-635.0
-26.0
-145.0
-40.0
-75.0
-396.0
-9.0
-118.0
-155.0
-118.0
-2.3950000000000102
-39.84
-740.0
-8.0
-26.0
-11.0
-17.0
-1.0
-214.0
-28.0
-18.120000000000005
-157.51999999999998
-4.519999999999982
-33.51999999999998
-68.51999999999998
-6.1200000000000045
-11.0
-139.12
-426.32000000000005
-270.32000000000005
-43.68000000000001
-308.0
-555.0
-16.0
-7.60499999999999
-12.5
-33.0
-15.5
-37.0
-809.0
-10.0
-2.5
-126.5
-2.0
-797.0
-393.0
-751.0
-4.0
-95.0
-16.0
-769.0
-4.0
-12.0
-571.0
-30.0
-36.5
-19.0
-386.0
-18.07499999999999
-37.5
-3.0
-28.0
-435.0
-13.0
-537.0
-44.0
-194.0
-29.0
-472.0
-490.0
-42.0
-772.0
-141.0
-72.0
-33.0
-452.0
-7.0
-228.0
-12.0
-4.0
-11.0
-14.0
-71.07499999999999
-11.840000000000003
-28.0
-12.0
-33.0
-12.0
-8.0
-295.0
-148.0
-386.0
-5.0
-7.0
-11.0
-8.0
-38.0
-21.0
-1.0
-501.0
-26.0
-18.0
-7.1200000000000045
-50.0
-20.0
-470.0
-2.3950000000000102
-36.0
-2.0
-2.0
-4.0
-343.0
-33.0
-58.0
-125.0
-75.0
-16.0
-63.0
-64.0
-83.88
-13.0
-155.0
-124.12
-129.0
-475.0
-115.12
-45.0
-24.0
-18.0
-53.0
-173.19
-498.0
-37.920000000000016
-91.92000000000002
-48.920000000000016
-2.5
-182.07999999999998
-86.92000000000002
-435.08
-184.07999999999998
-330.0
-715.0
-661.0
-72.0
-81.0
-40.0
-27.0
-195.0
-549.0
-18.0
-35.0
-30.120000000000005
-35.0
-124.0
-7.939999999999998
-44.0
-510.0
-3.0
-2.0
-378.0
-12.0
-514.0
-85.0
-55.0
-21.0
-6.0
-85.88
-49.0
-493.0
-602.0
-408.0
-377.0
-14.080000000000041
-130.0
-58.0
-40.0
-124.0
-48.0
-41.139999999999986
-12.0
-817.0
-23.0
-31.0
-22.0
-576.0
-33.0
-66.0
-265.0
-17.0
-28.0
-734.0
-247.0
-144.0
-7.0
-55.0
-15.0
-131.0
-9.0
-253.0
-131.0
-97.0
-16.0
-275.655
-23.0
-60.0
-36.0
-12.0
-9.0
-633.0
-62.0
-146.0
-111.0
-94.0
-101.0
-102.0
-15.0
-59.0
-97.0
-136.0
-79.0
-53.0
-21.0
-74.0
-55.0
-823.0
-32.0
-388.075
-40.0
-677.0
-38.0
-30.0
-43.0
-30.0
-242.0
-238.0
-833.0
-228.0
-6.0
-15.0
-60.0
-9.0
-19.0
-43.0
-496.0
-176.0
-68.0
-18.0
-106.0
-25.0
-9.0
-493.075
-351.0
-354.0
-336.0
-644.0
-10.0
-42.0
-161.0
-119.0
-375.0
-449.0
-19.08000000000004
-69.0
-18.0
-127.20000000000005
-72.0
-88.0
-113.0
-62.0
-197.0
-37.0
-60.0
-2.0
-51.0
-612.655
-409.0
-165.0
-14.0
-701.0
-158.5
-108.0
-62.0
-195.0
-70.0
-293.0
-41.0
-93.0
-14.0
-48.0
-9.0
-312.0
-322.0
-191.0
-185.0
-28.24000000000001
-49.0
-19.0
-73.0
-18.345000000000027
-11.0
-6.0
-532.0
-4.0
-705.0
-72.0
-193.0
-15.0
-214.0
-37.0
-27.0
-9.0
-357.0
-78.0
-36.120000000000005
-63.0
-31.0
-515.0
-257.0
-16.0
-69.0
-41.0
-65.0
-4.829999999999984
-16.0
-656.0
-43.0
-4.0
-30.0
-408.0
-78.0
-87.0
-35.0
-47.0
-8.0
-367.0
-317.0
-4.0
-16.0
-34.0
-8.0
-42.0
-69.0
-338.0
-86.0
-480.0
-7.0
-24.879999999999995
-9.0
-23.0
-466.0
-811.0
-399.0
-43.0
-271.0
-149.88
-3.0
-184.0
-186.0
-13.0
-12.0
-100.0
-39.0
-2.0
-278.0
-150.0
-157.0
-135.0
-54.0
-141.0
-26.845
-64.0
-5.0
-72.0
-9.0
-29.0
-37.0
-41.0
-328.0
-10.0
-125.0
-49.0
-18.0
-6.0
-93.0
-472.0
-65.5
-56.5
-466.0
-205.0
-124.0
-43.0
-142.5
-19.0
-12.870000000000005
-479.0
-48.0
-584.0
-500.5
-25.0
-38.0
-2.0
-16.0
-62.0
-37.0
-569.0
-15.0
-15.0
-25.0
-656.0
-18.5
-188.5
-274.0
-344.0
-85.0
-2.0
-27.0
-94.0
-12.870000000000005
-62.5
-36.53999999999999
-44.0
-31.5
-624.0
-614.0
-615.0
-36.0
-287.0
-249.0
-223.0
-428.0
-517.0
-243.0
-1.0
-2.0
-39.0
-443.0
-177.0
-169.0
-586.0
-7.5
-204.0
-637.155
-23.5
-43.46000000000001
-464.0
-434.5
-236.0
-681.0
-739.0
-67.0
-407.0
-133.0
-52.0
-523.0
-44.0
-38.0
-568.0
-82.0
-234.0
-18.0
-66.0
-35.0
-39.0
-477.0
-24.0
-59.155
-40.5
-534.92
-41.0
-887.0
-34.0
-43.0
-24.0
-16.0
-173.0
-6.0
-41.0
-169.0
-194.0
-109.0
-614.0
-32.0
-419.0
-130.0
-23.0
-231.0
-35.0
-77.0
-310.0
-29.155
-12.0
-20.0
-3.0
-782.0
-35.0
-20.0
-61.0
-544.0
-19.0
-11.0
-799.0
-619.0
-181.0
-18.0
-92.0
-536.0
-203.0
-120.0
-64.0
-12.0
-72.0
-772.0
-32.0
-65.155
-49.0
-231.0
-247.0
-216.5
-245.0
-239.0
-76.0
-235.0
-249.0
-78.0
-81.0
-154.0
-147.0
-115.0
-548.0
-90.0
-60.0
-41.0
-11.0
-492.0
-4.0
-68.0
-222.0
-5.844999999999999
-148.0
-18.0
-4.0
-828.0
-8.0
-517.0
-7.0
-44.0
-72.0
-516.0
-53.0
-36.0
-749.0
-31.0
-109.0
-24.0
-37.0
-30.0
-41.0
-50.0
-326.0
-64.0
-69.0
-104.13
-2.0
-10.0
-326.0
-19.0
-195.0
-49.0
-30.0
-298.0
-30.0
-84.0
-51.0
-552.0
-94.0
-71.0
-138.0
-132.0
-143.0
-73.0
-44.0
-479.0
-5.0
-1.0
-10.0
-38.129999999999995
-15.0
-16.0
-22.0
-7.0
-597.0
-15.0
-206.0
-97.0
-289.0
-2.0
-9.0
-745.0
-64.0
-141.0
-52.0
-25.0
-203.0
-56.0
-51.0
-141.0
-293.0
-349.0
-496.0
-789.155
-11.0
-13.0
-325.48
-29.5
-38.5
-15.5
-30.0
-118.0
-94.32000000000005
-19.67999999999995
-98.32000000000005
-91.0
-95.0
-51.0
-521.0
-15.0
-42.0
-82.0
-73.0
-172.0
-2.0
-776.0
-333.0
-34.155
-45.0
-537.0
-12.0
-732.0
-791.0
-19.0
-19.0
-58.0
-115.0
-131.0
-74.0
-631.0
-90.0
-195.0
-607.0
-256.0
-226.0
-142.0
-17.0
-67.0
-709.0
-24.0
-466.0
-513.14
-825.5
-8.0
-595.5
-31.680000000000007
-10.590000000000003
-3.6200000000000045
-730.48
-127.83999999999997
-113.36000000000001
-170.36
-234.51999999999998
-229.51999999999998
-138.64
-205.15999999999997
-216.15999999999997
-77.15999999999997
-206.15999999999997
-248.24
-43.75999999999999
-122.39999999999998
-59.60000000000002
-98.39999999999998
-86.75999999999999
-9.39500000000001
-50.0
-20.0
-230.5
-69.84000000000003
-752.41
-3.3799999999999955
-20.19999999999999
-764.5799999999999
-179.0
-495.52
-36.24000000000001
-14.740000000000009
-256.0
-563.0
-71.0
-125.0
-399.0
-186.0
-589.0
-618.0
-55.0
-17.0
-469.62
-47.60499999999999
-105.51999999999998
-95.47999999999999
-601.8199999999999
-524.0
-26.0
-53.0
-644.0
-55.0
-17.0
-96.0
-99.0
-394.0
-52.0
-273.0
-449.0
-74.0
-60.0
-34.0
-49.0
-122.0
-29.0
-646.0
-21.0
-27.129999999999995
-74.30000000000001
-18.24000000000001
-26.639999999999986
-24.0
-2.0
-10.0
-52.639999999999986
-53.0
-1.5
-14.0
-33.5
-7.5
-25.0
-1.0
-275.5
-7.5
-9.0
-25.5
-26.5
-28.0
-169.0
-38.0
-558.5
-57.129999999999995
-43.0
-620.0
-816.0
-21.840000000000032
-675.41
-138.24
-326.01
-19.0
-503.0
-15.0
-500.0
-740.0
-158.0
-108.0
-609.0
-453.5
-180.0
-289.0
-64.0
-6.0
-202.0
-63.0
-81.0
-29.60499999999999
-70.91
-89.0
-11.099999999999994
-47.0
-693.41
-61.0
-4.990000000000009
-246.39999999999998
-655.0
-400.0
-167.0
-112.0
-461.0
-490.0899999999998
-157.0
-202.0
-402.0
-123.0
-3.0
-339.0
-1.0
-149.0
-43.0
-39.60499999999999
-22.180000000000007
-732.8199999999999
-12.199999999999989
-13.180000000000007
-128.18
-56.18000000000001
-10.819999999999993
-266.8
-237.82000000000005
-241.82000000000005
-220.82000000000005
-24.17999999999995
-325.79999999999995
-121.82000000000005
-360.17999999999995
-353.17999999999995
-138.18
-335.2
-238.17999999999995
-158.82
-31.0
-19.0
-372.0
-673.605
-39.30000000000001
-630.0
-877.0
-756.0
-587.0
-59.0
-401.0
-193.0
-116.0
-354.0
-642.0
-29.0
-24.0
-99.0
-50.0
-595.0
-97.0
-91.0
-117.0
-564.0
-96.0
-79.0
-66.0
-856.16
-851.92
-71.0
-97.0
-76.0
-51.0
-698.0
-82.0
-85.0
-77.0
-9.0
-25.0
-49.0
-341.0
-63.0
-383.0
-53.0
-401.0
-20.0
-744.0
-565.0
-421.0
-55.0
-363.0
-459.615
-51.91999999999999
-30.0
-47.0
-770.0
-37.0
-54.0
-55.0
-45.0
-866.0
-172.0
-10.0
-3.0
-24.0
-212.0
-405.0
-464.0
-61.0
-468.0
-42.0
-179.0
-130.0
-62.0
-115.0
-77.07
-51.0
-741.0
-46.0
-864.0
-18.0
-34.0
-7.0
-198.0
-337.0
-79.0
-20.0
-372.0
-84.0
-518.0
-319.0
-17.0
-27.0
-176.0
-84.0
-240.0
-33.0
-105.0
-20.0
-45.93000000000001
-543.0
-42.0
-373.0
-46.0
-66.0
-687.0
-62.0
-113.0
-37.0
-123.0
-224.0
-391.0
-632.0
-161.0
-416.0
-107.0
-459.0
-307.0
-25.0
-170.0
-42.0
-8.5
-384.0
-15.590000000000003
-22.0
-520.0
-174.0
-300.0
-718.5
-40.0
-697.0
-54.0
-107.0
-72.0
-71.0
-475.0
-28.0
-451.0
-14.0
-92.0
-8.0
-58.0
-244.0
-316.0
-20.0
-7.0
-1.0
-21.590000000000003
-41.0
-42.0
-35.0
-51.0
-28.0
-4.0
-38.0
-764.0
-128.0
-232.0
-483.0
-86.0
-585.0
-39.0
-36.0
-508.0
-63.0
-390.0
-27.0
-218.0
-23.0
-396.0
-65.0
-522.59
-852.0
-113.0
-8.0
-120.0
-38.0
-618.0
-13.0
-30.0
-180.0
-49.0
-78.0
-33.0
-8.0
-475.0
-129.0
-70.0
-515.0
-508.0
-136.0
-15.0
-26.0
-44.0
-5.0
-43.59
-60.0
-71.0
-11.0
-41.0
-33.0
-349.0
-17.0
-88.0
-106.0
-49.0
-110.0
-693.0
-235.0
-164.0
-144.0
-55.0
-359.0
-217.0
-53.0
-2.0
-74.0
-116.0
-127.0
-745.59
-47.0
-43.0
-41.0
-715.0
-486.0
-36.0
-696.0
-12.0
-383.0
-64.0
-71.0
-529.0
-211.0
-86.0
-34.0
-40.0
-52.0
-531.0
-16.0
-297.0
-6.0
-590.0
-30.5
-0.5799999999999557
-650.0
-157.0
-798.0
-11.5
-26.0
-46.0
-601.0
-42.0
-47.0
-2.0
-32.0
-60.0
-88.0
-68.0
-24.0
-58.0
-23.0
-524.0
-15.0
-23.0
-11.0
-606.0
-378.0
-8.909999999999997
-294.0
-4.0
-891.0
-599.0
-306.0
-230.0
-19.0
-520.0
-189.0
-448.0
-24.0
-296.0
-32.0
-141.0
-467.0
-97.0
-134.0
-52.0
-235.0
-22.0
-38.0
-314.0
-10.0
-63.59
-66.0
-825.0
-79.0
-36.0
-6.0
-42.0
-10.0
-30.0
-193.0
-170.0
-136.0
-67.0
-68.0
-528.0
-53.0
-36.0
-55.0
-91.0
-86.0
-97.0
-29.0
-47.0
-249.0
-52.59
-230.0
-50.0
-664.0
-18.0
-14.0
-4.0
-7.0
-7.0
-272.0
-15.0
-169.0
-113.0
-47.0
-46.0
-76.0
-122.0
-20.0
-75.0
-20.0
-129.0
-290.0
-21.0
-13.0
-368.59000000000003
-103.0
-368.0
-21.0
-84.0
-9.0
-12.0
-34.0
-4.0
-289.0
-232.0
-173.0
-88.0
-396.0
-198.0
-172.0
-597.0
-11.0
-102.0
-124.0
-48.0
-32.0
-10.0
-15.0
-64.59
-42.0
-565.0
-475.0
-1.0
-21.0
-178.5
-69.0
-6.0
-263.0
-60.0
-113.0
-20.0
-82.0
-221.0
-155.0
-86.0
-210.0
-106.0
-8.0
-11.0
-86.0
-8.0
-55.0
-55.110000000000014
-28.0
-42.0
-324.0
-113.5
-114.0
-120.0
-505.0
-125.0
-277.0
-72.0
-64.0
-64.0
-83.44
-73.44
-4.0
-678.0
-266.0
-4.0
-0.0
-30.0
-1.0
-763.0
-254.0
-616.13
-154.0
-28.0
-55.0
-69.0
-77.0
-62.0
-79.5
-261.0
-116.0
-28.0
-20.0
-10.0
-31.0
-20.0
-529.0
-43.0
-0.0
-69.0
-91.0
-398.0
-42.0
-67.0
-68.0
-819.16
-43.96000000000001
-33.96000000000001
-180.0
-157.0
-175.0
-189.0
-91.0
-188.0
-17.0
-63.0
-396.0
-50.0
-36.0
-19.0
-10.0
-24.0
-1.0
-250.0
-753.0
-568.0
-46.0
-80.0
-83.0
-64.12
-245.0
-783.0
-892.0
-15.0
-27.0
-388.0
-682.0
-23.0
-29.0
-13.0
-6.0
-31.0
-39.0
-8.0
-33.0
-196.5
-652.0
-537.0
-67.0
-59.0
-403.0
-361.0
-45.0
-43.139999999999986
-343.0
-472.0
-23.0
-27.0
-20.0
-25.5
-687.0
-395.0
-882.92
-1.0800000000000125
-711.0
-47.0
-12.0
-29.0
-19.0
-53.0
-40.0
-0.0
-41.0
-637.0
-266.0
-475.0
-40.0
-859.1
-30.0
-51.0
-13.0
-435.0
-11.0
-23.0
-133.0
-32.0
-92.0
-1.0
-752.0
-50.0
-440.0
-733.0
-36.0
-13.0
-7.0
-18.0
-796.0
-4.0
-830.0
-701.0
-33.0
-1.8199999999999932
-438.5
-617.5
-126.0
-447.0
-775.5
-280.52
-198.51
-109.0
-603.0
-162.0
-65.0
-5.0
-366.0
-110.0
-391.0
-15.0
-129.0
-14.0
-423.0
-51.0
-50.0
-80.57
-81.5
-645.0
-81.0
-70.0
-849.0
-10.0
-301.0
-120.0
-28.0
-32.039999999999964
-83.03999999999996
-489.0
-55.0
-37.0
-803.0
-37.0
-27.0
-4.0
-352.0
-70.0
-25.0
-61.0
-390.0
-56.56999999999999
-10.5
-16.0
-789.0
-63.0
-79.0
-14.5
-260.5
-414.0
-297.0
-64.0
-25.0
-57.0
-2.0
-48.0
-305.0
-141.0
-37.0
-100.0
-17.0
-253.0
-78.0
-508.0
-45.0
-681.66
-31.5
-52.0
-27.0
-585.0
-63.0
-55.0
-856.5
-73.0
-38.0
-18.0
-34.0
-0.0
-71.0
-454.0
-557.48
-641.48
-39.0
-55.0
-33.0
-817.0
-290.0
-31.0
-541.0
-31.659999999999997
-69.0
-235.0
-98.0
-97.0
-79.0
-3.0
-324.0
-266.0
-313.0
-181.0
-47.0
-741.0
-61.0
-550.0
-140.0
-14.0
-107.0
-396.0
-134.0
-173.0
-370.0
-38.0
-384.0
-595.5699999999999
-11.0
-808.0
-593.0
-17.0
-22.0
-326.0
-799.0
-404.0
-38.0
-110.0
-143.0
-170.0
-61.0
-19.0
-29.0
-11.0
-33.0
-227.0
-174.0
-376.0
-489.0
-3.0
-7.0
-481.57
-45.0
-91.0
-582.0
-47.0
-44.0
-180.0
-619.0
-102.0
-238.0
-32.0
-24.0
-552.0
-472.0
-618.0
-49.0
-59.0
-93.0
-535.0
-43.0
-52.0
-14.0
-20.0
-19.0
-590.5699999999999
-662.0
-295.0
-112.0
-789.0
-3.0
-1.0
-36.0
-32.0
-33.0
-64.0
-507.0
-15.0
-44.0
-296.0
-110.0
-107.0
-236.0
-57.0
-219.0
-30.0
-12.399999999999977
-26.0
-98.0
-78.57
-106.0
-610.0
-97.0
-107.0
-52.0
-104.0
-8.0
-181.0
-241.0
-19.0
-15.0
-122.0
-24.0
-22.0
-6.0
-2.0
-581.0
-37.0
-61.0
-73.0
-10.0
-499.0
-490.0
-744.66
-61.0
-53.0
-54.0
-105.0
-299.0
-577.0
-715.0
-42.0
-846.0
-109.0
-82.0
-85.0
-45.0
-760.0
-117.0
-719.0
-76.0
-101.0
-168.0
-569.0
-90.0
-59.0
-58.5
-25.340000000000003
-239.0
-856.0
-54.0
-267.0
-7.5
-8.5
-14.0
-592.0
-431.0
-15.0
-322.0
-586.0
-31.0
-41.0
-597.0
-5.0
-98.0
-24.0
-55.0
-108.0
-69.0
-27.0
-13.0
-346.57
-20.0
-75.0
-193.0
-195.0
-654.0
-228.0
-35.0
-287.0
-22.0
-39.0
-702.0
-173.0
-41.0
-417.0
-74.0
-440.0
-5.0
-79.0
-23.0
-6.0
-37.0
-33.0
-54.0
-283.57
-215.0
-20.0
-554.0
-1.0
-67.0
-49.0
-37.0
-80.0
-72.0
-97.0
-6.0
-29.0
-23.0
-14.0
-48.0
-225.0
-256.0
-68.0
-90.0
-1.0
-640.0
-18.0
-1.0
-21.569999999999993
-47.0
-22.0
-31.0
-50.0
-13.0
-190.0
-32.5
-14.560000000000002
-66.0
-172.0
-34.0
-72.0
-9.0
-515.0
-59.0
-398.0
-55.0
-3.0
-233.0
-44.0
-481.0
-147.0
-325.0
-168.57
-214.0
-35.0
-56.0
-519.5
-8.0
-114.0
-737.0
-60.0
-48.0
-2.0
-4.0
-7.0
-31.0
-8.0
-89.0
-77.0
-83.0
-49.0
-7.0
-50.0
-17.0
-582.0
-49.0
-23.569999999999993
-14.0
-27.0
-4.0
-2.0
-98.0
-98.0
-121.0
-143.0
-460.0
-646.0
-652.0
-51.0
-112.07999999999998
-12.920000000000016
-15.0
-27.0
-52.0
-18.0
-22.0
-16.0
-31.0
-22.0
-323.0
-351.65999999999997
-6.0
-33.0
-791.0
-623.0
-212.0
-10.0
-76.0
-70.0
-336.0
-92.0
-23.0
-681.0
-36.0
-258.0
-28.0
-42.0
-31.0
-195.0
-1.0
-15.0
-11.0
-20.0
-634.0
-134.66
-28.0
-24.0
-28.0
-35.0
-321.0
-15.0
-462.0
-166.0
-67.0
-27.0
-98.0
-55.0
-142.0
-763.0
-595.0
-103.0
-1.0
-57.0
-138.0
-43.0
-117.0
-33.0
-39.0
-15.430000000000007
-9.0
-550.0
-422.0
-1.0
-19.0
-4.0
-52.0
-417.0
-338.0
-59.48000000000002
-76.48000000000002
-419.52
-25.480000000000018
-25.519999999999982
-157.51999999999998
-16.91999999999996
-58.91999999999996
-559.08
-46.08000000000004
-146.16000000000003
-79.83999999999997
-12.839999999999975
-34.0
-793.5699999999999
-72.0
-38.5
-468.5
-3.5
-561.0
-181.5
-64.5
-3.6399999999999864
-144.67999999999995
-6.32000000000005
-47.32000000000005
-6.0
-213.0
-17.0
-423.0
-11.0
-59.0
-528.0
-66.0
-627.0
-37.0
-176.48000000000002
-310.48
-2.569999999999993
-20.0
-22.0
-36.0
-112.0
-596.0
-4.5
-18.5
-505.0
-249.0
-293.0
-195.0
-232.0
-146.0
-141.0
-39.48000000000002
-49.48000000000002
-44.0
-109.0
-73.0
-168.0
-179.0
-716.0
-12.0
-77.43
-213.0
-760.0
-7.0
-8.0
-13.0
-28.5
-2.5
-137.0
-16.0
-66.0
-398.0
-175.0
-93.0
-703.0
-22.0
-17.0
-54.0
-412.0
-61.0
-26.0
-19.0
-56.0
-74.0
-19.569999999999993
-751.0
-37.0
-33.0
-691.0
-34.0
-10.0
-264.0
-94.0
-4.0
-140.0
-26.0
-31.0
-430.0
-552.0
-88.0
-63.0
-38.0
-4.0
-19.0
-1.0
-3.0
-3.0
-427.0
-41.66
-561.5
-33.5
-3.5
-1.0
-17.5
-21.0
-84.0
-863.0
-64.0
-39.0
-46.0
-537.0
-7.0
-1.0
-54.0
-22.0
-41.0
-33.0
-28.0
-10.0
-744.0
-567.0
-25.0
-10.659999999999997
-2.0
-526.0
-230.0
-20.0
-31.0
-775.5
-58.5
-166.56
-387.0
-43.0
-56.0
-170.0
-194.0
-140.0
-261.0
-9.0
-62.0
-10.32000000000005
-101.32
-191.32
-98.0
-530.0
-396.0
-19.430000000000007
-300.0
-0.0
-20.5
-12.0
-6.0
-4.5
-679.0
-631.0
-329.0
-115.0
-442.0
-213.0
-6.0
-7.519999999999982
-16.519999999999982
-77.51999999999998
-10.480000000000018
-8.0
-32.0
-136.0
-55.079999999999984
-173.92000000000002
-25.0
-107.57
-48.0
-6.0
-129.0
-46.0
-857.0
-54.0
-5.0
-376.0
-398.0
-28.0
-544.52
-326.52
-200.0
-22.0
-49.0
-15.0
-7.0
-22.0
-239.0
-669.0
-633.0
-25.0
-40.0
-28.0
-2.0
-5.0
-18.5
-37.5
-34.5
-46.0
-21.0
-186.0
-97.0
-26.0
-58.0
-2.0
-128.0
-5.0
-18.0
-746.0
-0.0
-30.0
-506.0
-471.0
-56.0
-125.0
-686.0
-858.06
-775.0
-8.0
-9.0
-69.0
-14.0
-777.0
-6.0
-18.0
-40.0
-252.0
-77.0
-19.0
-19.0
-27.0
-22.0
-12.0
-33.0
-571.0
-3.0
-118.0
-26.0
-20.0
-22.0
-28.060000000000002
-22.5
-522.5
-18.5
-178.0
-583.0
-50.0
-239.0
-140.0
-147.0
-143.0
-574.0
-162.0
-449.0
-650.0
-4.0
-255.0
-58.0
-499.0
-50.0
-824.0
-42.0
-122.0
-265.0
-15.830000000000013
-15.0
-35.0
-252.0
-164.0
-369.0
-749.0
-123.0
-12.0
-67.0
-3.0
-1.0
-11.0
-41.0
-68.0
-59.0
-37.0
-47.0
-30.0
-70.0
-699.0
-719.0
-27.0
-35.0
-305.635
-11.0
-12.0
-20.0
-364.96000000000004
-9.039999999999992
-17.5
-1.0
-121.0
-218.0
-71.0
-67.0
-151.0
-113.0
-24.0
-630.56
-82.44000000000005
-16.0
-125.0
-24.0
-132.0
-34.0
-17.0
-8.0
-626.06
-36.0
-37.0
-17.0
-650.0
-761.0
-5.0
-82.0
-8.0
-82.0
-168.0
-52.0
-13.0
-107.0
-173.0
-94.0
-78.0
-85.0
-84.0
-80.0
-5.0
-69.0
-2.0
-31.0
-28.060000000000002
-21.0
-259.0
-12.0
-4.0
-136.0
-31.0
-22.0
-28.0
-64.0
-80.0
-57.0
-58.0
-585.0
-15.0
-103.0
-76.0
-115.0
-60.0
-566.0
-533.0
-110.0
-12.0
-23.0
-43.06
-268.0
-581.0
-38.0
-188.0
-36.0
-35.0
-46.0
-85.0
-266.0
-155.0
-5.0
-32.0
-326.0
-385.0
-118.0
-109.0
-93.0
-75.0
-44.0
-43.0
-731.0
-16.0
-10.0
-43.06
-30.0
-652.0
-313.0
-842.0
-155.0
-25.0
-0.0
-74.0
-83.0
-51.0
-122.0
-73.0
-194.0
-138.0
-536.0
-73.0
-100.0
-199.0
-27.0
-21.0
-20.0
-18.0
-34.0
-12.939999999999998
-4.5
-829.0
-32.0
-32.5
-63.0
-37.0
-43.0
-37.0
-65.0
-51.0
-54.0
-44.0
-51.0
-38.0
-333.0
-80.0
-832.0
-65.0
-76.0
-28.5
-27.0
-539.0
-754.0
-33.099999999999994
-18.0
-21.0
-24.0
-88.0
-29.0
-32.0
-80.0
-775.0
-23.0
-73.0
-796.0
-88.0
-58.0
-702.0
-60.0
-42.0
-668.0
-648.0
-28.0
-359.0
-39.0
-618.0
-501.0
-30.870000000000005
-27.0
-33.5
-556.0
-21.0
-87.0
-610.0
-92.0
-48.0
-19.0
-9.0
-34.0
-57.0
-73.0
-27.5
-14.0
-741.0
-58.0
-67.5
-78.5
-36.5
-39.5
-791.8
-2.5
-3.3899999999999864
-31.0
-225.5
-18.0
-807.8
-24.0
-27.5
-31.80000000000001
-46.19999999999999
-151.2
-250.79999999999995
-556.0
-545.0
-444.0
-30.0
-584.0
-298.0
-497.0
-266.0
-28.0
-80.0
-19.0
-85.0
-31.0
-65.06
-7.0
-646.0
-136.0
-442.0
-63.0
-604.0
-17.0
-104.0
-85.67999999999995
-70.32000000000005
-33.0
-0.0
-289.0
-59.0
-177.0
-35.0
-21.0
-100.0
-122.0
-62.0
-10.0
-41.0
-92.0
-46.06
-749.0
-7.0
-10.0
-21.0
-8.0
-13.0
-11.0
-27.0
-90.0
-131.0
-72.0
-108.0
-59.0
-10.0
-198.0
-129.0
-5.0
-46.0
-188.0
-45.0
-113.0
-71.08000000000004
-80.0
-349.0
-285.0
-38.0
-553.0
-42.0
-21.0
-1.9700000000000273
-73.0
-801.0
-25.0
-490.0
-15.0
-2.0
-496.0
-80.0
-19.0
-93.0
-26.0
-136.5
-118.12
-65.0
-866.0
-130.0
-104.24000000000001
-103.0
-112.0
-148.0
-46.0
-36.0
-479.0
-17.939999999999998
-30.0
-35.0
-28.0
-17.0
-116.0
-112.0
-94.0
-84.0
-291.0
-206.0
-34.120000000000005
-130.0
-45.0
-50.0
-68.24000000000001
-548.0
-119.0
-561.0
-111.0
-23.0
-134.0
-68.0
-322.0
-54.06999999999999
-52.0
-27.0
-34.0
-4.0
-176.0
-3.0
-70.0
-336.0
-177.0
-515.0
-69.0
-543.0
-26.0
-655.0
-100.0
-789.0
-771.0
-544.12
-175.0
-267.0
-29.0
-1.0
-382.0
-104.93
-4.0
-37.0
-159.0
-32.0
-1.0
-8.0
-113.0
-263.0
-148.0
-41.0
-344.0
-82.0
-71.08000000000004
-102.0
-87.0
-47.0
-137.0
-40.0
-149.0
-13.0
-46.0
-302.0
-715.0
-373.07
-435.0
-3.0
-1.0
-380.0
-776.0
-33.0
-97.0
-60.0
-9.0
-4.0
-21.0
-329.0
-4.0
-506.0
-7.0
-60.0
-646.0
-24.0
-9.0
-16.0
-35.0
-7.0
-4.0
-725.085
-384.0
-47.0
-10.0
-36.0
-59.5
-52.5
-40.0
-546.0
-62.5
-578.0
-58.03999999999999
-522.8399999999999
-84.83999999999997
-59.400000000000006
-50.48000000000002
-88.48000000000002
-106.83999999999997
-741.1600000000001
-34.5
-94.5
-372.0
-76.0
-720.0
-7.085000000000008
-12.0
-33.0
-7.0
-18.0
-31.0
-4.0
-4.0
-155.0
-450.0
-65.0
-22.0
-28.0
-98.0
-434.0
-403.0
-283.0
-151.0
-665.0
-7.0
-49.0
-65.0
-11.0
-76.0
-4.0800000000000125
-15.0
-32.0
-3.0
-436.0
-20.0
-18.0
-141.0
-88.0
-79.0
-327.0
-142.0
-163.1199999999999
-106.0
-457.0
-122.0
-62.0
-105.0
-81.0
-27.0
-27.0
-122.0
-16.0
-12.0
-7.409999999999997
-1.0
-41.0
-10.0
-444.0
-107.0
-306.0
-65.0
-126.0
-7.0
-50.120000000000005
-775.0
-175.7199999999998
-122.0
-204.0
-235.12
-136.0
-27.0
-256.0
-62.0
-82.0
-50.0
-17.0
-28.0
-4.409999999999997
-22.0
-52.0
-31.0
-13.0
-123.0
-417.0
-727.0
-4.0
-21.0
-61.0
-8.0
-496.7199999999998
-14.0
-112.0
-811.08
-206.0
-595.0
-586.0
-77.08000000000004
-50.0
-129.0
-50.0
-7.0
-159.59
-88.0
-261.0
-242.0
-354.0
-255.0
-275.0
-665.0
-93.0
-51.0
-90.0
-112.0
-46.7199999999998
-58.32000000000005
-298.67999999999995
-5.8799999999999955
-658.0
-96.0
-172.0
-66.0
-51.0
-33.0
-29.0
-13.0
-50.59
-310.0
-609.0
-134.0
-17.0
-11.0
-7.0
-50.0
-22.0
-13.5
-12.0
-1.079999999999984
-686.92
-48.639999999999986
-36.30000000000001
-59.74000000000001
-177.95999999999998
-86.03999999999999
-9.0
-33.5
-206.5
-35.0
-15.5
-42.0
-12.085000000000008
-9.0
-356.0
-10.0
-57.0
-423.0
-23.0
-246.0
-90.0
-78.0
-414.0
-56.0
-614.0
-73.12
-12.0
-134.0
-2.0
-35.0
-637.0
-36.0
-6.0
-4.0
-78.0
-34.0
-13.085000000000008
-193.0
-323.0
-681.0
-184.0
-177.0
-194.0
-196.0
-12.0
-389.0
-45.67999999999995
-86.32000000000005
-134.31999999999994
-39.0
-205.39999999999998
-93.39999999999998
-100.39999999999998
-294.52
-90.39999999999998
-190.88
-380.0
-52.0
-101.0
-270.0
-5.590000000000003
-7.0
-10.0
-12.0
-736.0
-698.0
-63.0
-80.0
-42.0
-142.79999999999995
-14.67999999999995
-600.32
-76.11999999999989
-7.8799999999999955
-17.120000000000005
-133.44000000000005
-93.44000000000005
-49.440000000000055
-19.559999999999945
-193.44000000000005
-46.639999999999986
-65.0
-27.0
-379.0
-4.590000000000003
-35.5
-33.0
-14.0
-76.5
-75.0
-71.0
-590.0
-243.0
-144.0
-98.0
-445.0
-28.0
-38.0
-2.919999999999959
-12.919999999999959
-70.12
-317.0
-89.0
-0.0
-9.0
-615.0
-53.0
-21.0
-479.1
-43.0
-58.0
-20.0
-160.0
-181.0
-178.0
-180.0
-238.0
-4.0
-700.0
-44.0
-161.0
-53.0
-33.0
-195.24
-90.0
-130.0
-179.0
-8.0
-36.0
-59.0
-374.0
-5.0
-22.905
-51.0
-45.0
-58.0
-3.0
-578.0
-48.0
-40.0
-76.0
-3.0
-4.0
-35.0
-146.0
-72.0
-18.0
-59.0
-499.0
-21.0
-174.0
-4.0
-127.0
-31.0
-18.0
-22.0
-9.094999999999999
-65.0
-197.0
-61.0
-793.0
-19.0
-62.0
-362.5
-29.0
-390.0
-18.0
-496.0
-279.48
-107.47999999999999
-106.0
-53.0
-112.0
-103.0
-109.0
-392.0
-25.0
-50.0
-164.0
-11.0
-671.085
-13.0
-10.0
-9.0
-56.0
-49.0
-629.0
-11.0
-42.0
-22.0
-669.0
-24.0
-721.0
-122.0
-475.0
-75.0
-84.0
-130.0
-39.0
-621.0
-103.0
-91.0
-93.0
-70.0
-19.085000000000008
-11.0
-3.0
-5.0
-10.0
-609.0
-18.0
-78.0
-161.0
-410.0
-195.0
-122.0
-169.0
-224.0
-141.12
-218.0
-715.0
-83.0
-41.0
-11.0
-84.16000000000003
-49.0
-489.0
-642.0
-0.9050000000000011
-13.240000000000009
-38.5
-498.76
-43.0
-38.24000000000001
-5.0
-24.5
-20.24000000000001
-57.75999999999999
-557.24
-686.0
-111.0
-364.0
-600.0
-156.0
-127.0
-80.0
-134.0
-45.0
-30.0
-36.0
-413.0
-6.0
-8.094999999999999
-486.38
-9.0
-40.0
-4.0
-4.0
-9.0
-47.0
-72.0
-4.0
-581.0
-4.0
-91.0
-709.0
-249.0
-2.0
-40.0
-530.0
-288.0
-2.0
-285.0
-74.0
-31.0
-19.0
-598.095
-4.6200000000000045
-514.0
-2.0
-1.0
-1.0
-822.0
-156.0
-121.0
-120.0
-31.0
-70.0
-153.24
-16.0
-30.0
-42.0
-128.15999999999997
-139.0
-334.0
-19.0
-117.0
-58.120000000000005
-13.0
-426.0
-8.094999999999999
-161.38
-44.0
-18.0
-12.5
-19.0
-195.0
-338.0
-51.0
-377.0
-33.0
-61.0
-78.0
-72.0
-57.0
-77.0
-76.0
-32.0
-329.0
-24.0
-467.0
-3.0
-613.0
-24.0
-8.094999999999999
-44.0
-47.0
-45.0
-322.0
-241.0
-163.0
-6.0
-47.0
-43.0
-489.0
-64.0
-713.0
-22.0
-158.0
-22.0
-23.0
-490.0
-41.0
-303.0
-15.0
-45.0
-44.0
-852.0
-2.085000000000008
-14.0
-180.0
-3.0
-25.0
-54.0
-467.0
-578.0
-61.0
-309.0
-7.0
-35.0
-479.0
-9.0
-578.0
-607.0
-15.0
-504.0
-90.0
-42.0
-41.0
-54.0
-40.0
-20.0
-76.08500000000001
-40.0
-9.0
-199.0
-27.0
-73.0
-115.0
-397.0
-495.0
-228.0
-250.0
-99.0
-15.0
-70.0
-78.12
-36.0
-186.0
-27.0
-39.0
-23.0
-22.0
-451.0
-458.88
-506.0
-70.905
-54.0
-34.0
-17.0
-43.0
-4.0
-53.0
-793.0
-62.0
-53.0
-46.0
-46.0
-20.0
-31.0
-12.0
-19.120000000000005
-45.0
-290.0
-102.0
-47.0
-33.0
-97.0
-43.0
-11.0
-8.094999999999999
-26.0
-27.0
-589.0
-2.0
-87.0
-4.0
-147.0
-47.0
-45.0
-43.0
-5.0
-626.52
-64.48000000000002
-815.0
-17.0
-89.0
-52.0
-45.0
-60.0
-26.0
-41.0
-23.0
-627.0
-65.095
-32.0
-53.0
-25.0
-6.0
-3.0
-323.0
-1.0
-137.0
-327.0
-500.0
-264.0
-194.1199999999999
-494.0
-81.0
-110.0
-72.0
-89.0
-52.0
-155.0
-20.0
-245.0
-23.0
-85.0
-67.09
-571.0
-0.0
-8.0
-13.0
-1.0
-27.0
-26.0
-50.0
-43.0
-101.88
-27.879999999999995
-539.0
-0.0
-22.0
-474.0
-135.0
-78.0
-419.0
-13.0
-22.0
-181.0
-644.0
-19.0
-5.384999999999991
-3.0
-561.0
-30.0
-774.0
-20.0
-1.0
-241.0
-116.0
-153.0
-25.0
-53.0
-8.0
-26.0
-89.0
-1.0
-33.0
-21.0
-10.0
-8.0
-3.0
-11.0
-396.0
-39.0
-2.085000000000008
-42.0
-54.0
-495.0
-7.0
-33.0
-837.0
-64.0
-13.0
-411.0
-5.0
-14.0
-89.0
-332.0
-19.0
-411.0
-30.0
-55.0
-56.0
-24.0
-41.0
-207.0
-32.0
-588.0
-309.08500000000004
-28.0
-6.0
-12.0
-16.0
-0.0
-504.0
-16.0
-78.0
-145.0
-184.0
-220.12
-185.64
-109.0
-159.0
-3.0
-20.91999999999996
-42.0
-108.0
-127.12
-61.0
-275.0
-0.0
-686.0
-7.384999999999991
-24.5
-508.5
-0.5
-40.5
-2.5
-12.0
-40.28
-565.72
-406.72
-82.72000000000003
-397.28
-189.27999999999997
-27.720000000000027
-6.720000000000027
-30.0
-109.12
-79.0
-194.0
-146.0
-96.0
-35.0
-22.0
-65.0
-80.13999999999999
-10.0
-35.0
-9.0
-31.0
-1.0
-9.0
-683.36
-64.0
-3.0
-28.0
-79.0
-26.120000000000005
-55.0
-28.0
-247.0
-40.91999999999996
-441.0
-11.0
-58.0
-24.0
-94.0
-47.0
-272.0
-0.5450000000000159
-21.0
-28.0
-4.0
-767.0
-27.0
-13.0
-10.0
-73.0
-594.0
-77.0
-741.0
-111.0
-3.0
-88.0
-29.0
-109.0
-7.0
-54.0
-1.0
-58.0
-27.0
-28.0
-21.0
-28.085000000000008
-158.0
-483.0
-184.0
-168.0
-403.0
-197.0
-374.0
-180.0
-437.0
-116.0
-21.0
-718.0
-45.0
-117.0
-32.0
-57.0
-114.0
-78.5
-42.0
-45.0
-38.0
-566.0
-428.0
-10.085000000000008
-12.0
-2.0
-29.0
-14.0
-27.0
-258.0
-9.0
-402.0
-32.0
-712.0
-4.0
-715.0
-384.0
-52.0
-42.0
-89.0
-44.0
-8.0
-17.0
-8.0
-18.0
-0.0
-75.0
-340.08500000000004
-3.0
-1.0
-8.0
-9.0
-271.0
-7.0
-732.0
-293.0
-51.0
-171.0
-29.0
-221.0
-66.0
-114.0
-575.0
-34.0
-23.0
-44.0
-65.0
-27.0
-148.0
-43.0
-8.0
-54.545000000000016
-13.5
-731.0
-369.0
-36.0
-653.0
-75.0
-72.0
-107.07999999999998
-22.079999999999984
-533.0
-323.57
-352.0
-1.0
-27.0
-3.0
-643.0
-37.0
-340.0
-0.0
-18.0
-624.0
-307.52
-5.480000000000018
-47.0
-464.0
-111.0
-695.0
-65.0
-567.0
-61.0
-176.0
-259.0
-112.0
-602.0
-28.0
-7.0
-501.0
-275.5
-313.5
-17.5
-513.0
-58.0
-17.0
-495.0
-1.0
-121.0
-14.0
-26.0
-2.0
-129.0
-94.0
-58.0
-206.0
-120.0
-2.0
-17.0
-698.0
-4.0
-46.06
-164.0
-278.0
-27.0
-32.0
-21.0
-35.0
-11.0
-6.0
-74.0
-96.0
-678.0
-77.0
-39.0
-24.0
-1.0
-9.0
-105.0
-64.0
-369.0
-456.0
-16.0
-11.0
-27.0
-559.06
-18.5
-19.5
-17.5
-1.0
-8.0
-220.0
-20.0
-8.0
-23.0
-53.0
-25.0
-6.0
-75.0
-122.0
-110.0
-40.0
-125.0
-123.0
-61.0
-125.0
-15.0
-28.0
-22.0
-29.169999999999987
-563.0
-22.0
-43.0
-553.0
-335.0
-59.0
-14.0
-488.0
-230.0
-82.0
-10.0
-13.0
-11.0
-16.0
-39.0
-21.0
-23.0
-522.0
-26.0
-1.0
-193.0
-27.0
-24.0
-65.63499999999999
-70.0
-30.0
-2.0
-8.039999999999992
-27.039999999999992
-180.5
-17.0
-139.0
-236.0
-500.0
-169.0
-64.0
-615.0
-116.0
-20.559999999999945
-39.440000000000055
-114.0
-187.0
-72.0
-7.0
-16.0
-33.0
-351.0
-583.06
-16.0
-705.0
-13.0
-4.0
-846.0
-1.0
-16.0
-124.0
-37.0
-49.0
-7.0
-81.0
-82.0
-76.0
-465.0
-18.0
-66.0
-151.0
-55.0
-49.0
-92.0
-11.0
-206.0
-24.060000000000002
-90.0
-13.0
-15.0
-1.0
-1.0
-8.0
-1.0
-34.0
-42.0
-61.0
-121.0
-166.0
-107.0
-65.0
-227.0
-414.0
-84.0
-213.0
-27.0
-47.0
-697.0
-302.0
-793.0
-374.06
-34.0
-8.0
-20.0
-20.0
-281.0
-17.0
-247.0
-54.0
-15.0
-37.0
-527.0
-365.0
-242.0
-21.0
-14.0
-5.0
-370.0
-207.0
-478.0
-22.0
-1.0
-37.0
-12.0
-32.06
-19.0
-57.0
-500.0
-31.0
-6.0
-766.0
-29.0
-35.0
-19.0
-117.0
-246.0
-96.0
-181.0
-202.0
-404.0
-1.0
-9.0
-39.0
-411.0
-75.0
-29.0
-54.0
-53.0
-1.0600000000000023
-381.5
-732.0
-4.0
-6.5
-27.0
-869.0
-519.0
-8.0
-325.0
-79.0
-69.0
-405.0
-632.0
-50.0
-41.0
-41.0
-131.0
-73.0
-84.0
-61.5
-414.0
-55.0
-65.0
-775.1
-1.0
-694.0
-648.0
-18.0
-29.0
-3.0
-32.0
-465.0
-154.0
-837.0
-1.0
-22.0
-2.0
-0.0
-132.0
-2.0
-7.0
-2.0
-12.0
-234.0
-242.0
-595.0
-9.0
-796.13
-9.0
-15.5
-454.0
-282.0
-11.0
-3.0
-6.0
-438.0
-40.0
-12.0
-751.0
-168.0
-782.0
-523.5
-42.0
-570.0
-34.0
-40.5
-63.5
-16.5
-19.5
-28.80000000000001
-44.5
-38.610000000000014
-11.0
-9.5
-22.0
-24.19999999999999
-16.0
-621.5
-8.199999999999989
-95.19999999999999
-187.2
-355.20000000000005
-379.0
-169.0
-334.0
-341.0
-301.0
-461.0
-50.0
-76.0
-216.0
-236.0
-306.0
-33.0
-22.0
-764.06
-22.0
-5.0
-9.0
-11.0
-344.0
-9.0
-764.0
-643.0
-92.32000000000005
-235.32000000000005
-177.0
-142.0
-248.0
-31.0
-290.0
-533.0
-21.0
-54.0
-148.0
-10.0
-102.0
-4.0
-28.0
-8.939999999999998
-473.0
-660.0
-683.0
-714.0
-400.0
-10.0
-763.0
-118.0
-233.0
-530.0
-267.0
-208.0
-118.0
-216.0
-507.0
-14.0
-38.0
-164.0
-31.0
-46.0
-54.0
-103.0
-22.0
-515.06
-3.0
-24.0
-11.0
-229.0
-14.5
-861.0
-52.0
-113.56
-218.56
-257.48
-216.48000000000002
-235.51999999999998
-173.84000000000003
-141.84000000000003
-9.840000000000032
-26.519999999999982
-41.51999999999998
-14.67999999999995
-37.68000000000001
-143.0
-225.0
-542.0
-64.0
-24.060000000000002
-28.0
-13.0
-32.16
-164.5
-164.16
-553.16
-159.16
-155.16
-188.0
-513.0
-102.0
-107.0
-69.0
-68.0
-52.0
-59.0
-58.0
-66.0
-560.0
-50.0
-165.0
-53.0
-1.0
-31.909999999999997
-8.0
-0.0
-6.0
-15.0
-5.0
-413.48
-31.47999999999999
-750.0
-14.319999999999993
-20.88499999999999
-19.38499999999999
-96.61500000000001
-30.5
-28.879999999999995
-10.919999999999987
-42.5
-58.0
-60.0
-69.0
-839.5
-52.0
-22.0
-27.5
-42.10000000000005
-36.47999999999999
-15.47999999999999
-37.47999999999999
-36.47999999999999
-43.0
-365.0
-29.0
-122.0
-525.0
-25.0
-34.0
-446.0
-22.0
-124.0
-26.0
-536.0
-6.0
-279.0
-197.0
-22.0
-113.0
-12.0
-43.0
-27.939999999999998
-38.0
-147.0
-576.0
-700.0
-13.0
-6.0
-464.0
-409.0
-15.0
-96.0
-30.0
-199.0
-133.0
-36.0
-44.0
-29.0
-261.0
-63.0
-133.0
-482.0
-724.0
-654.0
-19.0
-880.06
-664.0
-32.0
-18.0
-604.0
-20.0
-857.0
-38.0
-6.0
-21.0
-119.0
-7.0
-374.0
-167.0
-435.0
-34.0
-10.0
-168.0
-19.0
-45.0
-95.51999999999998
-47.51999999999998
-4.0
-47.0
-356.06
-18.0
-283.0
-57.0
-4.0
-6.0
-478.0
-57.0
-22.0
-13.0
-149.0
-37.0
-133.0
-103.0
-116.0
-22.0
-18.0
-34.0
-53.0
-43.0
-96.0
-90.0
-11.0
-35.0
-7.8799999999999955
-872.0
-172.0
-264.0
-604.0
-7.0
-7.0
-0.0
-46.0
-307.0
-100.0
-194.0
-344.0
-224.0
-212.0
-437.0
-31.0
-52.0
-22.0
-78.0
-124.0
-6.0
-41.0
-73.0
-17.39999999999995
-28.860000000000014
-19.0
-9.5
-20.5
-226.5
-14.740000000000009
-56.24000000000001
-64.5
-103.16
-57.77000000000001
-44.77000000000001
-8.22999999999999
-21.5
-466.76
-436.84
-75.5
-237.0
-266.0
-275.0
-377.0
-13.0
-691.0
-25.5
-10.899999999999949
-460.72
-22.0
-25.0
-12.0
-172.0
-292.0
-312.0
-284.0
-309.0
-223.0
-248.0
-255.0
-224.0
-23.0
-775.0
-244.0
-233.0
-252.0
-38.0
-19.0
-42.0
-32.0
-509.0
-11.100000000000051
-254.76
-4.0
-12.0
-85.0
-103.0
-114.0
-106.0
-158.0
-159.0
-79.0
-137.0
-18.0
-74.0
-60.0
-23.0
-26.0
-19.0
-56.0
-289.0
-113.0
-49.0
-13.0
-10.0
-3.600000000000051
-50.0
-861.0
-198.0
-8.0
-29.0
-503.0
-65.0
-45.0
-229.0
-266.0
-124.0
-145.0
-276.0
-14.0
-24.0
-30.0
-168.0
-302.0
-126.0
-29.0
-497.0
-494.0
-54.0
-239.60000000000005
-24.0
-644.0
-8.0
-25.0
-420.0
-587.0
-47.0
-130.0
-330.0
-50.0
-76.0
-115.0
-273.0
-2.0
-45.0
-39.0
-16.0
-52.0
-76.0
-47.0
-19.0
-30.0
-1.0
-99.60000000000005
-17.0
-13.0
-8.0
-304.0
-26.0
-33.0
-66.0
-39.0
-131.0
-22.0
-295.0
-28.0
-70.0
-37.0
-27.0
-22.0
-1.0
-30.0
-375.0
-5.0
-39.0
-35.0
-258.0
-37.60000000000005
-15.0
-659.0
-787.0
-23.0
-335.0
-2.0
-8.0
-2.0
-358.0
-338.0
-101.0
-651.0
-409.0
-508.0
-233.0
-356.0
-402.0
-59.0
-361.0
-49.0
-645.0
-789.0
-30.0
-26.60000000000005
-5.0
-354.0
-501.0
-37.0
-25.0
-9.0
-856.0
-139.0
-129.0
-231.0
-16.0
-5.0
-2.0
-6.0
-45.0
-35.0
-26.0
-616.0
-55.0
-7.0
-9.0
-25.0
-33.0
-10.899999999999949
-443.0
-13.0
-8.0
-10.0
-0.0
-12.0
-367.0
-3.0
-8.0
-74.0
-79.0
-509.0
-779.0
-56.0
-65.0
-721.0
-454.0
-2.0
-61.0
-14.0
-37.0
-864.0
-5.0
-21.10000000000005
-191.0
-15.0
-2.0
-22.0
-0.0
-2.0
-665.0
-77.0
-254.0
-307.0
-26.0
-97.0
-42.0
-163.0
-52.0
-43.0
-39.0
-264.0
-39.0
-14.0
-36.0
-27.0
-572.0
-38.60000000000005
-14.0
-486.0
-50.0
-128.0
-124.0
-108.0
-122.0
-96.0
-101.0
-231.0
-272.0
-122.0
-267.0
-2.0
-109.0
-116.0
-76.0
-51.0
-263.0
-185.0
-116.0
-47.0
-15.0
-66.60000000000005
-153.0
-323.0
-41.0
-835.0
-785.0
-33.0
-30.0
-38.0
-110.0
-189.0
-1.0
-668.0
-192.0
-18.0
-222.0
-149.0
-32.0
-115.0
-35.0
-196.0
-21.0
-6.0
-16.0
-27.60000000000005
-20.0
-31.0
-0.0
-5.0
-125.0
-10.0
-3.0
-9.0
-304.0
-39.0
-107.0
-135.0
-75.0
-10.0
-30.0
-55.0
-23.0
-19.0
-129.0
-2.0
-130.0
-23.0
-693.0
-62.60000000000005
-812.0
-21.0
-35.0
-107.0
-434.0
-1.0
-398.0
-69.0
-45.0
-62.0
-338.0
-150.0
-89.0
-623.0
-64.0
-262.0
-12.0
-10.0
-238.0
-19.0
-153.0
-34.0
-5.0
-601.6
-284.0
-4.0
-313.0
-16.0
-1.0
-146.0
-486.0
-19.0
-623.0
-67.0
-650.0
-311.0
-46.0
-65.0
-420.0
-29.0
-15.0
-21.0
-87.0
-91.0
-102.0
-86.0
-103.0
-121.11000000000001
-20.0
-4.0
-10.0
-6.0
-1.0
-369.0
-13.0
-7.0
-468.0
-34.0
-19.0
-78.0
-68.0
-72.0
-31.0
-59.0
-629.0
-55.0
-28.0
-28.0
-12.0
-648.5
-33.0
-8.870000000000005
-19.5
-504.5
-7.0
-216.0
-14.0
-14.0
-4.0
-0.0
-11.0
-814.0
-44.0
-344.0
-359.0
-11.0
-4.0
-9.0
-765.0
-5.0
-447.0
-44.0
-54.0
-403.0
-37.0
-210.12
-39.5
-361.5
-627.0
-25.0
-35.5
-48.5
-44.5
-413.68
-254.32
-471.32000000000005
-5.905000000000001
-72.24000000000001
-652.5
-55.24000000000001
-577.0
-68.24000000000001
-17.0
-2.5
-212.76
-7.240000000000009
-471.24
-196.0
-159.0
-157.0
-174.0
-197.0
-179.0
-459.0
-35.0
-437.0
-35.0
-76.0
-56.0
-69.0
-4.094999999999999
-565.38
-808.0
-100.0
-11.0
-617.0
-5.0
-256.0
-147.0
-4.0
-78.0
-63.0
-107.0
-168.0
-501.0
-565.0
-104.0
-81.0
-74.0
-2.0
-597.0
-52.0
-21.0
-20.0
-9.094999999999999
-348.38
-16.0
-2.0
-15.0
-177.0
-183.0
-7.0
-57.0
-94.0
-180.0
-42.0
-80.24000000000001
-105.0
-97.0
-100.0
-289.15999999999997
-300.0
-155.0
-148.0
-417.0
-32.120000000000005
-51.0
-637.0
-88.905
-73.62
-90.0
-297.0
-45.5
-468.0
-521.0
-619.0
-101.0
-21.0
-284.0
-71.0
-26.0
-99.0
-215.0
-63.0
-406.0
-650.0
-76.0
-24.0
-285.0
-20.0
-719.0
-21.0
-3.905000000000001
-4.0
-2.0
-31.0
-25.0
-557.0
-30.0
-6.0
-120.0
-265.0
-102.0
-17.0
-23.0
-53.0
-33.0
-22.0
-82.0
-81.0
-47.0
-27.0
-409.0
-7.0
-24.0
-1.0
-22.085000000000008
-6.0
-10.0
-5.0
-25.0
-4.0
-767.0
-547.0
-22.0
-47.0
-85.0
-5.0
-30.0
-80.0
-408.0
-720.0
-44.0
-18.0
-27.0
-15.0
-29.0
-104.0
-18.0
-8.0
-22.085000000000008
-3.0
-3.0
-20.0
-26.0
-5.0
-11.0
-40.0
-85.0
-366.0
-19.0
-133.0
-14.0
-261.0
-15.120000000000005
-27.0
-240.0
-192.0
-65.0
-32.0
-47.0
-94.0
-135.12
-92.0
-340.095
-45.0
-352.0
-34.0
-271.0
-18.0
-74.0
-19.0
-19.0
-192.0
-313.0
-49.0
-6.0
-26.0
-17.0
-24.120000000000005
-431.0
-200.0
-128.0
-419.0
-33.0
-44.0
-24.0
-2.0
-3.905000000000001
-4.0
-17.0
-11.0
-30.0
-14.0
-263.0
-44.0
-118.0
-20.0
-77.0
-23.0
-734.52
-48.48000000000002
-4.0
-35.0
-147.0
-34.0
-64.0
-24.0
-26.0
-44.0
-27.0
-59.0
-29.905
-573.0
-17.0
-6.0
-0.0
-3.0
-685.0
-7.0
-612.0
-141.0
-693.0
-604.0
-136.1199999999999
-36.0
-51.0
-80.0
-32.0
-41.0
-6.0
-351.0
-90.0
-538.0
-21.0
-150.0
-31.090000000000003
-37.0
-0.0
-64.0
-5.0
-7.0
-781.0
-683.0
-152.0
-158.0
-56.120000000000005
-12.879999999999995
-41.0
-607.0
-419.0
-39.0
-156.0
-395.0
-12.0
-8.0
-113.0
-32.0
-47.0
-33.0
-556.615
-13.0
-22.0
-237.0
-16.0
-11.0
-850.0
-1.0
-84.0
-7.0
-607.0
-14.0
-548.0
-31.0
-95.0
-56.0
-629.0
-59.0
-34.0
-328.0
-23.0
-15.0
-2.0
-5.0
-79.08500000000001
-719.0
-37.0
-26.0
-726.0
-36.0
-148.0
-18.0
-287.0
-15.0
-30.0
-354.0
-54.0
-73.0
-3.0
-18.0
-21.0
-733.0
-7.0
-29.0
-22.0
-35.0
-22.0
-5.0
-5.085000000000008
-258.0
-7.0
-44.0
-292.0
-32.0
-382.0
-48.0
-178.0
-27.0
-11.0
-25.120000000000005
-43.639999999999986
-26.0
-688.0
-648.0
-0.9199999999999591
-95.0
-7.0
-105.12
-37.0
-112.0
-93.0
-88.0
-5.384999999999991
-3.5
-737.5
-0.5
-12.5
-8.5
-29.0
-23.28
-62.27999999999997
-13.720000000000027
-93.27999999999997
-134.27999999999997
-110.27999999999997
-132.27999999999997
-301.28
-130.0
-128.12
-98.0
-288.0
-85.0
-43.0
-128.0
-2.0
-64.0
-48.860000000000014
-63.0
-40.0
-14.0
-36.0
-56.0
-503.0
-28.639999999999986
-80.0
-397.0
-59.0
-61.0
-58.120000000000005
-23.0
-250.0
-72.0
-165.08000000000004
-129.0
-79.0
-108.0
-539.0
-451.0
-64.0
-235.0
-12.545000000000016
-272.0
-9.0
-15.0
-28.0
-4.0
-7.0
-694.0
-199.0
-822.0
-54.0
-847.0
-134.0
-98.0
-546.0
-98.0
-50.0
-33.0
-520.0
-158.0
-81.0
-213.0
-21.0
-136.0
-14.085000000000008
-20.0
-3.0
-8.0
-8.0
-3.0
-8.0
-493.0
-39.0
-355.0
-192.0
-103.0
-5.0
-65.0
-58.0
-574.0
-91.0
-161.0
-36.5
-331.0
-1.0
-8.0
-27.0
-383.0
-40.08500000000001
-18.0
-359.0
-822.0
-200.0
-51.0
-37.0
-770.0
-28.0
-9.0
-0.0
-6.0
-14.0
-5.0
-1.0
-11.0
-18.0
-96.0
-37.0
-406.0
-22.0
-32.0
-14.0
-431.0
-14.085000000000008
-652.0
-819.0
-44.0
-43.0
-21.0
-26.0
-266.0
-145.0
-317.0
-30.0
-75.0
-74.0
-468.0
-3.0
-386.0
-808.0
-57.0
-176.0
-21.0
-76.0
-27.0
-75.0
-44.0
-696.4549999999999
-9.5
-833.0
-793.0
-69.0
-34.0
-21.0
-3.0
-100.0
-138.0
-26.0
-647.0
-881.0
-776.24
-152.0
-51.0
-27.0
-164.0
-39.879999999999995
-209.0
-108.0
-56.879999999999995
-137.0
-97.0
-38.23000000000002
-170.5
-259.0
-25.0
-43.0
-6.0
-78.0
-645.0
-68.04000000000002
-294.03999999999996
-23.0
-489.0
-408.0
-613.0
-44.0
-35.0
-36.0
-1.0
-407.0
-270.12
-235.0
-60.0
-403.0
-577.0
-2.7299999999999898
-299.5
-18.0
-761.0
-34.0
-31.0
-811.0
-30.0
-33.0
-38.0
-124.0
-164.0
-229.0
-121.0
-169.0
-352.0
-138.0
-114.96000000000004
-93.84000000000003
-40.84000000000003
-62.48000000000002
-580.0
-29.0
-52.0
-31.24000000000001
-1.5
-5.0
-63.0
-4.0
-514.0
-451.0
-375.0
-98.07999999999998
-23.0
-11.0
-56.120000000000005
-662.28
-20.279999999999973
-29.279999999999973
-2.7200000000000273
-32.0
-48.0
-15.879999999999995
-157.0
-38.0
-293.0
-15.0
-1.0
-14.25
-8.5
-2.0
-1.0
-3.0
-427.0
-42.0
-15.0
-14.0
-475.0
-723.0
-16.0
-119.0
-162.0
-109.0
-35.0
-138.0
-37.0
-38.0
-19.0
-123.0
-31.0
-25.0
-334.0
-43.11500000000001
-25.0
-7.0
-7.0
-8.0
-13.5
-40.0
-627.0
-51.5
-13.0
-79.0
-69.0
-373.0
-49.0
-66.0
-39.0
-242.0
-67.0
-19.0
-397.0
-6.0
-551.0
-54.0
-18.0
-11.085000000000008
-330.0
-401.0
-307.0
-591.0
-34.0
-21.0
-19.0
-115.0
-22.0
-32.0
-13.0
-36.0
-31.0
-12.0
-309.0
-6.0
-76.0
-6.0
-59.0
-69.0
-44.5
-69.0
-787.0
-2.914999999999992
-17.0
-25.0
-35.0
-39.0
-1.0
-309.0
-34.0
-235.56
-121.44000000000005
-381.0
-244.0
-636.12
-756.0
-33.0
-28.0
-19.0
-30.0
-26.0
-89.0
-23.0
-82.0
-34.0
-1.0
-5.115000000000009
-161.0
-4.0
-747.0
-9.0
-13.0
-7.0
-24.0
-88.0
-420.0
-475.0
-201.0
-39.879999999999995
-447.0
-590.0
-379.0
-351.0
-357.0
-46.0
-24.0
-110.0
-25.0
-409.0
-19.0
-2.884999999999991
-531.5
-12.0
-5.0
-81.0
-542.0
-13.0
-18.0
-8.0
-37.0
-82.0
-312.0
-492.0
-80.0
-418.32000000000005
-478.32000000000005
-289.4
-38.440000000000055
-3.5599999999999454
-121.44
-150.07999999999998
-9.199999999999989
-35.079999999999984
-408.5
-364.885
-16.5
-0.0
-515.5
-13.0
-122.0
-7.5
-10.0
-26.160000000000025
-17.840000000000032
-66.08000000000004
-30.0
-13.080000000000041
-121.91999999999996
-353.15999999999997
-9.039999999999964
-285.76
-30.24000000000001
-275.76
-223.88
-85.24000000000001
-57.360000000000014
-15.04000000000002
-358.0
-5.115000000000009
-565.5
-20.5
-11.5
-30.0
-580.0
-101.0
-14.0
-96.0
-53.0
-761.0
-14.0
-474.0
-355.0
-589.0
-6.0
-254.0
-133.0
-260.0
-39.0
-53.0
-70.0
-21.0
-7.0
-42.11500000000001
-16.5
-13.0
-3.0
-13.0
-314.0
-1.0
-8.0
-461.0
-267.0
-719.0
-589.0
-33.0
-34.0
-298.0
-57.0
-32.0
-561.5
-2.0
-385.0
-13.0
-0.0
-2.0
-822.0
-45.08500000000001
-131.5
-365.0
-8.0
-4.0
-7.0
-60.0
-623.0
-27.0
-408.0
-36.72
-4.5
-71.72000000000003
-744.28
-25.72
-38.72000000000003
-35.72
-433.5
-295.0
-498.0
-14.5
-382.5
-1.5
-806.0
-46.08500000000001
-7.5
-453.5
-16.0
-233.0
-41.0
-88.28
-136.27999999999997
-175.27999999999997
-108.72000000000003
-3.7200000000000273
-446.28
-657.28
-75.88
-16.0
-28.0
-37.0
-25.0
-67.0
-254.0
-23.319999999999993
-167.8
-96.68
-57.0
-39.97999999999999
-20.5
-262.0
-278.0
-2.5
-4.0
-28.0
-28.0
-413.0
-16.0
-49.0
-85.0
-58.0
-393.0
-56.0
-193.0
-776.0
-26.0
-518.0
-301.0
-208.0
-24.0
-775.0
-415.0
-408.54499999999996
-14.5
-15.0
-409.0
-260.0
-649.5
-5.5
-22.5
-610.0
-400.0
-655.0
-67.0
-457.0
-58.120000000000005
-205.0
-47.0
-12.0
-45.879999999999995
-12.0
-7.0
-37.0
-44.0
-409.0
-8.0
-23.930000000000007
-23.0
-3.0
-7.0
-14.0
-373.0
-6.0
-15.0
-10.0
-36.0
-761.0
-292.0
-25.0
-91.0
-291.0
-574.0
-43.0
-77.0
-116.0
-128.08000000000004
-241.0
-18.0
-135.0
-20.0
-492.02
-490.0
-2.0
-30.0
-459.0
-15.5
-78.0
-75.0
-160.0
-23.0
-76.0
-23.08000000000004
-844.0
-89.0
-313.0
-16.0
-53.120000000000005
-30.0
-38.0
-6.0
-85.0
-7.0
-2.0
-5.0
-217.07
-12.5
-16.0
-6.0
-6.0
-7.0
-79.0
-153.0
-54.0
-350.0
-40.0
-38.0
-34.0
-300.0
-33.160000000000025
-39.160000000000025
-15.680000000000007
-318.5
-70.0
-46.0
-65.5
-82.5
-547.5
-586.0
-556.085
-43.5
-54.0
-56.5
-23.0
-661.0
-260.0
-27.0
-99.0
-34.0
-35.0
-61.0
-16.0
-11.0
-42.0
-78.58000000000001
-657.8399999999999
-48.5
-29.0
-2.0
-23.5
-6.5
-349.0
-6.0
-22.914999999999992
-100.0
-1.0
-45.0
-42.0
-7.0
-4.0
-18.0
-234.12
-95.96000000000004
-132.96000000000004
-83.0
-23.0
-78.0
-139.0
-57.0
-4.0
-561.0
-6.0
-13.0
-15.0
-25.0
-35.0
-16.0
-12.0
-14.0
-99.0
-8.0
-17.0
-35.0
-54.0
-22.0
-18.0
-30.0
-40.0
-691.5
-19.0
-84.0
-5.085000000000008
-45.0
-6.0
-35.0
-39.0
-72.0
-11.0
-22.0
-28.560000000000002
-224.44000000000005
-7.0
-287.0
-34.120000000000005
-53.0
-33.0
-47.0
-63.0
-159.0
-148.0
-14.0
-23.0
-132.0
-321.0
-12.0
-3.115000000000009
-14.0
-0.0
-36.0
-302.0
-545.0
-160.0
-129.0
-34.0
-63.0
-128.0
-94.0
-181.12
-79.0
-627.0
-27.0
-59.0
-140.0
-103.0
-127.0
-104.0
-268.0
-75.0
-562.0
-5.115000000000009
-31.5
-47.0
-30.0
-657.0
-43.0
-40.0
-14.0
-49.0
-37.0
-266.0
-779.0
-18.0
-708.0
-3.67999999999995
-18.67999999999995
-24.600000000000023
-69.44000000000005
-163.55999999999995
-294.44
-83.07999999999998
-162.8
-620.9200000000001
-37.5
-24.11500000000001
-730.5
-25.0
-21.5
-50.0
-52.0
-55.5
-44.0
-559.8399999999999
-21.159999999999968
-249.91999999999996
-318.0
-379.91999999999996
-471.91999999999996
-36.15999999999997
-9.960000000000036
-8.759999999999991
-43.75999999999999
-35.24000000000001
-179.12
-496.24
-47.360000000000014
-39.04000000000002
-43.0
-8.115000000000009
-22.5
-1.5
-3.5
-69.0
-5.0
-15.0
-22.0
-28.0
-212.0
-75.0
-18.0
-16.0
-66.0
-425.0
-77.0
-81.0
-512.0
-49.0
-55.0
-36.0
-92.0
-27.0
-44.0
-37.11500000000001
-16.5
-2.0
-11.0
-12.0
-2.0
-58.0
-816.0
-85.0
-21.0
-90.0
-31.0
-2.0
-29.0
-2.0
-21.0
-13.0
-29.5
-53.0
-48.0
-63.0
-705.0
-335.0
-622.0
-4.914999999999992
-556.5
-11.0
-601.0
-5.0
-553.0
-0.0
-148.0
-118.0
-4.0
-43.28
-4.5
-3.2799999999999727
-62.72000000000003
-147.28
-7.720000000000027
-2.280000000000001
-21.5
-208.0
-18.0
-689.5
-3.5
-114.5
-198.0
-7.085000000000008
-58.5
-27.5
-37.0
-24.0
-355.0
-68.28
-56.72000000000003
-76.27999999999997
-265.72
-3.7200000000000273
-13.720000000000027
-329.28
-63.879999999999995
-88.0
-40.0
-554.0
-72.0
-93.0
-82.0
-77.68
-97.80000000000001
-30.680000000000007
-21.0
-38.02000000000001
-57.5
-77.0
-249.0
-7.5
-541.0
-18.0
-703.0
-12.0
-157.0
-5.0
-41.0
-33.0
-40.0
-71.0
-24.0
-486.0
-35.0
-69.0
-118.0
-120.0
-271.0
-36.0
-35.0
-751.545
-60.5
-21.0
-19.0
-445.0
-23.5
-4.5
-6.5
-34.0
-33.0
-575.0
-1.0
-673.0
-198.12
-492.0
-47.0
-61.0
-27.120000000000005
-564.0
-61.0
-135.0
-45.0
-97.0
-2.0
-4.069999999999993
-17.0
-3.0
-8.0
-390.0
-414.0
-468.0
-511.0
-10.0
-12.0
-435.0
-58.0
-816.0
-43.0
-28.0
-165.0
-29.0
-97.0
-208.0
-180.08000000000004
-23.0
-18.0
-40.0
-20.0
-42.02000000000001
-11.0
-12.0
-96.0
-19.0
-55.5
-21.0
-17.0
-636.0
-1.0
-45.0
-53.91999999999996
-250.0
-10.0
-47.0
-78.0
-774.12
-451.0
-1.0
-6.0
-72.0
-83.0
-38.0
-387.0
-258.07
-349.5
-249.0
-744.0
-487.0
-7.0
-25.0
-141.0
-12.0
-523.0
-38.0
-522.0
-44.0
-69.0
-249.16000000000003
-305.16
-73.32
-58.5
-22.0
-2.0
-117.5
-26.5
-28.5
-39.0
-1.914999999999992
-6.5
-20.0
-34.5
-26.0
-9.0
-343.0
-40.0
-407.0
-479.0
-11.0
-735.0
-16.0
-709.0
-740.0
-25.419999999999987
-53.839999999999975
-502.5
-21.0
-29.0
-21.5
-4.5
-3.0
-15.0
-37.08500000000001
-24.0
-378.0
-327.0
-13.0
-719.0
-49.0
-685.0
-186.12
-95.96000000000004
-20.039999999999964
-153.0
-76.0
-78.0
-750.0
-36.0
-24.480000000000018
-285.52
-6.0
-51.0
-4.0
-544.0
-25.0
-260.0
-11.860000000000014
-18.0
-22.0
-15.0
-82.0
-9.0
-16.0
-45.0
-122.0
-4.0
-131.88
-101.0
-57.0
-83.0
-428.0
-130.0
-91.0
-141.0
-19.0
-147.88
-115.0
-42.0
-123.0
-708.0
-627.14
-697.0
-60.0
-1.0
-3.0
-136.0
-6.0
-39.0
-124.0
-145.0
-27.120000000000005
-88.0
-490.0
-33.0
-40.0
-62.879999999999995
-14.0
-92.0
-111.0
-517.0
-11.0
-668.0
-231.0
-11.0
-16.86500000000001
-21.0
-32.0
-36.0
-855.0
-14.0
-604.0
-58.0
-763.0
-150.0
-81.0
-41.0
-222.0
-6.0
-38.0
-57.0
-627.0
-10.0
-3.0
-586.0
-14.0
-84.0
-37.0
-42.0
-56.08500000000001
-31.0
-3.0
-132.0
-782.0
-43.0
-37.0
-647.0
-60.0
-7.0
-63.0
-47.0
-430.0
-12.0
-104.0
-40.0
-2.0
-7.0
-4.0
-22.0
-466.0
-30.0
-63.0
-64.0
-67.08500000000001
-137.0
-667.0
-96.0
-264.0
-4.0
-16.0
-92.0
-110.0
-28.0
-412.0
-786.0
-46.0
-225.0
-46.0
-552.0
-15.0
-27.0
-10.0
-148.0
-27.0
-693.0
-0.0
-823.0
-784.085
-63.5
-75.0
-3.0
-694.0
-21.0
-44.0
-18.0
-375.0
-18.0
-27.0
-38.0
-29.0
-641.0
-23.0
-15.0
-23.0
-15.0
-17.0
-64.0
-16.0
-43.0
-14.0
-172.0
-293.08500000000004
-8.0
-2.0
-354.0
-17.0
-4.0
-134.48
-115.5
-106.0
-29.0
-17.0
-20.0
-43.0
-30.0
-73.0
-19.0
-41.0
-26.0
-35.0
-10.0
-348.0
-96.0
-91.0
-377.0
-865.085
-113.0
-98.0
-101.0
-654.0
-574.0
-605.0
-109.0
-91.0
-253.0
-844.0
-55.0
-11.0
-67.0
-80.0
-6.0
-28.0
-603.0
-29.0
-58.0
-37.0
-8.0
-20.0
-548.0
-20.085000000000008
-24.0
-18.0
-12.0
-16.0
-247.0
-36.0
-68.0
-46.0
-501.0
-48.0
-26.0
-44.0
-50.0
-13.0
-653.0
-6.0
-37.0
-21.0
-3.0
-9.0
-2.5
-479.0
-16.0
-40.05000000000001
-33.0
-28.0
-1.0
-36.0
-46.0
-23.0
-15.0
-87.0
-438.0
-16.0
-189.0
-428.0
-653.0
-106.0
-10.0
-168.0
-44.0
-7.7999999999999545
-213.0
-200.0
-97.0
-10.0
-480.0
-16.86500000000001
-17.0
-701.0
-30.0
-22.0
-19.0
-20.0
-732.0
-73.0
-26.0
-169.0
-59.91999999999996
-29.0
-32.0
-35.0
-16.0
-53.0
-47.0
-55.0
-4.0
-155.0
-17.0
-65.0
-648.0
-16.86500000000001
-15.0
-90.0
-764.0
-25.0
-329.0
-24.0
-273.0
-89.0
-300.0
-181.0
-100.0
-141.88
-116.0
-134.91999999999996
-281.0
-22.0
-69.0
-495.0
-113.0
-79.0
-19.0
-21.0
-209.0
-15.865000000000009
-27.0
-166.0
-20.0
-634.0
-9.0
-10.0
-4.0
-602.0
-43.0
-413.0
-195.0
-643.0
-736.0
-13.0
-169.0
-734.0
-23.0
-2.0
-12.0
-7.0
-683.0
-141.0
-120.0
-3.5
-363.0
-62.0
-1.0
-7.0
-23.0
-19.0
-49.0
-177.0
-414.0
-10.0
-8.0
-83.0
-718.0
-559.0
-75.0
-92.12
-411.0
-12.0
-54.0
-51.0
-25.0
-41.0
-20.0
-10.865000000000009
-25.0
-759.0
-658.0
-5.0
-773.0
-10.5
-6.0
-104.0
-164.0
-120.0
-432.0
-51.0
-12.0
-433.0
-52.0
-29.0
-34.0
-162.0
-13.0
-2.0
-68.0
-33.0
-48.0
-802.135
-61.0
-13.0
-30.0
-87.0
-3.0
-24.0
-10.0
-120.0
-32.0
-44.120000000000005
-86.0
-7.0
-9.0
-82.0
-278.0
-279.0
-158.0
-103.0
-61.0
-547.88
-621.0
-5.0
-65.0
-51.870000000000005
-376.0
-812.0
-35.0
-2.0
-663.0
-17.0
-21.0
-551.0
-81.0
-51.0
-11.0
-95.0
-25.0
-83.0
-35.0
-54.0
-67.0
-13.120000000000005
-37.0
-625.0
-62.0
-23.0
-8.0
-10.894999999999982
-30.0
-20.0
-1.0
-4.0
-83.0
-812.0
-183.0
-172.0
-59.0
-9.0
-89.0
-9.0
-19.0
-3.0
-220.0
-18.0
-100.0
-52.0
-112.0
-210.0
-148.0
-0.12000000000000455
-483.0
-73.89499999999998
-5.0
-2.0
-5.0
-35.0
-2.0
-33.0
-9.0
-304.0
-35.0
-67.0
-42.0
-180.0
-12.0
-524.0
-427.0
-441.0
-21.0
-10.0
-14.0
-803.0
-4.0
-26.0
-17.0
-80.5
-8.0
-59.0
-100.0
-29.0
-30.0
-5.0
-388.0
-689.0
-220.0
-45.0
-138.0
-93.0
-121.0
-429.0
-95.0
-248.0
-36.0
-11.0
-23.0
-18.0
-17.0
-12.0
-17.0
-9.5
-610.0
-14.0
-147.0
-9.0
-10.0
-48.0
-22.0
-110.0
-122.0
-73.0
-6.0
-83.0
-11.120000000000005
-42.0
-46.0
-77.0
-324.0
-37.0
-247.0
-26.0
-31.0
-17.0
-3.0
-528.105
-11.0
-4.0
-24.0
-165.5
-320.0
-21.0
-14.0
-168.0
-247.0
-71.0
-37.0
-48.0
-157.0
-253.0
-171.0
-30.0
-119.91999999999996
-1.0
-94.0
-8.0
-152.0
-38.0
-25.0
-24.919999999999987
-7.0
-19.0
-7.0
-13.0
-1.0
-656.0
-8.0
-512.0
-201.0
-49.0
-481.0
-49.08000000000004
-690.0
-8.0
-547.0
-15.0
-7.0
-71.0
-168.0
-39.0
-9.0
-6.0
-353.0
-37.39500000000001
-33.0
-13.0
-10.0
-6.0
-1.0
-16.0
-18.0
-371.0
-372.0
-17.0
-37.0
-43.0
-500.0
-19.0
-27.0
-90.0
-79.0
-330.0
-36.0
-557.0
-153.0
-11.0
-265.0
-403.13
-5.0
-105.0
-26.0
-28.0
-6.0
-108.0
-18.0
-72.0
-192.0
-2.0
-687.0
-66.0
-31.120000000000005
-2.0
-83.0
-47.0
-69.0
-129.0
-2.0
-39.0
-119.0
-92.0
-663.0
-2.134999999999991
-3.0
-31.0
-2.0
-16.0
-716.0
-14.0
-846.0
-587.0
-26.0
-48.0
-19.0
-1.0
-57.0
-479.0
-417.0
-39.0
-49.0
-542.0
-48.0
-22.0
-68.0
-17.0
-15.0
-1.384999999999991
-3.0
-15.0
-42.0
-731.0
-20.0
-721.0
-19.0
-8.0
-192.0
-197.0
-117.0
-250.03999999999996
-86.03999999999996
-11.039999999999964
-360.96000000000004
-14.960000000000036
-449.96000000000004
-1.0399999999999636
-453.04
-25.04000000000002
-17.04000000000002
-23.5
-53.5
-407.615
-35.0
-54.17500000000001
-463.68
-30.0
-3.3249999999999886
-18.180000000000007
-470.68
-324.5
-411.5
-6.960000000000008
-24.95999999999998
-4.0
-386.0
-422.0
-676.0
-25.0
-24.0
-11.0
-14.0
-46.0
-73.0
-57.0
-2.0
-69.08500000000001
-12.0
-215.35
-27.360000000000014
-9.0
-348.35
-54.360000000000014
-62.360000000000014
-37.5
-12.5
-21.480000000000018
-170.01999999999998
-23.5
-27.0
-14.0
-30.0
-81.0
-298.0
-33.0
-41.0
-734.0
-46.0
-80.0
-80.0
-352.08000000000004
-895.96
-12.0
-32.0
-735.0
-15.0
-817.0
-24.0
-78.0
-191.0
-71.0
-44.0
-660.0
-71.0
-59.0
-86.0
-602.0
-50.0
-493.0
-280.0
-27.0
-50.0
-0.0
-583.0
-28.38499999999999
-485.48
-83.0
-50.0
-54.0
-37.0
-25.0
-14.0
-160.0
-7.0
-489.0
-516.0
-101.0
-19.0
-663.0
-66.0
-184.0
-105.0
-104.0
-29.0
-167.0
-4.0
-35.0
-68.0
-376.615
-19.0
-20.0
-29.0
-855.0
-650.0
-39.0
-590.0
-3.0
-47.0
-55.0
-473.0
-127.0
-22.0
-4.0
-21.0
-128.0
-43.0
-112.0
-187.0
-242.0
-103.0
-27.0
-21.0
-1.384999999999991
-18.0
-2.0
-39.0
-267.0
-38.0
-18.0
-6.0
-14.0
-27.0
-95.0
-296.0
-276.0
-37.0
-20.0
-82.0
-84.0
-57.0
-16.0
-15.0
-58.0
-29.0
-26.0
-14.0
-3.384999999999991
-32.0
-2.0
-17.0
-114.0
-2.0
-154.0
-42.0
-6.0
-65.0
-24.0
-413.0
-133.0
-72.0
-8.0
-43.0
-42.0
-164.0
-90.0
-59.0
-36.0
-19.0
-68.0
-62.0
-293.615
-23.0
-31.0
-804.0
-781.0
-57.0
-41.0
-114.0
-101.0
-538.0
-28.0
-85.0
-91.0
-86.0
-531.0
-103.0
-544.28
-64.72000000000003
-7.199999999999989
-95.80000000000001
-117.5
-811.0
-7.0
-19.0
-142.61
-6.0
-20.0
-26.0
-31.0
-34.0
-24.0
-88.0
-39.0
-538.0
-176.0
-5.439999999999998
-240.56
-9.439999999999998
-693.56
-75.44
-320.56
-60.44
-85.0
-61.0
-72.0
-36.0
-10.0
-859.0
-341.61
-9.0
-439.0
-15.0
-551.0
-4.0
-17.0
-51.0
-40.0
-124.0
-3.0
-53.0
-479.0
-66.0
-2.0
-22.0
-56.0
-161.0
-16.0
-356.0
-23.0
-59.0
-496.0
-32.0
-94.61500000000001
-21.0
-60.0
-537.0
-29.0
-250.0
-61.0
-28.5
-4.480000000000018
-54.0
-2.0
-24.0
-492.0
-121.0
-119.0
-160.0
-167.0
-0.0
-221.0
-15.0
-76.0
-28.0
-25.0
-320.0
-1.615000000000009
-180.0
-724.0
-45.0
-244.0
-421.0
-36.0
-95.0
-11.0
-220.0
-52.0
-17.0
-705.0
-66.0
-26.0
-2.0
-4.0
-20.0
-10.0
-35.0
-521.0
-5.0
-15.0
-18.0
-1.615000000000009
-524.9200000000001
-200.07999999999998
-46.920000000000016
-43.920000000000016
-249.07999999999998
-247.07999999999998
-117.07999999999998
-147.07999999999998
-154.91999999999996
-94.84000000000003
-176.15999999999997
-377.08000000000004
-231.91999999999996
-168.08000000000004
-385.0
-53.84000000000003
-119.15999999999997
-203.0
-490.0
-65.0
-2.0
-57.0
-25.0
-595.615
-522.0
-697.0
-29.0
-28.0
-58.0
-30.0
-60.0
-183.0
-56.0
-130.0
-37.0
-94.0
-226.0
-52.0
-564.0
-29.0
-16.0
-194.0
-17.0
-43.0
-42.0
-51.0
-40.0
-53.61500000000001
-445.0
-518.0
-119.0
-488.0
-116.0
-857.0
-123.0
-790.0
-27.0
-48.0
-25.0
-19.0
-55.0
-10.0
-28.0
-60.0
-70.0
-65.0
-34.0
-1.0
-13.0
-22.0
-7.0
-718.61
-9.0
-14.0
-11.0
-735.0
-4.0
-580.0
-3.0
-728.5
-37.5
-685.0
-85.0
-4.0
-0.0
-631.0
-23.0
-45.0
-41.0
-234.0
-3.0
-4.0
-32.0
-8.0
-2.0
-424.61
-6.0
-11.0
-4.0
-11.0
-15.0
-9.0
-332.0
-81.0
-202.0
-12.0
-18.0
-5.0
-24.0
-18.0
-20.0
-466.0
-59.0
-118.0
-58.0
-9.0
-9.0
-85.0
-437.0
-60.38499999999999
-32.0
-11.0
-6.0
-20.0
-1.0
-712.0
-25.0
-207.0
-99.0
-63.0
-0.0
-13.0
-96.0
-174.0
-89.0
-71.0
-99.0
-219.0
-20.0
-27.0
-653.0
-288.0
-65.0
-112.38499999999999
-54.5
-61.5
-44.0
-47.5
-827.5
-16.0
-25.0
-28.0
-113.0
-76.0
-19.0
-193.0
-5.0
-528.0
-17.0
-79.08000000000004
-374.08000000000004
-37.0
-2.0
-72.0
-13.0
-16.0
-15.0
-1.384999999999991
-5.5
-8.0
-699.0
-11.0
-383.0
-24.0
-11.0
-143.0
-45.0
-86.0
-95.0
-448.0
-42.0
-12.0
-4.0
-31.0
-623.0
-302.0
-70.0
-22.0
-38.0
-1.0
-27.0
-13.384999999999991
-24.5
-42.0
-197.0
-53.0
-696.0
-14.0
-4.0
-149.0
-287.0
-17.0
-10.0
-59.0
-16.0
-6.0
-238.0
-46.0
-42.0
-483.0
-21.0
-7.0
-581.0
-20.0
-17.0
-28.38499999999999
-20.0
-39.0
-18.0
-21.0
-300.0
-866.0
-34.0
-4.0
-6.0
-788.0
-79.0
-47.0
-38.0
-440.0
-82.0
-358.0
-11.0
-48.0
-86.0
-104.0
-89.0
-180.0
-11.0
-8.139999999999986
-15.0
-1.0
-14.0
-29.0
-25.0
-23.0
-601.0
-82.0
-88.0
-324.0
-55.0
-21.0
-756.0
-356.0
-61.0
-11.0
-27.0
-390.0
-20.0
-13.0
-11.0
-356.0
-10.0
-224.12
-3.0
-338.0
-12.0
-8.0
-831.0
-39.5
-650.0
-90.0
-356.0
-49.0
-515.0
-251.0
-168.0
-60.0
-79.0
-163.0
-168.0
-91.0
-160.0
-78.0
-23.0
-23.0
-130.0
-178.615
-199.0
-789.0
-126.0
-612.5
-23.0
-23.0
-2.0
-157.0
-275.0
-18.0
-25.0
-97.0
-54.0
-729.0
-116.0
-20.0
-55.0
-424.0
-38.0
-77.0
-13.0
-9.0
-74.0
-22.61500000000001
-25.0
-15.0
-269.0
-26.0
-27.0
-338.0
-8.0
-2.0
-278.0
-598.0
-36.0
-614.0
-412.0
-77.0
-63.0
-17.0
-234.0
-65.0
-29.0
-48.0
-21.0
-14.0
-180.0
-1.384999999999991
-11.0
-813.0
-55.0
-3.0
-455.0
-31.0
-808.0
-197.0
-254.0
-36.0
-587.0
-60.0
-117.0
-46.0
-74.0
-109.0
-4.0
-116.0
-173.0
-566.0
-4.0
-464.0
-263.0
-36.829999999999984
-78.0
-34.0
-90.0
-24.0
-59.0
-309.0
-5.0
-72.0
-95.0
-35.0
-112.0
-40.0
-59.0
-29.0
-67.0
-346.0
-74.0
-87.0
-312.0
-77.0
-146.0
-195.0
-17.0
-8.155000000000001
-41.0
-18.0
-14.0
-10.0
-4.0
-697.0
-878.0
-34.0
-87.0
-58.0
-66.0
-163.0
-20.0
-47.0
-113.0
-111.0
-139.0
-42.0
-250.0
-10.0
-9.0
-13.0
-3.0
-53.11500000000001
-19.0
-45.0
-52.0
-542.0
-67.0
-54.0
-53.0
-53.0
-17.0
-13.0
-612.0
-617.0
-28.0
-105.0
-11.0
-23.0
-38.0
-12.0
-22.0
-14.0
-19.0
-10.0
-2.0
-315.115
-5.0
-15.0
-526.0
-693.0
-233.0
-12.0
-33.0
-78.0
-389.0
-2.0
-355.0
-71.0
-197.0
-56.0
-112.0
-18.0
-79.48000000000002
-69.48000000000002
-11.0
-34.0
-11.0
-2.0
-10.0
-524.155
-48.0
-40.0
-505.0
-20.0
-51.0
-38.0
-11.0
-20.0
-141.0
-331.0
-61.0
-108.0
-7.0
-8.0
-67.0
-31.0
-493.0
-361.0
-138.0
-174.0
-8.0
-550.0
-570.0
-33.155
-381.0
-452.0
-24.0
-44.0
-17.0
-185.5
-223.0
-108.0
-6.0
-507.0
-18.0
-71.0
-62.0
-41.0
-235.0
-35.0
-379.0
-260.0
-7.0
-642.0
-5.0
-35.0
-75.0
-677.155
-52.0
-22.0
-42.0
-24.0
-760.0
-25.0
-103.0
-16.0
-27.0
-40.0
-24.0
-43.0
-46.0
-21.0
-10.0
-17.0
-27.0
-51.0
-389.0
-21.0
-9.0
-77.0
-96.0
-94.155
-272.0
-25.0
-15.0
-297.0
-23.0
-128.0
-106.0
-44.0
-60.0
-148.0
-82.0
-72.0
-23.0
-153.0
-52.0
-105.0
-57.0
-2.0
-16.0
-125.0
-62.0
-470.0
-16.0
-17.845
-30.0
-27.0
-45.0
-44.0
-19.0
-47.0
-180.0
-65.0
-2.0
-54.0
-9.439999999999998
-1.4399999999999977
-64.0
-81.0
-109.0
-41.0
-62.0
-76.0
-8.0
-67.0
-25.0
-14.0
-20.0
-138.11
-194.0
-58.0
-654.0
-43.5
-65.0
-156.0
-782.0
-84.0
-3.0
-396.0
-751.0
-39.0
-27.0
-29.0
-39.0
-29.0
-34.0
-42.0
-13.0
-710.0
-15.0
-51.0
-36.0
-24.099999999999994
-35.0
-35.0
-29.0
-222.0
-36.0
-640.0
-23.0
-52.0
-216.0
-12.0
-9.0
-96.0
-37.0
-18.0
-52.0
-11.0
-0.0
-218.0
-71.0
-2.0
-7.0
-39.0
-26.0
-20.845
-580.0
-11.0
-94.0
-113.0
-16.0
-842.0
-4.0
-69.0
-383.0
-14.0
-69.0
-13.0
-94.0
-40.0
-58.0
-66.0
-87.0
-41.0
-49.0
-18.0
-10.0
-12.0
-21.0
-26.155
-221.0
-4.0
-196.0
-10.0
-20.0
-425.0
-764.0
-66.0
-180.0
-21.0
-43.0
-87.0
-3.0
-10.690000000000055
-480.0
-199.0
-54.0
-184.0
-451.0
-1.0
-666.0
-281.0
-75.0
-20.845
-20.0
-473.0
-7.0
-7.0
-493.0
-49.0
-20.0
-43.0
-134.0
-43.0
-1.0
-606.31
-23.0
-35.0
-54.0
-188.0
-38.0
-449.0
-69.0
-25.0
-25.0
-18.155
-551.0
-19.0
-42.0
-738.0
-2.0
-21.0
-10.0
-95.0
-54.0
-34.0
-174.0
-189.0
-146.0
-467.655
-77.0
-158.0
-241.0
-235.0
-30.0
-27.0
-130.0
-31.0
-0.0
-289.155
-8.0
-296.0
-8.0
-1.0
-371.0
-4.0
-226.0
-335.0
-472.0
-170.0
-12.0
-367.0
-21.0
-38.0
-560.0
-637.0
-23.0
-211.0
-101.0
-218.0
-253.0
-237.0
-163.0
-31.155
-247.0
-7.0
-65.0
-74.0
-210.0
-40.0
-34.0
-225.0
-8.0
-36.0
-1.0
-480.0
-9.0
-760.0
-34.0
-22.5
-541.5
-194.0
-110.0
-280.0
-756.0
-45.5
-33.0
-15.129999999999995
-42.0
-404.0
-329.0
-35.5
-84.0
-29.0
-13.0
-375.0
-105.0
-80.0
-39.0
-53.0
-36.0
-76.0
-114.0
-22.5
-28.5
-92.0
-187.0
-33.0
-116.0
-384.0
-245.0
-50.129999999999995
-6.5
-26.460000000000008
-796.0
-24.5
-118.0
-540.0
-18.0
-74.0
-241.0
-652.0
-295.0
-430.0
-538.0
-65.0
-6.0
-3.0
-37.0
-69.0
-31.0
-242.0
-36.0
-50.5
-170.0
-38.845
-9.5
-14.539999999999992
-77.0
-89.5
-310.0
-590.0
-18.0
-69.0
-160.0
-239.0
-123.0
-52.0
-54.0
-118.0
-148.0
-5.0
-46.0
-113.0
-0.0
-14.0
-89.0
-20.0
-743.0
-23.155
-8.5
-309.91999999999996
-9.0
-7.0
-67.0
-24.0
-830.0
-437.0
-32.0
-92.0
-105.0
-42.0
-61.0
-124.0
-27.0
-26.0
-76.0
-157.0
-310.0
-261.0
-302.0
-20.0
-25.0
-8.155000000000001
-27.0
-33.0
-17.0
-21.0
-15.0
-30.0
-475.0
-196.0
-66.0
-18.0
-556.0
-555.0
-177.0
-52.0
-30.0
-6.0
-8.0
-208.0
-128.0
-24.0
-66.0
-239.0
-446.0
-71.845
-17.0
-12.0
-18.0
-11.5
-346.0
-10.0
-17.0
-53.0
-257.0
-193.0
-351.0
-38.0
-5.0
-27.0
-11.0
-626.0
-53.0
-174.0
-21.0
-7.0
-56.0
-108.0
-138.0
-313.155
-156.0
-142.0
-57.0
-174.0
-148.0
-180.0
-146.0
-159.0
-416.0
-63.0
-59.0
-42.0
-11.0
-13.0
-69.0
-61.0
-46.0
-40.0
-31.0
-694.0
-155.0
-858.0
-566.0
-189.13
-272.0
-162.0
-73.0
-48.0
-113.0
-139.0
-138.0
-302.0
-19.0
-34.0
-38.0
-417.0
-628.0
-40.0
-496.0
-76.0
-406.0
-16.0
-161.0
-11.0
-10.0
-594.0
-35.0
-713.13
-315.0
-22.0
-23.0
-7.0
-7.0
-10.0
-32.0
-72.0
-171.0
-6.0
-231.0
-76.0
-67.0
-280.0
-38.0
-297.0
-78.0
-186.0
-19.0
-21.0
-18.0
-28.0
-59.0
-26.845
-370.0
-14.0
-16.47999999999999
-660.5
-61.5
-590.5
-473.0
-55.0
-272.67999999999995
-4.67999999999995
-474.67999999999995
-563.0
-104.0
-124.0
-23.0
-169.0
-30.0
-89.0
-38.0
-361.0
-124.0
-280.0
-61.0
-448.155
-296.0
-381.0
-16.0
-10.0
-590.0
-22.0
-18.0
-17.0
-114.0
-75.0
-38.0
-28.0
-90.0
-576.0
-51.0
-34.0
-64.0
-174.0
-58.0
-41.0
-46.0
-29.0
-32.0
-23.139999999999986
-0.5
-3.0
-0.5
-49.68000000000001
-199.41
-13.620000000000005
-77.51999999999998
-10.839999999999975
-57.639999999999986
-151.64
-96.48000000000002
-101.48000000000002
-141.36
-68.84000000000003
-332.15999999999997
-108.15999999999997
-273.84000000000003
-30.75999999999999
-11.759999999999991
-240.60000000000002
-219.60000000000002
-26.399999999999977
-460.24
-44.60499999999999
-19.0
-22.0
-0.5
-83.84000000000003
-38.59
-2.6200000000000045
-68.19999999999999
-562.5799999999999
-157.0
-435.52
-14.240000000000009
-7.259999999999991
-249.0
-36.0
-158.0
-219.0
-26.0
-297.0
-75.0
-368.0
-93.0
-424.0
-385.62
-45.39500000000001
-191.51999999999998
-42.47999999999999
-402.82
-73.0
-26.0
-48.0
-44.0
-810.0
-841.0
-17.0
-61.0
-566.0
-37.0
-29.0
-43.0
-31.0
-120.0
-65.0
-17.0
-641.0
-3.0
-0.0
-20.0
-29.129999999999995
-21.69999999999999
-15.240000000000009
-24.639999999999986
-68.0
-453.0
-333.0
-125.63999999999999
-126.0
-66.5
-24.0
-15.5
-9.5
-97.0
-34.0
-16.5
-394.5
-2.0
-23.5
-18.5
-20.0
-35.0
-534.0
-545.5
-49.129999999999995
-35.0
-18.0
-31.0
-58.84000000000003
-24.590000000000003
-18.24000000000001
-18.99000000000001
-580.0
-308.0
-475.0
-91.0
-3.0
-94.0
-26.0
-509.0
-230.5
-43.0
-369.0
-12.0
-15.0
-1.0
-46.0
-272.0
-13.39500000000001
-27.090000000000003
-9.0
-19.099999999999994
-98.0
-28.590000000000003
-53.0
-4.009999999999991
-427.4
-409.0
-147.0
-157.0
-580.0
-515.0
-135.9100000000002
-46.0
-95.0
-97.0
-98.0
-85.0
-17.0
-19.0
-67.0
-50.0
-24.39500000000001
-85.18
-649.8199999999999
-23.19999999999999
-57.18000000000001
-45.18000000000001
-40.18000000000001
-446.82
-503.8
-202.17999999999995
-137.82000000000005
-254.82000000000005
-267.17999999999995
-130.20000000000005
-48.82000000000005
-11.17999999999995
-104.82000000000005
-381.82
-37.19999999999999
-347.17999999999995
-46.81999999999999
-113.0
-39.0
-12.0
-660.605
-80.30000000000001
-12.0
-328.0
-3.0
-41.0
-3.0
-25.0
-79.0
-24.0
-420.0
-413.0
-42.0
-85.0
-36.0
-61.0
-99.0
-103.0
-169.0
-34.0
-50.0
-47.0
-723.0
-47.0
-80.16
-60.91999999999999
-98.0
-24.0
-98.0
-91.0
-871.0
-176.0
-124.0
-99.0
-262.0
-64.0
-86.0
-14.0
-57.0
-593.0
-12.0
-343.0
-6.0
-460.0
-24.0
-0.0
-321.0
-350.0
-24.61500000000001
-694.92
-11.0
-14.0
-4.0
-4.0
-21.0
-797.0
-32.0
-228.0
-36.0
-51.0
-794.0
-681.0
-446.0
-14.0
-65.0
-356.0
-43.0
-94.0
-789.0
-52.0
-323.0
-43.0
-291.07
-62.0
-32.0
-44.0
-25.0
-16.0
-32.0
-770.0
-471.0
-108.0
-104.0
-85.0
-87.0
-157.0
-67.0
-81.0
-10.0
-0.0
-258.0
-405.0
-28.0
-96.0
-118.0
-89.0
-103.93
-144.0
-100.0
-161.0
-105.0
-229.0
-84.0
-13.0
-49.0
-150.0
-3.0
-22.0
-216.0
-182.0
-303.0
-612.0
-45.0
-45.0
-233.0
-87.0
-108.0
-93.0
-7.5
-155.0
-44.59
-2.0
-2.0
-211.0
-322.0
-290.5
-16.0
-152.0
-47.0
-63.0
-790.0
-674.0
-56.0
-62.0
-445.0
-161.0
-103.0
-28.0
-404.0
-185.0
-261.0
-24.0
-74.0
-6.0
-16.590000000000003
-36.0
-37.0
-30.0
-89.0
-3.0
-104.0
-22.0
-36.0
-235.0
-30.0
-503.0
-470.0
-67.0
-66.0
-222.0
-41.0
-208.0
-148.0
-143.0
-121.0
-238.0
-16.0
-23.0
-6.590000000000003
-40.0
-19.0
-249.0
-1.0
-4.0
-13.0
-702.0
-51.0
-286.0
-118.0
-642.0
-166.0
-109.0
-164.0
-16.0
-46.0
-34.0
-101.0
-5.0
-133.0
-25.0
-45.0
-59.0
-137.59
-16.0
-15.0
-450.0
-124.0
-453.0
-804.0
-102.0
-69.0
-213.0
-118.0
-34.0
-660.0
-573.0
-25.0
-45.0
-41.0
-130.0
-47.0
-81.0
-2.0
-29.0
-68.0
-13.0
-20.590000000000003
-15.0
-20.0
-53.0
-27.0
-14.0
-30.0
-558.0
-102.0
-3.0
-8.0
-20.0
-29.0
-18.0
-116.0
-4.0
-2.0
-7.0
-0.0
-521.0
-64.0
-34.0
-72.0
-15.5
-373.5799999999999
-68.0
-75.0
-64.0
-89.5
-75.0
-55.0
-307.0
-11.0
-13.0
-58.0
-599.0
-70.0
-1.0
-485.0
-688.0
-152.0
-48.0
-19.0
-243.0
-32.0
-693.0
-26.0
-134.0
-47.09
-178.0
-150.0
-14.0
-29.0
-1.0
-65.0
-37.0
-79.0
-199.0
-34.0
-7.0
-78.0
-663.0
-23.0
-8.0
-6.0
-4.0
-62.0
-155.0
-237.0
-207.0
-7.0
-671.0
-202.59
-578.0
-24.0
-32.0
-40.0
-70.0
-21.0
-73.0
-176.0
-62.0
-15.0
-41.0
-95.0
-23.0
-368.0
-160.0
-95.0
-123.0
-47.0
-11.0
-351.0
-53.0
-21.0
-290.0
-20.590000000000003
-21.0
-424.0
-745.0
-194.0
-859.0
-18.0
-124.0
-45.0
-93.0
-71.0
-25.0
-21.0
-128.0
-44.0
-5.0
-63.0
-158.0
-63.0
-20.0
-393.0
-56.0
-17.0
-71.0
-6.590000000000003
-24.0
-3.0
-12.0
-9.0
-466.0
-741.0
-25.0
-39.0
-279.0
-118.0
-3.0
-438.0
-28.0
-75.0
-106.0
-297.0
-5.0
-5.0
-8.0
-64.0
-7.0
-41.0
-37.0
-12.590000000000003
-704.0
-12.0
-31.0
-544.0
-649.0
-143.5
-0.0
-80.0
-195.0
-47.0
-469.0
-54.0
-159.0
-74.0
-178.0
-99.0
-189.0
-27.0
-170.0
-526.0
-59.0
-11.0
-34.0
-43.110000000000014
-16.0
-30.0
-292.0
-30.5
-22.0
-51.0
-105.0
-783.0
-55.0
-9.0
-844.0
-32.0
-12.560000000000002
-22.560000000000002
-26.0
-645.0
-58.0
-833.0
-52.0
-512.0
-51.0
-59.0
-376.0
-377.13
-73.0
-76.0
-83.0
-69.0
-77.0
-875.0
-79.5
-330.0
-40.0
-451.0
-37.0
-38.0
-15.0
-187.0
-643.0
-192.0
-27.0
-1.0
-40.0
-51.0
-327.0
-72.0
-73.0
-49.16
-70.96000000000001
-60.96000000000001
-249.0
-83.0
-72.0
-535.0
-93.0
-85.0
-78.0
-89.0
-37.0
-142.0
-67.0
-783.0
-93.0
-78.0
-267.0
-3.0
-8.0
-22.0
-7.0
-13.0
-7.0
-11.879999999999995
-11.0
-6.0
-2.0
-2.0
-9.0
-35.0
-57.0
-50.0
-7.0
-9.0
-7.0
-5.0
-26.0
-13.0
-12.0
-39.5
-13.0
-1.0
-34.0
-816.0
-56.0
-12.0
-20.0
-18.139999999999986
-22.0
-24.0
-852.0
-121.0
-392.0
-71.0
-80.0
-217.095
-37.0
-35.0
-48.0
-38.0
-40.0
-242.0
-392.5
-56.0
-54.0
-131.0
-539.0
-131.51999999999998
-112.52000000000001
-412.0
-158.0
-51.0
-139.0
-107.0
-41.0
-17.0
-344.0
-13.0
-766.0
-56.08500000000001
-35.0
-66.0
-56.0
-51.0
-21.0
-24.0
-4.0
-128.0
-540.0
-715.0
-30.0
-652.0
-15.0
-28.0
-12.0
-85.0
-14.0
-357.0
-12.0
-27.0
-15.0
-17.0
-34.0
-633.085
-287.0
-411.0
-282.0
-11.0
-20.0
-3.0
-30.0
-211.0
-204.0
-602.0
-123.0
-857.0
-228.0
-643.12
-187.0
-48.0
-101.0
-101.0
-524.0
-92.16000000000003
-104.0
-58.0
-14.0
-18.905
-731.76
-150.5
-48.24000000000001
-44.0
-80.24000000000001
-3.0
-16.5
-526.76
-124.24000000000001
-53.75999999999999
-358.0
-603.0
-98.0
-88.0
-9.0
-125.0
-151.0
-219.0
-143.0
-38.0
-151.0
-30.0
-661.0
-5.094999999999999
-3.6200000000000045
-10.0
-316.0
-1.0
-665.0
-44.0
-21.0
-140.0
-455.0
-627.0
-52.0
-173.0
-153.0
-164.0
-171.0
-152.0
-649.0
-177.0
-334.0
-42.0
-74.0
-312.0
-15.0
-4.094999999999999
-3.6200000000000045
-495.0
-24.0
-1.0
-1.0
-3.0
-522.0
-25.0
-358.0
-0.0
-699.0
-225.24
-72.0
-506.0
-146.0
-401.15999999999997
-82.0
-76.0
-34.0
-68.0
-31.120000000000005
-82.0
-11.0
-18.905
-324.38
-217.0
-8.0
-421.5
-15.0
-413.0
-17.0
-17.0
-161.0
-94.0
-59.0
-481.0
-145.0
-49.0
-109.0
-569.0
-21.0
-257.0
-29.0
-55.0
-15.0
-30.0
-724.0
-656.095
-1.0
-14.0
-19.0
-871.0
-41.0
-28.0
-15.0
-34.0
-188.0
-37.0
-61.0
-60.0
-140.0
-749.0
-141.0
-425.0
-31.0
-33.0
-20.0
-37.0
-73.0
-733.0
-97.0
-120.08500000000001
-104.0
-9.0
-532.0
-59.0
-86.0
-30.0
-9.0
-567.0
-13.0
-3.0
-25.0
-385.0
-6.0
-30.0
-7.0
-25.0
-644.0
-27.0
-33.0
-554.0
-60.0
-603.0
-45.0
-14.914999999999992
-34.0
-34.0
-786.0
-315.0
-53.0
-21.0
-15.0
-162.0
-236.0
-80.0
-19.0
-84.0
-333.0
-265.12
-148.0
-132.0
-44.0
-152.0
-57.0
-105.0
-16.0
-28.120000000000005
-108.0
-5.094999999999999
-18.0
-38.0
-2.0
-1.0
-2.0
-108.0
-1.0
-7.0
-38.0
-159.0
-8.0
-571.0
-423.0
-70.0
-240.12
-21.0
-13.0
-673.0
-73.0
-3.0
-43.0
-180.0
-7.0
-571.095
-7.0
-27.0
-23.0
-712.0
-27.0
-35.0
-156.0
-29.0
-184.0
-262.0
-826.0
-789.52
-799.52
-149.0
-56.0
-20.0
-59.0
-80.0
-50.0
-109.0
-48.0
-34.0
-44.0
-5.094999999999999
-7.0
-28.0
-589.0
-630.0
-443.0
-8.0
-41.0
-355.0
-13.0
-731.0
-6.0
-166.1199999999999
-79.0
-94.0
-602.0
-92.0
-109.0
-24.0
-120.0
-28.0
-76.0
-28.0
-12.0
-1.9099999999999966
-522.0
-28.0
-20.0
-7.0
-36.0
-505.0
-39.0
-470.0
-18.0
-19.120000000000005
-26.120000000000005
-99.0
-514.0
-37.0
-416.0
-691.0
-137.0
-326.0
-12.0
-416.0
-48.0
-37.0
-9.0
-3.615000000000009
-485.0
-48.0
-10.0
-324.0
-1.0
-66.0
-11.0
-398.0
-85.0
-53.0
-27.0
-690.0
-63.0
-80.0
-9.0
-38.0
-71.0
-12.0
-12.0
-1.0
-410.0
-298.0
-14.0
-27.085000000000008
-17.0
-59.0
-24.0
-17.0
-30.0
-4.0
-33.0
-26.0
-49.0
-51.0
-28.0
-51.0
-27.0
-0.0
-25.0
-28.0
-3.0
-57.0
-355.0
-17.0
-4.0
-33.0
-27.0
-11.085000000000008
-14.0
-25.0
-37.0
-41.0
-25.0
-267.0
-27.0
-166.0
-29.0
-151.0
-174.12
-396.64
-72.0
-785.0
-390.0
-33.08000000000004
-12.0
-153.0
-120.12
-162.0
-138.0
-485.0
-749.0
-5.384999999999991
-26.5
-106.5
-12.5
-94.5
-13.5
-19.0
-18.28
-174.27999999999997
-285.72
-28.720000000000027
-11.279999999999973
-305.28
-229.27999999999997
-571.28
-565.0
-414.12
-195.0
-301.0
-19.0
-166.0
-70.0
-25.0
-39.0
-23.860000000000014
-31.0
-40.0
-62.0
-755.0
-687.0
-28.0
-61.360000000000014
-98.0
-275.0
-409.0
-143.0
-600.12
-109.0
-144.0
-162.0
-2.919999999999959
-39.0
-132.0
-60.0
-89.0
-663.0
-30.0
-33.0
-3.545000000000016
-8.0
-1.0
-77.0
-66.0
-6.0
-3.0
-34.0
-20.0
-46.0
-86.0
-26.0
-6.0
-124.0
-835.0
-42.0
-67.0
-104.0
-47.0
-81.0
-81.0
-28.0
-29.0
-775.0
-6.085000000000008
-28.0
-5.0
-714.0
-16.0
-11.0
-2.0
-76.0
-55.0
-336.0
-263.0
-25.0
-60.0
-68.0
-12.0
-526.0
-26.0
-47.0
-77.5
-30.0
-171.0
-26.0
-7.0
-23.0
-104.08500000000001
-371.0
-27.0
-54.0
-18.0
-27.0
-13.0
-9.0
-16.0
-29.0
-19.0
-9.0
-8.0
-24.0
-416.0
-40.0
-37.0
-4.0
-19.0
-23.0
-17.0
-398.0
-5.0
-10.0
-23.085000000000008
-33.0
-646.0
-1.0
-5.0
-48.0
-358.0
-49.0
-118.0
-210.0
-34.0
-8.0
-647.0
-133.0
-301.0
-278.0
-3.0
-40.0
-67.0
-8.0
-128.0
-150.0
-293.0
-30.0
-53.545000000000016
-12.5
-20.0
-32.0
-30.0
-38.0
-14.0
-48.0
-109.0
-12.0
-7.0
-827.0
-174.0
-38.75999999999999
-25.0
-3.0
-21.0
-21.0
-66.12
-88.0
-222.0
-224.12
-56.0
-32.0
-2.230000000000018
-409.5
-15.0
-688.0
-213.0
-136.0
-71.0
-512.0
-43.04000000000002
-313.96000000000004
-1.0
-69.0
-128.0
-21.0
-68.0
-59.0
-60.0
-15.0
-114.0
-127.12
-68.0
-56.0
-58.0
-8.0
-426.73
-5.5
-1.0
-11.0
-67.0
-13.0
-481.0
-260.0
-25.0
-245.0
-2.0
-491.0
-330.0
-154.0
-53.0
-315.0
-371.0
-796.96
-75.15999999999997
-39.84000000000003
-45.51999999999998
-32.0
-133.0
-29.0
-1.759999999999991
-13.5
-609.0
-752.0
-21.0
-50.0
-58.0
-47.0
-145.92000000000002
-16.0
-17.0
-28.120000000000005
-25.279999999999973
-19.279999999999973
-659.28
-58.72000000000003
-28.0
-44.0
-86.12
-40.0
-394.0
-61.0
-19.0
-15.0
-537.75
-5.5
-2.0
-197.0
-351.0
-14.0
-30.0
-15.0
-29.0
-3.0
-32.0
-43.0
-14.0
-32.0
-36.0
-32.0
-140.0
-166.0
-146.0
-19.0
-70.0
-39.0
-20.0
-70.0
-113.88499999999999
-9.0
-24.0
-113.0
-133.0
-122.5
-136.0
-139.0
-13.5
-12.0
-18.0
-182.0
-64.0
-165.0
-830.0
-168.0
-268.0
-9.0
-12.0
-101.0
-3.0
-80.0
-35.0
-667.0
-385.08500000000004
-100.0
-22.0
-13.0
-14.0
-21.0
-108.0
-9.0
-4.0
-6.0
-478.0
-42.0
-55.0
-437.0
-41.0
-82.0
-13.0
-576.0
-46.0
-12.0
-46.0
-723.5
-518.0
-24.0
-14.085000000000008
-31.0
-548.0
-17.0
-25.0
-17.0
-21.0
-12.0
-121.56
-98.55999999999995
-46.0
-623.0
-115.12
-120.0
-287.0
-19.0
-26.0
-111.0
-26.0
-102.0
-622.0
-438.0
-21.0
-46.0
-3.884999999999991
-811.0
-4.0
-9.0
-13.0
-21.0
-78.0
-125.0
-173.0
-27.0
-30.0
-20.0
-21.879999999999995
-116.0
-10.0
-213.0
-9.0
-15.0
-280.0
-24.0
-41.0
-13.0
-18.0
-20.0
-137.885
-582.5
-14.0
-3.0
-60.0
-35.0
-157.0
-14.0
-24.0
-273.0
-36.0
-715.0
-299.0
-20.0
-522.32
-5.67999999999995
-11.600000000000023
-56.440000000000055
-34.559999999999945
-51.56
-62.079999999999984
-9.199999999999989
-28.079999999999984
-1.5
-3.884999999999991
-24.5
-1.0
-4.5
-5.0
-4.0
-213.5
-1.0
-63.160000000000025
-21.159999999999968
-30.08000000000004
-57.0
-4.919999999999959
-706.92
-23.840000000000032
-283.03999999999996
-269.76
-253.76
-114.75999999999999
-267.12
-67.75999999999999
-245.64
-51.95999999999998
-18.0
-5.115000000000009
-29.5
-2.5
-52.5
-12.0
-9.0
-33.0
-31.0
-31.0
-14.0
-46.0
-11.0
-28.0
-37.0
-35.0
-48.0
-62.0
-30.0
-238.0
-302.0
-5.0
-46.0
-2.0
-2.0
-149.885
-14.5
-642.0
-197.0
-8.0
-17.0
-849.0
-2.0
-158.0
-46.0
-353.0
-65.0
-62.0
-32.0
-21.0
-81.0
-625.0
-1.5
-25.0
-20.0
-10.0
-23.0
-21.0
-27.0
-46.08500000000001
-25.5
-34.0
-25.0
-219.0
-43.0
-676.0
-22.0
-1.0
-32.0
-79.72
-7.5
-55.72000000000003
-50.72000000000003
-264.28
-42.72000000000003
-110.72
-92.5
-217.0
-87.0
-82.5
-65.5
-71.5
-46.0
-599.085
-59.5
-502.5
-29.0
-35.0
-48.0
-56.28
-74.27999999999997
-148.27999999999997
-476.28
-66.27999999999997
-33.72000000000003
-46.27999999999997
-6.8799999999999955
-79.0
-95.0
-40.0
-144.0
-102.0
-153.0
-88.68
-75.80000000000001
-63.68000000000001
-13.0
-4.02000000000001
-5.5
-14.0
-148.0
-34.5
-7.0
-63.0
-120.0
-12.0
-516.0
-16.0
-39.0
-67.0
-67.0
-391.0
-788.0
-698.0
-679.0
-54.0
-54.0
-78.0
-8.0
-26.0
-1.0
-4.5449999999999875
-534.5
-22.0
-510.0
-73.0
-42.5
-22.5
-22.5
-600.0
-6.0
-30.0
-12.0
-79.0
-31.879999999999995
-47.0
-742.0
-47.0
-503.12
-208.0
-96.0
-81.0
-26.0
-39.0
-199.0
-593.0699999999999
-29.0
-4.0
-71.0
-660.0
-5.0
-64.0
-60.0
-14.0
-262.0
-4.0
-14.0
-15.0
-25.0
-25.0
-15.0
-188.0
-351.0
-79.0
-75.08000000000004
-179.0
-88.0
-11.0
-8.0
-0.9799999999999898
-35.0
-10.0
-220.0
-158.0
-43.5
-505.0
-12.0
-29.0
-161.0
-34.0
-9.080000000000041
-49.0
-664.24
-229.0
-39.0
-42.0
-35.15999999999997
-46.0
-70.0
-28.0
-28.0
-37.879999999999995
-11.0
-10.0
-4.094999999999999
-22.620000000000005
-179.0
-31.0
-38.5
-17.0
-11.0
-15.0
-117.0
-40.0
-612.0
-175.0
-26.0
-33.0
-322.0
-478.0
-29.0
-15.0
-105.0
-292.0
-37.0
-1.0
-2.0
-56.0
-3.094999999999999
-26.0
-17.0
-25.0
-57.0
-41.0
-18.0
-10.0
-27.0
-359.0
-97.0
-48.0
-749.0
-67.0
-22.0
-0.0
-757.0
-105.0
-3.0
-51.0
-24.0
-17.0
-39.0
-16.0
-205.085
-9.0
-22.0
-9.0
-580.0
-5.0
-22.0
-550.0
-144.0
-13.0
-3.0
-25.0
-11.0
-27.0
-7.0
-3.0
-15.0
-9.0
-734.0
-22.0
-21.0
-34.0
-73.0
-0.0
-11.085000000000008
-201.0
-451.0
-10.0
-15.0
-305.0
-0.0
-19.0
-161.0
-172.0
-711.0
-47.0
-119.0
-52.0
-42.120000000000005
-0.0
-70.0
-519.0
-82.0
-32.0
-6.0
-132.0
-50.120000000000005
-761.0
-4.094999999999999
-8.0
-379.0
-2.0
-648.0
-231.0
-13.0
-27.0
-123.0
-404.0
-22.0
-118.0
-37.0
-37.0
-44.0
-66.12
-30.0
-701.0
-636.0
-129.0
-17.0
-82.0
-10.0
-165.0
-365.095
-81.0
-68.0
-72.0
-81.0
-190.0
-693.0
-23.0
-491.0
-6.0
-179.0
-44.0
-54.51999999999998
-47.51999999999998
-10.0
-247.0
-281.0
-39.0
-664.0
-162.0
-69.0
-34.0
-6.0
-24.0
-5.094999999999999
-10.0
-25.0
-98.0
-326.0
-337.0
-18.0
-19.0
-62.0
-35.0
-10.0
-6.0
-17.11999999999989
-30.0
-45.0
-85.0
-37.0
-710.0
-24.0
-340.0
-630.0
-20.0
-57.0
-41.0
-5.090000000000003
-8.0
-216.0
-104.0
-575.0
-5.0
-67.0
-347.0
-15.0
-4.0
-18.120000000000005
-26.120000000000005
-95.0
-27.0
-49.0
-18.0
-57.0
-482.0
-6.0
-9.0
-502.0
-43.0
-44.0
-7.0
-6.384999999999991
-148.0
-469.0
-348.0
-36.0
-41.0
-20.0
-30.0
-104.0
-8.0
-555.0
-41.0
-11.0
-22.0
-16.0
-23.0
-170.0
-11.0
-324.0
-42.0
-576.0
-24.0
-15.0
-30.0
-652.085
-33.0
-45.0
-74.0
-7.0
-40.0
-4.0
-18.0
-44.0
-53.0
-14.0
-16.0
-49.0
-1.0
-20.0
-23.0
-24.0
-1.0
-454.0
-533.0
-0.0
-411.0
-51.0
-45.0
-6.914999999999992
-602.0
-29.0
-41.0
-45.0
-587.0
-18.0
-45.0
-9.0
-237.0
-247.0
-62.120000000000005
-100.63999999999999
-56.0
-46.0
-51.0
-49.08000000000004
-68.0
-652.0
-32.120000000000005
-208.0
-38.0
-35.0
-23.0
-106.61500000000001
-19.5
-16.5
-56.5
-662.5
-13.5
-81.0
-28.72
-50.27999999999997
-25.279999999999973
-169.27999999999997
-70.72000000000003
-896.28
-492.28
-28.720000000000027
-215.0
-522.12
-94.0
-565.0
-94.0
-25.0
-2.0
-122.0
-736.0
-386.14
-43.0
-52.0
-130.0
-26.0
-2.0
-131.0
-532.36
-27.0
-328.0
-53.0
-274.0
-160.12
-90.0
-58.0
-42.0
-26.08000000000004
-10.0
-121.0
-54.0
-32.0
-71.0
-9.0
-84.0
-135.45499999999998
-187.0
-1.0
-5.0
-70.0
-6.0
-317.0
-438.0
-115.0
-41.0
-16.0
-2.0
-22.0
-7.0
-43.0
-67.0
-731.0
-44.0
-24.0
-58.0
-136.0
-1.0
-154.0
-133.0
-36.08500000000001
-146.0
-50.0
-45.0
-61.0
-256.0
-46.0
-2.0
-51.0
-53.0
-327.0
-589.0
-136.0
-40.0
-37.0
-10.0
-26.0
-20.0
-469.5
-8.0
-512.0
-4.0
-493.0
-106.0
-30.085000000000008
-8.0
-688.0
-19.0
-29.0
-20.0
-29.0
-45.0
-59.0
-5.0
-39.0
-27.0
-45.0
-26.0
-32.0
-60.0
-39.0
-39.0
-92.0
-12.0
-3.0
-26.0
-5.0
-685.0
-23.085000000000008
-11.0
-423.0
-0.0
-740.0
-680.0
-20.0
-16.0
-327.0
-41.0
-34.0
-74.0
-550.0
-78.0
-9.0
-66.0
-60.0
-21.0
-9.0
-43.0
-13.0
-5.0
-223.0
-204.0
-432.455
-11.5
-18.0
-21.0
-304.0
-6.0
-361.0
-15.0
-135.0
-14.0
-166.0
-92.0
-185.0
-94.24000000000001
-335.0
-93.0
-48.0
-220.0
-66.12
-387.0
-477.0
-16.879999999999995
-307.0
-21.0
-8.230000000000018
-10.5
-2.0
-8.0
-26.0
-8.0
-624.0
-11.0
-28.04000000000002
-354.96000000000004
-13.0
-94.0
-189.0
-259.0
-306.0
-297.0
-121.0
-10.0
-593.0
-133.12
-45.0
-69.0
-15.0
-382.0
-589.73
-10.5
-14.0
-246.0
-628.0
-13.0
-655.0
-30.0
-10.0
-440.0
-321.0
-153.0
-86.0
-295.0
-31.0
-309.0
-61.0
-779.96
-145.84000000000003
-185.84000000000003
-60.51999999999998
-174.0
-37.0
-17.0
-160.24
-11.5
-138.0
-1.0
-4.0
-2.0
-10.0
-709.0
-109.07999999999998
-280.0
-29.0
-16.120000000000005
-76.27999999999997
-58.27999999999997
-11.720000000000027
-11.720000000000027
-41.0
-756.0
-187.88
-374.0
-44.0
-11.0
-31.0
-10.0
-2.75
-10.5
-399.0
-7.0
-1.0
-17.0
-28.0
-452.0
-29.0
-276.0
-42.0
-88.0
-749.0
-237.0
-38.0
-333.0
-47.0
-693.0
-20.0
-19.0
-200.0
-121.0
-70.0
-2.0
-8.115000000000009
-26.0
-15.0
-1.0
-21.0
-10.5
-280.0
-419.0
-22.5
-34.0
-14.0
-11.0
-24.0
-33.0
-356.0
-42.0
-49.0
-17.0
-824.0
-815.0
-11.0
-14.0
-64.0
-709.0
-43.08500000000001
-13.0
-51.0
-66.0
-52.0
-59.0
-46.0
-44.0
-540.0
-16.0
-6.0
-566.0
-8.0
-587.0
-6.0
-2.0
-21.0
-33.0
-21.0
-636.0
-26.0
-320.5
-614.0
-489.0
-29.914999999999992
-570.0
-60.0
-69.0
-14.0
-268.0
-10.0
-474.0
-65.56
-196.44000000000005
-95.0
-712.0
-103.12
-100.0
-564.0
-115.0
-99.0
-492.0
-154.0
-204.0
-281.0
-209.0
-35.0
-60.0
-66.11500000000001
-317.0
-6.0
-33.0
-43.0
-459.0
-158.0
-24.0
-67.0
-113.0
-31.0
-3.0
-21.879999999999995
-120.0
-37.0
-74.0
-76.0
-107.0
-28.0
-24.0
-292.0
-45.0
-414.0
-20.0
-290.885
-48.5
-160.0
-70.0
-14.0
-15.0
-60.0
-5.0
-210.0
-3.0
-399.0
-43.0
-19.0
-388.0
-556.32
-6.67999999999995
-12.600000000000023
-98.55999999999995
-221.44000000000005
-1.5600000000000023
-30.920000000000016
-48.19999999999999
-38.920000000000016
-0.5
-7.115000000000009
-210.5
-704.0
-796.5
-5.0
-10.0
-1.5
-10.0
-242.16000000000003
-159.84000000000003
-46.08000000000004
-10.0
-42.91999999999996
-111.08000000000004
-127.15999999999997
-46.960000000000036
-73.24000000000001
-73.75999999999999
-65.24000000000001
-71.88
-421.24
-47.360000000000014
-12.04000000000002
-18.0
-2.884999999999991
-5.5
-9.5
-11.5
-29.0
-2.0
-655.0
-1.0
-99.0
-195.0
-48.0
-9.0
-26.0
-304.0
-26.0
-25.0
-39.0
-529.0
-223.0
-39.0
-149.0
-658.0
-39.0
-4.0
-8.115000000000009
-31.5
-560.0
-227.0
-60.0
-69.0
-466.0
-55.0
-38.0
-224.0
-4.0
-141.0
-473.0
-19.0
-36.0
-13.0
-47.0
-400.5
-13.0
-20.0
-27.0
-17.0
-19.0
-9.0
-28.085000000000008
-7.5
-187.0
-14.0
-10.0
-38.0
-34.0
-140.0
-147.0
-116.0
-153.28
-558.5
-92.72000000000003
-69.72000000000003
-447.28
-301.28
-8.719999999999999
-634.5
-364.0
-33.0
-28.5
-776.5
-19.5
-6.0
-115.08500000000001
-37.5
-37.5
-49.0
-3.0
-26.0
-57.28
-67.72000000000003
-466.72
-110.72000000000003
-35.27999999999997
-92.72000000000003
-107.27999999999997
-50.120000000000005
-4.0
-163.0
-28.0
-72.0
-362.0
-277.0
-250.32
-3.8000000000000114
-384.32
-14.0
-3.0200000000000102
-418.5
-2.0
-803.0
-719.5
-14.0
-492.0
-287.0
-70.0
-23.0
-610.0
-23.0
-51.0
-410.0
-3.0
-6.0
-96.0
-44.0
-7.0
-118.0
-11.0
-35.0
-54.0
-13.0
-7.4550000000000125
-21.5
-801.0
-293.0
-295.0
-2.5
-4.5
-61.5
-209.0
-6.0
-71.0
-47.0
-481.0
-32.879999999999995
-254.0
-16.0
-87.0
-53.120000000000005
-29.0
-114.0
-8.0
-101.0
-28.0
-10.0
-276.07
-4.0
-1.0
-17.0
-4.0
-756.0
-337.0
-7.0
-21.0
-3.0
-24.0
-16.0
-15.0
-77.0
-3.0
-15.0
-617.0
-14.0
-30.0
-315.08000000000004
-110.0
-235.0
-76.0
-12.0
-2.9799999999999898
-11.0
-9.0
-34.0
-6.0
-67.5
-2.0
-42.0
-84.0
-16.0
-62.0
-523.08
-512.0
-27.0
-16.0
-47.0
-86.88
-178.0
-68.0
-12.0
-41.0
-540.0
-60.0
-746.0
-7.930000000000007
-27.5
-1.0
-9.0
-27.0
-40.0
-30.0
-62.0
-28.0
-16.0
-19.0
-38.0
-416.0
-65.0
-76.83999999999997
-45.839999999999975
-69.32
-10.5
-635.0
-284.0
-7.5
-2.5
-8.5
-2.0
-39.08500000000001
-772.5
-51.0
-32.5
-12.0
-50.0
-0.0
-16.0
-47.0
-0.0
-20.0
-26.0
-52.0
-39.0
-9.0
-39.41999999999999
-60.160000000000025
-2.5
-59.0
-27.0
-762.5
-21.5
-75.0
-152.0
-26.914999999999992
-56.0
-688.0
-75.0
-46.0
-13.0
-70.0
-2.0
-141.12
-7.039999999999964
-280.03999999999996
-46.0
-23.0
-33.0
-69.0
-15.0
-90.48000000000002
-324.52
-2.0
-21.0
-163.0
-164.0
-80.0
-22.0
-115.86000000000001
-47.0
-3.0
-26.0
-0.0
-14.0
-38.0
-66.0
-83.0
-139.0
-386.12
-93.0
-272.0
-73.0
-54.0
-38.0
-42.0
-572.0
-428.0
-64.12
-191.0
-118.0
-114.0
-19.0
-30.860000000000014
-83.0
-15.0
-7.0
-3.0
-22.0
-401.0
-13.0
-149.0
-251.0
-37.879999999999995
-30.0
-3.0
-1.0
-65.0
-48.120000000000005
-461.0
-263.0
-137.0
-36.0
-112.0
-91.0
-677.0
-28.0
-484.135
-66.0
-232.0
-184.0
-4.0
-69.0
-34.0
-2.0
-297.0
-36.0
-14.0
-30.5
-442.0
-9.0
-19.0
-1.0
-4.0
-263.0
-51.08500000000001
-30.5
-8.0
-521.0
-36.0
-17.0
-19.0
-1.0
-8.0
-418.0
-53.72
-8.5
-59.72000000000003
-37.72000000000003
-0.7199999999999989
-577.28
-4.280000000000001
-0.5
-12.0
-3.0
-7.5
-56.5
-8.5
-37.0
-621.085
-73.5
-54.5
-57.0
-465.0
-16.0
-47.28
-65.27999999999997
-172.27999999999997
-371.28
-265.28
-655.28
-20.279999999999973
-31.120000000000005
-4.0
-591.0
-147.0
-110.0
-661.0
-404.0
-17.319999999999993
-3.8000000000000114
-291.32
-33.0
-3.0200000000000102
-629.5
-72.0
-69.0
-70.5
-832.0
-767.0
-620.0
-622.0
-198.0
-107.0
-73.0
-686.0
-19.0
-3.0
-28.0
-24.0
-2.0
-320.0
-19.0
-9.0
-5.0
-388.0
-3.0
-8.544999999999987
-28.5
-399.0
-18.0
-403.0
-8.5
-79.5
-3.5
-34.0
-6.0
-706.0
-175.0
-266.0
-155.12
-209.0
-10.0
-51.0
-182.12
-455.0
-61.0
-8.0
-675.0
-350.0
-68.0
-5.930000000000007
-83.0
-7.0
-290.0
-2.0
-17.0
-6.0
-10.0
-11.0
-5.0
-753.0
-98.0
-15.0
-99.0
-99.0
-480.0
-103.0
-517.0
-30.0
-246.08000000000004
-52.0
-80.0
-34.0
-53.0
-44.02000000000001
-80.0
-44.0
-6.0
-3.0
-427.5
-70.0
-20.0
-479.0
-16.0
-600.0
-63.91999999999996
-37.0
-41.0
-245.0
-76.0
-570.12
-132.0
-68.0
-47.0
-1.0
-51.0
-6.0
-34.0
-62.93000000000001
-14.5
-9.0
-6.0
-33.0
-20.0
-92.0
-14.0
-28.0
-61.0
-14.0
-554.0
-280.0
-161.0
-83.83999999999997
-94.83999999999997
-118.32
-24.5
-64.0
-42.0
-68.5
-51.5
-57.5
-47.0
-39.08500000000001
-865.5
-17.0
-18.5
-23.0
-341.0
-24.0
-50.0
-81.0
-713.0
-66.0
-553.0
-786.0
-21.0
-25.0
-112.41999999999999
-26.160000000000025
-0.5
-12.0
-0.0
-14.5
-2.5
-18.0
-45.0
-7.085000000000008
-483.0
-40.0
-41.0
-12.0
-26.0
-23.0
-37.0
-133.12
-7.039999999999964
-43.960000000000036
-27.0
-50.0
-90.0
-152.0
-48.0
-44.48000000000002
-70.48000000000002
-207.0
-8.0
-23.0
-135.0
-25.0
-123.0
-121.86000000000001
-82.0
-42.0
-71.0
-45.0
-65.0
-72.0
-44.0
-11.0
-37.0
-40.879999999999995
-87.0
-58.0
-86.0
-54.0
-35.0
-133.0
-145.0
-15.0
-7.8799999999999955
-529.0
-112.0
-53.0
-33.0
-53.139999999999986
-229.0
-56.0
-16.0
-786.0
-36.0
-28.0
-3.0
-527.0
-2.0
-17.879999999999995
-35.0
-3.0
-1.0
-1.0
-74.88
-154.0
-87.0
-93.0
-11.0
-1.0
-5.0
-8.0
-16.0
-11.865000000000009
-12.0
-27.0
-23.0
-9.0
-13.0
-55.0
-98.0
-71.0
-4.0
-564.0
-12.0
-9.0
-13.0
-45.0
-512.0
-93.0
-19.0
-626.0
-15.0
-28.0
-1.0
-31.0
-36.0
-50.08500000000001
-25.0
-56.0
-394.0
-38.0
-7.0
-17.0
-6.0
-43.0
-21.0
-22.0
-22.0
-1.0
-24.0
-16.0
-267.0
-258.0
-40.0
-78.0
-24.0
-5.0
-670.0
-781.0
-252.0
-30.085000000000008
-5.0
-22.0
-8.0
-19.0
-560.0
-3.0
-14.0
-32.0
-1.0
-34.0
-570.0
-17.0
-610.0
-465.0
-80.0
-35.0
-682.0
-525.0
-48.0
-74.0
-146.0
-561.0
-72.0
-86.08500000000001
-73.5
-85.0
-159.0
-126.0
-131.0
-154.0
-396.0
-269.0
-8.0
-17.0
-113.0
-8.0
-33.0
-34.0
-26.0
-822.0
-28.0
-30.0
-253.0
-23.0
-750.0
-177.0
-25.0
-182.085
-8.0
-24.0
-12.0
-17.0
-18.0
-36.47999999999999
-328.5
-742.0
-703.0
-135.0
-34.0
-287.0
-3.0
-90.0
-8.0
-5.0
-6.0
-338.0
-28.0
-58.0
-55.0
-50.0
-133.0
-162.085
-25.0
-1.0
-2.0
-162.0
-315.0
-161.0
-832.0
-695.0
-18.0
-531.0
-19.0
-4.0
-5.0
-23.0
-174.0
-430.0
-46.0
-864.0
-13.0
-34.0
-418.0
-66.0
-58.0
-154.085
-24.0
-18.0
-12.0
-160.0
-11.0
-42.0
-3.0
-50.0
-109.0
-642.0
-10.0
-23.0
-542.0
-23.0
-43.0
-8.0
-17.0
-130.0
-39.0
-410.0
-31.5
-13.0
-63.0
-14.050000000000011
-7.0
-24.0
-12.0
-1.0
-11.0
-652.0
-19.0
-107.0
-114.0
-80.0
-4.0
-37.0
-50.0
-11.0
-58.0
-48.0
-44.0
-3.7999999999999545
-3.0
-109.0
-51.0
-268.0
-20.0
-27.86500000000001
-28.0
-793.0
-1.0
-6.0
-13.0
-41.0
-465.0
-2.0
-262.0
-220.0
-26.08000000000004
-244.0
-67.0
-711.0
-62.0
-354.0
-298.0
-186.0
-61.0
-12.0
-99.0
-132.0
-113.0
-21.86500000000001
-8.0
-4.0
-7.0
-26.0
-2.0
-29.0
-15.0
-99.0
-50.0
-27.0
-75.0
-123.88
-111.0
-365.08000000000004
-243.0
-380.0
-64.0
-213.0
-10.0
-67.0
-29.0
-27.0
-30.0
-50.86500000000001
-4.0
-3.0
-842.0
-14.0
-1.0
-27.0
-20.0
-652.0
-18.0
-1.0
-202.0
-70.0
-113.0
-792.0
-783.0
-143.0
-10.0
-35.0
-11.0
-30.0
-19.0
-10.0
-10.0
-287.5
-1.0
-22.0
-18.0
-7.0
-448.0
-26.0
-58.0
-168.0
-40.0
-54.0
-29.0
-36.0
-71.0
-371.0
-2.0
-15.879999999999995
-169.0
-49.0
-460.0
-46.0
-37.0
-25.0
-190.0
-114.13499999999999
-27.0
-544.0
-288.0
-706.0
-220.0
-0.5
-19.0
-35.0
-43.0
-34.0
-57.0
-95.0
-112.0
-51.0
-128.0
-89.0
-70.0
-39.0
-36.0
-22.0
-36.0
-1.0
-47.0
-11.865000000000009
-11.0
-17.0
-7.0
-4.0
-8.0
-104.0
-1.0
-91.0
-46.0
-52.120000000000005
-47.0
-643.0
-137.0
-42.0
-121.0
-9.0
-451.0
-410.0
-84.0
-22.120000000000005
-124.0
-19.0
-19.0
-57.870000000000005
-689.0
-42.0
-44.0
-525.0
-30.0
-20.0
-29.0
-21.0
-262.0
-116.0
-302.0
-77.0
-187.0
-36.0
-71.0
-36.0
-407.0
-16.879999999999995
-81.0
-64.0
-36.0
-19.0
-12.0
-368.105
-21.0
-439.0
-5.0
-2.0
-630.0
-15.0
-10.0
-18.0
-95.0
-111.0
-10.0
-21.0
-81.0
-289.0
-2.0
-488.0
-250.0
-209.0
-2.0
-185.0
-4.0
-10.120000000000005
-12.0
-15.894999999999982
-34.0
-31.0
-3.0
-6.0
-24.0
-14.0
-19.0
-47.0
-94.0
-29.0
-51.0
-356.0
-550.0
-801.0
-31.0
-49.0
-44.0
-75.0
-7.0
-743.0
-11.0
-34.0
-9.0
-1.5
-30.0
-8.0
-29.0
-703.0
-11.0
-12.0
-14.0
-17.0
-11.0
-40.0
-10.0
-50.0
-42.0
-22.0
-4.0
-63.0
-22.0
-744.0
-603.0
-4.0
-826.0
-2.0
-3.0
-32.5
-3.0
-28.0
-18.0
-9.0
-10.0
-62.0
-9.0
-131.0
-331.0
-10.0
-13.0
-88.0
-58.879999999999995
-56.0
-15.0
-97.0
-69.0
-521.0
-29.0
-62.0
-80.0
-704.0
-36.0
-47.89499999999998
-7.0
-542.0
-12.0
-1.5
-17.0
-571.0
-4.0
-91.0
-9.0
-9.0
-62.0
-88.0
-28.0
-501.0
-14.0
-52.0
-57.91999999999996
-73.0
-23.0
-51.0
-43.0
-702.0
-32.0
-117.08000000000001
-10.0
-2.0
-10.0
-16.0
-4.0
-18.0
-18.0
-158.0
-99.0
-48.0
-722.0
-11.080000000000041
-51.0
-69.0
-60.0
-54.0
-22.0
-10.0
-63.0
-121.0
-33.0
-215.0
-641.0
-43.39500000000001
-33.0
-15.0
-1.0
-17.0
-22.0
-33.0
-35.0
-112.0
-165.0
-51.0
-77.0
-1.0
-72.0
-58.0
-104.0
-44.0
-415.0
-42.0
-103.0
-25.0
-16.0
-461.0
-65.0
-323.13
-7.0
-4.0
-31.0
-2.0
-26.0
-26.0
-12.0
-38.0
-360.0
-34.0
-2.0
-64.0
-419.12
-53.0
-11.0
-79.0
-63.0
-1.0
-127.0
-12.0
-1.0
-50.0
-21.0
-36.86500000000001
-3.0
-37.0
-21.0
-737.0
-21.0
-828.0
-9.0
-24.0
-1.0
-30.0
-38.0
-20.0
-40.0
-0.0
-9.0
-76.0
-206.0
-16.0
-32.0
-20.0
-6.0
-1.0
-13.0
-744.5
-15.0
-310.0
-34.120000000000005
-53.0
-672.0
-4.5
-169.5
-262.0
-2.0
-19.0
-16.0
-23.25999999999999
-4.5
-227.5
-0.0
-382.0
-25.0
-469.0
-34.0
-10.0
-5.0
-5.0
-12.0
-5.5
-15.0
-502.0
-35.0
-25.0
-5.0
-11.0
-17.0
-10.0
-28.0
-25.0
-45.0
-373.0
-7.0
-20.0
-19.0
-18.0
-534.0
-28.120000000000005
-222.0
-330.0
-83.12
-216.0
-2.0
-0.1349999999999909
-2.5
-7.0
-24.0
-459.0
-16.0
-13.0
-663.0
-21.0
-16.0
-24.0
-73.0
-82.0
-81.0
-2.0
-453.0
-101.0
-23.0
-475.0
-58.0
-3.0
-61.0
-23.0
-72.0
-363.14
-6.0
-13.0
-4.0
-22.0
-352.0
-152.0
-504.0
-171.12
-20.0
-84.0
-25.0
-210.0
-139.0
-633.0
-445.0
-61.0
-92.0
-55.0
-74.12
-31.0
-177.0
-24.0
-550.0
-771.05
-10.0
-764.0
-7.0
-21.0
-31.0
-33.0
-139.0
-7.360000000000014
-75.48000000000002
-44.0
-33.0
-4.32000000000005
-85.67999999999995
-41.32000000000005
-22.0
-60.0
-16.0
-195.0
-54.0
-23.0
-84.0
-17.0
-20.120000000000005
-20.88499999999999
-557.48
-224.0
-15.0
-379.0
-27.0
-10.0
-62.0
-335.0
-101.0
-23.91999999999996
-12.0
-469.1
-196.0
-3.0
-84.88
-422.0
-53.0
-18.0
-25.0
-34.0
-35.0
-67.0
-65.0
-15.884999999999991
-36.160000000000025
-202.6
-53.48000000000002
-563.52
-27.839999999999975
-16.839999999999975
-6.5
-3.5
-12.0
-3.0
-15.0
-773.085
-666.0
-6.0
-323.0
-28.0
-41.0
-34.0
-519.0
-180.0
-54.0
-8.0
-98.0
-162.0
-778.0
-30.0
-65.0
-27.0
-22.0
-74.0
-257.0
-50.0
-31.0
-30.0
-48.0
-322.08000000000004
-336.0
-2.0
-51.0
-2.0
-142.0
-104.0
-19.0
-50.0
-2.0
-88.0
-446.0
-85.11999999999989
-54.0
-220.0
-123.0
-96.0
-67.0
-91.0
-206.0
-62.0
-94.0
-19.0
-140.0
-222.59
-48.0
-269.0
-19.0
-15.0
-11.0
-72.0
-32.0
-32.0
-21.0
-18.879999999999995
-748.0
-226.7199999999998
-11.0
-93.0
-41.120000000000005
-25.0
-15.0
-31.0
-176.0
-9.0
-190.0
-701.0
-41.0
-64.59
-41.0
-1.0
-513.0
-3.0
-62.0
-62.0
-30.0
-33.0
-60.0
-20.0
-29.0
-100.7199999999998
-26.0
-66.0
-58.91999999999996
-27.0
-41.0
-39.0
-130.08000000000004
-78.0
-629.0
-453.0
-27.0
-609.59
-161.0
-19.0
-0.0
-417.0
-235.0
-2.0
-0.0
-36.0
-38.0
-0.0
-185.0
-100.7199999999998
-75.67999999999995
-25.32000000000005
-199.12
-92.0
-90.0
-218.0
-23.0
-19.0
-140.0
-29.0
-480.0
-24.590000000000003
-29.0
-75.0
-174.0
-65.0
-282.0
-454.0
-70.0
-137.0
-14.5
-35.0
-1.079999999999984
-95.08000000000001
-138.64
-492.3
-32.74000000000001
-715.96
-73.03999999999999
-59.0
-66.5
-59.5
-206.0
-380.5
-407.0
-19.085000000000008
-677.0
-17.0
-83.0
-13.0
-6.0
-711.0
-7.0
-33.0
-32.0
-35.0
-67.0
-258.0
-122.12
-358.0
-8.0
-11.0
-777.0
-25.0
-756.0
-662.0
-113.0
-55.0
-0.0
-236.085
-27.0
-9.0
-20.0
-18.0
-86.0
-10.0
-225.0
-233.0
-76.0
-38.32000000000005
-95.32000000000005
-148.31999999999994
-410.0
-22.399999999999977
-10.600000000000023
-149.39999999999998
-802.52
-121.39999999999998
-134.12
-531.0
-161.0
-37.0
-6.0
-10.590000000000003
-806.0
-24.0
-8.0
-6.0
-22.0
-34.0
-9.0
-343.0
-19.799999999999955
-5.32000000000005
-50.32000000000005
-97.11999999999989
-147.12
-76.12
-7.559999999999945
-15.440000000000055
-769.44
-66.44000000000005
-76.44000000000005
-11.360000000000014
-25.0
-20.0
-88.0
-408.59000000000003
-578.5
-40.0
-16.0
-588.5
-624.0
-618.0
-68.0
-8.0
-14.0
-16.0
-50.0
-142.0
-3.0
-398.08000000000004
-36.08000000000004
-20.879999999999995
-31.0
-86.0
-9.0
-27.0
-51.0
-15.0
-2.0
-45.099999999999994
-70.0
-517.0
-74.0
-20.0
-1.0
-83.0
-3.0
-619.0
-35.0
-21.0
-40.0
-86.0
-218.0
-36.0
-176.24
-79.0
-61.0
-448.0
-1.0
-2.0
-16.0
-13.0
-87.0
-9.094999999999999
-22.0
-542.0
-23.0
-776.0
-0.0
-19.0
-11.0
-471.0
-7.0
-118.0
-1.0
-463.0
-263.0
-30.0
-333.0
-20.0
-68.0
-262.0
-4.0
-235.0
-4.0
-50.0
-27.0
-782.095
-188.0
-3.0
-15.0
-25.0
-740.0
-242.0
-30.5
-139.0
-2.0
-45.0
-13.0
-1.4800000000000182
-297.48
-43.0
-24.0
-340.0
-57.0
-141.0
-2.0
-578.0
-500.0
-2.0
-13.0
-38.08500000000001
-33.0
-14.0
-647.0
-295.0
-19.0
-57.0
-446.0
-26.0
-19.0
-3.0
-40.0
-328.0
-50.0
-735.0
-22.0
-13.0
-23.0
-1.0
-702.0
-435.0
-31.0
-29.0
-284.0
-257.08500000000004
-821.0
-67.0
-72.0
-67.0
-682.0
-684.0
-80.0
-101.0
-71.0
-33.0
-16.0
-174.0
-397.0
-48.879999999999995
-69.0
-25.0
-572.0
-482.0
-221.0
-293.84
-51.0
-12.0
-620.0
-4.094999999999999
-64.24000000000001
-5.5
-317.76
-13.0
-64.24000000000001
-12.0
-235.5
-105.75999999999999
-332.24
-164.76
-48.0
-83.0
-14.0
-24.0
-47.0
-38.0
-17.0
-37.0
-241.0
-151.0
-44.0
-767.0
-694.0
-766.095
-4.3799999999999955
-26.0
-249.0
-10.0
-8.0
-14.0
-26.0
-129.0
-45.0
-557.0
-67.0
-104.0
-744.0
-94.0
-59.0
-24.0
-9.0
-370.0
-36.0
-510.0
-21.0
-14.0
-6.0
-20.905
-19.620000000000005
-5.0
-1.0
-6.0
-16.0
-76.0
-4.0
-187.0
-49.0
-0.0
-42.0
-108.24000000000001
-493.0
-365.0
-48.0
-49.15999999999997
-29.0
-160.0
-126.0
-29.0
-21.879999999999995
-44.0
-20.0
-5.905000000000001
-35.620000000000005
-10.0
-452.0
-81.5
-9.0
-290.0
-32.0
-57.0
-20.0
-556.0
-7.0
-258.0
-460.0
-16.0
-332.0
-16.0
-28.0
-83.0
-24.0
-9.0
-1.0
-275.0
-86.0
-61.095
-6.0
-814.0
-10.0
-13.0
-22.0
-13.0
-1.0
-56.0
-32.0
-101.0
-579.0
-4.0
-303.0
-4.0
-57.0
-347.0
-64.0
-30.0
-127.0
-514.0
-12.0
-29.0
-11.0
-34.08500000000001
-22.0
-9.0
-835.0
-296.0
-75.0
-59.0
-390.0
-82.0
-22.0
-66.0
-25.0
-128.0
-18.0
-18.0
-3.0
-15.0
-9.0
-68.0
-14.0
-7.0
-526.0
-61.0
-5.0
-11.085000000000008
-8.0
-2.0
-268.0
-538.0
-254.0
-20.0
-1.0
-10.0
-24.0
-739.0
-0.0
-1.0
-133.0
-151.12
-63.0
-29.0
-19.0
-57.0
-32.0
-111.0
-27.0
-40.879999999999995
-21.0
-6.905000000000001
-278.0
-298.0
-29.0
-7.0
-60.0
-818.0
-339.0
-4.0
-16.0
-58.0
-9.0
-291.0
-9.0
-58.0
-53.120000000000005
-60.0
-38.0
-38.0
-124.0
-55.0
-10.0
-3.0
-408.0
-14.094999999999999
-482.0
-79.0
-75.0
-66.0
-76.0
-68.0
-103.0
-26.0
-6.0
-10.0
-427.0
-92.51999999999998
-25.519999999999982
-705.0
-370.0
-29.0
-6.0
-56.0
-102.0
-70.0
-5.0
-74.0
-35.0
-5.905000000000001
-90.0
-36.0
-696.0
-8.0
-3.0
-18.0
-39.0
-14.0
-178.0
-30.0
-45.0
-498.1199999999999
-8.0
-11.0
-47.0
-77.0
-383.0
-95.0
-6.0
-18.0
-23.0
-702.0
-1.0
-126.09
-21.0
-26.0
-4.0
-285.0
-5.0
-29.0
-12.0
-20.0
-18.0
-58.120000000000005
-454.12
-62.0
-43.0
-65.0
-67.0
-106.0
-447.0
-6.0
-13.0
-26.0
-21.0
-37.0
-629.0
-2.615000000000009
-8.0
-47.0
-9.0
-8.0
-14.0
-41.0
-5.0
-139.0
-314.0
-24.0
-353.0
-130.0
-97.0
-630.0
-30.0
-710.0
-66.0
-104.0
-21.0
-10.0
-8.0
-398.0
-8.0
-33.08500000000001
-25.0
-39.0
-19.0
-622.0
-33.0
-4.0
-11.0
-56.0
-53.0
-88.0
-79.0
-58.0
-301.0
-13.0
-76.0
-79.0
-12.0
-23.0
-143.0
-92.0
-40.0
-5.0
-27.0
-20.085000000000008
-41.0
-3.0
-65.0
-0.0
-807.0
-100.0
-18.0
-175.0
-76.0
-53.0
-89.12
-28.639999999999986
-12.0
-531.0
-89.0
-72.08000000000004
-64.0
-67.0
-189.12
-21.0
-67.0
-111.0
-9.0
-1.615000000000009
-19.5
-11.5
-9.5
-87.5
-295.5
-18.0
-5.719999999999999
-47.27999999999997
-102.27999999999997
-104.72000000000003
-63.72000000000003
-265.28
-127.27999999999997
-33.27999999999997
-50.0
-69.88
-100.0
-595.0
-21.0
-25.0
-27.0
-224.0
-46.0
-428.14
-13.0
-119.0
-190.0
-38.0
-8.0
-329.0
-8.360000000000014
-51.0
-320.0
-658.0
-40.0
-219.12
-9.0
-28.0
-51.0
-385.08000000000004
-23.0
-72.0
-58.0
-61.0
-26.0
-30.0
-31.0
-5.545000000000016
-37.0
-2.0
-59.0
-549.0
-48.0
-67.0
-64.0
-138.0
-9.0
-443.0
-280.0
-3.0
-399.0
-18.0
-108.0
-8.0
-111.0
-106.0
-38.0
-0.0
-31.0
-30.0
-26.0
-65.08500000000001
-17.0
-6.0
-622.0
-5.0
-388.0
-400.0
-17.0
-17.0
-8.0
-74.0
-0.0
-81.0
-57.0
-1.0
-32.0
-25.0
-168.0
-4.5
-645.0
-5.0
-12.0
-12.0
-13.0
-714.085
-17.0
-65.0
-32.0
-18.0
-4.0
-118.0
-126.0
-385.0
-65.0
-104.0
-7.0
-25.0
-6.0
-12.0
-32.0
-7.0
-25.0
-11.0
-2.0
-11.0
-1.0
-5.0
-4.0
-18.085000000000008
-27.0
-4.0
-18.0
-19.0
-601.0
-45.0
-26.0
-278.0
-52.0
-171.0
-27.0
-85.0
-94.0
-169.0
-43.0
-136.0
-93.0
-54.0
-56.0
-37.0
-12.0
-31.0
-11.0
-2.454999999999984
-6.5
-14.0
-669.0
-7.0
-30.0
-649.0
-551.0
-140.0
-159.0
-133.0
-6.0
-84.0
-559.24
-47.0
-39.0
-1.0
-47.0
-58.879999999999995
-290.0
-95.0
-123.12
-23.0
-29.0
-667.77
-6.5
-16.0
-25.0
-34.0
-173.0
-18.0
-57.0
-28.04000000000002
-301.96000000000004
-1.0
-709.0
-92.0
-17.0
-58.0
-16.0
-667.0
-28.0
-13.0
-140.88
-62.0
-13.0
-54.0
-3.0
-15.72999999999999
-17.5
-828.0
-14.0
-16.0
-25.0
-160.0
-122.0
-566.0
-23.0
-31.0
-171.0
-10.0
-28.0
-33.0
-35.0
-116.0
-382.96000000000004
-18.159999999999968
-35.84000000000003
-156.48000000000002
-485.0
-89.0
-135.0
-147.24
-177.5
-174.0
-352.0
-8.0
-6.0
-14.0
-178.0
-24.079999999999984
-372.0
-109.0
-61.120000000000005
-4.720000000000027
-1.2799999999999727
-29.279999999999973
-4.279999999999973
-25.0
-82.0
-2.1200000000000045
-233.0
-26.0
-471.0
-270.0
-8.0
-1.75
-2.5
-19.0
-22.0
-617.0
-36.0
-643.0
-11.0
-29.0
-194.0
-182.0
-271.0
-136.0
-50.0
-66.0
-691.0
-298.0
-148.0
-59.0
-382.0
-44.0
-241.0
-369.0
-13.0
-9.884999999999991
-6.0
-4.0
-20.0
-0.0
-188.5
-43.0
-299.0
-30.5
-24.0
-84.0
-69.0
-43.0
-55.0
-636.0
-38.0
-21.0
-50.0
-562.0
-39.0
-431.0
-46.0
-33.0
-26.0
-6.085000000000008
-24.0
-20.0
-550.0
-22.0
-72.0
-8.0
-63.0
-68.0
-63.0
-30.0
-1.1399999999999864
-32.0
-32.0
-41.0
-1.0
-26.0
-42.0
-547.0
-85.0
-76.0
-65.88
-95.0
-19.0
-30.0
-36.0
-42.0
-68.0
-35.0
-86.0
-581.88
-127.0
-636.0
-31.0
-19.0
-5.860000000000014
-117.0
-28.0
-533.0
-14.0
-46.0
-4.0
-65.0
-20.0
-79.0
-4.8799999999999955
-31.0
-77.0
-1.0
-112.0
-499.12
-11.0
-369.0
-182.0
-40.0
-104.0
-5.0
-8.0
-635.0
-6.134999999999991
-7.0
-30.0
-7.0
-570.0
-29.0
-16.0
-3.0
-6.0
-254.0
-63.0
-41.0
-15.0
-11.0
-650.0
-561.0
-22.0
-10.0
-53.0
-64.0
-59.0
-80.0
-99.0
-104.0
-118.08500000000001
-93.0
-124.0
-107.0
-8.0
-11.0
-17.0
-852.0
-43.0
-55.0
-37.0
-94.0
-744.0
-735.0
-20.0
-4.0
-322.0
-38.0
-207.0
-807.0
-21.0
-7.0
-40.0
-8.0
-308.08500000000004
-3.0
-19.0
-0.0
-6.0
-84.0
-26.0
-15.0
-416.0
-38.0
-25.0
-680.0
-21.0
-671.0
-6.0
-1.0
-26.0
-388.0
-811.0
-33.0
-24.0
-20.0
-18.0
-7.0
-21.085000000000008
-8.5
-20.0
-33.0
-0.0
-211.0
-28.0
-98.0
-83.0
-8.0
-72.0
-4.0
-68.0
-43.0
-349.0
-70.0
-647.0
-72.0
-74.0
-46.0
-38.0
-97.0
-469.0
-488.0
-0.914999999999992
-6.0
-10.0
-27.0
-33.0
-103.0
-22.47999999999999
-3.5
-419.0
-11.0
-58.0
-11.0
-61.0
-48.0
-45.0
-37.0
-40.0
-42.0
-12.0
-26.0
-4.0
-27.0
-22.0
-161.0
-23.085000000000008
-8.0
-5.0
-8.0
-12.0
-6.0
-25.0
-19.0
-242.0
-28.0
-17.0
-3.0
-812.0
-12.0
-7.0
-661.0
-335.0
-66.0
-23.0
-14.0
-15.0
-23.0
-35.0
-735.0
-353.08500000000004
-21.0
-850.0
-727.0
-13.0
-77.0
-19.0
-0.0
-3.0
-2.0
-19.0
-432.0
-32.0
-44.0
-543.0
-35.0
-11.0
-13.0
-29.0
-28.0
-22.0
-203.5
-13.0
-547.0
-14.050000000000011
-1.0
-12.0
-690.0
-7.0
-28.0
-18.0
-20.0
-136.0
-1.0
-107.0
-4.0
-146.0
-9.0
-62.0
-64.0
-255.0
-55.0
-3.7999999999999545
-48.0
-10.0
-30.0
-14.0
-14.0
-6.134999999999991
-317.0
-0.0
-13.0
-21.0
-7.0
-46.0
-394.0
-5.0
-73.0
-65.0
-60.08000000000004
-109.0
-6.0
-69.0
-36.0
-306.0
-20.0
-66.0
-519.0
-12.0
-12.0
-501.0
-220.0
-17.86500000000001
-1.0
-340.0
-7.0
-30.0
-55.0
-17.0
-726.0
-104.0
-403.0
-337.0
-81.0
-65.88
-147.0
-107.91999999999996
-331.0
-31.0
-568.0
-82.0
-127.0
-492.0
-49.0
-89.0
-28.0
-28.86500000000001
-13.0
-6.0
-24.0
-23.0
-47.0
-18.0
-24.0
-30.0
-18.0
-125.0
-20.0
-8.0
-4.0
-60.0
-56.0
-93.0
-80.0
-105.0
-16.0
-69.0
-797.0
-57.0
-14.0
-2.5
-31.0
-28.0
-7.0
-23.0
-618.0
-14.0
-435.0
-142.0
-75.0
-233.0
-176.0
-111.0
-76.0
-69.0
-377.0
-64.88
-37.0
-49.0
-57.0
-112.0
-47.0
-407.0
-12.0
-6.865000000000009
-16.0
-35.0
-507.0
-4.0
-23.0
-169.5
-8.0
-32.0
-125.0
-26.0
-57.0
-69.0
-136.0
-9.0
-49.0
-120.0
-5.0
-67.0
-442.0
-15.0
-484.0
-5.0
-3.0
-11.865000000000009
-426.0
-31.0
-7.0
-4.0
-665.0
-5.0
-15.0
-181.0
-123.0
-80.12
-38.0
-816.0
-115.0
-51.0
-70.0
-69.0
-103.0
-194.0
-27.0
-3.8799999999999955
-17.0
-752.0
-105.0
-16.870000000000005
-633.0
-550.0
-12.0
-6.0
-7.0
-17.0
-449.0
-179.0
-278.0
-404.0
-380.0
-107.0
-2.0
-18.0
-181.0
-41.0
-4.0
-55.879999999999995
-46.0
-175.0
-9.0
-72.0
-38.0
-4.894999999999982
-7.0
-34.0
-743.0
-2.0
-49.0
-44.0
-8.0
-166.0
-285.0
-69.0
-425.0
-13.0
-186.0
-55.0
-133.0
-50.0
-680.0
-259.0
-169.0
-437.0
-11.0
-54.120000000000005
-1.0
-472.105
-386.0
-34.0
-289.0
-8.0
-8.0
-358.0
-4.0
-9.0
-75.0
-482.0
-12.0
-531.0
-8.0
-20.0
-132.0
-117.0
-112.0
-143.0
-7.0
-26.0
-8.0
-28.0
-14.0
-18.5
-3.0
-10.0
-11.0
-7.0
-10.0
-9.0
-1.0
-4.0
-37.0
-76.0
-17.0
-28.0
-49.0
-4.0
-165.0
-52.0
-10.0
-35.0
-9.0
-42.0
-8.0
-36.0
-41.0
-16.5
-8.0
-10.0
-9.0
-28.0
-38.0
-15.0
-27.0
-168.0
-319.0
-66.0
-56.0
-799.0
-123.12
-21.0
-1.0
-22.0
-101.0
-33.0
-169.0
-69.0
-29.0
-194.0
-41.0
-14.105000000000018
-37.0
-49.0
-104.0
-36.5
-25.0
-5.0
-34.0
-95.0
-185.0
-9.0
-325.0
-91.0
-28.0
-32.0
-49.0
-102.0
-60.08000000000004
-95.0
-537.0
-72.0
-19.0
-15.0
-8.0
-692.08
-313.0
-0.0
-3.0
-18.0
-6.0
-11.0
-42.0
-96.0
-88.0
-37.0
-260.0
-200.08000000000004
-119.0
-60.0
-24.0
-44.0
-22.0
-25.0
-114.0
-110.0
-51.0
-19.0
-414.0
-34.39500000000001
-33.0
-29.0
-7.0
-6.0
-1.0
-7.0
-23.0
-2.0
-69.0
-45.0
-483.0
-62.0
-9.0
-32.0
-491.0
-317.0
-500.0
-21.0
-304.0
-174.0
-70.0
-623.0
-44.0
-104.87
-245.0
-32.0
-773.0
-252.0
-6.0
-15.0
-4.0
-95.0
-187.0
-26.0
-5.0
-24.0
-52.120000000000005
-15.0
-66.0
-100.0
-30.0
-50.0
-50.0
-131.0
-12.0
-37.0
-303.0
-24.86500000000001
-15.0
-49.0
-28.0
-34.0
-14.0
-528.0
-28.0
-141.0
-1.0
-30.0
-12.0
-794.0
-10.0
-30.0
-39.0
-35.0
-45.0
-685.0
-46.0
-225.0
-854.0
-11.0
-25.0
-34.5
-54.0
-3.0
-317.12
-20.0
-675.0
-17.5
-34.5
-29.0
-8.0
-50.0
-1.0
-239.74
-4.5
-5.5
-38.0
-70.0
-24.0
-8.0
-744.0
-14.0
-18.0
-6.0
-13.0
-14.5
-6.0
-6.0
-73.0
-32.0
-307.0
-403.0
-10.0
-378.0
-262.0
-25.0
-429.0
-55.0
-20.0
-25.0
-230.0
-25.0
-157.0
-28.120000000000005
-201.0
-24.0
-62.120000000000005
-141.0
-108.0
-0.1349999999999909
-558.5
-171.0
-782.0
-22.0
-2.0
-8.0
-112.0
-18.0
-33.0
-5.0
-1.0
-48.0
-364.0
-16.0
-110.0
-40.0
-27.0
-69.0
-157.0
-204.0
-20.0
-9.0
-19.0
-24.860000000000014
-6.0
-0.0
-9.0
-143.0
-9.0
-508.0
-1.0
-11.879999999999995
-0.0
-442.0
-2.0
-67.0
-24.0
-28.0
-48.0
-182.0
-11.0
-39.0
-20.120000000000005
-28.0
-56.0
-18.0
-26.0
-28.05000000000001
-28.0
-280.0
-755.0
-862.0
-138.0
-10.0
-73.0
-158.36
-73.48000000000002
-177.0
-9.0
-10.32000000000005
-286.32000000000005
-86.67999999999995
-43.0
-5.0
-37.0
-24.0
-92.0
-561.0
-4.0
-557.0
-3.8799999999999955
-522.115
-34.51999999999998
-0.0
-49.0
-51.0
-13.0
-30.0
-1.0
-26.0
-37.0
-36.08000000000004
-3.0
-129.89999999999998
-63.0
-367.0
-19.120000000000005
-47.0
-74.0
-61.0
-25.0
-7.0
-464.0
-137.0
-9.0
-15.884999999999991
-30.0
-28.0
-44.0
-21.0
-830.0
-6.0
-4.0
-42.0
-252.0
-46.0
-492.0
-33.48000000000002
-42.5
-8.0
-24.0
-18.0
-11.0
-6.0
-20.5
-28.0
-23.0
-20.5
-11.0
-20.5
-148.0
-14.5
-5.5
-13.0
-319.5
-0.5
-12.5
-9.0
-21.0
-78.0
-58.0
-57.25999999999999
-54.5
-6.5
-55.0
-11.0
-89.5
-36.0
-31.5
-468.5
-24.5
-18.5
-9.0
-18.5
-9.0
-11.0
-298.0
-789.0
-19.0
-90.0
-13.0
-110.0
-231.0
-11.0
-411.0
-22.0
-54.0
-198.0
-611.12
-277.0
-8.0
-46.0
-51.0
-10.0
-47.0
-183.0
-21.0
-482.115
-53.0
-20.0
-767.0
-30.0
-15.0
-24.0
-3.0
-19.0
-23.0
-26.0
-12.0
-65.0
-12.0
-505.0
-138.0
-7.0
-4.8799999999999955
-56.0
-428.0
-8.0
-3.0
-19.0
-40.0
-7.884999999999991
-680.0
-383.0
-73.0
-17.0
-21.0
-7.0
-5.0
-116.0
-53.0
-80.0
-49.0
-248.0
-413.0
-4.0
-0.0
-53.0
-468.0
-18.91999999999996
-236.48000000000002
-9.519999999999982
-52.0
-16.0
-12.0
-26.819999999999993
-13.0
-41.0
-20.0
-3.0
-205.0
-12.0
-30.0
-1.0
-149.0
-8.0
-11.0
-69.0
-44.0
-176.0
-22.0
-278.0
-192.12
-78.0
-90.0
-59.0
-10.0
-0.0
-4.0
-18.319999999999993
-15.0
-7.0
-1.0
-26.0
-7.0
-16.0
-46.0
-3.0
-30.0
-11.0
-96.0
-133.0
-147.0
-44.0
-145.0
-53.0
-22.0
-56.0
-36.0
-56.0
-40.0
-27.0
-44.0
-79.32
-51.0
-56.0
-54.0
-12.0
-2.0
-12.0
-20.0
-19.0
-61.0
-4.0
-12.0
-26.0
-35.0
-6.0
-19.0
-732.0
-600.0
-40.0
-20.0
-470.0
-453.0
-73.0
-740.0
-22.5
-624.0
-596.5
-58.5
-15.0
-453.0
-644.0
-1.0
-786.0
-420.0
-116.0
-2.0
-60.0
-17.0
-52.0
-90.0
-57.0
-54.0
-133.0
-54.0
-5.0
-532.0
-642.0
-22.0
-397.5
-34.0
-331.0
-49.0
-32.0
-0.0
-7.0
-8.0
-129.0
-358.12
-89.0
-79.0
-107.0
-262.0
-57.0
-48.0
-3.0
-630.0
-646.0
-20.0
-3.0
-7.0
-6.0
-27.090000000000003
-31.0
-874.0
-725.0
-14.0
-35.0
-36.0
-36.0
-20.0
-14.5
-35.0
-22.0
-11.0
-24.0
-133.0
-19.0
-12.0
-485.0
-93.0
-254.0
-34.0
-16.0
-13.0
-4.0
-582.91
-16.0
-9.0
-90.0
-31.0
-756.0
-0.0
-159.0
-123.0
-349.0
-9.0
-1.0
-35.0
-14.0
-60.0
-59.0
-28.0
-91.0
-47.0
-128.0
-44.0
-52.0
-0.8799999999999955
-66.0
-81.88999999999999
-45.0
-21.0
-37.0
-32.0
-2.0
-44.0
-34.0
-46.0
-37.0
-24.120000000000005
-65.20000000000005
-55.200000000000045
-891.2
-26.200000000000045
-54.200000000000045
-40.0
-457.0
-62.0
-79.0
-482.0
-12.0
-38.0
-42.0
-7.850000000000023
-40.0
-4.0
-12.0
-28.0
-317.0
-15.0
-25.0
-394.0
-67.0
-216.0
-40.0
-12.0
-151.0
-131.0
-100.12
-686.0
-22.08000000000004
-21.0
-18.0
-1.0
-39.0
-32.0
-255.0
-4.069999999999993
-56.0
-719.0
-45.0
-449.0
-107.0
-113.0
-118.0
-24.0
-122.0
-35.0
-489.12
-152.0
-132.0
-26.08000000000004
-9.0
-15.0
-47.0
-66.0
-55.0
-464.0
-17.0
-4.0
-22.319999999999993
-61.670000000000016
-34.0
-597.0
-22.0
-114.0
-14.0
-20.0
-33.0
-25.0
-139.0
-11.120000000000005
-49.0
-53.0
-246.0
-108.0
-46.0
-32.0
-32.0
-28.120000000000005
-31.0
-65.0
-1.0
-17.0
-1.0
-355.15999999999997
-2.0
-33.0
-42.0
-17.0
-12.0
-32.0
-0.0
-5.0
-75.0
-40.0
-6.0
-2.0
-35.0
-5.0
-267.0
-601.0
-0.0
-13.0
-558.0
-17.0
-602.0
-29.0
-470.0
-44.91
-487.0
-48.5
-47.5
-39.0
-61.0
-39.0
-791.0
-31.0
-495.0
-42.0
-12.0
-44.0
-34.0
-280.0
-61.0
-29.0
-341.0
-12.0
-31.0
-67.0
-571.0
-3.0
-24.0
-21.090000000000003
-22.0
-3.0
-17.0
-18.0
-29.0
-14.0
-24.0
-129.0
-161.0
-30.0
-2.1100000000000136
-34.0
-592.0
-50.0
-63.91999999999996
-196.0
-99.0
-77.0
-50.0
-36.879999999999995
-21.0
-4.0
-6.0
-3.115000000000009
-21.0
-733.0
-75.0
-22.0
-590.0
-9.0
-25.0
-167.0
-71.0
-116.0
-139.12
-72.0
-96.0
-203.0
-121.0
-127.08000000000004
-83.0
-195.0
-336.88
-113.0
-15.0
-33.0
-24.0
-5.884999999999991
-6.0
-7.0
-8.0
-109.0
-25.0
-416.0
-74.0
-59.0
-107.0
-780.0
-10.0
-649.0
-55.0
-30.0
-42.0
-127.0
-213.0
-194.0
-280.0
-176.0
-72.0
-4.0
-11.0
-187.07
-13.0
-16.0
-178.0
-35.0
-83.0
-57.0
-337.0
-7.0
-164.0
-58.0
-421.0
-16.0
-18.879999999999995
-131.0
-102.0
-107.0
-125.0
-147.0
-270.0
-18.0
-199.0
-14.0
-14.0
-6.0800000000000125
-31.0
-58.0
-797.0
-92.0
-101.0
-87.0
-35.0
-9.0
-3.0
-23.0
-60.120000000000005
-12.120000000000005
-496.0
-43.0
-585.0
-56.879999999999995
-7.0
-139.0
-146.0
-62.0
-271.0
-21.0
-3.0
-3.9250000000000114
-17.0
-614.0
-25.0
-57.0
-816.0
-26.0
-675.0
-798.0
-62.0
-13.0
-23.0
-28.0
-99.0
-434.0
-26.0
-231.0
-14.0
-12.0
-113.0
-68.0
-84.0
-24.0
-44.0
-35.09
-11.0
-11.0
-34.0
-17.0
-29.0
-29.0
-357.0
-34.0
-20.0
-49.0
-20.0
-52.0
-47.0
-29.0
-286.0
-169.0
-7.0
-14.0
-715.0
-2.0
-127.0
-48.0
-31.0
-326.90999999999997
-35.0
-30.0
-802.0
-40.0
-671.0
-1.0
-11.0
-158.0
-33.0
-68.0
-547.0
-14.0
-0.0
-53.0
-41.0
-12.0
-322.0
-164.0
-72.0
-29.0
-91.0
-170.0
-30.0
-21.069999999999993
-9.0
-112.0
-31.0
-16.0
-32.0
-121.0
-49.0
-9.0
-33.0
-55.0
-202.0
-20.0
-245.0
-34.0
-433.12
-160.12
-169.0
-207.0
-32.0
-157.0
-23.0
-615.0
-9.0
-5.865000000000009
-43.0
-19.0
-28.0
-8.0
-4.0
-357.0
-7.0
-31.0
-18.0
-38.0
-35.0
-27.0
-79.0
-32.0
-63.0
-47.0
-55.879999999999995
-55.0
-18.0
-61.0
-60.0
-24.0
-17.0
-6.800000000000011
-73.0
-21.0
-16.0
-212.0
-27.0
-68.0
-72.0
-98.0
-34.0
-14.0
-22.0
-1.1200000000000045
-49.0
-25.0
-214.0
-3.0
-46.0
-77.0
-24.0
-391.0
-3.0
-21.0
-532.0
-485.175
-10.0
-21.0
-29.0
-8.0
-592.0
-110.0
-4.0
-80.0
-118.0
-71.0
-55.0
-0.0
-34.0
-369.0
-43.0
-151.0
-223.0
-327.0
-45.0
-12.0
-32.0
-47.0
-137.0
-54.17500000000001
-324.0
-373.0
-16.0
-108.0
-20.0
-28.0
-34.0
-16.0
-110.0
-682.0
-139.0
-128.0
-419.0
-741.0
-153.0
-817.0
-128.0
-138.0
-138.0
-125.0
-147.0
-145.0
-218.0
-738.91
-176.0
-28.0
-44.0
-56.0
-267.0
-60.0
-59.0
-611.0
-235.0
-302.0
-256.0
-265.0
-405.0
-398.0
-248.0
-284.0
-162.0
-266.0
-373.0
-77.0
-100.0
-24.0
-33.0
-781.175
-66.0
-35.0
-22.0
-573.0
-13.0
-45.0
-30.0
-117.0
-4.0
-259.0
-131.0
-170.0
-204.0
-452.0
-213.0
-25.799999999999955
-216.20000000000005
-279.0
-48.0
-168.0
-52.0
-21.0
-25.0
-317.175
-22.0
-127.0
-11.0
-26.0
-19.0
-274.0
-6.0
-36.0
-199.0
-517.0
-226.0
-211.0
-299.0
-119.0
-213.0
-42.0
-12.0
-84.0
-110.0
-293.0
-7.0
-20.0
-17.0
-12.150000000000006
-8.0
-37.0
-682.0
-24.0
-667.0
-12.0
-30.0
-25.0
-168.0
-147.0
-66.0
-77.0
-111.0
-153.0
-91.0
-20.0
-30.0
-22.0
-15.0
-26.0
-169.0
-52.0
-22.0
-55.139999999999986
-17.0
-49.0
-62.0
-38.0
-24.0
-28.0
-887.0
-58.0
-1.0
-37.0
-9.0
-3.0
-20.0
-19.0
-24.0
-19.0
-22.0
-28.0
-229.0
-50.0
-42.0
-45.0
-37.0
-55.139999999999986
-73.0
-482.0
-51.0
-667.0
-742.0
-23.0
-17.0
-26.0
-28.0
-26.0
-754.0
-15.0
-726.0
-463.0
-206.5
-248.5
-21.0
-4.0
-5.0
-9.0
-2.0
-102.0
-457.0
-512.14
-35.0
-26.5
-26.0
-47.0
-26.5
-383.0
-499.0
-30.0
-38.0
-64.0
-40.0
-16.0
-34.0
-54.0
-636.0
-63.0
-59.0
-71.0
-30.0
-46.0
-39.0
-721.0
-36.0
-19.860000000000014
-23.0
-43.0
-28.0
-275.0
-23.0
-41.0
-41.0
-28.0
-96.0
-115.0
-23.0
-115.0
-20.0
-108.0
-817.0
-8.0
-23.0
-15.0
-37.0
-25.0
-48.0
-25.0
-33.0
-50.120000000000005
-15.0
-29.0
-49.0
-15.0
-55.0
-290.0
-66.0
-34.0
-58.0
-268.0
-27.5
-17.0
-41.0
-37.0
-82.0
-35.0
-18.0
-44.0
-27.0
-40.0
-37.0
-23.0
-26.0
-812.075
-33.0
-808.0
-3.0
-100.0
-11.0
-20.0
-4.0
-24.0
-17.0
-346.0
-614.0
-2.0
-3.0
-50.0
-44.0
-28.0
-524.0
-530.0
-7.0
-35.0
-10.0
-280.0
-8.0
-35.07499999999999
-35.0
-845.0
-47.0
-14.0
-166.0
-34.0
-591.0
-96.0
-237.0
-252.0
-238.0
-93.0
-179.0
-313.0
-66.0
-148.0
-293.0
-59.0
-18.0
-84.0
-143.0
-54.0
-46.0
-31.035000000000025
-823.0
-577.0
-16.0
-77.0
-183.0
-716.0
-7.0
-145.0
-37.0
-62.0
-188.0
-45.0
-141.0
-41.879999999999995
-93.0
-134.0
-60.0
-42.0
-47.0
-434.0
-32.0
-13.0
-506.0
-65.96499999999997
-32.0
-31.0
-12.0
-277.0
-6.0
-32.0
-20.0
-168.0
-217.0
-249.0
-27.0
-24.0
-111.0
-44.0
-136.0
-5.0
-12.0
-1.0
-229.0
-65.0
-410.0
-22.0
-148.0
-241.96499999999997
-17.0
-18.0
-15.0
-1.0
-11.0
-5.0
-1.0
-191.0
-17.0
-43.120000000000005
-63.0
-112.0
-52.0
-47.0
-83.0
-591.0
-625.0
-93.0
-113.0
-451.0
-23.0
-42.0
-56.0
-66.96499999999997
-71.0
-71.0
-65.0
-724.0
-56.0
-27.0
-10.0
-134.0
-80.0
-14.0
-8.0
-10.0
-53.0
-72.0
-39.0
-46.0
-31.159999999999997
-736.0
-40.0
-5.0
-18.0
-17.0
-5.0
-278.075
-6.0
-709.0
-4.0
-762.0
-44.0
-374.5
-109.0
-201.0
-78.15999999999997
-67.15999999999997
-69.15999999999997
-798.16
-8.840000000000032
-169.27999999999997
-54.84000000000003
-597.16
-475.15999999999997
-446.15999999999997
-105.15999999999997
-112.16000000000003
-20.160000000000025
-17.160000000000025
-128.0
-75.03500000000003
-4.0
-3.0
-19.0
-20.0
-59.0
-1.0
-3.0
-5.0
-62.0
-93.0
-361.0
-120.0
-3.080000000000041
-64.0
-56.0
-81.0
-743.0
-1.0
-52.0
-133.07999999999998
-14.0
-44.0
-2.0
-37.964999999999975
-11.0
-45.0
-827.0
-45.0
-25.0
-2.0
-86.0
-171.36
-40.639999999999986
-32.24000000000001
-17.879999999999995
-25.67999999999995
-629.56
-33.0
-28.519999999999982
-493.52
-8.960000000000036
-637.04
-57.559999999999945
-6.560000000000002
-5.0
-4.0
-38.0
-60.964999999999975
-7.5
-12.0
-5.5
-66.5
-58.0
-281.0
-21.0
-1.6999999999999886
-196.83000000000004
-335.70000000000005
-14.32000000000005
-11.080000000000041
-126.08000000000004
-43.08000000000004
-61.960000000000036
-109.91999999999996
-424.91999999999996
-36.08000000000004
-47.08000000000004
-115.07999999999998
-13.079999999999984
-8.920000000000016
-13.0
-64.96499999999997
-40.5
-352.0
-120.5
-196.5
-125.0
-272.0
-19.0
-209.0
-80.0
-25.0
-709.0
-24.0
-41.120000000000005
-85.67999999999995
-44.67999999999995
-85.32000000000005
-60.84000000000003
-258.72
-12.200000000000045
-12.199999999999989
-48.80000000000001
-482.0
-41.0
-60.964999999999975
-131.5
-96.0
-126.0
-214.0
-41.0
-10.0
-14.0
-27.0
-623.0
-119.0
-113.88
-75.0
-49.0
-69.0
-19.0
-15.0
-71.0
-23.0
-0.8799999999999955
-507.0
-57.0
-73.0
-13.0
-10.0
-57.08000000000001
-23.0
-12.0
-25.0
-32.0
-72.0
-19.0
-10.0
-172.0
-445.0
-9.879999999999995
-52.0
-84.0
-30.0
-8.0
-33.0
-33.0
-92.0
-31.0
-74.0
-60.0
-2.0
-11.0
-61.0
-11.409999999999997
-1.0
-210.0
-700.0
-5.0
-210.0
-13.0
-13.0
-150.0
-599.0
-19.0
-87.0
-28.0
-9.0
-3.0
-14.0
-20.0
-144.12
-152.0
-234.0
-50.0
-5.0
-92.0
-29.0
-360.59000000000003
-715.0
-33.0
-745.5
-31.5
-21.0
-18.5
-43.0
-27.0
-18.939999999999998
-174.64
-46.80000000000001
-449.52
-157.51999999999998
-43.48000000000002
-36.48000000000002
-85.48000000000002
-38.48000000000002
-58.0
-179.0
-821.0
-47.0
-593.0
-45.0
-0.5900000000000034
-265.0
-16.0
-861.0
-11.0
-31.0
-7.0
-383.0
-167.0
-305.0
-298.0
-5.0
-88.0
-37.91999999999996
-40.0
-16.0
-2.0
-88.0
-36.0
-82.0
-19.0
-9.0
-269.0
-86.0
-44.59
-113.0
-6.0
-158.0
-5.0
-15.0
-98.0
-5.0
-152.0
-10.0
-26.0
-28.91999999999996
-64.0
-316.0
-57.0
-34.0
-767.0
-54.0
-61.0
-32.879999999999995
-31.0
-106.0
-679.0
-70.0
-44.59
-84.0
-21.0
-205.0
-12.0
-29.0
-21.0
-9.0
-12.0
-22.0
-42.0
-754.0
-38.0
-84.0
-16.0
-29.0
-614.0
-123.0
-207.0
-183.20000000000005
-30.0
-20.0
-52.0
-5.0
-75.41
-3.0
-11.0
-66.0
-466.0
-6.0
-283.0
-584.0
-52.0
-9.0
-41.0
-26.0
-19.0
-109.0
-37.0
-47.0
-695.0
-63.0
-59.0
-52.0
-178.0
-2.0
-38.0
-26.0
-10.409999999999997
-316.0
-9.0
-3.0
-32.0
-313.0
-15.0
-24.0
-20.0
-19.0
-3.8799999999999955
-61.120000000000005
-435.0
-42.0
-14.0
-251.0
-22.0
-158.0
-95.0
-40.0
-83.0
-414.0
-82.0
-107.0
-94.59
-18.0
-21.0
-6.0
-37.0
-46.0
-21.0
-2.0
-36.0
-44.120000000000005
-475.0
-20.0
-4.0
-12.480000000000018
-7.240000000000009
-2.0
-229.0
-373.0
-31.0
-463.0
-91.0
-49.0
-50.0
-62.0
-681.59
-37.0
-695.0
-720.0
-2.0
-75.0
-758.0
-71.0
-4.0
-30.0
-437.0
-34.0
-25.0
-17.0
-5.960000000000008
-19.04000000000002
-49.0
-44.0
-39.0
-39.0
-463.0
-6.0
-8.0
-5.0
-35.59
-9.0
-11.0
-8.0
-6.0
-15.0
-3.0
-67.0
-170.0
-31.0
-284.0
-5.0
-2.0
-112.0
-37.0
-39.0
-47.879999999999995
-515.0
-18.0
-36.0
-51.0
-303.0
-52.0
-2.0
-30.590000000000003
-12.0
-20.0
-16.0
-335.0
-12.0
-6.0
-23.0
-35.0
-489.0
-133.0
-2.0
-40.0
-131.88
-86.0
-513.0
-115.0
-123.0
-99.0
-19.879999999999995
-481.0
-61.0
-5.0
-9.0
-3.5900000000000034
-18.0
-39.0
-674.0
-20.0
-5.0
-12.0
-21.0
-11.0
-424.0
-82.0
-72.0
-0.0
-50.960000000000036
-66.03999999999996
-121.0
-133.0
-69.0
-17.0
-532.0
-213.0
-100.0
-80.0
-19.0
-9.409999999999997
-6.0
-836.0
-742.0
-7.0
-6.0
-32.0
-35.0
-41.0
-14.0
-163.0
-31.0
-216.0
-53.0
-47.120000000000005
-21.0
-253.0
-323.12
-3.0
-196.88
-559.0
-55.0
-5.0
-13.0
-11.409999999999997
-49.0
-675.0
-178.0
-11.0
-24.0
-13.0
-4.0
-41.0
-60.0
-122.0
-52.0
-1.0
-348.0
-85.0
-48.0
-42.91999999999996
-82.12
-84.0
-74.0
-93.88
-41.0
-98.0
-97.0
-74.59
-134.0
-832.0
-832.0
-143.0
-136.0
-120.0
-135.0
-1.0
-22.0
-50.0
-649.0
-102.0
-206.0
-42.0
-55.0
-32.0
-42.0
-28.0
-375.0
-38.0
-46.0
-33.0
-673.0
-819.59
-44.0
-76.0
-66.0
-69.0
-60.0
-56.0
-36.0
-6.0
-6.0
-16.0
-112.0
-41.0
-46.0
-16.0
-428.0
-586.0
-17.0
-32.0
-5.5
-690.0
-36.0
-22.0
-15.0
-10.409999999999997
-19.0
-9.0
-4.0
-3.0
-2.0
-163.0
-10.0
-45.0
-10.0
-25.0
-21.0
-521.96
-18.0
-14.0
-29.0
-31.0
-305.0
-12.0
-5.5
-5.0
-787.0
-14.0
-0.0
-36.59
-4.0
-550.0
-26.0
-20.0
-20.0
-4.0
-10.0
-175.0
-51.0
-1.0
-33.0
-38.0
-131.0
-34.0
-16.0
-18.0
-531.08
-218.0
-49.0
-53.0
-288.0
-15.0
-9.0
-11.409999999999997
-20.0
-5.0
-320.0
-325.0
-14.0
-4.0
-22.0
-190.0
-63.84000000000003
-42.039999999999964
-7.840000000000032
-122.84000000000003
-53.15999999999997
-6.840000000000032
-364.72
-19.639999999999986
-440.64
-511.64
-81.63999999999999
-512.36
-6.360000000000014
-3.3600000000000136
-33.0
-766.59
-12.0
-1.0
-20.0
-56.5
-52.5
-198.0
-510.0
-23.0
-51.0
-53.0
-126.0
-300.0
-284.0
-499.0
-26.0
-183.0
-355.0
-46.0
-101.0
-6.0
-51.0
-3.0
-279.0
-362.59000000000003
-29.0
-2.0
-42.0
-30.0
-23.0
-446.0
-1.0
-16.0
-86.88
-13.120000000000005
-0.08000000000004093
-17.879999999999995
-2.8799999999999955
-22.879999999999995
-25.440000000000055
-8.440000000000055
-5.0
-250.0
-82.0
-640.0
-39.0
-65.0
-34.0
-43.41
-35.0
-31.0
-29.0
-7.0
-9.0
-821.0
-3.0
-26.0
-662.0
-43.0
-39.0
-93.0
-467.0
-168.0
-64.0
-46.0
-58.0
-63.03999999999999
-31.5
-64.0
-41.0
-28.0
-43.0
-688.12
-123.0
-9.0
-39.0
-22.0
-22.0
-293.0
-48.0
-14.0
-401.0
-24.0
-108.0
-78.0
-89.0
-156.0
-91.0
-106.0
-106.0
-601.0
-65.0
-582.0
-46.0
-6.0
-39.0
-11.914999999999992
-110.0
-109.0
-312.0
-144.0
-792.0
-36.0
-482.0
-38.0
-35.120000000000005
-13.159999999999968
-62.15999999999997
-35.27999999999997
-79.84000000000003
-259.15999999999997
-60.84000000000003
-31.0
-18.0
-35.0
-19.0
-107.0
-41.0
-5.0
-57.0
-52.89999999999998
-2.0
-10.0
-21.0
-19.0
-8.0
-302.0
-19.0
-46.0
-38.0
-746.12
-674.11
-70.0
-38.0
-120.0
-8.0
-25.0
-47.0
-12.0
-146.0
-4.0
-9.0
-60.120000000000005
-46.0
-21.810000000000002
-22.0
-13.0
-1.0
-12.0
-30.0
-23.0
-31.0
-35.0
-47.0
-17.0
-13.0
-55.0
-4.0
-54.0
-2.0
-37.0
-106.0
-79.0
-13.0
-28.0
-328.0
-239.0
-17.0
-49.81
-260.0
-52.5
-738.5
-27.0
-2.0
-3.0
-35.0
-37.0
-15.120000000000005
-31.0
-30.0
-44.0
-429.0
-39.0
-19.91999999999996
-37.0
-37.0
-600.0
-291.0
-30.0
-81.0
-31.0
-379.0
-58.72
-689.0
-28.0
-22.0
-54.0
-376.0
-28.0
-8.0
-51.0
-44.0
-32.0
-12.0
-53.0
-20.0
-688.0
-42.0
-4.1200000000000045
-66.0
-12.0
-54.0
-36.0
-95.0
-8.0
-12.0
-27.360000000000014
-587.0
-5.0
-6.5
-16.0
-66.0
-29.0
-39.0
-422.0
-107.0
-122.0
-3.0
-22.0
-15.0
-28.0
-124.0
-132.0
-8.0
-130.0
-42.0
-220.0
-40.0
-786.0
-43.0
-5.085000000000008
-5.0
-30.0
-31.0
-14.0
-45.0
-1.0
-3.0
-28.0
-18.0
-160.0
-60.0
-61.0
-16.0
-5.0
-9.0
-41.0
-2.0
-691.0
-39.0
-34.0
-100.0
-77.0
-572.0
-11.914999999999992
-26.0
-38.0
-13.0
-11.0
-4.0
-2.0
-7.0
-174.0
-64.0
-16.0
-10.0
-10.0
-464.52
-31.480000000000018
-54.879999999999995
-8.0
-124.51999999999998
-46.48000000000002
-48.440000000000055
-67.44
-13.439999999999998
-98.24000000000001
-94.0
-49.360000000000014
-15.0
-9.5
-6.5
-10.5
-6.0
-1.5
-41.599999999999994
-66.60000000000002
-296.6
-135.60000000000002
-143.39999999999998
-608.0
-551.0
-86.0
-629.0
-518.0
-512.0
-109.0
-19.0
-200.0
-427.0
-140.0
-5.0
-41.360000000000014
-14.0
-21.0
-32.0
-548.0
-9.0
-6.0
-40.0
-534.0
-25.0
-17.0
-87.0
-24.0
-64.88
-178.0
-79.0
-78.91999999999996
-78.0
-236.88
-7.600000000000023
-15.600000000000023
-151.0
-347.0
-59.0
-555.64
-37.0
-7.0
-15.0
-23.0
-16.0
-23.0
-251.0
-382.0
-22.0
-226.0
-69.0
-18.0
-63.0
-160.0
-175.0
-90.0
-37.0
-89.0
-34.0
-55.0
-44.0
-23.0
-3.0
-32.360000000000014
-18.0
-732.0
-7.0
-791.0
-36.0
-144.0
-30.0
-10.0
-34.0
-75.0
-102.0
-7.1200000000000045
-144.0
-169.0
-108.0
-79.0
-102.0
-113.0
-6.0
-81.0
-23.0
-26.0
-27.0
-40.360000000000014
-792.0
-0.0
-2.0
-6.0
-6.0
-21.0
-420.0
-30.0
-181.0
-14.0
-7.0
-6.0
-22.0
-17.0
-63.0
-60.0
-36.0
-39.0
-31.0
-24.0
-43.0
-7.0
-838.0
-699.085
-507.0
-1.0
-1.0
-8.0
-12.0
-14.0
-13.0
-15.0
-17.0
-0.0
-94.0
-128.0
-2.0
-96.0
-89.0
-32.0
-90.0
-11.0
-30.0
-70.0
-86.0
-67.0
-2.0
-28.914999999999992
-25.0
-58.0
-53.0
-44.0
-26.0
-266.0
-103.0
-173.0
-467.0
-6.0
-22.0
-132.0
-69.12
-65.0
-12.0
-15.0
-13.0
-88.0
-55.0
-13.0
-75.0
-26.0
-42.0
-6.360000000000014
-711.0
-20.0
-3.0
-16.0
-17.0
-24.0
-8.0
-56.0
-27.0
-55.0
-93.12
-99.0
-47.0
-15.120000000000005
-33.0
-5.0
-79.0
-10.0
-142.0
-52.120000000000005
-425.0
-65.0
-460.0
-374.64
-26.0
-15.0
-27.0
-20.0
-71.0
-5.0
-26.0
-112.0
-96.0
-11.0
-57.0
-56.0
-267.0
-43.0
-10.0
-30.0
-357.0
-70.0
-156.0
-9.0
-8.0
-33.0
-530.0
-13.0
-7.0
-19.0
-21.0
-480.0
-42.0
-74.0
-47.0
-797.0
-35.0
-452.575
-593.0
-6.0
-1.0
-14.0
-50.0
-244.0
-43.0
-51.0
-557.0
-47.0
-101.44000000000005
-32.440000000000055
-192.0
-114.0
-135.0
-171.0
-18.0
-287.0
-104.0
-500.0
-13.0
-72.0
-58.0
-261.03999999999996
-88.0
-71.0
-82.0
-32.0
-10.0
-570.0
-1.0
-752.0
-96.48000000000002
-169.51999999999998
-167.39999999999998
-63.39999999999998
-105.39999999999998
-10.399999999999977
-25.399999999999977
-105.48000000000002
-224.48000000000002
-76.51999999999998
-1.4800000000000182
-99.51999999999998
-8.480000000000018
-45.47999999999999
-0.5
-22.039999999999992
-44.55000000000001
-211.0
-40.5
-22.0
-16.0
-209.0
-87.0
-80.60000000000002
-64.39999999999998
-2.3999999999999773
-134.39999999999998
-56.0
-474.0
-624.0
-8.0
-541.0
-194.0
-304.0
-360.0
-26.0
-5.0
-260.0
-14.0
-0.960000000000008
-21.55000000000001
-15.0
-27.0
-443.0
-23.0
-444.0
-439.0
-34.0
-59.0
-39.0
-2.0
-64.0
-46.0
-20.0
-19.0
-61.0
-76.0
-94.0
-54.0
-102.0
-14.0
-5.0
-20.0
-17.039999999999992
-242.55
-15.0
-2.0
-194.0
-30.0
-44.0
-18.5
-103.0
-58.0
-208.0
-15.240000000000009
-54.39999999999998
-98.39999999999998
-428.6
-66.0
-61.0
-115.0
-106.03999999999996
-133.83999999999997
-34.160000000000025
-1.6399999999999864
-0.5800000000000409
-7.0
-74.03999999999999
-56.19999999999999
-7.5
-27.75999999999999
-7.0
-31.0
-37.5
-58.0
-167.5
-35.0
-28.5
-808.0
-19.0
-103.5
-24.80000000000001
-7.5
-436.2
-18.80000000000001
-21.0
-271.0
-61.0
-485.0
-60.0
-2.0
-3.5749999999999886
-18.599999999999994
-445.0
-670.0
-9.0
-54.0
-48.0
-72.0
-66.0
-43.0
-208.0
-34.0
-23.0
-63.0
-39.0
-37.0
-22.0
-31.0
-13.0
-13.0
-803.0
-871.0
-5.0
-4.0
-1.990000000000009
-18.099999999999994
-11.0
-12.02000000000001
-6.02000000000001
-16.00999999999999
-271.0
-28.0
-67.0
-197.0
-29.0
-10.0
-69.0
-27.0
-1.0
-14.0
-7.0
-107.84000000000003
-133.84000000000003
-176.83999999999997
-20.160000000000025
-51.160000000000025
-16.839999999999975
-11.0
-16.039999999999992
-26.05000000000001
-8.0
-34.0
-34.0
-117.0
-30.0
-23.0
-653.0
-180.0
-388.0
-17.0
-48.0
-124.0
-5.0
-671.0
-4.0
-189.0
-4.0
-34.0
-192.0
-28.0
-98.0
-27.0
-288.03999999999996
-88.05000000000001
-32.0
-10.0
-45.0
-15.0
-218.0
-27.0
-124.0
-18.0
-21.0
-235.0
-83.0
-105.0
-294.0
-105.0
-58.0
-269.0
-7.0
-358.0
-375.0
-261.0
-231.0
-31.0
-30.0
-76.05000000000001
-8.0
-12.0
-450.0
-7.0
-27.0
-1.0
-111.0
-185.0
-125.0
-133.0
-70.0
-45.0
-22.0
-57.67999999999995
-7.67999999999995
-6.32000000000005
-21.0
-191.48000000000002
-441.48
-26.0
-23.0
-574.5
-35.315
-28.05000000000001
-27.0
-44.0
-29.5
-37.5
-44.5
-21.0
-141.88
-19.0
-111.0
-133.0
-82.0
-54.0
-27.0
-11.0
-1.0
-18.0
-2.0
-214.0
-55.0
-541.0
-467.0
-84.0
-21.314999999999998
-35.599999999999994
-285.0
-43.0
-129.0
-467.0
-22.0
-832.0
-7.0
-539.0
-585.0
-20.0
-3.0
-43.0
-6.0
-1.0
-101.0
-6.0
-308.0
-737.0
-96.0
-479.0
-754.0
-0.0
-3.9549999999999557
-624.6
-277.0
-40.0
-28.0
-36.0
-52.0
-56.0
-66.0
-5.0
-18.519999999999982
-59.48000000000002
-411.0
-88.0
-601.0
-762.0
-500.0
-84.0
-54.0
-25.0
-640.0
-4.0
-879.0
-3.0
-579.1
-131.0
-17.0
-35.0
-3.0
-10.0
-878.0
-703.0
-71.0
-221.0
-25.0
-90.0
-8.0
-138.0
-52.0
-27.0
-204.0
-14.0
-206.0
-80.0
-4.0
-2.0
-35.0
-96.0
-35.315
-498.08
-237.07999999999998
-317.08
-316.08
-190.92000000000002
-203.92000000000002
-99.92000000000002
-197.07999999999998
-150.08000000000004
-298.08000000000004
-301.91999999999996
-349.91999999999996
-134.91999999999996
-184.08000000000004
-319.08000000000004
-124.91999999999996
-477.0
-119.0
-375.84
-3.839999999999975
-37.0
-43.0
-26.0
-30.314999999999998
-631.0
-38.0
-29.0
-323.0
-39.0
-94.0
-304.0
-14.0
-114.0
-106.0
-239.0
-11.0
-86.0
-71.0
-285.0
-27.0
-568.0
-175.0
-13.0
-80.0
-37.0
-165.0
-26.0
-35.315
-36.0
-4.0
-656.0
-41.0
-57.0
-354.0
-130.0
-31.0
-17.0
-47.0
-861.0
-13.0
-76.0
-96.0
-111.0
-287.0
-491.0
-119.0
-47.0
-21.0
-212.0
-54.0
-613.0
-301.1
-30.0
-900.0
-34.0
-22.0
-23.0
-36.0
-39.0
-27.0
-27.0
-818.0
-28.0
-41.0
-15.0
-51.0
-17.0
-6.0
-93.0
-35.0
-23.0
-29.5
-34.0
-41.0
-453.0
-39.099999999999994
-411.0
-45.0
-40.0
-77.0
-95.0
-51.0
-38.0
-40.0
-830.0
-60.0
-59.0
-53.0
-342.0
-695.0
-47.0
-74.0
-11.0
-789.0
-23.0
-795.0
-28.0
-30.0
-43.0
-40.150000000000006
-169.0
-44.0
-51.0
-351.0
-37.0
-44.0
-86.0
-28.0
-3.0
-13.0
-19.0
-18.0
-89.0
-261.0
-102.0
-27.0
-62.0
-319.0
-20.0
-133.0
-78.0
-54.0
-11.0
-53.315
-9.0
-29.0
-22.0
-29.960000000000008
-31.0
-517.0
-26.0
-35.0
-273.0
-182.0
-20.0
-9.0
-86.0
-52.0
-35.0
-4.0
-31.0
-346.0
-2.0
-44.95999999999998
-256.96
-575.0
-37.0
-21.314999999999998
-661.0
-38.0
-21.0
-29.0
-14.0
-50.0
-6.0
-30.0
-179.0
-480.0
-19.559999999999945
-17.559999999999945
-20.440000000000055
-97.55999999999995
-38.200000000000045
-57.84000000000003
-67.67999999999995
-49.91999999999996
-72.08000000000004
-79.44
-293.44
-4.680000000000007
-34.0
-53.315
-3.0
-2.0
-12.5
-577.0
-21.5
-16.5
-13.0
-126.27999999999997
-22.279999999999973
-187.27999999999997
-143.72000000000003
-26.039999999999964
-154.96000000000004
-100.96000000000004
-125.96000000000004
-208.96000000000004
-113.96000000000004
-391.0
-23.0
-32.0
-18.0
-32.0
-680.0
-162.685
-253.5
-767.0
-23.5
-39.0
-2.5
-44.0
-422.0
-65.0
-220.0
-6.0
-10.0
-1.0
-29.0
-36.75999999999999
-37.75999999999999
-26.75999999999999
-6.240000000000009
-24.039999999999964
-473.96
-88.0
-9.0
-180.0
-30.0
-21.314999999999998
-14.0
-5.0
-400.0
-61.0
-45.0
-874.0
-576.0
-82.0
-19.0
-32.0
-22.0
-100.0
-87.67999999999995
-24.67999999999995
-108.67999999999995
-15.0
-57.0
-434.0
-254.68
-14.319999999999993
-49.68000000000001
-34.0
-30.0
-12.685000000000002
-17.5
-26.5
-21.5
-707.0
-51.0
-41.0
-103.98000000000005
-7.0
-458.0
-2.5
-18.5
-357.0
-339.0
-71.0
-67.5
-39.0
-5.199999999999989
-32.0
-60.0
-28.0
-18.5
-25.5
-8.5
-578.62
-12.5
-3.5
-8.5
-4.0
-10.0
-3.0
-5.039999999999992
-5.0
-28.0
-67.5
-25.0
-36.0
-550.0
-25.0
-90.0
-50.0
-361.0
-14.0
-14.0
-14.0
-21.0
-571.0
-30.0
-52.620000000000005
-73.66
-42.0
-13.0
-2.0
-2.0
-19.0
-33.0
-102.0
-258.0
-87.0
-71.0
-39.0
-115.0
-4.519999999999982
-51.48000000000002
-2.0
-143.0
-63.0
-129.0
-110.0
-22.0
-23.0
-67.0
-85.315
-367.32
-91.68
-97.68
-75.72
-96.68
-510.32
-223.8
-4.199999999999989
-6.67999999999995
-9.32000000000005
-23.32000000000005
-47.67999999999995
-612.68
-75.32000000000005
-600.68
-28.32000000000005
-56.32000000000005
-129.67999999999995
-195.68
-143.68
-67.68
-46.68000000000001
-568.3199999999999
-29.629999999999995
-82.44
-226.56
-37.44
-44.44
-65.44
-46.44
-40.44
-142.56
-279.44000000000005
-50.559999999999945
-56.559999999999945
-359.44000000000005
-74.55999999999995
-218.55999999999995
-154.55999999999995
-80.55999999999995
-95.55999999999995
-121.55999999999995
-45.56
-312.56
-42.44
-65.44
-52.44
-27.75999999999999
-4.0
-9.0
-6.0
-30.0
-10.0
-238.0
-602.0
-19.0
-89.0
-45.0
-22.0
-168.0
-354.0
-87.0
-19.0
-40.0
-55.0
-48.0
-98.0
-13.0
-29.0
-8.0
-308.0
-6.319999999999993
-14.5
-8.0
-21.0
-25.0
-33.0
-19.0
-6.0
-160.0
-71.0
-33.51999999999998
-18.480000000000018
-31.0
-14.0
-215.44000000000005
-74.44000000000005
-86.44000000000005
-66.44000000000005
-81.55999999999995
-146.56
-36.56
-275.56
-148.15999999999997
-11.0
-140.68
-42.5
-51.5
-6.5
-54.0
-48.0
-35.0
-61.48000000000005
-143.0
-4.0
-2.0
-10.0
-35.0
-10.0
-2.0
-10.0
-0.0
-2.0
-516.0
-12.0
-94.0
-16.0
-18.0
-21.0
-7.6200000000000045
-2.5
-114.5
-16.5
-318.0
-8.0
-21.0
-14.480000000000047
-20.0
-33.0
-53.0
-28.0
-682.5
-1.5
-26.5
-17.5
-293.5
-24.5
-69.5
-12.0
-50.0
-29.0
-18.0
-347.0
-7.6200000000000045
-39.5
-171.0
-41.0
-26.5
-343.5
-19.5
-76.0
-26.720000000000027
-215.68
-109.67999999999995
-78.32000000000005
-17.32000000000005
-188.32000000000005
-57.32000000000005
-16.67999999999995
-550.68
-262.67999999999995
-70.32000000000005
-31.319999999999993
-78.68
-25.680000000000007
-29.319999999999993
-38.68000000000001
-34.31999999999999
-13.5
-555.0
-211.0
-22.5
-793.5
-536.5
-21.0
-28.519999999999982
-257.52
-280.52
-15.480000000000018
-92.48000000000002
-172.48000000000002
-622.52
-8.519999999999982
-20.480000000000018
-16.519999999999982
-18.519999999999982
-305.48
-32.51999999999998
-34.51999999999998
-36.48000000000002
-32.16
-6.319999999999993
-5.5
-238.0
-4.0
-17.5
-13.5
-8.5
-21.0
-116.0
-366.0
-8.0
-63.0
-14.0
-13.0
-49.0
-27.0
-23.0
-426.0
-31.0
-142.0
-15.0
-6.0
-30.0
-0.0
-8.680000000000007
-715.0
-49.0
-8.0
-31.0
-842.0
-406.0
-2.0
-44.0
-2.0
-28.0
-48.0
-42.0
-154.0
-560.0
-56.0
-37.0
-24.0
-240.0
-57.0
-65.0
-39.0
-41.0
-82.0
-8.680000000000007
-15.0
-23.0
-40.0
-44.0
-39.0
-47.0
-8.0
-137.0
-72.0
-68.0
-55.0
-31.0
-20.0
-125.0
-99.55999999999995
-19.559999999999945
-571.0
-186.0
-12.0
-210.0
-7.0
-45.0
-57.0
-698.12
-43.0
-493.0
-35.0
-783.0
-21.0
-518.0
-7.0
-261.0
-27.0
-67.0
-66.0
-32.0
-13.0
-148.0
-138.0
-64.0
-144.0
-113.0
-52.0
-22.0
-6.0
-7.0
-16.0
-7.0
-17.0
-6.0
-29.0
-79.0
-6.0
-6.0
-32.0
-716.0
-30.0
-58.0
-83.0
-52.0
-28.159999999999997
-49.96000000000001
-39.96000000000001
-37.0
-43.0
-32.0
-46.0
-230.0
-45.0
-38.0
-20.0
-113.0
-255.0
-84.0
-87.0
-5.0
-10.0
-105.0
-41.0
-37.0
-57.0
-86.0
-42.0
-39.0
-26.120000000000005
-10.0
-38.0
-15.0
-86.0
-26.0
-28.0
-30.0
-23.0
-29.0
-78.0
-59.0
-34.0
-26.0
-180.0
-25.0
-71.5
-83.0
-7.0
-430.0
-96.0
-32.0
-37.0
-45.0
-43.139999999999986
-471.0
-760.0
-452.0
-48.0
-41.0
-25.5
-20.0
-43.0
-38.91999999999999
-19.919999999999987
-0.0
-20.0
-12.0
-5.0
-255.0
-29.0
-16.0
-819.0
-65.0
-40.0
-55.0
-29.0
-36.0
-47.099999999999994
-6.0
-27.0
-449.0
-651.0
-11.0
-23.0
-23.0
-843.0
-39.0
-16.0
-1.0
-23.0
-19.0
-1.0
-35.0
-32.0
-12.0
-37.0
-299.0
-15.0
-4.0
-362.0
-767.0
-20.819999999999993
-265.5
-6.0
-859.0
-129.0
-4.0
-637.0
-571.5
-1.0
-3.0
-107.0
-203.0
-37.0
-2.0
-29.0
-11.0
-620.0
-20.0
-10.0
-2.5
-342.91999999999996
-105.0
-8.0
-37.0
-26.129999999999995
-40.0
-39.0
-33.0
-427.0
-42.0
-373.0
-48.0
-85.5
-162.56
-304.0
-9.0
-347.0
-86.0
-69.0
-95.0
-459.0
-97.0
-81.0
-114.0
-77.0
-238.0
-22.0
-6.0
-88.11000000000001
-212.0
-25.0
-20.0
-14.0
-31.0
-27.0
-54.0
-5.0
-207.0
-407.0
-106.0
-62.0
-177.0
-95.0
-107.0
-83.0
-113.0
-165.0
-469.0
-61.0
-56.0
-68.0
-14.0
-21.110000000000014
-4.0
-151.0
-1.0
-9.0
-818.0
-14.960000000000008
-162.0
-50.0
-184.0
-146.20000000000005
-118.60000000000002
-269.4
-146.60000000000002
-73.60000000000002
-96.60000000000002
-209.20000000000005
-104.79999999999995
-35.799999999999955
-7.199999999999989
-55.19999999999999
-4.199999999999989
-65.32
-8.0
-30.110000000000014
-14.5
-511.48
-24.5
-111.0
-38.0
-37.0
-50.0
-38.0
-78.0
-23.0
-78.0
-330.0
-142.0
-432.0
-337.0
-60.0
-370.0
-307.0
-18.0
-18.0
-0.0
-7.0
-67.0
-32.110000000000014
-76.0
-28.0
-24.0
-25.0
-58.0
-21.0
-56.0
-45.0
-131.0
-162.24
-93.75999999999999
-67.75999999999999
-146.76
-105.0
-90.15999999999997
-127.15999999999997
-108.15999999999997
-99.15999999999997
-33.160000000000025
-611.1600000000001
-308.0
-0.0
-36.0
-170.11
-14.0
-18.0
-1.0
-459.0
-23.0
-23.0
-39.0
-250.0
-329.0
-66.0
-99.0
-125.48000000000002
-146.51999999999998
-266.0
-75.0
-81.0
-76.0
-134.0
-38.0
-628.0
-63.0
-745.0
-19.0
-67.11000000000001
-27.0
-661.48
-19.5
-24.0
-25.0
-23.0
-22.0
-78.0
-59.0
-27.0
-83.0
-2.0
-79.0
-45.0
-68.0
-99.0
-332.0
-179.0
-28.0
-143.0
-536.0
-42.0
-5.0
-49.110000000000014
-4.0
-21.0
-19.0
-856.0
-309.0
-13.0
-326.0
-67.0
-110.62
-252.0
-45.0
-20.0
-7.5
-735.5
-425.0
-57.0
-5.0
-17.0
-67.0
-40.0
-28.0
-36.0
-45.0
-62.639999999999986
-49.0
-7.0
-1.0
-17.0
-4.0
-3.4799999999999898
-2.5
-1.759999999999991
-88.24000000000001
-30.5
-13.0
-11.5
-0.5
-33.5
-36.0
-30.0
-35.0
-0.0
-827.0
-6.0
-23.0
-469.0
-7.0
-352.64
-11.0
-11.0
-27.0
-12.0
-14.5
-14.0
-4.0
-132.0
-204.0
-73.0
-129.0
-358.0
-214.0
-107.0
-36.0
-120.0
-77.0
-255.0
-86.0
-1.0
-704.0
-13.0
-343.0
-80.11000000000001
-19.060000000000002
-276.5
-19.0
-94.0
-10.5
-637.5
-484.5
-85.39999999999998
-260.4
-36.39999999999998
-9.600000000000023
-312.6
-174.39999999999998
-2.3999999999999773
-75.39999999999998
-520.6
-104.39999999999998
-114.60000000000002
-91.39999999999998
-152.39999999999998
-29.600000000000023
-197.39999999999998
-38.0
-51.110000000000014
-15.120000000000005
-18.0
-15.0
-28.0
-30.0
-75.0
-46.0
-43.0
-131.0
-52.0
-135.0
-103.0
-329.0
-55.0
-43.0
-63.0
-83.0
-156.0
-46.0
-18.0
-549.0
-15.0
-26.0
-104.11000000000001
-478.56
-456.0
-8.0
-8.0
-6.0
-29.5
-30.0
-25.0
-165.0
-50.0
-43.0
-14.0
-96.0
-94.0
-5.0
-301.0
-22.0
-25.0
-74.0
-33.0
-11.0
-24.0
-105.0
-42.110000000000014
-123.56
-5.0
-41.0
-49.0
-489.0
-10.5
-32.0
-65.0
-58.0
-473.0
-323.0
-3.0
-101.0
-41.0
-44.0
-47.0
-290.0
-40.0
-125.0
-47.0
-33.0
-2.0
-8.0
-21.110000000000014
-2.0
-238.0
-10.0
-1.0
-21.0
-2.0
-55.0
-211.0
-5.0
-812.0
-5.0
-31.0
-630.0
-38.0
-64.56
-50.56
-53.0
-20.0
-743.0
-25.0
-31.0
-58.0
-24.0
-69.15
-19.0
-26.0
-30.0
-3.0
-2.0
-408.0
-15.0
-26.0
-12.0
-38.0
-8.0
-749.0
-30.0
-26.0
-600.0
-13.0
-13.0
-4.0
-38.0
-34.5
-32.0
-831.0
-403.0
-9.634999999999991
-1.0
-803.0
-2.0
-11.0
-4.0
-15.0
-21.0
-496.0
-518.0
-245.0
-22.0
-400.0
-160.0
-115.0
-108.0
-229.0
-8.0
-238.0
-210.0
-20.0
-36.0
-43.0
-25.0
-54.110000000000014
-13.0
-10.0
-20.0
-243.0
-671.0
-32.0
-90.0
-644.0
-56.0
-36.0
-127.0
-5.0
-109.0
-4.0
-9.0
-5.0
-24.0
-20.0
-132.0
-21.0
-13.0
-28.0
-0.0
-837.11
-20.0
-32.0
-34.0
-10.0
-2.0
-34.0
-710.0
-27.0
-196.0
-126.0
-71.0
-30.0
-62.0
-22.0
-42.0
-33.0
-32.0
-42.0
-29.0
-11.0
-261.0
-1.0
-56.0
-103.11000000000001
-60.0
-18.0
-76.0
-85.0
-24.0
-2.0
-101.0
-13.0
-64.0
-78.91999999999996
-407.08000000000004
-99.0
-88.0
-32.0
-201.0
-61.0
-111.0
-362.0
-151.0
-386.0
-6.0
-58.0
-21.0
-96.11000000000001
-4.0
-16.0
-710.0
-30.0
-40.0
-24.0
-50.0
-99.0
-41.0
-481.0
-74.0
-102.0
-206.0
-9.440000000000055
-27.440000000000055
-156.0
-487.0
-152.0
-13.0
-7.0
-12.0
-13.0
-13.0
-198.11
-752.0
-11.0
-38.0
-580.0
-8.0
-268.0
-38.0
-36.0
-376.0
-7.0
-28.0
-29.0
-16.0
-633.0
-8.0
-42.0
-73.0
-12.0
-19.0
-37.0
-31.0
-35.0
-31.0
-29.120000000000005
-40.0
-868.0
-53.0
-761.0
-285.0
-2.0
-19.0
-54.0
-771.0
-22.0
-26.0
-20.0
-63.0
-467.0
-37.0
-33.0
-827.0
-44.0
-10.0
-11.0
-381.0
-24.0
-232.0
-7.1200000000000045
-18.0
-1.0
-15.0
-168.0
-11.0
-20.0
-2.0
-141.0
-284.0
-240.03999999999996
-155.96000000000004
-115.0
-173.0
-397.0
-115.0
-231.0
-23.0
-32.0
-30.0
-5.0
-355.0
-124.0
-48.0
-37.0
-53.0
-32.0
-74.0
-59.0
-68.0
-140.0
-57.0
-30.0
-6.8799999999999955
-7.0
-381.105
-24.0
-21.0
-153.0
-533.0
-10.0
-20.0
-27.0
-2.0
-18.0
-12.0
-1.0
-11.0
-18.0
-30.0
-2.0
-20.0
-65.0
-83.0
-37.0
-286.0
-794.0
-47.0
-10.0
-41.5
-23.0
-61.0
-43.0
-23.0
-24.0
-23.0
-15.0
-7.0
-11.0
-627.0
-20.0
-97.0
-48.0
-522.0
-31.0
-78.0
-85.0
-61.0
-27.0
-22.0
-3.0
-48.0
-53.0
-30.5
-5.0
-599.0
-822.0
-5.0
-14.0
-11.0
-3.0
-155.0
-95.0
-10.0
-133.0
-50.0
-494.12
-16.0
-1.0
-684.0
-54.0
-5.0
-51.0
-268.0
-538.0
-8.0
-9.0
-298.105
-8.0
-12.0
-13.0
-37.5
-729.0
-20.0
-24.0
-180.0
-57.0
-33.0
-1.0
-145.0
-154.0
-74.0
-70.0
-761.0
-84.08000000000004
-29.0
-513.0
-38.0
-459.0
-32.0
-432.0
-27.919999999999987
-11.0
-4.0
-8.0
-52.0
-13.0
-1.0
-196.0
-26.0
-88.0
-49.0
-4.0
-589.08
-54.0
-724.0
-7.0
-13.0
-35.0
-166.0
-69.0
-77.0
-49.0
-81.0
-123.0
-6.39500000000001
-2.0
-27.0
-3.0
-160.0
-382.0
-148.0
-9.0
-88.0
-270.0
-46.0
-80.0
-254.0
-76.0
-287.0
-553.0
-115.0
-74.0
-14.0
-24.0
-64.0
-44.0
-581.0
-37.0
-43.870000000000005
-13.0
-23.0
-7.0
-73.0
-19.0
-97.0
-510.0
-14.0
-34.0
-373.0
-90.0
-41.0
-134.88
-79.0
-20.0
-100.0
-97.0
-43.0
-13.0
-2.0
-65.0
-25.0
-13.0
-5.865000000000009
-34.0
-397.0
-21.0
-35.0
-48.0
-0.0
-159.0
-114.0
-249.0
-574.0
-3.0
-52.0
-20.0
-208.0
-328.0
-390.0
-52.0
-138.0
-30.0
-32.0
-2.0
-171.0
-39.0
-29.5
-57.0
-34.0
-27.120000000000005
-243.0
-543.0
-30.5
-23.5
-29.0
-15.0
-246.0
-16.0
-174.74
-6.5
-11.5
-66.0
-23.0
-67.0
-17.0
-32.0
-23.0
-13.0
-7.0
-38.0
-94.5
-7.0
-28.0
-27.0
-17.0
-5.0
-13.0
-678.0
-131.0
-350.0
-276.0
-74.0
-134.0
-96.0
-741.0
-641.0
-170.0
-3.0
-0.12000000000000455
-423.0
-18.0
-554.88
-371.0
-648.0
-7.865000000000009
-45.5
-9.0
-8.0
-25.0
-37.0
-41.0
-8.0
-10.0
-4.0
-22.0
-2.0
-34.0
-191.0
-560.0
-3.0
-399.0
-28.0
-197.0
-77.0
-60.0
-17.0
-40.0
-9.0
-4.860000000000014
-19.0
-522.0
-7.0
-25.0
-1.0
-10.0
-46.0
-1.1200000000000045
-292.0
-90.0
-33.0
-11.0
-106.0
-272.0
-120.0
-388.0
-93.0
-49.0
-36.120000000000005
-22.0
-118.0
-4.0
-87.0
-20.94999999999999
-21.0
-18.0
-7.0
-3.0
-240.0
-23.0
-27.0
-3.6399999999999864
-53.48000000000002
-42.0
-5.0
-53.32000000000005
-100.67999999999995
-10.32000000000005
-688.0
-1.0
-41.0
-4.0
-369.0
-44.0
-4.0
-174.0
-39.120000000000005
-71.88499999999999
-33.51999999999998
-118.0
-9.0
-33.0
-2.0
-710.0
-297.0
-15.0
-59.0
-57.91999999999996
-42.0
-345.1
-67.0
-28.0
-12.879999999999995
-18.0
-80.0
-26.0
-185.0
-64.0
-58.0
-690.0
-27.0
-25.88499999999999
-24.0
-65.0
-26.0
-10.0
-2.0
-3.0
-227.0
-140.0
-356.0
-62.0
-30.0
-4.480000000000018
-190.5
-21.0
-37.0
-31.0
-24.0
-36.0
-23.5
-52.0
-57.0
-845.5
-42.0
-51.5
-71.0
-67.5
-534.5
-38.0
-41.5
-36.5
-427.5
-26.0
-154.0
-73.0
-20.0
-49.25999999999999
-10.5
-0.5
-709.0
-11.0
-16.5
-49.0
-49.5
-457.5
-19.5
-13.5
-4.0
-13.5
-344.0
-16.0
-3.0
-152.0
-11.0
-131.0
-42.0
-152.0
-232.0
-94.0
-30.0
-52.0
-63.0
-493.0
-30.879999999999995
-122.0
-508.0
-5.0
-237.0
-96.0
-105.0
-281.0
-3.0
-39.88499999999999
-57.0
-80.0
-46.0
-75.0
-68.0
-70.0
-18.0
-11.0
-42.0
-32.0
-69.0
-37.0
-632.0
-17.0
-50.0
-4.0
-1.8799999999999955
-15.0
-195.0
-86.0
-275.0
-89.0
-7.0
-120.11500000000001
-30.0
-35.0
-3.0
-59.0
-34.0
-22.0
-16.0
-45.0
-273.0
-43.0
-156.0
-34.0
-52.0
-35.0
-13.0
-41.0
-30.0
-320.08000000000004
-194.51999999999998
-17.519999999999982
-528.0
-15.0
-49.0
-50.81999999999999
-11.0
-17.0
-699.0
-53.0
-5.0
-32.0
-7.0
-275.0
-157.0
-45.0
-48.0
-58.0
-157.0
-101.0
-445.0
-12.0
-19.120000000000005
-399.0
-8.0
-99.0
-46.0
-23.0
-548.0
-14.319999999999993
-319.0
-7.0
-801.0
-26.0
-592.0
-26.0
-5.0
-221.0
-255.0
-168.0
-144.0
-181.0
-82.0
-241.0
-1.0
-50.0
-48.0
-15.0
-20.0
-12.0
-86.0
-64.0
-36.0
-71.32
-15.0
-20.0
-18.0
-182.0
-3.0
-367.0
-20.0
-292.0
-257.0
-248.0
-14.0
-0.0
-9.0
-448.0
-77.0
-139.0
-143.0
-146.0
-138.0
-115.0
-561.0
-501.0
-6.0
-4.5
-12.0
-4.5
-8.5
-27.0
-37.0
-38.0
-37.0
-536.0
-25.0
-99.0
-2.0
-395.0
-46.0
-31.0
-71.0
-561.0
-90.0
-75.0
-101.0
-2.0
-36.0
-9.0
-15.0
-26.5
-27.0
-10.0
-19.0
-350.0
-15.0
-22.0
-29.0
-444.0
-402.12
-6.0
-148.0
-165.0
-586.0
-8.0
-20.0
-297.0
-15.080000000000041
-3.0
-24.0
-255.0
-49.0
-201.0
-34.0
-21.819999999999993
-4.0
-7.0
-1.0
-9.0
-5.0
-13.0
-12.0
-22.0
-106.0
-89.0
-135.0
-53.0
-89.0
-25.0
-22.0
-8.0
-16.0
-59.0
-472.0
-25.0
-68.0
-28.0
-10.0
-430.68
-10.0
-33.0
-36.0
-318.0
-22.0
-9.0
-11.0
-79.12
-41.0
-40.0
-14.0
-48.0
-3.0
-163.0
-227.0
-141.0
-195.0
-119.0
-123.0
-147.0
-69.0
-29.0
-7.0
-158.68
-13.0
-34.0
-14.0
-28.0
-27.0
-256.0
-4.0
-31.0
-17.0
-84.0
-38.91999999999996
-16.0
-29.120000000000005
-34.0
-51.0
-231.0
-219.0
-29.0
-34.0
-23.0
-160.0
-33.0
-207.0
-3.319999999999993
-39.0
-339.0
-20.0
-726.0
-5.0
-17.0
-2.0
-7.0
-17.0
-33.960000000000036
-13.039999999999964
-47.0
-59.0
-21.0
-1.0
-1.0
-39.0
-14.0
-83.0
-87.0
-12.0
-19.0
-4.0
-10.319999999999993
-0.0
-448.0
-4.0
-6.0
-15.0
-2.0
-15.0
-12.0
-10.0
-36.0
-5.0
-14.0
-5.0
-69.0
-698.0
-93.0
-51.0
-71.0
-48.0
-646.0
-389.0
-18.0
-27.0
-13.5
-18.0
-720.0
-14.0
-523.0
-38.0
-324.0
-28.0
-72.0
-71.0
-32.0
-182.0
-771.0
-43.0
-264.0
-4.0
-36.0
-28.0
-40.0
-5.0
-30.0
-21.0
-273.0
-27.0
-13.5
-9.0
-80.0
-22.0
-574.0
-134.0
-111.0
-614.0
-7.0
-318.0
-73.0
-385.0
-21.0
-162.0
-12.0
-14.0
-11.0
-51.0
-34.0
-39.0
-116.0
-120.0
-109.0
-490.0
-20.319999999999993
-19.0
-2.0
-25.0
-5.0
-155.0
-13.0
-237.0
-310.0
-4.0
-65.0
-392.0
-0.0
-38.0
-192.0
-47.0
-1.0
-49.0
-41.0
-120.0
-24.0
-30.0
-29.0
-12.0
-3.319999999999993
-4.0
-10.0
-630.0
-37.0
-50.0
-60.0
-3.0
-31.0
-70.0
-67.0
-41.0
-67.0
-141.0
-83.0
-80.0
-55.0
-538.0
-14.0
-12.0
-182.0
-720.0
-22.0
-36.0
-35.31999999999999
-1.0
-4.0
-17.0
-9.0
-62.0
-11.0
-714.0
-47.0
-52.0
-71.0
-467.0
-444.0
-21.0
-40.0
-66.0
-22.0
-32.0
-71.0
-112.0
-88.0
-16.0
-708.0
-6.0
-27.819999999999993
-10.0
-9.0
-234.0
-10.0
-4.0
-368.0
-6.0
-94.0
-158.0
-241.0
-672.0
-377.0
-93.0
-105.0
-20.0
-38.0
-13.0
-363.0
-52.0
-417.0
-12.0
-781.9200000000001
-69.5
-89.475
-2.0
-21.0
-285.0
-15.0
-41.0
-6.0
-43.0
-2.0
-1.0
-96.0
-14.0
-32.0
-12.0
-14.0
-20.0
-177.0
-183.12
-173.0
-120.0
-6.0
-103.0
-97.0
-1.0
-13.5
-41.0
-53.0
-34.0
-32.0
-41.0
-39.0
-669.0
-461.0
-56.0
-357.0
-11.0
-471.0
-7.0
-21.0
-11.0
-11.0
-14.0
-7.0
-745.0
-60.0
-700.0
-83.0
-9.0
-13.5
-577.0
-795.0
-0.0
-24.0
-20.0
-281.0
-28.0
-99.0
-154.0
-74.0
-49.0
-16.0
-330.0
-12.0
-410.0
-108.0
-74.0
-12.0
-52.0
-114.0
-58.0
-0.0
-10.0
-33.474999999999994
-9.0
-12.0
-16.0
-10.5
-30.0
-524.5
-16.0
-5.9599999999999795
-172.0
-10.0
-128.0
-4.0
-41.0
-447.0
-4.0
-83.0
-247.0
-19.0
-294.0
-3.0
-56.0
-64.0
-301.0
-0.12999999999999545
-154.0
-12.0
-861.0
-59.0
-5.0
-3.0
-320.0
-379.0
-193.0
-81.32000000000005
-35.559999999999945
-178.32000000000005
-90.0
-51.0
-147.0
-25.440000000000055
-21.559999999999945
-167.08000000000004
-16.91999999999996
-526.96
-152.56
-206.56
-2.0
-23.805000000000007
-1.0
-30.0
-25.0
-32.0
-18.0
-5.0
-1.0
-20.0
-10.0
-30.0
-357.0
-19.0
-110.0
-20.0
-6.0
-13.0
-20.0
-508.0
-54.0
-358.0
-97.0
-219.0
-4.0
-28.805000000000007
-14.759999999999991
-11.0
-514.5
-21.5
-72.5
-32.0
-14.5
-25.0
-22.0
-21.5
-6.5
-25.5
-15.5
-22.0
-0.5
-715.0
-14.5
-24.75999999999999
-31.25999999999999
-20.74000000000001
-18.24000000000001
-33.84
-35.0
-6.0
-30.5
-8.0
-17.0
-362.075
-37.84
-25.659999999999997
-140.0
-242.5
-141.5
-12.5
-26.0
-104.0
-420.0
-70.0
-483.44000000000005
-37.32000000000005
-32.440000000000055
-69.67999999999995
-27.67999999999995
-420.67999999999995
-2.159999999999968
-445.15999999999997
-77.15999999999997
-57.15999999999997
-201.83999999999997
-112.16000000000003
-12.0
-22.154999999999973
-28.840000000000003
-579.34
-5.0
-14.0
-9.0
-17.0
-68.0
-15.0
-172.0
-33.0
-4.0
-28.399999999999977
-74.67999999999995
-780.4
-36.0
-8.440000000000055
-4.440000000000055
-7.440000000000055
-76.44000000000005
-12.439999999999998
-31.439999999999998
-52.44
-32.0
-541.9100000000001
-16.840000000000003
-33.31999999999999
-635.0
-0.0
-2.0
-45.0
-8.0
-15.0
-9.919999999999959
-70.0
-24.0
-10.0
-8.0
-9.0
-21.0
-607.0
-56.0
-162.0
-67.0
-64.0
-344.0
-81.0
-12.0
-40.02000000000001
-25.840000000000003
-551.0
-329.0
-10.0
-16.0
-4.0
-45.0
-4.0
-49.0
-80.0
-26.0
-6.0
-66.88
-0.0
-30.0
-9.0
-2.0
-11.0
-269.0
-495.0
-20.0
-7.0
-314.0
-20.39500000000001
-245.16
-4.0
-22.0
-4.0
-19.0
-300.0
-15.0
-345.0
-25.0
-0.8799999999999955
-29.480000000000018
-28.480000000000018
-342.52
-33.51999999999998
-10.120000000000005
-37.0
-53.879999999999995
-0.67999999999995
-5.67999999999995
-229.68
-96.0
-72.0
-213.0
-353.605
-3.5
-317.0
-12.5
-34.0
-3.0
-21.0
-2.5
-251.5
-63.0
-247.0
-53.0
-6.0
-3.0
-305.0
-23.0
-24.0
-43.0
-14.0
-54.0
-1.0
-53.5
-39.0
-13.0
-675.075
-61.5
-143.0
-200.0
-154.0
-17.0
-42.0
-120.0
-554.0
-528.0
-9.0
-31.0
-93.0
-29.0
-77.0
-5.0
-44.0
-93.0
-30.0
-183.0
-11.0
-36.0
-21.0
-7.0
-891.075
-43.84
-609.0
-32.0
-16.0
-32.0
-6.0
-533.0
-155.0
-97.0
-79.0
-47.0
-65.0
-15.0
-25.0
-50.0
-279.0
-15.0
-30.0
-11.0
-22.120000000000005
-472.0
-53.0
-1.0
-28.39500000000001
-547.0
-20.0
-16.0
-461.0
-605.0
-29.0
-40.0
-1.0
-418.0
-12.0
-2.0
-15.0
-47.120000000000005
-45.0
-0.0
-30.879999999999995
-43.0
-6.0
-4.1200000000000045
-69.0
-42.0
-26.0
-7.0
-14.810000000000002
-10.0
-762.0799999999999
-41.920000000000016
-495.08
-6.5
-6.079999999999984
-723.0799999999999
-7.079999999999984
-237.07999999999998
-36.0
-343.0
-16.0
-736.0
-16.0
-5.0
-9.0
-295.0
-69.0
-261.0
-50.0
-152.12
-279.0
-380.0
-0.060000000000002274
-52.0
-24.0
-345.0
-823.0
-27.0
-41.0
-27.0
-54.0
-2.0
-63.0
-664.0
-42.879999999999995
-713.0
-148.0
-69.0
-696.0
-569.0
-3.919999999999959
-55.0
-48.0
-38.0
-73.0
-353.0
-41.139999999999986
-12.0
-5.0
-12.0
-21.0
-71.0
-99.0
-14.0
-30.0
-66.0
-64.0
-75.0
-94.0
-41.0
-53.0
-73.0
-102.0
-32.0
-84.0
-142.0
-50.0
-76.0
-102.0
-25.0
-55.34500000000003
-14.0
-23.0
-38.0
-37.0
-34.0
-20.0
-13.0
-111.0
-98.0
-7.0
-14.0
-15.0
-23.0
-35.0
-91.0
-475.0
-17.0
-13.0
-37.0
-683.0
-47.0
-44.0
-7.0
-105.07499999999999
-73.0
-173.0
-30.0
-41.0
-36.0
-41.0
-814.0
-28.0
-7.0
-28.0
-26.0
-109.0
-43.0
-31.0
-11.0
-60.0
-88.0
-25.0
-29.0
-40.0
-244.0
-3.0
-39.0
-102.07499999999999
-68.0
-69.0
-57.0
-69.0
-23.0
-39.0
-42.0
-122.0
-156.0
-161.0
-3.080000000000041
-53.0
-34.0
-569.2
-35.0
-19.0
-11.0
-8.0
-358.0
-297.0
-687.0
-226.0
-24.0
-85.34500000000003
-10.0
-666.0
-786.0
-308.0
-7.5
-14.0
-32.0
-611.0
-96.0
-75.0
-83.0
-105.0
-64.0
-10.0
-28.0
-57.0
-22.0
-13.0
-124.0
-351.76
-46.0
-19.0
-107.0
-644.655
-659.0
-30.0
-8.0
-172.0
-7.0
-36.0
-4.0
-31.0
-163.0
-17.0
-69.0
-51.0
-4.0
-37.0
-33.879999999999995
-28.0
-4.0
-57.0
-30.0
-82.0
-58.0
-80.0
-113.0
-49.829999999999984
-24.0
-61.0
-21.0
-20.0
-6.0
-5.0
-60.0
-24.0
-71.0
-57.0
-4.0
-5.0
-57.0
-3.0
-390.0
-17.0
-35.0
-42.0
-60.0
-76.0
-44.0
-34.0
-39.0
-474.12
-12.0
-110.0
-32.0
-39.0
-39.0
-54.0
-32.0
-89.12
-42.0
-118.0
-585.0
-261.0
-667.12
-9.0
-151.0
-118.0
-553.0
-141.0
-48.0
-69.0
-57.0
-66.0
-79.0
-727.535
-22.0
-349.0
-9.0
-3.0
-362.0
-37.0
-177.0
-37.0
-77.0
-24.0
-15.0
-1.0
-16.0
-3.0
-14.0
-30.0
-34.0
-49.0
-570.0
-99.0
-37.0
-58.0
-49.0
-93.07499999999999
-56.0
-47.0
-39.0
-47.0
-73.0
-446.0
-79.0
-512.0
-61.0
-40.0
-287.0
-69.0
-26.0
-12.0
-66.0
-38.0
-75.0
-14.0
-21.0
-70.0
-42.0
-686.0
-90.0
-413.075
-20.0
-13.0
-88.0
-28.0
-37.0
-47.0
-790.0
-37.0
-42.0
-0.0
-4.0
-18.0
-4.0
-6.0
-11.0
-503.0
-25.0
-32.0
-54.0
-144.0
-61.0
-52.0
-60.0
-54.07499999999999
-618.0
-826.0
-202.0
-29.0
-37.0
-3.0
-35.0
-163.0
-263.0
-17.0
-33.0
-43.0
-22.0
-10.120000000000005
-38.0
-2.919999999999959
-29.0
-229.0
-37.91999999999996
-15.0
-54.0
-46.0
-20.0
-38.46500000000003
-42.0
-32.0
-5.0
-3.0
-44.0
-0.0
-2.0
-586.0
-393.0
-3.0
-160.0
-9.0
-19.0
-26.0
-15.120000000000005
-573.0
-31.0
-164.0
-25.0
-28.0
-239.0
-12.0
-454.0
-17.465000000000032
-27.5
-9.0
-35.5
-27.0
-85.0
-2.0
-499.0
-148.0
-43.0
-6.0
-81.0
-30.0
-10.0
-5.0
-100.0
-51.0
-22.0
-97.0
-378.0
-11.0
-4.0
-51.0
-720.9200000000001
-143.53499999999997
-35.0
-255.0
-754.5
-41.0
-41.0
-48.0
-32.0
-109.0
-111.0
-38.0
-561.0
-73.0
-143.0
-33.0
-73.0
-58.0
-150.88
-105.0
-43.0
-11.0
-42.0
-478.0
-102.0
-50.53499999999997
-51.0
-37.0
-725.0
-16.0
-9.0
-37.0
-487.0
-3.0
-29.0
-10.0
-47.0
-21.0
-169.0
-6.0
-18.0
-7.0
-509.0
-363.0
-57.0
-58.0
-73.0
-63.0
-50.0
-32.07499999999999
-46.0
-46.0
-50.0
-11.0
-37.0
-40.0
-53.0
-51.0
-0.4399999999999977
-26.0
-76.0
-96.0
-81.0
-49.0
-63.0
-77.0
-21.0
-37.0
-25.0
-5.0
-401.0
-12.0
-24.0
-18.07499999999999
-75.0
-19.0
-42.0
-6.0
-4.0
-37.0
-42.0
-333.0
-88.0
-126.88
-121.0
-39.0
-112.0
-66.0
-104.0
-91.88
-185.0
-304.0
-365.0
-25.0
-22.0
-32.0
-4.0
-10.465000000000032
-410.0
-8.0
-5.0
-422.0
-30.0
-0.0
-8.0
-64.0
-20.0
-44.960000000000036
-35.960000000000036
-1.0
-18.0
-18.0
-28.91999999999996
-65.0
-81.0
-13.0
-64.0
-39.0
-57.120000000000005
-22.0
-55.0
-114.53499999999997
-27.0
-72.0
-2.0
-18.0
-5.0
-13.0
-13.0
-24.0
-69.0
-54.0
-732.0
-14.0
-151.0
-35.0
-16.0
-42.0
-134.0
-64.0
-36.0
-35.0
-392.0
-68.0
-9.0
-13.050000000000011
-1.5
-12.0
-1.0
-803.0
-1.0
-507.0
-145.0
-16.0
-43.0
-31.0
-12.0
-17.0
-67.0
-9.879999999999995
-39.879999999999995
-27.0
-54.0
-18.799999999999955
-68.0
-199.0
-66.0
-0.0
-38.0
-16.485000000000014
-24.0
-8.0
-269.0
-35.0
-42.0
-21.0
-25.0
-23.0
-15.0
-40.0
-61.0
-710.0
-29.0
-18.879999999999995
-47.0
-44.0
-91.0
-168.0
-5.0
-88.0
-88.0
-36.0
-27.0
-9.485000000000014
-449.0
-15.0
-18.0
-33.0
-281.0
-18.0
-27.0
-141.0
-107.88
-22.0
-13.0
-67.0
-19.0
-426.0
-51.0
-633.0
-121.0
-59.0
-49.0
-381.0
-554.0
-15.0
-19.0
-35.07499999999999
-34.0
-2.0
-24.0
-8.0
-19.0
-38.0
-21.0
-13.0
-20.0
-16.0
-26.0
-7.0
-8.0
-0.0
-32.0
-9.0
-25.0
-11.0
-7.0
-35.0
-17.0
-7.0
-32.0
-50.07499999999999
-22.0
-129.0
-2.0
-424.0
-17.0
-25.0
-11.0
-134.0
-333.0
-53.0
-17.0
-38.0
-43.0
-209.0
-12.0
-18.0
-1.0
-158.0
-236.0
-116.0
-55.0
-25.0
-24.0
-436.515
-26.0
-591.0
-26.0
-8.0
-17.5
-19.5
-16.0
-32.0
-204.0
-75.0
-15.0
-17.0
-21.0
-2.1200000000000045
-5.0
-9.919999999999959
-535.0
-372.0
-532.88
-9.0
-12.0
-4.0
-15.0
-455.08000000000004
-7.0
-41.0
-8.0
-406.0
-0.0
-630.0
-13.0
-588.0
-283.0
-36.0
-58.0
-104.0
-309.0
-563.0
-165.0
-459.0
-64.0
-55.0
-26.0
-433.0
-0.0
-39.0
-22.0
-10.449999999999989
-11.0
-16.0
-8.0
-8.0
-5.0
-24.0
-6.0
-41.0
-297.0
-564.0
-177.0
-112.0
-649.0
-60.0
-193.88
-117.0
-15.0
-85.0
-39.0
-224.0
-35.0
-341.0
-276.0
-406.55
-10.0
-28.0
-38.0
-32.0
-10.0
-494.0
-33.0
-164.0
-36.0
-52.0
-29.0
-69.0
-22.879999999999995
-7.0
-26.879999999999995
-47.0
-64.0
-76.0
-69.0
-15.0
-37.0
-215.0
-2.0
-736.55
-21.0
-17.0
-28.0
-1.0
-38.0
-1.0
-275.0
-136.0
-95.0
-37.0
-35.0
-23.0
-1.0
-41.0
-765.0
-286.0
-21.0
-470.0
-4.0
-16.0
-160.0
-1.0
-186.0
-1.0
-27.0
-52.0
-69.0
-18.0
-34.0
-433.0
-62.0
-447.08500000000004
-3.0
-19.0
-6.0
-6.0
-7.0
-187.0
-821.0
-29.0
-12.0
-43.0
-1.0
-41.0
-844.0
-41.0
-35.0
-22.0
-34.0
-24.0
-15.0
-41.0
-36.0
-14.0
-39.0
-656.085
-22.5
-34.0
-47.0
-14.0
-481.0
-42.0
-69.0
-613.0
-4.0
-262.0
-16.0
-41.0
-15.0
-20.0
-130.0
-16.0
-10.0
-12.0
-16.0
-527.0
-35.0
-225.0
-264.0
-527.085
-247.0
-263.0
-251.0
-825.0
-819.0
-34.47999999999999
-174.5
-42.0
-50.0
-3.0
-674.0
-22.0
-432.0
-44.0
-2.0
-1.0
-3.0
-27.0
-18.0
-20.0
-17.0
-12.0
-136.0
-37.08500000000001
-62.0
-34.0
-22.0
-28.0
-51.0
-32.0
-330.0
-861.0
-37.0
-25.0
-12.0
-519.0
-34.0
-0.0
-7.0
-15.0
-44.0
-16.0
-7.0
-14.0
-380.0
-58.0
-50.0
-58.08500000000001
-403.0
-56.0
-9.0
-566.0
-58.0
-69.0
-25.0
-36.0
-199.0
-177.0
-404.0
-42.0
-15.0
-5.0
-25.0
-1.0
-2.0
-14.0
-254.0
-25.0
-13.5
-19.0
-258.0
-8.050000000000011
-17.0
-24.0
-12.0
-1.0
-11.0
-30.0
-3.0
-112.0
-55.0
-51.0
-2.0
-20.0
-48.0
-18.0
-26.0
-750.0
-643.0
-166.20000000000005
-60.0
-16.0
-35.0
-49.0
-4.0
-15.865000000000009
-11.0
-358.0
-10.0
-2.0
-5.0
-264.0
-17.0
-13.0
-421.0
-174.0
-42.08000000000004
-18.0
-23.0
-17.0
-62.0
-18.0
-48.0
-20.0
-124.0
-235.0
-42.0
-12.0
-24.0
-32.86500000000001
-36.0
-2.0
-1.0
-20.0
-4.0
-416.0
-26.0
-165.0
-51.0
-86.0
-53.0
-353.12
-87.0
-53.91999999999996
-51.0
-80.0
-361.0
-508.0
-41.0
-35.0
-111.0
-47.0
-66.0
-31.86500000000001
-313.0
-671.0
-22.0
-21.0
-6.0
-27.0
-84.0
-21.0
-5.0
-14.0
-75.0
-89.0
-6.0
-37.0
-18.0
-55.0
-29.0
-13.0
-425.0
-31.0
-738.0
-11.0
-326.0
-2.5
-486.0
-21.0
-0.0
-828.0
-13.0
-26.0
-26.0
-119.0
-455.0
-216.0
-202.0
-19.0
-17.0
-4.0
-18.0
-42.879999999999995
-577.0
-34.0
-48.0
-22.0
-1.0
-31.0
-17.0
-7.865000000000009
-2.0
-725.0
-30.0
-14.0
-5.0
-5.5
-28.0
-114.0
-173.0
-20.0
-7.0
-8.0
-384.0
-38.0
-79.0
-4.0
-27.0
-301.0
-54.0
-12.0
-12.0
-10.0
-697.0
-4.134999999999991
-42.0
-7.0
-22.0
-19.0
-521.0
-11.0
-25.0
-13.0
-54.0
-75.12
-78.0
-1.0
-480.0
-34.0
-206.0
-31.0
-3.0
-7.0
-102.0
-440.88
-20.0
-5.0
-45.0
-31.870000000000005
-0.0
-7.0
-6.0
-1.0
-29.0
-833.0
-677.0
-11.0
-44.0
-51.0
-1.0
-20.0
-198.0
-19.0
-549.0
-8.0
-21.0
-69.12
-44.0
-46.0
-11.0
-58.0
-467.0
-309.105
-165.0
-34.0
-7.0
-4.0
-7.0
-2.0
-496.0
-518.0
-37.0
-15.0
-174.0
-72.0
-10.0
-131.0
-110.0
-152.0
-37.0
-4.0
-18.0
-99.0
-19.0
-18.120000000000005
-439.0
-6.105000000000018
-31.0
-21.0
-543.0
-861.0
-8.0
-271.0
-64.0
-9.0
-53.0
-13.0
-242.0
-28.0
-35.0
-763.0
-20.0
-507.0
-16.0
-47.0
-568.0
-203.0
-16.0
-7.0
-9.0
-57.5
-274.0
-8.0
-17.0
-3.0
-31.0
-3.0
-22.0
-47.0
-43.0
-257.0
-23.0
-46.0
-151.0
-4.0
-669.0
-8.0
-34.0
-9.0
-250.0
-11.0
-8.0
-5.0
-3.0
-216.5
-4.0
-28.0
-18.0
-11.0
-23.0
-14.0
-31.0
-151.0
-273.0
-64.0
-15.0
-14.0
-64.88
-28.0
-1.0
-322.0
-90.0
-5.0
-92.0
-9.0
-37.0
-43.0
-1.0
-106.10500000000002
-15.0
-8.0
-34.0
-20.5
-39.0
-25.0
-70.0
-209.0
-314.0
-63.0
-0.0
-661.0
-115.0
-3.0
-718.0
-483.0
-34.91999999999996
-29.0
-29.0
-2.0
-38.0
-49.0
-1.0
-0.9199999999999875
-11.0
-1.0
-11.0
-17.0
-5.0
-13.0
-32.0
-47.0
-41.0
-39.0
-13.0
-70.08000000000004
-36.0
-8.0
-31.0
-22.0
-20.0
-18.0
-31.0
-25.0
-9.0
-1.0
-26.0
-717.605
-363.0
-43.0
-29.0
-5.0
-24.0
-10.0
-30.0
-12.0
-49.0
-39.0
-516.0
-60.0
-67.0
-3.0
-34.0
-2.0
-108.0
-126.0
-3.0
-27.0
-37.0
-4.0
-36.0
-8.870000000000005
-10.0
-22.0
-402.0
-6.0
-23.0
-33.0
-41.0
-242.0
-93.0
-684.0
-83.0
-8.0
-8.120000000000005
-16.0
-41.0
-4.0
-1.0
-43.0
-46.0
-34.0
-37.0
-43.0
-631.0
-12.134999999999991
-576.0
-42.0
-13.0
-123.0
-10.0
-1.0
-7.0
-1.0
-2.0
-216.0
-8.0
-10.0
-20.0
-7.0
-11.0
-12.0
-2.0
-9.0
-22.0
-492.0
-14.0
-5.0
-9.0
-2.5
-87.0
-1.0
-22.120000000000005
-8.0
-24.0
-164.5
-171.5
-425.0
-3.0
-49.0
-40.0
-85.74000000000001
-710.5
-9.5
-184.0
-2.0
-77.0
-61.0
-72.0
-128.0
-57.0
-47.0
-40.0
-57.5
-39.0
-269.0
-54.0
-35.0
-754.0
-182.0
-176.0
-46.0
-277.0
-174.0
-180.0
-369.0
-29.0
-23.0
-214.0
-133.0
-225.0
-65.12
-114.0
-16.0
-169.88
-119.0
-260.0
-225.135
-13.5
-7.0
-24.0
-9.0
-25.0
-6.0
-203.0
-11.0
-386.0
-31.0
-33.0
-1.0
-49.0
-1.0
-71.0
-42.0
-396.0
-25.0
-152.0
-147.0
-28.0
-3.0
-17.0
-0.13999999999998636
-695.0
-4.0
-13.0
-5.0
-19.0
-13.0
-21.0
-148.12
-0.0
-563.0
-63.0
-89.0
-13.0
-180.0
-727.0
-186.0
-155.0
-81.0
-349.88
-59.0
-484.0
-32.0
-30.0
-10.050000000000011
-14.0
-8.0
-784.0
-13.0
-22.0
-25.0
-52.0
-178.36
-50.48000000000002
-51.0
-1.0
-24.32000000000005
-65.67999999999995
-18.67999999999995
-1.0
-115.0
-55.0
-4.0
-36.0
-18.0
-103.0
-15.0
-20.120000000000005
-21.88499999999999
-26.519999999999982
-9.0
-9.0
-15.0
-650.0
-13.0
-46.0
-46.0
-51.0
-94.91999999999996
-57.0
-48.89999999999998
-31.0
-4.0
-2.8799999999999955
-14.0
-97.0
-26.0
-20.0
-24.0
-285.0
-59.0
-5.0
-3.884999999999991
-465.0
-8.0
-32.0
-1.0
-7.0
-18.0
-4.0
-124.0
-16.0
-23.0
-13.0
-0.4800000000000182
-9.5
-715.0
-26.0
-78.0
-29.0
-34.0
-12.5
-41.0
-16.0
-13.5
-4.0
-13.5
-26.0
-7.5
-1.5
-2.0
-494.5
-60.5
-59.5
-110.0
-77.0
-66.0
-59.0
-790.74
-10.5
-0.5
-56.0
-449.0
-425.5
-11.0
-43.5
-28.5
-13.5
-2.5
-25.0
-34.5
-7.0
-22.0
-35.0
-22.0
-3.0
-876.0
-15.0
-127.0
-73.0
-23.0
-101.0
-3.0
-66.0
-282.0
-64.88
-43.0
-4.0
-5.0
-46.0
-315.0
-97.0
-27.0
-51.0
-62.11500000000001
-20.0
-13.0
-21.0
-769.0
-1.0
-19.0
-9.0
-118.0
-42.0
-171.0
-34.0
-35.0
-2.0
-496.0
-25.0
-4.0
-5.8799999999999955
-151.0
-75.0
-48.0
-259.0
-30.0
-15.0
-425.115
-0.0
-45.0
-3.0
-19.0
-366.0
-546.0
-804.0
-123.0
-16.0
-115.0
-712.0
-282.0
-196.0
-213.0
-261.0
-207.0
-218.0
-22.08000000000004
-74.51999999999998
-98.51999999999998
-55.0
-16.0
-47.0
-27.819999999999993
-436.0
-7.0
-12.0
-4.0
-4.0
-3.0
-395.0
-11.0
-79.0
-344.0
-11.0
-754.0
-129.0
-120.0
-166.0
-12.0
-4.8799999999999955
-21.0
-95.0
-23.0
-31.0
-167.0
-5.0
-114.68
-10.0
-229.0
-17.0
-637.0
-26.0
-5.0
-26.0
-16.0
-421.0
-493.0
-2.0
-12.0
-371.0
-10.0
-385.0
-347.0
-349.0
-4.0
-22.0
-4.0
-14.0
-34.0
-26.0
-18.680000000000007
-836.0
-0.0
-2.0
-143.0
-1.0
-17.0
-7.0
-555.0
-2.0
-42.0
-23.0
-85.0
-238.0
-14.0
-243.0
-107.0
-312.0
-53.0
-246.0
-3.0
-17.0
-149.0
-161.0
-159.5
-167.0
-159.5
-163.5
-188.0
-63.0
-2.0
-17.0
-26.0
-13.0
-72.0
-2.0
-60.0
-59.0
-40.0
-135.0
-62.0
-31.0
-38.0
-11.0
-757.0
-22.0
-746.0
-2.0
-13.5
-19.0
-23.0
-13.0
-178.0
-14.0
-35.0
-49.0
-146.0
-273.12
-68.0
-659.0
-10.0
-8.0
-52.0
-14.0
-41.0
-8.919999999999959
-14.0
-100.0
-20.0
-40.0
-42.0
-47.0
-22.180000000000007
-10.0
-13.0
-7.0
-15.0
-1.0
-16.0
-10.0
-27.0
-44.0
-31.0
-21.0
-6.0
-65.0
-27.0
-23.0
-8.0
-16.0
-11.0
-62.0
-31.0
-47.0
-42.0
-19.0
-165.68
-6.0
-21.0
-55.0
-28.0
-8.0
-163.0
-16.0
-692.88
-19.0
-209.0
-11.0
-28.0
-6.0
-448.0
-292.0
-3.0
-8.0
-13.0
-396.0
-6.0
-52.0
-11.0
-5.0
-4.680000000000007
-14.0
-35.0
-15.0
-17.0
-13.0
-676.0
-4.0
-31.0
-17.0
-10.0
-7.080000000000041
-23.0
-77.88
-7.0
-27.0
-32.0
-27.0
-40.0
-365.0
-56.0
-20.0
-507.0
-375.0
-4.319999999999993
-45.0
-28.0
-35.33500000000001
-6.0
-31.0
-41.0
-27.0
-0.0
-44.0
-25.0
-14.0
-388.0
-12.0
-798.0
-39.0
-307.0
-25.0
-570.0
-558.0
-9.0
-104.0
-36.0
-4.0
-166.0
-550.0
-448.0
-46.59
-27.0
-374.0
-2.0
-9.0
-37.0
-35.0
-51.0
-34.0
-16.0
-1.0
-25.0
-12.0
-726.0
-24.0
-16.0
-10.0
-8.0
-10.0
-64.0
-51.0
-17.0
-44.0
-0.0
-22.590000000000003
-2.0
-8.0
-310.0
-778.0
-230.0
-326.0
-72.0
-69.0
-75.0
-14.0
-21.0
-34.0
-407.08000000000004
-1.0
-24.0
-52.0
-0.0
-589.12
-298.0
-5.0
-20.0
-53.0
-0.0
-4.664999999999992
-43.0
-50.0
-21.0
-58.0
-733.0
-679.0
-10.0
-26.0
-8.0
-57.0
-5.0
-35.0
-14.0
-218.08000000000004
-21.0
-36.0
-2.0
-13.0
-351.0
-118.0
-416.0
-419.0
-1.0
-4.664999999999992
-24.5
-326.0
-5.0
-8.0
-21.0
-451.0
-7.0
-622.0
-1.1200000000000045
-35.0
-601.0
-19.0
-65.0
-25.120000000000005
-25.0
-18.0
-32.0
-15.0
-397.0
-25.0
-56.0
-29.0
-1.0
-5.189999999999998
-729.0
-258.0
-9.0
-13.0
-17.0
-25.0
-21.0
-50.0
-178.0
-22.0
-21.0
-405.0
-65.0
-38.0
-28.120000000000005
-456.0
-738.0
-3.0
-117.0
-12.0
-21.19999999999999
-22.0
-18.0
-16.125
-2.0
-5.0
-27.0
-13.0
-13.0
-8.0
-1.0
-55.0
-61.0
-57.0
-21.0
-60.0
-61.0
-37.0
-4.0
-19.0
-225.0
-154.0
-99.0
-51.0
-20.120000000000005
-375.0
-94.0
-17.060000000000002
-32.0
-3.0
-1.0
-31.0
-14.0
-38.0
-24.0
-58.0
-30.0
-83.0
-143.0
-37.0
-43.0
-55.0
-83.0
-100.0
-13.120000000000005
-64.0
-14.0
-2.0
-7.0
-31.0
-18.0
-26.590000000000003
-4.0
-13.0
-40.0
-11.0
-31.0
-78.0
-9.0
-54.0
-42.0
-35.0
-42.0
-14.0
-30.0
-8.0
-368.0
-21.0
-34.0
-14.0
-81.0
-41.0
-51.0
-6.0
-11.0
-721.59
-3.0
-605.0
-172.0
-160.0
-74.0
-175.0
-135.0
-11.0
-27.0
-14.0
-7.0
-92.0
-0.0
-38.0
-25.0
-656.0
-15.0
-36.120000000000005
-64.0
-9.0
-53.0
-65.0
-28.0
-638.09
-519.0
-731.0
-64.0
-96.0
-327.0
-554.0
-9.0
-43.0
-149.0
-260.0
-57.120000000000005
-157.0
-31.120000000000005
-44.0
-33.0
-23.0
-51.0
-19.0
-79.0
-37.0
-365.0
-33.0
-1.0
-1.4300000000000068
-7.0
-21.0
-9.0
-6.0
-14.0
-261.0
-6.0
-23.0
-42.0
-18.0
-30.0
-70.0
-33.0
-7.0
-33.0
-42.0
-27.0
-73.0
-81.0
-13.0
-23.0
-33.0
-13.0
-3.9499999999999886
-19.0
-101.0
-13.0
-462.0
-8.0
-16.0
-8.0
-61.0
-117.0
-10.879999999999995
-57.0
-40.0
-15.0
-194.0
-8.0
-37.0
-3.0
-39.879999999999995
-100.0
-189.0
-103.0
-65.0
-42.0
-19.919999999999987
-30.0
-10.0
-3.0
-33.0
-47.0
-50.0
-12.0
-104.0
-6.0
-9.879999999999995
-196.0
-59.0
-13.0
-37.0
-14.0
-2.0
-55.0
-48.0
-329.0
-28.0
-29.0
-16.0
-256.0
-31.590000000000003
-0.0
-8.0
-6.0
-16.0
-22.0
-13.0
-7.0
-793.0
-47.0
-55.0
-57.0
-66.0
-82.0
-5.0
-3.0
-66.0
-84.12
-55.0
-765.0
-56.0
-671.0
-486.0
-2.0
-33.59
-13.0
-615.0
-27.5
-1.5
-14.0
-36.5
-59.0
-32.0
-36.06
-708.64
-54.80000000000001
-116.51999999999998
-52.48000000000002
-85.48000000000002
-42.51999999999998
-56.48000000000002
-74.48000000000002
-156.0
-23.0
-30.0
-344.0
-61.0
-10.0
-683.59
-26.0
-10.0
-377.0
-15.0
-33.0
-32.0
-251.0
-112.0
-329.0
-29.0
-49.0
-72.0
-78.91999999999996
-31.0
-16.0
-13.0
-14.0
-8.0
-4.0
-13.0
-24.0
-27.0
-41.0
-27.409999999999997
-5.0
-12.0
-12.0
-23.0
-57.0
-3.0
-19.0
-173.0
-6.0
-56.0
-506.08000000000004
-34.0
-49.0
-66.0
-16.0
-50.0
-112.0
-84.0
-81.12
-50.0
-56.0
-27.0
-25.0
-0.4099999999999966
-0.0
-12.0
-28.0
-14.0
-1.0
-10.0
-36.0
-15.0
-151.0
-446.0
-82.0
-95.0
-21.0
-90.0
-6.0
-699.0
-20.0
-179.0
-70.20000000000005
-37.0
-44.0
-19.0
-86.0
-9.590000000000003
-18.0
-6.0
-4.0
-156.0
-589.0
-17.0
-664.0
-41.0
-3.0
-762.0
-174.0
-31.0
-162.0
-32.0
-22.0
-37.0
-6.0
-28.0
-100.0
-3.0
-58.0
-15.0
-109.0
-100.41
-3.0
-3.0
-14.0
-15.0
-6.0
-31.0
-29.0
-289.0
-13.0
-102.12
-807.12
-198.0
-106.0
-162.0
-279.0
-84.0
-86.0
-20.0
-83.0
-42.0
-100.0
-278.0
-22.0
-9.590000000000003
-28.0
-62.0
-3.0
-20.0
-2.0
-17.0
-6.0
-139.0
-34.120000000000005
-19.0
-16.0
-377.0
-424.48
-9.240000000000009
-86.0
-17.0
-514.0
-11.0
-412.0
-4.0
-3.0
-1.0
-756.0
-800.59
-190.0
-4.0
-19.0
-15.0
-1.0
-356.0
-846.0
-25.0
-9.0
-32.0
-47.0
-59.0
-38.0
-15.039999999999992
-34.04000000000002
-34.0
-0.0
-24.0
-24.0
-735.0
-57.0
-71.0
-68.0
-98.59
-72.0
-81.0
-84.0
-86.0
-78.0
-37.0
-12.0
-136.0
-276.0
-104.0
-577.0
-36.0
-45.0
-87.0
-85.0
-65.88
-150.0
-11.0
-265.0
-28.0
-10.0
-7.0
-83.0
-3.4099999999999966
-2.0
-379.0
-15.0
-26.0
-13.0
-84.0
-88.0
-97.0
-40.0
-26.0
-197.0
-64.0
-18.879999999999995
-187.0
-17.0
-8.0
-162.0
-29.0
-227.12
-16.0
-21.0
-39.0
-37.0
-3.4099999999999966
-24.0
-14.0
-36.0
-12.0
-4.0
-391.0
-8.0
-57.0
-25.0
-25.0
-21.0
-15.0
-33.039999999999964
-128.96000000000004
-34.0
-24.0
-11.0
-411.0
-39.0
-151.0
-66.0
-50.0
-10.0
-9.590000000000003
-17.0
-15.0
-2.0
-7.0
-246.0
-23.0
-23.0
-586.0
-8.0
-32.0
-462.0
-41.0
-40.0
-778.12
-54.0
-26.0
-7.1200000000000045
-289.0
-54.879999999999995
-56.0
-18.0
-6.0
-4.0
-3.4099999999999966
-38.0
-168.0
-31.0
-14.0
-8.0
-17.0
-6.0
-187.0
-527.0
-9.0
-7.0
-262.0
-665.0
-13.0
-3.0
-6.919999999999959
-37.879999999999995
-73.0
-4.0
-60.120000000000005
-66.0
-274.0
-10.0
-44.41
-98.0
-6.0
-285.0
-181.0
-9.0
-22.0
-14.0
-1.0
-3.0
-43.0
-215.0
-88.0
-555.0
-75.0
-93.0
-70.0
-80.0
-216.0
-43.0
-822.0
-10.0
-3.0
-237.0
-80.59
-25.0
-45.0
-55.0
-771.0
-61.0
-65.0
-70.0
-92.0
-54.0
-44.0
-38.0
-44.0
-4.0
-150.0
-29.0
-2.0
-0.0
-529.0
-23.5
-22.0
-8.0
-6.0
-2.0
-22.590000000000003
-13.0
-7.0
-2.0
-1.0
-4.0
-33.0
-15.0
-58.0
-7.0
-38.0
-4.0
-156.96
-9.0
-11.0
-4.0
-6.0
-25.0
-15.0
-8.5
-23.0
-9.0
-11.0
-14.0
-47.59
-18.0
-14.0
-8.0
-39.0
-199.0
-17.0
-23.0
-189.0
-3.0
-65.0
-806.0
-757.0
-789.0
-394.0
-52.0
-54.0
-25.08000000000004
-37.0
-53.0
-9.0
-33.0
-16.0
-529.0
-0.4099999999999966
-8.0
-482.0
-26.0
-18.0
-22.0
-14.0
-549.0
-206.0
-79.84000000000003
-36.039999999999964
-35.84000000000003
-57.84000000000003
-12.840000000000032
-72.84000000000003
-2.2799999999999727
-257.64
-63.639999999999986
-42.639999999999986
-79.63999999999999
-4.360000000000014
-24.360000000000014
-45.639999999999986
-247.0
-24.409999999999997
-108.0
-26.0
-5.0
-36.5
-80.5
-675.0
-32.0
-24.0
-397.0
-17.0
-95.0
-125.0
-3.0
-133.0
-21.0
-75.0
-25.0
-3.0
-184.0
-169.0
-21.0
-62.0
-10.0
-9.409999999999997
-31.0
-22.0
-56.0
-34.0
-119.0
-1.0
-3.0
-24.0
-80.88
-71.12
-0.08000000000004093
-25.879999999999995
-26.120000000000005
-6.1200000000000045
-3.5599999999999454
-10.440000000000055
-1.0
-67.0
-63.0
-80.0
-32.0
-457.0
-48.0
-9.590000000000003
-114.0
-9.0
-29.0
-3.0
-19.0
-46.0
-51.0
-135.0
-697.0
-51.0
-83.0
-5.0
-9.0
-45.0
-48.0
-7.0
-46.0
-51.03999999999999
-19.5
-16.0
-14.0
-7.0
-12.0
-14.120000000000005
-820.0
-10.0
-26.0
-45.0
-44.0
-41.0
-104.0
-179.0
-25.0
-13.0
-57.0
-374.0
-376.0
-56.0
-12.0
-3.0
-3.0
-69.0
-243.0
-2.0
-19.0
-21.0
-23.0
-4.085000000000008
-605.0
-637.0
-1.0
-8.0
-213.0
-107.0
-638.0
-107.0
-32.879999999999995
-656.16
-55.15999999999997
-68.27999999999997
-38.15999999999997
-24.159999999999968
-70.15999999999997
-91.0
-277.0
-7.0
-46.0
-62.0
-43.0
-41.0
-5.0
-10.899999999999977
-18.0
-10.0
-1.0
-36.0
-11.0
-22.0
-671.0
-226.0
-79.0
-17.120000000000005
-323.11
-357.0
-53.0
-40.0
-19.0
-36.0
-385.0
-7.0
-3.0
-70.0
-37.0
-59.120000000000005
-30.0
-24.810000000000002
-19.0
-10.0
-10.0
-252.0
-33.0
-5.0
-2.0
-25.0
-442.0
-564.0
-245.0
-287.0
-228.0
-286.0
-230.0
-207.0
-120.0
-43.0
-15.0
-227.0
-512.0
-91.0
-391.0
-8.810000000000002
-27.0
-5.5
-4.5
-269.0
-36.0
-6.0
-823.0
-53.0
-31.120000000000005
-23.0
-17.0
-44.0
-41.0
-132.0
-3.919999999999959
-21.0
-27.0
-40.0
-400.0
-67.0
-39.0
-62.0
-579.0
-36.72
-11.0
-11.0
-1.0
-32.0
-3.0
-6.0
-33.0
-21.0
-66.0
-24.0
-409.0
-92.0
-602.0
-49.0
-9.0
-7.0
-23.314999999999998
-9.0
-3.0
-715.0
-18.0
-727.0
-3.0
-14.0
-35.0
-157.0
-98.0
-189.0
-11.0
-38.0
-25.0
-117.0
-102.0
-18.0
-152.0
-26.0
-0.0
-55.0
-46.0
-4.0
-65.315
-28.0
-847.0
-727.0
-27.0
-43.0
-883.0
-600.0
-49.0
-41.0
-42.0
-84.0
-39.0
-69.0
-61.0
-67.0
-30.0
-127.0
-159.0
-251.0
-20.0
-8.0
-139.0
-16.0
-32.099999999999994
-69.0
-63.0
-455.0
-853.0
-62.0
-257.0
-260.0
-248.0
-66.0
-27.0
-173.0
-50.0
-29.0
-77.0
-13.0
-1.0
-874.0
-31.0
-35.0
-25.5
-30.0
-765.0
-41.0
-35.099999999999994
-653.0
-52.0
-375.0
-636.0
-38.0
-289.0
-117.0
-119.0
-878.0
-707.0
-49.0
-55.0
-37.0
-210.0
-24.0
-27.0
-4.0
-6.0
-8.0
-14.0
-13.0
-37.0
-50.0
-56.150000000000006
-32.0
-60.0
-69.0
-50.0
-123.0
-35.0
-422.0
-73.0
-237.0
-93.0
-136.0
-210.0
-59.0
-6.0
-4.0
-2.0
-13.0
-480.0
-180.0
-17.0
-99.0
-470.0
-456.0
-65.315
-1.0
-2.0
-5.0
-6.960000000000008
-18.0
-29.0
-22.0
-115.0
-23.0
-18.0
-22.0
-1.0
-12.0
-510.0
-509.0
-88.0
-105.0
-60.0
-34.0
-114.04000000000002
-1.9599999999999795
-666.0
-50.0
-65.315
-13.0
-5.0
-11.0
-3.0
-18.0
-607.0
-17.0
-85.0
-218.0
-20.0
-681.56
-25.559999999999945
-40.559999999999945
-80.55999999999995
-74.79999999999995
-61.15999999999997
-51.32000000000005
-56.91999999999996
-156.08000000000004
-245.44
-91.56
-286.68
-2.0
-344.685
-3.0
-2.0
-19.5
-727.0
-9.5
-10.5
-20.0
-124.27999999999997
-97.72000000000003
-3.7200000000000273
-27.279999999999973
-96.03999999999996
-2.9600000000000364
-54.039999999999964
-29.039999999999964
-21.039999999999964
-11.960000000000036
-44.0
-13.0
-48.0
-33.0
-171.0
-41.0
-164.685
-5.5
-2.0
-9.5
-832.0
-125.5
-5.0
-92.0
-60.0
-18.0
-14.0
-93.0
-153.0
-27.0
-548.24
-547.24
-529.24
-519.24
-140.96000000000004
-14.04000000000002
-36.0
-6.0
-64.0
-10.0
-11.314999999999998
-18.0
-9.0
-390.0
-813.0
-374.0
-20.0
-12.0
-65.0
-147.0
-32.0
-236.0
-28.0
-113.67999999999995
-62.67999999999995
-492.32000000000005
-576.0
-534.0
-28.0
-43.31999999999999
-25.680000000000007
-1.3199999999999932
-97.0
-29.0
-21.314999999999998
-7.5
-16.5
-704.5
-662.0
-10.0
-23.0
-25.980000000000047
-20.0
-8.0
-8.5
-72.5
-54.0
-79.0
-73.0
-17.5
-172.0
-36.19999999999999
-165.0
-193.0
-193.0
-211.5
-204.5
-105.5
-94.62
-801.5
-11.5
-482.5
-29.0
-64.0
-77.0
-68.96000000000001
-109.0
-433.0
-19.5
-42.0
-58.0
-88.0
-47.0
-163.0
-759.0
-35.0
-45.0
-17.0
-17.0
-10.0
-26.0
-5.0
-17.620000000000005
-320.65999999999997
-165.0
-21.0
-2.0
-88.0
-5.0
-80.0
-23.0
-290.0
-124.0
-15.0
-104.0
-100.0
-86.51999999999998
-92.51999999999998
-74.0
-44.0
-443.0
-7.0
-17.0
-1.0
-3.0
-54.0
-42.315
-55.68000000000001
-29.680000000000007
-71.68
-26.72
-104.68
-50.68000000000001
-26.19999999999999
-182.2
-6.67999999999995
-154.67999999999995
-98.67999999999995
-120.32000000000005
-76.32000000000005
-157.67999999999995
-34.32000000000005
-428.67999999999995
-532.68
-323.67999999999995
-286.32
-44.68000000000001
-293.32
-20.680000000000007
-29.680000000000007
-10.629999999999995
-42.44
-58.44
-65.44
-379.56
-56.44
-165.44
-93.44
-6.439999999999998
-113.55999999999995
-138.55999999999995
-95.55999999999995
-438.44000000000005
-113.55999999999995
-147.55999999999995
-52.559999999999945
-68.55999999999995
-83.55999999999995
-96.55999999999995
-47.56
-88.56
-29.439999999999998
-20.439999999999998
-0.5600000000000023
-34.75999999999999
-17.0
-60.0
-20.0
-4.0
-760.0
-5.0
-12.0
-120.0
-241.0
-284.0
-143.0
-79.0
-108.0
-126.0
-126.0
-159.0
-145.0
-45.0
-23.0
-19.0
-26.0
-79.0
-29.0
-4.680000000000007
-23.5
-810.0
-32.0
-40.0
-620.0
-580.0
-22.0
-40.0
-49.0
-14.519999999999982
-594.52
-53.0
-1.0
-8.559999999999945
-58.559999999999945
-8.559999999999945
-28.559999999999945
-44.559999999999945
-82.56
-271.56
-14.560000000000002
-67.15999999999997
-410.0
-27.319999999999993
-18.5
-134.5
-6.5
-34.0
-28.0
-47.0
-798.48
-144.0
-677.0
-81.0
-61.0
-47.0
-10.0
-45.0
-37.0
-47.0
-45.0
-307.0
-18.0
-31.0
-715.0
-6.0
-5.0
-179.62
-13.5
-267.5
-8.5
-40.0
-34.0
-436.0
-41.48000000000005
-47.0
-22.0
-147.0
-53.0
-39.5
-1.5
-333.5
-51.5
-27.5
-33.5
-16.5
-342.0
-72.0
-3.0
-7.0
-5.0
-30.620000000000005
-5.5
-40.0
-224.0
-37.5
-52.5
-31.5
-31.0
-55.72000000000003
-245.68
-26.32000000000005
-40.67999999999995
-140.32000000000005
-201.32000000000005
-168.32000000000005
-97.32000000000005
-151.32000000000005
-537.68
-77.32000000000005
-69.32
-10.680000000000007
-27.680000000000007
-51.31999999999999
-15.680000000000007
-432.68
-8.5
-18.0
-7.0
-20.5
-3.5
-652.5
-29.0
-117.51999999999998
-12.519999999999982
-41.48000000000002
-72.48000000000002
-160.51999999999998
-80.51999999999998
-198.48000000000002
-68.48000000000002
-83.48000000000002
-90.48000000000002
-249.51999999999998
-114.48000000000002
-47.48000000000002
-37.51999999999998
-33.48000000000002
-5.840000000000003
-80.68
-16.5
-15.0
-15.0
-17.5
-24.5
-13.5
-13.0
-180.0
-333.0
-8.0
-65.0
-1.0
-95.0
-47.0
-76.0
-55.0
-85.0
-42.0
-217.0
-19.0
-156.0
-561.0
-4.0
-44.31999999999999
-22.0
-16.0
-18.0
-13.0
-4.0
-27.0
-81.0
-23.0
-2.0
-28.0
-73.0
-198.0
-100.0
-23.0
-47.0
-160.0
-11.0
-528.0
-102.0
-296.0
-54.0
-637.0
-18.0
-20.680000000000007
-1.0
-1.0
-16.0
-801.0
-15.0
-23.0
-152.0
-94.0
-72.0
-20.0
-21.0
-112.0
-5.0
-52.0
-77.44000000000005
-152.44000000000005
-118.0
-37.0
-182.0
-235.0
-20.0
-32.0
-208.0
-26.120000000000005
-34.0
-9.0
-14.0
-26.0
-15.0
-23.0
-7.0
-4.0
-5.0
-329.0
-7.0
-1.0
-60.0
-20.0
-24.0
-53.0
-67.0
-16.0
-25.0
-55.0
-54.0
-8.0
-15.0
-759.62
-2.0
-9.0
-532.0
-27.0
-710.0
-52.0
-38.0
-518.0
-23.0
-148.0
-187.0
-13.0
-46.0
-551.0
-70.0
-454.0
-201.0
-6.0
-21.0
-8.0
-1.0
-841.0
-42.0
-16.090000000000003
-2.0
-3.0
-9.0
-18.0
-858.0
-247.0
-49.0
-194.0
-113.0
-32.0
-36.0
-29.0
-31.0
-51.0
-39.0
-31.0
-2.0
-11.0
-31.0
-29.0
-28.0
-58.0
-14.0
-137.59
-36.0
-41.0
-30.0
-69.0
-648.0
-4.0
-12.0
-28.0
-59.0
-455.0
-15.0
-63.0
-726.0
-163.0
-61.0
-46.0
-579.0
-16.0
-22.0
-35.0
-11.0
-17.0
-28.0
-45.59
-2.0
-419.0
-19.0
-12.0
-6.0
-87.0
-79.0
-36.0
-43.0
-79.0
-14.0
-18.0
-42.0
-60.0
-62.0
-30.0
-30.0
-331.0
-18.0
-26.0
-316.0
-33.0
-67.0
-7.939999999999998
-10.0
-25.0
-19.0
-255.0
-478.0
-9.0
-15.0
-48.0
-57.0
-44.0
-14.0
-16.0
-5.0
-12.0
-10.0
-38.0
-403.0
-26.0
-311.0
-6.0
-82.0
-4.0
-13.0
-31.38499999999999
-436.0
-0.0
-5.0
-5.0
-18.0
-4.0
-42.0
-16.0
-362.0
-80.0
-46.0
-15.0
-21.0
-418.0
-275.0
-70.0
-526.0
-22.0
-73.0
-28.0
-91.0
-56.0
-692.0
-21.38499999999999
-37.0
-33.0
-113.0
-31.0
-5.0
-371.0
-99.0
-256.0
-10.0
-78.0
-4.0
-1.4399999999999977
-51.44
-21.0
-23.0
-46.0
-17.0
-8.0
-2.0
-1.0
-786.0
-6.0
-228.0
-19.085000000000008
-19.0
-3.0
-269.0
-17.0
-28.0
-58.0
-695.0
-52.0
-8.0
-409.0
-13.0
-23.0
-9.0
-58.5
-10.519999999999982
-1.0
-18.0
-53.0
-17.0
-14.0
-31.0
-37.0
-23.0
-51.08500000000001
-34.0
-4.0
-12.0
-26.0
-37.0
-30.0
-5.0
-110.0
-117.0
-119.0
-161.44000000000005
-757.56
-40.0
-52.0
-63.0
-20.0
-110.0
-35.0
-81.0
-47.0
-7.0
-86.0
-10.0
-10.615000000000009
-13.0
-81.0
-81.0
-74.0
-92.0
-27.0
-665.0
-145.0
-39.0
-526.0
-112.0
-19.0
-24.440000000000055
-230.55999999999995
-294.0
-39.0
-28.0
-327.0
-393.0
-567.0
-284.0
-27.0
-14.0
-185.615
-18.0
-9.0
-828.0
-19.0
-41.0
-856.0
-12.0
-11.0
-13.0
-64.0
-26.0
-29.0
-46.0
-5.0
-30.0
-55.0
-9.0
-109.0
-56.0
-39.0
-1.0
-21.0
-803.0
-237.615
-3.0
-8.0
-826.0
-6.0
-14.0
-15.0
-14.0
-17.0
-4.0
-73.0
-17.0
-125.0
-38.0
-22.0
-3.0
-10.0
-45.0
-410.0
-48.0
-47.0
-163.0
-2.0
-12.0
-21.38499999999999
-7.0
-19.0
-8.0
-134.0
-65.0
-44.0
-551.0
-447.0
-45.0
-38.0
-62.0
-207.03999999999996
-92.03999999999996
-17.039999999999964
-3.0399999999999636
-10.960000000000036
-440.96000000000004
-34.960000000000036
-206.04000000000002
-66.95999999999998
-6.9599999999999795
-15.5
-92.5
-33.38499999999999
-853.0
-11.824999999999989
-27.319999999999993
-56.0
-29.32499999999999
-23.819999999999993
-23.319999999999993
-89.5
-49.5
-1.039999999999992
-52.95999999999998
-26.0
-20.0
-531.0
-17.0
-36.0
-55.0
-2.0
-14.0
-16.0
-19.0
-403.0
-36.0
-28.085000000000008
-5.0
-31.349999999999994
-52.360000000000014
-33.0
-70.35
-69.36000000000001
-181.36
-9.5
-41.5
-480.52
-28.980000000000018
-17.5
-52.0
-93.0
-13.0
-28.0
-11.0
-21.0
-608.0
-14.0
-27.0
-354.0
-7.0
-17.080000000000013
-34.96000000000001
-32.0
-12.0
-67.0
-170.0
-93.0
-42.0
-20.0
-391.0
-12.0
-6.0
-24.0
-34.0
-21.0
-39.0
-21.0
-12.0
-340.0
-7.0
-24.0
-30.0
-1.0
-138.0
-92.38499999999999
-766.48
-43.0
-21.0
-803.0
-21.0
-67.0
-510.0
-127.0
-337.0
-371.0
-74.0
-52.0
-8.0
-81.0
-68.0
-100.38499999999999
-23.0
-27.0
-28.0
-21.0
-15.0
-2.0
-30.0
-206.0
-381.0
-19.0
-235.0
-61.56
-30.439999999999998
-32.0
-41.0
-64.0
-35.0
-91.0
-11.0
-53.0
-35.0
-1.0
-17.0
-14.085000000000008
-0.0
-12.0
-14.0
-13.0
-2.0
-45.0
-38.0
-34.0
-18.0
-169.0
-12.0
-23.0
-34.0
-3.5
-4.519999999999982
-729.0
-24.0
-63.0
-66.0
-9.0
-8.0
-6.0
-2.0
-8.085000000000008
-0.0
-6.0
-77.0
-5.0
-24.0
-30.0
-29.0
-108.0
-160.0
-566.0
-120.44000000000005
-69.55999999999995
-3.0
-121.0
-665.0
-601.0
-134.0
-131.0
-379.0
-57.0
-25.0
-10.0
-37.0
-13.615000000000009
-13.0
-23.0
-30.0
-37.0
-28.0
-8.0
-36.0
-665.0
-39.0
-75.0
-132.0
-52.0
-25.440000000000055
-167.55999999999995
-67.0
-63.0
-74.0
-11.0
-25.0
-88.0
-52.0
-8.0
-38.0
-29.38499999999999
-21.0
-38.0
-4.0
-22.0
-44.0
-19.0
-12.0
-5.0
-178.0
-3.0
-55.0
-681.0
-2.0
-43.0
-51.0
-75.0
-9.0
-29.0
-76.0
-21.0
-26.0
-1.0
-37.0
-21.38499999999999
-3.0
-221.0
-3.0
-20.0
-373.0
-46.0
-2.0
-17.0
-4.0
-36.0
-66.0
-150.0
-14.0
-70.0
-51.0
-58.0
-333.0
-24.0
-48.0
-9.0
-203.0
-2.0
-12.0
-16.38499999999999
-24.0
-36.0
-684.0
-17.0
-41.0
-54.0
-49.0
-12.0
-39.0
-15.0
-7.0
-125.03999999999996
-67.03999999999996
-7.960000000000036
-208.03999999999996
-21.039999999999964
-34.039999999999964
-49.039999999999964
-37.04000000000002
-12.04000000000002
-42.04000000000002
-796.5
-692.5
-59.61500000000001
-341.0
-141.175
-146.68
-22.0
-4.675000000000011
-10.180000000000007
-8.680000000000007
-67.5
-34.5
-1.039999999999992
-16.04000000000002
-45.0
-51.0
-36.0
-17.0
-38.0
-495.0
-23.0
-14.0
-36.0
-19.0
-3.0
-36.0
-28.085000000000008
-187.0
-25.349999999999994
-14.360000000000014
-17.0
-78.35
-113.36000000000001
-79.36000000000001
-34.5
-534.5
-53.48000000000002
-56.98000000000002
-55.5
-40.0
-20.0
-52.0
-23.0
-6.0
-11.0
-19.0
-15.0
-730.0
-36.0
-7.0
-22.080000000000013
-27.960000000000008
-660.0
-3.0
-11.0
-6.0
-626.0
-413.0
-32.0
-298.0
-570.0
-6.0
-371.0
-3.0
-21.0
-39.0
-21.0
-12.0
-158.0
-7.0
-116.0
-39.0
-24.0
-6.0
-104.61500000000001
-23.47999999999999
-780.0
-839.0
-25.0
-7.0
-28.0
-465.0
-123.0
-371.0
-47.0
-48.0
-33.0
-16.0
-18.0
-214.0
-41.0
-126.0
-31.0
-20.0
-38.0
-21.0
-404.0
-39.0
-21.38499999999999
-0.0
-22.0
-6.0
-21.0
-1.0
-427.0
-43.0
-2.0
-30.0
-184.0
-246.0
-22.0
-15.0
-8.0
-35.0
-55.0
-21.0
-104.0
-71.0
-34.0
-14.0
-22.0
-1.0
-21.38499999999999
-489.0
-399.0
-10.0
-13.0
-5.0
-708.0
-793.0
-12.0
-43.0
-60.0
-21.0
-51.0
-0.0
-8.0
-8.0
-43.0
-114.0
-336.0
-231.0
-49.0
-10.0
-666.0
-38.0
-467.615
-13.0
-23.0
-17.0
-19.0
-12.0
-17.0
-2.0
-21.0
-10.0
-16.0
-242.0
-56.0
-40.0
-245.0
-85.0
-74.0
-87.0
-57.0
-64.0
-474.0
-5.0
-225.0
-1.0
-21.38499999999999
-2.0
-51.0
-626.0
-2.0
-9.0
-6.0
-8.0
-55.0
-6.0
-20.0
-561.0
-4.0
-60.0
-64.0
-101.0
-682.28
-80.72000000000003
-23.19999999999999
-271.8
-17.5
-2.0
-808.0
-268.0
-14.610000000000014
-11.0
-16.0
-10.0
-482.0
-2.0
-3.0
-198.0
-33.0
-9.0
-43.0
-99.44
-45.44
-28.439999999999998
-56.56
-69.44
-47.44
-54.44
-24.0
-36.0
-47.0
-27.0
-12.0
-89.0
-608.61
-8.0
-8.0
-6.0
-13.0
-17.0
-6.0
-22.0
-75.0
-75.0
-61.0
-117.0
-91.0
-263.0
-228.0
-27.0
-10.0
-15.0
-3.0
-5.0
-41.0
-681.0
-20.0
-790.0
-5.615000000000009
-69.0
-60.0
-55.0
-77.0
-5.0
-65.0
-73.5
-12.519999999999982
-337.0
-314.0
-200.0
-597.0
-70.0
-596.0
-148.0
-316.0
-319.0
-166.0
-1.0
-22.0
-642.0
-6.0
-12.0
-759.615
-5.0
-7.0
-16.0
-67.0
-17.0
-0.0
-9.0
-185.0
-3.0
-308.0
-16.0
-51.0
-32.0
-7.0
-604.0
-75.0
-93.0
-159.0
-222.0
-108.0
-52.0
-11.0
-4.0
-32.38499999999999
-194.07999999999998
-233.07999999999998
-45.079999999999984
-203.07999999999998
-203.07999999999998
-121.07999999999998
-510.92
-102.07999999999998
-230.91999999999996
-11.840000000000032
-385.15999999999997
-355.91999999999996
-163.91999999999996
-421.91999999999996
-586.0
-46.15999999999997
-460.15999999999997
-373.0
-245.0
-159.0
-90.0
-18.0
-6.0
-53.38499999999999
-57.0
-10.0
-67.0
-96.0
-66.0
-755.0
-64.0
-59.0
-14.0
-11.0
-22.0
-53.0
-533.0
-88.0
-103.0
-507.0
-5.0
-9.0
-72.0
-4.0
-130.0
-11.0
-17.0
-21.38499999999999
-2.0
-4.0
-825.0
-25.0
-40.0
-4.0
-0.0
-98.0
-26.0
-114.0
-56.0
-8.0
-62.0
-5.0
-13.0
-24.0
-24.0
-19.0
-81.0
-46.0
-510.0
-24.0
-5.0
-2.6100000000000136
-21.0
-2.0
-23.0
-23.0
-28.0
-25.0
-31.0
-64.5
-168.5
-111.0
-8.0
-1.0
-3.0
-5.0
-20.0
-3.0
-1.0
-400.0
-272.0
-507.0
-53.0
-29.0
-14.0
-3.6100000000000136
-6.0
-23.0
-8.0
-4.0
-0.0
-24.0
-802.0
-23.0
-97.0
-133.0
-18.0
-126.0
-22.0
-248.0
-37.0
-10.0
-10.0
-159.0
-137.0
-229.0
-63.0
-28.0
-25.0
-81.38499999999999
-814.0
-32.0
-27.0
-41.0
-22.0
-46.0
-47.0
-21.0
-44.0
-31.0
-32.0
-2.0
-39.0
-11.0
-32.0
-14.0
-42.0
-13.0
-19.0
-63.0
-156.0
-2.0
-14.0
-20.38499999999999
-29.5
-577.5
-7.0
-3.5
-7.5
-4.0
-4.0
-209.0
-4.0
-4.0
-17.0
-0.0
-122.0
-96.0
-585.0
-60.91999999999996
-40.91999999999996
-256.0
-14.0
-13.0
-6.0
-341.0
-4.0
-15.615000000000009
-14.5
-28.0
-2.0
-568.0
-294.0
-43.0
-14.0
-21.0
-25.0
-30.0
-84.0
-5.0
-6.0
-170.0
-116.0
-84.0
-467.0
-52.0
-68.0
-14.0
-5.0
-22.0
-56.0
-390.615
-424.5
-13.0
-15.0
-757.0
-734.0
-4.0
-16.0
-23.0
-94.0
-41.0
-79.0
-78.0
-11.0
-7.0
-39.0
-53.0
-30.0
-142.0
-83.0
-609.0
-28.0
-14.0
-51.0
-45.38499999999999
-535.0
-35.0
-19.0
-22.0
-17.0
-3.0
-30.0
-66.0
-5.0
-25.0
-130.0
-474.0
-8.0
-67.0
-766.0
-452.0
-38.0
-11.0
-1.0
-97.0
-84.0
-328.0
-9.0
-273.14
-13.0
-78.0
-8.0
-236.0
-4.0
-2.0
-33.0
-526.0
-304.0
-30.0
-25.0
-31.0
-25.0
-18.0
-41.0
-48.0
-644.0
-12.0
-1.0
-13.0
-624.0
-58.0
-3.0
-17.879999999999995
-9.0
-5.0
-14.0
-20.0
-6.0
-6.5
-3.0
-104.0
-148.0
-15.0
-31.0
-133.0
-0.0
-94.0
-22.0
-14.0
-36.0
-52.0
-15.0
-21.0
-22.0
-13.0
-4.0
-5.384999999999991
-534.0
-3.0
-50.0
-14.5
-28.0
-6.0
-8.0
-23.0
-4.0
-40.0
-25.0
-17.0
-17.0
-69.0
-479.0
-392.0
-60.0
-357.0
-65.0
-71.0
-48.0
-727.0
-31.0
-5.384999999999991
-67.0
-6.0
-105.0
-23.0
-2.0
-3.0
-1.0
-527.0
-7.0
-192.0
-55.0
-1.0
-10.0
-17.0
-64.0
-11.0
-71.0
-53.0
-19.0
-40.0
-6.0
-4.0
-13.0
-272.615
-755.0
-1.0
-41.0
-11.0
-82.0
-31.0
-36.0
-123.0
-16.0
-22.0
-123.0
-32.0
-43.0
-50.0
-22.0
-21.0
-565.0
-60.0
-21.0
-27.0
-7.0
-415.0
-263.0
-32.829999999999984
-26.0
-29.0
-624.0
-33.0
-20.0
-217.0
-37.0
-104.0
-522.0
-292.0
-688.0
-91.0
-10.0
-124.0
-3.0
-363.0
-8.0
-165.0
-60.0
-149.0
-59.0
-45.0
-564.0
-16.155
-8.0
-47.0
-32.0
-13.0
-220.0
-2.0
-48.0
-35.0
-16.0
-32.0
-3.0
-8.0
-75.0
-4.0
-29.0
-86.0
-84.0
-46.0
-638.0
-87.0
-51.0
-766.0
-463.0
-24.11500000000001
-10.0
-2.0
-14.0
-15.0
-1.0
-12.0
-13.0
-854.0
-15.0
-10.0
-18.0
-18.0
-67.0
-471.0
-35.0
-20.0
-24.0
-19.0
-748.0
-39.0
-60.0
-500.0
-10.0
-25.11500000000001
-192.0
-170.0
-10.0
-20.0
-2.0
-28.0
-10.0
-80.0
-91.0
-23.0
-391.0
-14.0
-26.0
-28.0
-56.0
-10.0
-25.480000000000018
-88.48000000000002
-54.0
-2.0
-49.0
-33.0
-46.0
-31.155
-50.0
-17.0
-55.0
-78.0
-47.0
-80.0
-730.0
-54.0
-50.0
-271.0
-102.0
-15.0
-19.0
-49.0
-7.0
-599.0
-13.0
-89.0
-43.0
-36.0
-19.0
-19.0
-10.0
-0.8449999999999989
-7.0
-19.0
-10.0
-27.0
-27.0
-2.5
-20.0
-657.0
-23.0
-22.0
-39.0
-15.0
-90.0
-523.0
-35.0
-42.0
-29.0
-111.0
-39.0
-13.0
-4.0
-2.0
-38.0
-26.845
-253.0
-13.0
-5.0
-3.0
-502.0
-10.0
-18.0
-61.0
-332.0
-1.0
-46.0
-40.0
-48.0
-406.0
-178.0
-45.0
-1.0
-133.0
-232.0
-15.0
-610.0
-44.0
-25.0
-26.845
-5.0
-16.0
-2.0
-15.0
-26.0
-9.0
-15.0
-15.0
-14.0
-24.0
-244.0
-19.0
-12.0
-22.0
-700.0
-7.0
-30.0
-81.43
-43.0
-5.0
-22.0
-7.0
-489.0
-144.0
-43.0
-111.04000000000002
-217.96000000000004
-65.0
-675.0
-645.0
-791.0
-45.0
-74.0
-57.0
-730.0
-14.0
-126.0
-119.0
-14.0
-150.0
-515.0
-777.5699999999999
-420.0
-0.0
-371.0
-3.0
-11.0
-19.0
-509.0
-78.0
-289.0
-42.0
-15.0
-60.0
-13.0
-55.0
-26.0
-15.0
-490.0
-3.0
-15.0
-390.0
-20.0
-44.0
-14.0
-5.430000000000007
-3.0
-821.0
-1.0
-5.0
-5.0
-668.0
-5.0
-118.0
-26.0
-57.56
-25.560000000000002
-80.0
-182.0
-47.0
-62.0
-137.0
-63.0
-59.0
-416.0
-32.0
-26.0
-52.0
-38.0
-26.939999999999998
-33.0
-27.0
-789.0
-22.0
-37.0
-34.0
-59.0
-169.0
-3.0
-102.0
-433.0
-114.0
-439.0
-113.0
-287.0
-422.0
-207.0
-122.0
-41.0
-41.0
-814.0
-5.0
-24.0
-73.94
-782.0
-25.0
-25.0
-227.0
-45.0
-15.0
-10.0
-134.0
-124.0
-149.0
-85.0
-619.0
-79.0
-92.0
-90.0
-357.0
-59.0
-116.0
-228.0
-5.0
-20.0
-12.0
-23.0
-48.56999999999999
-18.0
-244.0
-2.0
-0.0
-2.0
-22.0
-5.0
-23.0
-253.0
-23.0
-43.0
-65.0
-20.0
-30.0
-39.0
-34.0
-118.0
-88.0
-25.0
-55.0
-7.0
-129.0
-12.0
-5.430000000000007
-17.0
-3.0
-6.0
-17.0
-12.0
-11.0
-20.0
-20.0
-45.0
-67.0
-41.0
-130.0
-8.0
-71.0
-95.0
-64.0
-58.0
-45.0
-108.0
-20.0
-2.0
-16.0
-30.0
-826.5699999999999
-8.0
-5.0
-5.0
-5.0
-12.0
-13.0
-24.0
-22.0
-27.0
-17.0
-82.0
-76.0
-545.0
-261.0
-10.0
-47.0
-7.0
-32.0
-135.0
-33.0
-5.0
-181.0
-6.0
-26.569999999999993
-511.0
-29.0
-20.0
-837.0
-24.0
-8.0
-412.0
-28.0
-13.0
-34.0
-80.0
-63.0
-22.0
-288.0
-46.0
-42.0
-90.0
-124.0
-186.0
-607.0
-91.0
-22.0
-4.0
-5.430000000000007
-8.0
-4.0
-1.0
-17.0
-6.0
-2.0
-229.0
-62.0
-756.0
-193.0
-394.0
-195.0
-85.0
-61.0
-62.0
-134.0
-106.0
-687.0
-49.0
-679.0
-584.0
-420.0
-4.0
-27.060000000000002
-1.0
-854.0
-8.0
-420.0
-21.0
-386.0
-3.0
-20.0
-15.0
-131.56
-23.439999999999998
-16.0
-7.0
-13.0
-56.0
-124.0
-137.0
-52.0
-80.0
-26.0
-9.0
-334.0
-2.0
-664.06
-6.0
-22.0
-1.0
-165.0
-9.0
-2.0
-34.0
-53.0
-48.0
-214.0
-14.0
-4.0
-63.0
-11.0
-165.0
-50.0
-124.0
-195.0
-6.0
-236.0
-117.0
-26.0
-22.0
-11.430000000000007
-10.0
-24.0
-377.0
-25.0
-17.0
-42.0
-86.0
-4.0
-41.0
-50.0
-31.0
-9.0
-241.0
-49.0
-12.0
-463.0
-3.0
-366.0
-13.0
-24.0
-58.0
-18.0
-223.0
-5.430000000000007
-42.0
-19.0
-25.0
-6.0
-33.0
-17.0
-47.0
-1.0
-36.0
-42.0
-80.0
-35.0
-9.0
-98.0
-112.0
-18.0
-26.0
-42.0
-21.0
-26.0
-138.0
-23.0
-26.0
-32.43000000000001
-379.0
-4.0
-63.0
-13.0
-347.0
-30.0
-25.0
-108.0
-2.0
-12.039999999999964
-116.96000000000004
-269.0
-420.0
-59.0
-93.0
-81.0
-114.0
-213.0
-55.0
-116.0
-57.0
-31.0
-5.0
-515.5699999999999
-8.0
-2.0
-20.0
-140.0
-21.0
-46.0
-74.0
-98.0
-340.0
-44.0
-224.0
-109.0
-107.0
-143.0
-155.0
-153.0
-240.0
-148.0
-11.0
-126.0
-7.0
-1.0
-84.0
-50.43000000000001
-6.0
-18.0
-11.0
-27.0
-20.0
-31.0
-145.0
-116.0
-535.0
-181.0
-303.0
-138.0
-118.0
-40.0
-17.0
-101.0
-74.0
-32.0
-424.0
-31.0
-25.0
-15.0
-14.0
-50.43000000000001
-255.0
-35.0
-46.0
-39.0
-484.0
-93.0
-436.0
-20.0
-70.0
-62.0
-62.0
-66.0
-48.0
-64.0
-59.0
-24.0
-26.0
-33.0
-4.0
-15.0
-865.0
-779.0
-20.0
-33.94
-31.439999999999998
-14.439999999999998
-14.0
-378.0
-19.0
-23.0
-29.0
-30.0
-33.400000000000006
-32.400000000000006
-26.0
-65.0
-76.0
-265.0
-27.0
-88.0
-68.0
-701.0
-21.0
-87.0
-763.0
-26.0
-158.0
-15.830000000000013
-11.0
-37.0
-10.0
-26.0
-18.0
-9.0
-205.0
-34.0
-17.0
-20.0
-64.0
-55.0
-43.0
-39.0
-854.96
-63.96000000000001
-13.0
-2.0
-18.0
-10.0
-74.0
-11.0
-21.0
-8.189999999999998
-26.0
-6.0
-57.0
-189.0
-5.0
-8.0
-32.0
-22.0
-183.0
-5.0
-32.0
-889.0
-21.0
-30.0
-608.0
-44.0
-34.0
-49.0
-41.0
-37.0
-34.0
-43.0
-34.0
-154.19
-43.0
-21.0
-3.0
-20.0
-20.0
-18.0
-28.0
-21.0
-29.0
-17.0
-27.0
-47.0
-16.5
-10.0
-22.0
-11.0
-22.0
-56.0
-439.0
-16.0
-12.0
-13.0
-13.0
-30.879999999999995
-19.0
-23.0
-3.0
-31.0
-5.0
-23.0
-21.0
-97.0
-36.0
-9.0
-30.0
-27.0
-596.0
-110.0
-12.280000000000001
-41.0
-181.0
-129.0
-124.0
-34.0
-18.0
-14.0
-14.0
-188.11
-22.0
-6.0
-710.0
-10.0
-36.44
-17.439999999999998
-450.0
-21.0
-88.0
-18.0
-36.0
-20.0
-25.0
-34.0
-314.72
-761.0
-36.0
-25.0
-32.0
-235.0
-27.0
-344.0
-29.0
-264.15
-30.0
-16.0
-18.0
-11.0
-37.0
-34.96000000000001
-26.960000000000008
-85.0
-114.0
-92.0
-192.0
-188.0
-188.0
-297.0
-305.0
-277.0
-151.48000000000002
-220.48000000000002
-25.0
-72.56
-20.0
-167.0
-28.5
-12.430000000000007
-11.0
-6.0
-1.0
-3.5
-57.0
-24.0
-15.47999999999999
-345.48
-430.0
-81.0
-56.0
-11.0
-8.0
-3.0
-78.0
-99.0
-637.0
-81.0
-96.0
-609.0
-10.0
-24.0
-7.0
-20.430000000000007
-22.0
-16.0
-4.0
-3.0
-12.0
-19.0
-91.0
-219.0
-414.0
-76.08000000000004
-26.08000000000004
-6.0
-48.0
-145.0
-143.0
-139.0
-51.0
-17.0
-86.0
-9.0
-48.0
-717.0
-307.0
-11.430000000000007
-18.0
-2.0
-14.0
-13.0
-577.0
-11.0
-29.0
-371.08
-144.08000000000004
-3.159999999999968
-0.8400000000000318
-8.840000000000032
-10.159999999999968
-23.159999999999968
-59.0
-6.759999999999991
-460.76
-125.75999999999999
-17.75999999999999
-30.80000000000001
-21.19999999999999
-45.24000000000001
-85.5
-638.5699999999999
-19.5
-0.5
-14.0
-2.5
-20.5
-29.0
-18.0
-3.0
-41.0
-9.0
-571.0
-20.0
-66.0
-5.0
-6.0
-43.0
-23.0
-216.0
-525.0
-387.0
-70.0
-14.0
-49.0
-5.430000000000007
-15.0
-33.0
-13.0
-30.0
-9.0
-7.0
-97.0
-3.0
-21.0
-93.0
-5.0
-19.0
-62.0
-9.0
-23.0
-711.0
-19.0
-41.0
-40.44
-138.56
-35.0
-31.0
-4.0
-6.430000000000007
-18.0
-40.0
-12.0
-31.0
-20.0
-233.0
-152.0
-179.0
-1.0
-5.0
-0.0
-6.0
-18.0
-3.0
-3.5600000000000023
-61.0
-52.0
-6.0
-22.0
-21.0
-351.0
-797.0
-54.0
-9.340000000000003
-50.5
-562.5
-575.0
-50.0
-63.5
-55.0
-26.0
-34.0
-5.0
-70.0
-44.0
-4.0
-51.0
-20.0
-62.0
-37.0
-45.0
-79.0
-48.0
-34.0
-37.0
-47.0
-37.0
-256.65999999999997
-55.0
-10.0
-360.0
-43.0
-20.5
-11.0
-382.0
-51.0
-49.0
-280.0
-71.0
-123.0
-0.0
-61.0
-45.0
-32.0
-39.0
-24.0
-36.0
-103.0
-10.0
-603.0
-31.0
-508.57
-27.0
-36.0
-24.0
-19.0
-43.0
-330.0
-8.0
-192.0
-57.0
-61.0
-73.0
-43.0
-7.0
-81.0
-43.0
-9.0
-34.0
-40.0
-487.0
-27.0
-68.0
-694.0
-7.0
-22.569999999999993
-84.0
-847.0
-745.0
-5.0
-171.0
-2.0
-20.0
-19.0
-105.0
-7.0
-71.0
-2.0
-17.0
-13.0
-6.0
-13.0
-9.0
-64.0
-22.0
-32.0
-52.0
-20.0
-20.0
-308.57
-4.5
-5.0
-117.0
-416.5
-31.0
-284.0
-21.5
-35.51999999999998
-5.509999999999991
-203.0
-23.0
-45.0
-212.0
-43.0
-19.0
-132.0
-13.0
-68.0
-16.0
-548.0
-58.0
-32.0
-497.0
-12.430000000000007
-4.5
-15.0
-12.0
-663.0
-15.0
-23.0
-4.0
-452.0
-81.0
-62.039999999999964
-52.039999999999964
-89.0
-17.0
-814.0
-16.0
-43.0
-33.0
-22.0
-138.0
-26.0
-21.0
-51.0
-7.0
-32.43000000000001
-9.5
-17.0
-270.0
-1.0
-17.0
-73.5
-26.5
-163.0
-9.0
-52.0
-313.0
-61.0
-22.0
-420.0
-69.0
-68.0
-35.0
-26.0
-8.0
-16.0
-4.0
-280.0
-56.0
-250.66
-388.5
-26.0
-29.0
-21.0
-57.0
-70.0
-41.5
-56.0
-32.0
-74.0
-24.0
-58.0
-34.0
-79.0
-21.519999999999982
-116.51999999999998
-5.0
-21.0
-464.0
-30.0
-18.0
-44.0
-37.0
-39.66
-23.0
-52.0
-488.0
-291.0
-28.0
-4.0
-53.0
-21.0
-376.0
-99.0
-27.0
-42.0
-28.0
-17.0
-20.0
-2.0
-28.0
-177.0
-187.0
-44.0
-30.0
-1.0
-26.0
-20.569999999999993
-47.0
-7.0
-5.0
-0.0
-52.0
-329.0
-756.0
-149.0
-80.0
-747.0
-27.0
-54.0
-53.0
-10.0
-4.0
-3.0
-25.0
-448.0
-9.0
-43.0
-28.0
-27.0
-39.0
-12.430000000000007
-10.0
-16.0
-2.0
-19.0
-6.0
-33.0
-5.0
-152.0
-290.0
-15.0
-6.0
-32.0
-377.13
-14.0
-7.5
-23.0
-89.0
-81.0
-95.0
-374.0
-85.0
-102.0
-74.0
-49.0
-41.0
-99.0
-790.5
-36.0
-11.0
-11.0
-14.5
-25.5
-24.5
-869.5
-1.8000000000000114
-17.5
-31.610000000000014
-23.0
-17.5
-3.0
-0.8000000000000114
-5.0
-12.5
-16.80000000000001
-86.19999999999999
-228.2
-259.20000000000005
-8.0
-292.0
-212.0
-384.0
-33.0
-21.0
-606.0
-123.0
-317.0
-40.0
-569.0
-73.0
-3.0
-31.060000000000002
-104.0
-26.0
-22.0
-42.0
-35.0
-321.0
-39.0
-93.0
-18.32000000000005
-33.67999999999995
-154.0
-68.0
-562.0
-110.0
-14.0
-24.0
-593.0
-26.0
-74.0
-225.0
-62.0
-2.0
-612.0
-54.06
-30.0
-627.0
-19.0
-8.0
-822.0
-18.0
-292.0
-3.0
-47.0
-61.0
-59.0
-36.0
-504.0
-19.0
-4.0
-102.0
-6.0
-161.0
-6.0
-472.0
-13.0
-26.0
-11.0
-6.060000000000002
-177.0
-45.0
-10.0
-33.0
-8.5
-1.0
-17.0
-19.560000000000002
-295.56
-72.48000000000002
-122.48000000000002
-56.48000000000002
-104.84000000000003
-47.84000000000003
-81.84000000000003
-98.48000000000002
-100.51999999999998
-136.67999999999995
-216.68
-55.0
-47.0
-623.0
-30.0
-54.06
-35.0
-1.0
-36.16
-19.5
-19.159999999999997
-13.159999999999997
-14.159999999999997
-92.16
-601.0
-268.0
-7.0
-33.0
-20.0
-88.0
-72.0
-36.0
-37.0
-29.0
-21.0
-3.0
-13.0
-6.0
-7.0
-17.090000000000003
-26.0
-8.0
-14.0
-23.0
-1.0
-3.5200000000000102
-11.47999999999999
-22.0
-4.680000000000007
-64.11500000000001
-23.38499999999999
-30.38499999999999
-787.5
-32.879999999999995
-14.919999999999987
-66.5
-44.0
-54.0
-54.0
-29.5
-75.0
-1.0
-4.5
-19.10000000000005
-13.47999999999999
-4.52000000000001
-13.52000000000001
-14.52000000000001
-544.0
-517.0
-27.0
-120.0
-279.0
-84.0
-588.0
-244.0
-91.0
-69.0
-127.0
-65.0
-429.0
-46.0
-20.0
-27.0
-64.0
-16.0
-28.0
-72.06
-11.0
-2.0
-14.0
-14.0
-5.0
-12.0
-394.0
-26.0
-96.0
-446.0
-15.0
-116.0
-63.0
-52.0
-394.0
-63.0
-43.0
-36.0
-11.0
-580.0
-82.0
-498.0
-38.0
-31.060000000000002
-2.0
-707.0
-24.0
-92.0
-36.0
-1.0
-53.0
-24.0
-90.0
-79.0
-244.0
-657.0
-200.0
-37.0
-44.0
-135.0
-115.0
-88.0
-15.0
-690.48
-38.48000000000002
-69.0
-757.0
-14.060000000000002
-9.0
-14.0
-34.0
-664.0
-607.0
-38.0
-22.0
-22.0
-51.0
-47.0
-576.0
-653.0
-136.0
-11.0
-25.0
-51.0
-70.0
-11.0
-267.0
-10.0
-20.0
-1.0
-40.0
-848.12
-30.0
-39.0
-7.0
-46.0
-6.0
-18.0
-8.0
-37.0
-57.0
-373.0
-37.0
-185.0
-6.0
-442.0
-10.0
-18.0
-3.0
-79.0
-36.0
-4.0
-29.0
-443.0
-17.0
-16.60000000000005
-830.86
-18.0
-16.5
-865.5
-12.5
-30.74000000000001
-76.24000000000001
-103.5
-36.16
-13.22999999999999
-413.77
-633.77
-12.5
-55.75999999999999
-35.839999999999975
-4.5
-25.0
-4.0
-31.0
-6.0
-42.0
-8.0
-35.5
-15.100000000000051
-21.72
-4.0
-0.0
-456.0
-13.0
-25.0
-44.0
-77.0
-30.0
-6.0
-472.0
-38.0
-30.0
-665.0
-29.0
-21.0
-278.0
-29.0
-34.0
-9.0
-13.0
-24.0
-26.0
-8.899999999999949
-8.240000000000009
-81.0
-8.0
-19.0
-23.0
-12.0
-20.0
-76.0
-230.0
-538.0
-39.0
-74.0
-221.0
-53.0
-59.0
-62.0
-250.0
-8.0
-417.0
-645.0
-100.0
-3.0
-157.0
-41.60000000000005
-48.0
-479.0
-31.0
-32.0
-826.0
-23.0
-11.0
-37.0
-265.0
-267.0
-88.0
-82.0
-99.0
-78.0
-68.0
-155.0
-54.0
-33.0
-12.0
-639.0
-532.0
-18.0
-19.0
-30.39999999999995
-12.0
-43.0
-19.0
-36.0
-821.0
-283.0
-6.0
-764.0
-459.0
-43.0
-33.0
-32.0
-131.0
-478.0
-465.0
-65.0
-482.0
-12.0
-38.0
-60.0
-38.0
-569.0
-10.0
-38.60000000000005
-345.0
-21.0
-3.0
-66.0
-589.0
-10.0
-850.0
-40.0
-15.0
-23.0
-61.0
-617.0
-22.0
-28.0
-18.0
-2.0
-12.0
-224.0
-12.0
-6.0
-23.0
-11.0
-29.0
-24.60000000000005
-39.0
-56.0
-45.0
-58.0
-9.0
-464.0
-864.0
-43.0
-11.0
-66.0
-61.0
-68.0
-125.0
-20.0
-85.0
-281.0
-232.0
-107.0
-7.0
-38.0
-19.0
-80.0
-21.0
-5.600000000000051
-13.0
-11.0
-12.0
-845.0
-3.0
-43.0
-56.0
-355.0
-12.0
-68.0
-18.0
-36.0
-2.0
-6.0
-29.0
-59.0
-30.0
-27.0
-14.0
-48.0
-25.0
-37.0
-3.0
-19.10000000000005
-8.0
-39.0
-32.0
-39.0
-29.0
-37.0
-43.0
-77.0
-28.0
-32.0
-12.0
-17.0
-5.0
-16.0
-25.0
-21.0
-46.0
-14.0
-33.0
-22.0
-30.0
-49.0
-38.0
-11.899999999999949
-28.0
-38.0
-27.0
-51.0
-29.0
-293.0
-46.0
-693.0
-101.0
-66.0
-33.0
-473.0
-169.0
-21.0
-301.0
-29.0
-15.0
-10.0
-9.0
-43.0
-93.0
-49.0
-81.0
-118.60000000000005
-6.0
-214.0
-8.0
-24.0
-20.0
-538.0
-48.0
-39.0
-126.0
-60.0
-454.0
-187.0
-251.0
-25.0
-24.0
-68.0
-135.0
-2.0
-10.0
-51.0
-16.0
-538.0
-48.0
-392.6
-13.0
-8.0
-134.0
-4.0
-178.0
-30.0
-7.0
-68.0
-2.0
-0.0
-23.0
-90.0
-156.0
-107.0
-165.0
-10.0
-8.0
-19.0
-15.0
-107.0
-6.0
-14.0
-19.0
-70.60000000000005
-63.0
-74.0
-66.0
-71.0
-538.0
-85.0
-54.0
-374.0
-0.0
-139.0
-476.0
-195.0
-116.0
-513.0
-24.0
-37.0
-92.0
-45.0
-441.0
-71.0
-8.0
-6.0
-16.0
-15.600000000000051
-8.0
-0.0
-414.0
-7.0
-6.0
-3.0
-30.0
-14.0
-28.0
-15.0
-184.0
-608.0
-111.0
-58.0
-55.0
-28.0
-62.0
-54.0
-16.0
-69.0
-31.0
-91.0
-11.0
-107.60000000000005
-272.0
-99.0
-114.0
-111.0
-24.0
-35.0
-62.0
-153.0
-21.0
-23.0
-96.0
-6.0
-12.0
-28.0
-17.0
-117.0
-1.0
-790.0
-48.0
-52.0
-63.0
-47.0
-64.0
-82.11000000000001
-590.0
-83.0
-69.0
-73.0
-80.0
-33.0
-76.0
-11.0
-52.0
-97.0
-10.0
-25.0
-442.0
-29.0
-22.0
-7.0
-12.0
-29.0
-29.0
-790.0
-63.0
-49.5
-359.0
-74.13
-55.5
-80.5
-76.0
-19.0
-8.0
-4.0
-6.0
-10.0
-9.0
-30.0
-611.0
-179.0
-87.0
-102.0
-31.0
-18.0
-25.0
-34.0
-52.0
-49.0
-45.0
-444.0
-4.0
-4.8799999999999955
-25.5
-24.5
-19.0
-11.0
-18.5
-533.5
-32.5
-19.319999999999993
-197.68
-169.32000000000005
-179.32000000000005
-113.0
-205.0
-280.0
-274.0
-37.0
-33.0
-144.0
-288.0
-97.0
-8.0
-467.0
-189.0
-15.600000000000051
-6.0
-19.0
-1.0
-1.0
-642.0
-6.5
-10.0
-314.0
-102.0
-8.0
-447.0
-43.0
-548.0
-1.0
-14.0
-21.0
-134.0
-1.0
-11.0
-563.0
-389.0
-69.0
-60.0
-49.60000000000005
-22.0
-28.0
-31.0
-409.0
-7.0
-21.5
-34.0
-39.0
-0.0
-88.0
-82.0
-32.0
-132.0
-336.0
-48.0
-42.0
-20.0
-6.0
-207.0
-0.0
-21.0
-25.0
-104.0
-15.600000000000051
-27.0
-12.0
-754.0
-24.0
-475.0
-7.0
-19.0
-83.0
-145.0
-33.0
-114.0
-45.0
-46.0
-181.0
-28.0
-26.0
-24.0
-11.0
-6.0
-379.0
-1.0
-36.0
-3.0
-21.080000000000013
-7.0
-33.0
-25.0
-32.0
-8.0
-5.0
-44.0
-8.0
-682.0
-49.0
-30.0
-10.0
-421.0
-358.0
-97.0
-57.0
-64.0
-46.0
-41.0
-279.0
-31.0
-10.0
-446.0
-19.069999999999993
-24.0
-7.0
-13.0
-9.0
-1.0
-5.0
-395.0
-108.0
-60.0
-63.0
-69.0
-17.0
-67.0
-301.0
-53.0
-72.0
-50.0
-2.0
-39.0
-22.0
-4.0
-2.0
-13.0
-1.615000000000009
-50.0
-30.0
-28.0
-884.0
-9.0
-10.0
-18.0
-115.0
-344.0
-17.0
-10.0
-308.0
-68.0
-63.0
-34.0
-33.0
-564.0
-47.0
-0.0
-25.0
-39.0
-31.0
-7.0
-34.03999999999999
-10.0
-7.0
-25.0
-127.0
-34.0
-10.0
-20.0
-93.0
-11.0
-30.0
-199.0
-82.0
-191.0
-23.0
-4.0
-8.0
-173.0
-190.0
-5.0
-513.0
-18.0
-36.0
-16.0
-622.04
-23.0
-8.0
-26.0
-21.0
-16.0
-833.0
-28.0
-140.0
-190.0
-389.0
-166.0
-10.0
-33.0
-179.0
-44.0
-101.0
-38.0
-197.0
-57.0
-50.0
-8.0
-233.0
-66.0
-10.039999999999992
-22.0
-6.0
-13.0
-18.0
-792.5
-18.639999999999986
-39.5
-140.36
-60.639999999999986
-38.0
-490.6
-100.60000000000002
-56.39999999999998
-9.600000000000023
-8.600000000000023
-8.0
-20.480000000000018
-4.480000000000018
-10.0
-58.0
-267.0
-39.0
-10.0
-3.039999999999992
-10.0
-1.0
-21.0
-11.0
-38.0
-8.0
-33.0
-49.0
-33.0
-449.0
-19.0
-436.0
-53.0
-23.0
-19.0
-79.0
-9.0
-20.0
-47.0
-10.0
-22.0
-352.0
-8.0
-10.039999999999992
-28.0
-3.0
-12.0
-2.0
-1.0
-31.0
-73.0
-117.0
-80.0
-46.5
-46.0
-50.0
-39.0
-29.5
-30.5
-9.5
-3.5
-27.0
-36.0
-54.0
-52.0
-65.0
-73.0
-78.61500000000001
-70.1
-58.0
-13.0
-8.0
-9.0
-3.0
-2.4799999999999898
-204.5
-128.0
-54.0
-23.0
-44.0
-15.0
-13.409999999999997
-2.0
-11.0
-565.0
-49.0
-69.0
-52.0
-38.0
-153.0
-71.0
-133.0
-153.0
-232.0
-137.08000000000004
-169.0
-154.0
-147.0
-123.0
-10.0
-439.0
-31.0
-62.0
-31.0
-1.0
-26.409999999999997
-26.0
-1.0
-1.0
-12.0
-18.0
-48.0
-22.0
-89.0
-6.0
-4.0
-19.91999999999996
-12.0
-46.0
-47.0
-24.0
-171.0
-26.0
-95.0
-25.879999999999995
-67.0
-23.0
-52.0
-22.0
-116.41
-30.0
-481.0
-2.0
-55.0
-14.0
-139.0
-15.0
-56.0
-16.0
-37.0
-42.0
-33.0
-52.0
-120.0
-116.0
-1.0
-22.0
-142.0
-40.799999999999955
-78.0
-77.0
-0.0
-1.0
-19.409999999999997
-9.0
-9.0
-667.0
-5.0
-25.0
-23.0
-6.0
-43.0
-3.0
-63.0
-5.0
-27.0
-26.0
-77.0
-611.0
-36.0
-276.0
-61.0
-123.0
-488.0
-71.0
-196.0
-685.0
-15.409999999999997
-16.0
-11.0
-5.0
-34.0
-2.0
-66.0
-5.0
-49.0
-13.0
-64.88
-475.12
-45.0
-15.0
-93.0
-75.0
-36.0
-38.0
-509.0
-42.0
-122.0
-283.0
-43.0
-3.0
-201.59
-17.0
-694.0
-20.0
-526.0
-19.0
-57.0
-412.0
-160.0
-7.1200000000000045
-81.0
-2.0
-45.0
-33.51999999999998
-18.24000000000001
-57.0
-1.0
-11.0
-5.0
-112.0
-147.0
-28.0
-27.0
-15.0
-302.59000000000003
-37.0
-62.0
-66.0
-32.0
-49.0
-22.0
-45.0
-80.0
-469.0
-3.0
-18.0
-32.0
-436.0
-1.039999999999992
-201.95999999999998
-28.0
-217.0
-8.0
-8.0
-3.0
-193.0
-10.0
-13.0
-17.590000000000003
-16.0
-13.0
-10.0
-75.0
-44.0
-9.0
-16.0
-42.0
-258.0
-162.0
-48.0
-73.0
-76.0
-68.0
-104.0
-123.12
-351.0
-144.0
-112.0
-5.0
-45.0
-91.0
-8.0
-8.409999999999997
-424.0
-3.0
-39.0
-2.0
-9.0
-25.0
-4.0
-17.0
-40.0
-91.0
-354.0
-94.0
-18.879999999999995
-27.0
-23.0
-29.0
-21.0
-27.0
-68.12
-17.0
-13.0
-109.0
-133.0
-19.409999999999997
-851.0
-37.0
-4.0
-731.0
-2.0
-17.0
-724.0
-57.0
-25.0
-17.0
-33.0
-72.0
-54.960000000000036
-20.039999999999964
-6.0
-16.0
-52.0
-98.0
-96.0
-6.0
-32.0
-39.0
-25.0
-7.409999999999997
-11.0
-17.0
-7.0
-163.0
-11.0
-48.0
-34.0
-490.0
-8.0
-15.0
-8.0
-88.0
-38.0
-21.120000000000005
-46.0
-40.0
-50.120000000000005
-23.0
-0.12000000000000455
-101.0
-304.0
-139.0
-8.0
-749.59
-32.0
-677.0
-25.0
-9.0
-33.0
-40.0
-31.0
-391.0
-76.0
-49.0
-28.0
-39.0
-2.0
-31.0
-38.0
-28.08000000000004
-90.12
-82.0
-35.0
-103.88
-6.0
-700.0
-15.0
-7.409999999999997
-14.0
-220.0
-22.0
-564.0
-17.0
-1.0
-14.0
-93.0
-73.0
-19.0
-58.0
-16.0
-17.0
-563.0
-55.0
-32.0
-42.0
-4.0
-550.0
-1.0
-7.0
-52.0
-2.0
-340.59000000000003
-218.0
-718.0
-36.0
-39.0
-30.0
-18.0
-10.0
-14.0
-26.0
-437.0
-392.0
-64.0
-17.0
-7.0
-5.0
-36.0
-56.0
-71.0
-27.5
-27.0
-3.0
-11.0
-34.0
-13.409999999999997
-64.0
-44.0
-430.0
-31.0
-36.0
-65.0
-47.0
-68.0
-5.0
-292.0
-22.0
-38.03999999999999
-17.0
-15.0
-6.0
-4.0
-1.0
-13.0
-209.5
-40.0
-41.0
-21.0
-799.0
-1.5900000000000034
-39.0
-19.0
-12.0
-2.0
-33.0
-48.0
-17.0
-168.0
-470.0
-127.0
-58.0
-206.0
-402.0
-503.0
-82.0
-84.0
-44.91999999999996
-86.0
-43.0
-52.0
-195.0
-106.0
-376.0
-1.4099999999999966
-18.0
-398.0
-7.0
-1.0
-3.0
-9.0
-652.0
-374.0
-85.84000000000003
-18.960000000000036
-3.840000000000032
-25.840000000000032
-12.840000000000032
-742.84
-45.27999999999997
-14.360000000000014
-26.360000000000014
-12.639999999999986
-16.360000000000014
-50.639999999999986
-10.360000000000014
-86.63999999999999
-24.0
-43.41
-4.0
-6.0
-28.0
-10.5
-20.5
-33.0
-60.0
-585.0
-67.0
-192.0
-92.0
-708.0
-189.0
-276.0
-226.0
-27.0
-23.0
-39.0
-17.0
-65.0
-97.0
-24.0
-15.0
-1.4099999999999966
-39.0
-8.0
-42.0
-10.0
-87.0
-3.0
-581.0
-161.0
-80.88
-16.879999999999995
-3.919999999999959
-21.879999999999995
-74.12
-299.88
-51.559999999999945
-58.440000000000055
-22.0
-31.0
-33.0
-47.0
-10.0
-25.0
-57.0
-73.41
-47.0
-8.0
-28.0
-46.0
-14.0
-21.0
-153.0
-283.0
-628.0
-36.0
-10.0
-3.0
-72.0
-13.0
-8.0
-76.0
-64.0
-69.03999999999999
-75.5
-72.0
-26.0
-42.0
-68.0
-414.12
-252.0
-56.0
-56.0
-38.0
-38.0
-42.0
-252.0
-89.0
-15.0
-39.0
-36.0
-20.0
-276.0
-10.0
-18.0
-398.0
-417.0
-13.0
-27.0
-12.0
-29.0
-20.0
-12.0
-15.085000000000008
-5.0
-13.0
-10.0
-3.0
-12.0
-18.0
-12.0
-83.0
-18.879999999999995
-114.15999999999997
-222.15999999999997
-39.27999999999997
-74.15999999999997
-132.15999999999997
-14.159999999999968
-501.0
-53.0
-9.0
-242.0
-33.0
-114.0
-68.0
-110.0
-52.89999999999998
-416.0
-20.0
-484.0
-29.0
-3.0
-2.0
-4.0
-117.0
-153.0
-26.120000000000005
-45.110000000000014
-326.0
-336.0
-104.0
-35.0
-52.0
-462.0
-43.0
-390.0
-215.0
-14.0
-112.12
-161.0
-6.810000000000002
-410.0
-34.0
-38.0
-25.0
-17.0
-223.0
-775.0
-64.0
-237.0
-18.0
-45.0
-435.0
-67.0
-125.0
-69.0
-449.0
-74.0
-335.0
-169.0
-42.0
-29.0
-92.0
-50.0
-25.810000000000002
-12.0
-17.5
-16.5
-3.0
-7.0
-22.0
-25.0
-74.0
-31.120000000000005
-38.0
-34.0
-40.0
-41.0
-23.0
-7.080000000000041
-20.0
-117.0
-4.0
-208.0
-46.0
-26.0
-18.0
-30.0
-8.719999999999999
-12.0
-12.0
-16.0
-48.0
-257.0
-743.0
-9.0
-93.0
-156.0
-49.0
-55.0
-438.0
-16.0
-41.0
-73.0
-56.879999999999995
-404.0
-103.0
-43.0
-4.0
-30.0
-48.0
-17.0
-1.6399999999999864
-7.0
-1.0
-2.5
-390.0
-7.0
-17.0
-7.0
-42.0
-753.0
-52.0
-141.0
-71.0
-67.0
-42.0
-337.0
-69.0
-496.0
-67.0
-9.0
-56.0
-89.0
-59.0
-55.0
-478.08500000000004
-25.0
-63.0
-63.0
-66.0
-359.0
-48.0
-36.0
-14.0
-186.0
-68.0
-468.0
-95.0
-66.0
-29.0
-44.0
-61.0
-49.0
-39.0
-0.0
-5.0
-76.0
-67.0
-60.0
-386.08500000000004
-136.0
-32.0
-45.0
-80.0
-41.0
-44.0
-1.0
-116.0
-1.0
-229.0
-15.0
-32.0
-23.480000000000018
-3.480000000000018
-26.879999999999995
-18.0
-23.480000000000018
-122.51999999999998
-133.44000000000005
-38.44
-54.56
-33.75999999999999
-7.0
-1.6399999999999864
-6.0
-12.5
-28.5
-17.5
-8.0
-237.5
-41.599999999999994
-53.39999999999998
-8.600000000000023
-22.399999999999977
-406.6
-72.0
-16.0
-58.0
-50.0
-49.0
-55.0
-95.0
-125.0
-569.0
-55.0
-4.0
-9.0
-19.639999999999986
-21.0
-3.0
-16.0
-759.0
-37.0
-14.0
-21.0
-15.0
-19.0
-77.0
-24.0
-60.0
-21.879999999999995
-53.0
-36.0
-661.08
-67.0
-77.12
-38.39999999999998
-30.399999999999977
-575.0
-718.0
-28.0
-19.639999999999986
-29.0
-11.0
-31.0
-6.0
-212.0
-27.0
-756.0
-165.0
-38.0
-11.0
-36.0
-37.0
-412.0
-6.0
-45.0
-63.0
-6.0
-194.0
-57.0
-22.0
-156.0
-65.0
-9.0
-338.64
-17.0
-28.0
-16.0
-8.0
-45.0
-24.0
-50.0
-50.0
-226.0
-9.0
-42.0
-43.120000000000005
-22.0
-139.0
-63.0
-46.0
-11.0
-75.0
-62.0
-62.0
-6.0
-45.0
-22.0
-24.360000000000014
-59.0
-9.0
-7.0
-15.0
-22.0
-5.0
-32.0
-575.0
-42.0
-28.0
-21.0
-29.0
-25.0
-20.0
-4.0
-7.0
-14.0
-11.0
-1.0
-172.0
-11.0
-47.0
-6.0
-34.08500000000001
-14.0
-657.0
-25.0
-650.0
-7.0
-274.0
-8.0
-58.0
-12.0
-5.0
-28.0
-59.0
-7.0
-789.0
-17.0
-97.0
-24.0
-9.0
-28.0
-742.0
-720.0
-1.0
-17.0
-15.085000000000008
-165.0
-14.0
-9.0
-0.0
-28.0
-9.0
-14.0
-141.0
-217.0
-227.0
-39.0
-86.0
-42.120000000000005
-300.0
-46.0
-345.0
-21.0
-21.0
-57.0
-39.0
-80.0
-80.0
-176.0
-336.64
-51.0
-28.0
-42.0
-22.0
-276.0
-14.0
-30.0
-300.0
-356.0
-100.0
-261.12
-748.0
-16.0
-506.12
-120.0
-585.0
-209.0
-156.0
-26.0
-98.88
-142.0
-228.0
-28.0
-19.639999999999986
-36.0
-2.0
-19.0
-26.0
-25.0
-27.0
-6.0
-42.0
-190.0
-145.0
-265.0
-67.0
-277.0
-12.0
-21.0
-23.0
-267.0
-340.0
-44.91999999999996
-43.0
-114.0
-102.0
-55.0
-1.6399999999999864
-15.0
-19.0
-1.0
-13.0
-26.0
-654.0
-24.0
-393.0
-66.0
-105.0
-26.0
-63.0
-67.08000000000004
-54.0
-163.0
-347.0
-343.0
-196.0
-329.0
-373.88
-67.0
-3.0
-4.0
-68.0
-2.0
-1.0
-28.0
-651.0
-425.0
-12.0
-15.0
-33.0
-17.0
-49.0
-32.0
-38.0
-80.0
-257.08000000000004
-87.0
-694.0
-4.0
-32.0
-191.0
-553.0
-113.0
-221.0
-17.0
-50.97000000000003
-22.0
-6.0
-8.0
-2.0
-27.0
-27.0
-254.0
-120.0
-403.0
-1.0
-4.0
-18.0
-8.0
-39.0
-33.0
-73.0
-118.0
-6.0
-14.0
-17.0
-372.0
-70.0
-90.0
-34.08500000000001
-117.0
-213.0
-33.0
-8.0
-11.0
-26.0
-24.0
-46.0
-16.0
-37.0
-10.0
-106.0
-27.0
-46.5
-15.0
-830.0
-19.0
-12.0
-57.0
-59.0
-11.0
-22.0
-120.0
-61.0
-8.0
-94.0
-20.0
-734.0
-48.0
-201.0
-61.0
-47.0
-48.0
-47.0
-36.095
-7.3799999999999955
-7.0
-14.0
-8.0
-6.0
-432.0
-33.0
-7.0
-65.0
-119.0
-18.0
-647.24
-47.0
-39.0
-42.0
-40.15999999999997
-109.0
-33.0
-81.0
-78.0
-696.88
-12.0
-25.0
-30.905
-74.62
-31.0
-6.0
-0.5
-5.0
-67.0
-9.0
-34.0
-34.0
-31.0
-44.0
-116.0
-4.0
-847.0
-35.0
-36.0
-80.0
-41.0
-29.0
-36.0
-72.0
-42.0
-23.0
-7.905000000000001
-37.0
-15.0
-22.0
-27.0
-45.0
-32.0
-2.0
-193.0
-43.0
-33.0
-211.0
-212.0
-210.0
-48.0
-117.0
-52.0
-2.0
-4.0
-112.0
-99.0
-92.0
-91.0
-68.0
-44.91499999999999
-61.0
-0.0
-24.0
-11.0
-1.0
-21.0
-23.0
-21.0
-19.0
-19.0
-37.0
-33.0
-594.0
-65.0
-413.0
-41.0
-67.0
-27.0
-15.0
-53.0
-630.0
-217.0
-47.0
-16.914999999999992
-36.0
-36.0
-37.0
-38.0
-55.0
-23.0
-42.0
-53.0
-349.0
-3.0
-454.0
-101.0
-47.0
-59.120000000000005
-35.0
-19.0
-29.0
-246.0
-285.0
-120.0
-18.0
-73.12
-30.0
-39.905
-23.0
-3.0
-14.0
-29.0
-1.0
-9.0
-23.0
-700.0
-22.0
-94.0
-62.0
-108.0
-296.0
-49.0
-44.120000000000005
-87.0
-83.0
-86.0
-42.0
-89.0
-53.0
-49.0
-6.0
-52.905
-24.0
-43.0
-39.0
-30.0
-40.0
-32.0
-683.0
-23.0
-10.0
-113.0
-37.0
-96.51999999999998
-56.51999999999998
-100.0
-61.0
-25.0
-68.0
-140.0
-24.0
-102.0
-169.0
-50.0
-37.0
-22.095
-4.0
-476.0
-198.0
-17.0
-25.0
-60.0
-21.0
-222.0
-29.0
-39.0
-52.0
-107.11999999999989
-48.0
-409.0
-8.0
-62.0
-659.0
-48.0
-120.0
-77.0
-148.0
-97.0
-557.0
-689.09
-8.0
-20.0
-20.0
-21.0
-2.0
-49.0
-80.0
-37.0
-12.0
-681.12
-31.879999999999995
-21.0
-72.0
-47.0
-56.0
-17.0
-295.0
-174.0
-40.0
-31.0
-57.0
-21.0
-6.0
-247.615
-22.0
-13.0
-7.0
-7.0
-2.0
-20.0
-13.0
-156.0
-30.0
-106.0
-50.0
-52.0
-85.0
-91.0
-52.0
-76.0
-8.0
-39.0
-15.0
-663.0
-15.0
-603.0
-270.0
-807.085
-59.0
-89.0
-578.0
-24.0
-14.0
-10.0
-297.0
-0.0
-22.0
-39.0
-207.0
-720.0
-336.0
-6.0
-27.0
-332.0
-94.0
-800.0
-0.0
-17.0
-27.0
-353.0
-4.0
-15.085000000000008
-176.0
-7.0
-250.0
-4.0
-12.0
-23.0
-4.0
-129.0
-401.0
-32.0
-4.1200000000000045
-24.639999999999986
-252.0
-551.0
-863.0
-62.08000000000004
-41.0
-110.0
-384.12
-21.0
-77.0
-92.0
-14.0
-74.38499999999999
-11.5
-315.5
-108.5
-21.5
-610.5
-364.0
-569.72
-150.27999999999997
-41.27999999999997
-54.27999999999997
-95.27999999999997
-790.28
-93.27999999999997
-18.279999999999973
-5.0
-6.8799999999999955
-69.0
-14.0
-74.0
-148.0
-52.0
-4.0
-10.0
-140.14
-17.0
-38.0
-12.0
-0.0
-4.0
-17.0
-12.639999999999986
-162.0
-473.0
-10.0
-44.0
-71.12
-30.0
-3.0
-19.0
-15.919999999999959
-92.0
-61.0
-22.0
-30.0
-165.0
-80.0
-14.0
-89.45499999999998
-50.0
-31.0
-387.0
-50.0
-20.0
-17.0
-59.0
-27.0
-61.0
-38.0
-812.0
-33.0
-18.0
-33.0
-48.0
-23.0
-0.0
-27.0
-38.0
-106.0
-12.0
-50.0
-22.0
-14.914999999999992
-5.0
-18.0
-23.0
-674.0
-29.0
-23.0
-186.0
-37.0
-17.0
-27.0
-29.0
-87.0
-62.0
-108.0
-58.0
-6.0
-38.0
-2.5
-10.0
-7.0
-14.0
-45.0
-19.0
-0.914999999999992
-370.0
-54.0
-81.0
-10.0
-54.0
-40.0
-36.0
-7.0
-30.0
-21.0
-4.0
-14.0
-5.0
-1.0
-11.0
-8.0
-26.0
-256.0
-1.0
-10.0
-59.0
-18.0
-17.0
-19.085000000000008
-25.0
-24.0
-1.0
-0.0
-3.0
-15.0
-17.0
-207.0
-2.0
-14.0
-14.0
-91.0
-753.0
-119.0
-518.0
-336.0
-19.0
-28.0
-20.0
-57.0
-5.0
-463.0
-45.0
-25.545000000000016
-1.5
-95.0
-4.0
-24.0
-689.0
-20.0
-19.0
-30.0
-492.0
-29.0
-12.0
-94.0
-75.24000000000001
-139.0
-117.0
-93.0
-64.0
-73.12
-211.0
-427.0
-75.88
-641.0
-14.0
-26.769999999999982
-16.5
-362.0
-25.0
-43.0
-9.0
-4.0
-7.0
-95.04000000000002
-14.039999999999964
-47.0
-34.0
-80.0
-48.0
-20.0
-101.0
-237.0
-63.0
-11.0
-182.12
-13.0
-34.0
-18.0
-0.0
-45.72999999999999
-9.5
-771.0
-269.0
-31.0
-10.0
-1.0
-34.0
-18.0
-59.0
-515.0
-477.0
-129.0
-50.0
-513.0
-25.0
-312.0
-441.96000000000004
-16.840000000000032
-135.84000000000003
-114.51999999999998
-37.0
-11.0
-24.0
-13.759999999999991
-16.5
-13.0
-19.0
-70.0
-20.0
-28.0
-17.0
-32.079999999999984
-32.0
-183.0
-28.879999999999995
-737.28
-226.27999999999997
-24.720000000000027
-520.28
-32.0
-50.0
-37.120000000000005
-1.0
-78.0
-7.0
-17.0
-35.0
-6.75
-16.5
-429.0
-17.0
-21.0
-536.0
-753.0
-13.0
-461.0
-17.0
-45.0
-98.0
-363.0
-153.0
-79.0
-149.0
-65.0
-30.0
-4.0
-60.0
-96.0
-17.0
-39.0
-458.0
-3.115000000000009
-45.0
-18.0
-18.0
-12.0
-585.5
-687.0
-17.0
-144.5
-119.0
-12.0
-17.0
-38.0
-54.0
-17.0
-92.0
-109.0
-8.0
-9.0
-19.0
-44.0
-41.0
-44.0
-852.0
-83.08500000000001
-63.0
-3.0
-2.0
-12.0
-19.0
-10.0
-12.0
-11.0
-23.0
-13.0
-13.0
-26.0
-21.0
-12.0
-16.0
-3.0
-142.0
-3.0
-669.0
-234.0
-21.5
-257.0
-19.0
-121.08500000000001
-31.0
-11.0
-21.0
-25.0
-99.0
-23.0
-34.0
-167.56
-72.44000000000005
-356.0
-447.0
-20.120000000000005
-136.0
-48.0
-101.0
-85.0
-571.0
-52.0
-84.0
-127.0
-38.0
-34.0
-17.0
-23.11500000000001
-11.0
-13.0
-26.0
-49.0
-14.0
-341.0
-35.0
-59.0
-43.0
-212.0
-18.0
-29.120000000000005
-195.0
-33.0
-40.0
-45.0
-40.0
-4.0
-590.0
-94.0
-58.0
-6.0
-37.0
-500.885
-45.5
-18.0
-87.0
-38.0
-460.0
-318.0
-8.0
-102.0
-17.0
-24.0
-27.0
-71.0
-54.0
-57.67999999999995
-18.32000000000005
-12.399999999999977
-579.56
-10.559999999999945
-29.439999999999998
-55.079999999999984
-5.199999999999989
-29.079999999999984
-0.5
-2.884999999999991
-24.5
-2.0
-28.5
-805.0
-12.0
-15.5
-66.0
-58.160000000000025
-37.15999999999997
-8.080000000000041
-640.0
-23.91999999999996
-27.08000000000004
-11.159999999999968
-1.9600000000000364
-27.24000000000001
-226.76
-11.240000000000009
-305.88
-159.24
-226.64
-71.04000000000002
-4.0
-24.88499999999999
-45.5
-66.5
-28.5
-59.0
-62.0
-52.0
-45.0
-39.0
-2.0
-75.0
-4.0
-43.0
-6.0
-647.0
-5.0
-19.0
-139.0
-55.0
-119.0
-156.0
-709.0
-20.0
-23.0
-18.88499999999999
-21.5
-173.0
-17.0
-3.0
-87.0
-38.0
-68.0
-54.0
-33.0
-793.0
-72.0
-37.0
-35.0
-37.0
-56.0
-22.0
-32.5
-56.0
-51.0
-283.0
-1.0
-565.0
-46.0
-4.085000000000008
-16.5
-9.0
-539.0
-11.0
-28.0
-317.0
-18.0
-1.0
-6.0
-36.72
-19.5
-20.720000000000027
-90.72000000000003
-270.28
-17.720000000000027
-14.280000000000001
-20.5
-8.0
-64.0
-85.5
-42.5
-48.5
-647.0
-99.08500000000001
-45.5
-344.5
-31.0
-70.0
-57.0
-388.72
-63.27999999999997
-146.72000000000003
-285.72
-46.27999999999997
-91.72000000000003
-355.28
-15.879999999999995
-202.0
-81.0
-1.0
-652.0
-64.0
-105.0
-15.680000000000007
-50.80000000000001
-1.6800000000000068
-66.0
-457.02
-189.5
-10.0
-508.0
-11.5
-13.0
-28.0
-28.0
-44.0
-39.0
-657.0
-209.0
-43.0
-16.0
-14.0
-5.0
-173.0
-10.0
-47.0
-13.0
-60.0
-5.0
-11.0
-14.0
-19.544999999999987
-12.5
-13.0
-10.0
-12.0
-16.5
-9.5
-711.5
-42.0
-105.0
-679.0
-503.0
-70.0
-34.879999999999995
-127.0
-818.0
-136.0
-102.12
-49.0
-238.0
-49.0
-25.0
-41.0
-34.0
-49.93000000000001
-30.0
-10.0
-26.0
-5.0
-20.0
-19.0
-15.0
-20.0
-312.0
-32.0
-10.0
-73.0
-14.0
-14.0
-18.0
-18.0
-535.0
-187.0
-78.08000000000004
-182.0
-202.0
-38.0
-22.0
-803.02
-5.0
-7.0
-30.0
-10.0
-142.5
-716.0
-9.0
-140.0
-32.0
-421.0
-5.919999999999959
-51.0
-29.0
-18.0
-49.0
-2.1200000000000045
-89.0
-441.0
-53.0
-43.0
-5.0
-50.0
-99.0
-27.930000000000007
-11.5
-31.0
-24.0
-15.0
-2.0
-16.0
-1.0
-81.0
-21.0
-35.0
-1.0
-41.0
-30.0
-10.160000000000025
-60.839999999999975
-84.32
-20.5
-30.0
-54.0
-34.5
-17.5
-48.5
-13.0
-24.085000000000008
-8.5
-16.0
-17.5
-536.0
-32.0
-6.0
-9.0
-37.0
-1.0
-12.0
-4.0
-50.0
-34.0
-109.0
-24.580000000000013
-3.839999999999975
-20.5
-8.0
-624.0
-225.5
-17.5
-249.0
-28.0
-24.085000000000008
-16.0
-626.0
-24.0
-5.0
-182.0
-18.0
-6.0
-166.12
-49.960000000000036
-37.960000000000036
-55.0
-278.0
-580.0
-321.0
-74.0
-688.52
-46.48000000000002
-218.0
-19.0
-73.0
-7.0
-20.0
-5.0
-34.860000000000014
-22.0
-149.0
-26.0
-0.0
-482.0
-31.0
-34.0
-118.0
-51.0
-76.88
-89.0
-6.0
-329.0
-28.0
-34.0
-21.0
-33.0
-62.0
-48.879999999999995
-46.0
-217.0
-567.0
-345.0
-12.0
-42.0
-163.0
-118.0
-14.0
-9.0
-8.0
-0.5699999999999932
-23.0
-736.0
-160.0
-4.0
-462.0
-16.0
-94.0
-85.0
-13.0
-10.0
-70.0
-34.0
-149.0
-107.0
-91.0
-3.0
-9.0
-73.0
-52.0
-14.0
-57.39999999999998
-52.0
-34.0
-40.56999999999999
-28.0
-6.0
-5.0
-43.0
-17.0
-2.0
-137.0
-9.0
-9.0
-74.0
-70.0
-19.0
-79.0
-27.0
-56.0
-46.0
-64.0
-52.0
-15.0
-29.0
-789.0
-718.0
-3.0
-161.66
-12.0
-21.0
-5.0
-629.0
-858.0
-24.0
-5.0
-14.0
-50.0
-8.0
-0.0
-3.0
-91.0
-55.0
-24.0
-48.0
-32.0
-804.0
-413.0
-5.0
-311.0
-5.0
-19.5
-13.659999999999997
-24.0
-18.0
-15.0
-18.0
-106.5
-20.5
-26.0
-203.0
-37.0
-3.0
-6.0
-39.0
-40.0
-30.0
-2.0
-29.0
-37.0
-17.0
-83.0
-72.0
-6.0
-681.0
-8.0
-0.5699999999999932
-163.0
-3.0
-6.0
-11.0
-15.0
-194.0
-16.0
-160.0
-2.0
-632.0
-25.0
-29.0
-115.0
-134.0
-119.0
-16.0
-12.0
-74.0
-74.0
-452.0
-47.0
-11.0
-3.0
-0.5699999999999932
-38.0
-29.0
-31.0
-49.0
-175.0
-32.0
-44.0
-557.0
-156.0
-42.0
-542.0
-35.0
-11.0
-49.0
-56.0
-31.0
-59.0
-63.0
-289.0
-44.0
-669.0
-6.0
-192.0
-15.569999999999993
-12.0
-13.0
-9.0
-5.0
-8.0
-16.0
-11.5
-140.56
-46.0
-14.0
-15.0
-23.0
-63.0
-18.0
-37.0
-13.0
-33.0
-2.0
-97.0
-42.0
-42.0
-27.0
-51.0
-40.56999999999999
-20.0
-4.0
-27.0
-23.5
-12.0
-14.0
-222.0
-427.0
-28.0
-1.0
-63.0
-71.0
-319.0
-55.0
-26.0
-116.0
-29.0
-48.0
-316.0
-19.0
-61.0
-334.0
-49.0
-0.5699999999999932
-17.0
-408.0
-17.0
-28.0
-425.0
-844.0
-83.0
-63.0
-44.0
-53.0
-4.0
-2.0
-3.079999999999984
-38.079999999999984
-56.0
-88.0
-163.0
-19.0
-10.0
-49.0
-16.0
-62.0
-42.0
-209.66
-1.0
-19.0
-475.0
-595.0
-701.0
-9.0
-19.0
-25.0
-18.0
-58.0
-43.0
-9.0
-19.0
-22.0
-40.0
-26.0
-37.0
-16.0
-87.0
-15.0
-11.0
-20.0
-643.0
-43.66
-24.0
-7.0
-11.0
-397.0
-13.0
-48.0
-80.0
-154.0
-25.0
-15.0
-23.0
-117.0
-45.0
-27.0
-8.0
-9.0
-378.0
-226.0
-67.0
-41.0
-28.0
-1.0
-98.0
-20.569999999999993
-1.0
-6.0
-32.0
-595.0
-13.0
-8.0
-669.0
-154.0
-237.0
-92.48000000000002
-22.480000000000018
-11.480000000000018
-1.4800000000000182
-34.48000000000002
-16.480000000000018
-49.91999999999996
-685.08
-13.919999999999959
-14.919999999999959
-22.839999999999975
-2.839999999999975
-58.839999999999975
-3.0
-23.569999999999993
-18.0
-20.5
-0.5
-9.5
-264.0
-32.5
-225.5
-25.360000000000014
-296.67999999999995
-430.67999999999995
-98.32000000000005
-57.0
-47.0
-46.0
-62.0
-44.0
-170.0
-34.0
-11.0
-73.0
-92.0
-3.519999999999982
-17.519999999999982
-20.569999999999993
-18.0
-1.0
-24.0
-5.0
-5.0
-8.5
-15.5
-28.0
-13.0
-1.0
-21.0
-54.0
-12.0
-166.0
-622.52
-49.48000000000002
-44.0
-66.0
-11.0
-627.0
-14.0
-123.0
-150.0
-159.57
-6.0
-4.0
-398.0
-839.0
-26.0
-23.5
-2.5
-23.0
-4.0
-14.0
-107.0
-48.0
-37.0
-51.0
-58.0
-80.0
-23.0
-67.0
-330.0
-29.0
-36.0
-769.0
-9.0
-20.569999999999993
-14.0
-6.0
-12.0
-17.0
-282.0
-24.0
-21.0
-143.0
-15.0
-22.0
-594.0
-24.0
-666.0
-40.0
-84.0
-36.0
-11.0
-23.0
-617.0
-1.0
-3.0
-13.0
-177.0
-42.66
-136.5
-8.5
-769.5
-30.0
-2.5
-1.0
-1.0
-4.0
-18.0
-26.0
-537.0
-38.0
-31.0
-25.0
-3.0
-30.0
-16.0
-24.0
-236.0
-645.0
-1.0
-6.0
-641.0
-70.66
-1.0
-1.0
-14.0
-656.0
-18.0
-2.5
-100.5
-101.56
-320.0
-38.0
-52.0
-14.0
-79.0
-44.0
-21.0
-33.0
-46.0
-11.32000000000005
-288.68
-90.68
-51.0
-14.0
-33.0
-26.569999999999993
-5.0
-7.0
-27.5
-19.0
-13.0
-11.5
-49.0
-9.0
-37.0
-19.0
-70.0
-99.0
-77.0
-5.480000000000018
-34.48000000000002
-31.480000000000018
-56.48000000000002
-249.0
-5.0
-67.0
-2.079999999999984
-10.079999999999984
-28.0
-22.569999999999993
-195.0
-2.0
-24.0
-3.0
-171.0
-13.0
-54.0
-70.0
-38.0
-75.0
-162.51999999999998
-96.48000000000002
-218.0
-153.0
-582.0
-19.0
-37.0
-21.0
-75.0
-1.0
-51.0
-1.0
-53.0
-75.0
-18.0
-6.0
-19.5
-31.5
-6.5
-266.0
-2.0
-132.0
-61.0
-17.0
-78.0
-778.0
-51.0
-11.0
-18.0
-612.0
-42.0
-23.0
-7.0
-51.0
-22.0
-12.0
-824.0
-36.06
-3.0
-20.0
-21.0
-28.0
-17.0
-16.0
-26.0
-391.0
-19.0
-38.0
-14.0
-69.0
-44.0
-33.0
-56.0
-400.0
-11.0
-357.0
-34.0
-282.0
-41.0
-23.0
-30.0
-209.06
-19.5
-11.5
-223.5
-39.0
-30.0
-57.0
-29.0
-14.0
-2.0
-33.0
-18.0
-11.0
-42.0
-579.0
-5.0
-71.0
-262.0
-3.0
-521.0
-6.0
-18.0
-66.0
-51.0
-29.169999999999987
-25.0
-45.0
-32.0
-26.0
-123.0
-21.0
-23.0
-392.0
-30.0
-264.0
-101.0
-38.0
-90.0
-20.0
-15.0
-3.0
-1.0
-18.0
-7.0
-30.0
-312.0
-8.0
-34.0
-351.635
-27.0
-681.0
-60.0
-36.96000000000001
-17.960000000000008
-9.5
-5.0
-162.0
-3.0
-4.0
-411.0
-17.0
-105.0
-54.0
-91.44000000000005
-30.440000000000055
-63.0
-61.0
-59.0
-80.0
-145.0
-5.0
-45.0
-36.06
-10.0
-226.0
-13.0
-30.0
-36.0
-40.0
-34.0
-95.0
-27.0
-49.0
-81.0
-194.0
-13.0
-161.0
-148.0
-105.0
-15.0
-83.0
-2.0
-33.0
-29.0
-10.0
-7.0
-20.060000000000002
-13.0
-25.0
-436.0
-1.0
-5.0
-577.0
-103.0
-127.0
-9.0
-158.0
-45.0
-30.0
-3.0
-74.0
-57.0
-43.0
-43.0
-87.0
-80.0
-17.0
-60.0
-20.0
-11.0
-23.060000000000002
-240.0
-9.0
-10.0
-10.0
-12.0
-33.0
-35.0
-95.0
-49.0
-139.0
-10.0
-37.0
-334.0
-75.0
-12.0
-114.0
-130.0
-25.0
-154.0
-78.0
-12.0
-15.0
-4.0
-6.060000000000002
-7.0
-24.0
-179.0
-19.0
-40.0
-44.0
-32.0
-59.0
-45.0
-25.0
-20.0
-39.0
-117.0
-314.0
-34.0
-163.0
-60.0
-121.0
-105.0
-112.0
-84.0
-29.0
-15.0
-23.060000000000002
-724.5
-21.0
-4.0
-14.5
-35.0
-9.0
-64.0
-554.0
-79.0
-37.0
-68.0
-647.0
-42.0
-79.0
-402.0
-1.0
-342.0
-28.0
-39.0
-54.5
-15.0
-37.0
-17.0
-753.1
-16.0
-19.0
-22.0
-16.0
-27.0
-23.0
-60.0
-16.0
-20.0
-11.0
-60.0
-39.0
-63.0
-684.0
-14.0
-3.0
-8.0
-526.0
-11.0
-15.0
-7.0
-11.0
-37.0
-421.13
-19.0
-667.5
-17.0
-134.0
-126.0
-46.0
-47.0
-715.0
-147.0
-41.0
-27.0
-19.0
-76.0
-8.5
-28.0
-48.0
-66.0
-96.5
-4.5
-623.5
-2.5
-6.800000000000011
-22.5
-154.61
-11.0
-2.5
-9.0
-6.800000000000011
-15.0
-18.5
-22.80000000000001
-80.19999999999999
-261.2
-69.20000000000005
-266.0
-110.0
-335.0
-66.0
-238.0
-21.0
-3.0
-368.0
-26.0
-596.0
-5.0
-34.0
-54.0
-85.06
-50.0
-40.0
-44.0
-24.0
-31.0
-604.0
-43.0
-13.0
-18.32000000000005
-201.67999999999995
-2.0
-33.0
-73.0
-33.0
-21.0
-34.0
-96.0
-433.0
-11.0
-40.0
-24.0
-46.0
-70.0
-143.06
-3.0
-17.0
-28.0
-21.0
-8.0
-13.0
-121.0
-68.0
-160.0
-237.0
-3.0
-26.0
-85.0
-16.0
-136.0
-40.0
-64.0
-65.0
-6.0
-133.0
-13.0
-42.0
-54.0
-105.06
-482.0
-91.0
-9.0
-705.0
-118.5
-703.0
-732.0
-14.560000000000002
-61.44
-45.48000000000002
-60.48000000000002
-206.51999999999998
-114.84000000000003
-82.84000000000003
-91.84000000000003
-95.51999999999998
-110.51999999999998
-86.32000000000005
-146.68
-11.0
-41.0
-54.0
-702.0
-105.06
-126.0
-111.0
-130.16
-129.5
-129.16
-123.16
-124.16
-50.16
-79.0
-27.0
-21.0
-53.0
-61.0
-32.0
-494.0
-2.0
-3.0
-5.0
-10.0
-798.0
-20.0
-1.0
-694.0
-10.090000000000003
-9.0
-1.0
-7.0
-16.0
-304.0
-28.47999999999999
-32.47999999999999
-1.0
-15.319999999999993
-481.885
-10.615000000000009
-7.384999999999991
-221.5
-471.88
-20.080000000000013
-28.5
-27.0
-45.0
-16.0
-60.5
-1.0
-9.0
-14.5
-281.1
-146.48
-49.47999999999999
-40.47999999999999
-39.47999999999999
-21.0
-28.0
-13.0
-84.0
-173.0
-108.0
-73.0
-61.0
-562.0
-20.0
-94.0
-17.0
-18.0
-46.0
-305.0
-183.0
-23.0
-33.0
-38.0
-3.0600000000000023
-164.0
-9.0
-6.0
-457.0
-6.0
-34.0
-518.0
-109.0
-4.0
-473.0
-63.0
-53.0
-78.0
-100.0
-93.0
-178.0
-91.0
-36.0
-23.0
-197.0
-38.0
-372.0
-21.0
-3.0600000000000023
-13.0
-20.0
-6.0
-19.0
-528.0
-26.0
-27.0
-107.0
-10.0
-89.0
-41.0
-2.0
-112.0
-9.0
-60.0
-107.0
-246.0
-45.0
-15.0
-165.51999999999998
-106.48000000000002
-17.0
-13.0
-6.060000000000002
-1.0
-6.0
-14.0
-11.0
-22.0
-11.0
-19.0
-483.0
-59.0
-145.0
-388.0
-79.84000000000003
-51.039999999999964
-32.84000000000003
-64.84000000000003
-1.8400000000000318
-77.84000000000003
-23.720000000000027
-164.64
-152.64
-29.639999999999986
-86.63999999999999
-77.63999999999999
-32.639999999999986
-18.360000000000014
-68.0
-15.409999999999997
-23.0
-38.0
-17.0
-15.5
-25.5
-857.0
-65.0
-1.0
-218.0
-28.0
-115.0
-118.0
-5.0
-51.0
-751.0
-35.0
-484.0
-27.0
-86.0
-12.0
-37.0
-1.0
-1.0
-48.59
-12.0
-8.0
-779.0
-19.0
-5.0
-26.0
-126.0
-19.0
-80.88
-22.879999999999995
-50.08000000000004
-50.879999999999995
-427.88
-4.1200000000000045
-54.559999999999945
-13.440000000000055
-103.0
-100.0
-79.0
-37.0
-441.0
-46.0
-78.0
-15.409999999999997
-633.0
-30.0
-50.0
-68.0
-52.0
-59.0
-51.0
-210.0
-404.0
-68.0
-10.0
-25.0
-45.0
-499.0
-569.0
-34.0
-3.0
-9.039999999999992
-44.5
-41.0
-131.0
-11.0
-37.0
-351.12
-15.0
-28.0
-14.0
-5.0
-85.0
-9.0
-5.0
-9.0
-23.0
-26.0
-256.0
-35.0
-91.0
-5.0
-393.0
-132.0
-20.0
-14.0
-21.0
-12.0
-29.0
-2.0
-25.0
-3.914999999999992
-14.0
-487.0
-39.0
-16.0
-7.0
-369.0
-48.0
-157.0
-109.12
-52.15999999999997
-98.15999999999997
-124.27999999999997
-9.159999999999968
-155.15999999999997
-26.840000000000032
-35.0
-14.0
-32.0
-53.0
-483.0
-83.0
-58.0
-6.0
-25.899999999999977
-9.0
-175.0
-403.0
-29.0
-2.0
-32.0
-8.0
-14.0
-79.0
-32.120000000000005
-90.11000000000001
-431.0
-53.0
-56.0
-13.0
-4.0
-20.0
-7.0
-52.0
-102.0
-172.0
-205.12
-22.0
-1.8100000000000023
-8.0
-1.0
-59.0
-417.0
-12.0
-81.0
-38.0
-35.0
-6.0
-46.0
-17.0
-107.0
-0.0
-624.0
-2.0
-161.0
-325.0
-251.0
-88.0
-88.0
-30.0
-5.0
-26.0
-20.810000000000002
-22.0
-54.5
-53.5
-35.0
-20.0
-25.0
-13.0
-45.0
-31.120000000000005
-38.0
-31.0
-43.0
-7.0
-25.0
-40.91999999999996
-58.0
-431.0
-16.0
-81.0
-86.0
-66.0
-59.0
-15.0
-102.72
-0.0
-17.0
-11.0
-44.0
-52.0
-32.0
-44.0
-31.0
-60.0
-9.0
-63.0
-90.0
-0.0
-27.0
-5.0
-32.879999999999995
-53.0
-86.0
-27.0
-61.0
-10.0
-32.0
-29.0
-24.360000000000014
-189.0
-6.0
-4.5
-11.0
-20.0
-37.0
-18.0
-168.0
-28.0
-633.0
-214.0
-71.0
-42.0
-59.0
-62.0
-70.0
-44.0
-68.0
-3.0
-15.0
-1.0
-77.0
-50.0
-9.085000000000008
-0.0
-26.0
-40.0
-32.0
-9.0
-5.0
-17.0
-42.0
-22.0
-86.0
-82.0
-552.0
-66.0
-42.0
-23.0
-40.0
-28.0
-56.0
-0.0
-5.0
-75.0
-33.0
-631.0
-714.085
-116.0
-10.0
-23.0
-8.0
-372.0
-11.0
-42.0
-6.0
-64.0
-39.0
-108.0
-682.0
-144.48000000000002
-389.52
-643.12
-45.0
-39.51999999999998
-55.48000000000002
-84.44000000000005
-51.44
-50.56
-25.75999999999999
-16.0
-790.64
-642.0
-28.5
-3.5
-7.5
-12.0
-241.5
-66.6
-4.600000000000023
-29.399999999999977
-133.39999999999998
-99.39999999999998
-69.0
-58.0
-78.0
-98.0
-97.0
-15.0
-95.0
-88.0
-9.0
-8.0
-4.0
-60.0
-17.639999999999986
-22.0
-4.0
-786.0
-16.0
-0.0
-15.0
-46.0
-28.0
-19.0
-2.0
-117.0
-33.0
-19.120000000000005
-12.0
-536.0
-2.919999999999959
-27.0
-506.12
-4.600000000000023
-68.39999999999998
-51.0
-17.0
-250.0
-608.64
-4.0
-16.0
-5.0
-26.0
-2.0
-28.0
-663.0
-31.0
-38.0
-11.0
-36.0
-34.0
-49.0
-57.0
-18.0
-22.0
-2.0
-63.0
-31.0
-34.0
-4.0
-607.0
-8.0
-68.36000000000001
-50.0
-18.0
-2.0
-10.0
-18.0
-315.0
-75.0
-8.0
-126.0
-19.0
-29.0
-31.879999999999995
-50.0
-13.0
-74.0
-134.0
-8.0
-155.0
-211.0
-32.0
-89.0
-206.0
-27.0
-27.360000000000014
-12.0
-24.0
-3.0
-11.0
-676.0
-24.0
-8.0
-31.0
-37.0
-352.0
-31.0
-238.0
-43.0
-64.0
-243.0
-4.0
-354.0
-9.0
-1.0
-8.0
-11.0
-49.0
-3.0
-19.085000000000008
-16.0
-458.0
-44.0
-35.0
-8.0
-6.0
-6.0
-28.0
-26.0
-2.0
-28.0
-275.0
-8.0
-22.0
-779.0
-21.0
-31.0
-140.0
-569.0
-28.0
-44.0
-25.0
-19.0
-4.085000000000008
-1.0
-97.0
-28.0
-19.0
-47.0
-2.0
-27.0
-103.0
-166.0
-110.0
-177.0
-224.0
-163.12
-183.0
-130.0
-136.0
-105.0
-178.0
-89.0
-85.0
-363.0
-58.0
-16.0
-12.360000000000014
-3.0
-691.0
-42.0
-21.0
-20.0
-159.0
-5.0
-46.0
-94.0
-354.0
-674.12
-455.0
-14.0
-44.120000000000005
-567.0
-21.0
-67.0
-15.0
-6.0
-466.88
-64.0
-645.0
-107.0
-190.64
-38.0
-538.0
-10.0
-3.0
-54.0
-215.0
-1.0
-138.0
-84.0
-166.0
-384.0
-442.0
-352.0
-9.0
-23.0
-448.0
-94.0
-218.0
-53.08000000000004
-72.0
-64.0
-2.0
-29.0
-12.360000000000014
-432.0
-7.0
-22.0
-571.0
-27.0
-42.0
-33.0
-8.0
-25.0
-105.0
-22.0
-679.0
-51.08000000000004
-17.0
-152.0
-59.0
-158.0
-18.0
-1.0
-94.12
-112.0
-181.0
-1.0
-24.0
-15.0
-818.0
-1.0
-1.0
-399.0
-8.0
-11.0
-1.0
-55.0
-55.0
-39.0
-47.0
-4.0
-28.91999999999996
-19.0
-12.0
-26.0
-142.0
-12.0
-21.0
-20.0
-22.0
-42.0
-75.97000000000003
-47.0
-7.0
-20.0
-9.0
-14.0
-43.0
-10.0
-133.0
-1.0
-296.0
-458.0
-36.0
-26.0
-4.0
-548.0
-10.0
-17.0
-19.0
-12.0
-43.0
-38.0
-9.0
-20.0
-37.08500000000001
-669.0
-54.0
-54.0
-57.0
-5.0
-20.0
-34.0
-14.0
-13.0
-35.0
-0.0
-98.0
-27.0
-77.5
-802.0
-200.0
-36.0
-807.0
-20.0
-21.0
-10.0
-57.0
-13.0
-645.085
-60.0
-449.0
-50.0
-22.0
-14.0
-17.0
-9.0
-90.0
-44.0
-266.0
-54.0
-113.0
-428.0
-171.0
-197.0
-144.0
-133.12
-32.0
-11.0
-119.0
-37.0
-17.0
-26.0
-30.970000000000027
-8.0
-5.0
-3.0
-5.0
-609.0
-1.0
-11.0
-222.0
-2.0
-101.88
-857.0
-875.1199999999999
-57.0
-87.0
-57.0
-232.0
-89.0
-70.0
-32.0
-126.0
-21.0
-8.0
-1.0
-0.9700000000000273
-10.0
-10.0
-19.0
-4.0
-3.0
-360.0
-1.0
-146.0
-25.0
-94.0
-34.0
-80.05999999999995
-65.0
-50.0
-50.879999999999995
-815.0
-85.0
-59.0
-8.879999999999995
-90.0
-371.0
-16.0
-5.0
-32.97000000000003
-14.0
-14.0
-14.0
-15.0
-10.0
-1.0
-666.0
-142.0
-70.0
-106.0
-70.0
-570.0
-22.0
-2.1200000000000045
-49.0
-64.12
-44.0
-123.0
-44.0
-114.0
-23.0
-21.0
-338.0
-32.97000000000003
-39.0
-7.0
-4.0
-0.0
-654.0
-8.0
-29.0
-23.0
-73.0
-167.0
-8.0
-504.0
-28.0
-68.0
-59.0
-15.080000000000041
-467.0
-61.0
-10.0
-71.0
-47.0
-106.0
-22.0
-32.97000000000003
-27.0
-22.0
-232.0
-1.0
-5.0
-9.0
-16.0
-59.0
-9.0
-45.0
-69.0
-11.0
-13.0
-15.0
-107.0
-125.0
-10.0
-45.0
-38.0
-39.0
-764.0
-18.0
-41.0
-21.085000000000008
-21.0
-34.0
-33.0
-425.0
-2.0
-101.0
-13.0
-21.0
-29.0
-12.0
-8.0
-42.0
-563.0
-14.0
-3.3999999999999773
-8.600000000000023
-20.0
-6.0
-24.0
-9.0
-20.0
-22.0
-9.0
-21.085000000000008
-22.0
-11.0
-39.0
-18.0
-21.0
-35.0
-24.0
-112.0
-22.0
-54.879999999999995
-375.5
-155.0
-64.0
-93.0
-839.0
-62.08000000000004
-71.0
-19.0
-51.0
-48.0
-42.0
-43.0
-7.0
-6.970000000000027
-44.0
-17.0
-82.0
-57.0
-371.0
-4.0
-42.0
-77.0
-364.0
-72.0
-464.0
-71.5
-99.12
-78.0
-233.0
-14.0
-11.759999999999991
-179.0
-217.0
-39.0
-24.0
-6.0
-10.0
-11.939999999999998
-26.0
-34.0
-34.0
-9.0
-5.0
-1.0
-33.0
-9.0
-31.0
-67.0
-8.120000000000005
-91.0
-53.0
-21.0
-39.24000000000001
-37.0
-113.0
-30.0
-126.0
-96.0
-9.0
-28.0
-359.0
-3.930000000000007
-14.0
-10.0
-30.0
-1.0
-11.0
-6.0
-10.0
-62.0
-27.0
-47.0
-780.0
-103.0
-803.0
-87.0
-611.0
-626.0
-58.0
-2.8799999999999955
-86.0
-2.0
-236.0
-1.0
-104.0
-1.9300000000000068
-23.0
-390.0
-5.0
-23.0
-10.0
-1.0
-12.0
-26.0
-38.0
-2.0
-29.0
-100.0
-40.08000000000004
-20.0
-21.0
-1.0
-107.0
-35.0
-419.0
-12.0
-68.0
-30.0
-19.0
-7.069999999999993
-23.0
-3.0
-323.0
-77.0
-5.0
-17.0
-21.0
-211.0
-102.0
-23.0
-26.0
-15.0
-14.0
-37.0
-18.0
-41.0
-17.0
-38.0
-71.0
-55.0
-29.0
-5.0
-16.0
-11.914999999999992
-1.0
-853.0
-22.0
-1.0
-20.5
-12.5
-34.0
-21.0
-408.5
-0.0
-72.03999999999999
-73.16000000000003
-64.16000000000003
-13.400000000000006
-2.480000000000018
-21.480000000000018
-0.160000000000025
-21.839999999999975
-1.5
-7.5
-492.0
-27.0
-31.0
-11.914999999999992
-31.0
-429.0
-540.0
-37.0
-50.0
-43.0
-24.0
-38.0
-413.0
-11.0
-641.0
-82.0
-10.0
-170.0
-44.0
-48.0
-1.0
-125.0
-130.0
-35.0
-46.0
-24.0
-42.0
-11.080000000000013
-1.0
-16.0
-14.0
-10.0
-17.0
-83.0
-19.0
-59.0
-355.0
-37.0
-50.0
-96.11999999999989
-58.0
-66.0
-61.0
-34.0
-44.0
-99.0
-111.0
-10.0
-2.0
-31.0
-46.0
-50.0
-10.409999999999997
-28.0
-10.0
-10.0
-14.0
-67.0
-27.0
-306.0
-307.0
-272.0
-37.0
-64.0
-56.0
-40.0
-26.0
-24.0
-35.0
-42.120000000000005
-44.0
-91.0
-94.0
-667.0
-197.0
-29.0
-4.409999999999997
-14.0
-33.0
-25.5
-355.5
-2.0
-6.5
-31.0
-87.0
-20.060000000000002
-79.36000000000001
-87.80000000000001
-104.48000000000002
-70.48000000000002
-54.48000000000002
-41.48000000000002
-458.52
-43.48000000000002
-53.0
-7.0
-432.0
-44.0
-19.0
-735.0
-2.4099999999999966
-37.0
-28.0
-9.0
-14.0
-9.0
-8.0
-280.0
-151.0
-39.0
-67.0
-8.0
-83.0
-0.08000000000004093
-62.0
-148.0
-339.0
-99.0
-142.0
-7.0
-237.0
-23.0
-12.0
-58.0
-50.41
-5.0
-14.0
-6.0
-17.0
-3.0
-4.0
-10.0
-232.0
-32.0
-147.0
-187.08000000000004
-60.0
-15.0
-51.0
-1.0
-61.0
-545.0
-227.0
-70.12
-19.0
-3.0
-41.0
-10.0
-15.409999999999997
-338.0
-8.0
-874.0
-1.0
-14.0
-14.0
-11.0
-180.0
-16.0
-126.0
-38.0
-7.0
-546.0
-76.0
-6.0
-76.0
-56.0
-328.0
-111.20000000000005
-334.0
-695.0
-0.0
-16.0
-30.409999999999997
-3.0
-28.0
-26.0
-27.0
-7.0
-12.0
-9.0
-43.0
-217.0
-79.0
-1.0
-52.0
-345.0
-70.0
-39.0
-65.0
-96.0
-40.0
-26.0
-9.0
-156.0
-3.0
-67.0
-8.409999999999997
-1.0
-118.0
-0.0
-29.0
-187.0
-37.0
-194.0
-20.0
-13.0
-9.879999999999995
-70.12
-38.0
-26.0
-23.0
-10.0
-37.0
-28.0
-69.0
-47.0
-81.0
-3.0
-2.0
-4.0
-49.41
-5.0
-25.0
-689.0
-3.0
-19.0
-5.0
-89.0
-185.0
-121.12
-20.0
-8.0
-57.0
-132.48000000000002
-30.24000000000001
-25.0
-60.0
-39.0
-33.0
-11.0
-14.0
-29.0
-28.0
-4.0
-65.59
-10.0
-333.0
-55.0
-2.0
-9.0
-20.0
-42.0
-33.0
-54.0
-72.0
-4.0
-21.0
-5.0
-17.960000000000008
-7.0400000000000205
-9.0
-484.0
-9.0
-10.0
-3.0
-24.0
-38.0
-25.0
-5.590000000000003
-21.0
-12.0
-0.0
-7.0
-20.0
-22.0
-794.0
-102.0
-42.0
-6.0
-798.0
-89.0
-46.0
-38.0
-40.0
-59.120000000000005
-58.0
-5.0
-29.0
-246.0
-14.0
-77.0
-11.0
-10.409999999999997
-28.0
-26.0
-10.0
-109.0
-118.0
-146.0
-117.0
-35.0
-143.0
-11.0
-76.0
-40.0
-215.12
-37.0
-81.0
-24.0
-10.0
-40.0
-105.12
-128.0
-58.0
-12.0
-2.0
-5.409999999999997
-39.0
-240.0
-51.0
-20.0
-5.0
-405.0
-38.0
-14.0
-25.0
-24.0
-73.0
-16.0
-62.960000000000036
-23.039999999999964
-109.0
-22.0
-21.0
-165.0
-546.0
-14.0
-33.0
-35.0
-6.0
-10.409999999999997
-26.0
-519.0
-9.0
-0.0
-13.0
-30.0
-38.0
-76.0
-107.0
-27.0
-12.0
-55.0
-57.0
-10.120000000000005
-84.0
-15.0
-31.120000000000005
-19.0
-115.88
-126.0
-49.0
-465.0
-11.0
-10.409999999999997
-8.0
-16.0
-35.0
-4.0
-20.0
-10.0
-845.0
-647.0
-82.0
-14.0
-484.0
-437.0
-2.0
-34.0
-39.0
-5.080000000000041
-21.120000000000005
-163.0
-23.0
-85.88
-0.0
-27.0
-20.0
-2.4099999999999966
-14.0
-3.0
-27.0
-40.0
-33.0
-56.0
-3.0
-106.0
-64.0
-98.0
-90.0
-95.0
-5.0
-78.0
-114.0
-4.0
-14.0
-0.0
-1.0
-2.0
-10.0
-3.0
-1.0
-446.59000000000003
-16.0
-30.0
-11.0
-14.0
-5.0
-483.0
-12.0
-8.0
-29.0
-31.0
-55.0
-43.0
-17.0
-20.0
-729.0
-49.0
-2.0
-17.0
-25.5
-3.0
-33.0
-19.0
-27.0
-16.590000000000003
-37.0
-36.0
-2.0
-21.0
-830.0
-41.0
-23.0
-44.0
-34.0
-44.0
-19.0
-35.03999999999999
-7.0
-3.0
-18.0
-2.0
-11.0
-1.0
-5.5
-477.0
-53.0
-33.0
-38.0
-10.409999999999997
-26.0
-23.0
-1.0
-15.0
-8.0
-19.0
-190.0
-198.0
-177.0
-4.0
-30.0
-167.0
-98.0
-55.0
-1.0
-3.0
-2.919999999999959
-147.0
-42.0
-27.0
-79.0
-33.0
-36.0
-801.59
-745.0
-7.0
-415.0
-24.0
-28.0
-38.0
-47.0
-38.0
-348.84000000000003
-73.03999999999996
-45.84000000000003
-54.84000000000003
-78.15999999999997
-18.159999999999968
-75.27999999999997
-35.639999999999986
-140.64
-40.639999999999986
-154.64
-28.639999999999986
-24.360000000000014
-18.639999999999986
-34.0
-14.590000000000003
-10.0
-25.0
-40.0
-800.5
-5.5
-3.0
-44.0
-317.0
-67.0
-14.0
-71.0
-108.0
-32.0
-39.0
-11.0
-19.0
-63.0
-38.0
-68.0
-280.0
-92.0
-11.0
-22.0
-8.409999999999997
-14.0
-18.0
-16.0
-8.0
-725.0
-1.0
-21.0
-173.0
-80.88
-19.120000000000005
-32.08000000000004
-53.879999999999995
-5.1200000000000045
-12.120000000000005
-17.440000000000055
-16.440000000000055
-69.0
-18.0
-290.0
-119.0
-14.0
-56.0
-42.0
-23.409999999999997
-617.0
-7.0
-24.0
-608.0
-26.0
-33.0
-101.0
-236.0
-544.0
-94.0
-365.0
-32.0
-41.0
-23.0
-2.0
-35.0
-4.0
-9.039999999999992
-11.5
-15.0
-17.0
-11.0
-19.0
-16.120000000000005
-8.0
-3.0
-596.0
-12.0
-47.0
-102.0
-46.0
-47.0
-28.0
-26.0
-217.0
-16.0
-14.0
-14.0
-35.0
-50.0
-50.0
-44.0
-659.0
-6.0
-28.0
-68.0
-46.0
-73.08500000000001
-3.0
-71.0
-68.0
-23.0
-41.0
-47.0
-4.0
-200.0
-46.120000000000005
-16.840000000000032
-60.15999999999997
-58.27999999999997
-20.840000000000032
-1.1599999999999682
-660.16
-36.0
-26.0
-51.0
-3.0
-102.0
-57.0
-11.0
-13.0
-33.89999999999998
-17.0
-9.0
-2.0
-98.0
-125.0
-62.0
-40.0
-14.0
-61.0
-87.88
-67.11000000000001
-108.0
-58.0
-93.0
-13.0
-30.0
-6.0
-42.0
-217.0
-57.0
-54.0
-85.12
-20.0
-9.189999999999998
-85.0
-94.0
-98.0
-85.0
-77.0
-84.0
-90.0
-104.0
-6.0
-18.0
-55.0
-13.0
-0.0
-58.0
-92.0
-69.0
-65.0
-8.0
-68.0
-223.0
-37.0
-140.0
-38.0
-7.810000000000002
-38.0
-3.5
-11.5
-4.0
-9.0
-14.0
-64.0
-218.0
-31.120000000000005
-60.0
-68.0
-142.0
-1.0
-22.0
-15.080000000000041
-515.0
-3.0
-9.0
-15.0
-165.0
-145.0
-101.0
-0.0
-7.280000000000001
-38.0
-38.0
-360.0
-12.0
-42.0
-38.0
-26.0
-117.0
-22.0
-3.0
-276.0
-202.0
-0.0
-26.0
-21.0
-9.120000000000005
-8.0
-67.0
-16.0
-83.0
-35.0
-424.0
-24.0
-385.64
-801.0
-22.0
-773.5
-16.0
-11.0
-20.0
-6.0
-200.0
-128.0
-113.0
-117.0
-98.0
-105.0
-628.0
-55.0
-112.0
-16.0
-98.0
-2.0
-361.0
-30.0
-149.0
-46.0
-13.085000000000008
-16.0
-20.0
-40.0
-32.0
-1.0
-5.0
-318.0
-776.0
-1.0
-46.0
-60.0
-91.0
-44.0
-25.0
-6.0
-23.0
-11.0
-760.0
-0.0
-2.0
-419.0
-52.0
-28.0
-23.085000000000008
-219.0
-2.0
-11.0
-4.0
-1.0
-11.0
-25.0
-6.0
-1.0
-81.0
-13.0
-13.0
-89.48000000000002
-54.48000000000002
-255.12
-69.0
-39.48000000000002
-30.480000000000018
-69.55999999999995
-14.439999999999998
-4.560000000000002
-87.24000000000001
-13.0
-20.360000000000014
-208.0
-185.5
-15.5
-26.5
-10.0
-20.5
-48.400000000000006
-119.60000000000002
-8.600000000000023
-127.39999999999998
-85.39999999999998
-40.0
-389.0
-59.0
-62.0
-61.0
-326.0
-58.0
-100.0
-35.0
-8.0
-59.0
-15.0
-0.6399999999999864
-25.0
-433.0
-25.0
-23.0
-795.0
-22.0
-251.0
-56.0
-104.0
-2.0
-93.0
-196.0
-49.879999999999995
-73.0
-56.0
-51.91999999999996
-76.0
-40.879999999999995
-38.39999999999998
-26.399999999999977
-28.0
-59.0
-35.0
-120.36000000000001
-46.0
-1.0
-21.0
-24.0
-0.0
-4.0
-12.0
-135.0
-38.0
-11.0
-455.0
-5.0
-48.0
-40.0
-79.0
-25.0
-10.0
-87.0
-125.0
-19.0
-11.0
-31.0
-24.0
-110.36000000000001
-33.0
-319.0
-18.0
-18.0
-10.0
-37.0
-52.0
-2.0
-12.0
-60.0
-48.0
-144.12
-69.0
-72.0
-11.0
-6.0
-11.0
-163.0
-27.0
-11.0
-53.0
-19.0
-38.0
-27.360000000000014
-215.0
-20.0
-548.0
-8.0
-4.0
-35.0
-59.0
-140.0
-21.0
-14.0
-39.0
-60.0
-1.0
-6.0
-86.0
-5.0
-52.0
-55.0
-1.0
-8.0
-20.0
-16.0
-6.0
-46.08500000000001
-8.0
-6.0
-6.0
-15.0
-19.0
-43.0
-5.0
-28.0
-46.0
-2.0
-3.0
-25.0
-386.0
-7.0
-14.0
-1.0
-7.0
-22.0
-2.0
-22.0
-6.0
-25.0
-577.0
-52.08500000000001
-21.0
-25.0
-20.0
-4.0
-22.0
-2.0
-70.0
-85.0
-535.0
-108.0
-58.0
-897.0
-166.12
-64.0
-129.0
-135.0
-104.0
-193.0
-83.0
-4.0
-575.0
-32.0
-6.0
-35.639999999999986
-534.0
-4.0
-593.0
-52.0
-51.0
-9.0
-67.0
-40.0
-68.0
-5.0
-21.120000000000005
-37.0
-23.0
-8.879999999999995
-241.0
-53.0
-35.0
-20.0
-37.0
-524.88
-19.0
-17.0
-28.0
-2.3600000000000136
-278.0
-31.0
-9.0
-13.0
-64.0
-31.0
-10.0
-10.0
-46.0
-162.0
-13.0
-45.0
-183.0
-25.0
-8.0
-10.0
-591.0
-58.0
-47.08000000000004
-30.0
-38.0
-2.0
-16.0
-2.3600000000000136
-1.0
-5.0
-1.0
-1.0
-23.0
-24.0
-19.0
-115.0
-25.0
-41.0
-5.0
-628.0
-70.08000000000004
-209.0
-761.0
-137.0
-108.0
-59.0
-12.0
-34.120000000000005
-67.0
-3.0
-4.0
-420.0
-5.0
-3.0
-13.0
-3.0
-42.0
-10.0
-14.0
-1.0
-55.0
-46.0
-163.0
-127.0
-226.0
-2.0
-6.0
-0.0
-212.0
-112.0
-97.0
-73.0
-1.0
-8.0
-47.0
-565.11
-181.06
-87.5
-81.0
-28.0
-11.5
-798.5
-23.5
-135.39999999999998
-55.39999999999998
-113.39999999999998
-113.39999999999998
-126.39999999999998
-170.39999999999998
-343.6
-48.39999999999998
-122.39999999999998
-144.39999999999998
-33.39999999999998
-10.600000000000023
-75.60000000000002
-76.60000000000002
-30.600000000000023
-19.0
-56.110000000000014
-20.120000000000005
-47.0
-48.0
-18.0
-39.0
-41.0
-241.0
-69.0
-76.0
-10.0
-610.0
-16.0
-112.0
-25.0
-13.0
-319.0
-90.0
-71.0
-45.0
-110.0
-201.0
-18.0
-25.0
-29.110000000000014
-375.56
-0.0
-23.0
-13.0
-9.0
-34.5
-20.0
-74.0
-19.0
-201.0
-92.0
-25.0
-16.0
-18.0
-577.0
-92.0
-384.0
-85.0
-141.0
-39.0
-706.0
-76.0
-75.0
-29.110000000000014
-30.560000000000002
-23.0
-18.0
-11.0
-12.0
-521.5
-30.0
-13.0
-314.0
-46.0
-5.0
-17.0
-21.0
-37.0
-11.0
-8.0
-40.0
-54.0
-57.0
-220.0
-43.0
-41.0
-22.0
-38.110000000000014
-498.0
-33.0
-19.0
-47.0
-33.0
-36.0
-24.0
-639.0
-42.0
-18.0
-42.0
-37.0
-42.0
-4.0
-366.44
-373.44
-43.0
-13.0
-535.0
-31.0
-737.0
-21.0
-8.0
-43.150000000000006
-8.0
-37.0
-41.0
-16.0
-33.0
-297.0
-28.0
-117.0
-39.0
-61.0
-31.0
-22.0
-32.0
-552.0
-328.0
-29.0
-3.0
-12.0
-22.0
-33.5
-236.0
-29.0
-20.0
-32.63499999999999
-41.0
-10.0
-13.0
-21.0
-6.0
-6.0
-6.0
-100.0
-180.0
-186.0
-11.0
-106.0
-41.0
-4.0
-12.0
-24.0
-8.0
-57.0
-192.0
-66.0
-71.0
-6.0
-19.0
-60.110000000000014
-16.0
-432.0
-23.0
-8.0
-1.0
-27.0
-9.0
-24.0
-30.0
-72.0
-22.0
-74.0
-40.0
-230.0
-7.0
-7.0
-26.0
-9.0
-119.0
-32.0
-1.0
-8.0
-651.0
-870.11
-226.0
-35.0
-547.0
-33.0
-39.0
-3.0
-47.0
-8.0
-23.0
-20.0
-19.0
-307.0
-7.0
-3.0
-40.0
-512.0
-3.0
-31.0
-32.0
-39.0
-25.0
-61.0
-664.0
-101.11000000000001
-13.0
-27.0
-29.0
-842.0
-25.0
-602.0
-53.0
-14.0
-228.0
-49.91999999999996
-0.08000000000004093
-82.0
-8.0
-27.0
-3.0
-239.0
-39.0
-141.0
-437.0
-84.0
-275.0
-72.0
-19.0
-60.110000000000014
-32.0
-23.0
-54.0
-30.0
-45.0
-37.0
-26.0
-4.0
-183.0
-235.0
-15.0
-8.0
-47.0
-34.440000000000055
-27.440000000000055
-73.0
-72.0
-179.0
-21.0
-91.0
-41.0
-35.0
-23.0
-60.110000000000014
-19.0
-16.0
-45.0
-37.0
-43.0
-15.0
-287.0
-99.0
-11.0
-565.0
-16.0
-64.0
-19.0
-50.0
-41.0
-21.0
-33.0
-25.0
-78.0
-38.0
-12.0
-36.0
-32.0
-30.120000000000005
-41.0
-53.0
-42.0
-30.0
-40.0
-28.0
-43.0
-2.0
-31.0
-24.0
-3.0
-613.0
-75.0
-23.0
-1.0
-5.0
-8.0
-2.0
-48.0
-782.0
-209.0
-518.0
-213.0
-219.12
-18.0
-1.0
-15.0
-612.0
-223.0
-229.0
-211.0
-376.0
-176.0
-79.03999999999996
-353.03999999999996
-90.0
-69.0
-498.0
-33.0
-23.0
-23.0
-32.0
-20.0
-69.0
-187.0
-5.0
-6.0
-25.0
-16.0
-30.0
-18.0
-48.0
-54.0
-47.0
-6.0
-49.0
-50.94
-103.0
-82.0
-117.0
-94.0
-46.5
-106.0
-76.0
-51.56
-61.44
-73.48000000000002
-26.480000000000018
-7.480000000000018
-349.84000000000003
-49.84000000000003
-33.84000000000003
-238.51999999999998
-175.51999999999998
-225.32000000000005
-1.6800000000000068
-684.0
-3.0
-20.0
-7.0
-846.06
-1.0
-16.0
-3.1599999999999966
-35.5
-35.16
-29.159999999999997
-87.16
-83.16
-106.0
-480.0
-4.0
-31.0
-393.0
-91.0
-578.0
-7.0
-3.0
-350.0
-13.0
-541.0
-504.0
-40.0
-41.0
-433.09000000000003
-50.0
-879.0
-10.0
-37.0
-19.0
-40.47999999999999
-57.47999999999999
-24.0
-65.32
-36.88499999999999
-35.38499999999999
-36.38499999999999
-46.5
-44.879999999999995
-26.919999999999987
-22.5
-465.0
-9.0
-8.0
-12.5
-5.0
-13.0
-38.5
-226.10000000000005
-9.47999999999999
-52.47999999999999
-48.47999999999999
-27.47999999999999
-38.0
-57.0
-19.0
-142.0
-285.0
-60.0
-1.0
-11.0
-48.0
-3.0
-83.0
-341.0
-18.0
-46.0
-9.0
-103.0
-129.0
-29.0
-3.0
-61.06
-36.0
-34.0
-0.0
-19.0
-35.0
-450.0
-13.0
-150.0
-94.0
-33.0
-9.0
-245.0
-40.0
-62.0
-82.0
-82.0
-80.0
-36.0
-22.0
-56.0
-48.0
-14.0
-12.0
-47.06
-9.0
-24.0
-3.0
-25.0
-803.0
-11.0
-146.0
-92.0
-313.0
-31.0
-7.0
-649.0
-14.0
-14.0
-58.0
-3.0
-69.0
-45.0
-26.0
-717.48
-46.51999999999998
-50.0
-47.0
-66.06
-22.0
-838.0
-35.0
-32.0
-33.0
-32.0
-37.0
-54.0
-86.0
-18.0
-2.0
-400.0
-1.0
-9.0
-4.0
-64.0
-38.0
-10.0
-13.0
-67.0
-15.0
-6.0
-44.0
-71.12
-23.0
-8.0
-5.0
-34.0
-109.0
-25.0
-19.0
-87.0
-332.0
-14.0
-47.0
-6.0
-66.0
-49.0
-133.0
-6.0
-63.0
-90.0
-144.0
-2.0
-22.0
-1.0
-2.0
-15.600000000000051
-26.860000000000014
-14.0
-51.5
-62.5
-52.5
-57.74000000000001
-58.24000000000001
-27.5
-29.159999999999997
-26.22999999999999
-609.77
-47.77000000000001
-77.5
-4.759999999999991
-15.160000000000025
-22.5
-2.0
-234.0
-1.0
-37.0
-5.0
-2.0
-14.5
-29.10000000000005
-35.72
-9.0
-104.0
-19.0
-681.0
-48.0
-718.0
-15.0
-25.0
-450.0
-7.0
-14.0
-17.0
-65.0
-1.0
-7.0
-18.0
-10.0
-18.0
-1.0
-3.0
-14.0
-12.0
-20.10000000000005
-20.75999999999999
-13.0
-198.0
-10.0
-6.0
-620.0
-33.0
-566.0
-100.0
-230.0
-45.0
-96.0
-57.0
-307.0
-159.0
-2.0
-413.0
-145.0
-48.0
-71.0
-82.0
-205.0
-19.0
-34.60000000000005
-17.0
-46.0
-10.0
-12.0
-764.0
-19.0
-28.0
-78.0
-83.0
-435.0
-2.0
-4.0
-98.0
-7.0
-244.0
-92.0
-71.0
-33.0
-10.0
-45.0
-2.0
-27.0
-93.0
-468.6
-241.0
-3.0
-22.0
-22.0
-150.0
-816.0
-248.0
-76.0
-107.0
-101.0
-9.0
-43.0
-6.0
-9.0
-19.0
-123.0
-100.0
-12.0
-87.0
-42.0
-3.0
-21.0
-768.0
-28.39999999999995
-3.0
-55.0
-37.0
-27.0
-6.0
-13.0
-34.0
-63.0
-101.0
-23.0
-1.0
-23.0
-83.0
-30.0
-3.0
-88.0
-74.0
-6.0
-9.0
-21.0
-135.0
-18.0
-6.0
-37.60000000000005
-29.0
-10.0
-6.0
-24.0
-18.0
-8.0
-2.0
-66.0
-97.0
-562.0
-37.0
-7.0
-210.0
-248.0
-147.0
-350.0
-346.0
-110.0
-136.0
-101.0
-18.0
-12.0
-3.0
-46.60000000000005
-28.0
-30.0
-29.0
-29.0
-5.0
-11.0
-33.0
-10.0
-37.0
-1.0
-1.0
-19.0
-15.0
-62.0
-4.0
-8.0
-47.0
-24.0
-11.0
-3.0
-34.0
-61.0
-34.0
-56.10000000000005
-23.0
-16.0
-10.0
-566.0
-6.0
-2.0
-285.0
-6.0
-31.0
-29.0
-7.0
-2.0
-14.0
-40.0
-29.0
-578.0
-27.0
-10.0
-1.0
-31.0
-8.0
-14.0
-25.0
-14.100000000000051
-2.0
-852.0
-1.0
-36.0
-14.0
-12.0
-31.0
-80.0
-263.0
-1.0
-201.0
-134.0
-376.0
-25.0
-11.0
-101.0
-227.0
-15.0
-20.0
-33.0
-13.0
-12.0
-20.0
-46.60000000000005
-37.0
-17.0
-3.0
-19.0
-17.0
-1.0
-20.0
-63.0
-105.0
-24.0
-3.0
-53.0
-77.0
-121.0
-533.0
-4.0
-53.0
-123.0
-8.0
-88.0
-53.0
-35.0
-6.0
-46.60000000000005
-297.0
-39.0
-57.0
-27.0
-53.0
-66.0
-3.0
-20.0
-2.0
-0.0
-1.0
-34.0
-70.0
-13.0
-4.0
-50.0
-257.0
-19.0
-17.0
-58.0
-29.0
-91.0
-96.0
-6.399999999999949
-14.0
-14.0
-722.0
-220.0
-10.0
-175.0
-23.0
-74.0
-51.0
-302.0
-18.0
-46.0
-337.0
-16.0
-60.0
-65.0
-61.0
-45.0
-9.0
-50.0
-86.0
-44.0
-9.0
-46.60000000000005
-368.0
-136.0
-44.0
-44.0
-14.0
-5.0
-844.0
-125.0
-101.0
-15.0
-11.0
-14.0
-28.0
-30.0
-34.0
-28.0
-64.0
-54.0
-31.0
-154.0
-31.0
-40.0
-9.0
-34.60000000000005
-6.0
-372.0
-458.0
-38.0
-23.0
-52.0
-217.0
-345.0
-345.0
-303.0
-2.0
-295.0
-313.0
-301.0
-290.0
-641.0
-1.0
-5.0
-183.0
-23.0
-76.0
-834.0
-9.0
-27.110000000000014
-4.0
-28.0
-14.0
-7.0
-530.0
-6.0
-6.0
-16.0
-18.0
-66.0
-63.0
-73.0
-163.0
-260.0
-72.0
-57.0
-62.0
-872.0
-75.0
-75.0
-91.0
-77.5
-10.0
-793.13
-98.5
-9.5
-5.0
-539.0
-24.0
-54.0
-3.0
-40.0
-41.0
-20.0
-4.0
-35.0
-32.0
-23.0
-2.0
-22.0
-354.0
-33.0
-1.0
-2.0
-12.0
-11.0
-10.0
-8.120000000000005
-755.5
-54.5
-6.0
-2.0
-13.5
-12.5
-776.5
-113.32
-201.32
-71.32000000000005
-149.67999999999995
-2.0
-54.0
-21.0
-15.0
-117.0
-444.0
-96.0
-44.0
-76.0
-8.0
-14.0
-27.0
-54.60000000000005
-34.0
-14.0
-17.0
-745.0
-203.0
-401.5
-8.0
-44.0
-161.0
-8.0
-94.0
-110.0
-9.0
-58.0
-14.0
-165.0
-61.0
-102.0
-9.0
-29.0
-7.0
-4.0
-32.0
-74.60000000000005
-45.0
-9.0
-42.0
-67.0
-99.0
-0.5
-31.0
-68.0
-51.0
-30.0
-12.0
-62.0
-22.0
-22.0
-11.0
-5.0
-19.0
-71.0
-16.0
-667.0
-5.0
-680.0
-10.0
-91.60000000000005
-22.0
-233.0
-12.0
-140.0
-354.0
-5.0
-714.0
-28.0
-45.0
-281.0
-73.0
-295.0
-403.0
-124.0
-15.0
-13.0
-15.0
-155.0
-4.0
-60.0
-17.0
-107.0
-76.0
-60.08000000000001
-46.0
-20.0
-20.0
-44.0
-72.0
-34.0
-6.0
-97.0
-41.0
-27.0
-9.0
-1.0
-39.0
-8.0
-16.0
-12.0
-5.0
-50.0
-29.0
-52.0
-15.0
-36.0
-26.0
-34.06999999999999
-39.0
-191.0
-0.0
-23.0
-12.0
-18.0
-399.0
-42.0
-21.0
-3.0
-9.0
-16.0
-49.0
-353.0
-26.0
-28.0
-2.0
-50.0
-13.0
-419.0
-46.0
-12.0
-27.0
-15.615000000000009
-39.0
-451.0
-18.0
-657.0
-23.0
-8.0
-0.0
-760.0
-134.0
-20.0
-19.0
-68.0
-49.0
-63.0
-100.0
-22.0
-33.0
-86.0
-11.0
-498.0
-28.0
-2.0
-66.0
-10.960000000000008
-52.0
-19.0
-29.0
-35.0
-29.0
-6.0
-30.0
-52.0
-62.0
-35.0
-521.0
-32.0
-61.0
-21.0
-291.0
-64.0
-199.0
-5.0
-7.0
-133.0
-2.0
-262.0
-28.0
-7.039999999999992
-14.0
-1.0
-362.0
-25.0
-15.0
-21.0
-4.0
-136.0
-12.0
-63.0
-27.0
-29.0
-154.0
-25.0
-25.0
-21.0
-19.0
-24.0
-59.0
-87.0
-17.0
-17.0
-25.0
-14.039999999999992
-191.0
-6.0
-13.0
-16.0
-13.5
-20.360000000000014
-0.5
-35.360000000000014
-60.639999999999986
-61.0
-10.399999999999977
-43.60000000000002
-18.399999999999977
-13.399999999999977
-28.399999999999977
-29.0
-59.48000000000002
-3.480000000000018
-118.0
-48.0
-11.0
-21.0
-2.0
-10.960000000000008
-4.0
-13.0
-20.0
-548.0
-20.0
-350.0
-13.0
-38.0
-18.0
-9.0
-16.0
-165.0
-91.0
-0.0
-21.0
-45.0
-55.0
-270.0
-58.0
-56.0
-22.0
-379.0
-29.0
-10.960000000000008
-7.0
-9.0
-861.0
-57.0
-40.0
-19.0
-98.0
-89.0
-35.0
-34.5
-59.0
-63.0
-23.0
-13.5
-14.5
-18.5
-828.5
-27.0
-17.0
-29.0
-27.0
-1.0
-9.0
-14.615000000000009
-6.099999999999994
-6.0
-0.0
-21.0
-4.0
-3.0
-15.47999999999999
-27.5
-329.0
-32.0
-59.0
-26.0
-36.0
-29.0
-39.0
-33.0
-19.0
-20.0
-3.0
-4.0
-3.0
-12.0
-20.0
-4.615000000000009
-13.0
-19.0
-5.0
-425.0
-18.0
-12.0
-22.0
-79.0
-101.51999999999998
-30.480000000000018
-223.0
-10.0
-79.0
-4.0
-37.0
-3.0
-7.0
-41.51999999999998
-46.48000000000002
-33.0
-2.0
-29.0
-49.0
-10.960000000000008
-97.5
-13.0
-37.0
-47.0
-10.0
-22.0
-15.0
-6.0
-77.0
-26.0
-29.0
-152.0
-15.32000000000005
-44.67999999999995
-295.32000000000005
-292.0
-42.0
-28.0
-3.519999999999982
-5.480000000000018
-541.52
-37.5
-34.0
-10.960000000000008
-24.5
-752.0
-3.0
-15.0
-7.0
-3.0
-7.0
-35.0
-78.48000000000002
-20.480000000000018
-53.48000000000002
-0.5199999999999818
-330.48
-20.480000000000018
-26.0
-19.0
-68.0
-39.0
-17.0
-3.0
-24.0
-8.0
-58.0
-47.96000000000001
-561.5
-39.5
-34.0
-22.0
-46.0
-28.0
-0.0
-4.0
-28.0
-24.0
-33.0
-13.0
-39.0
-358.0
-24.0
-9.0
-9.0
-9.085000000000008
-20.0
-11.0
-687.0
-2.0
-1.0
-23.0
-19.0
-35.0
-296.0
-42.0
-14.0
-4.0
-243.0
-4.0
-2.0
-27.0
-15.0
-94.0
-44.0
-18.0
-47.0
-7.0
-20.0
-5.914999999999992
-18.5
-7.0
-6.0
-27.0
-22.0
-1.0
-2.0
-2.0
-4.0
-13.0
-16.0
-414.0
-47.0
-12.0
-39.0
-31.0
-37.0
-15.0
-50.0
-58.0
-1.0
-48.0
-4.0
-1.914999999999992
-26.0
-10.0
-529.0
-17.0
-16.0
-2.4799999999999898
-16.5
-26.0
-138.0
-54.0
-28.0
-762.0
-41.0
-15.0
-10.0
-800.0
-162.0
-2.0
-487.0
-282.0
-15.0
-16.0
-20.0
-30.914999999999992
-5.0
-20.0
-17.0
-31.0
-25.0
-10.0
-16.0
-2.0
-52.0
-16.0
-16.0
-60.0
-558.0
-15.0
-54.0
-616.0
-37.0
-247.0
-68.0
-47.0
-27.0
-15.0
-23.0
-14.914999999999992
-11.0
-17.0
-23.0
-19.0
-14.0
-1.0
-6.0
-17.0
-12.0
-19.0
-1.0
-57.0
-30.0
-692.0
-21.0
-458.0
-1.0
-17.0
-29.0
-23.0
-36.5
-57.0
-3.0
-2.9499999999999886
-770.0
-565.0
-99.0
-168.0
-12.0
-7.0
-31.0
-115.0
-10.0
-102.0
-515.0
-162.0
-336.0
-10.0
-94.0
-104.0
-20.0
-88.79999999999995
-60.0
-158.0
-98.0
-15.0
-39.0
-71.86500000000001
-98.0
-97.0
-18.0
-24.0
-10.0
-419.0
-770.0
-5.0
-81.0
-133.0
-527.08
-33.0
-11.0
-106.0
-438.0
-301.0
-46.0
-105.0
-74.0
-26.0
-93.0
-14.0
-123.0
-26.86500000000001
-5.0
-27.0
-250.0
-49.0
-25.0
-52.0
-66.0
-18.0
-30.0
-83.0
-38.0
-78.88
-71.0
-13.080000000000041
-16.0
-28.0
-1.0
-69.0
-58.0
-118.0
-25.0
-47.0
-27.0
-48.86500000000001
-4.0
-516.0
-804.0
-8.0
-21.0
-26.0
-18.0
-403.0
-55.0
-173.0
-296.0
-70.0
-634.0
-27.0
-785.0
-29.0
-148.0
-733.0
-17.0
-5.0
-6.0
-0.0
-6.0
-5.5
-39.0
-646.0
-623.0
-28.0
-15.0
-48.0
-48.0
-122.0
-29.0
-57.0
-28.0
-6.0
-42.0
-4.0
-10.0
-608.12
-16.0
-124.0
-44.0
-14.0
-50.0
-17.0
-2.0
-53.86500000000001
-36.0
-9.0
-280.0
-19.0
-36.0
-25.5
-26.0
-67.0
-29.0
-11.0
-16.0
-75.0
-74.0
-83.0
-399.0
-39.0
-39.0
-111.0
-460.0
-28.0
-84.0
-2.0
-34.0
-53.86500000000001
-612.0
-516.0
-6.0
-3.0
-1.0
-739.0
-1.0
-26.0
-68.0
-57.120000000000005
-727.0
-13.0
-26.0
-9.0
-64.0
-24.0
-44.0
-4.0
-13.0
-75.12
-51.0
-7.0
-39.0
-165.13
-24.0
-15.0
-17.0
-8.0
-3.0
-8.0
-32.0
-611.0
-50.0
-37.0
-58.0
-32.0
-169.0
-56.0
-52.0
-71.0
-54.0
-48.120000000000005
-107.0
-38.0
-1.0
-6.0
-30.0
-491.105
-6.0
-18.0
-7.0
-4.0
-7.0
-792.0
-7.0
-25.0
-57.0
-396.0
-77.0
-67.0
-172.0
-30.0
-11.0
-138.0
-192.0
-58.0
-76.0
-57.0
-15.0
-112.88
-19.0
-8.894999999999982
-26.0
-77.0
-22.0
-2.0
-2.0
-2.0
-7.0
-65.0
-5.0
-32.0
-10.0
-17.0
-24.0
-40.0
-25.0
-51.0
-46.0
-259.0
-5.0
-35.0
-14.0
-38.0
-22.0
-5.5
-643.0
-58.0
-25.0
-5.0
-19.0
-20.0
-33.0
-30.0
-4.0
-77.0
-23.0
-44.0
-48.0
-68.0
-43.0
-168.0
-38.0
-6.0
-19.0
-14.0
-308.0
-758.0
-49.0
-51.5
-33.0
-18.0
-28.0
-2.0
-21.0
-25.0
-5.0
-133.0
-30.0
-44.0
-794.0
-21.0
-50.879999999999995
-20.0
-42.0
-72.0
-79.0
-221.0
-32.0
-52.0
-3.0
-57.0
-1.0
-8.894999999999982
-36.0
-15.0
-312.0
-3.5
-22.0
-5.0
-5.0
-113.0
-84.0
-54.0
-560.0
-28.0
-342.0
-79.0
-40.0
-99.0
-540.08
-75.0
-70.0
-22.0
-15.0
-51.0
-1.0
-2.9199999999999875
-12.0
-4.0
-571.0
-497.0
-15.0
-16.0
-3.0
-69.0
-256.0
-33.0
-5.0
-56.08000000000004
-10.0
-30.0
-3.0
-63.0
-39.0
-273.0
-79.0
-130.0
-19.0
-38.0
-10.0
-13.39500000000001
-48.0
-254.0
-13.0
-2.0
-7.0
-14.0
-27.0
-49.0
-93.0
-21.0
-3.0
-126.0
-41.0
-26.0
-35.0
-55.0
-44.0
-127.0
-40.0
-78.0
-14.0
-34.0
-69.0
-8.870000000000005
-456.0
-8.0
-12.0
-13.0
-647.0
-8.0
-95.0
-59.0
-402.0
-40.0
-9.0
-15.0
-17.879999999999995
-36.0
-56.0
-45.0
-222.0
-13.0
-23.0
-329.0
-37.0
-67.0
-47.0
-40.86500000000001
-830.0
-31.0
-3.0
-606.0
-4.0
-15.0
-233.0
-7.0
-4.0
-37.0
-55.0
-37.0
-795.0
-203.0
-37.0
-61.0
-51.0
-64.0
-14.0
-8.0
-29.0
-203.0
-36.0
-45.5
-47.0
-20.0
-18.120000000000005
-12.0
-21.0
-4.5
-2.5
-69.0
-48.0
-264.0
-59.0
-10.259999999999991
-9.5
-17.5
-12.0
-55.0
-174.0
-20.0
-613.0
-14.0
-26.0
-16.0
-9.0
-51.5
-34.0
-31.0
-5.0
-27.0
-15.0
-13.0
-7.0
-136.0
-393.0
-59.0
-14.0
-712.0
-19.0
-243.0
-18.0
-30.0
-436.0
-192.88
-164.0
-94.0
-85.12
-630.0
-148.0
-588.135
-27.5
-23.0
-11.0
-6.0
-10.0
-22.0
-3.0
-265.0
-2.0
-57.0
-31.0
-7.0
-85.0
-23.0
-187.0
-149.0
-162.0
-14.0
-144.0
-5.0
-38.0
-295.0
-9.0
-25.860000000000014
-23.0
-14.0
-5.0
-23.0
-1.0
-705.0
-44.0
-111.12
-275.0
-56.0
-1.0
-48.0
-72.0
-0.0
-2.0
-6.0
-25.0
-25.0
-215.88
-59.0
-79.0
-5.0
-91.0
-45.94999999999999
-643.0
-24.0
-11.0
-16.0
-46.0
-397.0
-109.0
-4.360000000000014
-59.48000000000002
-37.0
-38.0
-33.32000000000005
-59.67999999999995
-9.67999999999995
-86.0
-96.0
-61.0
-26.0
-4.0
-57.0
-24.0
-40.0
-59.120000000000005
-59.88499999999999
-521.48
-24.0
-750.0
-5.0
-0.0
-778.0
-20.0
-46.0
-43.0
-31.91999999999996
-132.0
-84.10000000000002
-13.0
-7.0
-8.120000000000005
-3.0
-24.0
-37.0
-153.0
-9.0
-55.0
-34.0
-10.0
-11.115000000000009
-10.0
-2.0
-825.0
-7.0
-16.0
-12.0
-734.0
-84.0
-18.0
-57.0
-23.0
-33.51999999999998
-19.5
-7.0
-9.0
-24.0
-17.0
-45.0
-408.5
-12.0
-7.0
-22.5
-13.0
-22.5
-20.0
-16.5
-4.5
-3.0
-4.5
-7.5
-6.5
-767.0
-527.0
-46.0
-36.0
-12.259999999999991
-9.5
-418.5
-14.0
-44.0
-48.5
-560.0
-47.5
-32.5
-32.5
-496.5
-452.0
-99.5
-3.0
-215.0
-14.0
-10.0
-15.0
-8.0
-16.0
-127.0
-402.0
-124.0
-17.0
-4.0
-89.0
-44.0
-9.879999999999995
-7.0
-14.0
-85.0
-50.0
-65.0
-339.0
-23.0
-10.0
-42.88499999999999
-508.0
-5.0
-29.0
-0.0
-7.0
-5.0
-10.0
-19.0
-301.0
-16.0
-1.0
-7.0
-32.0
-25.0
-36.0
-18.0
-333.12
-15.0
-146.0
-37.0
-50.0
-279.0
-426.0
-9.884999999999991
-433.0
-61.0
-19.0
-35.0
-4.0
-16.0
-22.0
-3.0
-172.0
-57.0
-53.0
-14.0
-6.0
-14.0
-23.0
-15.0
-44.0
-11.080000000000041
-42.51999999999998
-26.519999999999982
-62.0
-11.0
-33.0
-506.18
-15.0
-809.0
-4.0
-12.0
-3.0
-15.0
-8.0
-38.0
-66.0
-37.0
-248.0
-1.0
-98.0
-42.0
-281.0
-292.0
-275.12
-10.0
-63.0
-87.0
-36.0
-36.0
-21.0
-16.680000000000007
-16.0
-9.0
-1.0
-44.0
-8.0
-8.0
-47.0
-8.0
-84.0
-69.0
-27.0
-23.0
-51.0
-14.0
-22.0
-16.0
-20.0
-79.0
-94.0
-170.0
-42.0
-775.0
-24.0
-2.319999999999993
-28.0
-1.0
-3.0
-11.0
-18.0
-17.0
-106.0
-132.0
-97.0
-32.0
-50.0
-64.0
-31.0
-18.0
-360.0
-53.0
-58.0
-25.0
-74.0
-39.0
-14.0
-15.0
-3.0
-4.5
-127.0
-4.5
-0.5
-319.0
-36.0
-34.0
-2.0
-9.0
-50.0
-85.0
-566.0
-46.0
-349.0
-90.0
-152.0
-86.0
-68.0
-46.0
-32.0
-18.0
-32.0
-13.0
-330.0
-16.5
-17.0
-814.0
-22.0
-9.0
-37.0
-4.0
-3.0
-100.0
-98.88
-55.0
-12.0
-38.0
-412.0
-40.0
-41.0
-12.0
-303.08000000000004
-243.0
-77.0
-186.0
-69.0
-59.0
-4.0
-16.180000000000007
-7.0
-4.0
-10.0
-8.0
-22.0
-3.0
-23.0
-17.0
-50.0
-5.0
-8.0
-9.0
-4.0
-17.0
-33.0
-22.0
-36.0
-229.0
-42.0
-290.0
-32.0
-45.0
-2.0
-40.31999999999999
-452.0
-8.0
-2.0
-12.0
-16.0
-3.0
-3.0
-80.12
-25.0
-4.0
-14.0
-11.0
-6.0
-16.0
-14.0
-23.0
-16.0
-32.0
-98.0
-9.0
-61.0
-19.0
-0.0
-8.680000000000007
-10.0
-702.0
-76.0
-8.0
-27.0
-13.0
-24.0
-651.0
-296.0
-17.0
-67.08000000000004
-32.0
-19.120000000000005
-28.0
-48.0
-53.0
-41.0
-18.0
-26.0
-317.0
-90.0
-25.0
-20.0
-8.680000000000007
-5.0
-36.0
-23.0
-265.0
-596.0
-7.0
-11.0
-19.0
-1.0
-22.0
-728.0
-83.0
-0.0
-17.0
-15.0
-3.0
-7.0
-536.0
-17.879999999999995
-48.0
-40.0
-11.0
-92.0
-457.0
-45.0
-303.0
-65.0
-42.46500000000003
-1.5
-20.0
-6.5
-8.0
-506.0
-809.0
-16.0
-10.0
-49.0
-18.0
-35.0
-0.0
-10.0
-13.0
-47.0
-16.0
-13.0
-34.0
-2.0
-48.0
-47.0
-8.0
-25.079999999999984
-15.465000000000032
-12.0
-31.0
-6.5
-0.0
-0.0
-7.0
-10.0
-28.0
-25.0
-1.0
-40.0
-50.0
-54.0
-22.0
-435.0
-10.0
-19.879999999999995
-134.0
-40.0
-6.0
-27.0
-243.0
-36.0
-59.46500000000003
-9.0
-29.0
-6.0
-51.0
-34.0
-27.0
-339.0
-29.0
-3.0
-664.0
-52.0
-27.0
-64.0
-9.0
-662.0
-619.0
-6.0
-43.0
-29.0
-23.0
-38.0
-28.0
-48.0
-26.07499999999999
-2.0
-14.0
-17.0
-1.0
-1.0
-4.0
-17.0
-8.0
-29.560000000000002
-11.0
-13.0
-90.0
-8.0
-40.0
-6.0
-12.0
-82.0
-35.0
-33.0
-27.0
-23.0
-245.0
-0.0
-22.07499999999999
-14.0
-18.0
-11.0
-151.0
-16.0
-401.0
-11.0
-110.0
-23.0
-52.120000000000005
-1.0
-51.0
-449.0
-70.0
-40.0
-17.879999999999995
-49.0
-107.0
-67.0
-5.0
-92.0
-323.0
-285.0
-41.46500000000003
-18.0
-3.0
-27.0
-17.0
-14.0
-11.0
-25.0
-628.0
-80.0
-56.960000000000036
-34.039999999999964
-12.0
-547.0
-5.0
-23.08000000000004
-17.0
-1.0
-548.0
-25.0
-108.0
-109.12
-12.0
-1.0
-81.53499999999997
-72.0
-445.0
-9.0
-32.0
-9.0
-38.0
-117.0
-25.0
-28.0
-43.0
-9.0
-38.0
-0.0
-2.0
-41.0
-56.0
-17.0
-75.0
-359.0
-21.0
-46.0
-61.0
-10.0
-61.05000000000001
-18.5
-0.0
-13.0
-8.0
-4.0
-326.0
-5.0
-16.0
-27.0
-29.0
-14.0
-7.0
-20.0
-31.879999999999995
-4.8799999999999955
-49.0
-9.0
-0.20000000000004547
-1.0
-135.0
-178.0
-13.0
-24.0
-10.514999999999986
-1.0
-23.0
-34.0
-651.0
-19.0
-801.0
-58.0
-13.0
-111.0
-32.0
-4.0
-63.0
-9.0
-14.120000000000005
-26.0
-34.0
-27.0
-123.0
-27.0
-28.0
-55.0
-11.0
-53.0
-606.515
-2.0
-12.0
-10.0
-732.0
-13.0
-33.0
-20.0
-141.0
-760.88
-45.0
-3.0
-533.0
-1.0
-607.0
-12.0
-31.0
-3.0
-66.0
-175.0
-69.0
-40.0
-8.0
-12.0
-42.07499999999999
-60.0
-12.0
-10.0
-6.0
-3.0
-7.0
-43.0
-46.0
-398.0
-21.0
-29.0
-6.0
-21.0
-13.0
-35.0
-433.0
-48.0
-35.0
-31.0
-1.0
-19.0
-1.0
-789.0
-12.074999999999989
-7.0
-16.0
-13.0
-31.0
-1.0
-77.0
-5.0
-150.0
-280.0
-2.0
-38.0
-62.0
-432.0
-18.0
-22.0
-28.0
-9.0
-52.0
-11.0
-326.0
-10.0
-7.0
-26.0
-6.514999999999986
-3.0
-16.0
-10.0
-683.0
-597.5
-13.5
-33.0
-118.0
-155.0
-16.0
-71.0
-3.0
-42.0
-16.120000000000005
-19.0
-4.080000000000041
-30.0
-40.0
-10.120000000000005
-24.0
-20.0
-306.0
-4.0
-5.0800000000000125
-9.0
-37.0
-16.0
-13.0
-34.0
-20.0
-28.0
-612.0
-240.0
-25.0
-6.0
-28.0
-79.0
-19.0
-13.0
-4.0
-16.0
-4.0
-22.0
-219.0
-43.0
-26.0
-23.0
-85.55000000000001
-12.0
-4.0
-7.0
-7.0
-6.0
-89.0
-18.0
-311.0
-10.0
-44.0
-1.0
-36.0
-1.0
-471.0
-60.879999999999995
-44.0
-27.0
-21.0
-49.0
-52.0
-111.0
-21.0
-35.0
-7.449999999999989
-27.0
-313.0
-7.0
-16.0
-18.0
-4.0
-407.0
-138.0
-152.0
-11.0
-18.0
-39.0
-59.879999999999995
-635.0
-26.879999999999995
-36.0
-10.0
-56.0
-321.0
-8.0
-16.0
-11.0
-5.0
-7.449999999999989
-18.0
-20.0
-20.0
-415.0
-30.0
-5.0
-18.0
-5.0
-23.0
-70.0
-66.0
-13.0
-19.0
-9.0
-27.0
-10.0
-1.0
-21.0
-8.0
-53.0
-17.0
-34.0
-31.0
-17.07499999999999
-32.0
-631.0
-147.0
-28.0
-447.0
-16.0
-53.0
-508.0
-57.0
-23.0
-34.0
-54.0
-35.0
-32.0
-753.0
-45.0
-30.0
-27.0
-760.0
-24.0
-22.0
-41.0
-24.0
-11.074999999999989
-16.0
-838.0
-25.0
-255.0
-33.0
-3.0
-22.0
-597.0
-21.0
-501.0
-83.0
-90.0
-13.480000000000018
-186.48000000000002
-89.12
-62.67999999999995
-25.67999999999995
-82.44000000000005
-52.879999999999995
-9.0
-8.0
-14.120000000000005
-5.0
-25.55000000000001
-639.0
-6.0
-13.0
-9.0
-80.0
-84.0
-30.0
-17.0
-405.0
-86.20000000000005
-610.8
-156.20000000000005
-328.79999999999995
-9.200000000000045
-56.75999999999999
-2.240000000000009
-735.24
-4.759999999999991
-40.0
-39.0
-25.0
-28.0
-8.0
-1.5500000000000114
-30.0
-10.0
-3.0
-16.0
-0.0
-33.0
-437.0
-30.0
-28.0
-25.0
-87.0
-52.0
-28.0
-16.0
-111.0
-35.0
-7.1200000000000045
-40.0
-105.0
-14.0
-77.0
-21.0
-14.0
-1.5500000000000114
-33.0
-607.0
-35.0
-763.0
-474.0
-4.0
-13.0
-48.0
-4.480000000000018
-69.48000000000002
-0.0
-52.0
-73.0
-6.919999999999959
-394.0
-91.0
-251.0
-190.51999999999998
-23.519999999999982
-18.0
-125.0
-79.0
-136.0
-218.55
-631.0
-168.0
-176.0
-171.0
-13.0
-183.0
-194.0
-24.0
-33.0
-32.0
-72.0
-42.0
-13.0
-78.0
-88.0
-11.0
-81.0
-6.0
-5.0
-18.0
-249.0
-106.0
-111.0
-22.03
-9.0
-6.0
-15.0
-1.0
-16.0
-193.0
-175.0
-11.0
-19.0
-7.0
-26.0
-28.0
-25.0
-179.0
-17.0
-10.0
-9.0
-8.0
-3.0
-30.0
-22.0
-29.0
-10.0
-6.545000000000044
-545.0
-36.0
-9.0
-124.0
-13.0
-9.0
-486.0
-12.0
-436.0
-368.0
-54.0
-18.0
-48.0
-11.0
-40.0
-705.0
-13.0
-33.0
-826.0
-5.5
-14.0
-3.0
-40.0
-364.06
-35.0
-26.0
-14.0
-3.0
-189.0
-6.0
-11.0
-568.0
-16.0
-55.0
-38.0
-21.0
-60.0
-87.0
-515.0
-76.20000000000005
-295.0
-22.0
-88.0
-13.0
-70.0
-20.079999999999984
-8.0
-25.55000000000001
-9.0
-15.0
-3.0
-13.0
-14.0
-829.0
-9.0
-25.0
-365.0
-85.0
-36.879999999999995
-7.0
-8.0
-1.0
-138.0
-133.0
-532.0
-39.0
-9.0
-10.879999999999995
-15.0
-51.0
-90.0
-7.449999999999989
-547.0
-15.0
-10.0
-4.0
-148.0
-15.0
-71.0
-499.0
-3.0
-335.0
-96.12
-28.0
-76.0
-12.0
-74.0
-23.0
-13.0
-7.0
-33.0
-577.0
-48.0
-490.0
-57.0
-25.55000000000001
-72.0
-654.0
-2.0
-3.0
-13.0
-33.0
-10.0
-114.0
-21.0
-64.0
-63.0
-41.0
-24.0
-8.0
-59.120000000000005
-39.0
-7.0
-20.0
-7.0
-61.0
-536.88
-2.0
-16.0
-44.01999999999998
-212.0
-31.5
-50.0
-384.5
-455.39
-56.610000000000014
-1.5
-111.24000000000001
-313.40999999999997
-63.83000000000004
-103.91999999999996
-563.08
-51.91999999999996
-701.08
-14.399999999999977
-13.600000000000023
-10.600000000000023
-133.39999999999998
-87.60000000000002
-258.6
-15.600000000000023
-31.399999999999977
-3.0
-10.420000000000016
-14.0
-849.0
-14.0
-61.0
-2.0
-22.0
-43.0
-143.0
-8.0
-37.0
-17.0
-1.0
-15.0
-22.0
-71.0
-611.0
-22.0
-15.0
-28.0
-393.5
-482.0
-7.0
-3.0
-8.409999999999997
-689.0
-22.0
-15.0
-3.0
-589.0
-580.0
-11.0
-440.0
-34.0
-53.0
-18.0
-7.0
-17.0
-4.0
-5.0
-156.0
-4.0
-4.0
-59.0
-63.0
-71.0
-771.0
-23.0
-8.409999999999997
-16.0
-36.0
-9.0
-9.0
-21.0
-6.0
-6.0
-180.0
-8.0
-159.0
-157.0
-18.0
-121.0
-188.0
-193.0
-32.0
-184.0
-21.08000000000004
-5.0
-18.0
-71.0
-45.0
-151.0
-15.420000000000016
-4.0
-4.0
-3.0
-11.0
-4.0
-12.0
-9.0
-190.0
-22.0
-102.0
-44.0
-38.879999999999995
-131.0
-25.0
-29.0
-53.0
-50.0
-111.88
-43.0
-0.0
-38.0
-23.0
-348.0
-20.420000000000016
-14.0
-16.0
-0.0
-1.0
-0.0
-2.0
-18.0
-407.0
-12.0
-98.0
-9.0
-14.0
-25.0
-25.0
-21.0
-4.0
-20.120000000000005
-76.0
-2.0
-60.0
-88.0
-43.0
-1.0
-174.57999999999998
-9.0
-30.0
-364.0
-5.0
-6.0
-19.0
-29.0
-15.0
-23.0
-27.0
-68.0
-19.0
-31.0
-44.0
-60.0
-34.0
-14.0
-141.0
-1.0
-112.88
-31.0
-27.0
-4.0
-83.42000000000002
-16.0
-19.0
-31.0
-22.0
-1.0
-24.0
-9.0
-6.0
-25.0
-88.0
-64.91999999999996
-26.0
-2.0
-47.0
-29.0
-30.0
-21.0
-146.0
-19.0
-36.0
-83.0
-16.0
-35.0
-20.420000000000016
-33.0
-679.0
-527.0
-3.0
-11.0
-22.0
-3.0
-671.0
-14.0
-36.0
-33.0
-83.0
-8.0
-25.04000000000002
-9.04000000000002
-16.0
-35.0
-234.0
-3.0
-2.0
-7.0
-30.0
-31.0
-5.590000000000003
-27.0
-3.0
-52.0
-22.0
-38.0
-313.0
-20.0
-530.0
-19.0
-33.0
-35.0
-40.0
-32.0
-11.0
-44.51999999999998
-35.51999999999998
-61.0
-127.0
-11.0
-40.0
-9.0
-60.0
-44.0
-36.59
-19.0
-30.0
-10.0
-3.0
-711.0
-16.0
-826.0
-25.0
-74.0
-298.12
-28.879999999999995
-328.0
-18.0
-281.0
-11.0
-84.0
-250.0
-131.0
-102.0
-330.0
-7.0
-73.0
-23.0
-739.14
-12.0
-12.0
-22.0
-0.0
-8.0
-10.0
-22.0
-20.0
-35.0
-29.0
-40.0
-22.0
-20.0
-48.0
-99.0
-19.0
-70.80000000000001
-0.8000000000000114
-0.7599999999999909
-23.5
-20.569999999999993
-25.5
-37.5
-17.0
-14.5
-1.5
-625.0
-559.0
-13.0
-74.0
-733.0
-1.0
-9.0
-12.0
-36.0
-33.0
-37.0
-8.0
-13.0
-72.0
-75.0
-22.0
-10.0
-8.0
-7.569999999999993
-28.0
-23.0
-36.0
-7.0
-757.0
-46.0
-23.0
-17.0
-349.0
-76.0
-25.0
-10.0
-224.0
-89.0
-149.0
-452.0
-2.0
-138.0
-186.44
-85.56
-51.0
-193.0
-8.0
-773.5699999999999
-9.0
-29.0
-422.0
-33.0
-602.0
-19.0
-24.0
-198.0
-85.0
-124.0
-32.0
-36.0
-12.0
-16.0
-13.560000000000002
-51.0
-57.0
-72.0
-7.0
-10.0
-0.0
-9.0
-9.0
-53.66
-621.5
-48.5
-63.0
-45.0
-17.5
-3.0
-26.0
-18.0
-14.0
-65.0
-61.0
-93.0
-44.0
-47.0
-65.0
-27.0
-9.0
-60.0
-7.0
-7.0
-4.0
-19.0
-9.0
-18.659999999999997
-594.0
-9.0
-12.0
-42.0
-19.5
-10.0
-118.0
-9.0
-16.0
-161.0
-40.0
-606.0
-54.0
-57.0
-574.0
-20.0
-61.0
-10.0
-30.0
-218.0
-8.0
-64.0
-16.0
-0.5699999999999932
-24.0
-19.0
-4.0
-11.0
-198.0
-137.0
-597.0
-29.0
-129.0
-373.0
-89.0
-46.0
-66.0
-45.0
-17.0
-12.0
-163.0
-7.0
-289.0
-30.0
-141.0
-46.0
-23.0
-533.5699999999999
-112.0
-52.0
-12.0
-8.0
-17.0
-2.0
-215.0
-9.0
-115.0
-45.0
-36.0
-15.0
-11.0
-28.0
-31.0
-42.0
-46.0
-23.0
-20.0
-539.0
-680.0
-56.0
-34.0
-34.56999999999999
-115.5
-10.0
-7.0
-326.5
-254.0
-45.0
-17.5
-546.52
-67.50999999999999
-44.0
-36.0
-37.0
-32.0
-13.0
-466.0
-24.0
-65.0
-27.0
-62.0
-103.0
-17.0
-690.0
-801.0
-36.56999999999999
-2.5
-1.0
-11.0
-4.0
-3.0
-386.0
-25.0
-14.0
-221.0
-93.03999999999996
-800.04
-55.0
-30.0
-182.0
-160.0
-124.0
-138.0
-8.0
-243.0
-70.0
-391.0
-16.0
-18.0
-7.569999999999993
-8.5
-18.0
-6.0
-11.0
-5.0
-3.5
-30.5
-7.0
-675.0
-48.0
-633.0
-217.0
-7.0
-30.0
-23.0
-22.0
-19.0
-30.0
-27.0
-523.0
-23.0
-2.0
-6.0
-48.66
-10.5
-38.0
-858.0
-32.0
-26.0
-8.0
-151.5
-453.0
-68.0
-15.0
-26.0
-9.0
-424.0
-97.0
-23.519999999999982
-780.48
-84.0
-23.0
-18.0
-16.0
-16.0
-13.0
-182.0
-18.659999999999997
-38.0
-25.0
-9.0
-7.0
-25.0
-4.0
-26.0
-243.0
-33.0
-51.0
-27.0
-22.0
-26.0
-13.0
-76.0
-11.0
-26.0
-38.0
-115.0
-42.0
-11.0
-15.0
-13.0
-7.569999999999993
-27.0
-30.0
-32.0
-40.0
-27.0
-35.0
-17.0
-145.0
-97.0
-177.0
-23.0
-6.0
-35.0
-11.0
-42.0
-35.0
-13.0
-7.0
-2.0
-20.0
-13.0
-475.0
-1.0
-25.569999999999993
-4.0
-17.0
-21.0
-5.0
-417.0
-19.0
-16.0
-148.0
-210.0
-23.0
-28.0
-3.0
-31.0
-22.0
-24.0
-9.0
-19.0
-31.0
-94.0
-7.0
-8.0
-18.0
-75.0
-36.56999999999999
-7.0
-71.0
-21.0
-5.0
-40.0
-19.0
-21.0
-130.0
-13.0
-21.0
-338.0
-34.0
-468.0
-166.0
-50.0
-18.0
-11.0
-78.0
-27.0
-15.0
-20.399999999999977
-424.0
-54.0
-124.57
-12.0
-367.0
-30.0
-658.0
-27.0
-78.0
-5.0
-364.0
-20.0
-37.0
-41.0
-47.0
-32.0
-28.0
-19.0
-7.0
-411.0
-103.0
-226.0
-10.0
-358.0
-380.0
-28.0
-65.66
-26.0
-18.0
-19.0
-143.0
-16.0
-30.0
-5.0
-24.0
-17.0
-17.0
-26.0
-7.0
-68.0
-6.0
-25.0
-1.0
-96.0
-9.0
-5.0
-10.0
-11.0
-509.0
-14.5
-18.659999999999997
-19.0
-8.0
-856.0
-18.0
-5.5
-2.5
-3.0
-153.0
-28.0
-35.0
-324.0
-35.0
-19.0
-133.0
-2.0
-18.0
-86.0
-12.0
-23.0
-7.0
-72.0
-202.0
-17.0
-25.569999999999993
-620.0
-13.0
-707.0
-15.0
-19.0
-1.0
-118.0
-213.0
-2.0
-22.0
-5.0
-7.0
-21.0
-31.0
-60.0
-28.0
-56.0
-294.0
-14.0
-51.0
-120.0
-49.0
-354.0
-7.569999999999993
-16.0
-25.0
-8.0
-10.0
-25.0
-6.0
-2.0
-161.0
-192.0
-39.0
-1.0
-72.0
-586.0
-15.0
-299.0
-66.0
-36.0
-33.0
-78.0
-78.0
-48.0
-31.0
-5.0
-24.430000000000007
-18.0
-204.0
-1.0
-15.0
-2.0
-6.0
-4.5
-5.439999999999998
-46.0
-48.0
-29.0
-41.0
-91.0
-57.0
-346.0
-28.0
-38.0
-9.0
-211.0
-41.0
-23.0
-7.0
-49.0
-7.569999999999993
-20.0
-6.0
-22.0
-222.5
-224.0
-2.0
-697.0
-2.0
-8.0
-33.0
-17.0
-16.0
-31.0
-13.0
-130.0
-46.0
-6.0
-37.0
-83.0
-20.0
-613.0
-7.0
-807.0
-459.57
-516.0
-15.0
-27.0
-29.0
-5.0
-24.0
-241.0
-48.0
-40.0
-48.0
-11.0
-96.0
-8.920000000000016
-54.079999999999984
-33.0
-21.0
-13.0
-57.0
-19.0
-13.0
-12.0
-498.0
-14.0
-53.66
-34.0
-16.0
-33.0
-29.0
-801.0
-9.0
-21.0
-8.0
-304.0
-48.0
-3.0
-15.0
-22.0
-163.0
-16.0
-30.0
-19.0
-15.0
-40.0
-3.0
-1.0
-8.0
-425.0
-18.659999999999997
-19.0
-23.0
-19.0
-12.0
-33.0
-44.0
-31.0
-225.0
-500.0
-47.0
-49.0
-42.0
-134.0
-7.0
-89.0
-90.0
-150.0
-18.0
-183.0
-60.0
-690.0
-51.0
-57.0
-72.57
-97.0
-90.0
-325.0
-86.0
-101.0
-86.0
-26.0
-407.0
-13.0
-5.480000000000018
-42.48000000000002
-8.519999999999982
-6.519999999999982
-29.519999999999982
-20.519999999999982
-428.08000000000004
-34.91999999999996
-27.08000000000004
-19.08000000000004
-66.83999999999997
-578.1600000000001
-59.839999999999975
-5.0
-15.569999999999993
-175.0
-0.5
-24.5
-184.5
-8.0
-9.5
-13.5
-31.360000000000014
-5.67999999999995
-16.67999999999995
-62.32000000000005
-15.0
-7.0
-21.0
-61.0
-40.0
-3.0
-4.0
-70.0
-42.0
-24.0
-4.480000000000018
-15.480000000000018
-45.56999999999999
-25.0
-5.0
-4.0
-0.0
-15.0
-19.5
-19.5
-7.0
-33.0
-31.0
-21.0
-28.0
-22.0
-113.0
-55.48000000000002
-34.51999999999998
-40.0
-79.0
-68.0
-12.0
-7.0
-2.0
-30.0
-45.56999999999999
-3.0
-21.0
-9.0
-12.0
-17.0
-9.5
-32.5
-17.0
-4.0
-124.0
-87.0
-30.0
-3.0
-104.0
-26.0
-4.0
-17.0
-59.0
-208.0
-70.0
-29.0
-1.0
-42.0
-0.5699999999999932
-300.0
-25.0
-0.0
-21.0
-7.0
-6.0
-16.0
-62.0
-568.0
-2.0
-29.0
-151.0
-6.0
-72.0
-26.0
-43.0
-25.0
-39.0
-2.0
-16.0
-9.0
-15.0
-23.0
-592.66
-243.5
-27.5
-24.5
-20.0
-62.5
-1.0
-29.0
-379.0
-25.0
-0.0
-7.0
-12.0
-7.0
-29.0
-7.0
-591.0
-20.0
-28.0
-25.0
-7.0
-11.0
-184.0
-16.0
-18.659999999999997
-7.0
-40.0
-25.0
-21.0
-15.0
-16.5
-28.5
-74.56
-33.0
-6.0
-486.0
-34.0
-140.0
-15.0
-27.0
-487.0
-16.0
-342.32000000000005
-79.68
-4.680000000000007
-621.0
-10.0
-533.0
-7.569999999999993
-5.0
-21.0
-28.5
-20.0
-484.0
-42.5
-421.0
-7.0
-37.0
-9.0
-512.0
-67.0
-3.0
-43.48000000000002
-17.519999999999982
-5.519999999999982
-14.519999999999982
-7.0
-95.0
-103.0
-1.920000000000016
-449.92
-20.0
-18.569999999999993
-23.0
-10.0
-379.0
-13.0
-21.0
-88.0
-64.0
-22.0
-38.0
-50.0
-50.51999999999998
-257.52
-197.0
-59.0
-651.0
-28.0
-14.0
-43.0
-516.0
-8.0
-33.0
-1.0
-42.0
-47.0
-7.0
-24.0
-46.5
-6.5
-7.5
-15.0
-10.0
-20.0
-61.0
-440.0
-16.0
-27.0
-17.0
-21.0
-1.0
-8.0
-0.0
-367.0
-62.0
-257.0
-0.0
-32.0
-50.0
-328.06
-30.0
-13.0
-17.0
-24.0
-20.0
-7.0
-27.0
-3.0
-84.0
-8.0
-400.0
-89.0
-145.0
-19.0
-24.0
-12.0
-20.0
-50.0
-57.0
-55.0
-5.0
-12.0
-19.0
-51.06
-13.5
-5.5
-26.5
-35.0
-26.0
-53.0
-41.0
-166.0
-1.0
-12.0
-7.0
-64.0
-353.0
-73.0
-30.0
-42.0
-28.0
-1.0
-419.0
-66.0
-54.0
-79.0
-11.0
-23.169999999999987
-14.0
-6.0
-2.0
-347.0
-13.0
-42.0
-340.0
-66.0
-43.0
-21.0
-18.0
-5.0
-47.0
-65.0
-7.0
-7.0
-78.0
-73.0
-10.0
-543.0
-13.0
-40.0
-37.0
-78.63499999999999
-40.0
-34.0
-92.0
-38.96000000000001
-19.960000000000008
-2.5
-26.0
-67.0
-50.0
-37.0
-32.0
-79.0
-113.0
-87.0
-436.55999999999995
-33.440000000000055
-19.0
-54.0
-248.0
-31.0
-27.0
-7.0
-317.0
-51.06
-7.0
-16.0
-16.0
-33.0
-39.0
-19.0
-26.0
-622.0
-100.0
-58.0
-26.0
-119.0
-82.0
-552.0
-75.0
-59.0
-66.0
-70.0
-9.0
-192.0
-22.0
-17.0
-3.0
-417.06
-21.0
-33.0
-41.0
-25.0
-31.0
-7.0
-39.0
-107.0
-62.0
-69.0
-123.0
-220.0
-270.0
-19.0
-14.0
-60.0
-60.0
-80.0
-34.0
-24.0
-19.0
-4.0
-14.0
-1.0600000000000023
-11.0
-8.0
-34.0
-34.0
-36.0
-37.0
-26.0
-145.0
-102.0
-45.0
-28.0
-90.0
-32.0
-46.0
-21.0
-252.0
-21.0
-108.0
-78.0
-555.0
-266.0
-34.56999999999999
-28.0
-13.0
-21.0
-1.0
-474.0
-135.0
-745.0
-22.0
-3.0
-64.0
-7.0
-37.0
-62.0
-40.0
-640.0
-94.0
-69.0
-73.0
-39.0
-56.0
-0.0
-96.0
-10.0
-20.569999999999993
-1.0
-22.0
-11.0
-76.0
-13.0
-9.0
-22.0
-24.0
-132.0
-21.0
-8.0
-55.0
-46.0
-94.0
-339.0
-54.0
-275.0
-107.0
-6.0
-652.0
-4.0
-60.0
-19.0
-34.56999999999999
-45.0
-14.0
-9.0
-9.0
-489.0
-77.0
-24.0
-72.04000000000002
-67.96000000000004
-22.0
-61.0
-111.0
-21.0
-394.0
-31.0
-14.0
-37.0
-12.0
-49.0
-71.0
-33.0
-22.0
-21.0
-661.5699999999999
-13.0
-2.0
-8.0
-1.0
-13.0
-14.0
-26.0
-29.0
-64.0
-9.0
-13.0
-32.0
-70.0
-11.0
-102.0
-493.0
-58.0
-4.0
-21.0
-17.0
-39.0
-7.0
-21.0
-7.569999999999993
-74.0
-322.0
-450.0
-7.0
-10.0
-9.0
-13.0
-151.0
-53.0
-70.56
-92.56
-93.0
-65.0
-72.0
-87.0
-84.0
-639.0
-65.0
-796.0
-19.0
-151.0
-154.0
-678.0
-66.94
-73.0
-71.0
-77.0
-20.0
-3.0
-11.0
-14.0
-25.0
-44.0
-96.0
-90.0
-138.0
-84.0
-147.0
-102.0
-81.0
-93.0
-88.0
-40.0
-148.0
-21.0
-4.0
-33.0
-1.0600000000000023
-34.0
-32.0
-504.0
-2.0
-39.0
-43.0
-12.0
-341.0
-59.0
-319.0
-51.0
-399.0
-285.0
-607.0
-49.0
-63.0
-46.0
-149.0
-184.0
-48.0
-25.0
-270.0
-7.0
-20.569999999999993
-648.0
-13.0
-1.0
-13.0
-11.0
-346.0
-15.0
-13.0
-191.0
-78.0
-18.0
-688.0
-98.0
-118.0
-373.0
-130.0
-151.0
-10.0
-14.0
-74.0
-49.0
-9.0
-162.0
-7.569999999999993
-18.0
-6.0
-12.0
-9.0
-4.0
-26.0
-62.0
-68.0
-45.0
-65.0
-56.0
-25.0
-147.0
-288.0
-84.0
-100.0
-106.0
-44.0
-54.0
-60.0
-28.0
-27.0
-19.0
-15.569999999999993
-40.0
-27.0
-37.0
-21.0
-4.0
-19.0
-23.0
-42.0
-97.0
-257.0
-29.0
-6.0
-54.0
-36.0
-99.0
-116.0
-557.0
-155.0
-43.0
-62.0
-594.0
-21.0
-33.0
-35.56999999999999
-23.0
-24.0
-6.0
-12.0
-489.0
-10.0
-12.0
-38.0
-7.0
-102.0
-62.0
-83.0
-71.0
-80.0
-60.0
-46.0
-100.0
-96.0
-105.0
-49.0
-29.0
-54.0
-58.0
-418.57
-45.0
-441.0
-9.0
-2.0
-13.0
-17.0
-98.0
-42.0
-18.0
-131.0
-152.0
-110.0
-90.0
-101.0
-119.0
-121.0
-93.0
-670.0
-1.0
-15.0
-21.0
-17.0
-4.0
-11.939999999999998
-128.0
-70.0
-19.0
-11.0
-23.0
-11.0
-6.0
-589.0
-40.0
-84.56
-81.56
-83.0
-74.0
-80.0
-59.0
-56.0
-71.0
-44.0
-4.0
-139.0
-24.0
-11.0
-14.0
-15.060000000000002
-18.0
-19.0
-196.0
-13.0
-5.0
-9.0
-4.0
-520.0
-113.0
-65.0
-45.0
-4.0
-162.0
-175.0
-47.0
-61.0
-154.0
-33.0
-60.0
-10.0
-7.0
-16.0
-465.0
-3.569999999999993
-25.0
-44.0
-32.0
-40.0
-26.0
-7.0
-12.0
-113.0
-242.0
-1.0
-24.0
-132.0
-20.0
-27.0
-64.0
-35.0
-93.0
-77.0
-60.0
-20.0
-23.0
-5.0
-9.0
-27.430000000000007
-32.0
-18.0
-18.0
-603.0
-27.0
-0.0
-215.0
-108.0
-46.0
-21.0
-87.0
-42.0
-57.0
-109.0
-97.0
-45.0
-89.0
-85.0
-21.0
-9.0
-41.0
-4.0
-18.0
-58.43000000000001
-54.0
-42.0
-62.0
-39.0
-52.0
-60.0
-508.0
-211.0
-75.0
-88.96000000000004
-33.960000000000036
-24.0
-108.0
-155.0
-160.0
-144.0
-31.0
-135.0
-39.0
-21.0
-12.0
-27.0
-33.0
-27.430000000000007
-8.0
-2.0
-20.0
-768.0
-21.0
-9.0
-62.0
-122.0
-177.0
-57.0
-12.0
-143.0
-71.0
-24.0
-61.0
-91.0
-166.0
-23.0
-114.0
-31.0
-69.0
-572.0
-86.0
-23.430000000000007
-25.0
-593.0
-769.0
-54.0
-2.0
-182.0
-8.0
-86.0
-212.0
-20.0
-306.0
-6.0
-254.0
-431.0
-77.0
-79.0
-34.0
-33.0
-851.0
-117.0
-111.0
-244.0
-10.0
-78.43
-437.0
-436.0
-4.0
-24.0
-60.0
-60.0
-158.0
-25.0
-137.0
-74.0
-74.0
-78.0
-60.0
-76.0
-71.0
-72.0
-74.0
-81.0
-44.0
-388.0
-51.0
-208.0
-7.0
-15.060000000000002
-17.439999999999998
-1.4399999999999977
-1.0
-8.0
-0.0
-4.0
-10.0
-11.0
-25.400000000000006
-13.400000000000006
-7.0
-370.0
-9.0
-508.0
-8.0
-21.0
-1.0
-4.0
-10.0
-188.0
-41.0
-42.0
-62.0
-50.16999999999999
-307.0
-384.0
-870.0
-2.0
-5.0
-5.0
-14.0
-26.0
-384.0
-7.0
-23.0
-14.0
-2.0
-2.0
-6.960000000000008
-9.960000000000008
-5.0
-6.0
-4.0
-4.0
-10.0
-330.0
-7.0
-13.810000000000002
-900.0
-5.0
-683.0
-31.0
-792.0
-14.0
-38.0
-22.0
-13.0
-482.0
-19.0
-24.0
-8.0
-6.0
-6.0
-8.0
-3.0
-21.0
-13.0
-0.0
-3.0
-19.0
-3.0
-14.189999999999998
-6.0
-7.0
-803.0
-235.0
-6.0
-4.0
-14.0
-721.0
-15.0
-2.0
-4.0
-16.0
-2.5
-828.0
-9.0
-2.0
-792.0
-4.0
-1.0
-546.0
-1.0
-6.0
-6.0
-322.12
-5.0
-98.0
-2.0
-26.0
-1.0
-18.0
-17.0
-35.0
-4.0
-75.0
-10.0
-743.0
-558.0
-633.0
-72.28
-30.0
-21.0
-20.0
-25.0
-42.0
-26.0
-22.0
-14.0
-5.110000000000014
-8.0
-1.0
-23.0
-5.0
-16.439999999999998
-12.439999999999998
-765.0
-16.0
-20.0
-23.0
-36.0
-20.0
-54.0
-5.0
-45.28
-124.0
-3.0
-8.0
-1.0
-5.0
-12.0
-5.0
-4.0
-855.15
-3.0
-17.0
-18.0
-11.0
-18.0
-25.039999999999992
-775.96
-118.0
-331.0
-10.0
-461.0
-139.0
-139.0
-283.0
-171.0
-167.0
-204.48000000000002
-3.519999999999982
-172.0
-18.560000000000002
-35.0
-86.0
-48.5
-23.430000000000007
-47.0
-24.0
-42.0
-17.5
-175.0
-591.0
-243.48
-144.51999999999998
-20.0
-5.0
-199.0
-421.0
-468.0
-45.0
-81.0
-111.0
-121.0
-93.0
-101.0
-22.0
-3.0
-15.0
-76.0
-719.5699999999999
-47.0
-68.0
-61.0
-18.0
-9.0
-81.0
-71.0
-3.0
-72.0
-97.08000000000004
-4.919999999999959
-155.0
-175.0
-737.0
-52.0
-15.0
-13.0
-300.0
-5.0
-83.0
-35.0
-407.0
-9.0
-7.569999999999993
-2.0
-12.0
-6.0
-26.0
-374.0
-24.0
-57.0
-50.920000000000016
-109.08000000000004
-259.84000000000003
-300.84000000000003
-308.84000000000003
-39.84000000000003
-53.84000000000003
-141.0
-13.240000000000009
-188.76
-36.24000000000001
-4.240000000000009
-41.19999999999999
-8.199999999999989
-17.75999999999999
-3.5
-0.5699999999999932
-25.5
-5.5
-19.0
-824.5
-18.5
-12.0
-30.0
-7.0
-21.0
-29.0
-1.0
-592.0
-12.0
-64.0
-41.0
-37.0
-17.0
-13.0
-18.0
-12.0
-18.0
-1.0
-12.0
-43.56999999999999
-41.0
-20.0
-26.0
-20.0
-1.0
-37.0
-9.0
-7.0
-57.0
-42.0
-1.0
-620.0
-10.0
-9.0
-23.0
-44.0
-0.0
-55.0
-33.44
-83.56
-9.0
-24.0
-36.0
-27.430000000000007
-3.0
-19.0
-9.0
-836.0
-4.0
-7.0
-8.0
-68.0
-805.0
-17.0
-19.0
-15.0
-39.0
-7.0
-50.56
-14.0
-55.0
-3.0
-467.0
-735.0
-49.0
-40.0
-40.0
-4.659999999999997
-22.5
-20.5
-20.0
-36.0
-49.5
-19.0
-46.0
-58.0
-54.0
-203.0
-396.0
-431.0
-33.0
-11.0
-21.0
-16.0
-4.0
-16.0
-541.0
-7.0
-4.0
-33.0
-23.0
-4.659999999999997
-41.0
-23.0
-26.0
-624.0
-228.5
-48.0
-54.0
-103.0
-16.0
-75.0
-812.0
-147.0
-17.0
-57.0
-28.0
-15.0
-64.0
-8.0
-33.0
-15.0
-1.0
-32.0
-46.0
-241.57
-25.0
-34.0
-22.0
-2.0
-31.0
-37.0
-48.0
-19.0
-57.0
-79.0
-56.0
-17.0
-41.0
-75.0
-36.0
-72.0
-68.0
-15.0
-275.0
-81.0
-57.0
-18.0
-285.0
-20.430000000000007
-24.0
-3.0
-24.0
-12.0
-334.0
-61.0
-39.0
-40.0
-14.0
-27.0
-39.0
-4.0
-11.0
-2.0
-40.0
-15.0
-40.0
-23.0
-70.0
-12.0
-41.0
-11.0
-4.0
-0.5699999999999932
-19.5
-13.0
-14.0
-7.5
-23.0
-6.0
-17.5
-25.519999999999982
-44.49000000000001
-75.0
-87.0
-39.0
-58.0
-72.0
-88.0
-97.0
-82.0
-568.0
-123.0
-50.0
-273.0
-10.0
-11.0
-203.57
-11.5
-14.0
-11.0
-4.0
-2.0
-15.0
-12.0
-14.0
-30.0
-113.03999999999996
-119.03999999999996
-46.0
-50.0
-128.0
-106.0
-94.0
-84.0
-8.0
-28.0
-29.0
-11.0
-342.0
-18.0
-27.430000000000007
-1.5
-12.0
-12.0
-5.0
-11.0
-3.5
-65.5
-57.0
-83.0
-21.0
-88.0
-85.0
-8.0
-741.0
-61.0
-60.0
-57.0
-18.0
-27.0
-123.0
-111.0
-84.0
-75.0
-28.659999999999997
-12.5
-33.0
-8.0
-22.0
-6.0
-2.0
-6.5
-2.0
-11.0
-31.0
-20.0
-18.0
-544.0
-374.0
-14.480000000000018
-12.480000000000018
-36.0
-46.0
-106.0
-92.0
-92.0
-63.0
-29.0
-76.66
-15.0
-28.0
-44.0
-15.0
-4.0
-61.5
-2.0
-23.5
-18.5
-17.0
-2.0
-7.0
-35.5
-51.129999999999995
-37.0
-16.0
-44.0
-56.84000000000003
-4.590000000000003
-60.24000000000001
-7.009999999999991
-17.0
-307.0
-130.0
-328.0
-376.0
-337.0
-329.0
-136.0
-212.5
-12.0
-194.0
-33.0
-14.0
-61.0
-15.0
-24.0
-24.39500000000001
-38.09
-6.0
-11.900000000000006
-81.0
-74.41
-84.0
-7.009999999999991
-73.39999999999998
-646.0
-54.0
-181.0
-309.0
-514.0
-471.0899999999998
-327.0
-106.0
-21.0
-188.0
-460.0
-49.0
-148.0
-6.0
-25.0
-21.60499999999999
-42.18000000000001
-605.8199999999999
-120.19999999999999
-66.18
-111.18
-474.82
-72.82
-305.8
-316.17999999999995
-140.82000000000005
-119.82000000000005
-80.82000000000005
-38.200000000000045
-246.17999999999995
-237.17999999999995
-121.17999999999995
-8.819999999999993
-213.2
-19.82000000000005
-15.819999999999993
-148.0
-84.0
-49.0
-33.39500000000001
-90.30000000000001
-6.0
-39.0
-29.0
-38.0
-55.0
-54.0
-44.0
-78.0
-38.0
-97.0
-9.0
-18.0
-107.0
-42.0
-655.0
-46.0
-47.0
-3.0
-70.0
-10.0
-3.0
-5.0
-38.16
-3.9199999999999875
-0.0
-26.0
-561.0
-2.0
-799.0
-3.0
-14.0
-6.0
-27.0
-43.0
-67.0
-80.0
-500.0
-25.0
-0.0
-34.0
-29.0
-46.0
-0.0
-17.0
-2.0
-22.0
-420.615
-488.91999999999996
-1.0
-25.0
-239.0
-8.0
-18.0
-24.0
-236.0
-38.0
-769.0
-498.0
-12.0
-33.0
-46.0
-13.0
-41.0
-460.0
-7.0
-343.0
-647.0
-16.0
-8.0
-7.0
-35.06999999999999
-26.0
-4.0
-37.0
-7.0
-561.0
-1.0
-26.0
-119.0
-331.0
-62.0
-15.0
-104.0
-176.0
-86.0
-463.0
-146.0
-136.0
-24.0
-36.0
-78.0
-3.0
-524.0
-22.0
-37.93000000000001
-25.0
-34.0
-21.0
-68.0
-36.0
-426.0
-18.0
-44.0
-55.0
-81.0
-111.0
-396.0
-252.0
-154.0
-232.0
-397.0
-95.0
-21.0
-184.0
-158.0
-89.0
-10.5
-216.0
-59.59
-10.0
-9.0
-273.0
-12.0
-549.5
-71.0
-69.0
-511.0
-65.0
-24.0
-311.0
-66.0
-100.0
-389.0
-175.0
-80.0
-294.0
-176.0
-258.0
-157.0
-54.0
-374.0
-14.0
-50.59
-43.0
-25.0
-32.0
-25.0
-36.0
-4.0
-253.0
-65.0
-252.0
-485.0
-391.0
-626.0
-143.0
-6.0
-9.0
-113.0
-33.0
-171.0
-56.0
-97.0
-4.0
-72.0
-3.0
-59.59
-41.0
-14.0
-15.0
-36.0
-30.0
-22.0
-11.0
-78.0
-326.0
-42.0
-13.0
-25.0
-311.0
-336.0
-62.0
-61.0
-73.0
-26.0
-212.0
-139.0
-2.0
-72.0
-594.0
-9.409999999999997
-20.0
-18.0
-6.0
-24.0
-5.0
-272.0
-17.0
-97.0
-70.0
-542.0
-68.0
-31.0
-317.0
-27.0
-47.0
-41.0
-82.0
-41.0
-624.0
-46.0
-52.0
-21.0
-25.0
-348.59000000000003
-27.0
-693.0
-33.0
-52.0
-23.0
-2.0
-14.0
-30.0
-60.0
-16.0
-23.0
-32.0
-18.0
-33.0
-46.0
-25.0
-31.0
-28.0
-48.0
-72.0
-380.0
-5.0
-301.5
-1.5799999999999557
-691.0
-35.0
-24.0
-49.5
-33.0
-13.0
-10.0
-1.0
-23.0
-22.0
-11.0
-68.0
-3.0
-139.0
-76.0
-110.0
-46.0
-8.0
-5.0
-243.0
-4.0
-22.0
-7.0
-0.9099999999999966
-9.0
-4.0
-1.0
-16.0
-12.0
-24.0
-11.0
-118.0
-52.0
-52.0
-5.0
-172.0
-277.0
-4.0
-8.0
-6.0
-44.0
-149.0
-12.0
-4.0
-6.0
-18.0
-162.0
-24.409999999999997
-22.0
-19.0
-9.0
-6.0
-291.0
-56.0
-4.0
-85.0
-20.0
-15.0
-53.0
-40.0
-227.0
-24.0
-64.0
-679.0
-114.0
-268.0
-254.0
-20.0
-44.0
-22.0
-4.0
-3.5900000000000034
-14.0
-29.0
-36.0
-3.0
-29.0
-11.0
-56.0
-18.0
-22.0
-8.0
-20.0
-28.0
-187.0
-12.0
-18.0
-268.0
-129.0
-49.0
-336.0
-107.0
-18.0
-313.0
-46.0
-6.409999999999997
-37.0
-16.0
-1.0
-4.0
-5.0
-2.0
-27.0
-225.0
-384.0
-5.0
-17.0
-49.0
-180.0
-146.0
-177.0
-73.0
-388.0
-436.0
-9.0
-539.0
-20.0
-37.0
-56.0
-6.409999999999997
-3.0
-5.0
-39.0
-14.0
-4.0
-5.5
-19.0
-68.0
-25.0
-53.0
-64.0
-1.0
-60.0
-47.0
-356.0
-19.0
-112.0
-196.0
-254.0
-58.0
-25.0
-5.0
-28.0
-43.110000000000014
-16.0
-41.0
-8.0
-77.5
-792.0
-110.0
-749.0
-63.0
-96.0
-68.0
-8.0
-2.0
-17.439999999999998
-7.439999999999998
-4.0
-49.0
-97.0
-49.0
-873.0
-74.0
-35.0
-17.0
-36.0
-19.129999999999995
-29.0
-32.0
-11.0
-25.0
-44.0
-29.0
-46.5
-40.0
-28.0
-13.0
-0.0
-56.0
-25.0
-1.0
-18.0
-13.0
-524.0
-13.0
-35.0
-11.0
-7.0
-32.0
-61.0
-377.15999999999997
-83.96000000000001
-73.96000000000001
-201.0
-83.0
-72.0
-86.0
-568.0
-85.0
-488.0
-813.0
-11.0
-49.0
-16.0
-37.0
-35.0
-20.0
-44.0
-28.0
-26.0
-4.0
-23.0
-733.0
-34.0
-15.120000000000005
-53.0
-38.0
-30.0
-30.0
-789.0
-43.0
-45.0
-38.0
-39.0
-23.0
-4.0
-31.0
-17.0
-30.0
-55.0
-1.5
-1.0
-13.0
-22.0
-211.0
-12.0
-17.0
-25.0
-23.139999999999986
-26.0
-28.0
-2.0
-28.0
-21.0
-26.5
-28.0
-408.0
-21.919999999999987
-2.9199999999999875
-17.0
-37.0
-534.0
-12.0
-22.0
-12.0
-1.0
-21.0
-20.0
-7.0
-38.0
-6.0
-13.0
-24.099999999999994
-527.0
-167.0
-17.0
-23.0
-11.0
-31.0
-500.0
-40.0
-32.0
-9.0
-8.0
-42.0
-21.0
-53.0
-9.0
-22.0
-2.0
-9.0
-353.0
-13.0
-14.0
-2.0
-33.0
-10.819999999999993
-29.5
-2.0
-387.0
-5.0
-29.0
-47.0
-68.5
-34.0
-73.0
-36.0
-551.0
-31.0
-18.0
-0.0
-24.0
-13.0
-460.0
-15.0
-2.5
-12.919999999999987
-0.0
-20.0
-26.0
-15.129999999999995
-29.0
-28.0
-43.0
-45.0
-75.0
-71.0
-18.0
-48.5
-211.56
-90.0
-80.0
-102.0
-205.0
-129.0
-209.0
-220.0
-110.0
-181.0
-67.0
-22.0
-23.0
-8.0
-5.0
-39.110000000000014
-17.0
-76.0
-26.0
-59.0
-36.0
-187.0
-59.0
-22.0
-93.0
-167.0
-261.0
-37.0
-152.0
-157.0
-163.0
-187.0
-392.0
-30.0
-78.0
-256.0
-32.0
-32.0
-32.0
-46.110000000000014
-12.0
-31.0
-20.0
-12.0
-17.0
-41.96000000000001
-38.0
-53.0
-121.0
-255.20000000000005
-72.60000000000002
-43.60000000000002
-141.60000000000002
-175.39999999999998
-91.60000000000002
-94.20000000000005
-99.79999999999995
-272.20000000000005
-65.80000000000001
-37.19999999999999
-8.199999999999989
-9.680000000000007
-17.0
-124.11000000000001
-416.5
-846.48
-5.5
-10.0
-19.0
-12.0
-10.0
-483.0
-612.0
-84.0
-99.0
-76.0
-164.0
-67.0
-68.0
-63.0
-33.0
-9.0
-105.0
-10.0
-62.0
-21.0
-3.0
-90.11000000000001
-35.0
-52.0
-58.0
-59.0
-67.0
-23.0
-43.0
-19.0
-229.0
-94.24000000000001
-78.75999999999999
-151.76
-207.76
-165.0
-97.84000000000003
-15.159999999999968
-3.840000000000032
-112.15999999999997
-33.160000000000025
-21.839999999999975
-7.0
-18.0
-1.0
-40.110000000000014
-31.0
-16.0
-26.0
-1.0
-45.0
-5.0
-13.0
-43.0
-505.0
-44.0
-331.0
-139.48000000000002
-117.51999999999998
-445.0
-87.0
-93.0
-57.0
-13.0
-111.0
-3.0
-35.0
-268.0
-46.0
-40.110000000000014
-765.0
-17.47999999999999
-9.5
-14.0
-364.0
-20.0
-330.0
-17.0
-10.0
-201.0
-71.0
-3.0
-294.0
-38.0
-80.0
-115.0
-113.0
-179.0
-685.0
-94.0
-13.0
-8.0
-22.0
-38.110000000000014
-12.0
-28.0
-31.0
-33.0
-30.0
-7.0
-152.0
-526.0
-53.620000000000005
-68.0
-79.0
-73.0
-721.5
-54.5
-25.0
-48.0
-43.0
-5.0
-15.0
-23.0
-12.0
-4.0
-5.0
-46.639999999999986
-603.0
-1.0
-533.0
-6.0
-399.0
-29.47999999999999
-8.5
-439.24
-55.24000000000001
-26.5
-23.0
-71.5
-59.5
-42.5
-72.0
-0.0
-3.0
-21.0
-28.0
-27.0
-7.0
-7.0
-23.0
-46.639999999999986
-91.0
-41.0
-27.0
-49.0
-22.5
-23.0
-364.0
-114.0
-193.0
-124.0
-71.0
-107.0
-206.0
-55.0
-23.0
-46.0
-86.0
-2.0
-30.0
-59.0
-9.0
-18.0
-22.0
-148.11
-310.06
-29.5
-23.0
-39.0
-22.5
-23.5
-26.5
-29.600000000000023
-49.39999999999998
-204.39999999999998
-79.39999999999998
-41.39999999999998
-338.6
-428.6
-112.60000000000002
-29.600000000000023
-7.600000000000023
-183.39999999999998
-125.39999999999998
-96.39999999999998
-100.39999999999998
-320.4
-19.0
-574.11
-32.120000000000005
-8.0
-7.0
-3.0
-398.0
-2.0
-6.0
-5.0
-174.0
-34.0
-225.0
-35.0
-27.0
-55.0
-43.0
-63.0
-558.0
-24.0
-56.0
-44.0
-1.0
-1.0
-6.0
-91.11000000000001
-26.560000000000002
-163.0
-14.0
-18.0
-227.0
-5.5
-223.0
-74.0
-92.0
-45.0
-92.0
-7.0
-24.0
-60.0
-58.0
-40.0
-31.0
-70.0
-54.0
-13.0
-24.0
-13.0
-53.0
-44.110000000000014
-25.560000000000002
-660.0
-3.0
-5.0
-21.0
-24.5
-108.0
-177.0
-11.0
-370.0
-542.0
-547.0
-30.0
-67.0
-39.0
-36.0
-223.0
-23.0
-349.0
-24.0
-62.0
-33.0
-815.0
-53.110000000000014
-25.0
-35.0
-6.0
-10.0
-23.0
-26.0
-61.0
-43.0
-762.0
-17.0
-40.0
-579.0
-5.0
-51.0
-23.439999999999998
-37.44
-35.0
-21.0
-8.0
-12.0
-36.0
-569.0
-29.0
-6.150000000000006
-6.0
-18.0
-27.0
-21.0
-72.0
-42.0
-33.0
-67.59
-26.379999999999995
-74.19999999999999
-52.420000000000016
-349.0
-466.52
-3.759999999999991
-101.74000000000001
-131.0
-325.0
-193.0
-132.0
-39.0
-210.0
-82.0
-36.0
-24.0
-63.0
-57.379999999999995
-9.39500000000001
-185.51999999999998
-198.48
-19.819999999999993
-787.0
-9.0
-57.0
-27.0
-34.0
-4.0
-136.0
-27.0
-795.0
-54.0
-13.0
-657.0
-31.0
-32.0
-45.0
-9.0
-19.0
-304.0
-19.0
-188.0
-10.129999999999995
-94.30000000000001
-14.240000000000009
-6.639999999999986
-48.0
-6.0
-19.0
-174.64
-16.0
-668.5
-50.0
-10.5
-36.5
-31.0
-376.0
-19.5
-15.5
-10.0
-4.5
-5.5
-7.0
-22.0
-7.0
-15.5
-31.129999999999995
-2.0
-17.0
-3.0
-95.84000000000003
-48.59
-28.24000000000001
-7.990000000000009
-89.0
-351.0
-8.0
-26.0
-73.0
-26.0
-82.0
-441.0
-527.5
-12.0
-123.0
-19.0
-129.0
-58.0
-485.0
-48.0
-18.39500000000001
-32.09
-14.0
-24.099999999999994
-103.0
-67.59
-157.0
-7.990000000000009
-73.39999999999998
-451.0
-143.0
-91.0
-28.0
-564.0
-73.9100000000002
-15.0
-29.0
-122.0
-176.0
-28.0
-300.0
-91.0
-80.0
-11.0
-37.39500000000001
-98.18
-95.18
-44.19999999999999
-91.18
-79.18
-74.18
-103.18
-190.8
-279.17999999999995
-94.82000000000005
-85.82000000000005
-82.82000000000005
-190.79999999999995
-44.17999999999995
-73.82000000000005
-189.82000000000005
-8.819999999999993
-201.2
-367.17999999999995
-199.82
-103.0
-1.0
-49.0
-37.39500000000001
-43.30000000000001
-34.0
-20.0
-36.0
-22.0
-42.0
-41.0
-53.0
-683.0
-37.0
-55.0
-3.0
-44.0
-51.0
-4.0
-24.0
-22.0
-49.0
-33.0
-7.0
-10.0
-3.0
-42.0
-824.16
-3.9199999999999875
-416.0
-21.0
-0.0
-98.0
-17.0
-6.0
-49.0
-1.0
-20.0
-36.0
-60.0
-86.0
-20.0
-32.0
-41.0
-1.0
-30.0
-41.0
-35.0
-233.0
-21.0
-3.0
-436.615
-15.919999999999987
-6.0
-21.0
-1.0
-694.0
-18.0
-19.0
-54.0
-15.0
-38.0
-37.0
-3.0
-18.0
-2.0
-13.0
-23.0
-14.0
-3.0
-22.0
-11.0
-46.0
-38.0
-37.0
-65.07
-56.0
-26.0
-67.0
-52.0
-16.0
-0.0
-27.0
-86.0
-267.0
-66.0
-28.0
-0.0
-74.0
-20.0
-288.0
-28.0
-38.0
-24.0
-48.0
-265.0
-51.0
-10.0
-48.0
-96.93
-84.0
-33.0
-26.0
-73.0
-486.0
-52.0
-71.0
-70.0
-55.0
-113.0
-25.0
-192.0
-314.0
-218.0
-103.0
-66.0
-66.0
-13.0
-14.0
-323.0
-57.0
-21.5
-600.0
-19.590000000000003
-30.0
-9.0
-260.0
-580.0
-420.5
-58.0
-54.0
-7.0
-11.0
-57.0
-21.0
-685.0
-695.0
-482.0
-15.0
-49.0
-30.0
-374.0
-388.0
-161.0
-40.0
-61.0
-19.0
-406.59000000000003
-3.0
-4.0
-9.0
-2.0
-615.0
-174.0
-856.0
-45.0
-71.0
-70.0
-59.0
-168.0
-280.0
-12.0
-38.0
-58.0
-62.0
-366.0
-28.0
-9.0
-4.0
-30.0
-50.0
-78.59
-43.0
-5.0
-19.0
-2.0
-4.0
-1.0
-11.0
-44.0
-216.0
-42.0
-13.0
-534.0
-85.0
-29.0
-100.0
-334.0
-13.0
-93.0
-83.0
-40.0
-17.0
-53.0
-566.0
-22.409999999999997
-6.0
-689.0
-3.0
-27.0
-23.0
-25.0
-111.0
-45.0
-67.0
-42.0
-11.0
-31.0
-13.0
-40.0
-60.0
-38.0
-11.0
-176.0
-64.0
-48.0
-31.0
-44.0
-8.0
-9.590000000000003
-25.0
-22.0
-31.0
-50.0
-9.0
-290.0
-598.0
-125.0
-531.0
-34.0
-271.0
-32.0
-32.0
-61.0
-65.0
-59.0
-54.0
-7.0
-4.0
-7.0
-31.0
-2.0
-15.5
-638.5799999999999
-6.0
-1.0
-11.0
-785.5
-0.0
-20.0
-634.0
-16.0
-10.0
-35.0
-7.0
-35.0
-36.0
-59.0
-59.0
-115.0
-46.0
-41.0
-28.0
-10.0
-1.0
-22.0
-7.0
-522.09
-9.0
-4.0
-7.0
-22.0
-657.0
-9.0
-692.0
-109.0
-52.0
-264.0
-20.0
-65.0
-19.0
-467.0
-43.0
-198.0
-55.0
-46.0
-12.0
-26.0
-48.0
-1.0
-4.0
-422.59000000000003
-19.0
-1.0
-6.0
-9.0
-149.0
-198.0
-146.0
-47.0
-132.0
-15.0
-19.0
-60.0
-158.0
-17.0
-539.0
-88.0
-77.0
-216.0
-128.0
-20.0
-104.0
-5.0
-28.0
-842.59
-37.0
-11.0
-26.0
-13.0
-19.0
-163.0
-9.0
-60.0
-29.0
-8.0
-37.0
-92.0
-15.0
-86.0
-116.0
-21.0
-86.0
-9.0
-38.0
-95.0
-74.0
-24.0
-59.0
-3.5900000000000034
-27.0
-8.0
-766.0
-4.0
-3.0
-13.0
-17.0
-57.0
-163.0
-5.0
-132.0
-10.0
-47.0
-115.0
-141.0
-65.0
-29.0
-94.0
-3.0
-20.0
-39.0
-0.0
-23.0
-597.59
-828.0
-5.0
-21.0
-45.0
-16.0
-30.5
-12.0
-4.0
-101.0
-53.0
-64.0
-17.0
-50.0
-29.0
-199.0
-414.0
-97.0
-9.0
-48.0
-8.0
-71.0
-219.0
-42.0
-57.110000000000014
-39.0
-22.0
-8.0
-22.5
-114.0
-21.0
-68.0
-96.0
-95.0
-80.0
-72.0
-62.0
-27.439999999999998
-61.44
-111.0
-40.0
-65.0
-44.0
-764.0
-22.0
-3.0
-534.0
-318.0
-19.129999999999995
-29.0
-32.0
-11.0
-5.0
-205.0
-32.0
-813.5
-43.0
-31.0
-10.0
-25.0
-8.0
-15.0
-26.0
-9.0
-3.0
-3.0
-23.0
-45.0
-21.0
-17.0
-42.0
-43.0
-669.16
-17.960000000000008
-7.960000000000008
-11.0
-17.0
-6.0
-20.0
-27.0
-19.0
-790.0
-6.0
-39.0
-21.0
-16.0
-10.0
-15.0
-0.0
-14.0
-45.0
-45.0
-4.0
-30.0
-50.0
-53.0
-20.120000000000005
-43.0
-662.0
-30.0
-30.0
-41.0
-23.0
-25.0
-18.0
-24.0
-8.0
-11.0
-36.0
-44.0
-31.0
-14.0
-413.5
-50.0
-22.0
-29.0
-49.0
-47.0
-52.0
-88.0
-58.139999999999986
-62.0
-64.0
-19.0
-35.0
-56.0
-43.5
-38.0
-17.0
-6.9199999999999875
-12.080000000000013
-471.0
-52.0
-19.0
-27.0
-17.0
-55.0
-1.0
-21.0
-30.0
-1.0
-84.0
-3.0
-4.0
-15.099999999999994
-3.0
-18.0
-8.0
-713.0
-197.0
-655.0
-3.0
-6.0
-80.0
-57.0
-40.0
-6.0
-789.0
-42.0
-39.0
-42.0
-12.0
-176.0
-15.0
-13.0
-306.0
-7.0
-46.0
-11.180000000000007
-10.5
-38.0
-217.0
-38.0
-717.0
-57.0
-41.5
-14.0
-884.0
-24.0
-2.0
-77.0
-18.0
-11.0
-305.0
-6.0
-20.0
-10.0
-4.5
-17.919999999999987
-208.0
-8.0
-4.0
-6.8700000000000045
-7.0
-6.0
-0.0
-2.0
-9.0
-5.0
-192.0
-103.5
-136.56
-51.0
-62.0
-67.0
-170.0
-478.0
-89.0
-78.0
-15.0
-118.0
-45.0
-18.0
-169.0
-8.0
-32.0
-12.110000000000014
-17.0
-3.0
-8.0
-14.0
-3.0
-12.0
-33.0
-266.0
-64.0
-9.0
-115.0
-68.0
-183.0
-13.0
-5.0
-514.0
-1.0
-106.0
-77.0
-116.0
-2.0
-2.0
-1.0
-12.110000000000014
-3.0
-4.0
-12.0
-4.0
-17.0
-239.96
-75.0
-526.0
-322.0
-4.2000000000000455
-87.60000000000002
-74.39999999999998
-64.60000000000002
-8.399999999999977
-30.600000000000023
-26.200000000000045
-127.79999999999995
-4.7999999999999545
-146.2
-88.19999999999999
-76.19999999999999
-6.680000000000007
-23.0
-34.110000000000014
-10.5
-15.47999999999999
-0.5
-426.0
-13.0
-696.0
-4.0
-10.0
-160.0
-10.0
-92.0
-115.0
-28.0
-0.0
-27.0
-22.0
-8.0
-1.0
-26.0
-39.0
-18.0
-44.0
-3.0
-84.11000000000001
-24.0
-1.0
-324.0
-19.0
-27.0
-9.0
-10.0
-19.0
-199.0
-27.75999999999999
-67.75999999999999
-10.759999999999991
-90.75999999999999
-22.0
-473.84000000000003
-15.159999999999968
-3.840000000000032
-79.84000000000003
-33.160000000000025
-50.839999999999975
-22.0
-47.0
-1.0
-12.110000000000014
-18.0
-190.0
-14.0
-44.0
-0.0
-23.0
-9.0
-310.0
-93.0
-44.0
-94.0
-84.51999999999998
-29.480000000000018
-16.0
-8.0
-14.0
-98.0
-169.0
-46.0
-113.0
-72.0
-26.0
-24.0
-12.110000000000014
-36.0
-39.47999999999999
-16.5
-12.0
-3.0
-32.0
-6.0
-393.0
-57.0
-115.0
-75.0
-80.0
-23.0
-318.0
-68.0
-74.0
-7.0
-11.0
-557.0
-155.0
-8.0
-26.0
-2.0
-12.110000000000014
-696.0
-11.0
-12.0
-30.0
-12.0
-26.0
-18.0
-43.0
-289.62
-10.0
-5.0
-30.0
-42.5
-44.5
-88.0
-75.0
-23.0
-5.0
-15.0
-23.0
-3.0
-11.0
-5.0
-13.360000000000014
-1.0
-7.0
-1.0
-853.0
-4.0
-51.47999999999999
-0.5
-1.240000000000009
-2.240000000000009
-61.5
-359.0
-34.5
-59.5
-24.5
-5.0
-810.0
-5.0
-10.0
-17.0
-10.0
-249.0
-18.0
-29.0
-5.360000000000014
-33.0
-11.0
-11.0
-33.0
-372.5
-11.0
-1.0
-129.0
-250.0
-73.0
-9.0
-7.0
-106.0
-44.0
-156.0
-40.0
-69.0
-2.0
-68.0
-6.0
-26.0
-33.0
-22.0
-84.11000000000001
-25.060000000000002
-28.5
-56.0
-86.0
-21.5
-22.5
-33.5
-72.60000000000002
-55.39999999999998
-23.399999999999977
-79.39999999999998
-41.39999999999998
-69.39999999999998
-2.3999999999999773
-36.60000000000002
-29.600000000000023
-7.600000000000023
-2.3999999999999773
-10.600000000000023
-50.39999999999998
-121.60000000000002
-19.600000000000023
-53.0
-34.110000000000014
-7.1200000000000045
-8.0
-2.0
-12.0
-19.0
-17.0
-6.0
-5.0
-180.0
-55.0
-0.0
-139.0
-27.0
-53.0
-12.0
-32.0
-42.0
-163.0
-3.0
-54.0
-1.0
-2.0
-16.0
-43.110000000000014
-17.560000000000002
-22.0
-12.0
-8.0
-159.0
-24.5
-20.0
-2.0
-594.0
-44.0
-594.0
-1.0
-25.0
-60.0
-42.0
-24.0
-31.0
-30.0
-105.0
-13.0
-18.0
-670.0
-67.0
-47.0
-708.0
-3.0
-8.0
-1.0
-255.0
-21.0
-17.0
-3.0
-12.129999999999995
-56.30000000000001
-22.24000000000001
-321.64
-367.0
-21.0
-3.0
-51.639999999999986
-20.0
-0.5
-42.0
-55.5
-326.5
-61.0
-15.0
-56.5
-10.5
-20.0
-20.5
-21.5
-8.0
-23.0
-30.0
-5.5
-10.129999999999995
-18.0
-495.0
-507.0
-105.84000000000003
-40.59
-265.24
-49.99000000000001
-51.0
-310.0
-8.0
-232.0
-79.0
-18.0
-41.0
-443.0
-280.5
-4.0
-146.0
-88.0
-82.0
-16.0
-15.0
-60.0
-26.39500000000001
-63.09
-24.0
-34.099999999999994
-112.0
-267.40999999999997
-38.0
-6.009999999999991
-63.39999999999998
-70.0
-8.0
-38.0
-95.0
-123.0
-593.0899999999998
-15.0
-91.0
-20.0
-157.0
-251.0
-35.0
-15.0
-43.0
-29.0
-25.60499999999999
-72.18
-1.1800000000000068
-52.19999999999999
-33.18000000000001
-401.82
-88.18
-95.18
-179.8
-89.82000000000005
-98.82000000000005
-21.17999999999995
-587.18
-72.79999999999995
-0.82000000000005
-96.82000000000005
-16.82000000000005
-8.819999999999993
-158.8
-102.82000000000005
-340.82
-55.0
-66.0
-47.0
-837.605
-94.30000000000001
-6.0
-61.0
-70.0
-37.0
-9.0
-10.0
-27.0
-48.0
-207.0
-53.0
-1.0
-18.0
-93.0
-13.0
-80.0
-243.0
-102.0
-42.0
-194.0
-45.0
-25.0
-12.0
-21.159999999999997
-38.91999999999999
-575.0
-19.0
-28.0
-13.0
-37.0
-17.0
-9.0
-27.0
-46.0
-62.0
-23.0
-79.0
-9.0
-496.0
-20.0
-19.0
-4.0
-42.0
-5.0
-3.0
-4.0
-28.0
-6.615000000000009
-0.9199999999999875
-21.0
-4.0
-14.0
-14.0
-3.0
-4.0
-6.0
-59.0
-7.0
-22.0
-23.0
-33.0
-28.0
-28.0
-12.0
-502.0
-27.0
-19.0
-19.0
-9.0
-7.0
-8.0
-5.069999999999993
-454.0
-34.0
-20.0
-2.0
-21.0
-20.0
-32.0
-631.0
-326.0
-56.0
-2.0
-0.0
-74.0
-43.0
-593.0
-66.0
-125.0
-1.0
-36.0
-69.0
-56.0
-25.0
-22.0
-362.07
-57.0
-48.0
-6.0
-38.0
-21.0
-17.0
-762.0
-326.0
-223.0
-92.0
-67.0
-234.0
-140.0
-256.0
-65.0
-104.0
-73.0
-13.0
-14.0
-65.0
-33.0
-19.5
-141.0
-20.409999999999997
-9.0
-5.0
-225.0
-272.0
-658.5
-69.0
-35.0
-6.0
-39.0
-4.0
-21.0
-36.0
-61.0
-547.0
-4.0
-70.0
-98.0
-185.0
-423.0
-53.0
-82.0
-20.0
-13.0
-40.59
-16.0
-482.0
-685.0
-2.0
-4.0
-4.0
-13.0
-56.0
-123.0
-57.0
-297.0
-274.0
-21.0
-57.0
-60.0
-167.0
-62.0
-76.0
-261.0
-656.0
-13.0
-26.0
-825.0
-37.41
-1.0
-6.0
-20.0
-1.0
-5.0
-13.0
-315.0
-83.0
-318.0
-42.0
-13.0
-36.0
-120.0
-86.0
-83.0
-400.0
-35.0
-34.0
-75.0
-25.0
-359.0
-19.0
-67.0
-12.409999999999997
-189.0
-21.0
-9.0
-21.0
-809.0
-235.0
-1.0
-71.0
-112.0
-42.0
-72.0
-30.0
-114.0
-44.0
-68.0
-117.0
-13.0
-27.0
-11.0
-40.0
-35.0
-65.0
-215.0
-86.59
-2.0
-6.0
-4.0
-15.0
-26.0
-1.0
-246.0
-11.0
-36.0
-57.0
-90.0
-99.0
-85.0
-10.0
-274.0
-322.0
-20.0
-27.0
-588.0
-41.0
-54.0
-20.0
-29.5
-12.420000000000044
-20.0
-8.0
-11.0
-14.5
-0.0
-2.0
-39.0
-28.0
-5.0
-457.0
-56.0
-35.0
-36.0
-126.0
-126.0
-160.0
-125.0
-40.0
-27.0
-11.0
-62.0
-35.0
-20.0
-11.090000000000003
-21.0
-812.0
-35.0
-50.0
-102.0
-27.0
-1.0
-520.0
-88.0
-55.0
-103.0
-61.0
-23.0
-646.0
-15.0
-17.0
-27.0
-46.0
-151.0
-425.0
-39.0
-16.0
-94.0
-17.409999999999997
-28.0
-31.0
-41.0
-44.0
-14.0
-63.0
-11.0
-6.0
-483.0
-296.0
-19.0
-64.0
-42.0
-28.0
-12.0
-157.0
-74.0
-94.0
-205.0
-20.0
-40.0
-20.0
-29.0
-25.590000000000003
-36.0
-21.0
-871.0
-126.0
-51.0
-33.0
-31.0
-34.0
-214.0
-155.0
-20.0
-72.0
-15.0
-21.0
-51.0
-76.0
-118.0
-9.0
-385.0
-61.0
-65.0
-46.0
-25.0
-6.409999999999997
-37.0
-8.0
-23.0
-15.0
-14.0
-17.0
-6.0
-58.0
-82.0
-5.0
-14.0
-86.0
-47.0
-12.0
-19.0
-36.0
-39.0
-367.0
-9.0
-85.0
-70.0
-0.0
-11.0
-17.409999999999997
-43.0
-24.0
-633.0
-15.0
-35.0
-4.5
-23.0
-262.0
-76.0
-53.0
-33.0
-32.0
-32.0
-29.0
-85.0
-38.0
-158.0
-21.0
-56.0
-22.0
-20.0
-64.0
-31.0
-18.110000000000014
-10.0
-22.0
-35.0
-34.5
-35.0
-79.0
-932.0
-9.0
-99.0
-38.0
-117.0
-237.0
-762.44
-118.44
-130.0
-33.0
-690.0
-715.0
-30.0
-60.0
-83.0
-37.0
-62.0
-25.129999999999995
-35.0
-38.0
-17.0
-33.0
-39.0
-73.0
-186.5
-20.0
-8.0
-33.0
-8.0
-27.0
-9.0
-61.0
-4.0
-38.0
-38.0
-371.0
-220.0
-14.0
-18.0
-7.0
-8.0
-15.840000000000003
-317.96000000000004
-4.039999999999992
-1.0
-5.0
-6.0
-8.0
-15.0
-83.0
-76.0
-58.0
-24.0
-36.0
-29.0
-12.0
-20.0
-18.0
-148.0
-40.0
-3.0
-6.0
-35.0
-41.0
-44.0
-25.120000000000005
-61.0
-43.0
-35.0
-35.0
-46.0
-11.0
-13.0
-5.0
-11.0
-16.0
-24.0
-8.0
-16.0
-3.0
-288.0
-10.5
-23.0
-31.0
-44.0
-23.0
-21.0
-15.0
-7.0
-5.139999999999986
-0.0
-29.0
-3.0
-27.0
-21.0
-25.5
-20.0
-4.0
-6.9199999999999875
-206.92
-343.0
-30.0
-32.0
-15.0
-13.0
-826.0
-10.0
-30.0
-22.0
-10.0
-40.0
-14.0
-21.0
-32.099999999999994
-14.0
-35.0
-14.0
-31.0
-443.0
-6.0
-6.0
-3.0
-5.0
-28.0
-45.0
-79.0
-75.0
-43.0
-13.0
-32.0
-36.0
-401.0
-28.0
-26.0
-45.0
-25.0
-1.0
-33.81999999999999
-34.5
-576.0
-21.0
-18.0
-17.0
-1.0
-0.5
-372.0
-16.0
-57.0
-47.0
-110.0
-38.0
-11.0
-19.0
-208.0
-28.0
-345.0
-12.5
-12.919999999999987
-23.0
-3.0
-9.0
-1.8700000000000045
-12.0
-7.0
-1.0
-3.0
-10.0
-502.0
-20.0
-90.5
-32.56
-436.0
-63.0
-67.0
-35.0
-110.0
-183.0
-88.0
-102.0
-93.0
-75.0
-534.0
-19.0
-90.0
-26.0
-18.110000000000014
-11.0
-37.0
-26.0
-24.0
-7.0
-22.0
-24.0
-71.0
-102.0
-9.0
-163.0
-241.0
-63.0
-278.0
-16.0
-29.0
-1.0
-38.0
-62.0
-22.0
-24.0
-90.0
-25.0
-18.110000000000014
-726.0
-26.0
-72.0
-18.0
-21.0
-11.039999999999992
-15.0
-72.0
-260.0
-4.2000000000000455
-135.60000000000002
-45.39999999999998
-52.60000000000002
-8.399999999999977
-15.399999999999977
-26.200000000000045
-7.2000000000000455
-4.7999999999999545
-7.199999999999989
-70.19999999999999
-25.19999999999999
-6.680000000000007
-39.0
-18.110000000000014
-26.5
-5.47999999999999
-10.5
-6.0
-3.0
-12.0
-30.0
-60.0
-126.0
-10.0
-62.0
-145.0
-228.0
-69.0
-11.0
-63.0
-22.0
-1.0
-26.0
-8.0
-17.0
-10.0
-55.0
-32.110000000000014
-37.0
-4.0
-8.0
-7.0
-5.0
-53.0
-681.0
-69.0
-100.0
-27.75999999999999
-67.75999999999999
-61.75999999999999
-41.75999999999999
-88.0
-127.84000000000003
-306.15999999999997
-3.840000000000032
-44.15999999999997
-41.160000000000025
-21.839999999999975
-18.0
-13.0
-24.0
-109.11000000000001
-7.0
-23.0
-18.0
-29.0
-45.0
-22.0
-36.0
-8.0
-48.0
-44.0
-79.0
-169.51999999999998
-55.51999999999998
-0.0
-8.0
-32.0
-37.0
-13.0
-313.0
-14.0
-46.0
-72.0
-486.0
-12.110000000000014
-6.0
-1.4799999999999898
-9.5
-5.0
-40.0
-42.0
-43.0
-17.0
-14.0
-40.0
-60.0
-54.0
-23.0
-22.0
-1.0
-39.0
-99.0
-11.0
-630.0
-30.0
-74.0
-26.0
-28.0
-36.110000000000014
-10.0
-19.0
-4.0
-14.0
-7.0
-7.0
-286.0
-24.0
-63.620000000000005
-10.0
-19.0
-36.0
-23.5
-17.5
-262.0
-657.0
-38.0
-50.0
-21.0
-29.0
-873.0
-37.0
-23.0
-13.360000000000014
-27.0
-33.0
-820.0
-169.0
-11.0
-10.52000000000001
-50.5
-36.24000000000001
-48.24000000000001
-26.5
-23.0
-24.5
-36.5
-24.5
-636.0
-0.0
-5.0
-10.0
-17.0
-10.0
-2.0
-566.0
-3.0
-13.360000000000014
-41.0
-65.0
-51.0
-73.0
-334.5
-104.0
-49.0
-552.0
-34.0
-45.0
-37.0
-3.0
-176.0
-96.0
-34.0
-40.0
-4.0
-342.0
-16.0
-16.0
-16.0
-537.0
-849.0
-166.11
-15.939999999999998
-22.5
-4.0
-12.0
-853.5
-9.5
-7.5
-99.60000000000002
-11.600000000000023
-23.399999999999977
-9.600000000000023
-3.3999999999999773
-145.39999999999998
-2.3999999999999773
-9.399999999999977
-285.6
-374.6
-2.3999999999999773
-170.39999999999998
-38.60000000000002
-34.60000000000002
-51.60000000000002
-15.0
-102.11000000000001
-25.879999999999995
-23.0
-22.0
-12.0
-19.0
-9.0
-14.0
-5.0
-76.0
-55.0
-24.0
-19.0
-54.0
-37.0
-49.0
-61.0
-151.0
-56.0
-184.0
-187.0
-35.0
-19.0
-10.0
-12.110000000000014
-11.560000000000002
-310.0
-15.0
-19.0
-358.0
-45.5
-36.0
-352.0
-2.0
-601.0
-20.0
-132.0
-25.0
-44.0
-48.0
-66.0
-266.0
-38.0
-229.0
-13.0
-18.0
-3.0
-16.0
-12.110000000000014
-323.56
-28.0
-23.0
-15.0
-20.0
-1.5
-53.0
-13.0
-11.0
-70.0
-29.0
-3.0
-277.0
-25.0
-85.0
-109.0
-62.0
-15.0
-234.0
-9.0
-22.0
-32.0
-7.0
-12.110000000000014
-8.0
-7.0
-14.0
-11.519999999999982
-1.8799999999999955
-1.32000000000005
-32.32000000000005
-105.55999999999995
-353.12
-101.0
-19.0
-21.120000000000005
-1.0
-12.449999999999989
-5.0
-8.0
-614.0
-7.0
-13.0
-236.0
-5.0
-17.0
-148.0
-33.200000000000045
-16.200000000000045
-518.8
-15.799999999999955
-104.79999999999995
-70.24000000000001
-81.24000000000001
-90.24000000000001
-190.24
-295.0
-20.0
-28.0
-20.0
-11.0
-17.44999999999999
-8.0
-23.0
-30.0
-9.0
-21.0
-81.0
-56.0
-356.0
-33.0
-5.0
-31.0
-41.0
-2.0
-25.0
-43.0
-21.0
-11.879999999999995
-30.0
-12.0
-130.0
-1.0
-36.0
-442.0
-25.44999999999999
-5.0
-35.0
-69.0
-47.0
-13.0
-29.0
-50.0
-117.0
-56.51999999999998
-16.480000000000018
-31.0
-59.0
-47.0
-10.080000000000041
-45.0
-95.0
-150.0
-212.51999999999998
-119.48000000000002
-40.0
-46.0
-37.0
-18.0
-43.44999999999999
-22.0
-20.0
-58.0
-4.0
-48.0
-35.0
-100.0
-806.0
-123.0
-19.0
-72.0
-66.0
-26.0
-73.0
-83.0
-45.0
-13.0
-11.0
-12.0
-20.0
-714.0
-9.0
-14.0
-66.03
-6.0
-9.0
-2.0
-12.0
-798.0
-1.0
-29.0
-29.0
-5.0
-17.0
-7.0
-2.0
-1.0
-14.0
-8.0
-15.0
-34.0
-3.0
-22.0
-5.0
-2.0
-9.0
-38.0
-21.454999999999956
-38.0
-16.0
-523.0
-7.0
-5.0
-18.0
-25.0
-6.0
-36.0
-29.0
-28.0
-400.0
-29.0
-819.0
-50.0
-17.0
-19.0
-2.0
-28.0
-21.5
-13.0
-369.0
-177.0
-843.06
-45.0
-11.0
-27.0
-10.0
-2.0
-49.0
-15.0
-153.0
-211.0
-71.0
-55.0
-27.0
-107.0
-37.0
-44.0
-34.799999999999955
-158.0
-82.0
-120.0
-484.0
-12.0
-14.079999999999984
-26.0
-25.44999999999999
-29.0
-1.0
-27.0
-5.0
-592.0
-34.0
-2.0
-25.0
-52.0
-69.0
-8.879999999999995
-115.0
-8.0
-34.0
-16.0
-21.0
-46.0
-68.0
-47.0
-24.879999999999995
-8.0
-21.0
-26.0
-25.44999999999999
-19.0
-1.0
-36.0
-165.0
-4.0
-14.0
-13.0
-56.0
-58.0
-37.0
-111.12
-124.0
-37.0
-503.0
-16.0
-84.0
-44.0
-22.0
-23.0
-40.0
-23.0
-35.0
-6.0
-25.44999999999999
-0.0
-9.0
-37.0
-19.0
-22.0
-41.0
-12.0
-33.0
-82.0
-187.0
-48.0
-66.0
-0.0
-41.0
-89.12
-72.0
-32.0
-248.0
-21.0
-35.0
-18.120000000000005
-45.0
-4.0
-58.98000000000002
-584.0
-11.5
-30.0
-30.5
-24.610000000000014
-41.610000000000014
-18.5
-82.24000000000001
-261.40999999999997
-173.83000000000004
-24.08000000000004
-619.08
-29.91999999999996
-67.08000000000004
-18.399999999999977
-47.39999999999998
-50.39999999999998
-113.60000000000002
-43.39999999999998
-35.39999999999998
-662.4
-38.60000000000002
-7.0
-28.420000000000016
-372.0
-4.0
-31.0
-10.0
-18.0
-38.0
-34.0
-4.0
-2.0
-54.0
-54.0
-53.0
-15.0
-50.0
-83.0
-647.0
-48.0
-2.0
-11.0
-19.5
-53.0
-32.0
-432.0
-8.590000000000003
-4.0
-35.0
-28.0
-59.0
-517.0
-19.0
-24.0
-1.0
-13.0
-11.0
-20.0
-26.0
-30.0
-296.0
-11.0
-5.0
-2.0
-10.0
-30.0
-34.0
-52.0
-31.0
-4.0
-19.409999999999997
-13.0
-570.0
-20.0
-33.0
-9.0
-3.0
-56.0
-154.0
-54.0
-111.0
-53.0
-97.0
-82.0
-3.0
-8.0
-35.0
-1.0
-156.08000000000004
-5.0
-18.0
-26.0
-87.0
-254.0
-110.57999999999998
-3.0
-31.0
-10.0
-4.0
-11.0
-6.0
-4.0
-32.0
-47.0
-88.0
-45.0
-39.879999999999995
-49.0
-26.0
-104.0
-54.0
-51.0
-131.12
-13.0
-22.0
-7.0
-24.0
-22.0
-49.420000000000016
-15.0
-13.0
-0.0
-8.0
-154.0
-153.0
-150.0
-39.0
-49.0
-5.0
-9.0
-76.0
-43.0
-30.0
-91.0
-57.0
-40.879999999999995
-190.0
-65.0
-74.0
-16.0
-614.0
-28.0
-42.420000000000016
-6.0
-15.0
-7.0
-3.0
-4.0
-554.0
-18.0
-95.0
-58.0
-0.0
-18.0
-479.0
-31.0
-108.0
-8.0
-34.0
-30.0
-156.0
-1.0
-16.879999999999995
-121.0
-4.0
-251.0
-73.42000000000002
-42.0
-39.0
-27.0
-828.0
-19.0
-32.0
-1.0
-6.0
-36.0
-5.0
-219.08000000000004
-68.0
-58.0
-5.0
-2.0
-4.0
-2.0
-10.0
-37.0
-98.0
-15.0
-27.0
-31.0
-419.58
-6.0
-17.0
-670.0
-822.0
-9.0
-14.0
-8.0
-173.0
-72.0
-33.0
-19.0
-26.0
-6.0
-5.0400000000000205
-10.95999999999998
-67.0
-71.0
-46.0
-8.0
-7.0
-14.0
-22.0
-41.0
-4.409999999999997
-9.0
-26.0
-47.0
-17.0
-41.0
-32.0
-0.0
-9.0
-80.0
-44.0
-41.0
-486.0
-583.0
-49.0
-140.48000000000002
-30.480000000000018
-75.0
-36.0
-39.0
-235.0
-429.0
-40.0
-60.0
-2.4099999999999966
-8.0
-38.0
-37.0
-15.0
-29.0
-3.0
-27.0
-163.0
-38.0
-60.120000000000005
-504.12
-138.0
-22.0
-95.0
-62.0
-40.0
-16.0
-11.0
-1.0
-154.0
-30.0
-26.0
-8.0
-20.860000000000014
-5.0
-441.0
-15.0
-19.0
-6.0
-9.0
-1.0
-20.0
-96.0
-19.0
-45.0
-96.0
-23.0
-89.0
-41.0
-61.0
-69.0
-191.0
-47.0
-147.0
-594.0
-22.120000000000005
-34.0
-39.33500000000001
-2.0
-26.0
-30.0
-28.0
-24.0
-563.0
-29.0
-8.0
-68.0
-15.0
-97.0
-87.0
-64.0
-36.0
-27.0
-10.080000000000041
-5.0
-59.0
-44.0
-1.0
-11.0
-18.0
-22.0
-57.33500000000001
-2.0
-85.0
-10.0
-20.0
-28.0
-46.0
-4.0
-111.0
-317.67999999999995
-20.32000000000005
-29.0
-197.0
-9.0
-33.0
-13.0
-25.120000000000005
-15.0
-69.0
-18.0
-59.0
-9.0
-381.0
-24.0
-18.335000000000008
-10.0
-30.0
-17.0
-0.0
-32.0
-19.0
-36.0
-284.0
-70.0
-25.879999999999995
-94.0
-33.0
-16.0
-101.0
-19.0
-48.0
-83.0
-16.0
-67.0
-12.0
-74.0
-1.0
-6.0
-356.66499999999996
-28.0
-9.0
-19.0
-5.0
-16.0
-22.0
-7.0
-674.0
-815.0
-638.0
-37.0
-57.0
-55.0
-23.0
-34.0
-21.0
-52.0
-60.0
-64.0
-30.0
-28.0
-2.0
-15.0
-5.590000000000003
-8.0
-19.0
-11.0
-0.0
-50.0
-29.0
-1.0
-30.0
-36.0
-7.0
-66.0
-105.0
-17.0
-137.0
-122.0
-128.0
-17.0
-33.0
-45.0
-32.0
-24.0
-237.0
-50.0
-72.59
-48.0
-6.0
-25.0
-21.0
-751.0
-48.0
-56.0
-150.0
-36.0
-99.0
-50.0
-139.0
-38.91999999999996
-30.0
-179.0
-43.0
-26.0
-4.1200000000000045
-396.0
-104.0
-172.0
-6.0
-11.0
-53.33500000000001
-381.0
-374.0
-8.0
-5.0
-22.0
-42.0
-0.0
-23.0
-69.0
-135.0
-393.0
-83.0
-4.0
-97.91999999999996
-40.0
-0.0
-23.0
-35.0
-14.0
-75.0
-59.0
-230.0
-21.0
-396.66499999999996
-3.5
-469.0
-6.0
-7.0
-20.0
-3.0
-5.0
-103.0
-62.120000000000005
-80.0
-64.0
-27.0
-56.0
-29.120000000000005
-41.0
-8.0
-37.0
-44.0
-20.0
-302.0
-70.0
-44.0
-14.0
-9.810000000000002
-3.0
-109.0
-4.0
-35.0
-516.0
-19.0
-73.0
-39.0
-33.0
-39.0
-147.0
-10.0
-29.0
-91.0
-14.120000000000005
-69.0
-9.0
-51.0
-39.0
-246.0
-14.199999999999989
-57.0
-28.0
-8.875
-15.0
-5.0
-26.0
-39.0
-47.0
-8.0
-20.0
-152.0
-381.0
-10.0
-52.0
-29.0
-60.0
-68.0
-59.0
-33.0
-534.0
-52.0
-273.0
-206.0
-42.120000000000005
-43.0
-40.0
-15.939999999999998
-7.0
-12.0
-7.0
-53.0
-53.0
-47.0
-31.0
-39.0
-73.0
-15.0
-20.0
-308.0
-44.0
-56.0
-28.0
-39.0
-54.120000000000005
-3.0
-56.0
-2.0
-11.0
-49.0
-52.0
-7.409999999999997
-21.0
-47.0
-26.0
-3.0
-15.0
-20.0
-31.0
-13.0
-22.0
-6.0
-13.0
-40.0
-22.0
-644.0
-2.0
-7.0
-11.0
-5.0
-62.0
-642.0
-61.0
-29.0
-34.0
-13.590000000000003
-686.0
-29.0
-19.0
-31.0
-18.0
-6.0
-56.0
-199.0
-84.0
-232.0
-2.0
-214.0
-89.0
-19.0
-20.0
-7.0
-7.0
-247.12
-43.0
-194.0
-227.0
-18.0
-9.0
-92.91
-55.0
-68.0
-63.0
-76.0
-87.0
-21.0
-10.0
-129.0
-273.0
-63.0
-97.12
-93.0
-127.88
-75.0
-691.0
-7.0
-691.0
-100.0
-364.0
-21.0
-39.0
-55.0
-10.0
-13.430000000000007
-10.0
-32.0
-45.0
-15.0
-576.0
-19.0
-3.0
-109.0
-478.0
-14.0
-40.0
-37.0
-66.0
-37.0
-44.0
-64.0
-13.0
-242.0
-31.0
-36.0
-371.0
-46.0
-25.0
-15.949999999999989
-15.0
-7.0
-2.0
-630.0
-13.0
-37.0
-25.0
-147.0
-4.0
-19.879999999999995
-19.0
-7.0
-397.0
-15.0
-11.0
-7.0
-43.0
-65.12
-89.0
-60.0
-25.0
-27.0
-9.0
-38.08000000000001
-14.0
-671.0
-4.0
-25.0
-10.0
-16.0
-457.0
-169.0
-61.0
-50.879999999999995
-58.0
-95.0
-13.0
-80.0
-65.0
-362.0
-107.0
-112.0
-89.0
-7.0
-89.0
-15.0
-843.0
-25.409999999999997
-26.0
-658.0
-22.0
-3.0
-6.0
-224.0
-26.0
-12.0
-41.0
-259.0
-30.0
-22.0
-72.0
-3.0
-524.0
-17.0
-23.120000000000005
-15.0
-62.0
-521.0
-64.0
-54.0
-36.0
-17.590000000000003
-3.0
-16.0
-25.5
-23.5
-37.0
-20.5
-4.0
-12.0
-30.060000000000002
-6.360000000000014
-23.80000000000001
-55.48000000000002
-21.480000000000018
-4.480000000000018
-2.519999999999982
-7.480000000000018
-6.519999999999982
-55.0
-52.0
-12.0
-49.0
-24.0
-32.0
-0.4099999999999966
-10.0
-1.0
-342.0
-6.0
-14.0
-84.88999999999999
-131.39999999999998
-43.60000000000002
-60.610000000000014
-58.60000000000002
-524.52
-19.519999999999982
-20.220000000000027
-6.060000000000002
-10.560000000000002
-16.560000000000002
-3.5600000000000023
-632.12
-114.56
-371.6
-83.20000000000005
-69.20000000000005
-65.20000000000005
-45.200000000000045
-78.20000000000005
-184.20000000000005
-83.20000000000005
-67.20000000000005
-99.20000000000005
-80.79999999999995
-48.80000000000001
-111.19999999999999
-141.8
-49.80000000000001
-33.06999999999999
-12.719999999999999
-13.879999999999995
-24.879999999999995
-26.879999999999995
-9.879999999999995
-9.879999999999995
-8.879999999999995
-165.88
-36.120000000000005
-15.120000000000005
-71.12
-41.72000000000003
-48.72000000000003
-73.72000000000003
-109.72000000000003
-490.28
-89.12
-18.91999999999996
-27.24000000000001
-62.75999999999999
-5.759999999999991
-48.079999999999984
-52.879999999999995
-15.889999999999986
-6.0
-2.5
-4.5
-14.5
-8.0
-0.5
-6.0
-3.0
-55.51999999999998
-33.48000000000002
-7.519999999999982
-302.0
-44.0
-65.04000000000002
-45.04000000000002
-72.04000000000002
-67.04000000000002
-19.0
-23.0
-46.0
-69.0
-278.0
-165.0
-35.5
-32.0
-40.5
-33.5
-35.5
-42.0
-42.5
-9.0
-3.0
-46.75999999999999
-17.24000000000001
-10.560000000000002
-7.560000000000002
-273.44
-1.5600000000000023
-720.44
-7.439999999999998
-82.56
-7.439999999999998
-19.0
-21.0
-62.0
-45.0
-34.5
-45.5
-88.72000000000003
-272.08
-61.95999999999998
-96.95999999999998
-58.95999999999998
-84.95999999999998
-40.95999999999998
-149.95999999999998
-382.03999999999996
-85.03999999999996
-63.039999999999964
-54.039999999999964
-54.960000000000036
-675.96
-102.96000000000004
-113.03999999999996
-83.96000000000004
-40.039999999999964
-272.96000000000004
-162.03999999999996
-79.95999999999998
-44.95999999999998
-31.95999999999998
-61.860000000000014
-6.860000000000014
-32.0
-11.47999999999999
-20.480000000000018
-5.97999999999999
-10.97999999999999
-12.47999999999999
-23.0
-8.0
-52.0
-121.0
-35.0
-50.0
-190.0
-207.0
-200.0
-147.0
-77.0
-17.0
-27.0
-140.0
-56.0
-35.0
-51.44
-47.0
-8.0
-13.0
-12.0
-5.0
-5.0
-22.0
-20.0
-6.0
-350.0
-235.0
-22.0
-38.0
-385.0
-343.0
-355.0
-331.0
-205.0
-45.0
-21.0
-77.0
-16.0
-36.0
-1.4399999999999977
-26.0
-80.0
-74.0
-765.0
-58.0
-87.0
-52.0
-20.0
-5.0
-9.0
-43.0
-7.0
-32.0
-1.0
-14.0
-506.0
-424.0
-48.0
-2.0
-533.0
-7.480000000000018
-9.519999999999982
-30.0
-768.98
-23.5
-4.0
-18.0
-33.0
-2.5
-3.0
-10.759999999999991
-10.0
-33.0
-527.0
-53.0
-27.0
-44.0
-43.0
-5.0
-23.0
-12.759999999999991
-231.76
-39.24000000000001
-50.75999999999999
-11.519999999999982
-475.48
-39.0
-596.04
-14.0
-9.0
-4.0
-22.0
-594.0
-15.0
-26.0
-12.0
-84.0
-99.0
-82.0
-83.0
-0.0
-94.0
-18.0
-545.0
-231.0
-37.0
-86.0
-78.0
-88.0
-96.0
-15.0
-10.5
-34.0
-3.0
-0.0
-6.0
-3.0
-6.0
-105.0
-20.0
-119.0
-64.0
-62.0
-36.0
-25.0
-60.0
-43.0
-25.0
-38.0
-5.0
-17.0
-27.0
-50.0
-34.0
-57.0
-73.5
-85.0
-28.0
-83.0
-83.0
-95.0
-77.0
-91.0
-177.0
-413.0
-697.0
-114.0
-173.0
-32.0
-16.0
-22.0
-313.0
-21.0
-8.0
-161.0
-38.0
-37.0
-31.0
-5.0
-17.900000000000006
-271.28
-257.28
-287.72
-287.72
-257.28
-259.28
-269.28
-165.27999999999997
-369.72
-68.72000000000003
-87.27999999999997
-123.27999999999997
-135.27999999999997
-142.72000000000003
-225.72000000000003
-153.72000000000003
-166.72000000000003
-143.27999999999997
-1.2799999999999727
-139.0
-169.0
-680.0
-12.0
-7.6200000000000045
-276.0
-9.0
-118.0
-10.0
-9.0
-19.0
-36.0
-178.0
-323.0
-85.0
-281.0
-52.0
-93.0
-13.0
-4.0
-15.0
-35.0
-118.0
-90.0
-119.0
-7.0
-39.0
-7.0
-15.379999999999995
-38.0
-20.0
-5.0
-26.0
-6.0
-34.0
-14.0
-11.0
-8.0
-39.0
-36.0
-12.0
-301.0
-90.0
-136.0
-8.0
-22.0
-147.0
-20.0
-6.0
-12.0
-40.0
-465.84
-535.62
-1.0
-21.0
-172.0
-37.0
-7.0
-16.0
-27.0
-5.0
-1.0
-0.0
-26.0
-49.0
-96.0
-2.0
-184.0
-70.0
-32.879999999999995
-312.0
-346.0
-20.0
-10.0
-10.0
-41.0
-15.379999999999995
-28.0
-43.0
-24.0
-20.0
-20.0
-14.0
-73.0
-151.0
-16.0
-533.0
-65.0
-48.0
-20.0
-16.0
-39.0
-41.0
-492.0
-29.0
-45.0
-44.0
-24.0
-685.0
-36.0
-10.5
-11.0
-8.0
-2.0
-1.0
-2.0
-4.0
-2.0
-7.0
-19.0
-18.0
-9.0
-462.0
-7.0
-48.0
-23.0
-667.0
-9.0
-21.0
-40.0
-64.0
-164.0
-2.0
-47.0
-150.95
-51.5
-33.0
-37.0
-105.0
-23.0
-48.0
-19.0
-181.0
-360.0
-3.0
-77.0
-9.0
-55.0
-20.0
-2.0
-10.0
-21.0
-40.08000000000004
-216.0
-46.0
-3.0
-12.0
-49.0
-36.379999999999995
-12.0
-27.0
-8.0
-59.0
-8.0
-14.0
-14.0
-8.0
-24.0
-483.0
-61.0
-1.0
-65.0
-40.799999999999955
-72.79999999999995
-1.2000000000000455
-0.20000000000004547
-32.799999999999955
-14.240000000000009
-93.75999999999999
-30.24000000000001
-6.759999999999991
-68.0
-20.139999999999986
-11.0
-41.0
-19.0
-12.0
-38.0
-16.0
-7.0
-48.0
-315.0
-189.0
-1.0
-28.0
-68.0
-19.0
-16.91999999999996
-14.0
-11.0
-159.0
-22.0
-58.0
-37.0
-59.0
-63.0
-5.430000000000007
-3.5
-10.0
-3.0
-9.0
-34.0
-2.0
-13.0
-26.0
-374.0
-74.0
-12.0
-8.0
-142.0
-51.0
-502.0
-20.0
-562.0
-217.0
-37.0
-82.0
-6.319999999999993
-7.680000000000007
-29.0
-15.569999999999993
-23.5
-0.0
-17.0
-22.0
-2.0
-16.5
-3.0
-22.75999999999999
-395.24
-17.279999999999973
-32.27999999999997
-620.72
-155.72000000000003
-58.0
-10.759999999999991
-62.75999999999999
-100.24000000000001
-58.75999999999999
-90.0
-61.0
-19.0
-61.0
-69.0
-58.56999999999999
-23.5
-31.0
-42.0
-6.0
-24.0
-32.0
-7.0
-18.0
-23.0
-79.0
-88.0
-39.0
-17.480000000000018
-112.51999999999998
-673.0
-39.160000000000025
-14.160000000000025
-79.16000000000003
-58.5
-675.0
-792.0
-14.0
-31.0
-2.9399999999999977
-27.0
-25.0
-15.0
-7.0
-1.0
-53.0
-29.0
-16.0
-24.0
-19.0
-2.0
-240.0
-10.0
-32.0
-32.0
-11.0
-4.0
-29.0
-2.0
-63.0
-694.0
-34.0
-36.0
-37.94
-230.0
-19.0
-10.0
-0.0
-21.0
-11.0
-6.0
-158.0
-49.51999999999998
-78.48000000000002
-13.480000000000018
-14.480000000000018
-59.48000000000002
-17.480000000000018
-28.0
-28.0
-173.0
-7.0
-83.0
-60.0
-30.0
-13.0
-114.0
-14.430000000000007
-307.0
-1.0
-306.0
-44.0
-14.0
-19.0
-16.0
-44.0
-22.0
-14.0
-26.0
-25.0
-43.039999999999964
-14.039999999999964
-9.840000000000032
-14.840000000000032
-18.159999999999968
-577.84
-23.160000000000025
-64.16000000000003
-26.0
-29.0
-3.0
-14.430000000000007
-26.0
-0.0
-2.0
-10.0
-14.0
-14.0
-15.0
-137.0
-24.0
-25.0
-37.0
-32.0
-81.0
-3.0
-14.0
-11.0
-187.0
-1.0
-78.0
-1.0
-15.0
-20.0
-110.0
-21.430000000000007
-14.0
-34.0
-34.0
-24.0
-38.0
-29.0
-692.0
-14.0
-19.0
-25.0
-76.0
-32.0
-92.0
-36.0
-57.0
-555.0
-367.0
-163.0
-61.0
-59.0
-19.0
-42.0
-4.0
-14.430000000000007
-11.5
-9.0
-16.5
-4.5
-481.5
-42.0
-49.5
-16.0
-20.5
-37.0
-49.0
-49.5
-22.0
-20.0
-738.0
-23.5
-14.039999999999992
-424.0
-3.0
-8.0
-30.0
-667.0
-20.0
-1.0600000000000023
-10.0
-10.0
-1.0
-1.0
-16.0
-6.0
-26.5
-2.0
-1.0
-24.0
-708.0
-2.0
-8.0
-13.0
-5.0
-1.0
-1.0
-30.0
-22.0
-8.0
-33.0
-25.0
-12.0
-534.06
-13.0
-1.0
-12.0
-1.5
-4.5
-0.0
-5.0
-24.0
-29.0
-70.0
-4.5
-15.560000000000002
-23.0
-76.0
-9.0
-19.0
-8.0
-8.0
-3.0
-20.0
-16.0
-7.0
-5.0
-24.939999999999998
-17.0
-14.0
-24.0
-36.0
-16.0
-32.0
-1.0
-132.0
-168.0
-3.0
-24.559999999999945
-33.559999999999945
-36.0
-9.0
-283.0
-33.0
-38.0
-477.0
-194.0
-135.0
-22.0
-33.0
-5.0
-20.430000000000007
-2.0
-463.0
-14.0
-16.0
-1.0
-1.0
-9.0
-46.0
-48.0
-18.0
-37.0
-47.0
-190.0
-52.0
-35.0
-25.0
-32.0
-112.0
-45.0
-33.0
-9.0
-4.0
-14.0
-4.430000000000007
-9.0
-25.0
-10.0
-25.0
-38.0
-1.0
-43.0
-28.0
-53.0
-46.0
-45.0
-79.0
-45.0
-78.0
-64.0
-153.55999999999995
-59.559999999999945
-67.0
-198.0
-7.0
-13.0
-51.0
-11.0
-4.430000000000007
-10.0
-1.0
-16.0
-2.0
-6.0
-17.0
-3.0
-23.0
-29.0
-66.0
-76.0
-134.0
-40.0
-53.0
-44.0
-35.0
-62.0
-305.0
-3.0
-321.0
-21.0
-2.0
-475.0
-2.569999999999993
-27.0
-9.0
-23.0
-13.0
-27.0
-8.0
-277.0
-191.0
-31.0
-35.0
-585.0
-66.0
-12.0
-46.0
-41.0
-6.0
-1.0
-104.0
-6.0
-3.0
-13.95999999999998
-10.04000000000002
-26.0
-4.430000000000007
-6.0
-59.0
-6.0
-0.0
-14.0
-6.0
-33.0
-154.0
-11.0
-46.0
-0.0
-104.0
-113.0
-55.0
-38.0
-71.0
-104.0
-118.0
-35.0
-503.0
-252.0
-2.0
-24.0
-2.9399999999999977
-2.0
-5.0
-7.0
-17.0
-5.0
-6.0
-21.0
-610.0
-7.0
-2.0
-118.0
-10.0
-569.0
-30.0
-9.0
-779.0
-59.0
-18.0
-20.0
-7.0
-1.0
-9.0
-14.0
-17.939999999999998
-22.0
-763.0
-18.0
-6.0
-638.5
-5.0
-9.0
-162.0
-65.0
-35.0
-76.0
-91.0
-19.0
-128.0
-69.0
-34.0
-39.0
-27.0
-235.0
-71.0
-494.0
-13.0
-22.0
-20.430000000000007
-13.0
-4.0
-4.0
-6.0
-10.0
-4.0
-18.0
-165.0
-54.0
-36.0
-59.0
-116.0
-116.0
-90.0
-83.0
-718.0
-57.0
-67.0
-23.0
-315.0
-32.0
-64.0
-32.0
-4.430000000000007
-13.0
-4.0
-15.0
-15.0
-16.0
-24.0
-22.0
-167.0
-35.0
-37.0
-11.5
-1.0
-6.5
-53.68000000000001
-32.59
-8.620000000000005
-59.51999999999998
-55.839999999999975
-241.36
-20.639999999999986
-43.51999999999998
-58.48000000000002
-149.36
-14.159999999999968
-25.159999999999968
-1.1599999999999682
-245.84000000000003
-18.75999999999999
-4.759999999999991
-1.3999999999999773
-33.39999999999998
-31.399999999999977
-17.24000000000001
-25.39500000000001
-25.0
-1.0
-674.5
-77.84000000000003
-46.59
-5.3799999999999955
-39.19999999999999
-5.579999999999984
-288.0
-449.52
-14.240000000000009
-5.740000000000009
-251.0
-432.0
-301.0
-251.0
-170.0
-173.0
-206.0
-27.0
-38.0
-16.0
-1.3799999999999955
-31.39500000000001
-184.51999999999998
-33.47999999999999
-24.819999999999993
-85.0
-14.0
-61.0
-30.0
-48.0
-9.0
-49.0
-36.0
-149.0
-54.0
-13.0
-9.0
-15.0
-1.0
-53.0
-9.0
-18.0
-31.0
-28.0
-38.0
-12.129999999999995
-53.30000000000001
-25.24000000000001
-43.639999999999986
-7.0
-118.0
-2.0
-112.63999999999999
-71.0
-55.5
-13.0
-25.5
-8.5
-3.0
-29.0
-8.5
-12.5
-571.0
-19.5
-20.5
-22.0
-37.0
-32.0
-26.5
-51.129999999999995
-37.0
-8.0
-44.0
-56.84000000000003
-37.59
-822.24
-535.01
-32.0
-252.0
-154.0
-84.0
-52.0
-149.0
-537.0
-564.0
-410.5
-135.0
-154.0
-530.0
-44.0
-3.0
-63.0
-79.0
-24.39500000000001
-19.909999999999997
-9.0
-19.099999999999994
-102.0
-68.41
-37.0
-12.990000000000009
-141.60000000000002
-70.0
-109.0
-17.0
-444.0
-521.0
-520.0899999999998
-36.0
-102.0
-65.0
-48.0
-47.0
-27.0
-58.0
-782.0
-1.0
-33.60499999999999
-24.180000000000007
-21.180000000000007
-31.19999999999999
-17.180000000000007
-50.18000000000001
-51.18000000000001
-212.82
-16.80000000000001
-391.82000000000005
-11.82000000000005
-101.82000000000005
-95.82000000000005
-476.20000000000005
-0.82000000000005
-9.82000000000005
-125.82000000000005
-422.82
-193.2
-275.17999999999995
-121.82
-108.0
-63.0
-206.0
-13.39500000000001
-23.30000000000001
-86.0
-55.0
-153.0
-857.0
-28.0
-512.0
-57.0
-33.0
-29.0
-47.0
-5.0
-74.0
-40.0
-16.0
-12.0
-17.0
-10.0
-168.0
-1.0
-96.0
-9.0
-4.0
-29.159999999999997
-760.92
-30.0
-56.0
-155.0
-148.0
-172.0
-161.0
-164.0
-156.0
-38.0
-28.0
-10.0
-16.0
-271.0
-125.0
-63.0
-168.0
-139.0
-156.0
-6.0
-7.0
-57.0
-16.0
-34.61500000000001
-12.919999999999987
-9.0
-24.0
-429.0
-2.0
-54.0
-55.0
-45.0
-47.0
-29.0
-13.0
-34.0
-784.0
-802.0
-8.0
-41.0
-13.0
-2.0
-21.0
-10.0
-7.0
-5.0
-6.0
-22.069999999999993
-35.0
-13.0
-24.0
-13.0
-29.0
-45.0
-18.0
-75.0
-323.0
-125.0
-31.0
-16.0
-73.0
-291.0
-48.0
-521.0
-29.0
-170.0
-111.0
-36.0
-39.0
-10.0
-48.0
-49.93000000000001
-37.0
-46.0
-4.0
-51.0
-24.0
-30.0
-36.0
-104.0
-35.0
-43.0
-18.0
-185.0
-79.0
-196.0
-125.0
-44.0
-78.0
-13.0
-115.0
-71.0
-582.0
-540.5
-194.0
-96.59
-18.0
-525.0
-73.0
-135.0
-664.5
-28.0
-83.0
-18.0
-53.0
-18.0
-10.0
-701.0
-11.0
-446.0
-150.0
-8.0
-64.0
-428.0
-246.0
-58.0
-92.0
-26.0
-16.0
-25.590000000000003
-45.0
-0.0
-52.0
-33.0
-855.0
-4.0
-26.0
-17.0
-182.0
-70.0
-365.0
-639.0
-21.0
-62.0
-70.0
-87.0
-83.0
-30.0
-319.0
-60.0
-32.0
-353.0
-22.0
-50.59
-38.0
-21.0
-7.0
-28.0
-22.0
-24.0
-29.0
-40.0
-268.0
-118.0
-96.0
-9.0
-75.0
-52.0
-73.0
-43.0
-55.0
-0.0
-32.0
-18.0
-557.0
-59.0
-2.0
-786.59
-53.0
-38.0
-345.0
-206.0
-41.0
-9.0
-22.0
-41.0
-108.0
-42.0
-79.0
-12.0
-587.0
-42.0
-58.0
-78.0
-98.0
-42.0
-54.0
-27.0
-6.0
-19.0
-628.0
-81.59
-26.0
-30.0
-32.0
-51.0
-6.0
-2.0
-33.0
-43.0
-4.0
-109.0
-45.0
-36.0
-70.0
-6.0
-517.0
-3.0
-2.0
-30.0
-14.0
-20.0
-14.0
-24.0
-10.5
-21.579999999999956
-211.0
-23.0
-12.0
-37.5
-32.0
-4.0
-23.0
-34.0
-6.0
-33.0
-40.0
-68.0
-46.0
-44.0
-44.0
-38.0
-3.0
-19.0
-46.0
-3.0
-10.0
-475.0
-6.0
-12.090000000000003
-22.0
-17.0
-0.0
-15.0
-13.0
-37.0
-9.0
-65.0
-121.0
-126.0
-5.0
-377.0
-22.0
-98.0
-57.0
-59.0
-31.0
-20.0
-32.0
-95.0
-27.0
-56.0
-15.0
-566.59
-19.0
-22.0
-29.0
-32.0
-623.0
-212.0
-5.0
-53.0
-96.0
-470.0
-122.0
-46.0
-23.0
-93.0
-109.0
-94.0
-196.0
-60.0
-10.0
-2.0
-38.0
-2.0
-444.0
-174.59
-185.0
-170.0
-82.0
-5.0
-27.0
-2.0
-0.0
-92.0
-54.0
-80.0
-20.0
-338.0
-15.0
-62.0
-32.0
-29.0
-22.0
-22.0
-41.0
-18.0
-0.0
-87.0
-28.0
-33.59
-40.0
-21.0
-612.0
-6.0
-435.0
-4.0
-29.0
-95.0
-180.0
-5.0
-48.0
-65.0
-47.0
-157.0
-2.0
-15.0
-18.0
-131.0
-13.0
-8.0
-93.0
-27.0
-0.0
-81.59
-56.0
-341.0
-13.0
-12.0
-47.0
-28.5
-564.0
-131.0
-149.0
-53.0
-54.0
-124.0
-54.0
-108.0
-235.0
-22.0
-44.0
-21.0
-99.0
-3.0
-60.0
-40.0
-23.0
-38.110000000000014
-13.0
-37.0
-23.0
-37.5
-39.0
-574.0
-879.0
-50.0
-87.0
-71.0
-58.0
-79.0
-52.44
-88.44
-85.0
-77.0
-102.0
-85.0
-26.0
-4.0
-27.0
-19.0
-6.0
-10.870000000000005
-46.0
-49.0
-28.0
-42.0
-412.0
-28.0
-776.5
-67.0
-55.0
-14.0
-160.0
-121.0
-98.0
-87.0
-104.0
-110.0
-110.0
-47.0
-51.0
-27.0
-23.0
-717.0
-39.0
-25.159999999999997
-46.96000000000001
-47.96000000000001
-40.0
-46.0
-34.0
-1.0
-55.0
-47.0
-44.0
-26.0
-37.0
-76.0
-20.0
-3.0
-35.0
-20.0
-15.0
-36.0
-46.0
-16.0
-45.0
-51.0
-54.0
-35.120000000000005
-58.0
-53.0
-45.0
-155.0
-33.0
-35.0
-1.0
-6.0
-45.0
-29.0
-10.0
-15.0
-23.0
-10.0
-15.0
-4.5
-16.0
-2.0
-28.0
-20.0
-18.0
-23.0
-31.0
-29.139999999999986
-33.0
-35.0
-9.0
-34.0
-47.0
-0.5
-6.0
-9.0
-17.080000000000013
-36.08000000000001
-56.0
-2.0
-34.0
-51.0
-13.0
-60.0
-34.0
-14.0
-33.0
-12.0
-73.0
-25.0
-32.0
-43.099999999999994
-25.0
-46.0
-36.0
-42.0
-34.0
-46.0
-40.0
-49.0
-50.0
-27.0
-0.0
-34.0
-30.0
-2.0
-1.0
-2.0
-22.0
-3.0
-17.0
-19.0
-4.0
-20.0
-6.0
-28.819999999999993
-8.5
-36.0
-16.0
-13.0
-12.0
-6.0
-9.5
-845.0
-8.0
-41.0
-47.0
-107.0
-69.0
-232.0
-20.0
-7.0
-11.0
-21.0
-32.5
-47.91999999999999
-34.0
-55.0
-9.0
-1.8700000000000045
-69.0
-11.0
-62.0
-563.0
-1.0
-3.0
-43.0
-123.5
-144.44
-42.0
-240.0
-70.0
-173.0
-12.0
-118.0
-161.0
-448.0
-174.0
-45.0
-58.0
-5.0
-16.0
-9.0
-60.110000000000014
-15.0
-469.0
-22.0
-16.0
-33.0
-9.0
-7.0
-22.0
-98.0
-21.0
-131.0
-14.0
-101.0
-13.0
-525.0
-549.0
-31.0
-162.0
-70.0
-32.0
-40.0
-40.0
-93.0
-145.11
-25.0
-19.0
-499.0
-4.0
-1.0
-1.960000000000008
-4.0
-2.0
-2.0
-7.7999999999999545
-4.399999999999977
-281.4
-41.60000000000002
-139.60000000000002
-535.4
-546.2
-22.799999999999955
-4.7999999999999545
-0.8000000000000114
-95.19999999999999
-50.19999999999999
-15.319999999999993
-42.0
-41.110000000000014
-3.5
-21.47999999999999
-16.5
-5.0
-4.0
-9.0
-1.0
-10.0
-198.0
-22.0
-25.0
-191.0
-66.0
-26.0
-1.0
-22.0
-8.0
-123.0
-130.0
-64.0
-25.0
-29.0
-12.0
-99.11000000000001
-4.0
-26.0
-19.0
-6.0
-2.0
-31.0
-284.0
-55.0
-30.0
-39.75999999999999
-301.76
-403.24
-64.75999999999999
-22.0
-8.159999999999968
-45.15999999999997
-26.159999999999968
-36.15999999999997
-84.16000000000003
-119.83999999999997
-18.0
-508.0
-708.0
-205.11
-344.0
-16.0
-18.0
-324.0
-37.0
-14.0
-22.0
-109.0
-22.0
-32.0
-244.0
-72.51999999999998
-187.48000000000002
-16.0
-93.0
-2.0
-7.0
-207.0
-46.0
-319.0
-10.0
-25.0
-20.0
-59.110000000000014
-33.0
-22.47999999999999
-358.5
-4.0
-3.0
-465.0
-0.0
-17.0
-13.0
-82.0
-94.0
-80.0
-3.0
-38.0
-44.0
-9.0
-7.0
-300.0
-36.0
-59.0
-15.0
-678.0
-39.0
-733.11
-25.0
-22.0
-23.0
-21.0
-2.0
-12.0
-24.0
-57.0
-39.620000000000005
-594.0
-40.0
-23.0
-35.5
-31.5
-469.0
-44.0
-39.0
-4.0
-15.0
-23.0
-23.0
-31.0
-11.0
-26.639999999999986
-15.0
-9.0
-22.0
-43.0
-30.0
-19.52000000000001
-46.5
-443.24
-10.240000000000009
-0.5
-4.0
-9.5
-2.5
-3.5
-6.0
-1.0
-4.0
-2.0
-50.0
-23.0
-15.0
-30.0
-21.0
-69.63999999999999
-314.0
-64.0
-9.0
-31.0
-4.5
-37.0
-336.0
-20.0
-34.0
-6.0
-149.0
-44.0
-60.0
-7.0
-12.0
-12.0
-17.0
-28.0
-526.0
-77.0
-47.0
-20.0
-54.0
-66.11000000000001
-3.0600000000000023
-18.5
-12.0
-641.0
-24.5
-23.5
-20.5
-67.60000000000002
-14.600000000000023
-35.39999999999998
-203.60000000000002
-3.3999999999999773
-51.39999999999998
-2.3999999999999773
-6.600000000000023
-0.39999999999997726
-22.399999999999977
-324.6
-35.39999999999998
-47.60000000000002
-70.60000000000002
-56.60000000000002
-12.0
-60.110000000000014
-8.120000000000005
-18.0
-19.0
-29.0
-22.0
-4.0
-568.0
-71.0
-17.0
-17.0
-76.0
-38.0
-27.0
-27.0
-547.0
-103.0
-7.0
-17.0
-17.0
-104.0
-77.0
-124.0
-92.0
-26.0
-73.0
-62.0
-100.0
-83.0
-113.0
-67.0
-149.0
-0.0
-11.0
-18.0
-64.0
-34.139999999999986
-10.5
-1.0
-138.5
-73.68
-34.59
-756.62
-78.51999999999998
-131.83999999999997
-127.63999999999999
-97.63999999999999
-67.48000000000002
-523.52
-103.63999999999999
-427.15999999999997
-138.15999999999997
-1.1599999999999682
-15.159999999999968
-10.759999999999991
-110.24000000000001
-167.60000000000002
-242.60000000000002
-48.39999999999998
-36.75999999999999
-21.39500000000001
-2.0
-5.0
-12.5
-71.84000000000003
-26.590000000000003
-12.379999999999995
-57.19999999999999
-67.42000000000002
-226.0
-457.52
-14.240000000000009
-50.74000000000001
-242.0
-472.0
-275.0
-86.0
-236.0
-86.0
-219.0
-82.0
-119.0
-47.0
-29.379999999999995
-58.39500000000001
-178.51999999999998
-11.47999999999999
-23.819999999999993
-68.0
-6.0
-53.0
-5.0
-15.0
-9.0
-33.0
-46.0
-40.0
-11.0
-13.0
-2.0
-15.0
-8.0
-32.0
-23.0
-21.0
-4.0
-16.0
-36.0
-26.129999999999995
-59.30000000000001
-505.24
-41.639999999999986
-40.0
-7.0
-51.0
-51.639999999999986
-13.0
-67.5
-469.0
-388.5
-3.5
-9.0
-35.0
-20.5
-285.5
-30.0
-55.5
-7.5
-6.0
-38.0
-43.0
-852.5
-630.13
-208.0
-57.0
-31.0
-89.84000000000003
-27.409999999999997
-49.24000000000001
-0.9900000000000091
-5.0
-147.0
-59.0
-26.0
-140.0
-43.0
-59.0
-406.0
-390.5
-57.0
-116.0
-118.0
-22.0
-16.0
-21.0
-60.0
-18.39500000000001
-31.090000000000003
-17.0
-19.900000000000006
-291.0
-59.59
-28.0
-12.990000000000009
-36.60000000000002
-515.0
-3.0
-88.0
-218.0
-537.0
-313.0899999999998
-36.0
-162.0
-96.0
-33.0
-315.0
-2.0
-18.0
-6.0
-18.0
-9.39500000000001
-82.18
-57.18000000000001
-55.19999999999999
-53.18000000000001
-69.18
-95.18
-205.82
-126.80000000000001
-216.17999999999995
-121.82000000000005
-318.82000000000005
-551.18
-83.79999999999995
-0.82000000000005
-119.82000000000005
-235.82000000000005
-8.819999999999993
-216.2
-221.17999999999995
-322.82
-34.0
-49.0
-10.0
-748.605
-59.30000000000001
-21.0
-43.0
-22.0
-43.0
-40.0
-39.0
-135.0
-52.0
-106.0
-124.0
-17.0
-5.0
-86.0
-4.0
-73.0
-52.0
-79.0
-33.0
-11.0
-24.0
-17.0
-4.0
-37.16
-17.919999999999987
-68.0
-19.0
-18.0
-9.0
-30.0
-24.0
-51.0
-1.0
-18.0
-34.0
-38.0
-12.0
-70.0
-6.0
-91.0
-3.0
-16.0
-18.0
-593.0
-0.0
-28.0
-7.0
-19.61500000000001
-21.919999999999987
-0.0
-9.0
-1.0
-1.0
-310.0
-25.0
-377.0
-80.0
-62.0
-13.0
-24.0
-3.0
-29.0
-8.0
-11.0
-17.0
-501.0
-517.0
-14.0
-37.0
-5.0
-9.0
-37.06999999999999
-28.0
-2.0
-20.0
-24.0
-11.0
-8.0
-17.0
-417.0
-335.0
-197.0
-52.0
-96.0
-122.0
-86.0
-100.0
-55.0
-65.0
-203.0
-610.0
-43.0
-50.0
-19.0
-537.0
-403.07
-41.0
-50.0
-2.0
-50.0
-17.0
-28.0
-657.0
-130.0
-361.0
-48.0
-4.0
-302.0
-310.0
-217.0
-24.0
-1.0
-119.0
-87.0
-72.0
-106.0
-94.0
-43.5
-169.0
-59.59
-30.0
-3.0
-278.0
-238.0
-420.5
-48.0
-49.0
-18.0
-308.0
-4.0
-24.0
-54.0
-23.0
-476.0
-26.0
-8.0
-37.0
-12.0
-386.0
-28.0
-383.0
-8.0
-16.0
-63.59
-14.0
-889.0
-73.0
-442.0
-2.0
-5.0
-8.0
-45.0
-160.0
-170.0
-246.0
-387.0
-52.0
-193.0
-196.0
-522.0
-62.0
-30.0
-28.0
-50.0
-104.0
-3.0
-34.0
-5.409999999999997
-21.0
-8.0
-6.0
-8.0
-22.0
-6.0
-22.0
-82.0
-322.0
-47.0
-31.0
-57.0
-45.0
-88.0
-62.0
-63.0
-51.0
-0.0
-55.0
-25.0
-130.0
-3.0
-44.0
-5.409999999999997
-121.0
-23.0
-8.0
-50.0
-18.0
-4.0
-24.0
-84.0
-3.0
-42.0
-177.0
-22.0
-94.0
-8.0
-97.0
-91.0
-13.0
-27.0
-146.0
-37.0
-56.0
-719.0
-232.0
-5.409999999999997
-17.0
-8.0
-23.0
-9.0
-7.0
-5.0
-51.0
-11.0
-4.0
-37.0
-44.0
-53.0
-18.0
-20.0
-17.0
-23.0
-28.0
-576.0
-4.0
-17.0
-67.0
-13.0
-0.5
-20.579999999999956
-14.0
-20.0
-10.0
-22.5
-75.0
-24.0
-23.0
-34.0
-10.0
-39.0
-16.0
-78.0
-528.0
-14.0
-14.0
-211.0
-3.0
-36.0
-13.0
-38.0
-1.0
-18.0
-44.0
-66.09
-76.0
-71.0
-68.0
-83.0
-55.0
-173.0
-9.0
-95.0
-117.0
-40.0
-5.0
-69.0
-139.0
-112.0
-37.0
-35.0
-44.0
-20.0
-67.0
-18.0
-48.0
-610.0
-72.0
-5.409999999999997
-3.0
-0.0
-10.0
-559.0
-10.0
-39.0
-20.0
-34.0
-231.0
-54.0
-4.0
-79.0
-10.0
-45.0
-56.0
-483.0
-76.0
-6.0
-10.0
-2.0
-28.0
-5.0
-13.0
-5.409999999999997
-20.0
-10.0
-27.0
-12.0
-14.0
-54.0
-0.0
-664.0
-10.0
-66.0
-578.0
-181.0
-67.0
-39.0
-32.0
-29.0
-85.0
-22.0
-55.0
-89.0
-0.0
-56.0
-10.0
-10.590000000000003
-20.0
-1.0
-16.0
-13.0
-12.0
-15.0
-10.0
-40.0
-143.0
-63.0
-9.0
-71.0
-5.0
-10.0
-2.0
-15.0
-18.0
-36.0
-28.0
-47.0
-33.0
-0.0
-55.0
-5.409999999999997
-28.0
-4.0
-20.0
-12.0
-8.0
-356.5
-12.0
-3.0
-37.0
-258.0
-47.0
-65.0
-2.0
-53.0
-109.0
-22.0
-142.0
-21.0
-251.0
-48.0
-3.0
-627.0
-81.0
-18.110000000000014
-39.0
-35.0
-8.0
-15.5
-16.0
-66.0
-150.0
-76.0
-56.0
-68.0
-58.0
-93.0
-136.44
-44.44
-41.0
-33.0
-71.0
-54.0
-58.0
-347.0
-11.0
-19.0
-52.0
-27.129999999999995
-37.0
-48.0
-27.0
-22.0
-30.0
-1.0
-18.5
-12.0
-0.0
-41.0
-10.0
-70.0
-17.0
-34.0
-34.0
-40.0
-57.0
-26.0
-48.0
-24.0
-19.0
-44.0
-37.0
-13.159999999999997
-9.960000000000008
-0.03999999999999204
-3.0
-9.0
-2.0
-43.0
-48.0
-40.0
-72.0
-60.0
-62.0
-34.0
-25.0
-595.0
-6.0
-9.0
-15.0
-36.0
-88.0
-2.0
-35.0
-33.0
-36.0
-17.120000000000005
-417.0
-3.0
-2.0
-140.0
-0.0
-2.0
-4.0
-3.0
-54.0
-19.0
-19.0
-584.0
-171.0
-19.0
-48.0
-0.5
-16.0
-2.0
-41.0
-29.0
-23.0
-28.0
-11.0
-9.139999999999986
-13.0
-15.0
-11.0
-652.0
-7.0
-12.5
-7.0
-83.0
-72.91999999999999
-53.91999999999999
-34.0
-14.0
-22.0
-39.0
-16.0
-18.0
-5.0
-15.0
-153.0
-5.0
-40.0
-14.0
-21.0
-32.099999999999994
-11.0
-10.0
-0.0
-6.0
-29.0
-50.0
-50.0
-59.0
-34.0
-12.0
-6.0
-0.0
-36.0
-32.0
-29.0
-32.0
-56.0
-743.0
-55.0
-23.0
-4.0
-18.0
-33.0
-28.819999999999993
-2.5
-32.0
-167.0
-21.0
-669.0
-6.0
-34.5
-35.0
-37.0
-12.0
-2.0
-65.0
-13.0
-5.0
-35.0
-22.0
-28.0
-18.0
-5.5
-9.919999999999987
-23.0
-387.0
-9.0
-1.8700000000000045
-12.0
-11.0
-750.0
-28.0
-35.0
-30.0
-2.0
-77.5
-163.56
-42.0
-77.0
-19.0
-122.0
-46.0
-547.0
-67.0
-139.0
-65.0
-45.0
-14.0
-13.0
-726.0
-0.0
-44.110000000000014
-295.0
-37.0
-26.0
-279.0
-16.0
-868.0
-17.0
-48.0
-7.0
-125.0
-26.0
-64.0
-293.0
-13.0
-25.0
-105.0
-135.0
-38.0
-309.0
-10.0
-24.0
-59.0
-8.0
-18.110000000000014
-10.0
-4.0
-35.0
-832.0
-1.0
-1.960000000000008
-265.0
-2.0
-2.0
-111.79999999999995
-99.60000000000002
-70.60000000000002
-168.60000000000002
-8.399999999999977
-14.600000000000023
-3.7999999999999545
-126.79999999999995
-438.79999999999995
-46.80000000000001
-30.19999999999999
-74.19999999999999
-45.31999999999999
-3.0
-44.110000000000014
-0.5
-273.48
-257.5
-20.0
-2.0
-19.0
-262.0
-10.0
-6.0
-128.0
-509.0
-170.0
-145.0
-555.0
-324.0
-22.0
-8.0
-9.0
-205.0
-42.0
-18.0
-33.0
-43.0
-44.110000000000014
-11.0
-16.0
-12.0
-13.0
-5.0
-18.0
-11.0
-19.0
-133.0
-143.76
-52.24000000000001
-453.24
-49.75999999999999
-22.0
-8.159999999999968
-45.15999999999997
-58.84000000000003
-36.15999999999997
-95.16000000000003
-78.83999999999997
-25.0
-63.0
-17.0
-267.11
-0.0
-377.0
-18.0
-7.0
-492.0
-2.0
-12.0
-8.0
-22.0
-74.0
-91.0
-157.51999999999998
-44.48000000000002
-16.0
-93.0
-2.0
-92.0
-34.0
-92.0
-78.0
-720.0
-167.0
-18.0
-34.110000000000014
-18.0
-15.47999999999999
-4.5
-11.0
-10.0
-8.0
-7.0
-17.0
-13.0
-2.0
-246.0
-491.0
-15.0
-38.0
-44.0
-9.0
-7.0
-11.0
-36.0
-61.0
-97.0
-13.0
-636.0
-51.110000000000014
-25.0
-295.0
-568.0
-8.0
-11.0
-3.0
-37.0
-377.0
-71.62
-113.0
-2.0
-410.0
-2.5
-9.5
-387.0
-73.0
-17.0
-28.0
-14.0
-24.0
-1.0
-2.0
-1.0
-636.64
-5.0
-1.0
-7.0
-43.0
-30.0
-24.47999999999999
-165.5
-89.24000000000001
-68.24000000000001
-1.5
-23.0
-2.5
-2.5
-3.5
-33.0
-28.0
-23.0
-463.0
-27.0
-725.0
-15.0
-784.0
-1.0
-18.639999999999986
-9.0
-41.0
-43.0
-65.0
-13.5
-77.0
-10.0
-41.0
-34.0
-29.0
-36.0
-0.0
-91.0
-27.0
-6.0
-12.0
-98.0
-8.0
-530.0
-65.0
-1.0
-73.0
-35.0
-10.110000000000014
-10.060000000000002
-16.5
-10.0
-6.0
-10.5
-9.5
-10.5
-99.60000000000002
-14.600000000000023
-35.39999999999998
-146.39999999999998
-33.60000000000002
-92.39999999999998
-2.3999999999999773
-6.600000000000023
-0.39999999999997726
-26.600000000000023
-2.3999999999999773
-4.600000000000023
-89.60000000000002
-7.0
-18.07499999999999
-24.0
-23.0
-65.0
-34.0
-215.0
-7.0
-191.0
-91.0
-451.0
-175.0
-38.0
-424.0
-115.48000000000002
-53.48000000000002
-78.12
-68.32000000000005
-169.32000000000005
-240.44000000000005
-157.12
-87.0
-14.0
-21.120000000000005
-176.0
-41.44999999999999
-0.0
-3.0
-10.0
-37.0
-17.0
-23.0
-61.0
-124.0
-75.0
-16.799999999999955
-44.799999999999955
-86.20000000000005
-9.200000000000045
-39.200000000000045
-504.24
-103.24000000000001
-111.24000000000001
-1.240000000000009
-17.0
-39.0
-61.0
-40.0
-57.0
-10.550000000000011
-21.0
-1.0
-6.0
-0.0
-37.0
-64.0
-25.0
-111.0
-28.0
-265.0
-118.0
-63.0
-27.0
-99.0
-582.0
-61.0
-63.879999999999995
-1.0
-46.0
-44.0
-99.0
-28.0
-3.0
-5.550000000000011
-733.0
-6.0
-24.0
-7.0
-15.0
-1.0
-16.0
-476.0
-4.480000000000018
-656.52
-104.0
-34.0
-14.0
-93.91999999999996
-86.0
-55.0
-342.0
-135.48000000000002
-24.519999999999982
-299.0
-24.0
-656.0
-14.0
-41.44999999999999
-858.0
-22.0
-30.0
-713.0
-13.0
-0.0
-11.0
-2.0
-26.0
-10.0
-48.0
-106.0
-40.0
-647.0
-33.0
-44.0
-47.0
-21.0
-20.0
-33.0
-35.0
-41.0
-46.0
-50.03
-3.0
-264.0
-548.0
-4.0
-5.0
-827.0
-9.0
-427.0
-17.0
-224.0
-84.0
-38.0
-15.0
-253.0
-6.0
-24.0
-43.0
-43.0
-40.0
-49.0
-21.0
-14.0
-19.0
-2.4549999999999557
-9.0
-8.0
-7.0
-17.0
-13.0
-5.0
-7.0
-20.0
-10.0
-26.0
-30.0
-36.0
-24.0
-18.0
-16.0
-22.0
-9.0
-21.0
-30.0
-1.5
-15.0
-9.0
-11.0
-2.9399999999999977
-476.0
-12.0
-28.0
-47.0
-3.0
-25.0
-16.0
-142.0
-30.0
-51.0
-85.0
-582.0
-60.0
-115.0
-108.0
-607.2
-104.0
-10.0
-62.0
-35.0
-127.0
-14.079999999999984
-18.0
-18.55000000000001
-4.0
-6.0
-18.0
-4.0
-414.0
-25.0
-37.0
-12.0
-9.0
-66.0
-142.12
-172.0
-31.0
-117.0
-385.0
-472.0
-56.0
-68.0
-14.0
-2.8799999999999955
-8.0
-29.0
-511.0
-37.44999999999999
-28.0
-6.0
-10.0
-0.0
-16.0
-49.0
-98.0
-9.0
-3.0
-92.0
-497.12
-151.0
-36.0
-42.0
-9.0
-220.0
-47.0
-22.0
-10.0
-580.0
-14.0
-43.0
-22.0
-9.449999999999989
-37.0
-28.0
-167.0
-10.0
-6.0
-13.0
-19.0
-4.0
-21.0
-8.0
-67.0
-23.0
-23.0
-33.0
-173.12
-28.0
-64.0
-49.0
-30.0
-38.0
-76.12
-45.0
-29.0
-643.02
-4.0
-2.5
-20.0
-20.5
-283.39
-30.610000000000014
-29.5
-5.759999999999991
-4.590000000000032
-106.83000000000004
-34.08000000000004
-2.080000000000041
-21.91999999999996
-42.91999999999996
-13.399999999999977
-88.60000000000002
-19.399999999999977
-175.60000000000002
-52.39999999999998
-17.600000000000023
-25.600000000000023
-43.60000000000002
-2.0
-48.420000000000016
-13.0
-9.0
-1.0
-22.0
-15.0
-55.0
-2.0
-115.0
-41.0
-743.0
-20.0
-634.0
-45.0
-8.0
-57.0
-45.0
-21.0
-32.0
-23.0
-22.5
-83.0
-28.0
-13.0
-6.590000000000003
-11.0
-19.0
-32.0
-0.0
-22.0
-5.0
-13.0
-16.0
-24.0
-15.0
-20.0
-1.0
-5.0
-3.0
-27.0
-21.0
-6.0
-19.0
-19.0
-2.0
-10.0
-19.0
-8.0
-12.590000000000003
-28.0
-49.0
-23.0
-17.0
-22.0
-5.0
-18.0
-153.0
-54.0
-10.0
-33.0
-230.0
-3.0
-3.0
-378.0
-47.0
-41.0
-8.080000000000041
-28.0
-59.0
-59.0
-2.0
-24.0
-35.420000000000016
-5.0
-33.0
-10.0
-24.0
-9.0
-14.0
-24.0
-5.0
-14.0
-50.0
-7.0
-39.879999999999995
-30.0
-60.0
-530.0
-119.0
-17.0
-5.8799999999999955
-20.0
-26.0
-7.0
-32.0
-22.0
-40.420000000000016
-6.0
-357.0
-693.0
-21.0
-13.0
-14.0
-17.0
-4.0
-12.0
-44.0
-9.0
-4.0
-24.0
-19.0
-17.0
-56.0
-9.879999999999995
-513.0
-2.0
-52.0
-35.0
-12.0
-22.0
-578.5799999999999
-20.0
-476.0
-7.0
-774.0
-18.0
-13.0
-644.0
-73.0
-3.0
-26.0
-79.0
-8.0
-6.0
-42.0
-26.0
-139.0
-425.0
-27.0
-32.0
-24.120000000000005
-41.0
-4.0
-7.0
-781.5799999999999
-13.0
-10.0
-16.0
-34.0
-8.0
-12.0
-278.0
-43.0
-25.0
-350.0
-14.080000000000041
-1.0
-25.0
-9.0
-9.0
-3.0
-13.0
-19.0
-112.0
-57.0
-176.0
-705.0
-71.0
-219.57999999999998
-8.0
-696.0
-5.0
-19.0
-5.0
-34.0
-12.0
-108.0
-29.0
-100.0
-29.0
-119.0
-54.0
-66.04000000000002
-50.04000000000002
-5.0
-61.0
-37.0
-23.0
-22.0
-48.0
-46.0
-27.0
-7.409999999999997
-8.0
-35.0
-48.0
-20.0
-14.0
-26.0
-15.0
-24.0
-8.0
-15.0
-23.0
-13.0
-34.0
-294.0
-55.51999999999998
-22.480000000000018
-52.0
-10.0
-9.0
-24.0
-48.0
-40.0
-56.0
-6.409999999999997
-4.0
-47.0
-206.0
-24.0
-25.0
-7.0
-1.0
-148.0
-38.0
-22.120000000000005
-46.120000000000005
-797.0
-6.0
-177.0
-48.0
-52.0
-677.0
-36.0
-50.0
-47.0
-36.0
-18.0
-20.0
-30.860000000000014
-5.0
-7.0
-13.0
-214.0
-6.0
-17.0
-12.0
-17.0
-35.0
-164.0
-77.0
-7.0
-438.0
-73.0
-89.0
-7.0
-2.0
-23.0
-14.0
-57.0
-37.0
-42.120000000000005
-42.0
-65.33500000000001
-14.0
-21.0
-50.0
-7.0
-32.0
-2.0
-44.0
-29.0
-7.0
-11.0
-16.0
-31.0
-3.0
-5.0
-23.0
-4.919999999999959
-20.0
-30.0
-35.0
-20.0
-11.0
-59.0
-15.0
-46.33500000000001
-5.0
-285.0
-4.0
-24.0
-16.0
-2.0
-40.0
-323.0
-54.67999999999995
-35.32000000000005
-14.0
-5.0
-9.0
-36.0
-661.0
-10.120000000000005
-30.0
-40.0
-18.0
-34.0
-3.0
-67.0
-26.0
-408.66499999999996
-18.0
-20.0
-3.0
-32.0
-12.0
-39.0
-29.0
-15.0
-9.0
-40.879999999999995
-56.0
-5.0
-584.0
-59.0
-18.0
-47.0
-92.0
-45.0
-76.0
-66.0
-19.0
-81.0
-791.0
-51.33500000000001
-727.0
-15.0
-25.0
-10.0
-21.0
-27.0
-7.0
-15.0
-6.0
-17.0
-286.0
-53.0
-51.0
-48.0
-37.0
-55.0
-58.0
-347.0
-4.0
-9.0
-11.0
-22.0
-45.0
-2.4099999999999966
-7.0
-11.0
-19.0
-33.0
-16.0
-8.0
-36.0
-7.0
-1.0
-1.0
-49.0
-59.0
-44.0
-27.0
-17.0
-10.0
-739.0
-85.0
-73.0
-19.0
-99.0
-48.0
-25.0
-2.4099999999999966
-110.0
-24.0
-119.0
-9.0
-23.0
-13.0
-10.0
-131.0
-36.0
-15.0
-91.0
-78.0
-129.08000000000004
-38.0
-61.0
-18.0
-101.0
-13.879999999999995
-87.0
-9.0
-13.0
-61.0
-51.0
-46.33500000000001
-16.0
-407.0
-6.0
-227.0
-4.0
-16.0
-26.0
-34.0
-8.0
-150.0
-54.0
-14.0
-21.0
-187.08000000000004
-182.0
-207.0
-8.0
-134.0
-5.0
-103.0
-53.0
-11.0
-47.0
-664.665
-26.5
-464.0
-4.0
-7.0
-601.0
-17.0
-15.0
-544.0
-162.88
-36.0
-41.0
-54.0
-649.0
-32.120000000000005
-15.0
-8.0
-22.0
-158.0
-13.0
-3.0
-42.0
-52.0
-14.0
-18.189999999999998
-21.0
-7.0
-6.0
-184.0
-14.0
-18.0
-0.0
-79.0
-28.0
-636.0
-64.0
-17.0
-133.0
-33.0
-25.120000000000005
-60.0
-47.0
-74.0
-72.0
-41.0
-47.19999999999999
-69.0
-4.0
-12.125
-6.0
-4.0
-486.0
-3.0
-8.0
-29.0
-12.0
-598.0
-55.0
-20.0
-52.0
-6.0
-184.0
-103.0
-33.0
-18.0
-23.0
-23.0
-27.0
-31.0
-48.120000000000005
-55.0
-6.0
-57.06
-30.0
-553.0
-20.0
-10.0
-7.0
-7.0
-11.0
-66.0
-273.0
-480.0
-4.0
-59.0
-58.0
-147.0
-107.0
-152.0
-85.12
-116.0
-25.0
-13.0
-4.0
-1.0
-12.0
-71.59
-18.0
-27.0
-29.0
-0.0
-7.0
-33.0
-38.0
-1.0
-10.0
-7.0
-56.0
-46.0
-5.0
-17.0
-69.0
-64.0
-23.0
-22.0
-9.0
-11.0
-8.0
-661.0
-24.0
-2.4099999999999966
-22.0
-31.0
-0.0
-12.0
-4.0
-6.0
-42.0
-89.0
-71.0
-21.0
-49.0
-79.0
-164.0
-87.0
-74.0
-61.0
-47.0
-69.88
-42.0
-80.0
-109.0
-387.0
-11.0
-10.090000000000003
-739.0
-35.0
-40.0
-30.0
-20.0
-14.0
-31.0
-70.0
-58.0
-48.0
-14.120000000000005
-93.0
-14.120000000000005
-115.0
-49.0
-39.0
-8.0
-38.0
-458.0
-21.0
-39.0
-21.0
-49.0
-55.43000000000001
-30.0
-8.0
-2.0
-13.0
-19.0
-60.0
-27.0
-50.0
-42.0
-1.0
-13.0
-37.0
-20.0
-29.0
-62.0
-28.0
-9.0
-32.0
-22.0
-166.0
-5.0
-144.0
-95.0
-85.94999999999999
-56.0
-48.0
-265.0
-50.0
-58.0
-34.0
-58.0
-88.0
-4.0
-613.12
-19.0
-7.0
-26.0
-33.0
-7.0
-3.0
-39.0
-36.120000000000005
-39.0
-6.0
-25.0
-11.0
-1.0
-16.080000000000013
-21.0
-339.0
-23.0
-638.0
-17.0
-12.0
-17.0
-1.0
-0.0
-447.12
-53.0
-41.0
-114.0
-0.0
-3.0
-13.0
-45.0
-29.0
-39.0
-41.0
-55.0
-122.0
-40.0
-35.41
-28.0
-10.0
-24.0
-24.0
-15.0
-61.0
-6.0
-23.0
-236.0
-84.0
-45.0
-37.0
-768.0
-105.0
-25.0
-36.0
-9.120000000000005
-25.0
-61.0
-18.0
-63.0
-57.0
-253.0
-7.409999999999997
-1.0
-2.0
-39.5
-0.5
-34.0
-16.5
-8.0
-8.0
-9.060000000000002
-95.36000000000001
-75.80000000000001
-106.48000000000002
-72.48000000000002
-61.48000000000002
-2.0
-9.0
-35.0
-46.5
-44.0
-23.0
-44.0
-33.0
-1.0
-5.0
-12.0
-133.0
-17.0
-4.0
-2.0
-6.0
-30.0
-9.0
-89.0
-35.120000000000005
-658.0
-29.0
-44.0
-209.0
-77.0
-237.0
-28.0
-44.86500000000001
-27.0
-18.0
-14.0
-31.0
-1.0
-7.5
-185.0
-133.0
-29.0
-42.0
-18.0
-31.0
-38.0
-1.0
-5.0
-18.0
-67.0
-86.0
-51.0
-53.0
-11.0
-28.0
-4.0
-71.13499999999999
-5.0
-14.0
-12.0
-702.0
-15.0
-2.0
-12.0
-37.0
-38.0
-4.1200000000000045
-90.0
-90.0
-17.0
-549.0
-19.0
-20.0
-14.0
-10.0
-36.0
-52.120000000000005
-27.0
-64.0
-28.0
-3.1299999999999955
-35.0
-18.0
-20.0
-11.0
-25.0
-4.0
-31.0
-20.0
-50.0
-634.0
-35.0
-45.0
-4.0
-26.0
-11.0
-19.0
-36.0
-48.120000000000005
-16.0
-24.0
-1.0
-77.0
-4.0
-26.894999999999982
-14.0
-4.0
-15.0
-18.0
-15.0
-14.0
-12.0
-150.0
-43.0
-155.0
-6.0
-273.0
-7.0
-242.0
-44.0
-86.0
-71.0
-43.0
-27.0
-91.0
-37.0
-45.120000000000005
-52.0
-51.89499999999998
-27.0
-24.0
-16.0
-5.0
-11.0
-11.0
-6.0
-34.0
-51.0
-5.0
-37.0
-71.0
-78.0
-15.0
-22.0
-41.0
-659.0
-41.0
-55.0
-15.0
-6.0
-358.0
-10.0
-15.5
-37.0
-75.0
-57.0
-22.0
-10.0
-301.0
-24.0
-21.0
-17.0
-51.0
-10.0
-48.0
-69.0
-49.0
-41.0
-71.0
-9.0
-22.0
-27.0
-6.0
-13.0
-51.0
-56.0
-68.5
-1.0
-25.0
-35.0
-30.0
-24.0
-13.0
-13.0
-131.0
-16.0
-679.0
-17.0
-41.0
-37.120000000000005
-33.0
-156.0
-56.0
-41.0
-24.0
-59.0
-7.0
-30.0
-2.0
-41.0
-31.105000000000018
-72.0
-26.0
-605.0
-8.5
-13.0
-1.0
-26.0
-44.0
-16.0
-449.0
-5.0
-40.0
-62.0
-21.0
-36.0
-42.0
-25.91999999999996
-59.0
-89.0
-20.0
-58.0
-16.0
-23.0
-15.080000000000013
-33.0
-340.0
-87.0
-39.0
-27.0
-10.0
-10.0
-274.0
-47.0
-41.0
-8.0
-68.08000000000004
-319.0
-46.0
-25.0
-8.0
-54.0
-60.0
-14.0
-12.0
-20.0
-42.0
-18.0
-21.39500000000001
-426.0
-33.0
-19.0
-37.0
-133.0
-126.0
-370.0
-23.0
-55.0
-3.0
-27.0
-421.0
-350.0
-364.0
-13.0
-8.0
-29.0
-28.0
-56.0
-52.0
-25.0
-64.0
-347.0
-97.13
-128.0
-116.0
-126.0
-127.0
-138.0
-148.0
-137.0
-37.0
-18.0
-42.0
-3.0
-35.0
-141.12
-23.0
-12.0
-10.0
-55.0
-43.0
-155.0
-617.0
-57.0
-54.0
-30.0
-8.134999999999991
-1.0
-41.0
-12.0
-13.0
-3.0
-45.0
-51.0
-0.0
-278.0
-44.0
-7.0
-41.0
-715.0
-25.0
-69.0
-62.0
-72.0
-46.0
-6.0
-18.0
-32.0
-8.0
-22.0
-341.5
-340.0
-363.0
-6.8799999999999955
-37.0
-8.0
-8.5
-15.5
-10.0
-7.0
-23.0
-7.0
-4.259999999999991
-15.5
-8.5
-29.0
-72.0
-19.0
-3.0
-3.0
-6.0
-16.0
-24.0
-17.0
-34.5
-36.0
-48.0
-7.0
-17.0
-9.0
-33.0
-10.0
-140.0
-188.0
-41.0
-14.0
-135.0
-132.0
-119.0
-133.0
-19.0
-69.0
-4.8799999999999955
-97.0
-12.0
-63.120000000000005
-41.0
-19.0
-39.86500000000001
-12.5
-8.0
-8.0
-9.0
-432.0
-22.0
-31.0
-90.0
-2.0
-4.0
-20.0
-7.0
-97.0
-6.0
-303.0
-7.0
-114.0
-17.0
-39.0
-43.0
-1.0
-12.0
-41.0
-3.8600000000000136
-15.0
-1.0
-8.0
-10.0
-14.0
-5.0
-16.0
-32.879999999999995
-6.0
-30.0
-732.0
-466.0
-13.0
-18.0
-28.0
-6.0
-43.0
-101.0
-117.12
-56.0
-96.0
-10.0
-3.0
-446.05
-0.0
-19.0
-19.0
-47.0
-5.0
-27.0
-8.0
-25.360000000000014
-111.48000000000002
-10.0
-25.0
-33.32000000000005
-26.32000000000005
-11.67999999999995
-12.0
-22.0
-28.0
-86.0
-142.0
-15.0
-24.0
-203.0
-0.12000000000000455
-0.8849999999999909
-36.51999999999998
-7.0
-6.0
-5.0
-22.0
-34.0
-2.0
-44.0
-43.0
-5.919999999999959
-32.0
-65.10000000000002
-38.0
-50.0
-19.120000000000005
-3.0
-530.0
-4.0
-39.0
-26.0
-32.0
-182.0
-29.0
-7.884999999999991
-45.0
-5.0
-18.0
-11.0
-13.0
-687.0
-5.0
-2.0
-114.0
-103.0
-25.0
-697.48
-14.5
-48.0
-32.0
-39.0
-79.0
-29.0
-35.5
-12.0
-2.0
-15.5
-25.0
-701.5
-18.0
-39.5
-30.5
-131.0
-16.5
-9.5
-8.5
-10.0
-18.0
-28.0
-7.0
-6.259999999999991
-3.5
-14.5
-4.0
-81.0
-43.5
-33.0
-5.5
-1.5
-13.5
-2.5
-19.0
-28.5
-22.0
-1.0
-7.0
-3.0
-28.0
-51.0
-355.0
-114.0
-195.0
-15.0
-16.0
-4.0
-46.0
-57.0
-95.12
-44.0
-153.0
-7.0
-47.0
-147.0
-43.0
-4.0
-51.0
-603.115
-8.0
-31.0
-3.0
-26.0
-19.0
-21.0
-39.0
-40.0
-48.0
-37.0
-295.0
-24.0
-15.0
-86.0
-47.0
-18.0
-32.120000000000005
-77.0
-101.0
-30.0
-7.0
-24.0
-11.0
-29.88499999999999
-626.0
-42.0
-0.0
-16.0
-15.0
-10.0
-4.0
-32.0
-3.0
-9.0
-20.0
-14.0
-11.0
-387.0
-45.0
-3.0
-35.0
-39.91999999999996
-15.519999999999982
-51.51999999999998
-56.0
-16.0
-13.0
-29.819999999999993
-8.0
-20.0
-64.0
-48.0
-48.0
-49.0
-46.0
-22.0
-15.0
-7.0
-182.0
-17.0
-3.0
-26.0
-22.0
-45.0
-5.1200000000000045
-21.0
-36.0
-54.0
-20.0
-41.0
-149.0
-1.6800000000000068
-13.0
-6.0
-2.0
-25.0
-11.0
-2.0
-25.0
-35.0
-16.0
-33.0
-50.0
-23.0
-31.0
-37.0
-99.0
-7.0
-9.0
-102.0
-108.0
-14.0
-58.0
-13.0
-24.0
-385.68
-6.0
-635.0
-8.0
-7.0
-14.0
-13.0
-0.0
-173.0
-412.0
-35.0
-57.0
-25.0
-5.0
-27.0
-56.0
-35.0
-65.0
-55.0
-42.0
-17.0
-7.0
-8.0
-4.0
-196.5
-25.0
-17.5
-58.5
-83.0
-16.0
-51.0
-50.0
-20.0
-48.0
-35.0
-16.0
-105.0
-73.0
-58.0
-98.0
-81.0
-18.0
-39.0
-10.0
-31.0
-7.0
-7.0
-665.0
-49.5
-39.0
-13.0
-6.0
-7.0
-5.0
-55.0
-10.0
-25.0
-112.88
-284.0
-0.0
-8.0
-19.0
-41.0
-52.0
-25.0
-56.91999999999996
-1.0
-128.0
-101.0
-36.0
-50.0
-16.0
-72.82
-44.0
-2.0
-474.0
-8.0
-22.0
-4.0
-750.0
-63.0
-50.0
-598.0
-22.0
-29.0
-21.0
-35.0
-33.0
-93.0
-2.0
-53.0
-50.0
-432.0
-45.0
-31.0
-265.0
-37.31999999999999
-4.0
-14.0
-8.0
-18.0
-55.0
-9.0
-3.0
-91.12
-454.0
-86.0
-7.0
-72.0
-437.0
-12.0
-129.0
-102.0
-97.0
-112.0
-35.0
-10.0
-9.0
-7.0
-2.0
-37.31999999999999
-4.0
-22.0
-5.0
-19.0
-18.0
-20.0
-39.0
-2.0
-168.0
-134.0
-11.080000000000041
-32.0
-42.120000000000005
-46.0
-212.0
-18.0
-6.0
-59.0
-10.0
-44.0
-48.0
-10.0
-29.0
-10.680000000000007
-12.0
-29.0
-16.0
-13.0
-4.0
-4.0
-23.0
-165.0
-439.0
-38.039999999999964
-3.0399999999999636
-17.0
-6.0
-168.0
-10.0
-506.0
-28.0
-63.0
-317.0
-28.0
-35.0
-9.0
-1.0
-2.319999999999993
-19.0
-7.0
-17.0
-11.0
-21.0
-2.0
-15.0
-128.0
-16.0
-137.0
-33.0
-105.0
-103.0
-45.0
-115.0
-47.0
-5.0
-52.0
-40.0
-15.0
-150.0
-8.0
-25.0
-28.5
-75.0
-14.0
-243.0
-25.0
-63.0
-6.0
-14.0
-9.0
-18.0
-20.0
-27.0
-30.0
-585.0
-102.0
-7.0
-0.0
-8.0
-4.0
-1.0
-6.0
-144.0
-55.0
-66.0
-52.5
-48.0
-59.0
-251.0
-26.0
-54.0
-28.0
-12.0
-178.0
-145.0
-32.0
-24.0
-18.0
-483.0
-37.0
-31.0
-55.0
-403.0
-3.0
-48.0
-67.0
-46.0
-32.0
-72.0
-55.31999999999999
-8.0
-33.0
-10.0
-25.0
-26.0
-13.0
-23.0
-14.0
-10.0
-56.0
-91.0
-34.0
-20.0
-75.0
-8.0
-20.0
-35.0
-91.0
-55.0
-29.0
-641.0
-3.0
-25.0
-12.680000000000007
-35.0
-414.0
-73.0
-20.0
-5.0
-48.0
-722.0
-20.0
-51.0
-14.0
-2.0
-13.0
-12.0
-22.0
-19.0
-44.0
-34.0
-96.0
-90.0
-44.0
-19.0
-4.0
-17.0
-12.680000000000007
-32.0
-6.0
-3.0
-0.0
-18.0
-594.0
-55.0
-552.0
-58.0
-39.0
-21.0
-107.0
-9.0
-21.0
-30.0
-8.0
-72.0
-30.0
-493.0
-12.0
-77.0
-380.0
-639.0
-16.819999999999993
-12.0
-270.0
-9.0
-3.0
-43.0
-22.0
-253.0
-6.0
-60.0
-38.0
-13.0
-10.0
-278.0
-33.0
-85.0
-114.0
-318.0
-13.0
-70.0
-40.0
-54.0
-12.920000000000016
-7.5
-11.525000000000006
-226.0
-12.0
-4.0
-39.0
-17.0
-51.0
-15.0
-25.0
-117.0
-40.0
-46.0
-64.0
-44.0
-46.0
-63.0
-47.0
-32.120000000000005
-16.0
-35.0
-69.0
-21.0
-6.0
-37.0
-17.5
-529.0
-49.0
-37.0
-10.0
-652.0
-26.0
-112.0
-10.0
-3.0
-26.0
-1.0
-14.0
-56.0
-77.0
-4.0
-91.0
-55.0
-67.0
-21.0
-38.0
-44.120000000000005
-101.0
-40.0
-28.0
-19.0
-1.0
-93.0
-2.5900000000000034
-1.0
-37.0
-4.0
-113.0
-11.0
-22.0
-29.0
-1.0
-398.0
-7.0
-14.0
-13.0
-23.0
-1.0
-8.0
-3.0
-24.0
-36.0
-24.0
-26.0
-23.0
-313.0
-4.0
-37.59
-20.0
-5.0
-839.0
-3.0
-16.0
-18.0
-56.0
-152.0
-84.0
-6.0
-31.0
-99.0
-44.0
-33.0
-20.0
-272.0
-577.0
-53.120000000000005
-127.0
-9.0
-49.0
-55.0
-755.0
-212.09
-17.0
-10.0
-5.0
-772.0
-15.0
-21.0
-10.0
-33.0
-83.0
-27.0
-82.12
-58.0
-62.120000000000005
-5.0
-27.0
-83.0
-34.0
-38.0
-19.0
-19.0
-76.0
-55.0
-330.0
-33.43000000000001
-4.0
-8.0
-7.0
-1.0
-11.0
-23.0
-11.0
-13.0
-456.0
-1.0
-55.0
-2.0
-25.0
-85.0
-18.0
-51.0
-17.0
-427.0
-11.0
-38.0
-5.0
-8.0
-2.0
-7.050000000000011
-14.0
-6.0
-20.0
-20.0
-16.0
-4.0
-11.0
-51.0
-104.0
-21.120000000000005
-61.0
-7.0
-64.0
-28.0
-19.0
-23.0
-13.0
-165.12
-89.0
-57.0
-62.0
-24.0
-1.0
-18.080000000000013
-5.0
-7.0
-103.0
-43.0
-11.0
-16.0
-17.0
-133.0
-0.0
-9.879999999999995
-15.0
-13.0
-30.0
-5.0
-20.0
-10.0
-697.0
-29.0
-41.0
-68.0
-18.0
-52.0
-45.0
-7.409999999999997
-416.0
-6.0
-8.0
-11.0
-6.0
-29.0
-6.0
-28.0
-41.0
-79.0
-2.0
-30.0
-21.0
-8.0
-10.0
-9.0
-9.120000000000005
-20.0
-326.0
-33.0
-19.0
-36.0
-2.0
-31.590000000000003
-17.0
-2.0
-39.5
-28.5
-38.0
-16.5
-8.0
-8.0
-36.06
-63.360000000000014
-31.80000000000001
-63.48000000000002
-29.480000000000018
-12.480000000000018
-24.480000000000018
-76.48000000000002
-48.48000000000002
-105.0
-738.0
-4.0
-4.0
-21.0
-32.0
-238.59
-5.0
-6.0
-16.0
-77.0
-681.0
-10.0
-4.0
-132.0
-100.0
-456.0
-423.0
-186.0
-72.08000000000004
-808.0
-1.0
-46.0
-494.0
-11.0
-23.0
-11.0
-14.0
-70.0
-34.0
-7.409999999999997
-25.0
-9.0
-9.0
-2.0
-18.0
-11.0
-2.0
-154.0
-6.0
-19.0
-3.919999999999959
-33.0
-13.0
-12.0
-35.0
-59.0
-163.0
-17.0
-4.1200000000000045
-48.0
-17.0
-14.0
-33.0
-240.59
-582.0
-8.0
-12.0
-9.0
-30.0
-8.0
-32.0
-33.0
-16.0
-34.0
-50.0
-54.0
-21.0
-13.0
-9.0
-4.0
-181.0
-10.0
-6.7999999999999545
-106.0
-25.0
-19.0
-7.0
-58.59
-16.0
-19.0
-21.0
-9.0
-2.0
-21.0
-15.0
-59.0
-3.0
-48.0
-50.0
-37.0
-6.0
-78.0
-24.0
-65.0
-8.0
-20.0
-23.0
-24.0
-309.0
-17.0
-4.0
-90.41
-11.0
-6.0
-0.0
-29.0
-194.0
-28.0
-33.0
-1.0
-13.0
-91.12
-77.12
-66.0
-57.0
-17.0
-1.0
-24.0
-26.0
-18.0
-96.0
-112.0
-34.0
-29.0
-24.0
-30.409999999999997
-1.0
-4.0
-19.0
-4.0
-84.0
-103.0
-80.0
-131.0
-14.879999999999995
-343.0
-32.0
-50.0
-17.480000000000018
-6.240000000000009
-1.0
-2.0
-38.0
-19.0
-1.0
-14.0
-10.0
-27.0
-3.0
-52.59
-7.0
-0.0
-187.0
-36.0
-1.0
-34.0
-5.0
-63.0
-9.0
-23.0
-320.0
-31.0
-14.0
-36.96000000000001
-43.04000000000002
-51.0
-3.0
-22.0
-22.0
-9.0
-11.0
-16.0
-11.0
-2.4099999999999966
-53.0
-74.0
-23.0
-25.0
-17.0
-19.0
-454.0
-69.0
-391.0
-46.0
-51.0
-84.0
-89.0
-20.0
-22.0
-95.12
-119.0
-17.0
-59.0
-10.0
-99.0
-541.0
-0.0
-44.59
-3.0
-19.0
-17.0
-20.0
-18.0
-405.0
-32.0
-14.0
-40.0
-16.0
-74.0
-42.0
-25.879999999999995
-20.0
-506.0
-17.0
-359.0
-1.0
-39.120000000000005
-2.0
-68.0
-30.0
-20.0
-684.59
-21.0
-33.0
-33.0
-444.0
-27.0
-3.0
-621.0
-145.0
-25.0
-25.0
-17.0
-20.0
-0.03999999999996362
-6.039999999999964
-23.0
-13.0
-23.0
-14.0
-57.0
-14.0
-92.0
-261.0
-12.0
-14.409999999999997
-7.0
-6.0
-1.0
-507.0
-21.0
-27.0
-26.0
-70.0
-8.0
-6.0
-24.0
-27.0
-65.0
-2.8799999999999955
-43.0
-11.0
-28.879999999999995
-22.0
-72.88
-32.0
-63.0
-1.0
-15.0
-7.590000000000003
-17.0
-32.0
-49.0
-10.0
-11.0
-16.0
-70.0
-146.0
-76.0
-15.0
-20.0
-60.0
-0.0
-625.0
-36.0
-26.08000000000004
-20.120000000000005
-54.0
-23.0
-51.879999999999995
-384.0
-68.0
-67.0
-44.59
-488.0
-15.0
-21.0
-113.0
-106.0
-90.0
-722.0
-60.0
-40.0
-15.0
-7.0
-39.0
-4.0
-100.0
-10.0
-18.0
-361.0
-14.0
-17.0
-8.0
-39.0
-5.0
-9.0
-46.59
-16.0
-11.0
-21.0
-18.0
-27.0
-31.0
-36.0
-32.0
-37.0
-10.0
-25.0
-35.0
-21.0
-18.0
-20.0
-11.0
-23.0
-633.0
-22.5
-12.0
-42.0
-15.0
-8.0
-7.590000000000003
-47.0
-4.0
-715.0
-20.0
-15.0
-31.0
-13.0
-48.0
-178.0
-21.0
-1.0
-687.96
-16.0
-20.0
-9.0
-523.0
-20.0
-8.0
-14.5
-16.0
-598.0
-19.0
-5.0
-746.59
-31.0
-15.0
-16.0
-226.0
-5.0
-19.0
-27.0
-198.0
-154.0
-57.0
-70.0
-101.0
-32.0
-7.0
-19.0
-21.0
-87.91999999999996
-298.0
-325.0
-22.0
-28.0
-9.0
-7.0
-5.590000000000003
-1.0
-524.0
-24.0
-6.0
-2.0
-8.0
-589.0
-262.0
-79.84000000000003
-46.039999999999964
-151.84000000000003
-2.840000000000032
-73.84000000000003
-48.84000000000003
-507.72
-345.64
-101.63999999999999
-13.639999999999986
-52.639999999999986
-61.639999999999986
-428.36
-734.36
-12.0
-27.590000000000003
-5.0
-18.0
-3.0
-14.5
-23.5
-30.0
-518.0
-13.0
-67.0
-30.0
-61.0
-91.0
-53.0
-79.0
-29.0
-38.0
-12.0
-11.0
-52.0
-4.0
-78.0
-109.0
-14.0
-27.590000000000003
-12.0
-8.0
-42.0
-75.0
-51.0
-46.0
-24.0
-5.0
-80.88
-90.12
-46.91999999999996
-21.120000000000005
-117.12
-97.12
-94.55999999999995
-121.55999999999995
-17.0
-186.0
-92.0
-92.0
-3.0
-52.0
-364.0
-7.409999999999997
-22.0
-105.0
-25.0
-43.0
-60.0
-39.0
-47.0
-152.0
-701.0
-71.0
-343.0
-41.0
-10.0
-551.0
-27.0
-702.0
-45.0
-27.960000000000008
-98.5
-140.0
-29.0
-1.0
-20.0
-26.120000000000005
-42.0
-29.0
-8.0
-367.0
-5.0
-717.0
-5.0
-877.0
-24.0
-30.0
-20.0
-31.0
-533.0
-10.0
-718.0
-21.0
-3.0
-19.0
-16.0
-201.0
-3.0
-40.0
-21.0
-6.085000000000008
-4.0
-20.0
-17.0
-10.0
-56.0
-24.0
-38.0
-121.0
-94.12
-23.159999999999968
-72.15999999999997
-89.27999999999997
-1.1599999999999682
-19.159999999999968
-2.840000000000032
-18.0
-451.0
-413.0
-94.0
-26.0
-70.0
-37.0
-8.0
-2.1000000000000227
-10.0
-19.0
-9.0
-28.0
-364.0
-18.0
-7.0
-28.0
-79.0
-25.879999999999995
-57.110000000000014
-56.0
-114.0
-97.0
-80.0
-45.0
-21.0
-16.0
-30.0
-30.0
-90.0
-66.12
-31.0
-0.18999999999999773
-14.0
-10.0
-27.0
-14.0
-6.0
-16.0
-211.0
-14.0
-6.0
-13.0
-26.0
-34.0
-56.0
-31.0
-32.0
-9.0
-11.0
-169.0
-33.0
-7.0
-13.0
-14.0
-17.0
-12.810000000000002
-0.0
-0.5
-0.5
-7.0
-31.0
-4.0
-9.0
-24.0
-31.120000000000005
-477.0
-15.0
-79.0
-174.0
-156.0
-140.08000000000004
-123.0
-115.0
-31.0
-16.0
-8.0
-69.0
-74.0
-28.0
-7.280000000000001
-5.0
-11.0
-3.0
-121.0
-18.0
-14.0
-4.0
-10.0
-60.0
-18.0
-455.0
-101.0
-1.0
-25.0
-656.0
-24.120000000000005
-4.0
-9.0
-72.0
-16.0
-7.0
-77.0
-23.0
-30.639999999999986
-19.0
-4.0
-2.5
-7.0
-13.0
-49.0
-39.0
-16.0
-39.0
-10.0
-90.0
-109.0
-45.0
-23.0
-26.0
-308.0
-8.0
-81.0
-489.0
-39.0
-25.0
-8.0
-58.0
-73.08500000000001
-28.0
-14.0
-7.0
-27.0
-20.0
-13.0
-1.0
-39.0
-65.0
-1.0
-13.0
-44.0
-3.0
-706.0
-30.0
-23.0
-39.0
-43.0
-4.0
-9.0
-36.0
-3.0
-700.0
-6.085000000000008
-18.0
-5.0
-769.0
-28.0
-11.0
-655.0
-6.0
-80.0
-279.0
-216.0
-59.0
-293.0
-355.52
-3.519999999999982
-59.879999999999995
-51.0
-71.48000000000002
-76.48000000000002
-63.440000000000055
-3.5600000000000023
-41.44
-11.759999999999991
-11.0
-15.639999999999986
-638.0
-13.5
-468.5
-8.5
-13.0
-7.5
-52.599999999999994
-115.60000000000002
-8.600000000000023
-78.39999999999998
-72.39999999999998
-23.0
-9.0
-51.0
-43.0
-16.0
-3.0
-98.0
-33.0
-18.0
-5.0
-8.0
-5.0
-10.639999999999986
-14.0
-7.0
-377.0
-12.0
-4.0
-11.0
-51.0
-158.0
-19.0
-40.0
-80.0
-4.0
-17.120000000000005
-68.0
-51.0
-15.080000000000041
-9.0
-230.12
-18.399999999999977
-22.399999999999977
-516.0
-15.0
-14.0
-379.64
-19.0
-1.0
-3.0
-216.0
-5.0
-22.0
-19.0
-163.0
-38.0
-73.0
-721.0
-12.0
-31.0
-5.0
-62.0
-53.0
-24.0
-174.0
-350.0
-20.0
-7.0
-11.0
-473.0
-271.64
-470.0
-17.0
-3.0
-11.0
-17.0
-553.0
-34.0
-131.0
-260.0
-18.0
-35.0
-50.120000000000005
-164.0
-651.0
-44.0
-49.0
-68.0
-103.0
-50.0
-31.0
-0.0
-23.0
-36.0
-552.64
-69.91999999999996
-14.919999999999959
-50.91999999999996
-25.91999999999996
-17.08000000000004
-17.91999999999996
-775.92
-566.92
-38.91999999999996
-85.08000000000004
-33.91999999999996
-16.920000000000016
-88.92000000000002
-163.07999999999998
-17.0
-20.805000000000007
-30.75999999999999
-841.0
-11.0
-31.0
-23.0
-22.0
-2.0
-194.0
-16.0
-21.08000000000004
-19.840000000000032
-92.72000000000003
-32.27999999999997
-40.75999999999999
-7.0
-18.0
-15.0
-51.32000000000005
-21.32000000000005
-50.31999999999999
-0.0
-30.0
-23.0
-5.805000000000007
-51.24000000000001
-50.56
-22.939999999999998
-15.439999999999998
-12.439999999999998
-709.56
-19.680000000000007
-117.88
-4.8799999999999955
-12.120000000000005
-52.879999999999995
-335.88
-46.360000000000014
-21.49000000000001
-18.120000000000005
-58.110000000000014
-51.879999999999995
-70.88
-118.88999999999999
-18.399999999999977
-63.39999999999998
-58.610000000000014
-38.60000000000002
-4.480000000000018
-42.51999999999998
-60.22000000000003
-16.939999999999998
-31.560000000000002
-34.56
-28.439999999999998
-14.120000000000005
-6.439999999999998
-26.399999999999977
-42.200000000000045
-105.20000000000005
-100.20000000000005
-29.200000000000045
-79.20000000000005
-56.200000000000045
-16.200000000000045
-386.79999999999995
-212.79999999999995
-71.79999999999995
-16.19999999999999
-97.19999999999999
-2.8000000000000114
-29.80000000000001
-8.069999999999993
-17.72
-37.879999999999995
-16.879999999999995
-21.879999999999995
-4.8799999999999955
-4.8799999999999955
-3.8799999999999955
-71.12
-66.12
-15.120000000000005
-62.120000000000005
-25.720000000000027
-32.72000000000003
-74.72000000000003
-79.72000000000003
-59.72000000000003
-59.120000000000005
-39.91999999999996
-27.24000000000001
-7.240000000000009
-17.24000000000001
-33.079999999999984
-1.8799999999999955
-190.11
-7.0
-0.5
-7.5
-7.5
-1.0
-0.5
-283.0
-240.0
-26.519999999999982
-13.480000000000018
-7.519999999999982
-64.0
-27.0
-70.04000000000002
-73.04000000000002
-101.04000000000002
-19.04000000000002
-53.0
-2.0
-26.0
-12.0
-22.0
-35.0
-31.5
-22.0
-30.5
-0.5
-17.5
-24.0
-18.5
-2.0
-304.0
-2.759999999999991
-267.24
-18.560000000000002
-431.44
-474.44
-18.439999999999998
-43.56
-19.560000000000002
-48.56
-14.439999999999998
-2.0
-2.0
-801.0
-31.0
-20.5
-31.5
-61.72000000000003
-126.92000000000002
-33.04000000000002
-747.04
-68.95999999999998
-88.95999999999998
-99.95999999999998
-153.95999999999998
-333.96000000000004
-577.96
-60.039999999999964
-51.039999999999964
-93.03999999999996
-27.039999999999964
-210.96000000000004
-95.03999999999996
-380.96000000000004
-148.03999999999996
-45.960000000000036
-123.96000000000004
-132.95999999999998
-22.95999999999998
-88.95999999999998
-76.86000000000001
-21.860000000000014
-15.0
-3.4799999999999898
-12.480000000000018
-2.0200000000000102
-2.9799999999999898
-5.52000000000001
-43.0
-8.0
-25.0
-47.0
-273.0
-7.0
-16.0
-76.0
-69.0
-16.0
-59.0
-278.0
-27.0
-64.0
-32.0
-7.0
-59.44
-278.0
-58.0
-11.0
-15.0
-15.0
-26.0
-43.0
-55.0
-6.0
-590.0
-10.0
-48.0
-68.0
-24.0
-52.0
-37.0
-110.0
-572.0
-110.0
-258.0
-1.0
-99.0
-69.0
-106.44
-79.0
-25.0
-37.0
-34.0
-53.0
-24.0
-59.0
-9.0
-5.0
-18.0
-24.0
-440.0
-5.0
-19.0
-12.0
-533.0
-54.0
-566.0
-7.0
-191.0
-26.519999999999982
-19.480000000000018
-372.0
-15.019999999999982
-27.5
-0.0
-22.0
-3.0
-6.5
-29.0
-71.75999999999999
-10.0
-33.0
-51.0
-746.0
-43.0
-33.0
-25.0
-189.0
-23.0
-45.75999999999999
-40.24000000000001
-33.75999999999999
-101.24000000000001
-116.51999999999998
-35.51999999999998
-708.0
-60.03999999999999
-26.0
-585.0
-99.0
-117.0
-113.0
-110.0
-128.0
-114.0
-14.0
-101.0
-84.0
-85.0
-546.0
-36.0
-3.0
-29.0
-18.0
-0.0
-1.0
-110.0
-3.0
-12.0
-31.0
-28.5
-794.0
-43.0
-128.0
-37.0
-34.0
-37.0
-31.0
-8.0
-17.0
-63.0
-35.0
-100.0
-42.0
-23.0
-84.0
-58.0
-7.0
-55.0
-245.0
-396.0
-4.0
-68.0
-20.0
-28.5
-17.0
-254.0
-8.0
-10.0
-22.0
-4.0
-17.0
-156.0
-383.0
-8.0
-96.0
-69.0
-18.0
-550.0
-22.0
-50.0
-0.0
-8.0
-9.0
-30.0
-48.0
-2.0
-45.0
-54.900000000000006
-284.28
-263.28
-28.279999999999973
-28.279999999999973
-261.28
-263.28
-43.27999999999997
-116.72000000000003
-167.72000000000003
-347.28
-352.28
-388.28
-400.28
-223.72000000000003
-281.72
-27.720000000000027
-20.720000000000027
-70.72000000000003
-4.279999999999973
-102.0
-39.0
-10.0
-39.0
-46.620000000000005
-97.0
-743.0
-80.0
-20.0
-19.0
-41.0
-15.0
-143.0
-10.0
-13.0
-11.0
-289.0
-68.0
-107.0
-24.0
-0.0
-17.0
-197.0
-57.0
-49.0
-547.0
-12.0
-22.0
-56.620000000000005
-58.0
-525.0
-51.0
-20.0
-264.0
-12.0
-53.0
-140.0
-8.0
-39.0
-369.0
-126.0
-25.0
-137.0
-11.0
-37.0
-15.0
-22.0
-12.0
-74.0
-12.0
-11.0
-22.839999999999975
-34.620000000000005
-7.0
-7.0
-16.0
-68.0
-79.0
-62.0
-49.0
-220.0
-1.0
-6.0
-5.0
-414.0
-56.0
-200.0
-33.0
-128.0
-173.12
-321.0
-45.0
-23.0
-13.0
-34.0
-332.0
-7.6200000000000045
-5.0
-20.0
-41.0
-19.0
-6.0
-13.0
-23.0
-155.0
-151.0
-33.0
-148.0
-24.0
-335.0
-343.0
-48.0
-46.0
-8.0
-5.0
-700.0
-17.0
-3.0
-7.0
-9.0
-16.5
-16.0
-35.0
-25.0
-26.0
-489.0
-23.0
-7.0
-32.0
-10.0
-7.0
-27.0
-17.0
-24.0
-3.0
-3.0
-10.0
-8.0
-4.0
-23.0
-1.0
-380.0
-6.0
-32.0
-27.05000000000001
-7.5
-8.0
-711.0
-1.0
-18.0
-38.0
-20.0
-125.0
-21.0
-34.0
-23.0
-8.0
-65.0
-20.0
-2.0
-45.0
-21.0
-43.08000000000004
-13.0
-92.0
-44.0
-684.0
-577.0
-34.620000000000005
-17.0
-23.0
-49.0
-1.0
-1.0
-7.0
-32.0
-19.0
-24.0
-41.0
-71.0
-22.0
-24.0
-15.799999999999955
-61.799999999999955
-5.2000000000000455
-6.7999999999999545
-180.79999999999995
-23.24000000000001
-26.24000000000001
-53.24000000000001
-22.24000000000001
-17.0
-30.860000000000014
-4.0
-34.0
-12.0
-16.0
-38.0
-12.0
-681.0
-72.0
-70.0
-669.0
-14.0
-27.0
-81.0
-2.0
-37.91999999999996
-84.0
-4.0
-3.0
-14.0
-9.0
-3.0
-34.0
-81.0
-32.56999999999999
-14.5
-149.0
-32.0
-44.0
-6.0
-23.0
-52.0
-179.0
-30.0
-53.0
-33.0
-2.0
-8.0
-72.0
-27.0
-36.0
-44.0
-28.0
-46.0
-34.0
-51.31999999999999
-43.31999999999999
-96.0
-32.56999999999999
-9.5
-9.0
-18.0
-8.0
-16.0
-5.5
-8.0
-188.24
-6.759999999999991
-11.279999999999973
-2.2799999999999727
-126.72000000000003
-40.27999999999997
-4.0
-1.240000000000009
-376.24
-369.24
-76.75999999999999
-183.0
-139.0
-18.0
-10.0
-53.0
-63.43000000000001
-45.5
-38.0
-27.0
-518.0
-33.0
-27.0
-7.0
-5.0
-3.0
-1.0
-30.0
-71.0
-16.480000000000018
-93.51999999999998
-28.0
-53.160000000000025
-28.160000000000025
-39.160000000000025
-19.5
-6.0
-5.0
-371.0
-2.0
-10.060000000000002
-23.0
-22.0
-26.0
-4.0
-14.0
-2.0
-16.0
-13.0
-70.0
-51.0
-30.0
-33.0
-22.0
-21.0
-21.0
-21.0
-43.0
-28.0
-6.0
-40.0
-5.0
-4.0
-12.0
-10.060000000000002
-50.0
-32.0
-21.0
-28.0
-7.0
-1.0
-30.0
-152.0
-447.52
-518.52
-709.52
-5.519999999999982
-19.480000000000018
-22.519999999999982
-26.0
-61.0
-21.0
-26.0
-92.0
-3.0
-57.0
-35.0
-1.0
-17.430000000000007
-1.0
-4.0
-8.0
-17.0
-17.0
-17.0
-18.0
-123.0
-22.0
-11.0
-6.0
-57.0
-16.960000000000036
-0.03999999999996362
-21.840000000000032
-36.84000000000003
-18.840000000000032
-11.159999999999968
-32.160000000000025
-62.160000000000025
-68.0
-53.0
-25.0
-16.430000000000007
-28.0
-512.0
-1.0
-9.0
-495.0
-13.0
-50.0
-136.0
-24.0
-19.0
-12.0
-159.0
-22.0
-15.0
-28.0
-3.0
-58.0
-55.0
-87.0
-27.0
-13.0
-35.0
-24.0
-440.57
-5.0
-2.0
-8.0
-2.0
-12.0
-2.0
-2.0
-160.0
-19.0
-28.0
-34.0
-17.0
-68.0
-24.0
-45.0
-90.0
-98.0
-50.0
-80.0
-86.0
-36.0
-6.0
-16.0
-17.569999999999993
-587.5
-44.0
-36.5
-48.5
-42.5
-41.0
-702.5
-2.0
-3.5
-18.0
-30.0
-30.5
-12.0
-724.0
-5.0
-7.5
-0.03999999999999204
-9.0
-3.0
-2.0
-24.0
-7.0
-15.0
-48.94
-18.0
-36.0
-47.0
-499.0
-47.0
-41.0
-53.5
-4.0
-28.0
-3.0
-0.0
-4.0
-2.0
-7.0
-11.0
-6.0
-6.0
-235.0
-592.0
-3.0
-28.0
-20.0
-40.0
-19.939999999999998
-4.0
-32.0
-21.0
-32.5
-3.5
-8.0
-561.0
-6.0
-22.0
-39.0
-109.5
-41.56
-627.0
-151.0
-35.0
-18.0
-40.0
-15.0
-27.0
-4.0
-0.0
-7.0
-112.0
-125.06
-18.0
-25.0
-9.0
-9.0
-10.0
-26.0
-5.0
-119.0
-108.0
-38.0
-30.559999999999945
-16.559999999999945
-22.0
-23.0
-32.0
-2.0
-50.0
-55.0
-56.0
-27.0
-85.0
-40.0
-67.0
-218.57
-237.0
-28.0
-60.0
-776.0
-68.0
-44.0
-44.0
-17.0
-48.0
-18.0
-55.0
-93.0
-6.0
-71.0
-31.0
-47.0
-54.0
-29.0
-5.0
-31.0
-451.0
-13.0
-6.0
-218.57
-9.0
-17.0
-2.0
-19.0
-32.0
-7.0
-157.0
-1.0
-17.0
-60.0
-74.0
-31.0
-154.0
-60.0
-58.0
-364.55999999999995
-67.55999999999995
-6.0
-25.0
-31.0
-109.0
-58.0
-18.0
-12.569999999999993
-6.0
-4.0
-4.0
-697.0
-39.0
-17.0
-30.0
-12.0
-29.0
-60.0
-38.0
-38.0
-54.0
-423.0
-91.0
-82.0
-32.0
-25.0
-20.0
-11.0
-41.0
-56.0
-39.0
-36.56999999999999
-8.0
-10.0
-21.0
-11.0
-12.0
-18.0
-28.0
-14.0
-31.0
-56.0
-100.0
-165.0
-20.0
-38.0
-20.0
-39.0
-44.0
-35.0
-235.0
-45.0
-29.04000000000002
-11.04000000000002
-2.0
-23.569999999999993
-15.0
-20.0
-15.0
-10.0
-44.0
-446.0
-287.0
-82.0
-50.0
-64.0
-30.0
-13.0
-31.0
-45.0
-48.0
-58.0
-25.0
-58.0
-1.0
-3.0
-9.0
-18.0
-26.0
-0.9399999999999977
-4.0
-7.0
-520.0
-19.0
-651.0
-9.0
-8.0
-10.0
-34.0
-8.0
-16.0
-48.0
-0.0
-20.0
-33.0
-19.0
-55.0
-29.0
-30.0
-10.0
-4.0
-20.0
-3.0
-0.9399999999999977
-104.0
-85.0
-15.919999999999959
-140.0
-70.0
-377.0
-339.0
-55.0
-16.0
-105.0
-48.0
-54.0
-312.0
-75.0
-33.0
-62.0
-10.0
-13.02000000000001
-21.840000000000003
-29.0
-4.0
-22.0
-787.0
-15.0
-12.0
-105.0
-55.0
-30.0
-398.0
-43.0
-46.879999999999995
-19.0
-772.0
-13.0
-31.0
-53.0
-4.0
-54.0
-27.0
-104.0
-17.0
-12.60499999999999
-34.84
-27.0
-6.0
-12.0
-3.0
-475.0
-76.0
-52.0
-31.0
-622.12
-36.51999999999998
-59.51999999999998
-15.519999999999982
-67.48000000000002
-4.8799999999999955
-22.0
-17.879999999999995
-42.67999999999995
-310.32000000000005
-54.31999999999999
-78.0
-33.0
-55.0
-10.60499999999999
-0.5
-375.0
-564.5
-259.0
-14.0
-32.0
-31.5
-125.5
-59.0
-30.0
-61.0
-19.0
-28.0
-45.0
-30.0
-29.0
-10.0
-26.0
-19.0
-18.0
-18.5
-10.0
-22.0
-72.07499999999999
-11.5
-4.0
-2.0
-569.0
-4.0
-8.0
-18.0
-565.0
-32.0
-12.0
-6.0
-29.0
-1.0
-13.0
-748.0
-22.0
-16.0
-16.0
-4.0
-3.0
-22.0
-7.0
-7.0
-53.07499999999999
-29.840000000000003
-31.0
-10.0
-11.0
-585.0
-19.0
-19.0
-137.0
-261.0
-95.0
-7.0
-25.0
-1.0
-11.0
-28.0
-75.0
-97.0
-30.0
-8.0
-93.12
-11.0
-37.0
-24.0
-20.39500000000001
-22.0
-15.0
-11.0
-14.0
-13.0
-15.0
-30.0
-123.0
-16.0
-73.0
-39.0
-373.0
-19.120000000000005
-90.0
-12.0
-1.8799999999999955
-3.0
-3.0
-1.1200000000000045
-61.0
-21.0
-23.0
-7.0
-10.189999999999998
-9.0
-36.920000000000016
-70.92000000000002
-756.0799999999999
-24.5
-59.920000000000016
-67.92000000000002
-694.0799999999999
-1.079999999999984
-513.0
-104.0
-18.0
-47.0
-15.0
-27.0
-49.0
-146.0
-2.0
-46.0
-193.0
-54.120000000000005
-1.0
-8.0
-33.06
-36.0
-17.0
-51.0
-17.0
-28.0
-25.0
-11.0
-127.0
-4.0
-11.0
-59.0
-49.879999999999995
-19.0
-7.0
-40.0
-16.0
-47.0
-26.08000000000004
-52.0
-52.0
-38.0
-37.0
-7.0
-0.13999999999998636
-22.0
-5.0
-13.0
-38.0
-55.0
-46.0
-81.0
-41.0
-9.0
-4.0
-451.0
-36.0
-41.0
-24.0
-13.0
-42.0
-28.0
-66.0
-21.0
-170.0
-9.0
-43.0
-22.0
-26.345000000000027
-34.0
-7.0
-7.0
-8.0
-30.0
-337.0
-31.0
-13.0
-22.0
-55.0
-28.0
-29.0
-17.0
-2.0
-62.0
-6.0
-7.0
-565.0
-21.0
-8.0
-11.0
-15.0
-11.0
-44.07499999999999
-15.0
-19.0
-19.0
-640.0
-27.0
-9.0
-45.0
-41.0
-294.0
-31.0
-17.0
-4.0
-6.0
-18.0
-38.0
-17.0
-2.0
-5.0
-24.0
-22.0
-18.0
-10.0
-46.0
-19.07499999999999
-17.0
-179.0
-28.0
-56.0
-2.0
-86.0
-783.0
-21.0
-1.0
-64.0
-45.91999999999996
-4.0
-48.0
-14.799999999999955
-11.0
-5.0
-29.0
-38.0
-414.0
-85.0
-16.0
-41.0
-23.0
-33.34500000000003
-3.0
-2.0
-8.0
-124.0
-10.5
-23.0
-401.0
-4.0
-482.0
-18.0
-21.0
-31.0
-14.0
-44.0
-566.0
-21.0
-157.0
-10.0
-25.0
-48.24000000000001
-7.0
-10.0
-22.0
-44.34500000000003
-37.0
-29.0
-15.0
-3.0
-17.0
-56.0
-9.0
-112.0
-42.0
-5.0
-180.0
-162.0
-93.0
-4.0
-189.88
-37.0
-33.0
-22.0
-31.0
-2.0
-29.0
-24.0
-50.0
-26.170000000000016
-6.0
-62.0
-19.0
-24.0
-13.0
-16.0
-51.0
-581.0
-55.0
-9.0
-33.0
-66.0
-645.0
-4.0
-24.0
-23.0
-31.0
-51.0
-57.0
-15.0
-18.0
-23.0
-44.0
-15.879999999999995
-45.0
-14.0
-791.0
-8.0
-284.0
-48.0
-20.0
-134.12
-48.0
-14.0
-444.0
-35.0
-4.8799999999999955
-25.0
-36.0
-487.0
-29.0
-58.0
-396.0
-376.0
-24.0
-31.0
-35.0
-21.465000000000032
-52.0
-7.0
-2.0
-36.0
-22.0
-2.0
-22.0
-13.0
-115.0
-14.0
-36.0
-1.0
-47.0
-17.0
-1.0
-3.0
-1.0
-748.0
-8.0
-2.0
-459.0
-33.0
-55.0
-17.07499999999999
-19.0
-1.0
-8.0
-8.0
-18.0
-7.0
-21.0
-606.0
-3.0
-3.0
-4.0
-32.0
-35.0
-9.0
-24.0
-47.0
-24.0
-18.0
-42.0
-12.0
-45.0
-12.0
-8.0
-19.07499999999999
-2.0
-22.0
-12.0
-8.0
-644.0
-27.0
-19.0
-289.0
-2.0
-35.0
-50.0
-691.0
-1.0
-9.0
-14.0
-6.0
-22.0
-12.0
-3.0
-5.0
-23.0
-1.0
-21.0
-44.07499999999999
-13.0
-23.0
-371.0
-18.0
-10.0
-296.0
-18.0
-117.0
-65.0
-15.0
-19.0
-6.0
-4.0
-45.120000000000005
-33.0
-51.91999999999996
-19.0
-63.0
-23.08000000000004
-30.0
-23.0
-13.0
-9.0
-27.465000000000032
-1.0
-18.0
-27.0
-7.0
-3.0
-16.0
-14.0
-103.0
-0.0
-9.0
-37.0
-66.0
-18.0
-465.0
-0.12000000000000455
-14.0
-27.0
-16.0
-22.0
-142.0
-30.0
-36.0
-26.0
-21.465000000000032
-242.5
-18.0
-3.5
-5.0
-8.0
-7.0
-35.0
-132.0
-49.0
-3.0
-137.0
-16.0
-17.0
-38.0
-43.0
-7.0
-35.0
-20.0
-16.0
-51.0
-18.0
-12.0
-32.079999999999984
-8.465000000000032
-3.0
-28.0
-9.5
-3.0
-166.0
-10.0
-6.0
-114.0
-25.0
-13.0
-32.0
-135.0
-37.0
-710.0
-29.0
-14.0
-181.88
-78.0
-54.0
-84.0
-768.0
-30.0
-1.0
-71.46500000000003
-19.0
-17.0
-6.0
-33.0
-31.0
-9.0
-24.0
-22.0
-10.0
-42.0
-51.0
-25.0
-34.0
-1.0
-7.0
-32.0
-74.0
-10.0
-64.0
-31.0
-47.0
-20.0
-359.0
-37.07499999999999
-10.0
-61.0
-24.0
-8.0
-10.0
-23.0
-36.0
-8.0
-57.56
-617.0
-41.0
-42.0
-36.0
-68.0
-34.0
-20.0
-36.0
-30.0
-13.0
-15.0
-480.0
-13.0
-12.0
-44.07499999999999
-13.0
-9.0
-16.0
-2.0
-683.0
-21.0
-16.0
-88.0
-301.0
-27.879999999999995
-64.0
-88.0
-86.0
-593.0
-73.0
-44.879999999999995
-76.0
-68.0
-10.0
-36.0
-36.0
-0.0
-68.0
-32.46500000000003
-31.0
-24.0
-0.0
-456.0
-35.0
-17.0
-40.0
-145.0
-26.0
-6.039999999999964
-30.039999999999964
-65.0
-9.0
-2.0
-23.91999999999996
-6.0
-10.0
-227.0
-31.0
-44.0
-40.120000000000005
-65.0
-609.0
-28.465000000000032
-19.0
-9.0
-19.0
-35.0
-5.0
-28.0
-61.0
-138.0
-16.0
-33.0
-22.0
-27.0
-17.0
-27.0
-33.0
-33.0
-6.0
-64.0
-0.0
-20.0
-10.0
-65.0
-41.0
-19.05000000000001
-2.5
-13.0
-17.0
-20.0
-17.0
-30.0
-0.0
-131.0
-27.0
-57.0
-100.0
-4.0
-124.0
-72.12
-19.879999999999995
-13.0
-51.0
-245.20000000000005
-7.0
-117.0
-37.0
-18.0
-34.0
-15.514999999999986
-42.0
-14.0
-26.0
-19.0
-15.0
-29.0
-33.0
-37.0
-21.0
-31.0
-111.0
-69.0
-10.0
-92.88
-111.0
-11.0
-38.0
-17.0
-122.0
-50.0
-8.0
-12.0
-21.0
-10.514999999999986
-11.0
-530.0
-10.0
-624.0
-12.0
-4.0
-17.0
-20.0
-106.88
-77.0
-18.0
-42.0
-12.0
-92.0
-29.0
-26.0
-14.0
-14.0
-31.0
-17.0
-450.0
-3.0
-1.0
-53.07499999999999
-8.0
-5.0
-2.0
-1.0
-230.0
-12.0
-5.0
-13.0
-6.0
-13.0
-36.0
-17.0
-34.0
-42.0
-278.0
-49.0
-8.0
-1.0
-5.0
-72.0
-6.0
-12.0
-9.0
-55.07499999999999
-2.0
-21.0
-12.0
-843.0
-4.0
-18.0
-14.0
-169.0
-313.0
-51.0
-62.0
-16.0
-17.0
-45.0
-21.0
-341.0
-69.0
-236.0
-299.0
-30.0
-21.0
-26.0
-8.0
-10.514999999999986
-47.0
-17.0
-6.0
-21.0
-1.5
-3.5
-3.0
-97.0
-15.0
-89.0
-1.0
-3.0
-25.0
-35.879999999999995
-87.0
-23.08000000000004
-19.0
-504.0
-4.1200000000000045
-13.0
-19.0
-17.0
-42.0
-18.080000000000013
-16.0
-18.0
-6.0
-34.0
-24.0
-19.0
-27.0
-695.0
-2.0
-24.0
-24.0
-32.0
-8.0
-82.0
-39.0
-19.0
-5.0
-362.0
-16.0
-60.0
-477.0
-7.0
-22.0
-5.550000000000011
-29.0
-276.0
-19.0
-1.0
-0.0
-27.0
-2.0
-122.0
-10.0
-67.0
-7.0
-36.0
-16.0
-33.0
-112.88
-21.0
-13.0
-432.0
-45.0
-8.0
-13.0
-10.0
-238.0
-93.55000000000001
-17.0
-46.0
-44.0
-4.0
-24.0
-19.0
-122.0
-145.0
-52.0
-76.0
-446.0
-69.0
-38.120000000000005
-17.0
-92.88
-13.0
-1.0
-57.0
-86.0
-17.0
-15.0
-18.0
-5.0
-234.55
-57.0
-50.0
-21.0
-7.0
-541.0
-4.0
-119.0
-40.0
-30.0
-13.0
-12.0
-0.0
-6.0
-7.0
-13.0
-38.0
-14.0
-557.0
-13.0
-33.0
-72.0
-807.0
-7.0
-19.07499999999999
-20.0
-19.0
-4.0
-14.0
-2.0
-29.0
-21.0
-557.0
-33.0
-47.0
-58.0
-726.0
-8.0
-324.0
-346.0
-5.0
-2.0
-7.0
-10.0
-10.0
-12.0
-692.0
-313.0
-43.07499999999999
-1.0
-54.0
-42.0
-9.0
-14.0
-339.0
-8.0
-100.0
-343.0
-147.0
-65.0
-107.0
-203.48000000000002
-53.48000000000002
-69.88
-79.67999999999995
-71.67999999999995
-33.559999999999945
-33.120000000000005
-30.0
-25.0
-7.1200000000000045
-48.0
-17.44999999999999
-4.0
-492.0
-6.0
-16.0
-1.0
-7.0
-27.0
-23.0
-25.0
-23.200000000000045
-505.79999999999995
-62.200000000000045
-11.200000000000045
-9.799999999999955
-10.240000000000009
-21.24000000000001
-17.24000000000001
-35.75999999999999
-94.0
-18.0
-22.0
-57.0
-99.0
-21.0
-377.57
-32.0
-14.0
-28.0
-2.0
-16.0
-25.0
-156.0
-14.0
-31.0
-50.0
-136.0
-90.0
-32.0
-90.0
-37.0
-10.0
-5.0
-10.0
-95.0
-540.0
-13.95999999999998
-38.04000000000002
-481.0
-824.5699999999999
-15.0
-20.0
-15.0
-21.0
-238.0
-9.0
-28.0
-169.0
-21.0
-62.0
-24.0
-26.0
-11.0
-34.0
-14.0
-44.0
-28.0
-8.0
-19.0
-219.0
-9.0
-839.0
-37.0
-1.9399999999999977
-21.0
-18.0
-8.0
-6.0
-13.0
-2.0
-30.0
-13.0
-13.0
-8.0
-16.0
-48.0
-7.0
-20.0
-3.0
-26.0
-49.0
-21.0
-23.0
-17.0
-11.0
-4.0
-2.0
-25.939999999999998
-34.0
-6.0
-3.0
-6.0
-4.5
-4.0
-12.0
-159.0
-47.0
-74.0
-141.0
-699.0
-19.0
-28.0
-69.0
-1.0
-67.0
-98.0
-15.0
-30.0
-9.0
-20.0
-6.0
-2.569999999999993
-8.0
-12.0
-12.0
-15.0
-22.0
-12.0
-17.0
-12.0
-18.0
-37.0
-65.0
-101.0
-81.0
-180.0
-79.0
-49.0
-53.0
-39.0
-107.0
-64.0
-38.0
-101.0
-10.0
-13.569999999999993
-26.0
-19.0
-648.0
-10.0
-14.0
-1.0
-40.0
-10.0
-35.0
-78.0
-46.0
-73.55999999999995
-202.55999999999995
-66.0
-45.0
-2.0
-26.0
-70.0
-8.0
-65.0
-15.0
-53.0
-1.0
-41.56999999999999
-33.0
-3.0
-11.0
-13.0
-18.0
-99.0
-22.0
-3.0
-37.0
-41.0
-91.0
-117.0
-39.0
-38.0
-1.0
-46.0
-34.0
-19.0
-41.0
-69.0
-3.0
-14.0
-9.0
-33.56999999999999
-43.0
-339.0
-18.0
-259.0
-56.0
-45.0
-52.0
-1.0
-38.0
-17.0
-70.0
-57.0
-195.0
-5.0
-18.0
-29.0
-133.0
-164.0
-20.0
-65.0
-190.0
-780.0
-1.0
-2.569999999999993
-3.0
-15.0
-12.0
-0.0
-13.0
-4.0
-4.0
-96.0
-10.0
-44.0
-49.0
-67.0
-25.0
-74.0
-77.0
-67.0
-23.0
-35.0
-38.0
-30.0
-3.0
-27.0
-23.0
-1.9399999999999977
-9.0
-4.0
-17.0
-12.0
-19.0
-37.0
-38.0
-50.0
-13.0
-28.0
-26.0
-0.0
-5.0
-18.0
-11.0
-1.0
-150.0
-14.0
-30.0
-14.0
-17.0
-15.0
-11.0
-1.9399999999999977
-390.0
-3.0
-1.0
-6.0
-34.0
-4.0
-31.0
-142.0
-49.0
-58.0
-27.0
-104.0
-65.0
-77.0
-8.0
-74.0
-49.0
-85.0
-71.0
-52.0
-67.0
-36.0
-22.0
-21.430000000000007
-9.0
-631.0
-33.0
-3.0
-3.0
-11.0
-30.0
-11.0
-26.0
-38.0
-21.0
-863.0
-63.0
-82.0
-68.0
-64.0
-17.0
-58.0
-33.0
-81.0
-26.0
-27.0
-53.0
-0.5699999999999932
-1.0
-429.0
-23.0
-15.0
-583.0
-49.0
-406.0
-13.0
-8.0
-32.0
-248.0
-451.0
-72.0
-102.0
-68.0
-91.0
-121.0
-41.0
-0.0
-4.0
-22.0
-61.0
-24.0
-33.56999999999999
-42.0
-46.0
-19.0
-38.0
-10.0
-24.0
-26.0
-51.04000000000002
-17.039999999999964
-668.0
-263.0
-161.0
-29.0
-91.0
-54.0
-37.0
-20.0
-23.0
-77.0
-30.0
-16.0
-22.0
-21.0
-524.5699999999999
-13.0
-5.0
-1.0
-8.0
-7.0
-14.0
-24.0
-18.0
-28.0
-19.0
-15.0
-60.0
-2.0
-32.0
-8.0
-605.0
-30.0
-76.0
-35.0
-12.0
-6.0
-10.0
-29.0
-21.430000000000007
-13.0
-12.0
-2.0
-42.0
-19.0
-13.0
-0.0
-101.0
-302.0
-62.56
-66.56
-91.0
-76.0
-585.0
-99.0
-52.0
-659.0
-36.0
-17.0
-15.0
-53.0
-15.0
-22.0
-10.939999999999998
-15.0
-7.0
-13.0
-2.0
-28.0
-6.0
-19.0
-150.0
-29.0
-51.0
-47.0
-95.0
-207.0
-69.0
-267.0
-62.0
-108.0
-102.0
-10.0
-27.0
-390.0
-739.0
-355.0
-0.9399999999999977
-32.0
-30.0
-3.0
-6.0
-35.0
-10.0
-5.0
-154.0
-67.0
-114.0
-141.0
-118.0
-63.0
-51.0
-301.0
-58.0
-83.0
-85.0
-79.0
-11.0
-47.0
-345.0
-8.0
-4.430000000000007
-18.0
-12.0
-9.0
-8.0
-7.0
-7.0
-34.0
-2.0
-42.0
-10.0
-106.0
-128.0
-51.0
-21.0
-28.0
-6.0
-54.0
-295.0
-39.0
-29.0
-17.0
-28.0
-22.0
-2.569999999999993
-21.0
-24.0
-5.0
-12.0
-7.0
-5.0
-769.0
-21.0
-45.0
-91.0
-40.0
-263.0
-1.0
-82.0
-64.0
-48.0
-0.0
-17.0
-3.0
-14.0
-22.0
-1.0
-42.0
-2.569999999999993
-25.0
-3.0
-13.0
-13.0
-6.0
-2.0
-30.0
-23.0
-27.0
-101.0
-34.0
-224.0
-77.0
-10.0
-27.0
-122.0
-41.0
-62.0
-4.0
-17.0
-19.0
-58.0
-20.0
-0.5699999999999932
-9.0
-17.0
-6.0
-10.0
-19.0
-3.0
-15.0
-17.0
-13.0
-7.0
-71.0
-46.0
-14.0
-117.0
-156.0
-53.0
-40.0
-66.0
-19.0
-78.0
-30.0
-15.0
-11.0
-33.56999999999999
-7.0
-7.0
-12.0
-56.0
-45.0
-6.0
-3.0
-92.0
-93.0
-116.0
-99.0
-110.0
-28.0
-66.0
-74.0
-76.0
-48.0
-492.0
-1.0
-4.0
-16.0
-7.0
-6.0
-1.9399999999999977
-23.0
-7.0
-28.0
-20.0
-11.0
-21.0
-20.0
-3.0
-10.0
-95.56
-2.4399999999999977
-64.0
-55.0
-54.0
-33.0
-43.0
-45.0
-21.0
-7.0
-48.0
-2.0
-6.0
-3.0
-1.9399999999999977
-0.0
-16.0
-11.0
-11.0
-19.0
-11.0
-34.0
-22.0
-141.0
-20.0
-42.0
-25.0
-26.0
-52.0
-75.0
-38.0
-80.0
-62.0
-53.0
-41.0
-35.0
-19.0
-23.0
-4.430000000000007
-22.0
-36.0
-11.0
-26.0
-18.0
-13.0
-90.0
-74.0
-47.0
-56.0
-20.0
-20.0
-42.0
-22.0
-59.0
-34.0
-119.0
-38.0
-75.0
-77.0
-25.0
-0.0
-7.0
-16.430000000000007
-27.0
-13.0
-14.0
-6.0
-33.0
-30.0
-70.0
-185.0
-63.0
-83.0
-69.0
-124.0
-85.0
-500.0
-172.0
-77.0
-121.0
-127.0
-66.0
-25.0
-59.0
-90.0
-87.0
-123.57
-128.0
-140.0
-120.0
-2.0
-130.0
-39.0
-12.0
-179.0
-130.0
-86.96000000000004
-292.03999999999996
-151.0
-274.0
-92.0
-58.0
-70.0
-37.0
-78.0
-17.0
-330.0
-17.0
-32.0
-19.0
-838.5699999999999
-18.0
-8.0
-30.0
-10.0
-12.0
-18.0
-33.0
-373.0
-181.0
-98.0
-53.0
-47.0
-44.0
-33.0
-4.0
-63.0
-46.0
-107.0
-61.0
-36.0
-47.0
-14.0
-17.0
-18.430000000000007
-17.0
-29.0
-0.0
-17.0
-10.0
-21.0
-60.0
-190.0
-175.0
-81.0
-366.0
-46.0
-185.0
-144.0
-213.0
-49.0
-372.0
-55.0
-47.0
-57.0
-325.0
-33.0
-144.0
-41.43000000000001
-22.0
-13.0
-16.0
-31.0
-37.0
-37.0
-75.0
-73.0
-77.0
-69.0
-69.0
-73.0
-43.0
-59.0
-45.0
-29.0
-294.0
-64.0
-27.0
-39.0
-34.0
-48.0
-52.0
-1.9399999999999977
-62.44
-534.44
-46.0
-37.0
-45.0
-49.0
-37.0
-38.0
-52.400000000000006
-40.400000000000006
-34.0
-25.0
-36.0
-42.0
-35.0
-42.0
-22.0
-25.0
-11.0
-33.0
-15.0
-16.0
-36.0
-6.1699999999999875
-32.0
-16.0
-0.0
-80.0
-50.0
-1.0
-17.0
-24.0
-23.0
-26.0
-42.0
-362.0
-428.0
-17.0
-25.960000000000008
-218.96
-24.0
-13.0
-23.0
-15.0
-29.0
-0.0
-10.0
-3.1899999999999977
-16.0
-16.0
-9.0
-15.0
-5.0
-24.0
-430.0
-10.0
-6.0
-37.0
-0.0
-16.0
-11.0
-25.0
-13.0
-11.0
-22.0
-7.0
-15.0
-19.0
-22.0
-557.0
-22.0
-17.189999999999998
-9.0
-10.0
-8.0
-9.0
-9.0
-7.0
-17.0
-10.0
-34.0
-21.0
-15.0
-35.0
-21.5
-28.0
-786.0
-17.0
-28.0
-317.0
-18.0
-16.0
-20.0
-13.0
-13.0
-30.879999999999995
-14.0
-10.0
-30.0
-20.0
-5.0
-12.0
-11.0
-5.0
-26.0
-1.0
-20.0
-17.0
-51.0
-13.0
-197.72
-33.0
-9.0
-10.0
-5.0
-21.0
-4.0
-8.0
-24.0
-0.8899999999999864
-11.0
-5.0
-17.0
-791.0
-10.439999999999998
-24.439999999999998
-39.0
-28.0
-22.0
-25.0
-43.0
-27.0
-33.0
-26.0
-42.28
-16.0
-4.0
-3.0
-212.0
-16.0
-17.0
-395.0
-29.0
-13.150000000000006
-316.0
-16.0
-15.0
-22.0
-15.0
-46.96000000000001
-38.96000000000001
-73.0
-109.0
-179.0
-299.0
-47.0
-72.0
-38.0
-30.0
-76.0
-28.480000000000018
-274.48
-57.0
-16.560000000000002
-7.0
-15.0
-5.5
-46.43000000000001
-430.0
-25.0
-29.0
-1.5
-86.0
-35.0
-419.48
-590.48
-248.0
-77.0
-53.0
-86.0
-46.0
-35.0
-659.0
-74.0
-206.0
-18.0
-429.0
-102.0
-36.0
-22.0
-68.0
-726.5699999999999
-106.0
-60.0
-664.0
-51.0
-9.0
-22.0
-270.0
-148.0
-52.0
-15.080000000000041
-40.08000000000004
-274.0
-188.0
-217.0
-219.0
-62.0
-195.0
-46.0
-670.0
-15.0
-93.0
-72.0
-7.0
-58.56999999999999
-14.0
-28.0
-9.0
-30.0
-159.0
-29.0
-200.0
-159.92000000000002
-14.919999999999959
-53.15999999999997
-36.84000000000003
-44.84000000000003
-11.159999999999968
-6.840000000000032
-8.0
-69.24000000000001
-127.75999999999999
-3.240000000000009
-15.240000000000009
-239.2
-64.19999999999999
-6.240000000000009
-1.5
-4.430000000000007
-20.5
-12.5
-26.0
-6.5
-0.5
-27.0
-156.0
-95.0
-41.0
-39.0
-16.0
-18.0
-15.0
-13.0
-68.0
-41.0
-29.0
-39.0
-323.0
-27.0
-664.0
-6.0
-92.0
-32.59
-17.0
-5.0
-286.0
-0.0
-8.0
-46.0
-61.0
-68.0
-45.0
-58.0
-519.0
-111.0
-17.0
-27.0
-8.0
-71.0
-97.0
-14.0
-243.0
-48.0
-29.0
-13.0
-20.0
-10.590000000000003
-606.0
-19.0
-2.0
-6.0
-12.0
-10.0
-5.0
-54.0
-49.0
-18.0
-25.0
-65.0
-25.0
-14.0
-24.0
-313.0
-17.0
-36.0
-11.0
-59.0
-17.0
-13.0
-28.0
-34.94
-8.0
-13.0
-7.0
-5.0
-15.0
-2.0
-344.0
-54.0
-45.0
-9.0
-2.0
-14.0
-40.0
-23.0
-347.0
-95.0
-27.0
-24.0
-81.0
-9.0
-10.0
-9.0
-23.0
-14.384999999999991
-32.0
-70.0
-11.0
-26.0
-836.0
-24.0
-14.0
-2.0
-75.0
-34.0
-63.0
-2.0
-14.0
-101.0
-10.0
-38.0
-510.0
-62.0
-17.0
-36.0
-11.0
-37.0
-43.0
-36.38499999999999
-53.0
-30.0
-29.0
-36.0
-42.0
-22.0
-13.0
-30.0
-29.0
-51.0
-193.0
-80.56
-3.4399999999999977
-34.0
-48.0
-110.0
-30.0
-5.0
-756.0
-238.0
-20.0
-16.0
-1.0
-38.08500000000001
-9.0
-57.0
-34.0
-26.0
-18.0
-1.0
-47.0
-31.0
-29.0
-47.0
-20.0
-31.0
-42.0
-4.5
-3.480000000000018
-15.0
-32.0
-67.0
-70.0
-827.0
-10.0
-16.0
-2.0
-5.085000000000008
-3.0
-596.0
-12.0
-2.0
-24.0
-4.0
-39.0
-152.0
-46.0
-56.0
-48.440000000000055
-3.4400000000000546
-80.0
-38.0
-27.0
-55.0
-37.0
-51.0
-232.0
-30.0
-12.0
-44.0
-9.0
-512.615
-71.0
-484.0
-12.0
-239.0
-43.0
-34.0
-95.0
-107.0
-39.0
-5.0
-264.0
-34.0
-24.440000000000055
-7.440000000000055
-120.0
-53.0
-265.0
-291.0
-65.0
-88.0
-20.0
-40.0
-52.0
-59.38499999999999
-277.0
-4.0
-1.0
-8.0
-21.0
-3.0
-8.0
-17.0
-76.0
-614.0
-15.0
-44.0
-3.0
-6.0
-19.0
-16.0
-573.0
-194.0
-49.0
-146.0
-412.0
-15.0
-25.0
-18.38499999999999
-25.0
-248.0
-680.0
-4.0
-12.0
-0.0
-28.0
-250.0
-4.0
-15.0
-475.0
-176.0
-15.0
-20.0
-53.0
-60.0
-7.0
-185.0
-55.0
-338.0
-2.0
-177.0
-2.0
-18.38499999999999
-4.0
-16.0
-3.0
-2.0
-13.0
-24.0
-27.0
-30.0
-45.0
-3.0
-19.0
-51.039999999999964
-143.03999999999996
-75.03999999999996
-86.03999999999996
-15.960000000000036
-47.960000000000036
-68.03999999999996
-11.95999999999998
-9.04000000000002
-39.04000000000002
-571.5
-456.5
-48.38499999999999
-14.0
-29.17500000000001
-38.68000000000001
-25.0
-1.6750000000000114
-7.180000000000007
-41.68000000000001
-47.5
-20.5
-64.96000000000001
-25.95999999999998
-9.0
-33.0
-14.0
-2.0
-16.0
-3.0
-35.0
-710.0
-41.0
-868.0
-20.0
-53.0
-36.08500000000001
-244.0
-48.349999999999994
-22.360000000000014
-55.0
-11.650000000000006
-49.360000000000014
-73.36000000000001
-0.5
-25.5
-15.519999999999982
-15.019999999999982
-1.5
-32.0
-73.0
-24.0
-20.0
-3.0
-14.0
-22.0
-50.0
-55.0
-21.0
-21.0
-10.919999999999987
-5.039999999999992
-8.0
-33.0
-43.0
-42.0
-219.0
-24.0
-126.0
-158.0
-49.0
-211.0
-45.0
-355.0
-245.0
-263.0
-245.0
-79.0
-325.0
-56.0
-48.0
-74.0
-549.0
-23.0
-102.38499999999999
-286.48
-1.0
-4.0
-52.0
-27.0
-22.0
-9.0
-4.0
-63.0
-74.0
-75.0
-96.0
-15.0
-40.0
-41.0
-33.0
-14.0
-45.0
-10.0
-36.0
-47.0
-96.0
-129.0
-85.61500000000001
-132.0
-25.0
-830.0
-18.0
-79.0
-16.0
-18.0
-20.0
-23.0
-1.0
-18.0
-26.0
-15.0
-18.0
-5.0
-25.0
-3.0
-17.0
-6.0
-18.0
-16.0
-4.0
-8.0
-14.384999999999991
-61.0
-5.0
-12.0
-11.0
-3.0
-57.0
-69.0
-478.0
-43.0
-62.0
-21.0
-51.0
-0.0
-27.0
-3.0
-6.0
-17.0
-45.0
-13.0
-15.0
-40.0
-11.0
-9.0
-55.61500000000001
-30.0
-6.0
-95.0
-2.0
-687.0
-272.0
-47.0
-35.0
-385.0
-19.0
-49.0
-60.0
-2.0
-39.0
-45.0
-46.0
-119.0
-55.0
-57.0
-59.0
-22.0
-77.0
-619.0
-37.38499999999999
-13.0
-18.0
-26.0
-16.0
-22.0
-17.0
-20.0
-9.0
-16.0
-8.0
-16.0
-55.0
-50.0
-119.0
-53.0
-42.72000000000003
-32.72000000000003
-24.80000000000001
-26.80000000000001
-48.5
-64.0
-67.0
-79.0
-104.61000000000001
-13.0
-75.0
-81.0
-6.0
-507.0
-714.0
-21.0
-13.0
-29.0
-11.0
-10.439999999999998
-22.439999999999998
-14.439999999999998
-29.439999999999998
-44.44
-410.56
-29.439999999999998
-8.0
-8.0
-3.0
-33.0
-1.0
-2.0
-5.610000000000014
-25.0
-25.0
-60.0
-30.0
-108.0
-22.0
-72.0
-4.0
-71.0
-36.0
-14.0
-84.0
-6.0
-62.0
-10.0
-8.0
-11.0
-21.0
-34.0
-24.0
-65.0
-116.0
-137.0
-101.61500000000001
-165.0
-156.0
-151.0
-173.0
-153.0
-835.0
-128.5
-37.48000000000002
-1.0
-27.0
-19.0
-41.0
-11.0
-26.0
-17.0
-9.0
-510.0
-16.0
-34.0
-22.0
-30.0
-23.0
-155.0
-58.38499999999999
-17.0
-5.0
-15.0
-781.0
-15.0
-2.0
-35.0
-15.0
-3.0
-2.0
-27.0
-38.0
-32.0
-20.0
-5.0
-2.0
-28.0
-23.0
-45.0
-46.0
-25.0
-16.0
-8.0
-31.38499999999999
-185.07999999999998
-183.07999999999998
-179.07999999999998
-561.9200000000001
-35.079999999999984
-180.07999999999998
-125.07999999999998
-321.92
-99.91999999999996
-69.84000000000003
-134.15999999999997
-46.08000000000004
-406.08000000000004
-3.919999999999959
-427.0
-46.15999999999997
-123.84000000000003
-274.0
-487.0
-113.0
-44.0
-24.0
-33.0
-59.38499999999999
-31.0
-67.0
-288.0
-628.0
-11.0
-81.0
-51.0
-76.0
-296.0
-96.0
-63.0
-0.0
-50.0
-73.0
-26.0
-11.0
-32.0
-5.0
-33.0
-40.0
-22.0
-30.0
-24.0
-53.38499999999999
-13.0
-8.0
-36.0
-9.0
-0.0
-9.0
-7.0
-5.0
-26.0
-19.0
-8.0
-2.0
-4.0
-18.0
-19.0
-3.0
-3.0
-2.0
-33.0
-68.0
-54.0
-90.0
-3.0
-33.610000000000014
-636.0
-34.0
-9.0
-1.0
-16.0
-35.0
-41.0
-124.5
-117.5
-104.0
-0.0
-18.0
-22.0
-14.0
-58.0
-16.0
-20.0
-18.0
-18.0
-25.0
-10.0
-1.0
-16.0
-12.610000000000014
-3.0
-14.0
-1.0
-406.0
-43.0
-57.0
-51.0
-175.0
-52.0
-45.0
-76.0
-45.0
-24.0
-8.0
-204.0
-406.0
-110.0
-35.0
-67.0
-1.0
-10.0
-8.0
-8.0
-18.38499999999999
-14.0
-5.0
-92.0
-11.0
-17.0
-6.0
-18.0
-1.0
-44.0
-4.0
-10.0
-4.0
-59.0
-34.0
-67.0
-23.0
-5.0
-53.0
-62.0
-1.0
-30.0
-42.0
-10.0
-18.38499999999999
-7.5
-13.5
-31.0
-27.5
-722.5
-20.0
-27.0
-18.0
-4.0
-25.0
-69.0
-665.0
-43.0
-24.0
-24.0
-49.91999999999996
-17.08000000000004
-168.0
-63.0
-31.0
-35.0
-19.0
-27.0
-36.38499999999999
-5.5
-8.0
-7.0
-14.0
-634.0
-1.0
-2.0
-93.0
-25.0
-568.0
-38.0
-56.0
-30.0
-25.0
-3.0
-24.0
-22.0
-66.0
-64.0
-61.0
-6.0
-39.0
-26.0
-67.38499999999999
-5.5
-12.0
-284.0
-31.0
-15.0
-189.0
-4.0
-70.0
-220.0
-36.0
-2.0
-26.0
-26.0
-29.0
-547.0
-80.0
-48.0
-14.0
-48.0
-73.0
-13.0
-1.0
-40.0
-49.38499999999999
-186.0
-197.0
-378.0
-187.0
-193.0
-193.0
-200.0
-14.0
-36.0
-28.0
-12.0
-59.0
-1.0
-23.0
-8.0
-18.0
-263.0
-300.0
-30.0
-40.0
-25.0
-7.0
-10.0
-26.139999999999986
-4.0
-8.0
-0.0
-15.0
-12.0
-28.0
-19.0
-32.0
-40.0
-47.0
-187.0
-18.0
-52.0
-31.0
-35.0
-42.0
-43.0
-61.0
-24.0
-31.0
-55.0
-198.0
-436.0
-11.120000000000005
-20.0
-8.0
-23.0
-31.0
-47.0
-34.5
-61.0
-69.0
-309.0
-230.0
-50.0
-334.0
-251.0
-9.0
-41.0
-22.0
-55.0
-66.0
-17.0
-58.0
-19.0
-3.0
-5.0
-18.38499999999999
-6.0
-12.0
-32.0
-14.5
-19.0
-609.0
-1.0
-70.0
-465.0
-37.0
-15.0
-15.0
-41.0
-435.0
-84.0
-30.0
-27.0
-21.0
-49.0
-531.0
-675.0
-2.0
-23.0
-56.38499999999999
-56.0
-12.0
-7.0
-2.0
-9.0
-16.0
-40.0
-18.0
-406.0
-27.0
-45.0
-57.0
-71.0
-64.0
-115.0
-65.0
-62.0
-15.0
-53.0
-32.0
-2.0
-318.0
-95.0
-116.38499999999999
-58.0
-61.0
-18.0
-70.0
-141.0
-38.0
-72.0
-18.0
-207.0
-32.0
-63.0
-15.0
-80.0
-11.0
-77.0
-119.0
-14.0
-2.0
-125.0
-77.0
-2.0
-544.0
-281.0
-8.829999999999984
-42.0
-2.0
-11.0
-11.0
-24.0
-25.0
-3.0
-35.0
-84.0
-215.0
-17.0
-9.0
-150.0
-339.0
-73.0
-33.0
-14.0
-51.0
-79.0
-7.0
-36.0
-33.0
-31.0
-22.155
-71.0
-6.0
-19.0
-30.0
-8.0
-30.0
-1.0
-18.0
-74.0
-127.0
-131.0
-153.0
-190.0
-145.0
-8.0
-220.0
-8.0
-34.0
-41.0
-832.0
-67.0
-14.0
-29.0
-16.11500000000001
-560.0
-4.0
-16.0
-17.0
-2.0
-14.0
-7.0
-46.0
-0.0
-20.0
-8.0
-1.0
-23.0
-8.0
-27.0
-617.0
-3.0
-38.0
-31.0
-23.0
-28.0
-354.0
-7.0
-112.11500000000001
-4.0
-6.0
-9.0
-283.0
-6.0
-36.0
-541.0
-18.0
-16.0
-49.0
-15.0
-33.0
-46.48000000000002
-22.480000000000018
-3.519999999999982
-30.480000000000018
-25.519999999999982
-16.519999999999982
-39.91999999999996
-61.91999999999996
-104.08000000000004
-36.08000000000004
-2.160000000000025
-21.160000000000025
-2.160000000000025
-49.0
-36.56999999999999
-5.0
-6.5
-27.5
-18.5
-9.0
-6.5
-22.5
-144.64
-25.67999999999995
-32.32000000000005
-32.32000000000005
-4.0
-383.0
-16.0
-15.0
-114.0
-21.0
-2.0
-76.0
-3.0
-7.0
-5.519999999999982
-5.480000000000018
-38.56999999999999
-12.0
-4.0
-18.0
-22.0
-9.0
-144.5
-118.5
-14.0
-12.0
-157.0
-25.0
-12.0
-14.0
-9.0
-6.480000000000018
-10.519999999999982
-3.0
-38.0
-11.0
-55.0
-1.0
-7.0
-60.0
-43.56999999999999
-5.0
-7.0
-7.0
-8.0
-13.0
-3.5
-22.5
-24.0
-4.0
-15.0
-67.0
-96.0
-9.0
-2.0
-25.0
-33.0
-5.0
-35.0
-22.0
-39.0
-12.0
-12.0
-549.0
-40.56999999999999
-54.0
-6.0
-12.0
-18.0
-2.0
-6.0
-15.0
-142.0
-9.0
-108.0
-17.0
-22.0
-69.0
-469.0
-25.0
-34.0
-9.0
-25.0
-64.0
-19.0
-4.0
-43.0
-18.0
-271.65999999999997
-616.5
-23.5
-15.5
-366.0
-17.5
-182.0
-36.0
-22.0
-4.0
-16.0
-546.0
-31.0
-45.0
-20.0
-42.0
-40.0
-34.0
-2.0
-7.0
-220.0
-3.0
-2.0
-22.0
-13.659999999999997
-36.0
-36.0
-1.0
-17.0
-720.0
-2.5
-45.5
-4.560000000000002
-41.0
-128.0
-48.0
-4.0
-32.0
-3.0
-15.0
-65.0
-52.0
-107.67999999999995
-19.319999999999993
-82.32
-51.0
-16.0
-16.0
-662.5699999999999
-5.0
-7.0
-13.5
-34.0
-33.0
-3.5
-6.0
-10.0
-37.0
-8.0
-23.0
-5.0
-245.0
-150.48000000000002
-40.51999999999998
-28.519999999999982
-28.519999999999982
-5.0
-5.0
-85.0
-18.079999999999984
-22.920000000000016
-548.0
-36.56999999999999
-6.0
-9.0
-26.0
-5.0
-10.0
-13.0
-10.0
-5.0
-38.0
-8.0
-8.480000000000018
-39.51999999999998
-1.0
-93.0
-31.0
-54.0
-5.0
-19.0
-15.0
-162.0
-8.0
-6.0
-58.0
-34.0
-5.0
-12.0
-25.5
-18.5
-15.5
-22.0
-17.0
-22.0
-61.0
-19.0
-56.0
-19.0
-499.0
-26.0
-33.0
-5.0
-26.0
-189.0
-39.0
-6.0
-8.0
-35.0
-24.0
-30.060000000000002
-3.0
-743.0
-15.0
-38.0
-11.0
-6.0
-17.0
-139.0
-19.0
-27.0
-46.0
-15.0
-35.0
-0.0
-35.0
-10.0
-11.0
-147.0
-134.0
-15.0
-33.0
-47.0
-40.0
-10.060000000000002
-4.5
-3.5
-4.5
-13.0
-4.0
-447.0
-45.0
-53.0
-57.0
-47.0
-27.0
-45.0
-34.0
-42.0
-16.0
-4.0
-18.0
-45.0
-41.0
-66.0
-4.0
-21.0
-381.0
-22.169999999999987
-23.0
-3.0
-25.0
-13.0
-10.0
-58.0
-60.0
-484.0
-35.0
-29.0
-11.0
-39.0
-49.0
-15.0
-5.0
-23.0
-70.0
-17.0
-27.0
-5.0
-45.0
-25.0
-21.0
-13.634999999999991
-13.0
-10.0
-22.0
-560.96
-7.039999999999992
-8.5
-160.0
-80.0
-14.0
-69.0
-75.0
-84.0
-125.0
-87.0
-30.440000000000055
-8.440000000000055
-234.0
-65.0
-18.0
-15.0
-29.0
-14.0
-33.0
-7.939999999999998
-0.0
-854.0
-3.0
-20.0
-26.0
-24.0
-25.0
-59.0
-55.0
-70.0
-38.0
-386.0
-67.0
-1.0
-109.0
-33.0
-40.0
-232.0
-6.0
-56.0
-35.0
-29.0
-18.0
-10.060000000000002
-3.0
-15.0
-23.0
-7.0
-13.0
-13.0
-29.0
-39.0
-182.0
-81.0
-47.0
-115.0
-96.0
-56.0
-62.0
-85.0
-104.0
-91.0
-19.0
-25.0
-48.0
-22.0
-32.0
-23.060000000000002
-20.0
-17.0
-18.0
-18.0
-2.0
-3.0
-8.0
-71.0
-77.0
-557.0
-40.0
-85.0
-47.0
-9.0
-309.0
-16.0
-103.0
-3.0
-12.0
-48.0
-10.0
-27.0
-7.0
-26.060000000000002
-3.0
-14.0
-7.0
-22.0
-43.0
-14.0
-65.0
-26.0
-82.0
-93.0
-70.0
-54.0
-29.0
-85.0
-29.0
-95.0
-80.0
-50.0
-92.0
-50.0
-67.0
-24.0
-2.0
-19.060000000000002
-36.5
-38.0
-15.0
-31.5
-59.0
-26.0
-55.0
-284.0
-2.0
-62.0
-52.0
-42.0
-835.0
-33.0
-47.0
-28.0
-57.0
-63.0
-569.0
-29.5
-31.0
-2.0
-8.0
-6.099999999999994
-7.0
-23.0
-13.0
-7.0
-18.0
-14.0
-21.0
-7.0
-11.0
-887.0
-1.0
-22.0
-21.0
-7.0
-23.0
-3.0
-8.0
-13.0
-27.0
-1.0
-23.0
-27.0
-53.0
-31.129999999999995
-617.0
-28.5
-44.0
-41.0
-33.0
-47.0
-26.0
-25.0
-22.0
-6.0
-31.0
-12.0
-5.0
-24.5
-37.0
-9.0
-12.0
-5.5
-5.5
-11.5
-11.5
-2.1999999999999886
-13.5
-7.610000000000014
-20.0
-199.5
-1.0
-1.1999999999999886
-7.0
-20.5
-12.800000000000011
-78.19999999999999
-55.19999999999999
-182.20000000000005
-89.0
-100.0
-170.0
-488.0
-61.0
-659.0
-60.0
-145.0
-116.0
-137.0
-82.0
-26.0
-43.0
-8.939999999999998
-18.0
-8.0
-12.0
-8.0
-1.0
-6.0
-5.0
-36.0
-61.67999999999995
-59.32000000000005
-52.0
-70.0
-68.0
-19.0
-16.0
-29.0
-73.0
-28.0
-16.0
-3.0
-2.0
-45.0
-21.0
-7.939999999999998
-648.0
-1.0
-21.0
-10.0
-3.0
-443.0
-27.0
-20.0
-32.0
-28.0
-47.0
-368.0
-80.0
-2.0
-223.0
-55.0
-89.0
-198.0
-10.0
-11.0
-54.0
-134.0
-485.0
-7.939999999999998
-7.0
-14.0
-30.0
-7.0
-17.5
-25.0
-32.0
-37.56
-18.560000000000002
-96.48000000000002
-281.52
-315.48
-227.15999999999997
-259.15999999999997
-117.15999999999997
-64.48000000000002
-98.48000000000002
-1.67999999999995
-16.680000000000007
-38.0
-82.0
-26.0
-32.0
-8.939999999999998
-12.0
-3.0
-17.159999999999997
-16.5
-16.159999999999997
-10.159999999999997
-11.159999999999997
-83.16
-11.0
-22.0
-28.0
-45.0
-15.0
-16.0
-32.0
-25.0
-26.0
-18.0
-10.0
-12.0
-28.0
-425.0
-6.0
-49.09
-3.0
-90.0
-1.0
-10.0
-10.0
-27.47999999999999
-26.47999999999999
-26.0
-42.31999999999999
-66.11500000000001
-12.384999999999991
-13.384999999999991
-23.5
-48.879999999999995
-50.91999999999999
-27.5
-29.0
-30.0
-39.0
-224.5
-22.0
-14.0
-16.5
-6.100000000000051
-0.47999999999998977
-44.47999999999999
-1.4799999999999898
-14.47999999999999
-12.0
-17.0
-2.0
-91.0
-235.0
-115.0
-84.0
-145.0
-261.0
-565.0
-8.0
-74.0
-97.0
-71.0
-456.0
-245.0
-68.0
-31.0
-19.0
-696.06
-14.0
-1.0
-114.0
-11.0
-2.0
-9.0
-870.0
-115.0
-1.0
-98.0
-217.0
-63.0
-60.0
-48.0
-50.0
-50.0
-5.0
-121.0
-64.0
-29.0
-9.0
-8.0
-22.0
-8.939999999999998
-10.0
-393.0
-6.0
-7.0
-4.0
-613.0
-14.0
-104.0
-7.0
-137.0
-41.0
-46.0
-48.0
-33.0
-55.0
-54.0
-62.0
-1.0
-11.0
-30.519999999999982
-1.5199999999999818
-33.0
-27.0
-8.939999999999998
-14.0
-9.0
-1.0
-4.0
-7.0
-17.0
-35.0
-562.0
-8.0
-76.0
-32.0
-71.0
-47.0
-24.0
-194.0
-16.0
-0.0
-128.0
-310.0
-31.0
-21.0
-280.0
-30.0
-4.8799999999999955
-10.0
-19.0
-3.0
-5.0
-4.0
-4.0
-22.0
-118.0
-102.0
-79.0
-81.0
-135.0
-76.0
-68.0
-60.0
-133.0
-73.0
-35.0
-81.0
-168.0
-23.0
-51.0
-48.0
-0.6000000000000512
-12.860000000000014
-300.0
-1.5
-12.5
-2.5
-7.740000000000009
-38.24000000000001
-12.5
-15.159999999999997
-717.77
-11.77000000000001
-18.77000000000001
-38.5
-18.75999999999999
-1.160000000000025
-43.5
-23.0
-52.0
-20.0
-5.0
-561.0
-16.0
-3.5
-11.100000000000051
-17.72
-0.0
-3.0
-10.0
-10.0
-1.0
-198.0
-118.0
-143.0
-6.0
-7.0
-587.0
-17.0
-106.0
-2.0
-708.0
-21.0
-22.0
-10.0
-9.0
-2.0
-15.0
-13.0
-6.899999999999949
-827.76
-1.0
-7.0
-4.0
-8.0
-10.0
-13.0
-101.0
-93.0
-145.0
-169.0
-131.0
-96.0
-144.0
-11.0
-85.0
-78.0
-125.0
-23.0
-42.0
-27.0
-45.0
-46.0
-8.399999999999949
-4.0
-33.0
-21.0
-849.0
-11.0
-2.0
-791.0
-148.0
-5.0
-59.0
-84.0
-78.0
-108.0
-68.0
-45.0
-4.0
-77.0
-19.0
-16.0
-59.0
-21.0
-12.0
-62.0
-8.399999999999949
-13.0
-21.0
-32.0
-9.0
-15.0
-7.0
-8.0
-23.0
-257.0
-78.0
-93.0
-84.0
-52.0
-52.0
-11.0
-5.0
-18.0
-40.0
-231.0
-24.0
-6.0
-9.0
-24.0
-245.60000000000005
-2.0
-27.0
-2.0
-5.0
-13.0
-9.0
-20.0
-24.0
-23.0
-80.0
-27.0
-73.0
-12.0
-283.0
-5.0
-8.0
-14.0
-31.0
-8.0
-52.0
-8.0
-774.0
-43.0
-0.6000000000000512
-22.0
-5.0
-16.0
-3.0
-5.0
-3.0
-1.0
-256.0
-146.0
-8.0
-13.0
-57.0
-14.0
-8.0
-119.0
-69.0
-177.0
-79.0
-125.0
-26.0
-13.0
-29.0
-8.0
-8.399999999999949
-18.0
-5.0
-6.0
-1.0
-6.0
-22.0
-39.0
-32.0
-33.0
-11.0
-47.0
-65.0
-31.0
-608.0
-618.0
-57.0
-48.0
-25.0
-53.0
-18.0
-14.0
-46.0
-12.0
-10.100000000000051
-23.0
-20.0
-15.0
-17.0
-13.0
-224.0
-19.0
-88.0
-693.0
-35.0
-10.0
-338.0
-3.0
-14.0
-23.0
-1.0
-44.0
-16.0
-34.0
-177.0
-4.0
-15.0
-15.0
-12.100000000000051
-5.0
-14.0
-15.0
-9.0
-5.0
-5.0
-608.0
-231.0
-304.0
-134.0
-41.0
-78.0
-16.0
-435.0
-54.0
-45.0
-41.0
-242.0
-3.0
-27.5
-46.0
-5.0
-8.0
-57.0
-17.0
-3.919999999999959
-53.0
-19.0
-30.0
-12.0
-54.120000000000005
-52.0
-1.0
-67.0
-230.0
-77.0
-25.0
-94.0
-42.93000000000001
-21.5
-34.0
-12.0
-21.0
-20.0
-18.0
-209.0
-95.0
-8.0
-96.0
-48.0
-102.0
-30.0
-9.160000000000025
-0.160000000000025
-3.680000000000007
-18.5
-40.0
-72.0
-11.5
-7.5
-74.5
-110.0
-6.085000000000008
-359.5
-17.0
-26.5
-31.0
-24.0
-12.0
-7.0
-14.0
-62.0
-70.0
-4.0
-50.0
-1.0
-29.0
-37.41999999999999
-347.84
-3.5
-16.0
-32.0
-44.5
-27.5
-34.0
-38.0
-14.085000000000008
-42.0
-33.0
-34.0
-5.0
-25.0
-28.0
-486.0
-184.12
-46.039999999999964
-12.960000000000036
-21.0
-283.0
-9.0
-111.0
-12.0
-48.48000000000002
-49.48000000000002
-94.0
-25.0
-36.0
-3.0
-85.0
-11.0
-32.860000000000014
-28.0
-6.0
-675.0
-701.0
-18.0
-33.0
-58.0
-7.0
-76.0
-16.879999999999995
-1.0
-46.0
-2.0
-12.0
-6.0
-3.0
-143.0
-17.0
-11.879999999999995
-72.0
-587.0
-61.0
-50.0
-70.13999999999999
-21.0
-42.0
-34.0
-31.0
-13.0
-3.0
-35.0
-430.0
-79.0
-44.120000000000005
-119.0
-13.0
-54.0
-2.0
-28.879999999999995
-141.0
-90.0
-265.0
-54.0
-12.0
-29.0
-26.0
-69.0
-41.13499999999999
-25.0
-1.0
-93.0
-10.0
-115.0
-62.0
-57.0
-30.0
-23.0
-571.0
-50.0
-89.0
-24.0
-28.0
-54.0
-9.0
-27.0
-662.0
-30.0
-35.0
-14.0
-2.0
-2.0
-4.914999999999992
-30.0
-27.0
-10.0
-9.0
-8.0
-2.0
-28.0
-43.0
-21.0
-22.0
-165.0
-1.0
-13.0
-38.0
-62.0
-3.0
-48.0
-296.0
-483.0
-2.0
-16.0
-17.0
-8.0
-22.914999999999992
-37.0
-21.0
-16.0
-7.0
-11.0
-4.0
-2.0
-36.0
-5.0
-26.0
-6.0
-24.0
-5.0
-24.0
-33.0
-27.0
-15.0
-25.0
-34.0
-8.0
-37.0
-35.0
-15.0
-4.914999999999992
-8.5
-3.0
-8.0
-26.0
-20.0
-11.0
-8.0
-18.0
-16.0
-5.0
-28.0
-54.0
-19.0
-54.0
-331.0
-31.0
-8.0
-6.0
-34.0
-42.0
-17.0
-38.0
-4.0
-9.914999999999992
-21.0
-5.0
-17.0
-12.0
-11.0
-7.47999999999999
-10.5
-11.0
-10.0
-63.0
-38.0
-46.0
-1.0
-388.0
-24.0
-78.0
-700.0
-1.0
-11.0
-11.0
-14.0
-19.0
-17.0
-6.085000000000008
-3.0
-41.0
-9.0
-6.0
-12.0
-4.0
-10.0
-1.0
-29.0
-16.0
-16.0
-28.0
-38.0
-38.0
-35.0
-23.0
-189.0
-12.0
-49.0
-8.0
-28.0
-29.0
-21.0
-12.085000000000008
-21.0
-15.0
-9.0
-13.0
-22.0
-37.0
-18.0
-24.0
-19.0
-26.0
-20.0
-38.0
-23.0
-9.0
-29.0
-5.0
-2.0
-3.0
-6.0
-0.0
-13.5
-564.0
-28.0
-6.949999999999989
-14.0
-3.0
-39.0
-789.0
-11.0
-8.0
-30.0
-138.0
-102.0
-39.0
-61.0
-37.0
-427.0
-29.0
-295.0
-71.0
-26.0
-9.799999999999955
-73.0
-75.0
-10.0
-9.0
-1.0
-6.865000000000009
-31.0
-30.0
-11.0
-19.0
-5.0
-47.0
-28.0
-16.0
-81.0
-215.0
-8.919999999999959
-19.0
-26.0
-37.0
-4.0
-74.0
-561.0
-16.0
-243.0
-20.0
-63.0
-19.0
-13.0
-25.13499999999999
-11.0
-0.0
-10.0
-29.0
-31.0
-4.0
-40.0
-39.0
-30.0
-12.0
-18.0
-32.879999999999995
-60.0
-20.91999999999996
-18.0
-6.0
-0.0
-13.0
-101.0
-24.0
-72.0
-52.0
-21.0
-13.134999999999991
-30.0
-0.0
-19.0
-20.0
-33.0
-38.0
-2.0
-81.0
-42.0
-2.0
-43.0
-64.0
-65.0
-33.0
-40.0
-20.0
-67.0
-70.0
-46.0
-34.0
-23.0
-14.0
-14.0
-33.5
-10.0
-11.0
-10.0
-20.0
-7.0
-11.0
-773.0
-201.0
-63.0
-23.0
-505.0
-29.0
-21.0
-15.0
-38.0
-18.879999999999995
-1.0
-68.0
-129.0
-5.0
-362.0
-32.0
-8.0
-6.865000000000009
-23.0
-20.0
-10.0
-17.0
-2.0
-27.5
-3.0
-25.0
-366.0
-19.0
-66.0
-23.0
-83.0
-22.0
-19.0
-8.0
-12.0
-17.0
-42.0
-37.0
-110.0
-4.0
-649.0
-50.13499999999999
-6.0
-15.0
-1.0
-4.0
-0.0
-6.0
-6.0
-9.0
-38.0
-15.120000000000005
-37.0
-40.0
-63.0
-16.0
-29.0
-30.0
-4.0
-28.0
-90.0
-12.879999999999995
-71.0
-277.0
-45.0
-58.129999999999995
-32.0
-24.0
-10.0
-27.0
-22.0
-12.0
-9.0
-11.0
-50.0
-5.0
-24.0
-17.0
-36.0
-427.0
-10.0
-9.0
-21.0
-96.88
-114.0
-31.0
-57.0
-29.0
-24.0
-393.105
-9.0
-14.0
-5.0
-2.0
-5.0
-15.0
-6.0
-36.0
-254.0
-54.0
-65.0
-102.0
-26.0
-432.0
-47.0
-75.0
-36.0
-65.0
-79.0
-66.0
-0.0
-31.879999999999995
-87.0
-31.894999999999982
-21.0
-30.0
-23.0
-11.0
-50.0
-76.0
-3.0
-86.0
-13.0
-823.0
-24.0
-51.0
-638.0
-30.0
-37.0
-26.0
-31.0
-0.0
-46.0
-28.0
-7.0
-25.0
-45.0
-2.5
-10.0
-35.0
-49.0
-28.0
-11.0
-3.0
-28.0
-25.0
-21.0
-47.0
-30.0
-54.0
-29.0
-33.0
-57.0
-71.0
-4.0
-7.0
-14.0
-6.0
-13.0
-28.0
-33.0
-39.5
-41.0
-420.0
-9.0
-4.0
-34.0
-36.0
-34.0
-62.0
-285.0
-32.0
-35.0
-31.0
-13.879999999999995
-39.0
-18.0
-48.0
-41.0
-37.0
-18.0
-58.0
-41.0
-393.0
-56.0
-31.894999999999982
-1.0
-22.0
-8.0
-21.5
-17.0
-1.0
-8.0
-4.0
-16.0
-36.0
-2.0
-30.0
-33.0
-15.0
-17.0
-52.0
-53.08000000000004
-50.0
-10.0
-20.0
-12.0
-5.0
-8.0
-8.080000000000013
-8.0
-6.0
-171.0
-23.0
-11.0
-310.0
-34.0
-4.0
-47.0
-15.0
-1.0
-58.08000000000004
-85.0
-26.0
-533.0
-43.0
-124.0
-3.0
-137.0
-71.0
-8.0
-31.0
-8.0
-11.39500000000001
-38.0
-29.0
-15.0
-18.0
-7.0
-30.0
-32.0
-23.0
-55.0
-102.0
-76.0
-48.0
-116.0
-28.0
-49.0
-31.0
-156.0
-38.0
-4.0
-44.0
-24.0
-27.0
-33.0
-5.8700000000000045
-10.0
-40.0
-17.0
-18.0
-29.0
-39.0
-19.0
-48.0
-7.0
-31.0
-13.0
-6.0
-87.88
-45.0
-24.0
-13.0
-2.0
-95.0
-20.0
-36.0
-30.0
-41.0
-17.0
-4.865000000000009
-348.0
-532.0
-17.0
-23.0
-10.0
-2.0
-14.0
-859.0
-18.0
-1.0
-41.0
-59.0
-84.0
-1.0
-500.0
-49.0
-32.0
-31.0
-12.0
-5.0
-5.0
-2.0
-12.0
-21.5
-23.0
-0.0
-19.120000000000005
-11.0
-4.0
-17.5
-24.5
-4.0
-17.0
-61.0
-466.0
-49.25999999999999
-48.5
-1.5
-53.0
-10.0
-35.0
-22.0
-24.0
-7.0
-3.0
-17.0
-27.0
-43.5
-676.0
-23.0
-18.0
-12.0
-89.0
-35.0
-37.0
-93.0
-222.0
-99.0
-51.0
-26.0
-563.0
-2.0
-31.0
-71.0
-10.0
-34.120000000000005
-104.0
-9.0
-106.12
-76.0
-10.0
-39.86500000000001
-19.5
-15.0
-8.0
-9.0
-7.0
-22.0
-6.0
-124.0
-2.0
-27.0
-28.0
-38.0
-619.0
-468.0
-41.0
-3.0
-17.0
-46.0
-54.0
-41.0
-7.0
-39.0
-13.0
-226.14
-16.0
-7.0
-4.0
-14.0
-10.0
-14.0
-21.0
-183.88
-6.0
-45.0
-29.0
-39.0
-19.0
-11.0
-46.0
-29.0
-89.0
-45.0
-57.120000000000005
-309.0
-22.0
-26.0
-76.0
-56.05000000000001
-13.0
-30.0
-10.0
-3.0
-55.0
-23.0
-42.0
-100.63999999999999
-233.48000000000002
-19.0
-4.0
-2.32000000000005
-45.67999999999995
-28.32000000000005
-9.0
-45.0
-47.0
-47.0
-37.0
-83.0
-12.0
-61.0
-447.88
-318.115
-48.51999999999998
-5.0
-36.0
-60.0
-29.0
-491.0
-12.0
-45.0
-18.0
-3.080000000000041
-25.0
-14.899999999999977
-50.0
-4.0
-31.120000000000005
-26.0
-13.0
-5.0
-21.0
-28.0
-10.0
-3.0
-21.0
-57.11500000000001
-704.0
-6.0
-22.0
-1.0
-15.0
-10.0
-178.0
-373.0
-0.0
-87.0
-49.0
-11.519999999999982
-553.5
-282.0
-65.0
-59.0
-52.0
-66.0
-59.5
-14.0
-19.0
-21.5
-10.0
-391.5
-20.0
-16.5
-7.5
-11.0
-9.5
-18.5
-15.5
-27.0
-7.0
-36.0
-21.0
-656.74
-2.5
-13.5
-3.0
-37.0
-551.5
-14.0
-33.5
-301.5
-3.5
-2.5
-16.0
-27.5
-782.0
-57.0
-44.0
-40.0
-65.0
-58.0
-34.0
-77.0
-243.0
-222.0
-21.0
-14.0
-68.0
-51.0
-206.12
-249.0
-35.0
-292.0
-53.0
-5.0
-66.0
-4.0
-8.0
-51.88499999999999
-4.0
-19.0
-593.0
-15.0
-598.0
-10.0
-7.0
-12.0
-23.0
-2.0
-61.0
-8.0
-4.0
-14.0
-2.0
-21.0
-19.120000000000005
-90.0
-76.0
-0.0
-5.0
-26.0
-6.0
-24.88499999999999
-28.0
-39.0
-31.0
-15.0
-46.0
-34.0
-42.0
-20.0
-22.0
-48.0
-50.0
-7.0
-22.0
-4.0
-99.0
-45.0
-56.0
-16.08000000000004
-75.51999999999998
-17.519999999999982
-50.0
-6.0
-14.0
-48.18000000000001
-21.0
-2.0
-299.0
-11.0
-16.0
-15.0
-18.0
-6.0
-10.0
-352.0
-84.0
-4.0
-14.0
-108.0
-21.0
-32.0
-16.120000000000005
-563.0
-102.0
-3.0
-66.0
-3.0
-120.0
-5.0
-27.0
-8.0
-0.0
-67.0
-10.0
-6.0
-18.0
-274.0
-62.0
-8.0
-66.0
-22.0
-9.0
-12.0
-2.0
-29.085000000000008
-6.0
-2.0
-18.0
-11.0
-451.0
-6.0
-17.0
-136.0
-125.0
-101.0
-14.0
-136.0
-48.0
-48.120000000000005
-162.0
-44.0
-33.0
-83.0
-2.0
-21.160000000000025
-39.0
-7.0
-1.0
-771.095
-444.76
-18.5
-71.24000000000001
-295.0
-77.24000000000001
-64.0
-44.5
-150.76
-109.24000000000001
-10.240000000000009
-201.0
-280.0
-168.0
-190.0
-213.0
-184.0
-310.0
-40.0
-249.0
-13.0
-44.0
-17.0
-19.0
-9.094999999999999
-27.620000000000005
-5.0
-18.0
-22.0
-5.0
-2.0
-706.0
-183.0
-171.0
-59.0
-446.0
-733.0
-626.0
-82.0
-555.0
-43.0
-37.0
-71.0
-75.0
-9.0
-82.0
-7.0
-9.0
-1.9050000000000011
-20.620000000000005
-0.0
-14.0
-1.0
-1.0
-1.0
-21.0
-85.0
-90.0
-69.0
-68.0
-151.24
-85.0
-77.0
-184.0
-78.15999999999997
-89.0
-56.0
-18.0
-41.0
-40.120000000000005
-63.0
-4.0
-36.905
-21.620000000000005
-24.0
-483.0
-7.5
-1.0
-8.0
-13.0
-3.0
-59.0
-377.0
-21.0
-76.0
-49.0
-71.0
-2.0
-189.0
-10.0
-73.0
-7.0
-2.0
-4.0
-18.0
-23.0
-16.905
-24.0
-11.0
-44.0
-21.0
-39.0
-26.0
-10.0
-2.0
-11.0
-103.0
-23.0
-22.0
-24.0
-48.0
-10.0
-25.0
-24.0
-28.0
-11.0
-38.0
-31.0
-28.0
-17.0
-18.085000000000008
-26.0
-39.0
-1.0
-7.0
-36.0
-20.0
-22.0
-43.0
-18.0
-20.0
-2.0
-34.0
-60.0
-24.0
-30.0
-48.0
-22.0
-8.0
-4.0
-647.0
-8.0
-713.0
-26.0
-4.085000000000008
-15.0
-15.0
-5.0
-17.0
-23.0
-6.0
-13.0
-117.0
-223.0
-21.0
-6.0
-15.0
-35.0
-72.12
-30.0
-14.0
-34.0
-123.0
-63.0
-72.0
-46.0
-59.879999999999995
-103.0
-93.095
-20.0
-0.0
-17.0
-799.0
-21.0
-2.0
-12.0
-146.0
-3.0
-16.0
-16.0
-102.0
-31.0
-51.0
-58.120000000000005
-45.0
-37.0
-22.0
-87.0
-8.0
-28.0
-26.0
-69.0
-67.095
-15.0
-2.0
-6.0
-15.0
-5.0
-13.0
-51.0
-234.0
-35.0
-92.0
-113.0
-104.51999999999998
-71.51999999999998
-139.0
-32.0
-63.0
-66.0
-35.0
-2.0
-28.0
-545.0
-14.0
-27.0
-11.094999999999999
-25.0
-684.0
-1.0
-7.0
-791.0
-39.0
-93.0
-4.0
-54.0
-72.0
-27.0
-392.1199999999999
-54.0
-25.0
-102.0
-54.0
-71.0
-3.0
-98.0
-6.0
-75.0
-26.0
-34.0
-13.090000000000003
-27.0
-3.0
-25.0
-9.0
-24.0
-71.0
-66.0
-248.0
-37.0
-100.12
-17.120000000000005
-75.0
-29.0
-92.0
-70.0
-109.0
-8.0
-21.0
-18.0
-4.0
-47.0
-8.0
-46.0
-108.61500000000001
-153.0
-372.0
-156.0
-156.0
-151.0
-172.0
-139.0
-125.0
-12.0
-59.0
-7.0
-617.0
-28.0
-169.0
-3.0
-84.0
-25.0
-28.0
-24.0
-189.0
-5.0
-8.0
-480.0
-29.085000000000008
-15.0
-27.0
-55.0
-8.0
-1.0
-603.0
-513.0
-11.0
-13.0
-39.0
-10.0
-65.0
-6.0
-6.0
-4.0
-7.0
-10.0
-1.0
-164.0
-5.0
-8.0
-12.0
-4.0
-15.085000000000008
-30.0
-33.0
-19.0
-23.0
-34.0
-44.0
-1.0
-49.0
-168.0
-57.0
-86.12
-109.63999999999999
-41.0
-80.0
-72.0
-67.08000000000004
-47.0
-71.0
-19.120000000000005
-3.0
-93.0
-23.0
-24.0
-24.38499999999999
-7.5
-3.5
-235.5
-14.5
-8.5
-688.0
-39.28
-57.27999999999997
-41.27999999999997
-7.720000000000027
-3.2799999999999727
-82.27999999999997
-64.27999999999997
-85.27999999999997
-9.0
-127.12
-33.0
-37.0
-52.0
-27.0
-8.0
-45.0
-28.0
-21.860000000000014
-4.0
-13.0
-7.0
-685.0
-2.0
-23.0
-25.639999999999986
-41.0
-77.0
-10.0
-1.0
-60.120000000000005
-75.0
-31.0
-5.0
-12.080000000000041
-48.0
-5.0
-27.0
-17.0
-86.0
-27.0
-39.0
-0.4549999999999841
-15.0
-8.0
-28.0
-12.0
-23.0
-9.0
-73.0
-149.0
-39.0
-21.0
-33.0
-48.0
-62.0
-118.0
-457.0
-108.0
-119.0
-5.0
-29.0
-9.0
-22.0
-21.0
-35.0
-4.085000000000008
-16.0
-27.0
-21.0
-4.0
-4.0
-41.0
-45.0
-26.0
-28.0
-23.0
-31.0
-86.0
-35.0
-21.0
-6.0
-10.0
-23.0
-1.5
-25.0
-17.0
-26.0
-1.0
-814.0
-526.085
-16.0
-569.0
-16.0
-25.0
-11.0
-26.0
-29.0
-15.0
-6.0
-3.0
-637.0
-13.0
-6.0
-11.0
-21.0
-1.0
-52.0
-20.0
-11.0
-20.0
-10.0
-536.0
-31.0
-534.085
-41.0
-37.0
-773.0
-29.0
-32.0
-27.0
-51.0
-152.0
-110.0
-48.0
-6.0
-914.0
-16.0
-30.0
-109.0
-756.0
-3.0
-58.0
-78.0
-30.0
-20.0
-0.0
-467.0
-0.4549999999999841
-41.5
-8.0
-22.0
-24.0
-61.0
-46.0
-45.0
-1.0
-53.0
-77.0
-55.0
-120.0
-45.24000000000001
-151.0
-64.0
-94.0
-737.0
-157.88
-247.0
-44.0
-90.88
-6.0
-31.0
-3.230000000000018
-233.5
-26.0
-23.0
-40.0
-6.0
-24.0
-14.0
-42.04000000000002
-65.96000000000004
-43.0
-61.0
-655.0
-63.0
-66.0
-115.0
-116.0
-58.0
-56.0
-177.12
-29.0
-52.0
-4.0
-1.0
-16.27000000000001
-9.5
-1.0
-9.0
-28.0
-13.0
-23.0
-55.0
-11.0
-17.0
-23.0
-30.0
-131.0
-44.0
-61.0
-3.0
-37.0
-31.960000000000036
-71.15999999999997
-66.84000000000003
-634.48
-9.0
-17.0
-1.0
-13.240000000000009
-4.5
-8.0
-2.0
-360.0
-0.0
-45.0
-48.0
-3.079999999999984
-133.0
-77.0
-50.120000000000005
-85.27999999999997
-10.720000000000027
-840.28
-44.27999999999997
-53.0
-29.0
-24.879999999999995
-30.0
-25.0
-25.0
-409.0
-14.0
-6.75
-4.5
-1.0
-10.0
-36.0
-54.0
-65.0
-38.0
-167.0
-148.0
-27.0
-22.0
-36.0
-53.0
-41.0
-799.0
-90.0
-114.0
-36.0
-242.0
-29.0
-36.0
-33.0
-47.0
-7.884999999999991
-16.0
-32.0
-18.0
-48.0
-28.5
-45.0
-42.0
-13.5
-746.0
-15.0
-35.0
-9.0
-2.0
-9.0
-90.0
-4.0
-48.0
-78.0
-86.0
-69.0
-14.0
-17.0
-469.0
-17.085000000000008
-18.0
-14.0
-15.0
-16.0
-23.0
-10.0
-8.0
-12.0
-11.0
-23.0
-3.0
-16.0
-11.0
-11.0
-6.0
-4.0
-19.0
-4.0
-11.0
-21.0
-1.5
-12.0
-30.0
-8.085000000000008
-23.0
-795.0
-13.0
-36.0
-9.0
-26.0
-643.0
-191.56
-291.55999999999995
-33.0
-76.0
-40.120000000000005
-1.0
-1.0
-10.0
-0.0
-85.0
-648.0
-405.0
-21.0
-59.0
-36.0
-3.0
-235.885
-17.0
-3.0
-5.0
-15.0
-7.0
-1.0
-37.0
-2.0
-43.0
-60.0
-14.0
-33.120000000000005
-55.0
-1.0
-457.0
-17.0
-80.0
-28.0
-28.0
-159.0
-156.0
-39.0
-524.0
-7.884999999999991
-29.5
-25.0
-14.0
-14.0
-21.0
-15.0
-10.0
-486.0
-149.0
-48.0
-23.0
-85.0
-82.0
-678.32
-106.32000000000005
-5.600000000000023
-55.559999999999945
-38.440000000000055
-7.560000000000002
-66.92000000000002
-194.8
-3.920000000000016
-38.5
-7.884999999999991
-11.5
-31.0
-34.5
-6.0
-21.0
-17.5
-615.0
-8.160000000000025
-37.15999999999997
-63.91999999999996
-28.0
-83.91999999999996
-118.08000000000004
-10.159999999999968
-28.960000000000036
-41.24000000000001
-44.24000000000001
-48.75999999999999
-83.88
-396.24
-65.63999999999999
-7.0400000000000205
-4.0
-7.884999999999991
-3.5
-7.5
-12.5
-38.0
-19.0
-17.0
-24.0
-10.0
-248.0
-22.0
-12.0
-29.0
-112.0
-24.0
-153.0
-23.0
-63.0
-106.0
-29.0
-352.0
-36.0
-35.0
-217.0
-7.115000000000009
-15.5
-9.0
-4.0
-6.0
-3.0
-3.0
-11.0
-78.0
-21.0
-27.0
-54.0
-49.0
-8.0
-6.0
-23.0
-25.0
-14.5
-27.0
-8.0
-2.0
-2.0
-0.0
-810.0
-17.085000000000008
-3.5
-10.0
-7.0
-3.0
-20.0
-21.0
-7.0
-28.0
-20.0
-26.72
-40.5
-44.72000000000003
-17.720000000000027
-19.28
-19.720000000000027
-17.72
-11.5
-1.0
-8.0
-2.5
-0.5
-18.5
-7.0
-4.085000000000008
-22.5
-22.5
-10.0
-12.0
-8.0
-17.28
-58.27999999999997
-115.27999999999997
-33.27999999999997
-43.72000000000003
-71.72000000000003
-47.27999999999997
-17.120000000000005
-73.0
-25.0
-19.0
-0.0
-54.0
-99.0
-33.68000000000001
-68.80000000000001
-42.68000000000001
-9.0
-154.02
-11.5
-6.0
-3.0
-0.5
-3.0
-17.0
-22.0
-9.0
-39.0
-31.0
-7.0
-17.0
-73.0
-9.0
-62.0
-7.0
-23.0
-46.0
-66.0
-11.0
-40.0
-118.0
-8.0
-2.4550000000000125
-2.5
-2.0
-5.0
-5.0
-3.5
-17.5
-18.5
-41.0
-22.0
-30.0
-30.0
-4.0
-13.120000000000005
-9.0
-9.0
-37.0
-3.1200000000000045
-255.0
-108.0
-14.0
-20.0
-0.0
-12.0
-471.07
-18.0
-2.0
-80.0
-7.0
-8.0
-7.0
-12.0
-7.0
-431.0
-2.0
-17.0
-868.0
-71.0
-16.0
-75.0
-6.0
-109.0
-37.0
-115.08000000000004
-74.0
-60.0
-169.0
-12.0
-3.0200000000000102
-7.0
-4.0
-501.0
-398.0
-4.5
-23.0
-96.0
-41.0
-32.0
-40.0
-8.919999999999959
-65.0
-39.0
-28.0
-342.0
-11.120000000000005
-80.0
-1.0
-28.0
-58.0
-33.0
-12.0
-43.0
-2.930000000000007
-35.5
-7.0
-17.0
-11.0
-2.0
-25.0
-0.0
-90.0
-33.0
-76.0
-16.0
-70.0
-13.0
-38.839999999999975
-761.1600000000001
-56.31999999999999
-14.5
-2.0
-82.0
-21.0
-303.0
-7.0
-3.0
-60.0
-49.0
-1.0
-18.0
-34.0
-26.0
-0.0
-49.0
-36.0
-212.0
-13.120000000000005
-50.0
-33.0
-18.0
-1.420000000000016
-593.0
-13.0
-1.0
-68.0
-41.0
-61.0
-24.0
-61.0
-25.0
-103.0
-525.08
-8.0
-47.0
-704.0
-8.0
-46.0
-54.0
-111.0
-100.0
-5.0
-58.0
-13.0
-1.0
-1.420000000000016
-1.0
-17.0
-411.0
-6.0
-15.0
-28.0
-6.0
-128.0
-32.0
-9.0
-4.0
-73.0
-71.0
-68.04000000000002
-682.96
-59.0
-63.0
-47.0
-18.0
-3.0
-6.0
-653.0
-51.0
-3.4099999999999966
-8.0
-6.0
-6.0
-24.0
-8.0
-1.0
-20.0
-23.0
-11.0
-47.0
-13.0
-38.0
-2.0
-23.0
-56.51999999999998
-36.51999999999998
-62.0
-29.0
-10.0
-163.0
-2.0
-19.0
-27.0
-7.590000000000003
-25.0
-55.0
-314.0
-6.0
-13.0
-12.0
-6.0
-149.0
-20.0
-15.120000000000005
-43.879999999999995
-17.0
-98.0
-25.0
-12.0
-145.0
-23.0
-71.0
-3.0
-24.0
-8.0
-26.0
-10.0
-2.8600000000000136
-6.0
-609.0
-20.0
-7.0
-11.0
-517.0
-25.0
-3.0
-60.0
-184.0
-48.0
-87.0
-125.0
-36.0
-8.0
-110.0
-50.0
-27.0
-52.0
-29.0
-68.0
-1.8799999999999955
-42.0
-10.664999999999992
-1.0
-4.0
-15.0
-22.0
-3.0
-10.0
-38.0
-9.0
-136.0
-11.0
-758.0
-11.0
-638.0
-41.0
-22.0
-38.91999999999996
-9.0
-34.0
-95.0
-10.0
-42.0
-31.0
-14.0
-8.664999999999992
-18.0
-1.0
-9.0
-15.0
-7.0
-69.0
-40.0
-17.0
-54.67999999999995
-6.67999999999995
-64.0
-37.0
-112.0
-44.0
-20.0
-106.88
-27.0
-455.0
-81.0
-465.0
-9.0
-413.0
-4.0
-8.664999999999992
-2.0
-304.0
-13.0
-16.0
-28.0
-33.0
-8.0
-33.0
-34.0
-335.12
-63.0
-15.0
-10.0
-95.0
-52.0
-81.0
-72.0
-41.0
-105.0
-14.0
-29.0
-8.0
-49.0
-8.664999999999992
-9.0
-28.0
-38.0
-24.0
-35.0
-297.0
-28.0
-44.0
-18.0
-801.0
-30.0
-11.0
-13.0
-12.0
-27.0
-9.0
-15.0
-7.0
-39.0
-427.0
-17.0
-100.0
-37.0
-35.59
-16.0
-6.0
-2.0
-705.0
-3.0
-5.0
-32.0
-25.0
-19.0
-2.0
-52.0
-25.0
-10.0
-7.0
-22.0
-745.0
-23.0
-5.0
-17.0
-4.0
-4.0
-40.0
-13.0
-9.590000000000003
-15.0
-11.0
-8.0
-45.0
-10.0
-14.0
-417.0
-68.0
-82.0
-25.0
-60.0
-36.0
-6.080000000000041
-16.0
-29.0
-640.0
-44.0
-20.879999999999995
-31.0
-30.0
-41.0
-12.0
-43.0
-8.664999999999992
-601.0
-78.0
-35.0
-21.0
-25.0
-24.0
-26.0
-6.0
-8.0
-74.0
-50.0
-6.0
-97.0
-720.08
-579.0
-60.0
-66.0
-76.0
-59.0
-60.0
-90.0
-241.0
-706.0
-2.335000000000008
-9.5
-6.0
-0.0
-13.0
-411.0
-66.0
-64.0
-31.0
-1.1200000000000045
-36.0
-76.0
-62.0
-61.0
-24.120000000000005
-28.0
-35.0
-75.0
-77.0
-106.0
-26.0
-36.0
-28.0
-10.0
-9.189999999999998
-8.0
-8.0
-7.0
-18.0
-22.0
-2.0
-14.0
-22.0
-169.0
-36.0
-16.0
-25.0
-244.0
-38.0
-308.12
-39.0
-36.0
-13.0
-132.0
-39.0
-69.80000000000001
-69.0
-4.0
-15.875
-1.0
-11.0
-4.0
-10.0
-18.0
-2.0
-6.0
-23.0
-460.0
-33.0
-17.0
-64.0
-29.0
-62.0
-41.0
-56.0
-30.0
-14.0
-77.0
-10.0
-70.12
-19.0
-9.0
-0.060000000000002274
-7.0
-14.0
-5.0
-25.0
-8.0
-6.0
-150.0
-73.0
-176.0
-417.0
-277.0
-59.0
-109.0
-91.0
-52.0
-68.0
-74.12
-84.0
-34.0
-66.0
-13.0
-5.0
-35.0
-9.590000000000003
-5.0
-30.0
-32.0
-3.0
-1.0
-10.0
-41.0
-10.0
-35.0
-1.0
-6.0
-21.0
-37.0
-15.0
-0.0
-5.0
-9.0
-7.0
-645.0
-19.0
-688.0
-11.0
-24.0
-13.590000000000003
-4.0
-13.0
-423.0
-21.0
-13.0
-15.0
-25.0
-143.0
-66.0
-28.0
-2.0
-44.0
-22.0
-33.0
-14.0
-1.0
-3.0
-36.879999999999995
-37.0
-22.0
-49.0
-22.0
-24.0
-2.9099999999999966
-1.0
-98.0
-7.0
-20.0
-31.0
-4.0
-15.0
-22.0
-58.0
-19.0
-15.120000000000005
-128.0
-7.8799999999999955
-5.0
-27.0
-17.0
-9.0
-132.0
-227.0
-6.0
-39.0
-0.0
-8.0
-5.569999999999993
-2.0
-10.0
-4.0
-12.0
-4.0
-16.0
-460.0
-117.0
-42.0
-36.0
-12.0
-625.0
-10.0
-26.0
-1.0
-15.0
-26.0
-138.0
-82.0
-30.0
-5.0
-8.0
-119.0
-3.0500000000000114
-9.0
-832.0
-13.0
-3.0
-11.0
-3.0
-24.0
-136.0
-433.0
-63.879999999999995
-178.0
-1.0
-56.0
-3.0
-7.0
-11.0
-17.0
-27.120000000000005
-48.0
-58.0
-25.0
-24.0
-33.0
-14.080000000000013
-7.0
-4.0
-9.0
-30.0
-4.0
-3.0
-4.0
-86.0
-25.0
-36.120000000000005
-52.0
-57.0
-84.0
-30.0
-15.0
-56.0
-10.0
-65.0
-4.0
-11.0
-19.0
-1.0
-39.0
-26.409999999999997
-37.0
-3.0
-37.0
-2.0
-7.0
-36.0
-9.0
-290.0
-51.0
-72.0
-30.0
-30.0
-14.0
-4.0
-2.0
-13.0
-2.1200000000000045
-114.0
-67.0
-22.0
-40.0
-6.0
-16.0
-661.59
-5.0
-24.0
-20.5
-22.5
-29.0
-25.5
-1.0
-17.0
-33.06
-70.36000000000001
-40.80000000000001
-72.48000000000002
-72.48000000000002
-21.480000000000018
-41.48000000000002
-51.48000000000002
-10.480000000000018
-51.0
-10.0
-2.0
-34.0
-9.0
-34.0
-11.590000000000003
-4.0
-5.0
-5.0
-0.0
-13.0
-14.0
-28.0
-123.0
-213.0
-242.0
-412.0
-24.0
-22.08000000000004
-45.0
-311.0
-14.0
-52.0
-2.0
-16.0
-33.0
-10.0
-56.0
-102.0
-60.59
-26.0
-9.0
-555.0
-2.0
-22.0
-12.0
-18.0
-160.0
-31.0
-336.0
-15.919999999999959
-98.0
-43.0
-14.0
-50.0
-32.0
-12.0
-135.0
-70.12
-82.0
-20.0
-25.0
-163.0
-17.409999999999997
-8.0
-20.0
-731.0
-0.0
-88.0
-1.0
-46.0
-0.0
-214.0
-39.0
-34.0
-273.0
-107.0
-32.0
-5.0
-13.0
-277.0
-8.0
-439.79999999999995
-57.0
-46.0
-29.0
-7.0
-440.59000000000003
-729.0
-30.0
-8.0
-19.0
-505.0
-21.0
-20.0
-21.0
-28.0
-703.0
-42.0
-96.0
-41.0
-30.0
-38.0
-104.0
-73.0
-54.0
-83.0
-24.0
-54.0
-41.0
-16.0
-7.409999999999997
-29.0
-6.0
-2.0
-25.0
-7.0
-22.0
-20.0
-159.0
-13.0
-38.120000000000005
-35.120000000000005
-46.0
-52.0
-23.0
-1.0
-138.0
-22.0
-74.0
-9.0
-49.0
-46.0
-0.0
-672.0
-3.5900000000000034
-0.0
-19.0
-12.0
-14.0
-8.0
-4.0
-22.0
-171.0
-41.120000000000005
-35.0
-13.0
-100.0
-16.519999999999982
-117.75999999999999
-625.0
-60.0
-48.0
-11.0
-29.0
-30.0
-343.0
-11.0
-8.0
-26.409999999999997
-51.0
-64.0
-79.0
-45.0
-63.0
-73.0
-19.0
-5.0
-9.0
-56.0
-27.0
-65.0
-22.0
-0.960000000000008
-38.04000000000002
-41.0
-6.0
-17.0
-17.0
-4.0
-2.0
-16.0
-17.0
-13.590000000000003
-7.0
-356.0
-1.0
-7.0
-1.0
-13.0
-18.0
-190.0
-232.0
-12.0
-48.0
-736.0
-46.0
-20.0
-40.0
-143.12
-142.0
-82.0
-81.0
-53.0
-56.0
-60.0
-4.0
-213.59
-6.0
-28.0
-21.0
-26.0
-9.0
-11.0
-28.0
-14.0
-40.0
-35.0
-2.0
-280.0
-49.879999999999995
-4.0
-8.0
-8.0
-16.0
-91.0
-357.12
-15.0
-29.0
-31.0
-353.0
-767.59
-22.0
-38.0
-34.0
-13.0
-12.0
-9.0
-43.0
-21.0
-0.0
-1.0
-29.0
-64.0
-22.960000000000036
-12.960000000000036
-2.0
-16.0
-20.0
-64.0
-14.0
-36.0
-10.0
-19.0
-43.0
-33.41
-8.0
-368.0
-10.0
-12.0
-805.0
-42.0
-4.0
-32.0
-33.0
-159.0
-12.0
-56.0
-31.0
-51.120000000000005
-6.0
-10.0
-27.879999999999995
-258.0
-29.879999999999995
-195.0
-62.0
-0.0
-20.0
-3.5900000000000034
-802.0
-33.0
-39.0
-23.0
-532.0
-9.0
-2.0
-158.0
-76.0
-9.0
-12.0
-93.0
-30.0
-16.0
-37.0
-6.080000000000041
-24.879999999999995
-90.0
-44.0
-67.88
-5.0
-30.0
-11.0
-26.409999999999997
-15.0
-14.0
-11.0
-27.0
-28.0
-12.0
-19.0
-143.0
-13.0
-560.0
-71.0
-76.0
-43.0
-71.0
-84.0
-61.0
-74.0
-15.0
-9.0
-20.0
-29.0
-52.0
-6.0
-19.590000000000003
-397.0
-18.0
-6.0
-15.0
-34.0
-38.0
-9.0
-5.0
-7.0
-17.0
-52.0
-19.0
-5.0
-16.0
-18.0
-21.0
-23.0
-38.0
-729.5
-22.0
-29.0
-15.0
-31.0
-673.59
-42.0
-22.0
-1.0
-2.0
-7.0
-28.0
-10.0
-31.0
-6.0
-9.0
-1.0
-17.039999999999992
-6.0
-2.0
-17.0
-11.0
-21.0
-0.0
-6.5
-19.0
-1.0
-820.0
-31.0
-848.59
-35.0
-15.0
-8.0
-6.0
-9.0
-11.0
-5.0
-190.0
-90.0
-549.0
-12.0
-66.0
-56.0
-25.0
-13.0
-15.0
-43.91999999999996
-61.0
-78.0
-23.0
-32.0
-54.0
-20.0
-7.409999999999997
-0.0
-9.0
-12.0
-4.0
-444.0
-249.0
-202.0
-17.0
-104.84000000000003
-12.039999999999964
-11.840000000000032
-108.84000000000003
-11.159999999999968
-54.84000000000003
-8.279999999999973
-61.639999999999986
-49.639999999999986
-147.64
-104.63999999999999
-20.639999999999986
-16.639999999999986
-0.0
-8.0
-203.0
-8.0
-37.0
-4.0
-18.0
-18.0
-11.0
-51.0
-3.0
-3.0
-32.0
-12.0
-22.0
-23.939999999999998
-20.0
-4.0
-4.0
-3.0
-18.0
-3.0
-6.0
-141.0
-31.519999999999982
-51.48000000000002
-735.52
-312.52
-19.480000000000018
-0.5199999999999818
-468.0
-16.0
-550.0
-111.0
-85.0
-3.0
-37.0
-11.0
-63.0
-29.430000000000007
-5.0
-0.0
-3.0
-21.0
-7.0
-31.0
-2.0
-45.0
-22.0
-41.0
-26.0
-24.0
-29.960000000000036
-26.960000000000036
-21.840000000000032
-36.15999999999997
-54.15999999999997
-122.84000000000003
-364.16
-83.83999999999997
-46.0
-611.0
-56.0
-13.430000000000007
-24.0
-4.0
-15.0
-6.0
-24.0
-7.0
-97.0
-7.0
-79.0
-2.0
-36.0
-14.0
-94.0
-42.0
-2.0
-30.0
-47.0
-285.0
-35.0
-38.0
-14.0
-107.0
-12.0
-23.569999999999993
-1.0
-19.0
-19.0
-2.0
-16.0
-3.0
-3.0
-8.0
-19.0
-2.0
-63.0
-20.0
-38.0
-37.0
-80.0
-18.0
-79.0
-72.0
-91.0
-37.0
-108.0
-74.0
-15.0
-192.57
-15.5
-429.0
-5.5
-17.5
-11.5
-4.0
-33.5
-27.0
-16.5
-75.0
-52.0
-743.5
-8.0
-17.0
-289.0
-23.5
-31.039999999999992
-20.0
-3.0
-2.0
-24.0
-7.0
-5.0
-17.939999999999998
-12.0
-7.0
-18.0
-67.0
-18.0
-83.0
-103.5
-5.0
-5.0
-18.0
-10.0
-14.0
-8.0
-657.0
-21.0
-8.0
-16.0
-15.0
-7.0
-14.0
-11.0
-3.0
-23.0
-8.060000000000002
-527.0
-12.0
-23.0
-12.5
-17.5
-13.0
-564.0
-21.0
-54.0
-48.0
-6.5
-13.560000000000002
-11.0
-14.0
-44.0
-2.0
-45.0
-13.0
-27.0
-24.0
-14.0
-7.0
-16.0
-8.060000000000002
-12.0
-9.0
-19.0
-26.0
-9.0
-7.0
-17.0
-151.0
-44.0
-31.0
-23.559999999999945
-1.4400000000000546
-5.0
-600.0
-26.0
-42.0
-17.0
-123.0
-63.0
-27.0
-1.0
-31.0
-30.0
-29.430000000000007
-5.0
-11.0
-7.0
-24.0
-39.0
-12.0
-8.0
-65.0
-48.0
-34.0
-3.0
-477.0
-31.0
-31.0
-10.0
-22.0
-29.0
-46.0
-85.0
-8.0
-9.0
-67.0
-14.0
-23.569999999999993
-17.0
-19.0
-23.0
-1.0
-14.0
-22.0
-12.0
-1.0
-17.0
-36.0
-42.0
-35.0
-14.0
-13.0
-12.0
-42.559999999999945
-47.559999999999945
-71.0
-62.0
-18.0
-307.0
-52.0
-43.0
-12.430000000000007
-2.0
-10.0
-7.0
-11.0
-15.0
-78.0
-12.0
-12.0
-29.0
-89.0
-14.0
-49.0
-21.0
-33.0
-34.0
-25.0
-50.0
-85.0
-57.0
-34.0
-2.0
-84.0
-1.0
-23.569999999999993
-11.0
-7.0
-7.0
-1.0
-13.0
-102.0
-141.0
-14.0
-31.0
-68.0
-34.0
-71.0
-57.0
-1.0
-4.0
-51.0
-22.0
-28.0
-46.0
-496.0
-13.95999999999998
-19.95999999999998
-2.0
-23.569999999999993
-17.0
-838.0
-4.0
-9.0
-17.0
-2.0
-3.0
-136.0
-502.0
-57.0
-22.0
-13.0
-4.0
-70.0
-12.0
-32.0
-1.0
-46.0
-33.0
-11.0
-5.0
-554.0
-16.0
-17.939999999999998
-36.0
-12.0
-2.0
-3.0
-10.0
-14.0
-5.0
-13.0
-16.0
-29.0
-34.0
-616.0
-74.0
-9.0
-3.0
-26.0
-73.0
-3.0
-5.0
-35.0
-12.0
-4.0
-12.0
-8.060000000000002
-4.0
-56.0
-65.0
-68.0
-354.5
-66.0
-52.0
-206.0
-8.0
-62.0
-31.0
-56.0
-19.0
-63.0
-33.0
-5.0
-55.0
-62.0
-5.0
-30.0
-25.0
-5.0
-47.0
-34.56999999999999
-3.0
-14.0
-14.0
-4.0
-10.0
-315.0
-28.0
-12.0
-18.0
-38.0
-59.0
-115.0
-51.0
-100.0
-93.0
-411.0
-54.0
-57.0
-30.0
-87.0
-32.0
-16.0
-663.0
-29.430000000000007
-45.0
-28.0
-17.0
-47.0
-11.0
-4.0
-30.0
-62.0
-35.0
-27.0
-6.0
-84.55999999999995
-63.559999999999945
-558.0
-51.0
-55.0
-61.0
-97.0
-45.0
-16.0
-282.0
-19.0
-46.0
-668.5699999999999
-619.0
-17.0
-581.0
-25.0
-3.0
-28.0
-42.0
-119.0
-43.0
-71.0
-127.0
-86.0
-13.0
-7.0
-798.0
-55.0
-77.0
-86.0
-78.0
-14.0
-196.0
-40.0
-1.0
-12.430000000000007
-12.0
-20.0
-6.0
-2.0
-11.0
-0.0
-11.0
-108.0
-38.0
-398.0
-63.0
-84.0
-3.0
-22.0
-6.0
-3.0
-28.0
-172.0
-7.0
-154.0
-39.0
-648.0
-3.0
-34.56999999999999
-23.0
-35.0
-32.0
-20.0
-33.0
-23.0
-50.0
-58.0
-37.0
-33.0
-92.0
-62.0
-66.0
-66.0
-274.0
-36.0
-70.0
-47.0
-29.0
-58.0
-51.0
-25.0
-21.0
-64.94
-15.0
-31.0
-44.0
-15.0
-46.0
-7.0
-1.0
-22.0
-660.0
-32.0
-17.0
-28.0
-33.0
-18.0
-21.0
-48.0
-16.0
-38.0
-51.0
-23.0
-358.0
-6.0
-1.0
-8.060000000000002
-2.0
-13.0
-9.0
-16.0
-4.0
-4.0
-75.0
-184.0
-10.0
-51.0
-92.0
-49.0
-25.0
-77.0
-26.0
-40.0
-30.0
-22.0
-61.0
-2.0
-47.0
-29.0
-23.0
-0.4300000000000068
-1.0
-1.0
-7.0
-5.0
-11.0
-179.0
-15.0
-157.0
-26.0
-85.0
-3.0
-11.0
-14.0
-64.0
-68.0
-47.0
-22.0
-99.0
-68.0
-30.0
-29.0
-30.0
-12.0
-36.56999999999999
-3.0
-21.0
-146.0
-16.0
-13.0
-25.0
-40.0
-13.0
-8.0
-25.0
-12.0
-57.0
-13.0
-62.0
-9.0
-54.0
-32.0
-116.0
-37.0
-17.0
-12.0
-456.0
-34.0
-23.569999999999993
-31.0
-20.0
-7.0
-28.0
-29.0
-37.0
-19.0
-51.04000000000002
-62.960000000000036
-11.0
-27.0
-82.0
-16.0
-656.0
-2.0
-55.0
-135.0
-14.0
-114.0
-50.0
-22.0
-12.0
-26.0
-224.57
-17.0
-4.0
-2.0
-8.0
-6.0
-15.0
-333.0
-46.0
-28.0
-33.0
-30.0
-34.0
-20.0
-31.0
-25.0
-14.0
-8.0
-270.0
-70.0
-25.0
-6.0
-44.0
-39.0
-33.43000000000001
-1.0
-13.0
-1.0
-381.0
-12.0
-7.0
-0.0
-172.0
-53.0
-67.56
-60.56
-61.0
-29.0
-60.0
-75.0
-312.0
-76.0
-45.0
-30.0
-5.0
-1.0
-28.0
-31.0
-29.939999999999998
-43.0
-24.0
-13.0
-2.0
-7.0
-43.0
-68.0
-136.0
-29.0
-94.0
-24.0
-88.0
-34.0
-62.0
-76.0
-51.0
-61.0
-71.0
-14.0
-18.0
-11.0
-4.0
-10.0
-36.94
-675.0
-5.0
-39.0
-29.0
-33.0
-7.0
-4.0
-2.0
-95.0
-75.0
-629.0
-63.0
-42.0
-69.0
-13.0
-22.0
-6.0
-301.0
-377.0
-16.0
-12.0
-7.0
-320.0
-0.4300000000000068
-26.0
-20.0
-144.0
-151.0
-149.0
-152.0
-125.0
-675.0
-42.0
-1.0
-97.0
-42.0
-13.0
-107.0
-114.0
-119.0
-58.0
-316.0
-45.0
-21.0
-25.0
-23.0
-11.0
-36.56999999999999
-9.0
-8.0
-24.0
-11.0
-6.0
-15.0
-16.0
-46.0
-45.0
-546.0
-40.0
-162.0
-1.0
-35.0
-12.0
-48.0
-66.0
-35.0
-38.0
-19.0
-34.0
-9.0
-3.0
-21.430000000000007
-12.0
-1.0
-432.0
-472.0
-11.0
-4.0
-24.0
-79.0
-70.0
-466.0
-93.0
-74.0
-278.0
-27.0
-10.0
-32.0
-29.0
-22.0
-29.0
-37.0
-19.0
-13.0
-21.0
-0.4300000000000068
-9.0
-18.0
-9.0
-9.0
-20.0
-5.0
-21.0
-83.0
-67.0
-11.0
-76.0
-65.0
-99.0
-27.0
-37.0
-308.0
-77.0
-260.0
-67.0
-35.0
-83.0
-10.0
-1.0
-0.4300000000000068
-15.0
-1.0
-37.0
-20.0
-9.0
-0.0
-10.0
-302.0
-46.0
-122.0
-128.0
-111.0
-60.0
-38.0
-46.0
-659.0
-20.0
-93.0
-48.0
-20.0
-14.0
-3.0
-16.0
-16.939999999999998
-23.0
-7.0
-11.0
-1.0
-30.0
-9.0
-25.0
-39.0
-437.0
-82.56
-44.56
-46.0
-55.0
-43.0
-11.0
-43.0
-34.0
-32.0
-108.0
-19.0
-2.0
-24.0
-21.0
-2.9399999999999977
-23.0
-1.0
-13.0
-21.0
-13.0
-1.0
-35.0
-147.0
-197.0
-35.0
-90.0
-59.0
-291.0
-34.0
-34.0
-48.0
-78.0
-279.0
-176.0
-41.0
-23.0
-47.0
-11.0
-0.4300000000000068
-8.0
-400.0
-15.0
-23.0
-7.0
-19.0
-12.0
-102.0
-293.0
-234.0
-497.0
-146.0
-132.0
-48.0
-63.0
-98.0
-412.0
-46.0
-40.0
-68.0
-17.0
-46.0
-3.0
-0.4300000000000068
-11.0
-3.0
-3.0
-0.0
-27.0
-0.0
-40.0
-107.0
-26.0
-126.0
-150.0
-195.0
-136.0
-30.0
-30.0
-480.0
-87.0
-34.0
-12.0
-48.0
-29.0
-34.0
-13.0
-23.569999999999993
-3.0
-9.0
-11.0
-258.0
-4.0
-4.0
-21.0
-150.0
-354.0
-88.96000000000004
-74.96000000000004
-146.0
-73.0
-107.0
-144.0
-186.0
-193.0
-24.0
-64.0
-8.0
-69.0
-17.0
-49.0
-43.43000000000001
-36.0
-14.0
-36.0
-16.0
-31.0
-9.0
-576.0
-93.0
-180.0
-8.0
-159.0
-34.0
-31.0
-20.0
-17.0
-355.0
-43.0
-135.0
-20.0
-110.0
-499.0
-8.0
-2.0
-43.43000000000001
-8.0
-424.0
-0.0
-17.0
-1.0
-12.0
-8.0
-81.0
-93.0
-163.0
-284.0
-70.0
-50.0
-17.0
-52.0
-12.0
-7.0
-23.0
-52.0
-602.0
-10.0
-39.0
-50.0
-18.430000000000007
-11.0
-26.0
-60.0
-61.0
-70.44
-65.44
-58.0
-17.0
-14.0
-0.4300000000000068
-7.0
-29.0
-1.0
-55.0
-9.0
-17.0
-69.0
-34.0
-19.0
-2.0
-32.0
-0.0
-732.0
-642.0
-32.56
-82.0
-108.0
-39.0
-60.0
-63.0
-389.0
-44.0
-44.0
-419.65999999999997
-40.5
-43.5
-58.0
-40.0
-53.5
-44.0
-27.0
-19.0
-15.0
-17.0
-149.0
-45.0
-43.0
-651.0
-31.0
-26.0
-14.0
-26.0
-17.0
-3.0
-6.0
-6.0
-0.0
-27.659999999999997
-18.0
-0.0
-3.0
-15.0
-21.5
-29.0
-1.0
-40.0
-5.0
-120.0
-40.0
-75.0
-79.0
-13.0
-22.0
-9.0
-10.0
-26.0
-183.0
-23.0
-32.0
-17.0
-16.0
-0.4300000000000068
-15.0
-24.0
-12.0
-34.0
-58.0
-16.0
-28.0
-41.0
-57.0
-87.0
-56.0
-20.0
-19.0
-38.0
-18.0
-73.0
-37.0
-30.0
-68.0
-64.0
-7.0
-26.0
-1.0
-7.569999999999993
-794.0
-481.0
-4.0
-7.0
-18.0
-6.0
-19.0
-27.0
-43.0
-62.0
-46.0
-14.0
-19.0
-2.0
-12.0
-37.0
-63.0
-14.0
-200.0
-17.0
-2.0
-25.0
-12.0
-16.569999999999993
-8.5
-6.0
-3.0
-3.5
-12.0
-8.0
-17.5
-10.480000000000018
-67.50999999999999
-33.0
-3.0
-24.0
-2.0
-17.0
-32.0
-44.0
-32.0
-18.0
-53.0
-0.0
-15.0
-211.0
-13.0
-0.4300000000000068
-3.5
-0.0
-9.0
-2.0
-4.0
-4.0
-23.0
-336.0
-59.0
-56.039999999999964
-5.960000000000036
-29.0
-29.0
-154.0
-10.0
-2.0
-88.0
-1.0
-104.0
-34.0
-11.0
-38.0
-4.0
-16.569999999999993
-28.5
-9.0
-10.0
-6.0
-10.0
-52.5
-65.5
-9.0
-63.0
-56.0
-70.0
-67.0
-83.0
-81.0
-50.0
-117.0
-70.0
-93.0
-17.0
-96.0
-108.0
-133.0
-20.0
-27.659999999999997
-13.5
-34.0
-17.0
-31.0
-22.0
-3.0
-32.5
-15.0
-746.0
-648.0
-8.0
-6.0
-2.0
-19.0
-10.480000000000018
-8.480000000000018
-11.0
-5.0
-17.0
-31.0
-8.0
-21.0
-532.0
-27.659999999999997
-28.0
-11.0
-29.0
-28.0
-18.0
-499.0
-16.0
-49.0
-22.0
-90.0
-19.0
-13.0
-76.0
-278.0
-73.0
-52.0
-30.0
-76.0
-161.0
-2.0
-19.0
-52.0
-28.0
-0.4300000000000068
-19.0
-5.0
-7.0
-265.0
-4.0
-0.0
-36.0
-143.0
-62.0
-33.0
-23.0
-194.0
-29.0
-72.0
-43.0
-36.0
-7.0
-145.0
-84.0
-27.0
-6.0
-13.0
-10.0
-16.569999999999993
-2.0
-20.0
-184.0
-0.0
-9.0
-4.0
-34.0
-24.0
-34.0
-36.0
-5.0
-12.0
-49.0
-22.0
-14.0
-12.0
-38.0
-27.0
-87.0
-89.0
-15.0
-13.0
-16.0
-0.4300000000000068
-20.0
-7.0
-24.0
-754.0
-23.0
-24.0
-39.0
-29.0
-38.0
-8.0
-65.0
-7.0
-79.0
-78.0
-14.0
-161.0
-41.0
-41.0
-2.0
-67.0
-28.399999999999977
-16.0
-44.0
-0.4300000000000068
-35.0
-37.0
-11.0
-13.0
-25.0
-2.0
-23.0
-178.0
-12.0
-25.0
-21.0
-15.0
-30.0
-121.0
-12.0
-24.0
-42.0
-0.0
-24.0
-37.0
-22.0
-29.0
-409.0
-34.66
-2.0
-64.0
-6.0
-12.0
-28.0
-25.0
-745.0
-27.0
-41.0
-41.0
-10.0
-7.0
-20.0
-6.0
-32.0
-25.0
-9.0
-17.0
-109.0
-49.0
-3.0
-59.0
-5.5
-725.66
-10.0
-3.0
-6.0
-28.0
-26.5
-25.5
-20.0
-147.0
-17.0
-111.0
-7.0
-20.0
-46.0
-84.0
-50.0
-73.0
-39.0
-140.0
-26.0
-24.0
-12.0
-7.0
-16.0
-0.4300000000000068
-28.0
-608.0
-16.0
-10.0
-14.0
-4.0
-7.0
-64.0
-2.0
-403.0
-72.0
-53.0
-112.0
-320.0
-41.0
-42.0
-70.0
-59.0
-39.0
-19.0
-21.0
-43.0
-16.0
-0.4300000000000068
-5.0
-14.0
-12.0
-5.0
-30.0
-6.0
-21.0
-138.0
-28.0
-52.0
-38.0
-91.0
-26.0
-0.0
-22.0
-59.0
-75.0
-42.0
-305.0
-44.0
-0.0
-352.0
-1.0
-0.4300000000000068
-18.0
-7.0
-6.0
-21.0
-8.0
-0.0
-27.5
-20.560000000000002
-34.0
-58.0
-19.0
-19.0
-73.0
-28.0
-51.0
-57.0
-9.0
-0.0
-57.0
-1.0
-10.0
-50.0
-30.0
-0.4300000000000068
-7.0
-2.0
-9.0
-5.5
-22.0
-1.0
-14.0
-14.0
-28.0
-4.0
-2.0
-29.0
-43.0
-6.0
-16.0
-28.0
-634.0
-33.0
-69.0
-69.0
-44.0
-8.0
-25.0
-0.4300000000000068
-23.0
-10.0
-23.0
-40.0
-33.0
-33.0
-48.0
-29.0
-10.0
-34.0
-28.0
-48.0
-36.079999999999984
-83.07999999999998
-65.0
-76.0
-61.0
-8.0
-19.0
-25.0
-71.0
-28.0
-673.0
-91.66
-44.0
-62.0
-49.0
-53.0
-63.0
-55.0
-65.0
-25.0
-683.0
-16.0
-752.0
-25.0
-31.0
-21.0
-97.0
-11.0
-51.0
-20.0
-5.0
-11.0
-7.0
-23.0
-24.0
-68.66
-31.0
-859.0
-31.0
-38.0
-290.0
-29.0
-3.0
-117.0
-29.0
-10.0
-34.0
-13.0
-8.0
-22.0
-19.0
-43.0
-37.0
-25.0
-28.0
-19.0
-21.0
-5.0
-771.0
-0.4300000000000068
-26.0
-19.0
-7.0
-15.0
-30.0
-15.0
-17.0
-160.0
-33.0
-1.4800000000000182
-52.48000000000002
-1.4800000000000182
-30.480000000000018
-586.52
-4.480000000000018
-10.080000000000041
-11.919999999999959
-18.08000000000004
-71.08000000000004
-10.839999999999975
-4.160000000000025
-23.839999999999975
-4.0
-16.569999999999993
-17.0
-2.5
-676.5
-8.5
-7.0
-23.5
-12.5
-491.36
-267.67999999999995
-20.32000000000005
-10.32000000000005
-78.0
-474.0
-5.0
-21.0
-33.0
-57.0
-11.0
-4.0
-28.0
-32.0
-24.519999999999982
-36.51999999999998
-1.5699999999999932
-19.0
-71.0
-50.0
-5.0
-10.0
-3.5
-29.5
-33.0
-13.0
-266.0
-15.0
-18.0
-41.0
-29.0
-18.480000000000018
-9.480000000000018
-4.0
-47.0
-42.0
-26.0
-20.0
-12.0
-103.0
-140.57
-4.0
-296.0
-12.0
-3.0
-2.0
-0.5
-29.5
-29.0
-4.0
-31.0
-45.0
-14.0
-66.0
-36.0
-36.0
-40.0
-27.0
-22.0
-45.0
-42.0
-33.0
-22.0
-659.0
-1.5699999999999932
-15.0
-41.0
-47.0
-717.0
-48.0
-71.0
-21.0
-15.0
-18.0
-37.0
-310.0
-193.0
-273.0
-77.0
-12.0
-21.0
-20.0
-576.0
-234.0
-38.0
-1.0
-45.0
-8.0
-23.659999999999997
-1.5
-13.5
-363.5
-1.0
-7.5
-658.0
-39.0
-36.0
-0.0
-10.0
-3.0
-22.0
-20.0
-43.0
-766.0
-19.0
-5.0
-28.0
-19.0
-1.0
-3.0
-170.0
-15.0
-50.66
-10.0
-12.0
-16.0
-3.0
-4.0
-3.5
-631.5
-102.56
-126.0
-43.0
-30.0
-73.0
-37.0
-32.0
-10.0
-45.0
-58.0
-22.32000000000005
-19.319999999999993
-12.319999999999993
-17.0
-673.0
-9.0
-258.57
-4.0
-6.0
-437.5
-18.0
-80.0
-3.5
-4.0
-15.0
-43.0
-4.0
-38.0
-5.0
-406.0
-17.480000000000018
-29.519999999999982
-8.519999999999982
-16.480000000000018
-5.0
-36.0
-15.0
-50.920000000000016
-56.079999999999984
-1.0
-0.4300000000000068
-1.0
-5.0
-31.0
-10.0
-15.0
-7.0
-0.0
-34.0
-118.0
-18.0
-13.519999999999982
-7.519999999999982
-78.0
-13.0
-17.0
-9.0
-13.0
-34.0
-16.0
-13.0
-31.0
-2.0
-10.0
-38.0
-4.0
-1.0
-26.5
-24.5
-10.5
-28.0
-24.0
-17.0
-36.0
-227.0
-60.0
-0.0
-84.0
-16.0
-15.0
-57.0
-6.0
-26.0
-16.0
-56.0
-13.0
-35.0
-24.0
-43.06
-13.0
-4.0
-5.0
-18.0
-8.0
-63.0
-24.0
-6.0
-99.0
-47.0
-26.0
-15.0
-66.0
-1.0
-4.0
-18.0
-39.0
-27.0
-65.0
-66.0
-29.0
-22.0
-7.0
-43.06
-14.5
-6.5
-14.5
-46.0
-19.0
-54.0
-55.0
-41.0
-1.0
-11.0
-49.0
-10.0
-41.0
-35.0
-633.0
-27.0
-13.0
-5.0
-53.0
-6.0
-6.0
-44.0
-13.0
-447.16999999999996
-46.0
-26.0
-48.0
-36.0
-29.0
-47.0
-49.0
-42.0
-34.0
-44.0
-48.0
-53.0
-1.0
-89.0
-10.0
-16.0
-35.0
-18.0
-27.0
-45.0
-11.0
-18.0
-21.0
-20.63499999999999
-391.0
-2.0
-34.0
-23.960000000000008
-4.960000000000008
-3.5
-34.0
-91.0
-293.0
-160.0
-32.0
-118.0
-113.0
-13.0
-8.440000000000055
-47.440000000000055
-2.0
-116.0
-17.0
-83.0
-20.0
-4.0
-97.0
-43.06
-0.0
-23.0
-275.0
-51.0
-462.0
-21.0
-32.0
-131.0
-160.0
-45.0
-26.0
-92.0
-119.0
-194.0
-26.0
-10.0
-53.0
-28.0
-6.0
-45.0
-78.0
-11.0
-18.0
-73.06
-13.0
-25.0
-33.0
-25.0
-31.0
-10.0
-37.0
-34.0
-37.0
-297.0
-54.0
-80.0
-147.0
-6.0
-11.0
-38.0
-599.0
-38.0
-19.0
-67.0
-21.0
-14.0
-7.0
-48.06
-58.0
-571.0
-544.0
-56.0
-37.0
-25.0
-33.0
-20.0
-199.0
-10.0
-47.0
-1.0
-102.0
-8.0
-244.0
-78.0
-40.0
-19.0
-50.0
-18.0
-125.0
-40.0
-9.0
-37.06
-7.0
-24.0
-765.0
-15.0
-36.0
-38.0
-13.0
-62.0
-348.0
-21.0
-77.0
-117.0
-49.0
-29.0
-36.0
-72.0
-62.0
-192.0
-29.0
-113.0
-19.0
-44.0
-2.0
-22.060000000000002
-47.5
-49.0
-32.0
-25.5
-59.0
-21.0
-108.0
-65.0
-88.0
-65.0
-414.0
-14.0
-1.0
-52.0
-59.110000000000014
-19.060000000000002
-31.5
-25.0
-41.0
-24.5
-25.5
-28.5
-86.39999999999998
-58.39999999999998
-128.60000000000002
-177.39999999999998
-187.39999999999998
-322.6
-116.39999999999998
-91.60000000000002
-16.399999999999977
-136.39999999999998
-262.4
-91.60000000000002
-0.39999999999997726
-4.399999999999977
-35.60000000000002
-25.0
-62.110000000000014
-26.120000000000005
-29.0
-30.0
-40.0
-33.0
-26.0
-22.0
-17.0
-267.0
-71.0
-37.0
-13.0
-115.0
-61.0
-150.0
-29.0
-72.0
-52.0
-41.0
-38.0
-47.0
-14.0
-6.0
-62.110000000000014
-25.560000000000002
-33.0
-21.0
-19.0
-17.0
-58.5
-3.0
-50.0
-5.0
-196.0
-61.0
-63.0
-88.0
-145.0
-143.0
-14.0
-5.0
-55.0
-110.0
-35.0
-57.0
-78.0
-48.0
-38.110000000000014
-1.5600000000000023
-25.0
-20.0
-12.0
-27.0
-33.5
-57.0
-109.0
-251.0
-107.0
-66.0
-19.0
-157.0
-72.0
-18.0
-21.0
-11.0
-150.0
-66.0
-32.0
-3.0
-16.0
-10.0
-51.110000000000014
-23.0
-23.0
-19.0
-30.0
-33.0
-39.0
-25.0
-51.0
-39.0
-1.0
-38.0
-54.0
-41.0
-22.0
-13.560000000000002
-0.4399999999999977
-17.0
-7.0
-31.0
-51.0
-34.0
-30.0
-41.0
-76.15
-41.0
-70.0
-18.0
-577.0
-35.0
-39.0
-33.0
-48.0
-312.0
-76.0
-20.0
-1.0
-43.0
-66.0
-52.0
-6.0
-32.0
-23.0
-57.0
-53.5
-7.0
-30.0
-21.0
-33.63499999999999
-36.0
-24.0
-22.0
-35.0
-20.0
-39.0
-3.0
-7.0
-141.0
-176.0
-107.0
-84.0
-169.0
-200.0
-207.0
-194.0
-85.0
-95.0
-48.0
-107.0
-26.0
-11.0
-39.0
-40.110000000000014
-0.0
-3.0
-226.0
-2.0
-9.0
-17.0
-241.0
-163.0
-16.0
-68.0
-83.0
-65.0
-49.0
-57.0
-36.0
-22.0
-3.0
-43.0
-110.0
-32.0
-26.0
-55.0
-23.0
-84.11000000000001
-23.0
-15.0
-0.0
-24.0
-12.0
-24.0
-15.0
-113.0
-151.0
-81.0
-42.0
-33.0
-90.0
-39.0
-69.0
-33.0
-24.0
-72.0
-13.0
-11.0
-165.0
-637.0
-65.0
-97.11000000000001
-3.0
-11.0
-16.0
-25.0
-12.0
-15.0
-38.0
-23.0
-140.0
-22.91999999999996
-59.91999999999996
-73.0
-493.0
-62.0
-16.0
-35.0
-12.0
-42.0
-41.0
-32.0
-79.0
-19.0
-3.0
-694.11
-12.0
-11.0
-34.0
-10.0
-30.0
-23.0
-25.0
-39.0
-55.0
-121.0
-52.0
-44.0
-143.0
-70.44000000000005
-0.44000000000005457
-22.0
-21.0
-50.0
-27.0
-29.0
-23.0
-9.0
-595.0
-152.11
-1.0
-9.0
-25.0
-10.0
-44.0
-29.0
-49.0
-65.0
-36.0
-21.0
-5.0
-419.0
-101.0
-58.0
-79.0
-0.0
-12.0
-453.0
-61.0
-45.0
-11.0
-13.0
-9.0
-7.1200000000000045
-18.0
-39.0
-20.0
-528.0
-36.0
-22.0
-120.0
-137.0
-108.0
-32.0
-388.0
-68.0
-53.0
-176.0
-34.0
-38.0
-41.0
-35.0
-66.0
-28.0
-15.0
-33.0
-21.0
-27.120000000000005
-38.0
-21.0
-35.0
-31.0
-290.0
-28.0
-21.0
-63.0
-147.0
-172.03999999999996
-2.9600000000000364
-399.0
-50.0
-19.0
-9.0
-23.0
-6.0
-122.0
-14.0
-17.0
-6.0
-147.0
-9.0
-35.0
-30.0
-408.59000000000003
-16.0
-25.0
-6.0
-18.0
-20.0
-22.0
-18.0
-85.0
-111.0
-9.0
-34.0
-44.0
-29.0
-42.0
-85.0
-72.0
-36.0
-50.120000000000005
-158.0
-128.0
-58.0
-70.0
-96.0
-126.09
-37.0
-50.0
-45.0
-647.0
-69.0
-42.0
-53.0
-70.0
-58.0
-33.0
-10.120000000000005
-296.0
-170.12
-24.0
-205.0
-195.0
-169.0
-33.0
-180.0
-9.0
-56.0
-9.0
-27.0
-15.430000000000007
-5.0
-31.0
-20.0
-12.0
-20.0
-8.0
-1.0
-2.0
-43.0
-14.0
-7.0
-43.0
-7.0
-107.0
-35.0
-51.0
-651.0
-76.0
-219.0
-51.0
-22.0
-95.0
-39.0
-29.94999999999999
-9.0
-1.0
-3.0
-5.0
-13.0
-10.0
-13.0
-87.0
-4.0
-4.8799999999999955
-32.0
-60.0
-70.0
-103.0
-4.0
-8.0
-28.0
-27.120000000000005
-141.0
-99.0
-42.0
-2.0
-51.0
-43.91999999999999
-19.0
-8.0
-21.0
-5.0
-17.0
-4.0
-4.0
-97.0
-85.0
-35.879999999999995
-47.0
-45.0
-67.0
-33.0
-19.0
-8.0
-40.0
-25.0
-47.0
-33.0
-3.0
-33.0
-35.0
-31.409999999999997
-32.0
-1.0
-28.0
-6.0
-15.0
-31.0
-254.0
-16.0
-29.0
-39.0
-2.0
-10.0
-35.0
-27.0
-34.0
-15.0
-33.120000000000005
-4.0
-43.0
-7.0
-21.0
-273.0
-21.0
-8.590000000000003
-6.0
-25.0
-25.5
-1.5
-17.0
-24.5
-0.0
-70.0
-19.060000000000002
-23.360000000000014
-319.2
-391.52
-79.48000000000002
-62.48000000000002
-55.48000000000002
-65.48000000000002
-51.48000000000002
-36.0
-25.0
-2.0
-23.0
-2.0
-54.0
-8.409999999999997
-11.0
-2.0
-863.0
-7.0
-6.0
-39.0
-34.0
-124.0
-17.0
-239.0
-26.0
-24.0
-22.08000000000004
-53.0
-7.0
-14.0
-22.0
-29.0
-20.0
-322.0
-85.0
-12.0
-34.0
-31.409999999999997
-8.0
-5.0
-5.0
-6.0
-14.0
-15.0
-16.0
-155.0
-6.0
-52.0
-2.080000000000041
-1.0
-98.0
-61.0
-67.0
-47.0
-5.0
-54.0
-58.120000000000005
-57.0
-3.0
-8.0
-6.0
-120.41
-5.0
-7.0
-9.0
-16.0
-3.0
-15.0
-12.0
-33.0
-41.0
-61.0
-10.0
-460.0
-33.0
-37.0
-45.0
-26.0
-6.0
-118.0
-105.20000000000005
-0.0
-81.0
-4.0
-7.0
-31.409999999999997
-11.0
-18.0
-7.0
-6.0
-13.0
-6.0
-0.0
-148.0
-28.0
-15.0
-17.0
-3.0
-38.0
-7.0
-35.0
-68.0
-19.0
-171.0
-269.0
-45.0
-13.0
-13.0
-23.0
-14.409999999999997
-21.0
-7.0
-1.0
-631.0
-70.0
-23.0
-21.0
-47.0
-13.0
-27.120000000000005
-26.120000000000005
-15.0
-234.0
-29.0
-27.0
-9.0
-52.0
-9.0
-46.0
-62.0
-51.0
-8.0
-19.0
-31.409999999999997
-23.0
-7.0
-8.0
-15.0
-7.0
-12.0
-11.0
-16.0
-39.120000000000005
-14.0
-13.0
-47.0
-42.48000000000002
-31.24000000000001
-26.0
-12.0
-24.0
-25.0
-386.0
-32.0
-7.0
-6.0
-6.0
-43.59
-11.0
-21.0
-39.0
-2.0
-11.0
-16.0
-14.0
-5.0
-21.0
-572.0
-36.0
-53.0
-39.0
-22.039999999999992
-47.04000000000002
-49.0
-527.0
-26.0
-2.0
-1.0
-11.0
-3.0
-22.0
-8.590000000000003
-18.0
-1.0
-2.0
-4.0
-4.0
-7.0
-11.0
-98.0
-190.0
-31.0
-50.0
-18.0
-40.0
-89.0
-98.0
-53.120000000000005
-52.0
-63.0
-79.0
-145.0
-25.0
-62.0
-24.0
-31.409999999999997
-9.0
-31.0
-5.0
-32.0
-23.0
-826.0
-20.0
-81.0
-40.0
-32.0
-43.0
-52.0
-3.8799999999999955
-42.0
-1.0
-26.0
-22.0
-8.0
-143.12
-15.0
-46.0
-66.0
-27.0
-14.409999999999997
-4.0
-34.0
-16.0
-15.0
-10.0
-12.0
-3.0
-26.0
-0.0
-21.0
-27.0
-20.0
-29.960000000000036
-0.9600000000000364
-2.0
-30.0
-54.0
-88.0
-43.0
-21.0
-27.0
-9.0
-30.0
-31.409999999999997
-410.0
-409.0
-16.0
-7.0
-12.0
-29.0
-12.0
-37.0
-33.0
-35.0
-27.0
-13.0
-74.0
-9.879999999999995
-60.0
-28.0
-51.879999999999995
-96.0
-15.120000000000005
-3.0
-134.0
-25.0
-7.0
-31.409999999999997
-13.0
-27.0
-19.0
-47.0
-34.0
-74.0
-15.0
-153.0
-101.0
-9.0
-24.0
-59.0
-27.0
-11.0
-18.0
-8.080000000000041
-24.879999999999995
-397.0
-39.0
-111.88
-41.0
-16.0
-7.0
-52.41
-13.0
-12.0
-16.0
-22.0
-15.0
-13.0
-20.0
-35.0
-13.0
-697.0
-43.0
-48.0
-13.0
-43.0
-86.0
-33.0
-43.0
-8.0
-7.0
-10.0
-18.0
-2.0
-6.0
-43.59
-3.0
-8.0
-18.0
-10.0
-24.0
-3.0
-8.0
-4.0
-8.0
-315.0
-53.0
-647.0
-10.0
-34.0
-9.0
-22.0
-8.0
-7.0
-829.5
-28.0
-58.0
-1.0
-52.0
-27.590000000000003
-4.0
-7.0
-190.0
-1.0
-4.0
-29.0
-30.0
-22.0
-46.0
-32.0
-11.0
-27.039999999999992
-4.0
-0.0
-19.0
-10.0
-21.0
-2.0
-23.5
-23.0
-24.0
-4.0
-18.0
-18.590000000000003
-22.0
-2.0
-5.0
-19.0
-7.0
-2.0
-15.0
-170.0
-51.0
-42.0
-406.0
-66.0
-60.0
-35.0
-13.0
-31.0
-20.08000000000004
-186.0
-22.0
-37.0
-28.0
-14.0
-42.0
-38.41
-13.0
-3.0
-10.0
-15.0
-11.0
-8.0
-25.0
-65.0
-79.84000000000003
-532.04
-194.84000000000003
-24.840000000000032
-27.840000000000032
-17.840000000000032
-8.279999999999973
-22.639999999999986
-33.639999999999986
-31.639999999999986
-149.64
-22.639999999999986
-74.36000000000001
-23.360000000000014
-5.0
-14.409999999999997
-17.0
-13.0
-8.0
-141.5
-23.5
-529.0
-22.0
-61.0
-67.0
-23.0
-114.0
-78.0
-77.0
-107.0
-57.0
-49.0
-1.0
-29.0
-106.0
-34.0
-14.0
-12.0
-45.0
-31.409999999999997
-4.0
-0.0
-34.0
-9.0
-15.0
-2.0
-3.0
-58.0
-105.88
-17.879999999999995
-730.08
-20.879999999999995
-8.879999999999995
-0.8799999999999955
-3.4400000000000546
-21.440000000000055
-210.0
-28.0
-106.0
-34.0
-39.0
-31.0
-21.0
-1.5900000000000034
-80.0
-63.0
-83.0
-101.0
-85.0
-873.0
-54.0
-196.0
-688.0
-772.0
-25.0
-473.0
-78.0
-56.0
-97.0
-20.0
-14.0
-0.960000000000008
-1.5
-4.0
-6.0
-22.0
-27.0
-26.120000000000005
-479.0
-2.0
-8.0
-197.0
-192.0
-85.0
-16.0
-40.0
-2.0
-56.0
-2.0
-47.0
-45.0
-24.0
-28.0
-31.0
-13.0
-29.0
-6.0
-2.0
-19.0
-21.0
-1.0
-26.085000000000008
-16.0
-24.0
-21.0
-14.0
-15.0
-41.0
-679.0
-29.0
-35.120000000000005
-643.16
-78.15999999999997
-23.279999999999973
-57.84000000000003
-47.15999999999997
-25.159999999999968
-28.0
-3.0
-335.0
-30.0
-53.0
-8.0
-60.0
-34.0
-38.89999999999998
-12.0
-4.0
-7.0
-25.0
-825.0
-31.0
-35.0
-28.0
-79.0
-46.120000000000005
-94.11000000000001
-97.0
-84.0
-61.0
-29.0
-46.0
-22.0
-33.0
-23.0
-77.0
-30.0
-40.120000000000005
-68.0
-33.81
-10.0
-1.0
-3.0
-2.0
-195.0
-31.0
-7.0
-105.0
-6.0
-91.0
-51.0
-15.0
-34.0
-92.0
-36.0
-13.0
-41.0
-150.0
-35.0
-15.0
-30.0
-322.0
-41.0
-48.81
-2.0
-16.5
-15.5
-5.0
-10.0
-15.0
-623.0
-24.0
-31.120000000000005
-105.0
-50.0
-124.0
-64.0
-256.0
-30.08000000000004
-13.0
-5.0
-14.0
-49.0
-0.0
-66.0
-32.0
-51.0
-43.72
-14.0
-31.0
-4.0
-40.0
-10.0
-28.0
-25.0
-186.0
-103.0
-34.0
-73.0
-316.0
-33.0
-59.0
-12.0
-717.12
-34.0
-9.0
-4.0
-31.0
-14.0
-58.0
-27.0
-8.360000000000014
-11.0
-0.0
-1.5
-9.0
-14.0
-5.0
-79.0
-206.0
-73.0
-71.0
-2.0
-66.0
-59.0
-50.0
-53.0
-61.0
-35.0
-59.0
-12.0
-31.0
-45.0
-15.0
-42.0
-17.085000000000008
-12.0
-19.0
-19.0
-22.0
-63.0
-3.0
-44.0
-0.0
-101.0
-80.0
-13.0
-43.0
-4.0
-0.0
-19.0
-14.0
-26.0
-51.0
-12.0
-17.0
-50.0
-28.0
-21.0
-15.085000000000008
-33.0
-2.0
-509.0
-23.0
-27.0
-10.0
-106.0
-113.0
-131.0
-44.0
-33.0
-48.0
-53.48000000000002
-8.480000000000018
-88.12
-41.0
-276.52
-53.48000000000002
-22.440000000000055
-109.44
-18.560000000000002
-24.24000000000001
-17.0
-61.360000000000014
-34.0
-9.5
-25.5
-14.5
-10.0
-14.5
-172.4
-710.4
-51.60000000000002
-40.39999999999998
-74.39999999999998
-33.0
-287.0
-87.0
-40.0
-39.0
-41.0
-81.0
-3.0
-9.0
-440.0
-46.0
-49.0
-35.360000000000014
-8.0
-10.0
-9.0
-27.0
-11.0
-11.0
-43.0
-49.0
-62.0
-16.0
-61.0
-23.0
-17.879999999999995
-160.0
-15.0
-204.08000000000004
-53.0
-63.879999999999995
-18.399999999999977
-31.399999999999977
-103.0
-25.0
-38.0
-11.360000000000014
-32.0
-12.0
-10.0
-35.0
-26.0
-49.0
-5.0
-168.0
-38.0
-7.0
-71.0
-31.0
-12.0
-17.0
-56.0
-52.0
-22.0
-61.0
-66.0
-32.0
-31.0
-19.0
-15.0
-14.360000000000014
-42.0
-53.0
-27.0
-9.0
-37.0
-717.0
-45.0
-28.0
-50.0
-42.0
-81.0
-10.120000000000005
-5.0
-652.0
-41.0
-46.0
-17.0
-76.0
-95.0
-20.0
-77.0
-7.0
-9.0
-11.360000000000014
-13.0
-1.0
-1.0
-11.0
-6.0
-33.0
-16.0
-25.0
-8.0
-1.0
-24.0
-23.0
-19.0
-14.0
-28.0
-0.0
-469.0
-7.0
-21.0
-628.0
-23.0
-13.0
-2.0
-49.08500000000001
-13.0
-14.0
-695.0
-16.0
-2.0
-10.0
-15.0
-0.0
-5.0
-22.0
-16.0
-51.0
-16.0
-38.0
-27.80000000000001
-48.0
-14.0
-19.0
-675.0
-49.0
-29.0
-29.0
-654.0
-400.0
-38.0
-1.0
-9.120000000000005
-14.0
-71.0
-51.0
-25.0
-156.0
-2.0
-206.0
-55.0
-142.0
-92.0
-650.0
-289.175
-5.0
-14.0
-22.0
-563.0
-6.0
-38.0
-21.0
-106.0
-3.0
-102.0
-8.0
-68.0
-77.0
-52.0
-30.0
-96.0
-82.0
-142.0
-16.0
-5.0
-120.0
-41.0
-11.0
-22.82499999999999
-40.0
-29.0
-6.0
-49.0
-14.0
-649.0
-24.0
-133.0
-1.0
-88.0
-41.0
-30.0
-13.0
-25.0
-30.0
-9.0
-5.0
-15.0
-15.0
-10.0
-39.0
-2.0
-47.0
-9.909999999999997
-33.0
-277.0
-20.0
-25.0
-17.0
-3.0
-4.0
-104.0
-223.0
-325.0
-184.0
-36.0
-97.0
-97.0
-329.0
-308.0
-355.0
-118.0
-32.0
-67.0
-92.0
-75.0
-2.0
-10.175000000000011
-1.0
-199.0
-23.0
-31.0
-21.0
-7.0
-7.0
-76.0
-163.0
-165.0
-115.0
-16.0
-26.0
-2.0
-279.0
-442.79999999999995
-117.20000000000005
-72.0
-29.0
-28.0
-11.0
-217.0
-6.0
-10.175000000000011
-2.0
-6.0
-9.0
-6.0
-1.0
-123.0
-6.0
-18.0
-218.0
-217.0
-17.0
-32.0
-121.0
-216.0
-195.0
-310.0
-29.0
-17.0
-22.0
-31.0
-3.0
-15.0
-38.0
-8.849999999999994
-13.0
-55.0
-17.0
-125.0
-127.0
-55.0
-13.0
-66.0
-70.0
-54.0
-26.0
-37.0
-44.0
-25.0
-51.0
-860.0
-860.0
-37.0
-36.0
-19.0
-44.0
-36.0
-27.0
-37.139999999999986
-22.0
-33.0
-44.0
-23.0
-29.0
-13.0
-29.0
-63.0
-9.0
-38.0
-36.0
-24.0
-38.0
-47.0
-33.0
-38.0
-37.0
-38.0
-47.0
-32.0
-40.0
-46.0
-38.0
-564.14
-74.0
-3.0
-66.0
-11.0
-23.0
-18.0
-24.0
-23.0
-25.0
-23.0
-40.0
-26.0
-49.0
-27.0
-448.5
-75.5
-57.0
-44.0
-45.0
-24.0
-13.0
-50.0
-42.0
-59.139999999999986
-731.0
-686.5
-35.0
-56.0
-679.5
-31.0
-66.0
-45.0
-41.0
-67.0
-55.0
-50.0
-18.0
-69.0
-55.0
-78.0
-50.0
-439.0
-45.0
-37.0
-25.0
-55.0
-5.0
-487.14
-37.0
-179.0
-13.0
-42.0
-44.0
-62.0
-693.0
-49.0
-25.0
-44.0
-26.0
-44.0
-23.0
-37.0
-41.0
-38.0
-23.0
-432.0
-20.0
-32.0
-836.0
-758.0
-754.0
-34.120000000000005
-10.0
-41.0
-36.0
-2.0
-25.0
-27.0
-358.0
-37.0
-31.0
-28.0
-12.5
-13.0
-37.0
-22.0
-19.0
-11.0
-39.0
-2.0
-30.0
-17.0
-20.0
-23.0
-16.0
-20.07499999999999
-23.0
-13.0
-56.0
-11.0
-19.0
-28.0
-12.0
-26.0
-25.0
-818.0
-62.0
-68.0
-27.0
-7.0
-1.0
-12.0
-8.0
-7.0
-9.0
-2.0
-6.0
-47.0
-10.0
-42.07499999999999
-42.0
-16.0
-54.0
-9.0
-30.0
-34.0
-15.0
-81.0
-275.0
-129.0
-115.0
-55.0
-72.0
-51.0
-103.0
-126.0
-120.0
-185.0
-19.0
-41.0
-73.0
-25.0
-11.0
-4.964999999999975
-18.0
-35.0
-37.0
-34.0
-66.0
-632.0
-13.0
-121.0
-82.0
-12.0
-9.0
-22.0
-4.0
-5.1200000000000045
-24.0
-91.0
-93.0
-4.0
-126.0
-27.0
-74.0
-52.0
-26.0
-28.964999999999975
-4.0
-3.0
-517.0
-11.0
-18.0
-44.0
-3.0
-23.0
-45.0
-17.0
-4.0
-71.0
-28.0
-154.0
-124.0
-696.0
-80.0
-442.0
-45.0
-58.0
-84.0
-674.0
-30.0
-35.964999999999975
-24.0
-25.0
-26.0
-11.0
-1.0
-15.0
-11.0
-46.0
-1.0
-50.879999999999995
-14.0
-113.0
-56.0
-3.0
-25.0
-5.0
-53.0
-22.0
-466.0
-30.0
-68.0
-9.0
-15.0
-25.964999999999975
-30.0
-13.0
-24.0
-17.0
-612.0
-42.0
-4.0
-284.0
-4.0
-29.0
-32.0
-30.0
-59.0
-21.0
-207.0
-809.0
-86.16
-13.0
-69.0
-96.0
-156.0
-84.0
-114.0
-25.92500000000001
-21.0
-68.0
-62.0
-69.0
-102.0
-73.5
-80.0
-140.0
-78.15999999999997
-91.15999999999997
-20.840000000000032
-122.15999999999997
-49.15999999999997
-21.279999999999973
-54.15999999999997
-59.15999999999997
-370.15999999999997
-58.84000000000003
-83.15999999999997
-115.16000000000003
-3.839999999999975
-27.839999999999975
-21.0
-31.964999999999975
-15.0
-4.0
-16.0
-15.0
-77.0
-36.0
-766.0
-290.0
-56.0
-491.0
-13.0
-41.0
-14.919999999999959
-15.0
-38.0
-63.0
-90.0
-70.0
-398.0
-43.920000000000016
-171.0
-28.0
-20.0
-28.964999999999975
-34.0
-22.0
-12.0
-10.0
-10.0
-5.0
-9.0
-22.360000000000014
-56.639999999999986
-54.75999999999999
-9.879999999999995
-33.67999999999995
-14.559999999999945
-23.0
-44.51999999999998
-45.51999999999998
-61.039999999999964
-172.03999999999996
-71.55999999999995
-54.44
-147.0
-52.0
-56.0
-28.964999999999975
-437.5
-1.0
-820.5
-1.5
-7.0
-12.0
-10.0
-19.30000000000001
-54.83000000000004
-46.299999999999955
-109.67999999999995
-665.92
-45.08000000000004
-8.919999999999959
-62.039999999999964
-4.919999999999959
-72.08000000000004
-126.08000000000004
-54.91999999999996
-51.920000000000016
-7.920000000000016
-8.920000000000016
-2.0
-20.964999999999975
-3.5
-1.0
-3.5
-1.5
-10.0
-25.0
-6.0
-22.0
-19.0
-77.0
-100.0
-39.0
-52.120000000000005
-91.67999999999995
-55.67999999999995
-82.67999999999995
-71.84000000000003
-157.27999999999997
-26.200000000000045
-49.80000000000001
-23.80000000000001
-34.0
-9.0
-28.964999999999975
-469.5
-32.0
-2.0
-0.0
-9.0
-15.0
-22.0
-137.0
-355.0
-53.0
-8.0
-42.0
-67.96000000000001
-42.04000000000002
-9.519999999999982
-4.519999999999982
-13.319999999999993
-796.0
-38.68000000000001
-47.5
-9.0
-36.0
-27.0
-28.07499999999999
-25.0
-8.0
-34.0
-24.0
-1.0
-437.0
-1.0
-6.0
-817.0
-7.0
-0.0
-4.0
-17.0
-18.75999999999999
-9.259999999999991
-15.759999999999991
-40.75999999999999
-48.0
-32.0
-11.0
-6.0
-35.0
-19.0
-320.075
-19.0
-35.0
-3.0
-23.0
-20.0
-23.0
-4.0
-26.0
-418.0
-34.0
-40.08000000000004
-46.0
-36.0
-25.0
-39.0
-79.0
-51.120000000000005
-50.0
-170.0
-1.0
-8.0
-38.0
-62.0
-25.964999999999975
-15.840000000000003
-571.0
-10.759999999999991
-15.719999999999999
-22.0
-24.0
-17.0
-4.0
-31.0
-5.0
-440.0
-47.0
-11.0
-16.120000000000005
-1.8799999999999955
-310.0
-37.0
-65.0
-57.32000000000005
-24.839999999999975
-16.160000000000025
-42.0
-34.0
-431.78
-69.68
-28.0
-39.52000000000001
-11.0
-46.0
-800.0
-2.0
-52.360000000000014
-50.48000000000002
-1.7999999999999545
-11.519999999999982
-4.600000000000023
-27.67999999999995
-49.0
-31.840000000000032
-18.720000000000027
-58.120000000000005
-83.88
-28.879999999999995
-23.0
-26.0
-14.0
-62.0
-26.154999999999973
-13.840000000000003
-17.0
-235.24
-5.5
-48.5
-34.0
-5.0
-63.0
-173.72000000000003
-1.2799999999999727
-27.960000000000036
-15.960000000000036
-5.960000000000036
-43.960000000000036
-26.960000000000036
-3.0399999999999636
-28.039999999999964
-50.039999999999964
-49.039999999999964
-81.04000000000002
-4.9599999999999795
-39.95999999999998
-20.0
-23.154999999999973
-13.840000000000003
-42.0
-13.0
-51.0
-39.0
-37.0
-30.0
-42.0
-8.0
-67.0
-12.0
-12.879999999999995
-31.0
-389.0
-63.0
-3.0
-32.0
-12.0
-19.0
-79.88
-8.0
-55.0
-10.0
-10.154999999999973
-13.5
-11.0
-22.5
-10.0
-1.0
-6.5
-9.5
-9.5
-1.5
-1.0
-1.0
-3.0
-39.0
-60.0
-18.25999999999999
-19.480000000000018
-19.47999999999999
-17.0
-36.0
-2.0
-31.0
-8.0
-7.0
-54.07499999999999
-150.5
-6.0
-154.5
-165.0
-8.0
-329.5
-151.5
-56.5
-11.5
-5.0
-17.5
-19.0
-435.5
-9.759999999999991
-19.25999999999999
-24.74000000000001
-26.24000000000001
-8.840000000000003
-27.0
-19.0
-13.5
-12.0
-3.0
-53.07499999999999
-498.15999999999997
-61.66
-45.0
-34.5
-25.5
-11.5
-1.0
-131.0
-95.0
-83.0
-0.44000000000005457
-8.32000000000005
-791.44
-33.67999999999995
-657.68
-14.67999999999995
-12.840000000000032
-290.15999999999997
-75.15999999999997
-81.15999999999997
-39.160000000000025
-4.839999999999975
-50.0
-26.154999999999973
-30.840000000000003
-466.34000000000003
-7.0
-16.0
-21.0
-4.0
-40.0
-36.0
-105.0
-37.0
-16.0
-16.399999999999977
-86.67999999999995
-27.600000000000023
-22.0
-5.559999999999945
-8.440000000000055
-41.440000000000055
-14.440000000000055
-31.439999999999998
-111.56
-0.5600000000000023
-28.0
-31.089999999999975
-35.84
-41.31999999999999
-14.0
-31.0
-31.0
-57.0
-20.0
-14.0
-219.91999999999996
-94.0
-24.0
-24.0
-30.0
-10.0
-30.0
-17.0
-34.0
-18.0
-41.0
-45.0
-21.0
-10.0
-45.0
-16.97999999999999
-13.840000000000003
-8.0
-15.0
-470.0
-43.0
-32.0
-46.0
-123.0
-55.0
-46.0
-317.0
-23.0
-8.120000000000005
-33.0
-63.0
-24.0
-9.0
-23.0
-30.0
-15.0
-15.0
-20.0
-77.0
-31.39500000000001
-27.840000000000003
-22.0
-4.0
-14.0
-1.0
-38.0
-13.0
-19.0
-31.0
-16.879999999999995
-40.48000000000002
-17.480000000000018
-6.519999999999982
-47.51999999999998
-46.120000000000005
-227.0
-33.120000000000005
-20.32000000000005
-17.32000000000005
-14.680000000000007
-18.0
-19.0
-46.0
-17.39500000000001
-13.5
-17.0
-0.5
-21.0
-10.0
-7.0
-18.5
-165.5
-508.0
-38.0
-69.0
-27.0
-30.0
-47.0
-21.0
-20.0
-1.0
-97.0
-524.0
-3.0
-6.5
-8.0
-7.0
-42.07499999999999
-36.5
-20.0
-16.0
-5.0
-2.0
-6.0
-41.0
-30.0
-32.0
-15.0
-45.0
-10.0
-40.0
-26.0
-202.0
-54.0
-11.0
-11.0
-13.0
-6.0
-31.0
-16.0
-2.0
-44.07499999999999
-38.84
-22.0
-10.0
-11.0
-10.0
-205.0
-15.0
-104.0
-120.0
-16.0
-35.0
-53.0
-13.0
-25.0
-22.0
-36.0
-14.0
-105.0
-100.0
-57.120000000000005
-45.0
-18.0
-5.0
-9.39500000000001
-3.0
-2.0
-16.0
-19.0
-7.0
-12.0
-704.0
-59.0
-145.0
-28.0
-46.0
-24.0
-10.120000000000005
-16.0
-43.0
-39.120000000000005
-11.0
-28.0
-27.120000000000005
-32.0
-25.0
-42.0
-10.0
-17.810000000000002
-22.0
-44.920000000000016
-58.920000000000016
-55.920000000000016
-15.5
-59.920000000000016
-58.920000000000016
-20.079999999999984
-218.07999999999998
-147.0
-13.0
-10.0
-9.0
-38.0
-99.0
-33.0
-56.0
-55.0
-17.0
-6.0
-9.0
-1.0
-39.38499999999999
-30.47999999999999
-16.0
-26.0
-9.0
-26.0
-3.0
-14.0
-124.0
-66.0
-10.0
-29.0
-49.0
-143.0
-27.0
-49.0
-36.0
-96.0
-41.0
-68.0
-29.0
-49.0
-11.0
-48.0
-18.38499999999999
-23.0
-13.0
-3.0
-12.0
-6.0
-11.0
-23.0
-120.0
-2.0
-122.0
-24.0
-117.0
-5.0
-55.0
-90.0
-110.0
-76.0
-13.0
-58.0
-447.0
-1.0
-398.0
-6.0
-23.38499999999999
-37.0
-5.0
-15.0
-38.0
-37.0
-17.0
-5.0
-118.0
-18.0
-84.0
-1.0
-38.0
-65.0
-11.0
-5.0
-3.0
-14.0
-26.0
-36.0
-70.0
-29.0
-22.0
-26.0
-12.384999999999991
-617.0
-23.0
-29.0
-5.0
-462.0
-27.0
-12.0
-40.0
-15.0
-422.0
-52.0
-15.0
-59.0
-56.0
-27.0
-26.0
-16.0
-213.0
-5.0
-48.0
-82.0
-27.0
-21.0
-37.38499999999999
-13.0
-13.0
-10.0
-840.0
-25.0
-28.0
-29.0
-9.0
-43.0
-771.0
-80.0
-86.0
-128.0
-113.0
-29.0
-18.720000000000027
-91.72000000000003
-53.19999999999999
-51.19999999999999
-10.5
-48.0
-45.0
-33.0
-7.389999999999986
-122.0
-37.0
-16.0
-21.0
-6.0
-14.0
-27.0
-15.0
-39.0
-71.0
-17.560000000000002
-5.560000000000002
-3.5600000000000023
-11.439999999999998
-84.44
-31.439999999999998
-38.44
-48.0
-16.0
-27.0
-9.0
-1.0
-20.0
-11.610000000000014
-19.0
-11.0
-3.0
-4.0
-14.0
-23.0
-412.0
-560.0
-17.0
-7.0
-3.0
-21.0
-22.0
-82.0
-4.0
-20.0
-39.0
-121.0
-86.0
-53.0
-6.0
-49.0
-20.0
-15.384999999999991
-40.0
-19.0
-24.0
-22.0
-10.0
-16.0
-16.5
-118.51999999999998
-1.0
-49.0
-32.0
-13.0
-12.0
-48.0
-261.0
-19.0
-22.0
-78.0
-51.0
-29.0
-9.0
-38.0
-29.0
-38.38499999999999
-3.0
-10.0
-0.0
-12.0
-0.0
-32.0
-14.0
-44.0
-3.0
-11.0
-29.0
-38.0
-22.0
-11.0
-13.0
-11.0
-725.0
-19.0
-235.0
-5.0
-33.0
-74.0
-71.0
-90.61500000000001
-197.07999999999998
-208.07999999999998
-53.920000000000016
-416.92
-245.07999999999998
-205.07999999999998
-30.920000000000016
-234.92000000000002
-184.91999999999996
-52.84000000000003
-71.15999999999997
-141.08000000000004
-186.08000000000004
-338.08000000000004
-521.0
-468.15999999999997
-54.84000000000003
-295.0
-452.0
-127.0
-83.0
-42.0
-442.0
-12.384999999999991
-1.0
-45.0
-27.0
-56.0
-432.0
-38.0
-61.0
-128.0
-11.0
-361.0
-60.0
-73.0
-59.0
-88.0
-47.0
-52.0
-500.0
-273.0
-279.0
-11.0
-60.0
-2.0
-39.0
-0.6150000000000091
-51.0
-28.0
-20.0
-6.0
-530.0
-6.0
-4.0
-5.0
-1.0
-10.0
-84.0
-88.0
-73.0
-68.0
-24.0
-3.0
-10.0
-15.0
-46.0
-81.0
-17.0
-19.0
-37.0
-8.610000000000014
-15.0
-8.0
-17.0
-15.0
-26.0
-14.0
-38.0
-4.5
-21.5
-73.0
-39.0
-46.0
-50.0
-26.0
-26.0
-9.0
-5.0
-3.0
-33.0
-81.0
-70.0
-21.0
-6.0
-11.610000000000014
-2.0
-15.0
-8.0
-12.0
-16.0
-99.0
-28.0
-240.0
-43.0
-68.0
-30.0
-11.0
-51.0
-10.0
-10.0
-41.0
-50.0
-88.0
-5.0
-23.0
-33.0
-20.0
-6.0
-12.384999999999991
-20.0
-1.0
-6.0
-2.0
-17.0
-30.0
-6.0
-42.0
-44.0
-28.0
-50.0
-4.0
-198.0
-21.0
-5.0
-24.0
-15.0
-23.0
-4.0
-46.0
-7.0
-2.0
-24.0
-15.615000000000009
-65.5
-58.5
-76.0
-72.5
-76.5
-65.0
-12.0
-23.0
-21.0
-34.0
-69.0
-30.0
-15.0
-60.0
-28.0
-2.080000000000041
-26.91999999999996
-21.0
-37.0
-20.0
-24.0
-9.0
-45.0
-27.61500000000001
-77.5
-64.0
-94.0
-782.0
-90.0
-91.0
-78.0
-21.0
-0.0
-27.0
-98.0
-32.0
-16.0
-3.0
-19.0
-46.0
-7.0
-62.0
-298.0
-7.0
-15.0
-7.0
-28.0
-49.38499999999999
-104.5
-2.0
-4.0
-21.0
-5.0
-8.0
-12.0
-70.0
-184.0
-9.0
-6.0
-19.0
-60.0
-32.0
-0.0
-14.0
-58.0
-61.0
-106.0
-22.0
-28.0
-9.0
-33.0
-12.384999999999991
-21.0
-285.0
-28.0
-30.0
-12.0
-473.0
-19.0
-245.0
-13.0
-91.0
-32.0
-27.0
-18.0
-33.0
-18.0
-11.0
-15.0
-38.0
-2.0
-16.0
-26.0
-18.0
-15.0
-1.1399999999999864
-633.0
-6.0
-9.0
-24.0
-18.0
-54.0
-29.0
-24.0
-30.0
-28.0
-23.0
-57.0
-16.0
-44.0
-1.0
-2.0
-32.0
-14.0
-25.0
-18.0
-796.0
-19.0
-672.0
-46.120000000000005
-12.0
-27.0
-515.0
-5.0
-38.0
-25.5
-15.0
-70.0
-56.0
-133.0
-79.0
-175.0
-65.0
-50.0
-69.0
-22.0
-183.0
-31.0
-2.0
-32.0
-54.0
-47.0
-78.0
-30.38499999999999
-0.0
-22.0
-5.0
-20.5
-9.0
-9.0
-17.0
-85.0
-49.0
-8.0
-1.0
-335.0
-219.0
-27.0
-0.0
-3.0
-37.0
-52.0
-16.0
-18.0
-28.0
-21.0
-1.0
-12.615000000000009
-19.0
-45.0
-21.0
-4.0
-3.0
-2.0
-26.0
-74.0
-198.0
-20.0
-39.0
-317.0
-189.0
-1.0
-31.0
-573.0
-57.0
-216.0
-34.0
-19.0
-78.0
-26.0
-17.0
-38.38499999999999
-20.0
-17.0
-60.0
-8.0
-63.0
-40.0
-19.0
-59.0
-69.0
-10.0
-59.0
-32.0
-237.0
-27.0
-57.0
-100.0
-33.0
-19.0
-169.0
-35.0
-10.0
-156.0
-272.0
-10.829999999999984
-73.0
-2.0
-11.0
-11.0
-22.0
-15.0
-31.0
-193.0
-164.0
-62.0
-3.0
-61.0
-95.0
-38.0
-46.0
-32.0
-93.0
-131.0
-112.0
-63.0
-52.0
-54.0
-48.0
-39.155
-82.0
-3.0
-7.0
-16.0
-2.0
-24.0
-30.0
-44.0
-88.0
-112.0
-55.0
-35.0
-15.0
-27.0
-4.0
-6.0
-4.0
-92.0
-28.0
-194.0
-15.0
-138.0
-54.0
-3.884999999999991
-38.0
-796.0
-36.0
-1.0
-17.0
-34.0
-35.0
-34.0
-55.0
-74.0
-10.0
-10.0
-12.0
-8.0
-27.0
-12.0
-97.0
-114.0
-21.0
-13.0
-11.0
-2.0
-10.0
-12.115000000000009
-20.0
-20.0
-7.0
-26.0
-8.0
-38.0
-55.0
-97.0
-37.0
-31.0
-12.0
-43.0
-50.0
-35.0
-7.0
-2.0
-37.48000000000002
-100.48000000000002
-35.0
-24.0
-3.0
-15.0
-2.0
-13.155000000000001
-0.0
-8.0
-5.0
-28.0
-3.0
-42.0
-7.0
-15.0
-320.0
-40.0
-37.0
-50.0
-212.0
-41.0
-50.0
-60.0
-44.0
-43.0
-6.0
-44.0
-559.0
-493.0
-23.0
-17.845
-316.0
-636.0
-24.0
-4.0
-301.0
-21.5
-6.0
-18.0
-51.0
-125.0
-113.0
-106.0
-67.0
-22.0
-350.0
-55.0
-56.0
-65.0
-3.0
-6.0
-35.0
-4.0
-44.0
-13.155000000000001
-41.0
-2.0
-322.0
-8.0
-23.0
-27.0
-2.0
-117.0
-18.0
-14.0
-0.0
-60.0
-111.0
-17.0
-16.0
-4.0
-37.0
-40.0
-25.0
-22.0
-88.0
-12.0
-39.0
-13.155000000000001
-45.0
-39.0
-23.0
-36.0
-7.0
-27.0
-15.0
-6.0
-42.0
-104.0
-87.0
-218.0
-15.0
-30.0
-39.0
-118.0
-10.0
-103.0
-26.0
-39.0
-2.0
-25.0
-16.0
-17.845
-45.0
-37.0
-34.0
-54.0
-19.0
-57.0
-59.0
-121.0
-28.0
-11.0
-20.560000000000002
-259.44
-83.0
-23.0
-5.0
-67.0
-32.0
-46.0
-18.0
-17.0
-9.0
-9.0
-5.0
-32.110000000000014
-9.0
-26.0
-12.0
-18.5
-14.0
-6.0
-69.0
-71.0
-6.0
-11.0
-26.0
-5.0
-61.0
-52.0
-59.0
-38.0
-336.0
-7.0
-91.0
-14.0
-720.0
-24.0
-7.0
-23.099999999999994
-34.0
-10.0
-11.0
-1.0
-30.0
-1.0
-1.0
-140.0
-89.0
-107.0
-104.0
-34.0
-18.0
-124.0
-56.0
-15.0
-156.0
-388.0
-469.0
-46.0
-22.0
-14.0
-22.0
-586.155
-605.0
-35.0
-23.0
-1.0
-8.0
-16.0
-37.0
-139.0
-17.0
-3.0
-11.0
-140.0
-38.0
-18.0
-24.0
-8.0
-38.0
-48.0
-42.0
-25.0
-13.0
-3.0
-24.0
-13.155000000000001
-46.0
-11.0
-7.0
-1.0
-1.0
-13.0
-32.0
-13.0
-84.0
-215.0
-228.0
-87.0
-1.0
-38.309999999999945
-6.0
-39.0
-57.0
-32.0
-28.0
-4.0
-8.0
-45.0
-257.0
-13.155000000000001
-7.0
-23.0
-16.0
-1.0
-11.0
-8.0
-12.0
-138.0
-48.0
-8.0
-213.0
-329.0
-30.0
-580.655
-3.0
-79.0
-143.0
-99.0
-125.0
-71.0
-47.0
-57.0
-0.0
-0.15500000000000114
-7.0
-5.0
-15.0
-20.0
-2.0
-28.0
-37.0
-80.0
-82.0
-81.0
-10.0
-62.0
-57.0
-36.0
-8.0
-81.0
-44.0
-105.0
-127.0
-660.0
-156.0
-23.0
-237.0
-0.8449999999999989
-30.0
-49.0
-43.0
-41.0
-40.0
-36.0
-21.0
-8.0
-542.0
-49.0
-53.0
-49.0
-11.0
-1.0
-206.0
-28.5
-37.5
-250.0
-56.0
-107.0
-53.0
-549.5
-64.0
-122.13
-40.0
-56.0
-14.0
-26.5
-66.0
-91.0
-21.0
-90.0
-41.0
-13.0
-50.0
-53.0
-44.0
-4.0
-15.0
-43.5
-11.5
-223.0
-347.0
-3.0
-74.0
-55.0
-43.0
-33.129999999999995
-0.5
-19.460000000000008
-7.0
-598.5
-605.0
-663.0
-193.0
-27.5
-22.5
-1.5
-14.0
-3.0
-13.0
-4.0
-4.0
-5.740000000000009
-19.480000000000018
-4.52000000000001
-17.0
-4.0
-42.0
-26.0
-7.0
-27.0
-74.07499999999999
-18.5
-1.0
-22.5
-33.0
-22.0
-29.5
-19.5
-12.5
-64.5
-35.0
-22.5
-9.0
-8.5
-0.2400000000000091
-9.259999999999991
-14.740000000000009
-12.240000000000009
-43.84
-10.0
-28.0
-13.5
-17.0
-561.0
-20.07499999999999
-62.84
-71.66
-52.0
-38.5
-11.5
-2.5
-18.0
-112.0
-67.0
-80.0
-53.440000000000055
-8.32000000000005
-57.440000000000055
-73.67999999999995
-203.67999999999995
-180.67999999999995
-51.15999999999997
-27.159999999999968
-114.15999999999997
-348.15999999999997
-52.839999999999975
-96.83999999999997
-58.0
-47.15499999999997
-493.15999999999997
-35.66
-14.0
-23.0
-17.0
-9.0
-27.0
-142.0
-96.0
-37.0
-16.0
-40.39999999999998
-43.67999999999995
-32.60000000000002
-32.0
-59.559999999999945
-8.440000000000055
-124.55999999999995
-14.440000000000055
-279.44
-15.439999999999998
-29.439999999999998
-25.0
-28.089999999999975
-2.8400000000000034
-43.31999999999999
-16.0
-15.0
-4.0
-58.0
-25.0
-14.0
-15.919999999999959
-41.0
-23.0
-24.0
-11.0
-47.0
-7.0
-54.0
-62.0
-31.0
-5.0
-169.0
-92.0
-10.0
-41.0
-12.97999999999999
-9.840000000000003
-4.0
-7.0
-29.0
-35.0
-33.0
-47.0
-385.0
-55.0
-7.0
-60.0
-23.0
-44.879999999999995
-26.0
-50.0
-7.0
-1.0
-89.0
-69.0
-92.0
-7.0
-50.0
-13.0
-21.60499999999999
-26.840000000000003
-14.0
-1.0
-1.0
-16.0
-42.0
-24.0
-52.0
-31.0
-36.120000000000005
-474.52
-10.519999999999982
-15.480000000000018
-0.5199999999999818
-30.120000000000005
-2.0
-6.8799999999999955
-389.32000000000005
-17.32000000000005
-71.32
-156.0
-10.0
-54.0
-30.39500000000001
-0.5
-17.0
-0.5
-33.0
-13.0
-5.0
-6.5
-236.5
-12.0
-11.0
-24.0
-30.0
-15.0
-13.0
-18.0
-373.0
-9.0
-36.0
-30.0
-62.0
-43.5
-51.0
-3.0
-28.92500000000001
-84.5
-20.0
-209.0
-42.0
-69.0
-65.0
-8.0
-61.0
-28.0
-15.0
-9.0
-26.0
-4.0
-10.0
-149.0
-23.0
-10.0
-10.0
-766.0
-5.0
-31.0
-5.0
-29.0
-17.07499999999999
-65.84
-22.0
-6.0
-25.0
-5.0
-24.0
-28.0
-65.0
-293.0
-95.0
-110.0
-119.0
-41.0
-27.0
-38.0
-19.0
-45.0
-28.0
-147.0
-20.879999999999995
-42.0
-29.0
-5.0
-602.605
-36.0
-21.0
-710.0
-19.0
-7.0
-10.0
-2.0
-11.0
-16.0
-436.0
-20.0
-7.0
-9.120000000000005
-10.0
-43.0
-18.879999999999995
-2.0
-618.0
-38.120000000000005
-41.0
-6.0
-7.0
-609.0
-6.189999999999998
-9.0
-29.920000000000016
-94.92000000000002
-40.920000000000016
-0.5
-32.920000000000016
-44.920000000000016
-3.920000000000016
-105.92000000000002
-309.0
-63.0
-21.0
-66.0
-37.0
-9.0
-48.0
-59.0
-2.0
-71.0
-22.0
-27.120000000000005
-30.0
-25.0
-45.94
-6.0
-33.0
-19.0
-19.0
-25.0
-11.0
-25.0
-19.0
-21.0
-55.0
-52.0
-3.8799999999999955
-21.0
-7.0
-5.0
-15.0
-453.0
-17.08000000000004
-89.0
-9.0
-31.0
-19.0
-36.0
-147.14
-24.0
-10.0
-7.0
-2.0
-6.0
-30.0
-28.0
-72.0
-9.0
-91.0
-40.0
-21.0
-105.0
-12.0
-8.0
-37.0
-33.0
-13.0
-31.0
-175.0
-18.0
-66.0
-15.0
-44.34500000000003
-3.0
-12.0
-0.0
-15.0
-18.0
-484.0
-536.0
-23.0
-564.0
-34.0
-1.0
-0.0
-2.0
-17.0
-6.0
-1.0
-12.0
-2.0
-26.0
-17.0
-39.0
-25.0
-23.0
-27.07499999999999
-5.0
-567.0
-26.0
-8.0
-34.0
-8.0
-25.0
-34.0
-0.0
-34.0
-24.0
-12.0
-8.0
-4.0
-24.0
-3.0
-71.0
-74.0
-78.0
-89.0
-773.0
-46.0
-21.0
-28.07499999999999
-33.0
-32.0
-44.0
-43.0
-8.0
-2.0
-11.0
-637.0
-131.0
-140.0
-17.08000000000004
-38.0
-8.0
-2.7999999999999545
-17.0
-1.0
-1.0
-29.0
-179.0
-42.0
-36.0
-22.0
-26.0
-19.345000000000027
-27.0
-3.0
-3.0
-23.0
-0.5
-23.0
-39.0
-12.0
-39.0
-145.0
-69.0
-38.0
-21.0
-26.0
-12.0
-3.0
-69.0
-8.0
-33.0
-230.24
-10.0
-5.0
-34.0
-26.345000000000027
-19.0
-30.0
-8.0
-4.0
-21.0
-49.0
-38.0
-102.0
-42.0
-28.0
-55.0
-38.0
-29.0
-64.0
-7.8799999999999955
-18.0
-49.0
-40.0
-57.0
-41.0
-22.0
-35.0
-191.0
-8.170000000000016
-34.0
-104.0
-689.0
-21.0
-25.0
-32.0
-62.0
-14.0
-55.0
-694.0
-29.0
-20.0
-6.0
-33.0
-21.0
-7.0
-183.0
-12.0
-47.0
-45.0
-11.0
-3.0
-36.0
-45.879999999999995
-15.0
-74.0
-45.0
-10.0
-3.0
-12.0
-706.0
-19.879999999999995
-48.0
-253.0
-40.0
-58.0
-29.879999999999995
-36.0
-5.0
-38.0
-109.0
-27.0
-9.0
-322.0
-7.0
-8.0
-30.0
-21.465000000000032
-22.0
-764.0
-44.0
-2.0
-12.0
-32.0
-2.0
-42.0
-4.0
-18.0
-66.0
-11.0
-28.0
-364.0
-187.0
-18.0
-15.0
-25.0
-43.0
-15.0
-0.0
-21.0
-42.0
-27.07499999999999
-9.0
-18.0
-9.0
-18.0
-8.0
-4.0
-92.0
-6.0
-4.0
-25.0
-10.0
-41.0
-27.0
-13.0
-16.0
-39.0
-30.0
-32.0
-43.0
-30.0
-3.0
-4.0
-2.0
-636.075
-8.0
-13.0
-4.0
-6.0
-15.0
-17.0
-11.0
-3.0
-6.0
-27.0
-42.0
-1.0
-13.0
-23.0
-28.0
-20.0
-13.0
-8.0
-27.0
-16.0
-34.0
-27.0
-19.0
-27.07499999999999
-4.0
-4.0
-21.0
-16.0
-4.0
-183.0
-16.0
-109.0
-442.0
-36.0
-12.0
-22.0
-4.0
-720.12
-257.0
-22.91999999999996
-39.0
-669.0
-466.91999999999996
-58.0
-80.0
-57.0
-10.0
-32.46500000000003
-48.0
-12.0
-7.0
-6.0
-4.0
-9.0
-11.0
-93.0
-0.0
-14.0
-57.0
-6.0
-36.0
-36.0
-14.120000000000005
-16.0
-27.0
-15.0
-14.0
-45.0
-5.0
-25.0
-79.0
-68.46500000000003
-1.5
-23.0
-2.5
-5.0
-3.0
-29.0
-15.0
-122.0
-49.0
-17.0
-22.0
-22.0
-46.0
-2.0
-15.0
-1.0
-2.0
-11.0
-73.0
-23.0
-1.0
-37.0
-22.079999999999984
-12.465000000000032
-5.0
-632.0
-2.5
-555.0
-19.0
-12.0
-786.0
-28.0
-25.0
-49.0
-83.0
-67.0
-55.0
-62.0
-13.0
-49.0
-44.879999999999995
-64.0
-55.0
-67.0
-481.0
-87.0
-39.0
-12.465000000000032
-41.0
-18.0
-2.0
-27.0
-31.0
-755.0
-5.0
-21.0
-14.0
-34.0
-401.0
-16.0
-14.0
-14.0
-29.0
-4.0
-14.0
-5.0
-46.0
-17.0
-15.0
-5.0
-25.0
-800.075
-3.0
-5.0
-25.0
-9.0
-1.0
-1.0
-14.0
-17.0
-37.56
-9.0
-30.0
-24.0
-12.0
-20.0
-14.0
-4.0
-60.0
-12.0
-1.0
-5.0
-1.0
-13.0
-2.0
-171.075
-7.0
-6.0
-10.0
-16.0
-15.0
-15.0
-1.0
-129.0
-23.0
-49.120000000000005
-55.0
-66.0
-7.0
-36.0
-46.0
-58.120000000000005
-27.0
-36.0
-102.0
-36.0
-61.0
-41.0
-15.0
-49.46500000000003
-14.0
-722.0
-22.0
-26.0
-1.0
-14.0
-729.0
-22.0
-1.0
-55.960000000000036
-107.96000000000004
-73.0
-161.0
-119.0
-29.08000000000004
-7.0
-344.0
-21.0
-5.0
-13.0
-31.120000000000005
-9.0
-786.0
-354.53499999999997
-19.0
-26.0
-467.0
-739.0
-662.0
-8.0
-41.0
-5.0
-28.0
-65.0
-6.0
-146.0
-17.0
-19.0
-46.0
-51.0
-67.0
-43.0
-34.0
-14.0
-19.0
-49.0
-43.0
-19.05000000000001
-21.5
-32.0
-19.0
-11.0
-19.0
-5.0
-41.0
-4.0
-16.0
-7.0
-123.0
-29.0
-37.0
-16.879999999999995
-5.8799999999999955
-1.0
-40.0
-2.2000000000000455
-148.0
-54.0
-3.0
-1.0
-17.0
-280.515
-13.0
-15.0
-26.0
-12.0
-11.0
-2.0
-41.0
-139.0
-21.0
-51.0
-2.0
-34.0
-18.0
-57.879999999999995
-22.0
-30.0
-111.0
-23.0
-7.0
-7.0
-4.0
-35.0
-5.0
-41.485000000000014
-8.0
-638.0
-2.0
-6.0
-19.0
-20.0
-11.0
-147.0
-29.120000000000005
-63.0
-11.0
-91.0
-17.0
-80.0
-62.0
-59.0
-47.0
-29.0
-30.0
-31.0
-11.0
-15.0
-19.0
-35.07499999999999
-2.0
-3.0
-7.0
-9.0
-15.0
-8.0
-427.0
-15.0
-11.0
-3.0
-37.0
-12.0
-27.0
-739.0
-13.0
-25.0
-1.0
-8.0
-19.0
-42.0
-17.0
-42.0
-18.0
-28.07499999999999
-21.0
-2.0
-8.0
-8.0
-9.0
-8.0
-0.0
-145.0
-45.0
-0.0
-40.0
-12.0
-45.0
-17.0
-686.0
-21.0
-6.0
-61.0
-77.0
-92.0
-4.0
-70.0
-30.0
-49.485000000000014
-36.0
-42.0
-1.0
-21.0
-3.5
-8.5
-5.0
-102.0
-15.0
-91.0
-1.0
-1.0
-2.0
-37.879999999999995
-30.0
-32.91999999999996
-54.0
-14.0
-30.120000000000005
-24.0
-28.0
-23.0
-43.0
-788.08
-13.0
-43.0
-19.0
-22.0
-21.0
-12.0
-29.0
-28.0
-195.0
-47.0
-75.0
-30.0
-26.0
-7.0
-221.0
-11.0
-3.0
-109.0
-42.0
-11.0
-5.0
-4.0
-27.0
-54.44999999999999
-16.0
-5.0
-5.0
-3.0
-13.0
-13.0
-9.0
-45.0
-10.0
-43.0
-19.0
-31.0
-34.0
-68.0
-76.88
-19.0
-36.0
-57.0
-45.0
-28.0
-24.0
-32.0
-30.0
-38.44999999999999
-12.0
-13.0
-11.0
-16.0
-38.0
-5.0
-34.0
-44.0
-44.0
-30.0
-15.0
-33.0
-57.879999999999995
-371.0
-8.120000000000005
-12.0
-27.0
-35.0
-46.0
-193.0
-26.0
-3.0
-351.84000000000003
-309.84000000000003
-239.91999999999996
-94.91999999999996
-189.08000000000004
-396.0
-3.840000000000032
-100.84000000000003
-97.0
-308.0
-130.0
-19.0
-11.0
-79.0
-45.38499999999999
-16.0
-12.0
-6.0
-151.0
-121.0
-56.0
-8.0
-580.0
-11.0
-301.0
-74.0
-82.0
-650.0
-46.0
-8.0
-28.0
-110.0
-14.0
-17.0
-24.0
-61.0
-70.0
-111.0
-72.61500000000001
-224.0
-123.0
-138.0
-9.0
-0.0
-27.0
-25.0
-77.0
-14.0
-32.0
-36.0
-42.0
-27.0
-41.0
-13.0
-3.0
-20.0
-3.0
-8.0
-27.0
-17.0
-51.0
-22.0
-29.610000000000014
-6.0
-8.0
-1.0
-19.0
-0.0
-14.0
-19.0
-52.5
-4.5
-313.0
-50.0
-33.0
-39.0
-47.0
-62.0
-393.0
-41.0
-42.0
-6.0
-1.0
-10.0
-24.0
-6.0
-11.610000000000014
-2.0
-15.0
-0.0
-4.0
-26.0
-3.0
-29.0
-124.0
-68.0
-15.0
-141.0
-57.0
-14.0
-510.0
-10.0
-23.0
-15.0
-112.0
-375.0
-44.0
-44.0
-40.0
-18.0
-24.38499999999999
-4.0
-25.0
-30.0
-3.0
-3.0
-8.0
-10.0
-24.0
-44.0
-7.0
-24.0
-115.0
-198.0
-170.0
-191.0
-12.0
-25.0
-94.0
-127.0
-41.0
-36.0
-13.0
-9.0
-0.6150000000000091
-465.5
-415.5
-249.0
-824.5
-1.5
-6.0
-263.0
-43.0
-21.0
-34.0
-0.0
-67.0
-5.0
-14.0
-28.0
-21.91999999999996
-15.919999999999959
-34.0
-37.0
-20.0
-34.0
-1.0
-37.0
-19.61500000000001
-65.5
-9.0
-21.0
-30.0
-0.0
-18.0
-4.0
-19.0
-0.0
-25.0
-24.0
-70.0
-34.0
-50.0
-141.0
-10.0
-17.0
-75.0
-52.0
-78.0
-7.0
-9.0
-41.0
-0.6150000000000091
-69.5
-18.0
-29.0
-43.0
-27.0
-2.0
-3.0
-100.0
-126.0
-9.0
-45.0
-83.0
-14.0
-13.0
-22.0
-25.0
-68.0
-19.0
-67.0
-22.0
-4.0
-0.0
-30.0
-24.38499999999999
-33.0
-45.0
-32.0
-35.0
-41.0
-41.0
-25.0
-13.0
-35.0
-54.0
-25.0
-612.0
-12.0
-33.0
-18.0
-11.0
-15.0
-696.0
-9.0
-27.0
-31.0
-80.0
-20.0
-3.8600000000000136
-13.0
-1.0
-7.0
-8.0
-5.0
-3.0
-9.0
-41.0
-35.0
-3.0
-32.0
-8.0
-42.0
-21.0
-25.0
-10.0
-28.0
-46.0
-563.0
-401.0
-6.0
-19.0
-24.0
-40.120000000000005
-17.0
-0.0
-40.0
-27.0
-845.0
-8.5
-10.0
-94.0
-64.0
-52.0
-5.0
-271.0
-0.0
-26.0
-69.0
-88.0
-10.0
-93.0
-2.0
-46.0
-36.0
-37.0
-15.0
-24.38499999999999
-14.0
-19.0
-359.0
-15.5
-29.0
-31.0
-3.0
-140.0
-49.0
-6.0
-1.0
-81.0
-17.0
-514.0
-0.0
-24.0
-38.0
-12.0
-16.0
-75.0
-42.0
-66.0
-24.0
-24.38499999999999
-34.0
-26.0
-19.0
-10.0
-9.0
-8.0
-24.0
-53.0
-21.0
-18.0
-31.0
-66.0
-7.0
-393.0
-11.0
-12.0
-49.0
-23.0
-34.0
-41.0
-50.0
-50.0
-6.0
-0.6150000000000091
-13.0
-7.0
-27.0
-25.0
-96.0
-33.0
-0.0
-86.0
-85.0
-12.0
-51.0
-38.0
-40.0
-28.0
-18.0
-92.0
-25.0
-19.0
-17.0
-131.0
-44.0
-465.0
-79.0
-37.829999999999984
-46.0
-2.0
-11.0
-16.0
-19.0
-2.0
-27.0
-32.0
-205.0
-62.0
-49.0
-242.0
-35.0
-21.0
-6.0
-417.0
-56.0
-190.0
-37.0
-397.0
-491.0
-0.0
-30.0
-37.155
-33.0
-2.0
-710.0
-27.0
-13.0
-7.0
-25.0
-9.0
-24.0
-2.0
-27.0
-49.0
-1.0
-41.0
-2.0
-0.0
-156.0
-93.0
-49.0
-10.0
-28.0
-21.0
-31.0
-19.11500000000001
-15.0
-1.0
-13.0
-3.0
-28.0
-11.0
-8.0
-5.0
-8.0
-229.0
-49.0
-34.0
-196.0
-1.0
-20.0
-36.0
-2.0
-15.0
-3.0
-2.0
-6.0
-28.0
-16.0
-19.11500000000001
-8.0
-13.0
-21.0
-2.0
-20.0
-22.0
-11.0
-126.0
-33.0
-23.0
-4.0
-61.0
-26.0
-8.0
-39.0
-39.0
-82.48000000000002
-25.480000000000018
-95.0
-610.0
-41.0
-75.0
-88.0
-111.155
-381.0
-39.0
-36.0
-40.0
-9.0
-75.0
-20.0
-12.0
-11.0
-42.0
-58.0
-100.0
-15.0
-17.0
-10.0
-0.0
-16.0
-43.0
-6.0
-141.0
-21.0
-20.0
-24.0
-13.155000000000001
-25.0
-5.0
-2.0
-12.0
-492.0
-6.5
-9.0
-164.0
-33.0
-37.0
-23.0
-89.0
-38.0
-4.0
-8.0
-56.0
-13.0
-32.0
-39.0
-8.0
-49.0
-21.0
-764.0
-13.155000000000001
-25.0
-27.0
-9.0
-26.0
-11.0
-5.0
-14.0
-130.0
-0.0
-16.0
-0.0
-57.0
-16.0
-16.0
-38.0
-4.0
-48.0
-40.0
-25.0
-86.0
-30.0
-89.0
-108.0
-106.155
-138.0
-6.0
-10.0
-50.0
-2.0
-11.0
-11.0
-6.0
-24.0
-58.0
-108.0
-13.0
-31.0
-11.0
-26.0
-79.0
-15.0
-70.0
-62.0
-2.0
-49.0
-14.0
-16.0
-17.845
-29.0
-26.0
-44.0
-588.0
-41.0
-42.0
-44.0
-22.0
-8.0
-56.0
-31.560000000000002
-43.44
-40.0
-806.0
-5.0
-40.0
-48.0
-36.0
-48.0
-18.0
-9.0
-21.0
-25.0
-45.110000000000014
-12.0
-23.0
-27.0
-18.5
-610.0
-20.0
-4.0
-32.0
-14.0
-109.0
-44.0
-14.0
-9.0
-33.0
-57.0
-47.0
-7.0
-17.0
-67.0
-59.0
-12.0
-6.0
-39.0
-27.099999999999994
-25.0
-38.0
-18.0
-1.0
-407.0
-27.0
-12.0
-61.0
-85.0
-33.0
-30.0
-92.0
-10.0
-15.0
-56.0
-21.0
-95.0
-313.0
-556.0
-8.0
-29.0
-44.0
-66.0
-71.155
-17.0
-35.0
-16.0
-23.0
-47.0
-29.0
-37.0
-58.0
-348.0
-3.0
-16.0
-69.0
-26.0
-57.0
-10.0
-8.0
-23.0
-169.0
-22.0
-4.0
-13.0
-5.0
-16.0
-37.155
-21.0
-10.0
-422.0
-6.0
-4.0
-35.0
-38.0
-59.0
-248.0
-3.0
-25.0
-16.0
-1.0
-15.309999999999945
-25.0
-13.0
-6.0
-32.0
-6.0
-4.0
-8.0
-10.0
-16.0
-21.155
-10.0
-6.0
-6.0
-6.0
-16.0
-10.0
-19.0
-36.0
-30.0
-8.0
-205.0
-537.0
-30.0
-343.655
-3.0
-9.0
-40.0
-7.0
-104.0
-42.0
-11.0
-32.0
-43.0
-4.155000000000001
-130.0
-35.0
-9.0
-20.0
-398.0
-4.0
-13.0
-14.0
-201.0
-60.0
-114.0
-45.0
-6.0
-4.0
-29.0
-12.0
-25.0
-72.0
-57.0
-102.0
-197.0
-685.0
-221.0
-822.155
-49.0
-23.0
-24.0
-1.0
-589.0
-32.0
-21.0
-524.0
-0.0
-335.0
-3.0
-27.0
-22.0
-32.0
-65.0
-4.5
-202.5
-167.0
-97.0
-79.0
-65.0
-115.5
-54.0
-61.129999999999995
-178.0
-56.0
-12.0
-23.5
-92.0
-37.0
-11.0
-20.0
-72.0
-13.0
-57.0
-23.0
-15.0
-10.0
-70.0
-38.5
-4.5
-136.0
-293.0
-48.0
-131.0
-10.0
-49.0
-17.129999999999995
-48.5
-744.46
-1.0
-21.5
-577.0
-618.0
-39.0
-78.0
-173.0
-56.0
-110.0
-581.0
-550.0
-106.0
-13.0
-477.0
-22.0
-163.0
-101.0
-109.0
-133.0
-6.5
-203.0
-422.155
-62.5
-3.460000000000008
-50.0
-33.5
-364.0
-695.0
-62.0
-66.0
-103.0
-38.0
-80.0
-13.0
-29.0
-30.0
-51.0
-377.0
-105.0
-80.0
-26.0
-3.0
-72.0
-102.0
-151.0
-12.155000000000001
-30.5
-10.919999999999987
-3.0
-28.0
-7.0
-21.0
-20.0
-102.0
-52.0
-123.0
-87.0
-9.0
-63.0
-22.0
-87.0
-26.0
-3.0
-33.0
-13.0
-7.0
-58.0
-54.0
-9.0
-4.155000000000001
-16.0
-16.0
-32.0
-11.0
-4.0
-19.0
-17.0
-14.0
-273.0
-19.0
-616.0
-655.0
-48.0
-23.0
-29.0
-42.0
-40.0
-7.0
-161.0
-356.0
-47.0
-22.0
-7.0
-4.155000000000001
-28.0
-32.0
-48.0
-41.5
-46.0
-28.0
-68.0
-80.0
-306.0
-71.0
-14.0
-79.0
-1.0
-37.0
-7.0
-3.0
-22.0
-377.0
-47.0
-54.0
-46.0
-11.0
-41.0
-13.155000000000001
-258.0
-5.0
-23.0
-22.0
-5.0
-27.0
-7.0
-6.0
-7.0
-103.0
-192.0
-57.0
-122.0
-166.0
-202.0
-166.0
-123.0
-153.0
-82.0
-73.0
-9.0
-15.0
-10.0
-25.129999999999995
-0.0
-2.0
-10.0
-5.0
-4.0
-22.0
-415.0
-592.0
-17.0
-71.0
-75.0
-15.0
-2.0
-221.0
-46.0
-40.0
-95.0
-5.0
-548.0
-12.0
-36.0
-22.0
-6.0
-22.129999999999995
-1.0
-0.0
-6.0
-9.0
-5.0
-1.0
-23.0
-113.0
-31.0
-49.0
-59.0
-75.0
-102.0
-83.0
-70.0
-63.0
-30.0
-40.0
-7.0
-32.0
-719.0
-16.0
-4.0
-12.155000000000001
-29.0
-4.0
-12.47999999999999
-5.5
-7.5
-0.5
-14.0
-84.0
-237.67999999999995
-10.32000000000005
-646.68
-10.0
-27.0
-17.0
-25.0
-1.0
-18.0
-61.0
-35.0
-37.0
-33.0
-4.0
-23.0
-36.845
-17.0
-7.0
-213.0
-10.0
-32.0
-12.0
-12.0
-92.0
-310.0
-90.0
-107.0
-19.0
-66.0
-11.0
-49.0
-188.0
-16.0
-178.0
-53.0
-13.0
-13.0
-196.0
-14.0
-41.139999999999986
-10.5
-11.0
-118.0
-20.0
-40.0
-21.0
-188.03999999999996
-160.03999999999996
-53.039999999999964
-66.03999999999996
-63.039999999999964
-76.03999999999996
-154.96000000000004
-127.04000000000002
-9.04000000000002
-144.04000000000002
-2.5
-1.5
-23.38499999999999
-25.0
-4.175000000000011
-9.680000000000007
-19.0
-7.675000000000011
-27.180000000000007
-27.680000000000007
-34.5
-138.5
-47.03999999999999
-22.95999999999998
-65.0
-3.0
-73.0
-61.0
-350.0
-56.0
-37.0
-19.0
-24.0
-51.0
-191.0
-33.0
-8.085000000000008
-18.0
-20.349999999999994
-41.360000000000014
-29.0
-21.349999999999994
-29.360000000000014
-37.360000000000014
-532.5
-6.5
-40.48000000000002
-52.98000000000002
-12.5
-7.0
-34.0
-50.0
-19.0
-28.0
-20.0
-12.0
-13.0
-25.0
-1.0
-6.0
-795.08
-21.960000000000008
-29.0
-15.0
-48.0
-24.0
-26.0
-8.0
-115.0
-317.0
-39.0
-377.0
-39.0
-3.0
-23.0
-12.0
-30.0
-33.0
-227.0
-9.0
-67.0
-16.0
-83.0
-12.0
-23.38499999999999
-845.48
-0.0
-7.0
-3.0
-20.0
-24.0
-13.0
-129.0
-38.0
-214.0
-45.0
-58.0
-28.0
-62.0
-67.0
-6.0
-27.0
-1.0
-195.0
-14.0
-409.0
-22.0
-11.0
-32.38499999999999
-27.0
-5.0
-21.0
-55.0
-9.0
-6.0
-19.0
-0.0
-31.0
-248.0
-22.0
-84.0
-49.0
-41.0
-13.0
-17.0
-17.0
-27.0
-24.0
-33.0
-22.0
-58.0
-10.0
-0.6150000000000091
-15.0
-23.0
-34.0
-11.0
-5.0
-32.0
-12.0
-10.0
-95.0
-157.0
-19.0
-91.0
-42.0
-3.0
-50.0
-24.0
-16.0
-26.0
-3.0
-229.0
-36.0
-43.0
-55.0
-74.61500000000001
-9.0
-35.0
-33.0
-24.0
-22.0
-15.0
-5.0
-17.0
-33.0
-8.0
-1.0
-12.0
-3.0
-46.0
-185.0
-98.0
-36.0
-11.0
-39.0
-17.0
-78.0
-6.0
-12.0
-32.38499999999999
-18.0
-16.0
-117.0
-18.0
-11.0
-8.0
-5.0
-10.0
-56.0
-10.0
-78.0
-84.0
-324.0
-29.0
-4.0
-6.279999999999973
-7.720000000000027
-24.80000000000001
-30.19999999999999
-9.5
-30.0
-26.0
-17.0
-8.610000000000014
-17.0
-21.0
-15.0
-10.0
-177.0
-17.0
-16.0
-22.0
-21.0
-53.0
-14.439999999999998
-26.439999999999998
-18.439999999999998
-33.44
-55.44
-76.44
-40.44
-3.0
-29.0
-349.0
-41.0
-23.0
-20.0
-11.610000000000014
-27.0
-27.0
-4.0
-50.0
-15.0
-4.0
-21.0
-112.0
-44.0
-10.0
-32.0
-21.0
-32.0
-30.0
-19.0
-37.0
-62.0
-49.0
-50.0
-117.0
-18.0
-15.0
-3.0
-24.38499999999999
-25.0
-3.0
-11.0
-51.0
-71.0
-63.0
-27.5
-33.51999999999998
-1.0
-16.0
-137.0
-12.0
-38.0
-48.0
-39.0
-18.0
-29.0
-28.0
-17.0
-115.0
-4.0
-10.0
-6.0
-23.38499999999999
-18.0
-2.0
-3.0
-15.0
-27.0
-15.0
-31.0
-12.0
-40.0
-10.0
-9.0
-50.0
-5.0
-39.0
-77.0
-75.0
-50.0
-32.0
-22.0
-24.0
-30.0
-16.0
-52.0
-0.6150000000000091
-177.07999999999998
-164.07999999999998
-262.08
-321.92
-265.08
-206.92000000000002
-191.92000000000002
-310.92
-99.91999999999996
-41.15999999999997
-0.8400000000000318
-69.08000000000004
-118.08000000000004
-38.08000000000004
-352.0
-28.159999999999968
-228.15999999999997
-159.0
-35.0
-345.0
-19.0
-49.0
-22.0
-32.38499999999999
-3.0
-25.0
-7.0
-36.0
-7.0
-21.0
-14.0
-17.0
-11.0
-8.0
-41.0
-104.0
-13.0
-0.0
-74.0
-160.0
-14.0
-186.0
-15.0
-18.0
-47.0
-35.0
-6.0
-59.61500000000001
-7.0
-23.0
-427.0
-1.0
-8.0
-1.0
-1.0
-14.0
-29.0
-19.0
-51.0
-63.0
-48.0
-219.0
-13.0
-3.0
-3.0
-15.0
-6.0
-12.0
-31.0
-20.0
-39.0
-499.61
-15.0
-8.0
-17.0
-3.0
-10.0
-6.0
-109.0
-9.5
-631.5
-18.0
-29.0
-28.0
-32.0
-37.0
-52.0
-43.0
-31.0
-37.0
-6.0
-35.0
-46.0
-14.0
-7.0
-3.6100000000000136
-6.0
-6.0
-783.0
-13.0
-9.0
-161.0
-1.0
-98.0
-39.0
-1.0
-39.0
-11.0
-23.0
-38.0
-18.0
-447.0
-25.0
-35.0
-5.0
-78.0
-10.0
-77.0
-46.0
-52.38499999999999
-24.0
-3.0
-710.0
-8.0
-11.0
-95.0
-94.0
-19.0
-44.0
-7.0
-506.0
-49.0
-11.0
-34.0
-21.0
-9.0
-14.0
-17.0
-37.0
-96.0
-19.0
-6.0
-28.0
-0.6150000000000091
-11.5
-12.5
-412.0
-9.5
-13.5
-21.0
-5.0
-0.0
-4.0
-18.0
-49.0
-64.0
-24.0
-45.0
-11.0
-21.91999999999996
-56.91999999999996
-325.0
-4.0
-84.0
-128.0
-26.0
-7.0
-45.38499999999999
-7.5
-21.0
-19.0
-3.0
-8.0
-13.0
-0.0
-2.0
-0.0
-25.0
-45.0
-155.0
-25.0
-49.0
-58.0
-10.0
-17.0
-22.0
-50.0
-19.0
-39.0
-9.0
-8.0
-23.38499999999999
-7.5
-10.0
-17.0
-34.0
-27.0
-10.0
-127.0
-89.0
-233.0
-7.0
-9.0
-84.0
-45.0
-31.0
-30.0
-46.0
-83.0
-19.0
-65.0
-6.0
-25.0
-7.0
-13.0
-32.38499999999999
-695.0
-28.0
-19.0
-290.0
-6.0
-14.0
-25.0
-5.0
-8.0
-5.0
-20.0
-49.0
-40.0
-55.0
-40.0
-11.0
-7.0
-29.0
-23.0
-41.0
-17.0
-9.0
-709.0
-10.139999999999986
-20.0
-17.0
-7.0
-25.0
-22.0
-20.0
-11.0
-119.0
-125.0
-87.0
-92.0
-58.0
-92.0
-71.0
-75.0
-82.0
-83.0
-7.0
-625.0
-11.0
-13.0
-17.0
-7.0
-359.12
-0.0
-4.0
-23.0
-11.0
-177.0
-2.5
-16.0
-78.0
-276.0
-36.0
-10.0
-68.0
-0.0
-25.0
-77.0
-37.0
-42.0
-154.0
-2.0
-193.0
-5.0
-11.0
-23.0
-38.38499999999999
-1.0
-15.0
-23.0
-13.5
-8.0
-39.0
-22.0
-25.0
-49.0
-25.0
-55.0
-89.0
-54.0
-21.0
-75.0
-3.0
-38.0
-121.0
-16.0
-18.0
-16.0
-0.0
-168.0
-23.38499999999999
-34.0
-6.0
-4.0
-1.0
-15.0
-4.0
-20.0
-13.0
-21.0
-629.0
-36.0
-72.0
-5.0
-1.0
-31.0
-27.0
-53.0
-23.0
-34.0
-48.0
-24.0
-72.0
-2.0
-45.38499999999999
-13.0
-5.0
-38.0
-14.0
-85.0
-34.0
-154.0
-17.0
-44.0
-12.0
-20.0
-41.0
-92.0
-27.0
-63.0
-92.0
-24.0
-14.0
-144.0
-34.0
-23.0
-146.0
-138.0
-12.829999999999984
-77.0
-20.0
-11.0
-85.0
-19.0
-17.0
-22.0
-23.0
-205.0
-258.0
-425.0
-67.0
-109.0
-52.0
-35.0
-37.0
-185.0
-28.0
-55.0
-114.0
-3.0
-16.0
-30.0
-21.155
-12.0
-11.0
-14.0
-0.0
-14.0
-28.0
-34.0
-24.0
-24.0
-95.0
-99.0
-121.0
-69.0
-742.0
-56.0
-0.0
-5.0
-14.0
-24.0
-40.0
-2.0
-5.0
-22.0
-28.11500000000001
-15.0
-8.0
-4.0
-13.0
-28.0
-21.0
-23.0
-15.0
-22.0
-52.0
-388.0
-80.0
-58.0
-78.0
-405.0
-7.0
-23.0
-43.0
-39.0
-31.0
-23.0
-14.0
-63.0
-28.11500000000001
-4.0
-20.0
-17.0
-10.0
-16.0
-10.0
-18.0
-127.0
-28.0
-28.0
-9.0
-14.0
-12.0
-41.0
-28.0
-38.0
-22.480000000000018
-23.519999999999982
-73.0
-13.0
-18.0
-684.0
-12.0
-35.155
-18.0
-16.0
-59.0
-82.0
-51.0
-84.0
-35.0
-106.0
-11.0
-40.0
-42.0
-51.0
-12.0
-41.0
-63.0
-2.0
-35.0
-193.0
-6.0
-14.0
-12.0
-47.0
-24.0
-13.155000000000001
-5.0
-2.0
-31.0
-11.0
-11.0
-27.5
-9.0
-109.0
-84.0
-18.0
-28.0
-32.0
-12.0
-36.0
-33.0
-6.0
-64.0
-65.0
-39.0
-159.0
-23.0
-12.0
-20.0
-21.155
-42.0
-3.0
-21.0
-552.0
-5.0
-11.0
-14.0
-145.0
-42.0
-599.0
-5.0
-60.0
-56.0
-16.0
-10.0
-46.0
-4.0
-40.0
-25.0
-38.0
-3.0
-4.0
-37.0
-35.155
-67.0
-22.0
-104.0
-1.0
-5.0
-20.0
-2.0
-6.0
-24.0
-58.0
-92.0
-13.0
-71.0
-51.0
-386.0
-60.0
-15.0
-263.0
-108.0
-14.0
-33.0
-14.0
-46.0
-1.8449999999999989
-280.0
-33.0
-54.0
-48.0
-21.0
-42.0
-44.0
-22.0
-8.0
-35.0
-44.56
-46.44
-406.0
-14.0
-14.0
-15.0
-23.0
-37.0
-55.0
-18.0
-10.0
-15.0
-11.0
-38.110000000000014
-5.0
-18.0
-209.0
-12.5
-30.0
-14.0
-4.0
-6.0
-12.0
-61.0
-24.0
-16.0
-50.0
-7.0
-16.0
-6.0
-45.0
-38.0
-107.0
-59.0
-12.0
-6.0
-27.0
-7.900000000000006
-25.0
-26.0
-26.0
-1.0
-42.0
-21.0
-1.0
-75.0
-24.0
-33.0
-50.0
-90.0
-18.0
-7.0
-62.0
-36.0
-76.0
-454.0
-324.0
-70.0
-79.0
-84.0
-63.0
-68.155
-104.0
-96.0
-103.0
-98.0
-105.0
-104.0
-7.0
-104.0
-1.0
-3.0
-48.0
-71.0
-16.0
-9.0
-15.0
-3.0
-19.0
-118.0
-51.0
-4.0
-13.0
-38.0
-8.0
-13.155000000000001
-78.0
-6.0
-20.0
-12.0
-19.0
-19.0
-26.0
-13.0
-31.0
-3.0
-30.0
-60.0
-1.0
-69.69000000000005
-332.0
-11.0
-6.0
-32.0
-37.0
-25.0
-17.0
-2.0
-0.0
-13.155000000000001
-2.0
-23.0
-17.0
-6.0
-16.0
-14.0
-15.0
-4.0
-30.0
-8.0
-174.0
-271.0
-13.0
-283.655
-26.0
-45.0
-0.0
-7.0
-21.0
-71.0
-48.0
-27.0
-13.0
-129.0
-1.0
-7.0
-39.0
-5.0
-88.12
-123.0
-24.0
-25.0
-13.0
-14.409999999999997
-17.0
-5.0
-21.0
-19.0
-14.0
-26.0
-23.0
-15.0
-16.0
-28.0
-3.0
-10.0
-41.0
-34.0
-60.0
-34.0
-3.0
-324.0
-16.200000000000045
-99.0
-0.0
-29.0
-8.0
-1.5900000000000034
-29.0
-7.0
-5.0
-15.0
-8.0
-0.0
-29.0
-41.0
-77.0
-21.0
-56.0
-102.0
-14.0
-47.0
-37.0
-52.0
-60.0
-91.0
-30.0
-489.0
-37.0
-13.0
-7.0
-1.5900000000000034
-25.0
-11.0
-5.0
-33.0
-1.0
-49.0
-47.0
-47.0
-39.0
-66.12
-33.120000000000005
-22.0
-1.0
-14.0
-671.0
-7.0
-41.0
-62.0
-27.0
-17.0
-56.0
-11.0
-14.0
-1.5900000000000034
-12.0
-184.0
-15.0
-6.0
-9.0
-17.0
-40.0
-123.0
-11.120000000000005
-67.0
-34.0
-1.0
-29.480000000000018
-53.75999999999999
-13.0
-48.0
-36.0
-535.0
-3.0
-35.0
-7.0
-6.0
-6.0
-27.590000000000003
-10.0
-396.0
-25.0
-9.0
-4.0
-18.0
-5.0
-3.0
-19.0
-42.0
-228.0
-654.0
-28.0
-5.039999999999992
-30.04000000000002
-12.0
-22.0
-31.0
-31.0
-13.0
-2.0
-22.0
-246.0
-5.590000000000003
-26.0
-12.0
-7.0
-5.0
-15.0
-5.0
-20.0
-401.0
-96.0
-538.0
-100.0
-148.0
-97.0
-33.0
-15.0
-10.120000000000005
-9.0
-31.0
-95.0
-96.0
-66.0
-66.0
-9.0
-504.59000000000003
-16.0
-31.0
-7.0
-24.0
-23.0
-17.0
-46.0
-574.0
-12.0
-23.0
-22.0
-126.0
-43.120000000000005
-145.0
-141.0
-79.0
-52.0
-4.0
-141.12
-8.0
-46.0
-364.0
-11.0
-1.5900000000000034
-12.0
-45.0
-5.0
-34.0
-1.0
-34.0
-79.0
-53.0
-25.0
-12.0
-47.0
-104.0
-28.960000000000036
-64.03999999999996
-8.0
-28.0
-8.0
-8.0
-59.0
-65.0
-47.0
-18.0
-8.0
-1.5900000000000034
-20.0
-811.0
-8.0
-24.0
-11.0
-6.0
-40.0
-52.0
-8.0
-39.0
-51.0
-28.0
-22.0
-33.879999999999995
-122.0
-16.0
-30.879999999999995
-0.0
-8.120000000000005
-83.0
-224.0
-1.0
-9.0
-1.5900000000000034
-7.0
-17.0
-30.0
-14.0
-2.0
-91.0
-31.0
-77.0
-24.0
-23.0
-650.0
-13.0
-26.0
-117.0
-10.0
-0.08000000000004093
-20.120000000000005
-59.0
-14.0
-54.879999999999995
-48.0
-9.0
-0.0
-37.41
-13.0
-14.0
-21.0
-1.0
-8.0
-24.0
-33.0
-146.0
-43.0
-87.0
-79.0
-84.0
-4.0
-32.0
-41.0
-39.0
-49.0
-35.0
-18.0
-38.0
-46.0
-33.0
-6.0
-74.59
-21.0
-46.0
-36.0
-39.0
-14.0
-8.0
-5.0
-9.0
-37.0
-547.0
-82.0
-30.0
-0.0
-3.0
-66.0
-8.0
-10.0
-29.0
-32.5
-35.0
-5.0
-178.0
-15.0
-0.5900000000000034
-5.0
-11.0
-51.0
-50.0
-861.0
-61.0
-10.0
-3.0
-33.0
-18.0
-1.0
-30.039999999999992
-11.0
-53.0
-22.0
-24.0
-507.0
-5.0
-1.5
-2.0
-42.0
-14.0
-36.0
-374.59000000000003
-26.0
-20.0
-13.0
-10.0
-5.0
-16.0
-2.0
-187.0
-116.0
-76.0
-61.0
-112.0
-63.0
-0.0
-37.0
-10.0
-38.91999999999996
-31.0
-116.0
-15.0
-74.0
-6.0
-35.0
-54.41
-23.0
-7.0
-7.0
-597.0
-3.0
-9.0
-17.0
-96.0
-27.840000000000032
-85.03999999999996
-9.840000000000032
-2.840000000000032
-79.84000000000003
-139.84000000000003
-3.7200000000000273
-572.64
-101.63999999999999
-35.639999999999986
-75.63999999999999
-58.639999999999986
-53.639999999999986
-22.639999999999986
-21.0
-1.5900000000000034
-18.0
-6.0
-27.0
-9.5
-19.5
-9.0
-25.0
-61.0
-15.0
-8.0
-55.0
-85.0
-32.0
-96.0
-420.0
-61.0
-726.0
-33.0
-136.0
-2.0
-58.0
-7.0
-36.0
-37.41
-16.0
-15.0
-105.0
-508.0
-86.0
-55.0
-6.0
-43.0
-80.88
-72.12
-28.91999999999996
-1.1200000000000045
-2.8799999999999955
-22.879999999999995
-76.55999999999995
-18.559999999999945
-59.0
-37.0
-109.0
-56.0
-62.0
-4.0
-36.0
-56.41
-24.0
-7.0
-30.0
-57.0
-41.0
-14.0
-19.0
-253.0
-670.0
-72.0
-76.0
-16.0
-15.0
-39.0
-18.0
-43.0
-12.0
-17.039999999999992
-15.5
-19.0
-79.0
-3.0
-27.0
-0.8799999999999955
-5.0
-18.0
-14.0
-45.0
-5.0
-8.0
-41.0
-46.0
-25.0
-31.0
-62.0
-60.0
-650.0
-90.0
-3.0
-35.0
-35.0
-241.0
-1.0
-38.0
-41.0
-2.0
-297.0
-100.08500000000001
-18.0
-10.0
-13.0
-640.0
-11.0
-5.0
-44.0
-107.0
-100.12
-63.15999999999997
-63.15999999999997
-45.27999999999997
-23.840000000000032
-34.15999999999997
-97.84000000000003
-77.0
-126.0
-81.0
-69.0
-37.0
-149.0
-103.0
-35.0
-40.89999999999998
-11.0
-19.0
-30.0
-28.0
-1.0
-5.0
-11.0
-107.0
-122.0
-29.120000000000005
-51.110000000000014
-85.0
-85.0
-120.0
-20.0
-3.0
-122.0
-37.0
-9.0
-21.0
-30.0
-100.12
-35.0
-3.8100000000000023
-13.0
-22.0
-22.0
-13.0
-1.0
-8.0
-11.0
-62.0
-58.0
-169.0
-58.0
-280.0
-27.0
-57.0
-1.0
-22.0
-60.0
-13.0
-21.0
-76.0
-50.0
-55.0
-28.0
-3.8100000000000023
-6.0
-26.5
-15.5
-10.0
-15.0
-15.0
-23.0
-72.0
-20.879999999999995
-3.0
-28.0
-17.0
-57.0
-32.0
-633.08
-18.0
-44.0
-14.0
-20.0
-91.0
-93.0
-49.0
-13.0
-37.72
-96.0
-24.0
-25.0
-24.0
-712.0
-46.0
-26.0
-58.0
-8.0
-2.0
-104.0
-39.0
-27.0
-1.0
-31.0
-54.879999999999995
-73.0
-9.0
-30.0
-59.0
-14.0
-9.0
-14.0
-4.639999999999986
-7.0
-513.0
-9.5
-12.0
-7.0
-780.0
-9.0
-87.0
-43.0
-69.0
-65.0
-84.0
-77.0
-5.0
-14.0
-16.0
-10.0
-77.0
-6.0
-0.0
-14.0
-16.0
-19.0
-855.085
-37.0
-4.0
-100.0
-37.0
-14.0
-5.0
-7.0
-37.0
-664.0
-1.0
-9.0
-78.0
-307.0
-28.0
-9.0
-168.0
-88.0
-23.0
-8.0
-26.0
-31.0
-44.0
-93.0
-7.914999999999992
-63.0
-1.0
-12.0
-27.0
-20.0
-40.0
-2.0
-73.0
-6.0
-26.0
-67.0
-640.0
-58.48000000000002
-18.519999999999982
-47.879999999999995
-38.0
-26.480000000000018
-0.4800000000000182
-144.55999999999995
-11.560000000000002
-33.44
-11.759999999999991
-4.0
-443.64
-6.0
-17.5
-33.5
-15.5
-20.0
-9.5
-71.6
-48.60000000000002
-8.600000000000023
-228.60000000000002
-71.39999999999998
-46.0
-169.0
-36.0
-28.0
-30.0
-33.0
-81.0
-25.0
-53.0
-20.0
-71.0
-30.0
-4.639999999999986
-6.0
-3.0
-17.0
-40.0
-24.0
-39.0
-43.0
-87.0
-33.0
-102.0
-145.0
-16.0
-0.8799999999999955
-94.0
-15.0
-27.91999999999996
-42.0
-59.879999999999995
-14.600000000000023
-298.4
-48.0
-39.0
-25.0
-4.639999999999986
-34.0
-8.0
-10.0
-15.0
-9.0
-15.0
-9.0
-80.0
-38.0
-13.0
-73.0
-60.0
-4.0
-49.0
-35.0
-15.0
-24.0
-8.0
-14.0
-17.0
-16.0
-62.0
-7.0
-4.639999999999986
-17.0
-43.0
-4.0
-5.0
-23.0
-25.0
-63.0
-12.0
-50.0
-6.0
-2.0
-11.879999999999995
-11.0
-11.0
-72.0
-26.0
-19.0
-85.0
-33.0
-130.0
-9.0
-50.0
-25.0
-4.639999999999986
-23.0
-602.0
-3.0
-9.0
-15.0
-12.0
-126.0
-113.0
-3.0
-473.0
-70.0
-38.0
-34.0
-29.0
-43.0
-40.0
-30.0
-33.0
-10.0
-3.0
-22.0
-14.0
-2.0
-42.08500000000001
-23.0
-2.0
-2.0
-11.0
-15.0
-19.0
-574.0
-221.0
-829.0
-33.0
-23.0
-51.0
-12.0
-5.0
-12.0
-25.0
-303.0
-4.0
-23.0
-1.0
-2.0
-297.0
-303.0
-335.08500000000004
-17.0
-41.0
-20.0
-29.0
-1.0
-3.0
-4.0
-164.0
-61.0
-109.0
-131.0
-178.0
-40.120000000000005
-97.0
-2.0
-4.0
-27.0
-162.0
-99.0
-28.0
-130.0
-443.0
-21.0
-4.639999999999986
-28.0
-32.0
-43.0
-20.0
-19.0
-296.0
-28.0
-50.0
-177.0
-83.0
-10.879999999999995
-210.0
-41.0
-21.879999999999995
-84.0
-20.0
-48.0
-15.0
-39.0
-76.88
-30.0
-13.0
-13.0
-4.639999999999986
-23.0
-110.0
-2.0
-5.0
-46.0
-20.0
-1.0
-56.0
-32.0
-180.0
-38.0
-44.0
-97.0
-12.0
-22.0
-47.0
-60.0
-54.0
-33.08000000000004
-58.0
-84.0
-12.0
-48.0
-34.360000000000014
-24.0
-28.0
-8.0
-85.0
-20.0
-40.0
-7.0
-127.0
-39.0
-39.0
-12.0
-22.0
-78.08000000000004
-2.0
-11.0
-20.0
-53.0
-54.0
-19.0
-15.879999999999995
-18.0
-18.0
-11.0
-8.0
-39.0
-8.0
-18.0
-7.0
-20.0
-0.0
-525.0
-113.0
-26.0
-89.0
-66.0
-22.0
-31.0
-41.91999999999996
-20.0
-27.0
-15.0
-46.0
-113.0
-118.0
-20.0
-321.0
-31.0
-2.9700000000000273
-26.0
-2.0
-378.0
-11.0
-12.0
-786.0
-5.0
-125.0
-2.0
-35.0
-8.0
-45.0
-11.0
-54.0
-15.0
-2.0
-37.0
-10.0
-18.0
-13.0
-33.0
-5.0
-15.0
-27.085000000000008
-23.0
-32.0
-37.0
-14.0
-219.0
-25.0
-6.0
-20.0
-29.0
-11.0
-5.0
-93.0
-46.0
-50.5
-40.0
-10.0
-31.0
-758.0
-90.0
-16.0
-17.0
-127.0
-20.0
-4.085000000000008
-43.0
-9.0
-19.0
-26.0
-9.0
-11.0
-9.0
-132.0
-75.0
-40.0
-94.0
-183.0
-239.0
-72.0
-98.0
-45.0
-28.120000000000005
-26.0
-16.0
-72.0
-60.0
-44.0
-23.0
-2.9700000000000273
-38.0
-35.0
-11.0
-3.0
-24.0
-3.1299999999999955
-34.0
-34.0
-308.0
-484.0
-4.0
-18.0
-7.0
-0.0
-279.0
-18.0
-47.0
-15.0
-53.879999999999995
-66.0
-10.0
-13.0
-16.0
-18.0
-59.0
-43.0
-31.0
-28.0
-6.0
-11.865000000000009
-44.0
-25.0
-13.0
-27.0
-17.0
-10.0
-31.0
-23.0
-34.0
-47.0
-604.0
-47.0
-27.0
-47.0
-56.0
-49.0
-59.0
-13.0
-1.0
-11.0
-25.0
-3.0
-5.0
-14.5
-42.0
-675.0
-45.120000000000005
-707.0
-12.0
-4.5
-11.5
-0.0
-21.0
-146.0
-8.0
-7.259999999999991
-6.5
-5.5
-7.0
-317.0
-17.0
-1.0
-12.0
-7.0
-12.0
-752.0
-18.0
-32.5
-7.0
-27.0
-21.0
-16.0
-4.0
-22.0
-15.0
-464.0
-272.0
-35.0
-27.0
-27.0
-16.0
-24.0
-54.0
-66.0
-1.0
-74.12
-120.0
-102.0
-130.12
-79.0
-17.0
-11.865000000000009
-19.5
-5.0
-5.0
-12.0
-4.0
-5.0
-158.0
-110.0
-23.0
-594.0
-69.0
-4.0
-17.0
-42.0
-54.0
-37.0
-29.0
-50.0
-15.0
-52.0
-89.0
-433.0
-2.0
-461.14
-96.0
-7.0
-42.0
-6.0
-48.0
-39.0
-24.0
-116.12
-19.0
-86.0
-104.0
-653.0
-46.0
-4.0
-11.0
-10.0
-21.0
-36.0
-12.120000000000005
-5.0
-87.0
-26.0
-38.0
-254.05
-6.0
-32.0
-14.0
-14.0
-38.0
-6.0
-43.0
-5.639999999999986
-111.48000000000002
-46.0
-45.0
-3.32000000000005
-18.67999999999995
-42.67999999999995
-62.0
-9.0
-91.0
-21.0
-26.0
-29.0
-67.0
-37.0
-269.88
-11.884999999999991
-42.51999999999998
-5.0
-15.0
-34.0
-785.0
-3.0
-412.0
-13.0
-18.0
-227.08000000000004
-16.0
-9.100000000000023
-49.0
-2.0
-13.120000000000005
-0.0
-52.0
-1.0
-10.0
-74.0
-17.0
-25.0
-13.0
-11.884999999999991
-24.0
-12.0
-4.0
-10.0
-18.0
-7.0
-177.0
-25.0
-19.0
-29.0
-65.0
-52.48000000000002
-61.5
-719.0
-117.0
-66.0
-59.0
-14.0
-9.5
-19.0
-24.0
-26.5
-3.0
-12.5
-10.0
-176.5
-2.5
-3.0
-5.5
-6.5
-808.5
-15.0
-11.0
-54.0
-58.0
-32.25999999999999
-43.5
-0.5
-11.0
-41.0
-28.5
-20.0
-113.5
-3.5
-11.5
-12.5
-23.0
-14.5
-13.0
-15.0
-2.0
-2.0
-23.0
-16.0
-17.0
-118.0
-226.0
-61.0
-3.0
-51.0
-67.0
-10.0
-22.879999999999995
-20.0
-62.0
-69.0
-383.0
-117.0
-31.0
-0.0
-1.0
-27.88499999999999
-11.0
-30.0
-4.0
-5.0
-2.0
-10.0
-11.0
-134.0
-23.0
-24.0
-631.0
-17.0
-19.0
-96.0
-41.0
-58.0
-60.120000000000005
-10.0
-37.0
-9.0
-69.0
-3.0
-9.0
-27.88499999999999
-3.0
-54.0
-12.0
-21.0
-10.0
-2.0
-6.0
-56.0
-74.0
-44.0
-41.0
-116.0
-180.0
-10.0
-38.0
-159.0
-6.0
-47.08000000000004
-36.51999999999998
-289.48
-50.0
-4.0
-28.0
-26.180000000000007
-66.0
-13.0
-8.0
-24.0
-24.0
-238.0
-19.0
-107.0
-67.0
-70.0
-381.0
-27.0
-13.0
-13.0
-37.0
-3.0
-20.120000000000005
-46.0
-43.0
-98.0
-63.0
-14.0
-49.0
-4.319999999999993
-7.0
-20.0
-5.0
-453.0
-14.0
-25.0
-742.0
-18.0
-68.0
-3.0
-14.0
-51.0
-34.0
-18.0
-3.0
-46.0
-1.0
-59.0
-0.0
-28.0
-511.0
-13.0
-15.0
-78.32
-22.0
-6.0
-4.0
-6.0
-1.0
-3.0
-7.0
-125.0
-30.0
-5.0
-17.0
-3.0
-58.0
-87.0
-30.0
-32.0
-12.0
-32.0
-13.0
-10.0
-35.0
-7.0
-19.0
-33.5
-7.0
-35.5
-8.5
-16.0
-1.0
-5.0
-1.0
-10.0
-74.0
-82.0
-26.0
-81.0
-7.0
-22.0
-18.0
-65.0
-3.0
-25.0
-74.0
-630.0
-24.0
-0.0
-24.0
-35.5
-244.0
-85.0
-13.0
-26.0
-21.0
-7.0
-0.0
-97.0
-268.12
-503.0
-6.0
-58.0
-6.0
-22.0
-2.0
-26.0
-29.91999999999996
-77.0
-117.0
-36.0
-42.0
-42.0
-14.0
-14.180000000000007
-34.0
-31.0
-24.0
-16.0
-2.0
-20.0
-2.0
-104.0
-25.0
-27.0
-11.0
-39.0
-37.0
-21.0
-7.0
-4.0
-17.0
-63.0
-54.0
-40.0
-73.0
-33.0
-22.0
-29.319999999999993
-4.0
-1.0
-11.0
-11.0
-15.0
-2.0
-1.0
-61.120000000000005
-25.0
-5.0
-57.0
-23.0
-274.0
-10.0
-1.0
-13.0
-21.0
-27.0
-56.0
-86.0
-16.0
-26.0
-9.0
-9.319999999999993
-18.0
-22.0
-2.0
-16.0
-15.0
-282.0
-11.0
-73.0
-75.0
-36.0
-19.08000000000004
-575.0
-64.88
-32.0
-27.0
-341.0
-34.0
-103.0
-17.0
-69.0
-60.0
-22.0
-31.0
-26.680000000000007
-69.0
-28.0
-15.0
-37.0
-67.0
-24.0
-12.0
-481.0
-23.0
-554.04
-11.039999999999964
-45.0
-51.0
-174.0
-5.0
-7.0
-13.0
-53.0
-10.0
-56.0
-11.0
-26.0
-6.0
-29.319999999999993
-8.0
-2.0
-4.0
-66.0
-70.0
-5.0
-17.0
-718.0
-26.0
-100.0
-9.0
-42.0
-9.0
-17.0
-26.0
-19.0
-21.0
-16.0
-8.0
-47.0
-39.0
-16.0
-1.0
-32.5
-60.0
-5.0
-32.0
-18.0
-821.0
-20.0
-12.0
-1.0
-125.0
-18.0
-11.0
-234.0
-22.0
-14.0
-10.0
-3.0
-11.0
-1.0
-11.0
-2.0
-9.0
-12.0
-1.0
-14.5
-19.0
-8.0
-6.0
-516.0
-13.0
-10.0
-16.0
-128.0
-20.0
-26.0
-11.0
-46.0
-36.0
-24.0
-28.0
-425.0
-9.0
-74.0
-48.0
-48.0
-4.0
-7.0
-53.0
-6.680000000000007
-8.0
-29.0
-76.0
-56.0
-88.0
-333.0
-65.0
-49.0
-10.0
-51.0
-16.0
-41.0
-37.0
-80.0
-3.0
-17.0
-535.0
-16.0
-157.0
-10.0
-65.0
-30.0
-39.0
-6.680000000000007
-31.0
-11.0
-33.0
-636.0
-14.0
-58.0
-1.0
-29.0
-76.0
-15.0
-33.0
-68.0
-22.0
-76.0
-8.0
-20.0
-26.0
-11.0
-14.0
-25.0
-25.0
-0.0
-19.0
-6.680000000000007
-12.0
-5.0
-2.0
-4.0
-45.0
-30.0
-22.0
-120.0
-33.0
-37.0
-555.0
-37.0
-25.0
-18.0
-8.0
-3.0
-31.0
-8.0
-57.0
-201.0
-295.0
-8.0
-2.0
-0.8199999999999932
-1.0
-3.0
-29.0
-23.0
-29.0
-42.0
-27.0
-15.0
-35.0
-73.0
-28.0
-575.0
-432.0
-48.0
-109.0
-79.0
-66.0
-155.0
-72.0
-45.0
-23.0
-70.92000000000002
-0.5
-10.474999999999994
-19.0
-81.0
-13.0
-0.0
-22.0
-4.0
-685.0
-107.0
-34.0
-26.0
-18.0
-36.0
-16.0
-2.0
-15.0
-1.0
-5.1200000000000045
-5.0
-615.0
-11.0
-38.0
-30.0
-2.0
-14.5
-2.0
-14.0
-22.0
-24.0
-15.0
-17.0
-4.0
-4.0
-17.0
-12.0
-2.0
-39.0
-40.0
-0.0
-5.0
-5.0
-17.0
-10.0
-25.0
-48.0
-21.0
-37.0
-17.0
-12.5
-265.0
-0.0
-49.0
-25.0
-6.0
-7.0
-0.0
-168.0
-5.0
-41.0
-3.0
-68.0
-43.0
-24.0
-29.0
-8.0
-23.0
-168.0
-73.0
-124.0
-23.0
-45.0
-13.0
-78.525
-23.0
-2.0
-3.0
-74.5
-19.0
-10.5
-19.0
-34.95999999999998
-9.0
-77.0
-6.0
-30.0
-74.0
-62.0
-16.0
-293.0
-20.0
-599.0
-133.0
-12.0
-8.0
-438.0
-8.0
-4.1299999999999955
-6.0
-19.0
-17.0
-18.0
-9.0
-3.0
-6.0
-8.0
-33.0
-7.67999999999995
-13.440000000000055
-40.32000000000005
-48.0
-8.0
-20.0
-4.559999999999945
-5.440000000000055
-31.08000000000004
-70.08000000000004
-59.95999999999998
-718.56
-37.56
-627.0
-47.80500000000001
-10.0
-19.0
-1.0
-21.0
-18.0
-29.0
-23.0
-18.0
-29.0
-20.0
-18.0
-27.0
-76.0
-3.0
-84.0
-35.0
-49.0
-17.0
-33.0
-9.0
-11.0
-40.0
-20.0
-517.1949999999999
-5.759999999999991
-6.0
-15.5
-102.5
-33.5
-535.0
-12.0
-36.0
-20.0
-44.0
-11.0
-33.0
-42.0
-57.0
-19.0
-1.0
-43.0
-8.0
-90.0
-49.0
-79.0
-50.0
-16.0
-224.195
-16.0
-10.5
-3.5
-16.5
-37.0
-17.5
-16.0
-13.0
-10.259999999999991
-38.920000000000016
-32.920000000000016
-56.920000000000016
-16.919999999999987
-49.01999999999998
-38.920000000000016
-28.920000000000016
-52.920000000000016
-157.08
-8.919999999999987
-22.220000000000027
-20.5
-13.5
-100.5
-22.5
-34.0
-25.5
-32.5
-6.5
-36.0
-12.5
-141.0
-13.0
-10.259999999999991
-57.22000000000003
-48.56
-52.56
-37.04000000000002
-37.98000000000002
-60.56
-12.019999999999982
-54.56
-83.95999999999998
-4.439999999999998
-74.56
-14.5
-6.5
-1.5
-2.5
-68.75999999999999
-14.0
-4.5
-9.5
-28.5
-29.5
-7.5
-90.92000000000002
-82.91999999999996
-21.91999999999996
-2.080000000000041
-17.91999999999996
-59.91999999999996
-30.91999999999996
-176.91999999999996
-11.919999999999959
-53.91999999999996
-47.91999999999996
-76.91999999999996
-16.920000000000016
-12.920000000000016
-14.920000000000016
-24.0
-11.805000000000007
-41.75999999999999
-4.0
-5.0
-15.0
-34.0
-5.0
-46.0
-50.0
-68.0
-13.080000000000041
-8.159999999999968
-18.720000000000027
-16.279999999999973
-332.76
-44.0
-29.0
-26.0
-31.32000000000005
-70.32000000000005
-120.32
-7.0
-16.0
-24.0
-27.805000000000007
-5.759999999999991
-63.56
-35.94
-28.439999999999998
-17.439999999999998
-31.439999999999998
-46.68000000000001
-41.879999999999995
-4.8799999999999955
-74.12
-14.120000000000005
-86.12
-55.639999999999986
-61.50999999999999
-38.120000000000005
-78.11000000000001
-36.120000000000005
-194.12
-82.88999999999999
-138.60000000000002
-13.600000000000023
-17.389999999999986
-25.600000000000023
-35.48000000000002
-37.51999999999998
-38.22000000000003
-15.939999999999998
-8.439999999999998
-5.439999999999998
-28.439999999999998
-45.879999999999995
-60.56
-78.39999999999998
-93.20000000000005
-27.200000000000045
-22.200000000000045
-96.20000000000005
-73.20000000000005
-35.0
-14.0
-37.0
-4.0
-37.0
-27.0
-23.0
-27.0
-15.0
-44.0
-35.0
-53.0
-53.0
-68.0
-50.0
-45.0
-36.0
-38.00999999999999
-17.099999999999994
-51.0
-15.02000000000001
-33.97999999999999
-23.99000000000001
-7.0
-8.0
-107.0
-162.0
-137.0
-147.0
-68.0
-143.0
-107.0
-107.0
-100.0
-118.84000000000003
-28.159999999999968
-277.16
-4.160000000000025
-18.839999999999975
-34.839999999999975
-3.0
-30.039999999999992
-42.05000000000001
-14.0
-15.0
-15.0
-10.0
-11.0
-10.0
-67.0
-298.0
-524.0
-80.0
-16.0
-178.0
-89.0
-52.0
-27.0
-5.0
-7.0
-43.0
-89.0
-14.0
-50.0
-13.0
-45.03999999999999
-74.05000000000001
-38.0
-5.0
-30.0
-0.0
-8.0
-4.0
-5.0
-43.0
-40.0
-70.0
-20.0
-73.0
-576.0
-592.0
-564.0
-82.0
-4.0
-8.0
-83.0
-19.0
-64.0
-37.0
-34.0
-54.05000000000001
-18.0
-237.0
-14.0
-38.0
-7.0
-21.0
-13.0
-87.0
-49.0
-47.0
-6.0
-109.0
-117.0
-49.32000000000005
-55.32000000000005
-110.32000000000005
-9.0
-93.48000000000002
-18.480000000000018
-30.0
-419.0
-2.5
-25.314999999999998
-56.05000000000001
-28.0
-45.0
-30.5
-10.5
-17.5
-6.0
-83.88
-42.0
-78.0
-70.0
-5.0
-118.0
-43.0
-42.0
-103.0
-122.0
-5.0
-14.0
-14.0
-108.0
-32.0
-52.0
-20.685000000000002
-109.6
-80.0
-22.0
-17.0
-85.0
-22.0
-37.0
-49.0
-23.0
-42.0
-7.0
-156.0
-38.0
-12.0
-32.0
-32.0
-12.0
-33.0
-35.0
-39.0
-53.0
-517.0
-34.0
-37.954999999999956
-45.599999999999994
-37.0
-41.0
-28.0
-36.0
-18.0
-17.0
-25.0
-12.0
-279.48
-23.480000000000018
-21.0
-28.0
-21.0
-8.0
-6.0
-8.0
-440.0
-35.0
-43.0
-13.0
-13.0
-37.0
-17.099999999999994
-31.0
-12.0
-30.0
-18.0
-46.0
-32.0
-13.0
-121.0
-62.0
-46.0
-183.0
-7.0
-133.0
-46.0
-339.0
-562.0
-46.0
-62.0
-452.0
-54.0
-20.0
-31.0
-57.0
-25.314999999999998
-197.92000000000002
-15.920000000000016
-8.079999999999984
-227.92000000000002
-222.92000000000002
-229.92000000000002
-5.920000000000016
-208.07999999999998
-175.08000000000004
-137.08000000000004
-167.91999999999996
-111.91999999999996
-369.08000000000004
-309.08000000000004
-315.08000000000004
-249.91999999999996
-376.0
-9.0
-102.83999999999997
-9.839999999999975
-110.0
-257.0
-1.0
-3.3149999999999977
-4.0
-41.0
-3.0
-7.0
-7.0
-7.0
-7.0
-115.0
-152.0
-292.0
-76.0
-5.0
-100.0
-63.0
-101.0
-112.0
-16.0
-251.0
-40.0
-39.0
-48.0
-342.0
-40.0
-21.314999999999998
-66.0
-63.0
-26.0
-43.0
-37.0
-36.0
-43.0
-73.0
-31.0
-64.0
-75.0
-34.0
-56.0
-12.0
-27.0
-28.0
-9.0
-35.0
-27.0
-1.0
-27.0
-31.0
-14.0
-29.099999999999994
-490.0
-27.0
-37.0
-25.0
-487.0
-39.0
-42.0
-30.0
-30.0
-1.0
-11.0
-2.0
-2.0
-47.0
-58.0
-11.0
-55.0
-18.0
-40.0
-46.5
-7.0
-0.0
-4.0
-28.099999999999994
-41.0
-34.0
-29.0
-80.0
-172.0
-10.0
-17.0
-19.0
-838.0
-31.0
-39.0
-33.0
-51.0
-40.0
-27.0
-35.0
-58.0
-57.0
-33.0
-6.0
-7.0
-5.0
-8.0
-13.849999999999994
-10.0
-33.0
-16.0
-57.0
-60.0
-60.0
-5.0
-101.0
-185.0
-66.0
-122.0
-81.0
-152.0
-8.0
-599.0
-91.0
-106.0
-17.0
-160.0
-44.0
-99.0
-149.0
-39.0
-37.315
-27.0
-24.0
-7.0
-11.039999999999992
-10.0
-1.0
-2.0
-106.0
-328.0
-14.0
-23.0
-640.0
-6.0
-71.0
-70.0
-78.0
-43.0
-9.0
-74.0
-30.95999999999998
-650.96
-72.0
-86.0
-70.685
-15.0
-15.0
-15.0
-115.0
-8.0
-16.0
-546.0
-21.0
-165.0
-50.0
-636.56
-163.55999999999995
-12.440000000000055
-70.55999999999995
-36.200000000000045
-51.15999999999997
-15.32000000000005
-13.919999999999959
-103.08000000000004
-44.56
-40.56
-36.31999999999999
-49.0
-29.314999999999998
-49.0
-32.0
-412.5
-12.0
-803.5
-7.5
-13.0
-28.720000000000027
-56.72000000000003
-38.72000000000003
-39.72000000000003
-51.039999999999964
-1.0399999999999636
-35.960000000000036
-60.960000000000036
-68.96000000000004
-101.96000000000004
-22.0
-40.0
-79.0
-3.0
-75.0
-64.0
-26.314999999999998
-11.5
-18.0
-10.5
-26.0
-10.5
-31.0
-29.0
-14.0
-90.0
-19.0
-40.0
-26.0
-21.0
-34.75999999999999
-34.75999999999999
-21.24000000000001
-11.240000000000009
-5.960000000000036
-75.04000000000002
-54.0
-42.0
-16.0
-3.0
-26.314999999999998
-4.0
-17.0
-15.0
-363.0
-8.0
-8.0
-40.0
-61.0
-91.0
-38.0
-27.0
-42.0
-14.32000000000005
-2.67999999999995
-47.67999999999995
-31.0
-83.0
-15.0
-32.68000000000001
-85.68
-8.319999999999993
-14.0
-26.0
-10.685000000000002
-22.5
-42.5
-37.5
-42.0
-36.0
-11.0
-13.980000000000047
-145.0
-344.0
-87.5
-42.5
-111.0
-115.0
-109.0
-98.5
-24.0
-9.800000000000011
-17.0
-19.0
-19.0
-18.5
-25.5
-8.5
-2.3799999999999955
-12.5
-3.5
-8.5
-4.0
-10.0
-27.0
-24.960000000000008
-25.0
-732.0
-59.5
-39.0
-77.0
-67.0
-12.0
-4.0
-4.0
-18.0
-8.0
-36.0
-36.0
-30.0
-46.0
-25.0
-42.620000000000005
-26.340000000000003
-25.0
-24.0
-1.0
-22.0
-44.0
-26.0
-77.0
-89.0
-40.0
-28.0
-371.0
-148.0
-2.480000000000018
-0.5199999999999818
-95.0
-125.0
-6.0
-137.0
-34.0
-57.0
-31.0
-3.0
-26.314999999999998
-39.68000000000001
-48.68000000000001
-89.68
-67.72
-50.68000000000001
-42.68000000000001
-50.19999999999999
-1.1999999999999886
-143.67999999999995
-63.32000000000005
-114.67999999999995
-36.32000000000005
-87.32000000000005
-76.32000000000005
-102.67999999999995
-93.67999999999995
-65.67999999999995
-9.32000000000005
-112.68
-52.31999999999999
-165.68
-23.680000000000007
-409.32
-28.629999999999995
-98.44
-62.44
-78.44
-85.44
-55.44
-86.44
-80.44
-0.4399999999999977
-72.55999999999995
-153.55999999999995
-79.55999999999995
-236.44000000000005
-117.55999999999995
-110.55999999999995
-435.44000000000005
-44.559999999999945
-59.559999999999945
-71.55999999999995
-165.44
-7.439999999999998
-26.560000000000002
-29.439999999999998
-238.56
-45.75999999999999
-45.0
-17.0
-14.0
-10.0
-23.0
-1.0
-16.0
-96.0
-30.0
-50.0
-4.0
-91.0
-6.0
-93.0
-18.0
-153.0
-59.0
-41.0
-29.0
-96.0
-50.0
-3.0
-2.0
-25.680000000000007
-1.5
-10.0
-33.0
-21.0
-13.0
-35.0
-32.0
-18.0
-12.0
-0.4800000000000182
-642.52
-15.0
-14.0
-619.44
-15.559999999999945
-25.440000000000055
-49.559999999999945
-30.559999999999945
-66.56
-87.56
-23.560000000000002
-38.84000000000003
-419.0
-48.68000000000001
-268.5
-758.5
-22.5
-27.0
-21.0
-34.0
-23.480000000000047
-135.0
-10.0
-22.0
-3.0
-12.0
-3.0
-15.0
-23.0
-6.0
-35.0
-53.0
-9.0
-27.0
-16.0
-32.0
-8.0
-40.620000000000005
-4.5
-4.5
-0.5
-27.0
-26.0
-46.0
-30.480000000000047
-93.0
-64.0
-18.0
-19.0
-11.5
-4.5
-65.5
-56.5
-57.5
-63.5
-21.5
-11.0
-5.0
-29.0
-10.0
-2.0
-28.620000000000005
-41.5
-9.0
-8.0
-5.5
-3.5
-1.5
-1.0
-85.72000000000003
-131.32
-120.32000000000005
-63.32000000000005
-58.32000000000005
-131.32000000000005
-20.32000000000005
-45.32000000000005
-270.32000000000005
-27.32000000000005
-51.67999999999995
-83.32
-35.31999999999999
-19.319999999999993
-45.68000000000001
-43.68000000000001
-11.319999999999993
-17.5
-27.0
-19.0
-5.5
-9.5
-4.5
-10.0
-100.51999999999998
-318.52
-10.480000000000018
-12.480000000000018
-6.480000000000018
-34.48000000000002
-53.48000000000002
-59.48000000000002
-0.4800000000000182
-7.480000000000018
-60.48000000000002
-28.519999999999982
-3.480000000000018
-6.519999999999982
-16.519999999999982
-33.84
-258.68
-10.5
-8.0
-3.0
-10.5
-10.5
-6.5
-6.0
-73.0
-312.0
-20.0
-37.0
-88.0
-20.0
-27.0
-32.0
-594.0
-2.0
-1.0
-62.0
-51.0
-91.0
-12.0
-11.0
-25.680000000000007
-6.0
-0.0
-36.0
-255.0
-29.0
-15.0
-9.0
-136.0
-63.0
-0.0
-59.0
-67.0
-43.0
-3.0
-142.0
-57.0
-34.0
-43.0
-7.0
-52.0
-30.0
-39.0
-1.0
-1.6800000000000068
-8.0
-250.0
-9.0
-13.0
-8.0
-0.0
-8.0
-99.0
-11.0
-5.0
-34.0
-23.0
-38.0
-4.0
-66.44000000000005
-40.440000000000055
-40.0
-226.0
-61.0
-6.0
-25.0
-8.0
-6.0
-40.120000000000005
-1.0
-26.0
-21.0
-9.0
-20.0
-33.0
-17.0
-129.0
-0.0
-283.0
-3.0
-23.0
-38.0
-76.0
-32.0
-24.0
-72.0
-23.0
-20.0
-5.0
-4.0
-3.0
-26.0
-34.620000000000005
-20.0
-30.0
-26.0
-9.0
-33.0
-34.0
-7.0
-48.0
-38.0
-393.0
-29.0
-10.0
-43.0
-4.0
-78.0
-57.0
-10.0
-11.0
-1.0
-45.0
-38.0
-51.0
-28.0
-510.09000000000003
-24.0
-25.0
-13.0
-19.0
-51.0
-20.0
-15.0
-94.0
-20.0
-34.0
-16.0
-21.0
-8.0
-21.0
-14.0
-11.0
-7.0
-58.0
-5.0
-46.0
-396.0
-489.0
-1.0
-6.409999999999997
-0.0
-388.0
-11.0
-9.0
-18.0
-259.0
-2.0
-8.0
-2.0
-48.0
-14.0
-59.0
-1.0
-29.0
-13.0
-23.0
-60.0
-362.0
-18.0
-36.0
-115.0
-57.0
-42.0
-11.409999999999997
-16.0
-759.0
-10.0
-348.0
-18.0
-4.0
-26.0
-96.0
-332.0
-64.0
-13.0
-36.0
-13.0
-15.0
-8.0
-22.0
-71.0
-31.0
-14.0
-102.0
-42.0
-3.0
-15.0
-3.9399999999999977
-14.0
-19.0
-3.0
-12.0
-9.0
-8.0
-16.0
-28.0
-22.0
-204.0
-9.0
-34.0
-361.0
-31.0
-0.0
-179.0
-24.0
-20.0
-78.0
-30.0
-603.0
-18.0
-2.0
-58.38499999999999
-10.0
-14.0
-19.0
-30.0
-1.0
-36.0
-14.0
-42.0
-26.0
-9.0
-351.0
-22.0
-30.0
-28.0
-10.0
-23.0
-50.0
-25.0
-23.0
-14.0
-96.0
-47.0
-257.0
-58.38499999999999
-19.0
-15.0
-14.0
-21.0
-27.0
-20.0
-22.0
-121.0
-7.0
-62.0
-32.0
-21.560000000000002
-7.439999999999998
-30.0
-32.0
-42.0
-376.0
-24.0
-85.0
-472.0
-19.0
-22.0
-23.0
-11.0
-35.0
-27.0
-37.0
-16.0
-94.0
-23.0
-1.0
-53.38499999999999
-7.0
-3.0
-4.0
-19.0
-8.0
-7.0
-17.0
-7.0
-0.0
-51.0
-187.0
-73.0
-8.0
-644.0
-2.0
-4.0
-21.0
-49.0
-30.0
-84.0
-9.0
-22.0
-207.0
-0.6150000000000091
-44.0
-23.0
-29.0
-27.0
-25.0
-3.0
-10.0
-0.0
-33.0
-29.0
-14.0
-63.0
-591.0
-7.0
-18.0
-31.0
-44.0
-74.0
-60.0
-26.0
-75.0
-27.0
-3.0
-0.6150000000000091
-10.0
-6.0
-3.0
-7.0
-8.0
-19.0
-717.0
-3.0
-50.0
-26.0
-50.0
-56.0
-51.0
-88.0
-15.0
-4.720000000000027
-598.28
-112.80000000000001
-114.80000000000001
-30.5
-16.0
-13.0
-14.0
-24.610000000000014
-1.0
-328.0
-0.0
-13.0
-16.0
-13.0
-41.0
-23.0
-49.0
-39.0
-17.560000000000002
-5.560000000000002
-13.560000000000002
-69.44
-84.44
-5.560000000000002
-69.44
-39.0
-11.0
-63.0
-27.0
-12.0
-19.0
-374.61
-18.0
-18.0
-15.0
-4.0
-26.0
-15.0
-32.0
-117.0
-154.0
-5.0
-13.0
-43.0
-46.0
-53.0
-79.0
-39.0
-64.0
-72.0
-11.0
-22.0
-105.0
-34.0
-12.0
-60.38499999999999
-3.0
-7.0
-13.0
-9.0
-11.0
-7.0
-25.5
-6.480000000000018
-44.0
-16.0
-3.0
-14.0
-16.0
-26.0
-17.0
-481.0
-208.0
-21.0
-66.0
-43.0
-95.0
-229.0
-14.0
-0.6150000000000091
-19.0
-6.0
-4.0
-8.0
-9.0
-15.0
-34.0
-12.0
-40.0
-130.0
-6.0
-58.0
-3.0
-5.0
-44.0
-42.0
-52.0
-28.0
-98.0
-44.0
-25.0
-13.0
-53.0
-60.38499999999999
-214.07999999999998
-66.07999999999998
-114.92000000000002
-65.07999999999998
-8.079999999999984
-6.079999999999984
-367.92
-283.92
-60.91999999999996
-173.84000000000003
-77.15999999999997
-174.08000000000004
-177.08000000000004
-12.080000000000041
-68.0
-5.159999999999968
-71.84000000000003
-176.0
-75.0
-89.0
-61.0
-49.0
-27.0
-58.38499999999999
-19.0
-9.0
-9.0
-20.0
-31.0
-3.0
-33.0
-156.0
-6.0
-45.0
-12.0
-51.0
-81.0
-50.0
-35.0
-30.0
-63.0
-39.0
-78.0
-38.0
-40.0
-31.0
-15.0
-35.38499999999999
-31.0
-3.0
-4.0
-2.0
-2.0
-43.0
-41.0
-77.0
-29.0
-31.0
-10.0
-4.0
-19.0
-5.0
-17.0
-19.0
-1.0
-26.0
-37.0
-72.0
-37.0
-15.0
-28.0
-35.610000000000014
-12.0
-35.0
-10.0
-24.0
-1.0
-1.0
-5.0
-75.5
-609.5
-55.0
-21.0
-23.0
-0.0
-8.0
-23.0
-47.0
-43.0
-41.0
-5.0
-2.0
-5.0
-14.0
-7.0
-24.610000000000014
-16.0
-1.0
-13.0
-17.0
-21.0
-3.0
-27.0
-91.0
-274.0
-14.0
-7.0
-73.0
-28.0
-45.0
-4.0
-42.0
-20.0
-128.0
-3.0
-3.0
-16.0
-21.0
-17.0
-39.38499999999999
-11.0
-20.0
-15.0
-29.0
-10.0
-34.0
-16.0
-2.0
-1.0
-80.0
-34.0
-57.0
-39.0
-13.0
-21.0
-3.0
-104.0
-23.0
-37.0
-21.0
-13.0
-10.0
-15.0
-17.38499999999999
-469.5
-26.5
-9.0
-12.5
-8.5
-1.0
-10.0
-16.0
-21.0
-18.0
-53.0
-14.0
-35.0
-24.0
-11.0
-41.91999999999996
-26.91999999999996
-472.0
-57.0
-54.0
-4.0
-389.0
-6.0
-150.615
-12.5
-694.0
-29.0
-4.0
-7.0
-13.0
-0.0
-45.0
-18.0
-25.0
-45.0
-16.0
-35.0
-89.0
-12.0
-8.0
-88.0
-22.0
-111.0
-7.0
-62.0
-672.0
-425.0
-7.384999999999991
-8.5
-50.0
-26.0
-9.0
-6.0
-23.0
-6.0
-34.0
-7.0
-139.0
-51.0
-166.0
-14.0
-1.0
-16.0
-45.0
-37.0
-19.0
-86.0
-8.0
-13.0
-12.0
-38.0
-7.384999999999991
-31.0
-10.0
-199.0
-826.0
-7.0
-14.0
-34.0
-5.0
-42.0
-57.0
-25.0
-39.0
-5.0
-45.0
-21.0
-30.0
-3.0
-0.0
-10.0
-16.0
-1.0
-9.0
-24.0
-28.139999999999986
-17.0
-22.0
-11.0
-4.0
-37.0
-48.0
-39.0
-124.0
-47.0
-834.0
-14.0
-20.0
-14.0
-7.0
-3.0
-4.0
-5.0
-23.0
-12.0
-19.0
-13.0
-6.0
-12.0
-46.120000000000005
-23.0
-10.0
-32.0
-12.0
-21.0
-25.5
-10.0
-59.0
-325.0
-51.0
-42.0
-0.0
-24.0
-9.0
-16.0
-66.0
-43.0
-34.0
-21.0
-46.0
-51.0
-5.0
-6.0
-47.38499999999999
-9.0
-17.0
-41.0
-23.5
-20.0
-10.0
-36.0
-42.0
-6.0
-6.0
-59.0
-31.0
-47.0
-14.0
-26.0
-18.0
-32.0
-11.0
-18.0
-67.0
-22.0
-27.0
-8.0
-47.38499999999999
-25.0
-20.0
-39.0
-2.0
-1.0
-13.0
-11.0
-17.0
-3.0
-20.0
-52.0
-72.0
-142.0
-3.0
-163.0
-32.0
-21.0
-23.0
-36.0
-30.0
-32.0
-16.0
-2.0
-163.615
-5.0
-36.0
-4.0
-48.0
-95.0
-14.0
-6.0
-78.0
-26.0
-32.0
-49.0
-14.0
-20.0
-38.0
-232.0
-22.0
-45.0
-14.0
-163.0
-214.0
-3.0
-453.0
-79.0
-0.8299999999999841
-37.0
-37.0
-13.0
-21.0
-8.0
-320.0
-16.0
-297.0
-233.0
-111.0
-586.0
-16.0
-7.0
-14.0
-66.0
-52.0
-103.0
-54.0
-90.0
-7.0
-33.0
-16.0
-30.0
-37.155
-11.0
-12.0
-1.0
-8.0
-373.0
-29.0
-34.0
-1.0
-18.0
-12.0
-10.0
-12.0
-38.0
-23.0
-2.0
-66.0
-21.0
-21.0
-51.0
-17.0
-42.0
-35.0
-45.0
-5.115000000000009
-29.0
-15.0
-27.0
-16.0
-32.0
-19.0
-9.0
-73.0
-18.0
-7.0
-6.0
-6.0
-1.0
-19.0
-38.0
-45.0
-11.0
-13.0
-23.0
-15.0
-41.0
-32.0
-20.0
-487.115
-17.0
-13.0
-4.0
-23.0
-20.0
-22.0
-29.0
-58.0
-2.0
-43.0
-43.0
-22.0
-36.0
-22.0
-122.0
-113.0
-77.51999999999998
-66.48000000000002
-35.0
-24.0
-10.0
-516.0
-2.0
-37.155
-2.0
-6.0
-17.0
-40.0
-341.0
-22.0
-12.0
-126.0
-246.0
-234.0
-16.0
-51.0
-12.0
-37.0
-28.0
-18.0
-34.0
-43.0
-4.0
-50.0
-17.0
-12.0
-8.0
-16.845
-9.0
-3.0
-32.0
-12.0
-4.0
-14.5
-0.0
-109.0
-33.0
-35.0
-30.0
-616.0
-9.0
-19.0
-49.0
-96.0
-5.0
-73.0
-28.0
-6.0
-184.0
-12.0
-20.0
-13.155000000000001
-22.0
-8.0
-25.0
-8.0
-3.0
-7.0
-5.0
-110.0
-95.0
-10.0
-53.0
-5.0
-13.0
-14.0
-0.0
-31.0
-22.0
-40.0
-22.0
-7.0
-8.0
-20.0
-87.0
-16.845
-15.0
-26.0
-15.0
-33.0
-9.0
-7.0
-0.0
-6.0
-24.0
-498.0
-34.0
-13.0
-204.0
-59.0
-13.0
-40.0
-41.0
-111.0
-5.0
-17.0
-24.0
-14.0
-47.0
-10.844999999999999
-31.0
-13.0
-5.0
-4.0
-3.0
-904.0
-9.0
-30.0
-21.0
-48.0
-42.44
-40.44
-73.0
-10.0
-28.0
-57.0
-1.0
-13.0
-9.0
-33.0
-60.0
-674.0
-55.0
-82.11000000000001
-24.0
-27.0
-21.0
-25.5
-34.0
-8.0
-23.0
-25.0
-12.0
-43.0
-62.0
-16.0
-119.0
-97.0
-16.0
-6.0
-11.0
-81.0
-39.0
-41.0
-12.0
-6.0
-3.0
-7.900000000000006
-3.0
-3.0
-4.0
-40.0
-55.0
-5.0
-15.0
-352.0
-24.0
-227.0
-50.0
-3.0
-18.0
-1.0
-30.0
-65.0
-41.0
-323.0
-370.0
-666.0
-103.0
-40.0
-0.0
-2.844999999999999
-19.0
-11.0
-18.0
-4.0
-10.0
-25.0
-16.0
-11.0
-1.0
-3.0
-69.0
-13.0
-17.0
-88.0
-12.0
-62.0
-49.0
-8.0
-216.0
-4.0
-25.0
-5.0
-8.0
-37.155
-16.0
-11.0
-22.0
-2.0
-2.0
-16.0
-17.0
-17.0
-13.0
-5.0
-18.0
-39.0
-2.0
-58.309999999999945
-81.0
-86.0
-12.0
-32.0
-6.0
-53.0
-35.0
-2.0
-8.0
-37.155
-784.0
-24.0
-16.0
-561.0
-2.0
-14.0
-45.0
-107.0
-30.0
-212.0
-162.0
-560.0
-13.0
-537.655
-518.0
-45.0
-0.0
-7.0
-178.0
-120.0
-48.0
-42.0
-639.0
-5.155000000000001
-48.0
-35.0
-29.0
-20.0
-43.0
-25.0
-13.0
-153.0
-82.0
-60.0
-77.0
-25.0
-6.0
-26.0
-65.0
-30.0
-7.0
-452.0
-122.0
-60.0
-80.0
-64.0
-196.0
-19.155
-54.0
-4.0
-12.0
-7.0
-169.0
-8.0
-30.0
-35.0
-23.0
-5.0
-29.0
-40.0
-41.0
-1.0
-6.0
-69.5
-7.5
-163.0
-178.0
-56.0
-32.0
-199.5
-107.0
-86.13
-3.0
-23.0
-26.0
-8.5
-87.0
-42.0
-2.0
-29.0
-8.0
-13.0
-57.0
-23.0
-15.0
-122.0
-72.0
-43.5
-15.5
-125.0
-24.0
-80.0
-163.0
-25.0
-79.0
-60.129999999999995
-41.5
-15.460000000000008
-29.0
-19.5
-568.0
-598.0
-8.0
-83.0
-112.0
-247.0
-203.0
-561.0
-662.0
-621.0
-13.0
-539.0
-14.0
-49.0
-57.0
-101.0
-37.0
-40.5
-274.0
-25.155
-46.5
-40.53999999999999
-14.0
-14.5
-274.0
-686.0
-4.0
-454.0
-57.0
-19.0
-96.0
-32.0
-72.0
-42.0
-18.0
-15.0
-39.0
-57.0
-45.0
-91.0
-33.0
-3.0
-14.0
-25.155
-0.5
-34.91999999999999
-5.0
-837.0
-427.0
-23.0
-1.0
-4.0
-5.0
-4.0
-13.189999999999998
-5.0
-6.0
-17.0
-34.0
-34.0
-32.0
-42.0
-35.0
-78.0
-1.0
-59.0
-79.0
-1.5
-72.0
-8.0
-3.0
-8.0
-5.0
-64.0
-66.0
-2.0
-5.0
-5.0
-12.879999999999995
-4.0
-8.0
-12.0
-515.0
-9.0
-8.0
-7.0
-9.0
-22.0
-5.0
-16.0
-13.0
-0.0
-9.0
-42.28
-502.0
-854.0
-36.0
-5.0
-12.0
-4.0
-897.0
-8.0
-0.8899999999999864
-11.0
-5.0
-17.0
-1.0
-10.439999999999998
-6.439999999999998
-790.0
-42.0
-4.0
-762.0
-21.0
-5.0
-55.0
-634.0
-46.28
-7.0
-18.0
-7.0
-59.0
-53.0
-70.0
-37.0
-7.0
-13.150000000000006
-8.0
-6.0
-7.0
-0.0
-7.0
-4.960000000000008
-3.039999999999992
-115.0
-190.0
-269.0
-138.0
-256.0
-218.0
-252.0
-260.0
-107.0
-245.48000000000002
-102.48000000000002
-121.0
-38.56
-12.0
-37.0
-0.5
-40.43000000000001
-20.0
-16.0
-12.0
-10.5
-159.0
-64.0
-9.52000000000001
-122.51999999999998
-15.0
-54.0
-13.0
-69.0
-4.0
-48.0
-30.0
-9.0
-40.0
-51.0
-32.0
-36.0
-17.0
-13.0
-6.0
-16.569999999999993
-27.0
-6.0
-8.0
-10.0
-19.0
-10.0
-13.0
-103.0
-37.0
-64.08000000000004
-13.080000000000041
-48.0
-25.0
-11.0
-13.0
-16.0
-185.0
-36.0
-67.0
-44.0
-797.0
-13.0
-29.0
-15.430000000000007
-14.0
-14.0
-42.0
-20.0
-15.0
-21.0
-1.0
-93.92000000000002
-134.08000000000004
-18.159999999999968
-40.84000000000003
-59.15999999999997
-71.15999999999997
-6.840000000000032
-53.0
-40.24000000000001
-10.759999999999991
-150.76
-3.759999999999991
-19.19999999999999
-6.199999999999989
-20.75999999999999
-2.5
-0.4300000000000068
-7.5
-15.5
-14.0
-13.5
-500.5
-47.0
-655.0
-1.0
-41.0
-4.0
-37.0
-37.0
-60.0
-14.0
-21.0
-25.0
-43.0
-141.0
-10.0
-64.0
-18.0
-41.0
-16.0
-14.569999999999993
-1.0
-22.0
-10.0
-53.0
-32.0
-39.0
-832.0
-60.0
-64.0
-5.0
-35.0
-38.0
-56.0
-8.0
-9.0
-27.0
-11.0
-85.0
-37.44
-103.56
-25.0
-221.0
-124.0
-0.4300000000000068
-9.0
-202.0
-12.0
-7.0
-4.0
-4.0
-18.0
-517.0
-31.0
-71.0
-73.0
-19.0
-43.0
-8.0
-37.56
-133.0
-515.0
-52.0
-42.0
-39.0
-49.0
-4.0
-4.0
-48.66
-5.5
-4.5
-18.0
-0.0
-5.5
-3.0
-32.0
-21.0
-20.0
-12.0
-471.0
-14.0
-16.0
-108.0
-28.0
-2.0
-25.0
-21.0
-12.0
-2.0
-343.0
-30.0
-20.0
-7.659999999999997
-38.0
-20.0
-23.0
-88.0
-10.5
-12.0
-10.0
-187.0
-439.0
-108.0
-24.0
-76.0
-87.0
-148.0
-146.0
-83.0
-23.0
-10.0
-302.0
-2.0
-1.0
-71.0
-25.0
-7.430000000000007
-244.0
-12.0
-0.0
-5.0
-19.0
-7.0
-16.0
-79.0
-57.0
-804.0
-15.0
-30.0
-6.0
-37.0
-41.0
-33.0
-57.0
-70.0
-192.0
-42.0
-65.0
-15.0
-1.0
-67.57
-36.0
-15.0
-24.0
-4.0
-41.0
-3.0
-25.0
-51.0
-43.0
-53.0
-41.0
-9.0
-35.0
-34.0
-31.0
-56.0
-3.0
-177.0
-216.0
-30.0
-84.0
-9.0
-331.0
-0.4300000000000068
-14.5
-8.0
-42.0
-35.5
-51.0
-34.0
-24.5
-5.519999999999982
-67.50999999999999
-27.0
-56.0
-47.0
-91.0
-30.0
-147.0
-136.0
-121.0
-31.0
-114.0
-13.0
-56.0
-47.0
-31.0
-0.4300000000000068
-20.5
-28.0
-1.0
-20.0
-26.0
-1.0
-28.0
-34.0
-59.0
-11.039999999999964
-17.039999999999964
-54.0
-16.0
-62.0
-24.0
-8.0
-112.0
-3.0
-54.0
-47.0
-300.0
-3.0
-12.0
-14.569999999999993
-10.5
-16.0
-39.0
-22.0
-38.0
-12.5
-21.5
-0.0
-50.0
-243.0
-637.0
-85.0
-46.0
-86.0
-97.0
-62.0
-59.0
-20.0
-25.0
-38.0
-21.0
-4.0
-21.0
-33.66
-7.5
-28.0
-0.0
-15.0
-626.0
-21.0
-42.5
-513.0
-276.0
-81.0
-46.0
-12.0
-20.0
-51.0
-7.519999999999982
-9.519999999999982
-14.0
-65.0
-2.0
-29.0
-29.0
-8.0
-12.0
-27.659999999999997
-54.0
-297.0
-13.0
-17.0
-35.0
-36.0
-66.0
-47.0
-61.0
-33.0
-45.0
-68.0
-29.0
-47.0
-694.0
-47.0
-61.0
-23.0
-7.0
-2.0
-45.0
-59.0
-5.0
-0.4300000000000068
-26.0
-35.0
-4.0
-12.0
-11.0
-7.0
-26.0
-19.0
-18.0
-11.0
-22.0
-41.0
-37.0
-6.0
-8.0
-8.0
-9.0
-12.0
-42.0
-7.0
-47.0
-21.0
-23.0
-3.569999999999993
-0.0
-15.0
-19.0
-24.0
-11.0
-2.0
-18.0
-39.0
-46.0
-14.0
-13.0
-43.0
-92.0
-4.0
-2.0
-4.0
-18.0
-36.0
-10.0
-20.0
-72.0
-3.0
-7.0
-3.569999999999993
-3.0
-8.0
-9.0
-54.0
-6.0
-28.0
-23.0
-21.0
-56.0
-58.0
-8.0
-62.0
-95.0
-34.0
-19.0
-16.0
-47.0
-50.0
-10.0
-2.0
-218.39999999999998
-1.0
-23.0
-0.4300000000000068
-12.0
-14.0
-3.0
-3.0
-14.0
-1.0
-15.0
-12.0
-19.0
-74.0
-70.0
-64.0
-79.0
-75.0
-22.0
-10.0
-2.0
-11.0
-18.0
-6.0
-22.0
-51.0
-41.0
-4.659999999999997
-117.0
-0.0
-24.0
-43.0
-6.0
-30.0
-32.0
-395.0
-27.0
-72.0
-25.0
-22.0
-16.0
-16.0
-15.0
-35.0
-7.0
-14.0
-4.0
-19.0
-3.0
-28.0
-13.5
-27.659999999999997
-9.0
-15.0
-276.0
-14.0
-13.5
-11.5
-6.0
-169.0
-56.0
-17.0
-28.0
-101.0
-45.0
-66.0
-15.0
-5.0
-25.0
-53.0
-107.0
-37.0
-35.0
-1.0
-0.0
-0.4300000000000068
-1.0
-5.0
-8.0
-4.0
-8.0
-10.0
-13.0
-24.0
-2.0
-160.0
-39.0
-35.0
-51.0
-4.0
-21.0
-42.0
-119.0
-4.0
-33.0
-23.0
-562.0
-53.0
-2.0
-0.4300000000000068
-10.0
-818.0
-2.0
-16.0
-18.0
-3.0
-9.0
-147.0
-163.0
-21.0
-19.0
-24.0
-31.0
-20.0
-22.0
-47.0
-7.0
-38.0
-35.0
-57.0
-20.0
-0.0
-21.0
-0.4300000000000068
-9.0
-16.0
-3.0
-17.0
-86.0
-4.0
-0.5
-4.560000000000002
-46.0
-8.0
-12.0
-59.0
-148.0
-193.0
-25.0
-81.0
-27.0
-4.0
-77.0
-12.0
-10.0
-74.0
-14.0
-0.4300000000000068
-6.0
-6.0
-1.0
-2.5
-245.0
-8.0
-22.0
-12.0
-28.0
-2.0
-4.0
-15.0
-27.0
-5.0
-9.0
-47.0
-2.0
-249.0
-65.0
-114.0
-52.0
-91.0
-50.0
-7.430000000000007
-19.0
-6.0
-15.0
-17.0
-14.0
-14.0
-28.0
-22.0
-38.0
-29.0
-35.0
-15.0
-25.079999999999984
-71.07999999999998
-69.0
-57.0
-96.0
-47.0
-5.0
-4.0
-2.0
-28.0
-28.0
-33.66
-12.0
-3.0
-7.0
-12.0
-811.0
-32.0
-22.0
-31.0
-10.0
-286.0
-2.0
-33.0
-40.0
-30.0
-48.0
-34.0
-18.0
-19.0
-4.0
-12.0
-846.0
-12.0
-11.0
-33.66
-4.0
-8.0
-8.0
-15.0
-535.0
-9.0
-23.0
-75.0
-341.0
-603.0
-627.0
-34.0
-6.0
-47.0
-44.0
-45.0
-27.0
-57.0
-13.0
-19.0
-36.0
-5.0
-16.0
-0.4300000000000068
-24.0
-14.0
-39.0
-10.0
-25.0
-183.0
-22.0
-16.0
-33.0
-132.48000000000002
-0.4800000000000182
-35.51999999999998
-22.480000000000018
-25.519999999999982
-427.52
-1.919999999999959
-37.91999999999996
-22.08000000000004
-103.08000000000004
-47.839999999999975
-15.839999999999975
-15.839999999999975
-31.0
-0.4300000000000068
-4.0
-5.5
-25.5
-16.5
-479.0
-20.5
-20.5
-103.36000000000001
-68.67999999999995
-18.32000000000005
-8.32000000000005
-12.0
-26.0
-26.0
-15.0
-41.0
-5.0
-550.0
-8.0
-132.0
-440.0
-16.519999999999982
-34.51999999999998
-3.569999999999993
-4.0
-37.0
-51.0
-16.0
-33.0
-5.5
-20.5
-17.0
-398.0
-46.0
-3.0
-19.0
-33.0
-10.0
-54.48000000000002
-3.480000000000018
-19.0
-43.0
-29.0
-64.0
-1.0
-20.0
-1.0
-8.569999999999993
-4.0
-6.0
-20.0
-5.0
-5.0
-5.5
-20.5
-27.0
-4.0
-41.0
-45.0
-76.0
-36.0
-25.0
-26.0
-498.0
-7.0
-31.0
-149.0
-80.0
-12.0
-3.0
-3.0
-0.4300000000000068
-9.0
-8.0
-14.0
-13.0
-11.0
-5.0
-14.0
-63.0
-59.0
-97.0
-4.0
-581.0
-10.0
-81.0
-68.0
-77.0
-52.0
-18.0
-3.0
-715.0
-18.0
-34.0
-3.0
-34.66
-5.5
-1.5
-5.5
-10.0
-3.5
-0.0
-15.0
-18.0
-24.0
-1.0
-6.0
-9.0
-23.0
-5.0
-27.0
-22.0
-14.0
-6.0
-3.0
-21.0
-17.0
-22.0
-46.0
-48.66
-15.0
-11.0
-18.0
-15.0
-3.0
-5.5
-64.5
-153.56
-5.0
-24.0
-5.0
-26.0
-38.0
-17.0
-38.0
-39.0
-22.0
-17.32000000000005
-37.31999999999999
-73.32
-57.0
-8.0
-26.0
-0.4300000000000068
-456.0
-6.0
-14.5
-6.0
-0.0
-6.5
-4.0
-46.0
-37.0
-22.0
-38.0
-607.0
-30.0
-13.519999999999982
-7.480000000000018
-258.52
-6.519999999999982
-1.0
-23.0
-43.0
-32.079999999999984
-11.079999999999984
-1.0
-0.4300000000000068
-5.0
-4.0
-22.0
-602.0
-6.0
-16.0
-8.0
-176.0
-5.0
-6.0
-37.51999999999998
-78.51999999999998
-26.0
-18.0
-11.0
-15.0
-4.0
-34.0
-4.0
-15.0
-10.0
-21.0
-33.0
-59.0
-38.0
-45.0
-6.5
-0.5
-10.5
-21.0
-16.0
-57.0
-186.0
-10.0
-13.0
-13.0
-17.0
-1.0
-629.0
-14.0
-13.0
-32.0
-23.0
-21.0
-8.0
-3.0
-16.0
-16.0
-29.0
-0.0
-203.0
-1.0
-4.0
-19.0
-2.0
-29.0
-28.5
-26.659999999999997
-3.0
-30.0
-6.0
-28.0
-28.5
-29.5
-35.0
-192.0
-56.0
-37.0
-6.0
-27.0
-7.0
-50.0
-15.0
-35.0
-133.0
-12.0
-107.0
-37.0
-44.0
-1.0
-0.0
-20.569999999999993
-163.0
-6.0
-16.0
-12.0
-16.0
-18.0
-8.0
-24.0
-2.0
-15.0
-39.0
-14.0
-12.0
-4.0
-6.0
-50.0
-39.0
-4.0
-32.0
-38.0
-691.0
-40.0
-2.0
-0.4300000000000068
-11.0
-7.0
-9.0
-568.0
-8.0
-9.0
-9.0
-90.0
-60.0
-2.0
-19.0
-51.0
-24.0
-27.0
-20.0
-48.0
-18.0
-34.0
-35.0
-8.0
-66.0
-0.0
-12.0
-0.4300000000000068
-14.0
-7.0
-45.0
-22.0
-4.0
-13.0
-65.5
-21.439999999999998
-46.0
-8.0
-47.0
-66.0
-12.0
-57.0
-40.0
-34.0
-9.0
-4.0
-77.0
-73.0
-10.0
-4.0
-46.0
-0.4300000000000068
-2.0
-1.0
-6.0
-2.5
-15.0
-8.0
-22.0
-12.0
-53.0
-4.0
-2.0
-70.0
-46.0
-5.0
-10.0
-28.0
-2.0
-30.0
-65.0
-12.0
-52.0
-336.0
-25.0
-0.4300000000000068
-25.0
-11.0
-24.0
-5.0
-2.0
-5.0
-28.0
-35.0
-23.0
-36.0
-30.0
-50.0
-42.079999999999984
-88.07999999999998
-11.0
-3.0
-85.0
-60.0
-5.0
-28.0
-27.0
-25.0
-1.0
-38.66
-12.0
-9.0
-4.0
-2.0
-20.0
-12.0
-14.0
-31.0
-110.0
-7.0
-2.0
-16.0
-58.0
-19.0
-1.0
-15.0
-4.0
-0.0
-15.0
-31.0
-38.0
-29.0
-30.0
-16.659999999999997
-21.0
-25.0
-9.0
-174.0
-5.0
-42.0
-23.0
-117.0
-68.0
-29.0
-214.0
-34.0
-6.0
-49.0
-9.0
-47.0
-16.0
-218.0
-272.0
-19.0
-2.0
-30.0
-7.0
-22.430000000000007
-3.0
-3.0
-29.0
-7.0
-9.0
-17.0
-49.0
-10.0
-33.0
-39.48000000000002
-33.51999999999998
-85.51999999999998
-50.51999999999998
-4.519999999999982
-4.480000000000018
-3.919999999999959
-37.91999999999996
-92.91999999999996
-62.08000000000004
-1.160000000000025
-15.839999999999975
-108.83999999999997
-31.0
-0.4300000000000068
-5.0
-6.5
-32.5
-17.5
-24.0
-8.5
-22.5
-11.639999999999986
-68.67999999999995
-3.67999999999995
-10.32000000000005
-16.0
-3.0
-76.0
-0.0
-34.0
-5.0
-74.0
-8.0
-113.0
-22.0
-2.480000000000018
-29.519999999999982
-8.569999999999993
-0.0
-5.0
-23.0
-16.0
-1.0
-6.5
-32.5
-9.0
-65.0
-8.0
-31.0
-186.0
-40.0
-219.0
-56.48000000000002
-1.4800000000000182
-34.0
-130.0
-29.0
-29.0
-20.0
-15.0
-7.0
-0.4300000000000068
-197.0
-2.0
-12.0
-2.0
-0.0
-8.5
-19.5
-1.0
-39.0
-7.0
-11.0
-1.0
-7.0
-16.0
-16.0
-34.0
-7.0
-18.0
-4.0
-7.0
-33.0
-3.0
-12.0
-0.4300000000000068
-8.0
-8.0
-14.0
-450.0
-16.0
-3.0
-12.0
-21.0
-62.0
-25.0
-50.0
-1.0
-20.0
-15.0
-4.0
-11.0
-15.0
-23.0
-8.0
-22.0
-5.0
-108.0
-36.0
-67.66
-2.5
-10.5
-17.5
-22.0
-3.5
-0.0
-45.0
-42.0
-24.0
-1.0
-6.0
-425.0
-4.0
-5.0
-27.0
-5.0
-14.0
-11.0
-3.0
-2.0
-2.0
-14.0
-2.0
-33.66
-33.0
-42.0
-10.0
-15.0
-4.0
-2.5
-28.5
-31.560000000000002
-5.0
-66.0
-79.0
-26.0
-45.0
-17.0
-99.0
-98.0
-85.0
-30.32000000000005
-86.32
-72.68
-19.0
-8.0
-17.0
-22.430000000000007
-5.0
-6.0
-19.5
-11.0
-0.0
-623.5
-41.0
-13.0
-80.0
-12.0
-38.0
-38.0
-30.0
-13.519999999999982
-12.519999999999982
-43.48000000000002
-35.51999999999998
-71.0
-12.0
-63.0
-16.079999999999984
-4.920000000000016
-1.0
-0.4300000000000068
-0.0
-10.0
-16.0
-5.0
-0.0
-3.0
-21.0
-2.0
-38.0
-16.0
-13.519999999999982
-39.51999999999998
-3.0
-25.0
-3.0
-15.0
-39.0
-67.0
-4.0
-15.0
-255.0
-14.0
-296.0
-38.0
-1.0
-8.0
-6.5
-0.5
-3.5
-8.0
-4.0
-21.0
-488.0
-25.0
-21.0
-20.0
-2.0
-11.0
-1.0
-8.0
-0.0
-59.0
-274.0
-16.0
-8.0
-6.0
-10.0
-43.06
-6.0
-11.0
-3.0
-4.0
-2.0
-3.0
-28.0
-164.0
-24.0
-31.0
-8.0
-17.0
-43.0
-38.0
-22.0
-12.0
-16.0
-50.0
-17.0
-11.0
-33.0
-38.0
-10.0
-43.06
-11.5
-2.5
-5.5
-14.0
-11.0
-38.0
-33.0
-24.0
-11.0
-14.0
-145.0
-7.0
-38.0
-9.0
-37.0
-124.0
-5.0
-32.0
-28.0
-43.0
-28.0
-29.0
-26.0
-30.169999999999987
-3.0
-8.0
-32.0
-20.0
-23.0
-38.0
-46.0
-11.0
-22.0
-42.0
-24.0
-29.0
-26.0
-29.0
-31.0
-49.0
-43.0
-26.0
-9.0
-10.0
-82.0
-10.0
-13.0
-28.63499999999999
-33.0
-9.0
-23.0
-30.960000000000008
-11.960000000000008
-4.5
-14.0
-100.0
-67.0
-15.0
-44.0
-35.0
-131.0
-20.0
-108.44000000000005
-54.440000000000055
-29.0
-74.0
-66.0
-13.0
-18.0
-39.0
-6.0
-22.060000000000002
-12.0
-41.0
-19.0
-23.0
-38.0
-7.0
-20.0
-16.0
-141.0
-410.0
-46.0
-147.0
-349.0
-1.0
-87.0
-26.0
-63.0
-64.0
-54.0
-3.0
-24.0
-3.0
-1.0
-43.06
-10.0
-22.0
-25.0
-9.0
-20.0
-18.0
-9.0
-78.0
-62.0
-3.0
-37.0
-135.0
-83.0
-10.0
-25.0
-2.0
-2.0
-38.0
-79.0
-53.0
-6.0
-30.0
-3.0
-43.06
-36.0
-18.0
-609.0
-20.0
-21.0
-22.0
-12.0
-16.0
-59.0
-6.0
-44.0
-38.0
-63.0
-9.0
-53.0
-13.0
-3.0
-19.0
-12.0
-51.0
-30.0
-2.0
-8.0
-43.06
-14.0
-15.0
-32.0
-10.0
-37.0
-33.0
-9.0
-24.0
-55.0
-17.0
-14.0
-40.0
-65.0
-82.0
-0.0
-36.0
-97.0
-33.0
-69.0
-73.0
-38.0
-13.0
-15.0
-36.06
-44.5
-1.0
-5.0
-365.5
-26.0
-5.0
-10.0
-141.0
-55.0
-163.0
-12.0
-21.0
-28.0
-27.0
-34.0
-50.0
-34.0
-37.0
-48.0
-29.5
-35.0
-13.0
-27.0
-4.900000000000006
-517.0
-1.0
-2.0
-26.0
-37.0
-33.0
-10.0
-4.0
-648.0
-9.0
-18.0
-33.0
-20.0
-397.0
-142.0
-6.0
-28.0
-23.0
-9.0
-35.0
-13.0
-9.0
-17.0
-4.8700000000000045
-469.0
-7.5
-8.0
-5.0
-3.0
-11.0
-2.0
-1.0
-18.0
-10.0
-5.0
-43.0
-172.0
-1.5
-18.0
-20.0
-42.0
-35.5
-5.5
-4.5
-22.5
-13.199999999999989
-6.5
-0.6100000000000136
-27.0
-13.5
-7.0
-9.199999999999989
-17.0
-20.5
-13.800000000000011
-100.19999999999999
-102.19999999999999
-118.79999999999995
-32.0
-86.0
-236.0
-584.0
-208.0
-118.0
-95.0
-37.0
-150.0
-35.0
-48.0
-24.0
-300.0
-27.060000000000002
-18.0
-28.0
-8.0
-10.0
-3.0
-8.0
-5.0
-137.0
-28.32000000000005
-59.32000000000005
-32.0
-34.0
-39.0
-19.0
-13.0
-0.0
-14.0
-44.0
-11.0
-26.0
-39.0
-31.0
-20.0
-2.0600000000000023
-1.0
-20.0
-21.0
-32.0
-8.0
-13.0
-29.0
-341.0
-57.0
-83.0
-119.0
-54.0
-165.0
-305.0
-3.0
-6.0
-93.0
-59.0
-50.0
-52.0
-145.0
-3.0
-9.0
-26.060000000000002
-29.0
-8.0
-29.0
-6.0
-15.5
-6.0
-1.0
-1.5600000000000023
-71.44
-67.48000000000002
-26.480000000000018
-7.480000000000018
-80.84000000000003
-48.84000000000003
-57.84000000000003
-61.51999999999998
-76.51999999999998
-393.67999999999995
-56.68000000000001
-101.0
-45.0
-24.0
-3.0
-26.060000000000002
-48.0
-17.0
-18.159999999999997
-17.5
-12.159999999999997
-6.159999999999997
-7.159999999999997
-133.16
-64.0
-7.0
-86.0
-62.0
-70.0
-24.0
-40.0
-33.0
-34.0
-26.0
-310.0
-6.0
-28.0
-9.0
-8.0
-2.0900000000000034
-1.0
-7.0
-8.0
-196.0
-5.0
-7.52000000000001
-65.47999999999999
-0.0
-14.319999999999993
-61.11500000000001
-4.384999999999991
-5.384999999999991
-15.5
-34.879999999999995
-4.0800000000000125
-20.5
-24.0
-23.0
-34.0
-8.5
-24.0
-16.0
-3.5
-11.100000000000051
-840.48
-27.47999999999999
-6.47999999999999
-317.48
-44.0
-20.0
-5.0
-88.0
-166.0
-177.0
-86.0
-26.0
-167.0
-116.0
-68.0
-109.0
-110.0
-1.0
-3.0
-48.0
-14.0
-4.0
-42.0
-2.0600000000000023
-23.0
-32.0
-12.0
-729.0
-7.0
-0.0
-17.0
-138.0
-59.0
-90.0
-9.0
-14.0
-40.0
-48.0
-21.0
-21.0
-19.0
-187.0
-34.0
-14.0
-40.0
-79.0
-13.0
-327.06
-10.0
-889.0
-14.0
-28.0
-7.0
-6.0
-27.0
-133.0
-53.0
-498.0
-24.0
-65.0
-543.0
-13.0
-26.0
-363.0
-45.0
-53.0
-89.0
-30.519999999999982
-55.51999999999998
-21.0
-179.0
-22.060000000000002
-18.0
-23.0
-21.0
-17.0
-29.0
-4.0
-605.0
-131.0
-103.0
-75.0
-2.0
-21.0
-61.0
-10.0
-26.0
-30.0
-11.0
-92.0
-140.0
-45.0
-14.0
-46.0
-0.0
-7.1200000000000045
-1.0
-8.0
-30.0
-8.0
-1.0
-140.0
-14.0
-20.0
-67.0
-38.0
-64.0
-27.0
-64.0
-68.0
-74.0
-66.0
-124.0
-87.0
-8.0
-59.0
-67.0
-4.0
-28.0
-446.6
-23.860000000000014
-275.0
-12.5
-23.5
-119.5
-18.74000000000001
-59.24000000000001
-121.5
-49.16
-47.22999999999999
-25.77000000000001
-22.77000000000001
-10.5
-4.240000000000009
-29.160000000000025
-15.5
-5.0
-16.0
-10.0
-26.0
-4.0
-14.0
-58.0
-5.0
-19.399999999999977
-69.67999999999995
-21.399999999999977
-10.0
-51.559999999999945
-106.44000000000005
-32.440000000000055
-77.55999999999995
-16.439999999999998
-59.44
-9.439999999999998
-12.0
-48.089999999999975
-63.84
-263.68
-26.0
-43.0
-24.0
-50.0
-9.0
-135.0
-119.08000000000004
-93.0
-23.0
-3.0
-7.0
-23.0
-17.0
-30.0
-57.0
-22.0
-87.0
-60.0
-57.0
-37.0
-21.0
-25.97999999999999
-63.84
-49.0
-33.0
-55.0
-61.0
-41.0
-55.0
-104.0
-19.0
-13.0
-36.0
-13.0
-80.12
-114.0
-52.0
-47.0
-81.0
-27.0
-46.0
-30.0
-13.0
-65.0
-28.0
-26.39500000000001
-44.84
-42.0
-4.0
-15.0
-12.0
-29.0
-11.0
-118.0
-5.0
-42.120000000000005
-22.519999999999982
-63.48000000000002
-7.519999999999982
-99.48000000000002
-16.120000000000005
-14.0
-34.120000000000005
-24.32000000000005
-4.67999999999995
-29.680000000000007
-26.0
-6.0
-33.0
-22.39500000000001
-815.5
-23.0
-8.5
-10.0
-26.0
-3.0
-9.5
-75.5
-29.0
-35.0
-79.0
-20.0
-17.0
-0.0
-5.0
-6.0
-25.0
-2.0
-13.0
-403.0
-12.5
-13.0
-28.0
-75.07499999999999
-29.5
-460.0
-6.0
-810.0
-0.0
-4.0
-31.0
-26.0
-12.0
-11.0
-5.0
-35.0
-22.0
-19.0
-30.0
-9.0
-1.0
-1.0
-18.0
-139.0
-4.0
-1.0
-20.0
-61.07499999999999
-56.84
-11.0
-5.0
-28.0
-27.0
-12.0
-743.0
-160.0
-4.0
-91.0
-95.0
-54.0
-48.0
-64.0
-28.0
-29.0
-7.0
-33.0
-42.0
-48.879999999999995
-17.0
-17.0
-29.0
-26.39500000000001
-20.0
-25.0
-173.0
-24.0
-202.0
-809.0
-40.0
-19.0
-55.0
-13.0
-26.0
-44.0
-49.879999999999995
-31.0
-30.0
-0.8799999999999955
-16.0
-32.0
-48.879999999999995
-2.0
-65.0
-52.0
-8.0
-26.810000000000002
-19.0
-64.92000000000002
-78.92000000000002
-61.920000000000016
-34.5
-55.920000000000016
-61.920000000000016
-27.079999999999984
-204.07999999999998
-307.0
-38.0
-11.0
-289.0
-14.0
-26.0
-13.0
-433.0
-21.0
-2.0
-84.0
-18.120000000000005
-37.0
-6.0
-48.94
-137.0
-43.0
-257.0
-22.0
-28.0
-43.0
-56.0
-40.0
-21.0
-30.0
-22.0
-16.120000000000005
-23.0
-10.0
-19.0
-2.0
-5.0
-62.08000000000004
-56.0
-39.0
-46.0
-38.0
-17.0
-23.860000000000014
-39.0
-21.0
-16.0
-30.0
-34.0
-38.0
-139.0
-41.0
-9.0
-91.0
-29.0
-48.0
-5.0
-7.0
-27.0
-56.0
-14.0
-17.0
-17.0
-8.0
-50.0
-66.0
-22.0
-39.34500000000003
-6.0
-12.0
-0.0
-1.0
-2.0
-0.0
-3.0
-17.0
-18.0
-50.0
-46.0
-16.0
-28.0
-43.0
-32.0
-50.0
-14.0
-17.0
-0.0
-9.0
-10.0
-7.0
-35.0
-68.07499999999999
-2.0
-22.0
-7.0
-33.0
-46.0
-33.0
-47.0
-51.0
-19.0
-30.0
-18.0
-3.0
-1.0
-13.0
-33.0
-16.0
-3.0
-4.0
-41.0
-11.0
-29.0
-28.0
-44.0
-32.07499999999999
-671.0
-13.0
-26.0
-5.0
-594.0
-8.0
-23.0
-170.0
-1.0
-18.0
-16.91999999999996
-33.0
-8.0
-25.200000000000045
-11.0
-5.0
-21.0
-38.0
-101.0
-27.0
-141.0
-25.0
-518.0
-30.345000000000027
-14.0
-332.0
-5.0
-3.0
-6.5
-21.0
-25.0
-54.0
-39.0
-161.0
-69.0
-18.0
-10.0
-4.0
-42.0
-554.0
-34.0
-100.0
-7.0
-7.240000000000009
-84.0
-20.0
-3.0
-39.34500000000003
-58.0
-16.0
-6.0
-18.0
-35.0
-29.0
-3.0
-61.0
-369.0
-22.0
-41.0
-104.0
-8.0
-17.0
-24.879999999999995
-2.0
-53.0
-44.0
-63.0
-11.0
-120.0
-68.0
-35.0
-28.170000000000016
-168.0
-62.0
-25.0
-17.0
-12.0
-12.0
-53.0
-56.0
-16.0
-62.0
-50.0
-0.0
-23.0
-21.0
-6.0
-27.0
-17.0
-29.0
-61.0
-2.0
-48.0
-7.0
-732.0
-50.879999999999995
-10.0
-32.0
-3.0
-10.0
-30.0
-5.0
-18.0
-6.1200000000000045
-48.0
-55.0
-59.0
-82.0
-54.879999999999995
-11.0
-1.0
-77.0
-26.0
-23.0
-31.0
-41.0
-27.0
-8.0
-15.0
-45.46500000000003
-7.0
-7.0
-16.0
-22.0
-8.0
-26.0
-12.0
-78.0
-80.0
-27.0
-45.0
-29.0
-2.0
-6.0
-10.0
-8.0
-5.0
-20.0
-2.0
-208.0
-23.0
-44.0
-24.0
-7.925000000000011
-44.0
-53.0
-2.0
-7.0
-19.0
-7.0
-29.0
-50.0
-8.0
-14.0
-30.0
-37.0
-9.0
-155.0
-2.0
-35.0
-12.0
-24.0
-11.0
-11.0
-44.0
-7.0
-8.0
-27.07499999999999
-17.0
-16.0
-7.0
-9.0
-19.0
-29.0
-1.0
-16.0
-18.0
-15.0
-6.0
-20.0
-1.0
-4.0
-9.0
-1.0
-22.0
-6.0
-18.0
-7.0
-769.0
-15.0
-38.0
-21.07499999999999
-8.0
-587.0
-435.0
-13.0
-5.0
-314.0
-13.0
-167.0
-20.0
-16.0
-13.0
-23.0
-4.0
-45.120000000000005
-33.0
-16.91999999999996
-11.0
-36.0
-27.08000000000004
-118.0
-26.0
-88.0
-18.0
-45.46500000000003
-56.0
-2.0
-28.0
-20.0
-4.0
-17.0
-19.0
-57.0
-25.0
-109.0
-56.0
-27.0
-15.0
-41.0
-37.120000000000005
-0.0
-98.0
-19.0
-54.0
-24.0
-33.0
-35.0
-18.0
-36.46500000000003
-10.5
-2.0
-10.5
-31.0
-24.0
-8.0
-2.0
-43.0
-49.0
-35.0
-22.0
-737.0
-15.0
-41.0
-9.0
-28.0
-39.0
-2.0
-24.0
-169.0
-334.0
-26.0
-40.079999999999984
-45.46500000000003
-5.0
-20.0
-7.5
-1.0
-1.0
-8.0
-8.0
-8.0
-0.0
-67.0
-735.0
-21.0
-24.0
-34.0
-41.0
-149.0
-27.879999999999995
-60.0
-21.0
-49.0
-23.0
-14.0
-15.0
-509.53499999999997
-24.0
-192.0
-5.0
-36.0
-29.0
-12.0
-3.0
-45.0
-35.0
-3.0
-79.0
-1.0
-38.0
-9.0
-3.0
-3.0
-37.0
-0.0
-22.0
-1.0
-56.0
-14.0
-6.0
-19.07499999999999
-11.0
-2.0
-6.0
-10.0
-1.0
-572.0
-66.0
-35.0
-9.439999999999998
-28.0
-26.0
-677.0
-26.0
-20.0
-14.0
-21.0
-356.0
-28.0
-27.0
-22.0
-17.0
-29.0
-39.0
-28.07499999999999
-3.0
-7.0
-0.0
-15.0
-13.0
-5.0
-1.0
-131.0
-375.0
-22.879999999999995
-36.0
-59.0
-86.0
-16.0
-180.0
-13.879999999999995
-23.0
-5.0
-58.0
-49.0
-1.0
-14.0
-23.0
-66.46500000000003
-3.0
-6.0
-30.0
-20.0
-5.0
-2.0
-6.0
-4.0
-26.0
-54.960000000000036
-31.039999999999964
-15.0
-7.0
-3.0
-29.08000000000004
-22.0
-46.0
-12.0
-27.0
-11.0
-106.88
-1.0
-72.0
-28.465000000000032
-67.0
-34.0
-16.0
-32.0
-15.0
-11.0
-40.0
-5.0
-28.0
-83.0
-6.0
-40.0
-71.0
-14.0
-20.0
-68.0
-20.0
-39.0
-40.0
-501.0
-47.0
-40.0
-27.0
-19.05000000000001
-1.5
-670.0
-9.0
-788.0
-1.0
-14.0
-44.0
-4.0
-2.0
-23.0
-34.0
-71.0
-51.0
-2.8799999999999955
-36.879999999999995
-1.0
-37.0
-6.2000000000000455
-25.0
-47.0
-32.0
-34.0
-33.0
-49.485000000000014
-3.0
-15.0
-26.0
-11.0
-12.0
-3.0
-1.0
-3.0
-4.0
-69.0
-41.0
-46.0
-13.0
-65.88
-31.0
-10.0
-35.0
-32.0
-35.0
-52.0
-24.0
-9.0
-17.0
-28.485000000000014
-19.0
-33.0
-23.0
-33.0
-8.0
-3.0
-6.0
-3.0
-30.120000000000005
-57.0
-17.0
-81.0
-11.0
-68.0
-6.0
-3.0
-33.0
-13.0
-14.0
-47.0
-27.0
-11.0
-33.0
-21.07499999999999
-12.0
-1.0
-21.0
-5.0
-2.0
-4.0
-21.0
-112.0
-32.0
-18.0
-28.0
-9.0
-6.0
-2.0
-34.0
-6.0
-28.0
-21.0
-17.0
-473.0
-18.0
-36.0
-33.0
-28.07499999999999
-228.0
-8.0
-5.0
-15.0
-1.0
-36.0
-44.0
-101.0
-27.0
-33.0
-33.0
-13.0
-17.0
-72.0
-18.0
-24.0
-5.0
-130.0
-16.0
-105.0
-33.0
-24.0
-30.0
-54.485000000000014
-2.0
-3.0
-3.0
-31.0
-6.5
-612.5
-4.0
-10.0
-78.0
-53.0
-37.0
-26.0
-31.0
-17.120000000000005
-20.0
-5.080000000000041
-5.0
-46.0
-36.120000000000005
-0.0
-48.0
-3.0
-7.0
-46.91999999999999
-13.0
-47.0
-5.0
-23.0
-7.0
-7.0
-16.0
-28.0
-91.0
-41.0
-19.0
-5.0
-5.0
-15.0
-4.0
-5.0
-9.0
-10.0
-20.0
-19.0
-25.0
-434.0
-27.0
-50.44999999999999
-2.0
-18.0
-6.0
-7.0
-8.0
-9.0
-4.0
-19.0
-15.0
-37.0
-22.0
-620.0
-319.0
-51.0
-59.879999999999995
-39.0
-35.0
-13.0
-5.0
-57.0
-4.0
-20.0
-15.0
-33.44999999999999
-28.0
-0.0
-3.0
-3.0
-25.0
-1.0
-17.0
-4.0
-440.0
-14.0
-19.0
-21.0
-26.879999999999995
-3.0
-40.879999999999995
-61.0
-14.0
-35.0
-40.0
-50.0
-12.0
-3.0
-4.0
-49.44999999999999
-35.0
-11.0
-11.0
-16.0
-21.0
-2.0
-0.0
-139.0
-11.0
-30.0
-61.0
-1.0
-59.0
-47.0
-56.0
-465.0
-44.0
-6.0
-19.0
-32.0
-8.0
-43.0
-560.0
-39.07499999999999
-5.0
-3.0
-835.0
-6.0
-13.0
-9.0
-18.0
-7.0
-13.0
-22.0
-33.0
-8.0
-9.0
-7.0
-4.0
-6.0
-3.0
-601.0
-39.0
-39.0
-37.0
-56.0
-9.0
-28.07499999999999
-14.0
-28.0
-2.0
-24.0
-7.0
-9.0
-76.0
-116.0
-33.0
-41.0
-71.0
-64.0
-75.48000000000002
-13.519999999999982
-30.879999999999995
-40.67999999999995
-85.67999999999995
-32.440000000000055
-37.120000000000005
-28.0
-23.5
-73.0
-63.0
-37.0
-4.0
-9.0
-17.0
-22.61500000000001
-14.099999999999994
-2.0
-8.0
-29.0
-12.0
-20.0
-25.47999999999999
-11.5
-19.0
-24.0
-51.0
-9.0
-34.0
-41.0
-37.0
-31.0
-17.0
-18.0
-1.0
-6.0
-5.0
-18.0
-20.0
-1.615000000000009
-10.0
-30.0
-2.0
-0.0
-18.0
-12.0
-22.0
-79.0
-324.52
-54.48000000000002
-114.0
-79.0
-10.0
-172.0
-215.0
-210.0
-85.0
-59.48000000000002
-55.48000000000002
-38.0
-12.0
-32.0
-12.0
-10.960000000000008
-24.5
-6.0
-8.0
-18.0
-9.0
-45.0
-5.0
-48.0
-238.0
-118.0
-121.0
-32.0
-410.32000000000005
-482.32000000000005
-31.67999999999995
-99.0
-134.0
-24.0
-16.480000000000018
-38.51999999999998
-29.519999999999982
-75.5
-3.0
-20.039999999999992
-55.5
-26.0
-34.0
-46.0
-24.0
-5.0
-219.0
-674.0
-219.51999999999998
-77.48000000000002
-146.48000000000002
-16.480000000000018
-84.51999999999998
-70.51999999999998
-45.0
-38.0
-50.0
-291.0
-29.0
-37.0
-36.0
-1.0
-13.0
-14.039999999999992
-283.5
-20.5
-7.0
-19.0
-23.0
-5.0
-150.5
-82.51999999999998
-137.51999999999998
-172.51999999999998
-137.15999999999997
-546.0
-81.0
-168.0
-17.0
-5.0
-22.0
-39.0
-94.0
-5.0
-2.0
-41.0
-9.0
-20.039999999999992
-55.5
-22.0
-24.0
-28.0
-9.0
-17.0
-18.0
-99.0
-49.0
-106.0
-82.0
-94.96000000000004
-62.960000000000036
-98.0
-106.0
-8.0
-47.0
-61.0
-3.0
-25.0
-12.0
-14.0
-36.0
-10.960000000000008
-33.099999999999994
-10.0
-15.0
-14.0
-10.0
-21.0
-43.0
-4.0
-21.0
-36.0
-24.0
-8.0
-16.0
-10.0
-4.0
-5.0
-510.0
-15.0
-11.0
-51.0
-44.0
-20.0
-18.0
-9.159999999999997
-5.099999999999994
-22.0
-34.0
-2.0
-38.0
-42.0
-8.0
-62.0
-44.0
-732.0
-17.0
-7.0
-7.0
-21.0
-21.0
-24.0
-521.0
-34.0
-20.0
-19.0
-1.0
-581.0
-14.0
-10.425000000000011
-99.0
-11.0
-525.0
-17.0
-11.0
-6.0
-68.0
-26.0
-66.0
-49.0
-25.559999999999945
-77.55999999999995
-35.0
-34.0
-13.0
-5.0
-64.0
-110.0
-1.0
-68.0
-32.0
-74.0
-22.0
-13.039999999999992
-23.0
-6.0
-17.0
-21.0
-8.0
-8.0
-8.0
-6.0
-59.48000000000002
-48.48000000000002
-24.600000000000023
-98.39999999999998
-69.39999999999998
-1.3999999999999773
-16.399999999999977
-18.519999999999982
-43.48000000000002
-41.51999999999998
-43.51999999999998
-560.48
-33.48000000000002
-10.52000000000001
-3.5
-20.039999999999992
-663.55
-25.0
-195.5
-32.0
-38.0
-22.0
-11.0
-171.60000000000002
-46.39999999999998
-13.600000000000023
-4.399999999999977
-51.0
-51.0
-4.0
-12.0
-59.0
-33.0
-34.0
-50.0
-10.0
-16.0
-3.0
-1.0
-14.039999999999992
-11.550000000000011
-4.0
-8.0
-20.0
-27.0
-29.0
-4.0
-22.0
-40.0
-3.0
-19.0
-36.0
-51.0
-75.0
-41.0
-52.0
-8.0
-74.0
-9.0
-22.0
-11.0
-6.0
-13.0
-10.960000000000008
-11.550000000000011
-29.0
-28.0
-19.0
-28.0
-64.0
-29.5
-4.0
-40.0
-67.0
-37.24000000000001
-31.600000000000023
-36.39999999999998
-7.399999999999977
-25.0
-71.0
-145.0
-60.039999999999964
-88.83999999999997
-131.16000000000003
-8.360000000000014
-14.419999999999959
-10.0
-14.039999999999992
-45.19999999999999
-0.5
-39.75999999999999
-19.0
-43.0
-34.5
-61.0
-12.5
-416.0
-9.5
-3.0
-24.0
-46.5
-52.80000000000001
-63.5
-16.19999999999999
-25.80000000000001
-58.0
-56.0
-6.0
-1.0
-16.0
-17.0
-22.57499999999999
-26.599999999999994
-17.0
-13.0
-26.0
-6.0
-9.0
-2.0
-85.0
-41.0
-39.0
-4.0
-15.0
-19.0
-70.0
-29.0
-30.0
-21.0
-232.0
-3.0
-20.0
-2.0
-5.0
-13.0
-6.009999999999991
-10.099999999999994
-19.0
-15.02000000000001
-16.02000000000001
-26.00999999999999
-36.0
-8.0
-92.0
-48.0
-62.0
-41.0
-91.0
-33.0
-61.0
-74.0
-91.0
-87.84000000000003
-65.84000000000003
-12.839999999999975
-18.160000000000025
-6.160000000000025
-15.839999999999975
-19.0
-10.960000000000008
-33.05000000000001
-9.0
-10.0
-14.0
-19.0
-3.0
-13.0
-11.0
-61.0
-25.0
-5.0
-43.0
-28.0
-10.0
-16.0
-1.0
-21.0
-7.0
-48.0
-4.0
-22.0
-17.0
-54.0
-10.960000000000008
-38.05000000000001
-23.0
-1.0
-36.0
-6.0
-4.0
-5.0
-1.0
-43.0
-13.0
-15.0
-105.0
-63.0
-0.0
-42.0
-77.0
-11.0
-91.0
-43.0
-23.0
-39.0
-29.0
-47.0
-40.0
-18.05000000000001
-18.0
-11.0
-28.0
-4.0
-8.0
-40.0
-13.0
-398.0
-28.0
-62.0
-30.0
-50.0
-230.0
-111.32000000000005
-70.32000000000005
-1.32000000000005
-119.0
-20.519999999999982
-18.519999999999982
-50.0
-3.0
-8.5
-32.315
-42.05000000000001
-10.0
-7.0
-7.5
-0.5
-7.5
-7.0
-125.88
-85.0
-7.0
-175.0
-41.0
-49.0
-12.0
-16.0
-79.0
-13.0
-5.0
-41.0
-7.0
-89.0
-16.0
-32.0
-63.315
-49.599999999999994
-20.0
-1.0
-7.0
-12.0
-19.0
-14.0
-13.0
-23.0
-45.0
-28.0
-246.0
-79.0
-45.0
-10.0
-47.0
-42.0
-87.0
-46.0
-22.0
-30.0
-10.0
-32.0
-28.045000000000044
-16.599999999999994
-42.0
-31.0
-18.0
-41.0
-101.0
-88.0
-108.0
-42.0
-31.519999999999982
-65.48000000000002
-28.0
-21.0
-25.0
-60.0
-124.0
-17.0
-1.0
-35.0
-27.0
-36.0
-10.0
-17.0
-17.900000000000006
-4.0
-23.0
-368.0
-13.0
-17.0
-55.0
-72.0
-58.0
-62.0
-50.0
-51.0
-41.0
-5.0
-38.0
-63.0
-87.0
-12.0
-32.0
-30.0
-17.0
-27.0
-45.0
-48.0
-63.315
-188.92000000000002
-156.07999999999998
-158.07999999999998
-81.92000000000002
-187.92000000000002
-83.92000000000002
-92.07999999999998
-63.079999999999984
-56.08000000000004
-224.91999999999996
-78.08000000000004
-18.91999999999996
-14.919999999999959
-30.08000000000004
-61.08000000000004
-56.08000000000004
-184.0
-69.0
-316.84
-55.839999999999975
-68.0
-34.0
-1.0
-586.685
-11.0
-37.0
-18.0
-10.0
-28.0
-14.0
-15.0
-123.0
-259.0
-12.0
-4.0
-126.0
-28.0
-34.0
-22.0
-104.0
-42.0
-96.0
-54.0
-8.0
-286.0
-56.0
-2.0
-22.314999999999998
-50.0
-16.0
-3.0
-33.0
-33.0
-13.0
-20.0
-31.0
-44.0
-8.0
-19.0
-21.0
-52.0
-74.0
-17.0
-18.0
-22.0
-48.0
-40.0
-5.0
-31.0
-13.0
-10.0
-42.099999999999994
-40.0
-34.0
-44.0
-32.0
-33.0
-46.0
-18.0
-6.0
-6.0
-1.0
-329.0
-2.0
-6.0
-64.0
-0.0
-13.0
-60.0
-28.0
-16.0
-22.5
-27.0
-832.0
-378.0
-32.099999999999994
-45.0
-38.0
-33.0
-51.0
-28.0
-41.0
-39.0
-32.0
-14.0
-0.0
-1.0
-7.0
-11.0
-0.0
-27.0
-12.0
-788.0
-17.0
-19.0
-25.0
-7.0
-1.0
-42.0
-39.150000000000006
-24.0
-43.0
-38.0
-19.0
-3.0
-36.0
-42.0
-80.0
-39.0
-7.0
-13.0
-42.0
-29.0
-36.0
-12.0
-154.0
-105.0
-17.0
-329.0
-1.0
-46.0
-5.0
-37.0
-32.315
-32.0
-2.0
-9.0
-733.96
-6.0
-17.0
-25.0
-3.0
-38.0
-63.0
-36.0
-75.0
-1.0
-35.0
-34.0
-52.0
-375.0
-24.0
-10.0
-6.0400000000000205
-39.04000000000002
-38.0
-2.0
-38.315
-820.0
-6.0
-6.0
-14.0
-1.0
-21.0
-16.0
-17.0
-78.0
-12.0
-45.559999999999945
-36.559999999999945
-448.55999999999995
-53.440000000000055
-38.799999999999955
-72.84000000000003
-15.32000000000005
-13.919999999999959
-112.08000000000004
-58.56
-34.56
-68.68
-5.0
-14.314999999999998
-13.0
-13.0
-234.5
-25.0
-11.5
-6.5
-0.0
-28.720000000000027
-38.72000000000003
-60.27999999999997
-23.720000000000027
-6.039999999999964
-4.039999999999964
-6.960000000000036
-43.960000000000036
-51.960000000000036
-33.960000000000036
-1.0
-67.0
-30.0
-8.0
-517.0
-9.0
-44.315
-4.5
-13.0
-383.5
-4.0
-11.5
-9.0
-13.0
-14.0
-231.0
-18.0
-35.0
-40.0
-24.0
-19.75999999999999
-39.24000000000001
-21.24000000000001
-11.240000000000009
-5.960000000000036
-30.95999999999998
-25.0
-30.0
-21.0
-5.0
-13.314999999999998
-16.0
-16.0
-3.0
-9.0
-11.0
-6.0
-26.0
-21.0
-348.0
-77.0
-27.0
-18.0
-11.32000000000005
-2.32000000000005
-45.67999999999995
-29.0
-668.0
-15.0
-34.68000000000001
-665.6800000000001
-3.680000000000007
-12.0
-9.0
-22.314999999999998
-36.5
-46.5
-41.5
-46.0
-40.0
-53.0
-55.98000000000005
-24.0
-9.0
-497.5
-68.5
-15.0
-19.0
-13.0
-14.5
-13.0
-20.80000000000001
-6.0
-22.0
-6.0
-12.5
-696.5
-15.5
-21.620000000000005
-0.5
-20.5
-15.5
-20.0
-14.0
-37.0
-18.039999999999992
-814.0
-4.0
-10.5
-17.0
-28.0
-13.0
-12.0
-4.0
-4.0
-18.0
-8.0
-36.0
-4.0
-11.0
-5.0
-16.0
-38.620000000000005
-49.34
-23.0
-1.0
-22.0
-3.0
-21.0
-3.0
-59.0
-40.0
-30.0
-9.0
-17.0
-55.0
-9.480000000000018
-10.480000000000018
-197.0
-70.0
-25.0
-10.0
-384.0
-2.0
-6.0
-465.0
-38.315
-38.68000000000001
-24.680000000000007
-52.68000000000001
-8.719999999999999
-63.68000000000001
-55.68000000000001
-63.19999999999999
-1.1999999999999886
-72.32000000000005
-43.32000000000005
-17.67999999999995
-51.32000000000005
-12.32000000000005
-83.32000000000005
-80.32000000000005
-89.32000000000005
-44.32000000000005
-32.32000000000005
-35.31999999999999
-77.68
-0.6800000000000068
-353.32
-56.68000000000001
-123.63
-86.44
-60.44
-65.44
-91.44
-72.44
-101.44
-95.44
-66.44
-61.559999999999945
-111.55999999999995
-4.559999999999945
-69.55999999999995
-55.559999999999945
-18.559999999999945
-25.559999999999945
-41.559999999999945
-56.559999999999945
-0.44000000000005457
-53.56
-110.44
-34.56
-342.56
-72.44
-47.75999999999999
-558.0
-6.0
-9.0
-15.0
-11.0
-6.0
-3.0
-119.0
-37.0
-90.0
-63.0
-198.0
-36.0
-22.0
-17.0
-93.0
-2.0
-31.0
-35.0
-34.0
-5.0
-34.0
-10.0
-10.319999999999993
-10.5
-22.0
-34.0
-30.0
-22.0
-36.0
-12.0
-22.0
-19.0
-36.48000000000002
-0.5199999999999818
-25.0
-14.0
-19.440000000000055
-13.440000000000055
-702.44
-29.440000000000055
-17.559999999999945
-88.56
-325.56
-3.5600000000000023
-3.159999999999968
-22.0
-17.319999999999993
-24.5
-33.5
-8.5
-33.0
-398.0
-40.0
-32.48000000000005
-11.0
-131.12
-6.0
-59.0
-19.0
-9.0
-5.0
-24.0
-1.0
-3.0
-16.0
-108.0
-40.120000000000005
-43.0
-88.0
-79.0
-30.0
-49.94999999999999
-3.0
-20.0
-11.0
-17.0
-39.0
-3.0
-38.0
-159.64
-34.48000000000002
-3.0
-15.0
-33.32000000000005
-10.32000000000005
-40.32000000000005
-21.0
-31.0
-11.0
-34.0
-26.0
-15.0
-62.0
-27.0
-749.88
-50.88499999999999
-40.51999999999998
-75.0
-89.0
-402.0
-17.0
-29.0
-36.0
-13.0
-18.0
-34.91999999999996
-2.0
-2.8999999999999773
-169.0
-723.0
-17.120000000000005
-9.0
-49.0
-1.0
-10.0
-267.0
-49.0
-81.0
-31.0
-23.88499999999999
-2.0
-0.0
-16.0
-7.0
-15.0
-10.0
-18.0
-84.0
-42.0
-646.0
-59.0
-15.519999999999982
-15.5
-38.0
-54.0
-13.0
-20.0
-25.0
-20.5
-8.0
-13.0
-24.5
-5.0
-14.5
-12.0
-8.5
-3.5
-52.0
-11.5
-0.5
-0.5
-11.0
-44.0
-1.0
-8.0
-8.740000000000009
-11.5
-0.5
-11.0
-23.0
-55.5
-23.0
-18.5
-12.5
-24.5
-18.5
-9.0
-21.5
-9.0
-11.0
-2.0
-6.0
-19.0
-1.0
-7.0
-118.0
-5.0
-100.0
-33.0
-4.0
-67.0
-10.0
-9.120000000000005
-10.0
-27.0
-61.0
-50.0
-25.0
-43.0
-19.0
-8.0
-54.88499999999999
-5.0
-29.0
-14.0
-24.0
-21.0
-23.0
-17.0
-9.0
-23.0
-18.0
-19.0
-13.0
-23.0
-37.0
-45.0
-30.0
-634.12
-10.0
-65.0
-21.0
-22.0
-6.0
-33.0
-14.115000000000009
-13.0
-44.0
-2.0
-18.0
-567.0
-33.0
-4.0
-562.0
-17.0
-2.0
-32.0
-25.0
-17.0
-17.0
-31.0
-23.0
-12.0
-39.91999999999996
-17.480000000000018
-38.51999999999998
-33.0
-82.0
-46.0
-61.81999999999999
-774.0
-9.0
-14.0
-2.0
-2.0
-459.0
-4.0
-22.0
-10.0
-77.0
-80.0
-28.0
-9.0
-41.0
-7.0
-10.0
-29.879999999999995
-59.0
-3.0
-269.0
-151.0
-11.0
-26.0
-172.68
-19.0
-12.0
-4.0
-31.0
-5.0
-296.0
-16.0
-18.0
-16.0
-2.0
-8.0
-34.0
-56.0
-2.0
-86.0
-19.0
-121.0
-10.0
-0.0
-27.0
-56.0
-392.0
-7.0
-40.31999999999999
-16.0
-553.0
-13.0
-21.0
-28.0
-27.0
-11.0
-43.0
-7.0
-18.0
-17.0
-3.0
-50.0
-34.0
-27.0
-30.0
-34.0
-18.0
-489.0
-31.0
-39.0
-617.0
-28.0
-6.5
-22.0
-29.5
-25.5
-1.0
-11.0
-12.0
-0.0
-11.0
-48.0
-20.0
-39.0
-90.0
-7.0
-22.0
-110.0
-0.0
-18.0
-52.0
-12.0
-22.0
-16.0
-29.0
-5.0
-6.5
-7.0
-27.0
-18.0
-31.0
-812.0
-8.0
-52.0
-45.0
-37.120000000000005
-55.0
-1.0
-52.0
-45.0
-15.0
-60.0
-29.0
-85.08000000000004
-3.0
-111.0
-63.0
-8.0
-48.0
-13.0
-356.18
-4.0
-7.0
-1.0
-9.0
-5.0
-602.0
-9.0
-7.0
-25.0
-22.0
-27.0
-29.0
-14.0
-41.0
-30.0
-34.0
-1.0
-14.0
-82.0
-4.0
-57.0
-32.0
-14.0
-17.319999999999993
-4.0
-19.0
-9.0
-1.0
-5.0
-458.0
-14.0
-21.120000000000005
-0.0
-10.0
-33.0
-28.0
-17.0
-18.0
-38.0
-11.0
-8.0
-27.0
-2.0
-25.0
-41.0
-7.0
-1.0
-17.319999999999993
-2.0
-32.0
-12.0
-26.0
-16.0
-21.0
-6.0
-33.0
-2.0
-34.0
-12.080000000000041
-53.0
-5.8799999999999955
-24.0
-9.0
-15.0
-16.0
-54.0
-23.0
-25.0
-16.0
-12.0
-21.0
-1.3199999999999932
-7.0
-34.0
-29.0
-18.0
-1.0
-17.0
-5.0
-22.0
-2.0
-31.039999999999964
-172.03999999999996
-33.0
-0.0
-14.0
-7.0
-15.0
-18.0
-132.0
-10.0
-35.0
-39.0
-28.0
-174.0
-17.319999999999993
-6.0
-2.0
-11.0
-6.0
-12.0
-0.0
-17.0
-97.0
-102.0
-132.0
-27.0
-6.0
-27.0
-36.0
-45.0
-21.0
-4.0
-16.0
-52.0
-47.0
-39.0
-53.0
-406.0
-12.5
-17.0
-6.0
-9.0
-5.0
-43.0
-125.0
-1.0
-22.0
-46.0
-19.0
-7.0
-50.0
-55.0
-37.0
-43.0
-20.0
-12.0
-46.0
-3.0
-36.0
-5.0
-16.0
-13.0
-14.5
-19.0
-8.0
-18.0
-22.0
-13.0
-10.0
-12.0
-132.0
-15.0
-329.0
-4.0
-169.0
-89.0
-10.0
-563.0
-59.0
-19.0
-30.0
-28.0
-16.0
-72.0
-2.0
-29.0
-43.31999999999999
-4.0
-25.0
-2.0
-18.0
-0.0
-24.0
-23.0
-23.0
-15.0
-94.0
-510.0
-26.0
-9.0
-60.0
-17.0
-17.0
-44.0
-103.0
-55.0
-4.0
-55.0
-38.0
-15.0
-1.3199999999999932
-19.0
-1.0
-33.0
-1.0
-14.0
-73.0
-33.0
-60.0
-51.0
-99.0
-110.0
-8.0
-1.0
-91.0
-5.0
-47.0
-45.0
-90.0
-191.0
-289.0
-20.0
-11.0
-84.0
-1.3199999999999932
-29.0
-5.0
-14.0
-17.0
-27.0
-12.0
-19.0
-2.0
-22.0
-1.0
-20.0
-43.0
-26.0
-31.0
-5.0
-233.0
-49.0
-8.0
-25.0
-49.0
-111.0
-5.0
-40.0
-42.81999999999999
-577.0
-8.0
-23.0
-11.0
-17.0
-22.0
-17.0
-15.0
-35.0
-31.0
-21.0
-10.0
-68.0
-30.0
-99.0
-117.0
-8.0
-36.0
-71.0
-88.0
-10.0
-12.920000000000016
-8.5
-6.474999999999994
-30.0
-18.0
-2.0
-15.0
-33.0
-1.0
-26.0
-67.0
-16.0
-64.0
-361.0
-343.0
-363.0
-37.0
-81.0
-31.0
-71.12
-535.0
-8.0
-627.0
-110.0
-104.0
-72.0
-45.5
-19.0
-25.0
-6.0
-4.0
-33.0
-6.0
-27.0
-19.0
-35.0
-25.0
-143.0
-13.0
-12.0
-0.0
-9.0
-9.0
-12.0
-24.0
-97.0
-74.0
-20.0
-79.0
-4.0
-54.5
-61.0
-103.0
-68.0
-778.0
-10.0
-23.0
-6.0
-120.0
-30.0
-166.0
-37.0
-98.0
-43.0
-19.0
-8.0
-30.0
-226.0
-173.0
-51.0
-21.0
-19.0
-28.0
-11.0
-2.4749999999999943
-12.0
-371.0
-10.0
-4.5
-8.0
-3.5
-2.0
-34.95999999999998
-9.0
-28.0
-137.0
-41.0
-6.0
-82.0
-125.0
-133.0
-135.0
-140.0
-128.0
-18.0
-163.0
-377.0
-4.0
-12.129999999999995
-6.0
-20.0
-29.0
-6.0
-5.0
-3.0
-6.0
-8.0
-492.0
-134.67999999999995
-113.55999999999995
-24.32000000000005
-25.0
-123.0
-110.0
-110.44000000000005
-132.44000000000005
-31.08000000000004
-98.08000000000004
-29.95999999999998
-110.44
-1.4399999999999977
-2.0
-35.80500000000001
-24.0
-5.0
-26.0
-6.0
-45.0
-8.0
-2.0
-18.0
-29.0
-8.0
-3.0
-83.0
-33.0
-46.0
-32.0
-21.0
-21.0
-99.0
-21.0
-69.0
-14.0
-567.0
-7.0
-19.805000000000007
-29.75999999999999
-16.0
-6.5
-16.5
-8.5
-33.0
-7.0
-36.0
-20.0
-17.0
-51.0
-82.0
-78.0
-5.0
-17.0
-39.0
-12.0
-8.0
-396.0
-20.0
-14.0
-38.0
-32.0
-35.80500000000001
-28.0
-19.5
-12.5
-2.5
-9.0
-10.5
-16.0
-131.0
-99.74000000000001
-10.920000000000016
-59.079999999999984
-35.079999999999984
-75.08000000000001
-40.01999999999998
-29.920000000000016
-19.920000000000016
-43.920000000000016
-7.9199999999999875
-0.0800000000000125
-69.22000000000003
-112.5
-33.5
-110.5
-114.5
-13.0
-21.5
-14.5
-51.5
-45.0
-44.5
-7.0
-40.0
-16.74000000000001
-30.220000000000027
-5.439999999999998
-32.44
-47.95999999999998
-47.01999999999998
-509.56
-76.98000000000002
-30.439999999999998
-73.95999999999998
-38.44
-41.44
-4.5
-11.5
-6.5
-2.5
-42.75999999999999
-12.0
-687.5
-1.5
-17.5
-30.5
-1.5
-131.92000000000002
-15.919999999999959
-45.91999999999996
-55.08000000000004
-91.91999999999996
-620.92
-16.91999999999996
-471.91999999999996
-22.91999999999996
-136.91999999999996
-31.91999999999996
-0.9199999999999591
-60.920000000000016
-21.920000000000016
-9.920000000000016
-20.0
-23.805000000000007
-0.2400000000000091
-15.0
-16.0
-4.0
-7.0
-33.0
-465.0
-1.0
-9.0
-17.08000000000004
-10.840000000000032
-10.720000000000027
-14.279999999999973
-53.75999999999999
-43.0
-28.0
-21.0
-22.32000000000005
-11.67999999999995
-60.31999999999999
-175.0
-43.0
-16.0
-19.805000000000007
-23.75999999999999
-70.56
-42.94
-35.44
-32.44
-45.44
-229.32
-10.879999999999995
-29.879999999999995
-104.88
-14.879999999999995
-20.120000000000005
-11.639999999999986
-86.49000000000001
-410.88
-69.88999999999999
-111.88
-58.879999999999995
-42.889999999999986
-220.60000000000002
-73.60000000000002
-156.61
-34.60000000000002
-77.48000000000002
-127.51999999999998
-38.22000000000003
-15.939999999999998
-8.439999999999998
-509.56
-18.439999999999998
-35.879999999999995
-6.439999999999998
-9.600000000000023
-59.799999999999955
-16.799999999999955
-38.200000000000045
-23.200000000000045
-24.200000000000045
-693.8
-248.79999999999995
-22.200000000000045
-13.799999999999955
-38.799999999999955
-115.80000000000001
-14.800000000000011
-76.19999999999999
-41.80000000000001
-104.07
-58.28
-32.879999999999995
-43.879999999999995
-48.879999999999995
-31.879999999999995
-48.879999999999995
-47.879999999999995
-6.8799999999999955
-11.120000000000005
-71.12
-71.12
-25.720000000000027
-50.72000000000003
-31.720000000000027
-44.27999999999997
-239.27999999999997
-71.12
-14.919999999999959
-12.759999999999991
-59.75999999999999
-143.24
-18.079999999999984
-47.879999999999995
-10.889999999999986
-40.0
-10.5
-8.5
-1.5
-0.0
-0.5
-41.0
-13.0
-41.51999999999998
-51.51999999999998
-51.51999999999998
-108.0
-187.0
-26.04000000000002
-73.04000000000002
-75.04000000000002
-78.04000000000002
-53.0
-73.0
-69.0
-403.0
-0.0
-96.0
-99.5
-420.0
-10.5
-3.5
-48.5
-42.0
-35.5
-7.0
-10.0
-57.75999999999999
-56.24000000000001
-28.439999999999998
-12.439999999999998
-21.439999999999998
-18.439999999999998
-46.56
-27.439999999999998
-51.56
-14.560000000000002
-82.0
-24.0
-666.0
-33.0
-22.5
-33.5
-67.72000000000003
-82.92000000000002
-119.04000000000002
-58.95999999999998
-274.04
-254.04000000000002
-290.04
-99.95999999999998
-28.039999999999964
-23.960000000000036
-50.039999999999964
-41.039999999999964
-93.03999999999996
-27.039999999999964
-23.039999999999964
-47.039999999999964
-32.039999999999964
-85.96000000000004
-59.960000000000036
-108.96000000000004
-18.95999999999998
-22.04000000000002
-133.95999999999998
-496.14
-66.86000000000001
-14.0
-6.47999999999999
-15.480000000000018
-24.97999999999999
-29.97999999999999
-21.47999999999999
-43.0
-159.0
-14.0
-35.0
-64.0
-50.0
-47.0
-64.0
-57.0
-4.0
-81.0
-17.0
-42.0
-94.0
-52.0
-49.0
-22.0
-37.0
-120.0
-22.0
-1.0
-20.0
-48.0
-86.0
-34.0
-8.0
-32.0
-49.0
-8.0
-185.0
-49.0
-46.0
-11.0
-2.0
-8.819999999999993
-28.0
-0.0
-9.0
-3.0
-9.0
-22.0
-17.0
-46.0
-35.0
-159.0
-28.0
-10.0
-47.0
-35.0
-87.0
-17.0
-8.0
-182.0
-58.0
-10.0
-66.0
-12.920000000000016
-19.5
-6.474999999999994
-17.0
-33.0
-3.0
-16.0
-38.0
-4.0
-51.0
-67.0
-16.0
-665.0
-83.0
-20.0
-0.0
-44.0
-47.0
-31.0
-37.120000000000005
-27.0
-26.0
-28.0
-30.0
-50.0
-1.0
-8.5
-2.0
-33.0
-472.0
-7.0
-28.0
-30.0
-9.0
-19.0
-57.0
-25.0
-2.0
-52.0
-8.0
-17.0
-58.0
-58.0
-61.0
-54.0
-57.0
-65.0
-23.0
-39.0
-19.0
-14.5
-38.0
-734.0
-45.0
-16.0
-12.0
-25.0
-31.0
-96.0
-30.0
-31.0
-3.0
-34.0
-43.0
-10.0
-1.0
-30.0
-13.0
-12.0
-93.0
-21.0
-10.0
-58.0
-31.0
-17.525000000000006
-42.0
-63.0
-231.0
-1.5
-395.0
-3.5
-2.0
-65.95999999999998
-188.0
-35.0
-22.0
-36.0
-23.0
-68.0
-25.0
-31.0
-15.0
-87.0
-100.0
-48.0
-68.0
-6.0
-20.0
-23.870000000000005
-22.0
-6.0
-30.0
-5.0
-6.0
-2.0
-20.0
-8.0
-58.0
-15.32000000000005
-3.5599999999999454
-35.32000000000005
-1.0
-5.0
-39.0
-39.559999999999945
-17.559999999999945
-24.08000000000004
-436.08000000000004
-16.95999999999998
-66.56
-9.439999999999998
-14.0
-19.805000000000007
-16.0
-13.0
-5.0
-7.0
-32.0
-8.0
-2.0
-58.0
-29.0
-15.0
-52.0
-67.0
-38.0
-185.0
-26.0
-21.0
-3.0
-5.0
-21.0
-20.0
-11.0
-37.0
-7.0
-19.805000000000007
-54.75999999999999
-632.0
-20.5
-0.5
-308.5
-24.0
-11.0
-36.0
-20.0
-130.0
-82.0
-82.0
-27.0
-22.0
-162.0
-51.0
-10.0
-23.0
-33.0
-520.0
-32.0
-76.0
-406.0
-19.805000000000007
-10.0
-8.5
-15.5
-14.5
-19.0
-18.5
-2.0
-162.0
-11.259999999999991
-38.920000000000016
-28.920000000000016
-75.92000000000002
-35.91999999999999
-68.01999999999998
-60.920000000000016
-50.920000000000016
-74.92000000000002
-38.91999999999999
-30.919999999999987
-239.77999999999997
-34.5
-8.5
-3.5
-0.5
-12.0
-3.5
-10.5
-20.5
-14.0
-8.5
-10.0
-53.0
-29.74000000000001
-17.220000000000027
-5.439999999999998
-12.439999999999998
-27.95999999999998
-27.019999999999982
-4.439999999999998
-56.98000000000002
-10.439999999999998
-26.95999999999998
-8.560000000000002
-30.439999999999998
-34.5
-347.5
-36.5
-32.5
-60.75999999999999
-20.0
-30.5
-741.5
-21.5
-30.5
-1.5
-131.92000000000002
-15.919999999999959
-161.91999999999996
-2.080000000000041
-51.91999999999996
-29.08000000000004
-16.91999999999996
-43.91999999999996
-45.08000000000004
-34.91999999999996
-153.08000000000004
-0.9199999999999591
-60.920000000000016
-12.920000000000016
-15.079999999999984
-4.0
-0.19499999999999318
-0.2400000000000091
-3.0
-2.0
-33.0
-22.0
-4.0
-32.0
-32.0
-9.0
-58.91999999999996
-180.84000000000003
-10.720000000000027
-33.27999999999997
-48.75999999999999
-38.0
-23.0
-121.0
-2.67999999999995
-11.67999999999995
-43.31999999999999
-7.0
-0.0
-252.0
-50.80500000000001
-26.75999999999999
-66.56
-25.939999999999998
-18.439999999999998
-33.44
-46.44
-50.68000000000001
-14.879999999999995
-47.879999999999995
-18.120000000000005
-14.879999999999995
-10.120000000000005
-299.36
-36.50999999999999
-91.88
-53.110000000000014
-93.88
-65.88
-42.889999999999986
-48.60000000000002
-13.600000000000023
-17.610000000000014
-4.399999999999977
-47.48000000000002
-13.519999999999982
-37.22000000000003
-14.939999999999998
-441.56
-4.439999999999998
-17.439999999999998
-45.879999999999995
-2.4399999999999977
-9.600000000000023
-71.20000000000005
-16.799999999999955
-27.200000000000045
-56.200000000000045
-24.200000000000045
-56.799999999999955
-7.7999999999999545
-22.200000000000045
-1.2000000000000455
-38.799999999999955
-10.199999999999989
-20.19999999999999
-16.19999999999999
-25.80000000000001
-51.06999999999999
-5.280000000000001
-46.879999999999995
-57.879999999999995
-376.12
-41.879999999999995
-45.879999999999995
-44.879999999999995
-10.879999999999995
-62.120000000000005
-53.120000000000005
-71.12
-14.720000000000027
-26.720000000000027
-33.72000000000003
-64.27999999999997
-179.27999999999997
-49.120000000000005
-21.91999999999996
-13.240000000000009
-66.24000000000001
-24.24000000000001
-18.079999999999984
-24.879999999999995
-6.889999999999986
-40.0
-8.5
-162.5
-25.5
-19.0
-18.5
-2.0
-91.0
-73.51999999999998
-33.48000000000002
-12.480000000000018
-44.0
-197.0
-26.04000000000002
-29.04000000000002
-57.04000000000002
-100.04000000000002
-75.0
-500.0
-41.0
-21.0
-7.0
-17.0
-13.5
-2.0
-10.5
-3.5
-11.5
-11.0
-8.5
-10.0
-743.0
-3.759999999999991
-60.24000000000001
-32.44
-686.44
-36.44
-22.439999999999998
-46.56
-31.439999999999998
-23.439999999999998
-14.560000000000002
-35.0
-35.0
-29.0
-6.0
-4.5
-0.5
-64.72000000000003
-58.920000000000016
-214.04000000000002
-43.04000000000002
-386.04
-46.95999999999998
-10.95999999999998
-24.95999999999998
-28.039999999999964
-37.960000000000036
-53.960000000000036
-546.96
-105.03999999999996
-17.960000000000036
-283.96000000000004
-259.96000000000004
-5.039999999999964
-22.039999999999964
-59.960000000000036
-111.96000000000004
-108.95999999999998
-1.0400000000000205
-0.9599999999999795
-11.139999999999986
-50.860000000000014
-20.0
-30.47999999999999
-49.48000000000002
-34.97999999999999
-43.97999999999999
-35.47999999999999
-106.0
-44.0
-708.0
-6.0
-35.0
-267.0
-74.0
-73.0
-111.0
-58.0
-59.0
-17.0
-30.0
-148.0
-111.0
-29.0
-22.439999999999998
-37.0
-9.0
-4.0
-0.0
-5.0
-5.0
-18.0
-9.0
-19.0
-275.0
-1.0
-49.0
-248.0
-55.0
-21.0
-25.0
-28.0
-22.0
-51.0
-47.0
-24.0
-8.0
-15.0
-22.439999999999998
-19.0
-1.0
-5.0
-457.0
-39.0
-3.0
-295.0
-110.0
-5.0
-2.0
-5.0
-13.0
-39.0
-20.0
-10.0
-21.0
-18.0
-14.0
-40.0
-101.0
-168.48000000000002
-65.48000000000002
-1.0
-13.019999999999982
-10.5
-8.0
-35.0
-16.0
-2.5
-15.0
-42.75999999999999
-1.0
-33.0
-112.0
-18.0
-4.0
-520.0
-15.0
-34.0
-26.0
-7.759999999999991
-40.24000000000001
-81.24000000000001
-88.24000000000001
-41.48000000000002
-10.519999999999982
-65.0
-16.039999999999992
-44.0
-6.0
-11.0
-7.0
-3.0
-75.0
-22.0
-16.0
-1.0
-31.0
-31.0
-20.0
-15.0
-41.0
-2.0
-34.0
-658.0
-11.0
-0.0
-461.0
-4.0
-12.0
-26.0
-529.5
-4.0
-14.0
-28.0
-20.0
-23.0
-2.0
-4.0
-10.0
-57.0
-0.0
-0.0
-18.0
-447.0
-42.0
-25.0
-7.0
-25.0
-45.0
-669.0
-15.0
-96.0
-58.0
-38.0
-13.5
-2.0
-7.0
-4.0
-4.0
-8.0
-1.0
-21.0
-143.0
-56.0
-169.0
-57.0
-36.0
-21.0
-2.0
-26.0
-11.0
-38.0
-111.0
-24.0
-0.0
-15.0
-62.0
-39.0
-552.1
-232.27999999999997
-0.7200000000000273
-54.27999999999997
-226.27999999999997
-225.27999999999997
-227.27999999999997
-237.27999999999997
-33.27999999999997
-83.27999999999997
-433.28
-172.27999999999997
-208.27999999999997
-220.27999999999997
-107.27999999999997
-391.28
-428.28
-427.28
-377.28
-86.27999999999997
-384.0
-10.0
-56.0
-57.0
-22.379999999999995
-29.0
-13.0
-0.0
-6.0
-5.0
-24.0
-83.0
-150.0
-125.0
-95.0
-21.0
-83.0
-19.0
-60.0
-16.0
-3.0
-60.0
-2.0
-8.0
-36.0
-90.0
-30.0
-21.0
-13.620000000000005
-31.0
-3.0
-17.0
-14.0
-18.0
-5.0
-15.0
-187.0
-31.0
-23.0
-24.0
-19.0
-2.0
-40.0
-29.0
-11.0
-10.0
-34.0
-62.0
-44.0
-41.0
-33.0
-318.84
-13.620000000000005
-57.0
-33.0
-19.0
-20.0
-24.0
-304.0
-8.0
-181.0
-26.0
-38.0
-16.0
-22.0
-50.0
-48.0
-2.0
-24.0
-37.120000000000005
-94.0
-95.0
-101.0
-17.0
-14.0
-419.0
-6.3799999999999955
-10.0
-21.0
-17.0
-14.0
-25.0
-15.0
-11.0
-120.0
-9.0
-18.0
-8.0
-29.0
-88.0
-27.0
-23.0
-21.0
-46.0
-3.0
-5.0
-16.0
-4.0
-36.0
-8.0
-21.5
-0.0
-19.0
-41.0
-42.0
-80.0
-39.0
-9.0
-5.0
-27.0
-30.0
-752.0
-62.0
-55.0
-49.0
-54.0
-42.0
-44.0
-56.0
-36.0
-41.0
-4.0
-24.0
-21.0
-42.05000000000001
-0.5
-7.0
-24.0
-18.0
-21.0
-453.0
-36.0
-149.0
-57.0
-101.0
-40.0
-29.0
-2.0
-16.0
-6.0
-6.0
-38.0
-70.08000000000004
-170.0
-65.0
-10.0
-28.0
-23.0
-6.3799999999999955
-10.0
-31.0
-50.0
-15.0
-13.0
-227.0
-9.0
-19.0
-24.0
-28.0
-4.0
-26.0
-3.0
-14.799999999999955
-46.799999999999955
-25.799999999999955
-36.799999999999955
-1.2000000000000455
-25.75999999999999
-3.759999999999991
-60.24000000000001
-48.75999999999999
-68.0
-20.139999999999986
-13.0
-33.0
-792.0
-16.0
-38.0
-12.0
-3.0
-68.0
-144.0
-23.0
-17.0
-33.0
-10.0
-716.0
-2.080000000000041
-33.0
-21.0
-3.0
-18.0
-32.0
-460.0
-10.0
-49.0
-8.569999999999993
-5.5
-7.0
-8.0
-20.0
-23.0
-15.0
-1.0
-96.0
-55.0
-13.0
-29.0
-35.0
-2.0
-21.0
-66.0
-39.0
-14.0
-13.0
-161.0
-75.0
-14.680000000000007
-441.32
-15.0
-8.569999999999993
-5.5
-4.0
-6.0
-426.0
-5.0
-5.5
-25.0
-115.24000000000001
-6.759999999999991
-24.279999999999973
-21.279999999999973
-71.27999999999997
-24.279999999999973
-3.0
-25.75999999999999
-37.75999999999999
-144.24
-54.75999999999999
-62.0
-11.0
-16.0
-54.0
-35.0
-298.57
-3.5
-4.0
-15.0
-2.0
-9.0
-17.0
-4.0
-14.0
-23.0
-50.0
-79.0
-95.0
-451.48
-103.51999999999998
-16.0
-108.16000000000003
-38.160000000000025
-43.160000000000025
-9.5
-29.0
-38.0
-23.0
-592.0
-1.0600000000000023
-22.0
-26.0
-17.0
-64.0
-54.0
-50.0
-66.0
-53.0
-33.0
-25.0
-4.0
-7.0
-4.0
-5.0
-5.0
-5.0
-2.0
-29.0
-48.0
-49.0
-14.0
-2.0
-4.0
-5.939999999999998
-0.0
-27.0
-9.0
-25.0
-23.0
-3.0
-102.0
-62.0
-31.519999999999982
-17.519999999999982
-27.519999999999982
-2.480000000000018
-20.480000000000018
-21.519999999999982
-22.0
-26.0
-366.0
-171.0
-197.0
-103.0
-41.0
-36.0
-24.0
-24.569999999999993
-10.0
-8.0
-5.0
-7.0
-21.0
-11.0
-24.0
-13.0
-22.0
-42.0
-13.0
-17.0
-15.960000000000036
-18.039999999999964
-5.159999999999968
-12.840000000000032
-14.159999999999968
-10.840000000000032
-65.16000000000003
-52.160000000000025
-47.0
-20.0
-12.0
-8.569999999999993
-20.0
-9.0
-7.0
-1.0
-22.0
-19.0
-63.0
-76.0
-24.0
-32.0
-26.0
-5.0
-16.0
-85.0
-29.0
-29.0
-33.0
-55.0
-64.0
-32.0
-8.0
-29.0
-36.964999999999975
-1.0
-2.0
-4.0
-6.0
-7.0
-42.0
-38.0
-6.0
-0.0
-94.88
-58.0
-45.0
-14.0
-4.0
-25.0
-5.0
-62.0
-160.0
-94.0
-70.0
-11.0
-8.0
-22.0
-32.964999999999975
-2.0
-14.0
-205.0
-1.0
-16.0
-6.0
-10.0
-340.0
-37.0
-24.0
-21.0
-23.0
-43.0
-3.0
-14.0
-21.0
-6.159999999999997
-17.0
-11.0
-16.0
-11.0
-11.0
-41.0
-68.07499999999999
-2.0
-3.0
-32.0
-83.0
-8.0
-27.5
-432.0
-156.0
-367.15999999999997
-91.15999999999997
-9.159999999999968
-49.15999999999997
-67.15999999999997
-61.27999999999997
-30.159999999999968
-35.15999999999997
-24.840000000000032
-35.15999999999997
-99.15999999999997
-28.160000000000025
-3.839999999999975
-36.839999999999975
-4.0
-447.965
-13.0
-3.0
-3.0
-2.0
-40.0
-1.0
-4.0
-133.0
-56.0
-80.0
-46.0
-74.0
-76.08000000000004
-85.0
-77.0
-102.0
-63.0
-54.0
-10.0
-32.079999999999984
-10.0
-2.0
-366.0
-43.964999999999975
-40.0
-23.0
-1.0
-23.0
-4.0
-14.0
-13.0
-22.360000000000014
-81.63999999999999
-74.75999999999999
-41.120000000000005
-84.67999999999995
-54.559999999999945
-80.0
-83.51999999999998
-85.51999999999998
-52.039999999999964
-358.03999999999996
-91.55999999999995
-38.56
-34.0
-24.0
-28.0
-20.964999999999975
-20.5
-1.0
-4.5
-17.5
-3.0
-9.0
-11.0
-15.300000000000011
-79.83000000000004
-43.299999999999955
-74.67999999999995
-127.91999999999996
-5.080000000000041
-68.91999999999996
-59.039999999999964
-35.91999999999996
-58.91999999999996
-1.080000000000041
-268.91999999999996
-53.920000000000016
-7.920000000000016
-18.920000000000016
-23.0
-56.964999999999975
-20.5
-1.0
-7.5
-5.5
-3.0
-12.0
-829.0
-18.0
-44.0
-47.0
-49.0
-83.0
-2.8799999999999955
-63.67999999999995
-27.67999999999995
-54.67999999999995
-65.84000000000003
-26.720000000000027
-49.799999999999955
-114.19999999999999
-45.80000000000001
-50.0
-1.0
-280.965
-2.5
-38.0
-18.0
-1.0
-9.0
-2.0
-1.0
-166.0
-14.0
-30.0
-41.0
-23.0
-2.960000000000008
-18.04000000000002
-21.519999999999982
-16.519999999999982
-14.680000000000007
-31.0
-39.68000000000001
-19.5
-34.0
-38.0
-2.0
-53.07499999999999
-0.0
-6.0
-38.0
-16.0
-25.0
-22.0
-37.0
-40.0
-13.0
-4.0
-4.0
-8.0
-21.0
-22.75999999999999
-13.259999999999991
-33.75999999999999
-34.75999999999999
-24.0
-40.0
-9.0
-208.0
-25.0
-22.0
-39.07499999999999
-9.0
-26.0
-17.0
-30.0
-33.0
-30.0
-21.0
-104.0
-14.0
-53.0
-78.08000000000004
-145.0
-35.0
-71.0
-84.0
-90.0
-7.8799999999999955
-23.0
-20.0
-36.0
-33.0
-22.0
-55.0
-20.964999999999975
-27.840000000000003
-28.0
-9.759999999999991
-14.719999999999999
-21.0
-15.0
-4.0
-4.0
-88.0
-30.0
-80.0
-96.0
-66.0
-95.12
-49.120000000000005
-0.0
-14.0
-69.0
-18.67999999999995
-9.839999999999975
-16.160000000000025
-55.0
-6.0
-13.220000000000027
-69.68
-16.0
-27.52000000000001
-1.0
-45.0
-35.0
-3.0
-56.360000000000014
-308.48
-50.200000000000045
-66.48000000000002
-60.60000000000002
-211.67999999999995
-71.0
-184.84000000000003
-40.72000000000003
-14.879999999999995
-260.88
-70.88
-66.0
-26.0
-26.0
-34.0
-1.8450000000000273
-31.840000000000003
-16.0
-14.759999999999991
-4.5
-28.5
-20.0
-8.0
-63.0
-170.72000000000003
-67.72000000000003
-545.04
-24.039999999999964
-47.960000000000036
-26.039999999999964
-32.039999999999964
-5.960000000000036
-49.039999999999964
-29.039999999999964
-55.039999999999964
-75.04000000000002
-26.95999999999998
-34.04000000000002
-171.0
-18.154999999999973
-36.84
-31.0
-2.0
-10.0
-4.0
-2.0
-18.0
-2.0
-17.0
-2.0
-57.0
-12.120000000000005
-506.0
-35.0
-12.0
-32.0
-61.0
-3.0
-95.0
-70.12
-27.0
-5.0
-2.0
-18.154999999999973
-21.5
-9.0
-8.5
-11.0
-9.0
-6.5
-1.5
-134.5
-5.5
-14.0
-16.0
-478.0
-39.0
-39.0
-6.259999999999991
-31.480000000000018
-22.52000000000001
-368.0
-8.0
-30.0
-62.0
-20.0
-9.0
-39.07499999999999
-16.5
-5.0
-12.5
-41.0
-16.0
-23.5
-27.5
-73.5
-17.5
-38.0
-11.5
-6.0
-5.5
-58.24000000000001
-20.25999999999999
-40.74000000000001
-9.240000000000009
-34.84
-36.0
-2.0
-34.5
-9.0
-6.0
-53.07499999999999
-43.84
-62.66
-15.0
-88.5
-14.5
-2.5
-42.0
-88.0
-237.0
-60.0
-35.440000000000055
-30.32000000000005
-22.440000000000055
-19.67999999999995
-22.67999999999995
-24.67999999999995
-33.15999999999997
-23.159999999999968
-81.15999999999997
-51.15999999999997
-39.160000000000025
-4.839999999999975
-9.0
-1.8450000000000273
-31.840000000000003
-40.66
-6.0
-15.0
-49.0
-23.0
-367.0
-32.0
-67.0
-47.0
-46.0
-70.39999999999998
-2.32000000000005
-7.600000000000023
-22.0
-5.559999999999945
-54.440000000000055
-127.55999999999995
-25.559999999999945
-16.439999999999998
-15.439999999999998
-9.439999999999998
-20.0
-23.089999999999975
-36.84
-41.31999999999999
-3.0
-14.0
-5.0
-34.0
-8.0
-507.0
-9.080000000000041
-56.0
-6.0
-54.0
-30.0
-23.0
-17.0
-5.0
-594.0
-440.0
-47.0
-465.0
-13.0
-23.0
-9.0
-19.02000000000001
-36.84
-19.0
-12.0
-16.0
-22.0
-9.0
-18.0
-29.0
-30.0
-14.0
-3.0
-17.0
-6.8799999999999955
-43.0
-50.0
-26.0
-1.0
-14.0
-36.0
-18.0
-53.0
-148.0
-16.0
-18.60499999999999
-25.840000000000003
-27.0
-20.0
-2.0
-11.0
-11.0
-5.0
-12.0
-6.0
-43.120000000000005
-36.48000000000002
-19.519999999999982
-57.48000000000002
-28.480000000000018
-32.879999999999995
-58.0
-18.120000000000005
-2.32000000000005
-58.67999999999995
-599.6800000000001
-18.0
-13.0
-5.0
-18.60499999999999
-706.5
-18.0
-0.5
-22.0
-9.0
-111.0
-15.5
-134.5
-18.0
-29.0
-38.0
-59.0
-1.0
-16.0
-3.0
-30.0
-11.0
-27.0
-20.0
-19.0
-39.5
-8.0
-1.0
-48.07499999999999
-7.5
-0.0
-2.0
-11.0
-8.0
-12.0
-23.0
-17.0
-17.0
-4.0
-0.0
-553.0
-10.0
-14.0
-25.0
-21.0
-1.0
-1.0
-13.0
-20.0
-36.0
-21.0
-7.0
-29.07499999999999
-43.84
-31.0
-14.0
-36.0
-14.0
-7.0
-34.0
-85.0
-15.0
-38.0
-70.0
-54.0
-5.0
-15.0
-11.0
-40.0
-18.0
-33.0
-100.0
-23.879999999999995
-86.0
-7.0
-13.0
-40.39500000000001
-2.0
-22.0
-19.0
-22.0
-4.0
-13.0
-32.0
-28.0
-41.0
-10.0
-13.0
-33.0
-53.879999999999995
-53.0
-655.0
-655.12
-44.0
-3.0
-48.879999999999995
-28.0
-25.0
-31.0
-786.0
-1.8100000000000023
-5.0
-40.920000000000016
-42.920000000000016
-39.920000000000016
-15.5
-37.920000000000016
-44.920000000000016
-36.079999999999984
-170.92000000000002
-273.0
-53.0
-30.0
-6.0
-30.0
-58.0
-48.0
-181.0
-21.0
-24.0
-268.0
-145.88
-22.0
-4.0
-16.939999999999998
-35.0
-21.0
-706.0
-5.0
-23.0
-664.0
-19.0
-52.0
-360.0
-19.0
-15.0
-21.120000000000005
-2.0
-23.0
-39.0
-15.0
-33.0
-0.9199999999999591
-84.0
-52.0
-31.0
-53.0
-13.0
-29.860000000000014
-35.0
-10.0
-5.0
-14.0
-26.0
-30.0
-47.0
-1.0
-16.0
-51.0
-40.0
-21.0
-74.0
-62.0
-14.0
-92.0
-8.0
-8.0
-71.0
-4.0
-20.0
-97.0
-16.0
-5.654999999999973
-1.0
-26.0
-837.0
-6.0
-3.0
-5.0
-12.0
-16.0
-19.0
-28.0
-581.0
-46.0
-58.0
-73.0
-14.0
-19.0
-14.0
-12.0
-12.0
-85.0
-34.0
-37.0
-9.0
-24.07499999999999
-8.0
-1.0
-29.0
-21.0
-34.0
-623.0
-37.0
-33.0
-12.0
-30.0
-37.0
-10.0
-6.0
-6.0
-26.0
-165.0
-293.0
-149.0
-145.0
-134.0
-174.0
-177.0
-161.0
-48.07499999999999
-569.0
-15.0
-3.0
-490.0
-13.0
-29.0
-32.0
-161.0
-10.0
-664.0
-2.919999999999959
-41.0
-129.0
-33.200000000000045
-28.0
-6.0
-40.0
-20.0
-19.0
-39.0
-9.0
-11.0
-34.0
-30.345000000000027
-16.0
-15.0
-9.0
-1.0
-10.5
-13.0
-24.0
-36.0
-14.0
-53.0
-55.0
-29.0
-40.0
-4.0
-12.0
-27.0
-698.0
-13.0
-75.0
-24.24000000000001
-74.0
-4.0
-27.0
-14.345000000000027
-40.0
-21.0
-1.0
-5.0
-6.0
-18.0
-14.0
-10.0
-42.0
-12.0
-4.0
-254.0
-39.0
-10.0
-11.120000000000005
-38.0
-57.0
-19.0
-19.0
-11.0
-52.0
-0.0
-58.0
-5.170000000000016
-28.0
-54.0
-1.0
-0.0
-14.0
-21.0
-62.0
-30.0
-30.0
-13.0
-20.0
-11.0
-36.0
-47.0
-24.0
-211.0
-5.0
-9.0
-89.0
-10.0
-41.0
-7.0
-15.0
-9.879999999999995
-8.0
-18.0
-18.0
-11.0
-5.0
-20.0
-12.0
-125.12
-23.0
-11.0
-45.0
-18.0
-462.12
-84.0
-72.0
-68.0
-37.0
-61.0
-5.0
-267.0
-56.0
-8.0
-15.0
-36.46500000000003
-37.0
-7.0
-6.0
-12.0
-21.0
-41.0
-27.0
-415.0
-24.0
-19.0
-38.0
-31.0
-48.0
-6.0
-10.0
-38.0
-12.0
-27.0
-309.0
-3.0
-8.0
-60.0
-34.0
-48.07499999999999
-3.0
-6.0
-13.0
-22.0
-29.0
-17.0
-315.0
-15.0
-37.0
-16.0
-323.0
-32.0
-35.0
-9.0
-24.0
-47.0
-38.0
-7.0
-43.0
-20.0
-12.0
-17.0
-6.0
-23.07499999999999
-2.0
-4.0
-5.0
-3.0
-6.0
-16.0
-15.0
-7.0
-47.0
-14.0
-1.0
-90.0
-1.0
-9.0
-9.0
-1.0
-44.0
-50.0
-24.0
-37.0
-19.0
-15.0
-16.0
-39.07499999999999
-8.0
-18.0
-17.0
-5.0
-13.0
-47.0
-42.0
-132.0
-9.0
-16.0
-10.0
-0.0
-32.0
-9.120000000000005
-16.0
-16.91999999999996
-15.0
-33.0
-26.91999999999996
-98.0
-40.0
-15.0
-18.0
-36.46500000000003
-21.0
-758.0
-1.0
-9.0
-1.0
-12.0
-14.0
-19.0
-25.0
-7.0
-59.0
-30.0
-35.0
-5.0
-31.120000000000005
-17.0
-19.0
-16.0
-28.0
-36.0
-11.0
-59.0
-48.0
-130.46500000000003
-18.5
-27.0
-2.5
-9.0
-12.0
-81.0
-69.0
-10.0
-24.0
-1.0
-81.0
-78.0
-1.0
-25.0
-24.0
-28.0
-28.0
-23.0
-2.0
-55.0
-133.0
-10.0
-34.079999999999984
-36.46500000000003
-0.0
-25.0
-12.5
-188.0
-6.0
-13.0
-148.0
-111.0
-0.0
-42.0
-22.0
-1.0
-31.0
-61.0
-27.0
-68.0
-462.0
-52.0
-99.0
-32.0
-489.0
-22.0
-2.0
-23.0
-16.419999999999987
-35.160000000000025
-2.5
-15.0
-9.0
-2.5
-14.5
-22.0
-26.0
-26.085000000000008
-6.0
-21.0
-22.0
-9.0
-29.0
-59.0
-47.0
-136.12
-35.039999999999964
-104.96000000000004
-3.0
-54.0
-9.0
-54.0
-5.0
-65.48000000000002
-42.51999999999998
-54.0
-19.0
-86.0
-713.0
-563.0
-16.0
-101.86000000000001
-89.0
-49.0
-42.0
-16.0
-14.0
-35.0
-42.0
-24.0
-52.0
-29.879999999999995
-1.0
-93.0
-527.0
-52.0
-1.0
-18.0
-14.0
-48.0
-5.8799999999999955
-81.0
-22.0
-48.0
-4.0
-24.139999999999986
-19.0
-76.0
-84.0
-361.0
-10.0
-19.0
-19.0
-72.0
-79.0
-31.120000000000005
-14.0
-85.0
-27.0
-14.0
-29.879999999999995
-142.0
-211.0
-138.0
-35.0
-4.0
-36.0
-3.0
-22.0
-5.865000000000009
-33.0
-4.0
-0.0
-0.0
-67.0
-78.0
-91.0
-21.0
-10.0
-4.0
-18.0
-57.0
-40.0
-8.0
-90.0
-7.0
-2.0
-10.0
-52.0
-47.0
-641.0
-7.0
-12.0
-26.085000000000008
-1.0
-32.0
-15.0
-14.0
-5.0
-36.0
-76.0
-48.0
-28.0
-27.0
-27.0
-6.0
-8.0
-4.0
-20.0
-13.0
-11.0
-9.0
-5.0
-17.0
-29.0
-4.0
-23.0
-33.08500000000001
-19.0
-10.0
-22.0
-2.0
-3.0
-4.0
-56.0
-67.0
-26.0
-180.0
-37.0
-55.0
-26.0
-56.0
-49.0
-25.0
-6.0
-27.0
-25.0
-1.0
-28.0
-29.0
-4.0
-10.085000000000008
-2.5
-7.0
-20.0
-24.0
-8.0
-15.0
-4.0
-14.0
-5.0
-14.0
-54.0
-50.0
-18.0
-2.0
-31.0
-53.0
-231.0
-12.0
-38.0
-48.0
-11.0
-25.0
-19.0
-8.085000000000008
-3.0
-13.0
-1.0
-6.0
-12.0
-25.47999999999999
-11.5
-1.0
-0.0
-53.0
-25.0
-25.0
-15.0
-25.0
-4.0
-43.0
-45.0
-24.0
-34.0
-16.0
-28.0
-837.0
-633.0
-7.914999999999992
-11.0
-26.0
-23.0
-13.0
-2.0
-21.0
-50.0
-33.0
-62.0
-35.0
-35.0
-9.0
-52.0
-23.0
-16.0
-38.0
-30.0
-24.0
-61.0
-40.0
-20.0
-40.0
-32.0
-16.085000000000008
-12.0
-31.0
-0.0
-6.0
-15.0
-26.0
-7.0
-71.0
-28.0
-73.0
-24.0
-3.0
-15.0
-44.0
-64.0
-40.0
-205.0
-53.0
-17.0
-11.0
-24.5
-14.0
-9.0
-13.050000000000011
-6.0
-698.0
-3.0
-3.0
-7.0
-26.0
-12.0
-144.0
-27.0
-61.0
-37.0
-4.0
-58.0
-19.0
-43.0
-29.0
-10.0
-52.200000000000045
-14.0
-95.0
-35.0
-9.0
-14.0
-21.86500000000001
-7.0
-6.0
-5.0
-13.0
-17.0
-56.0
-45.0
-15.0
-81.0
-169.0
-23.08000000000004
-146.0
-382.0
-2.0
-637.0
-63.0
-6.0
-20.0
-50.0
-50.0
-9.0
-11.0
-2.0
-14.134999999999991
-651.0
-4.0
-1.0
-25.0
-2.0
-29.0
-439.0
-35.0
-30.0
-1.0
-25.0
-13.879999999999995
-35.0
-47.91999999999996
-17.0
-5.0
-38.0
-44.0
-51.0
-8.0
-13.0
-22.0
-56.0
-21.86500000000001
-2.0
-15.0
-16.0
-4.0
-13.0
-851.0
-0.0
-157.0
-41.0
-32.0
-2.0
-31.0
-30.0
-7.0
-48.0
-11.0
-24.0
-191.0
-11.0
-4.0
-14.0
-5.0
-15.0
-31.5
-29.0
-8.0
-45.0
-18.0
-5.0
-9.0
-26.0
-153.0
-12.0
-39.0
-27.0
-92.0
-56.0
-5.0
-23.0
-14.879999999999995
-52.0
-6.0
-94.0
-73.0
-8.0
-30.0
-33.0
-38.13499999999999
-1.0
-18.0
-579.0
-8.0
-29.0
-6.5
-1.0
-193.0
-4.0
-32.0
-8.0
-15.0
-84.0
-58.0
-21.0
-6.0
-53.0
-21.0
-282.0
-50.0
-33.0
-59.0
-18.0
-38.13499999999999
-1.0
-8.0
-10.0
-7.0
-11.0
-253.0
-4.0
-6.0
-13.0
-23.120000000000005
-63.0
-16.0
-49.0
-22.0
-15.0
-30.0
-4.0
-25.0
-63.0
-74.12
-50.0
-18.0
-15.0
-28.129999999999995
-23.0
-3.0
-21.0
-12.0
-1.0
-3.0
-7.0
-8.0
-25.0
-18.0
-34.0
-33.0
-279.0
-42.0
-5.0
-24.0
-2.0
-56.120000000000005
-40.0
-19.0
-39.0
-31.0
-51.0
-10.105000000000018
-3.0
-7.0
-683.0
-7.0
-2.0
-3.0
-4.0
-5.0
-18.0
-67.0
-7.0
-18.0
-6.0
-68.0
-47.0
-89.0
-26.0
-60.0
-4.0
-21.0
-61.0
-11.120000000000005
-3.0
-25.894999999999982
-16.0
-13.0
-31.0
-13.0
-3.0
-19.0
-470.0
-151.0
-20.0
-7.0
-15.0
-589.0
-49.0
-26.0
-6.0
-24.0
-22.0
-50.0
-3.0
-9.0
-12.0
-11.0
-26.0
-21.5
-47.0
-9.0
-27.0
-6.0
-7.0
-6.0
-2.0
-1.0
-109.0
-38.0
-485.0
-9.0
-30.0
-22.0
-9.0
-45.0
-3.0
-28.0
-16.0
-347.0
-4.0
-9.0
-14.0
-29.5
-2.0
-3.0
-16.0
-11.0
-15.0
-30.0
-4.0
-128.0
-2.0
-0.0
-28.0
-10.0
-14.879999999999995
-29.0
-20.0
-59.0
-14.0
-437.0
-34.0
-40.0
-79.0
-40.0
-10.0
-20.894999999999982
-8.0
-22.0
-4.0
-9.5
-21.0
-7.0
-12.0
-27.0
-122.0
-44.0
-45.0
-49.0
-23.0
-17.0
-2.0
-17.0
-15.080000000000041
-32.0
-33.0
-59.0
-7.0
-27.0
-40.0
-40.08000000000001
-3.0
-9.0
-5.0
-5.0
-9.0
-23.0
-23.0
-28.0
-91.0
-23.0
-395.0
-77.08000000000004
-20.0
-43.0
-9.0
-13.0
-397.0
-15.0
-47.0
-13.0
-3.0
-24.0
-19.0
-35.39500000000001
-31.0
-19.0
-10.0
-3.0
-2.0
-87.0
-12.0
-8.0
-30.0
-11.0
-13.0
-49.0
-18.0
-41.0
-19.0
-17.0
-7.0
-39.0
-33.0
-335.0
-8.0
-7.0
-12.0
-15.129999999999995
-15.0
-14.0
-22.0
-12.0
-7.0
-610.0
-1.0
-42.0
-44.0
-23.0
-34.0
-15.0
-16.879999999999995
-87.0
-83.0
-5.0
-29.0
-18.0
-116.0
-114.0
-25.0
-44.0
-18.0
-14.865000000000009
-25.0
-42.0
-13.0
-27.0
-11.0
-10.0
-16.0
-15.0
-11.0
-27.0
-12.0
-6.0
-72.0
-6.0
-13.0
-1.0
-9.0
-2.0
-13.0
-24.0
-38.0
-10.0
-22.0
-31.5
-33.0
-10.0
-11.120000000000005
-21.0
-28.0
-33.5
-43.5
-23.0
-459.0
-1.0
-5.0
-37.74000000000001
-3.5
-2.5
-8.0
-21.0
-16.0
-13.0
-46.0
-41.0
-13.0
-21.0
-14.0
-31.5
-11.0
-11.0
-11.0
-1.0
-11.0
-9.0
-39.0
-97.0
-0.0
-15.0
-86.0
-15.0
-14.0
-1.0
-15.0
-23.0
-46.0
-27.879999999999995
-5.0
-39.0
-71.12
-83.0
-35.0
-19.86500000000001
-38.5
-12.0
-5.0
-772.0
-4.0
-25.0
-6.0
-8.0
-23.0
-38.0
-39.0
-7.0
-20.0
-22.0
-6.0
-32.0
-40.0
-50.0
-17.0
-16.0
-326.0
-28.0
-2.0
-18.860000000000014
-15.0
-9.0
-15.0
-3.0
-21.0
-12.0
-24.0
-1.8799999999999955
-6.0
-13.0
-11.0
-63.0
-29.0
-15.0
-3.0
-30.0
-28.0
-36.0
-14.120000000000005
-109.0
-101.0
-31.0
-31.0
-8.949999999999989
-8.0
-33.0
-6.0
-18.0
-30.0
-266.0
-38.0
-5.639999999999986
-59.48000000000002
-6.0
-6.0
-44.32000000000005
-18.32000000000005
-6.32000000000005
-13.0
-3.0
-14.0
-4.0
-0.0
-3.0
-90.0
-41.0
-24.879999999999995
-24.11500000000001
-51.51999999999998
-7.0
-3.0
-21.0
-10.0
-8.0
-23.0
-13.0
-18.0
-81.08000000000004
-24.0
-58.89999999999998
-36.0
-12.0
-3.1200000000000045
-22.0
-9.0
-1.0
-16.0
-12.0
-12.0
-81.0
-1.0
-0.1150000000000091
-46.0
-7.0
-2.0
-25.0
-33.0
-8.0
-0.0
-24.0
-7.0
-13.0
-5.0
-24.519999999999982
-1.5
-7.0
-9.0
-76.0
-13.0
-23.0
-19.5
-9.0
-14.0
-16.5
-22.0
-28.5
-26.0
-25.5
-16.5
-24.0
-24.5
-51.5
-57.5
-74.0
-17.0
-26.0
-8.0
-11.259999999999991
-398.5
-14.5
-4.0
-23.0
-48.5
-21.0
-32.5
-12.5
-2.5
-28.5
-19.0
-6.5
-21.0
-23.0
-10.0
-8.0
-33.0
-26.0
-70.0
-72.0
-6.0
-41.0
-19.0
-27.0
-68.0
-53.0
-5.1200000000000045
-10.0
-1.0
-155.0
-53.0
-60.0
-61.0
-11.0
-1.0
-19.88499999999999
-0.0
-9.0
-25.0
-4.0
-3.0
-6.0
-7.0
-9.0
-23.0
-18.0
-667.0
-13.0
-23.0
-50.0
-31.0
-1.0
-5.8799999999999955
-15.0
-39.0
-16.0
-0.0
-6.0
-477.0
-19.88499999999999
-2.0
-37.0
-726.0
-36.0
-5.0
-17.0
-9.0
-23.0
-3.0
-7.0
-10.0
-43.0
-3.0
-1.0
-29.0
-63.0
-6.0
-47.08000000000004
-38.51999999999998
-21.519999999999982
-55.0
-60.0
-9.0
-10.819999999999993
-29.0
-10.0
-15.0
-7.0
-1.0
-16.0
-32.0
-9.0
-10.0
-9.0
-42.0
-0.0
-4.0
-41.0
-258.0
-3.0
-39.120000000000005
-47.0
-59.0
-54.0
-13.0
-11.0
-11.0
-7.680000000000007
-8.0
-1.0
-11.0
-16.0
-20.0
-13.0
-8.0
-18.0
-9.0
-20.0
-37.0
-23.0
-18.0
-44.0
-36.0
-74.0
-1.0
-15.0
-26.0
-32.0
-35.0
-26.0
-23.0
-12.319999999999993
-5.0
-11.0
-2.0
-6.0
-13.0
-12.0
-11.0
-102.0
-512.0
-6.0
-12.0
-2.0
-11.0
-32.0
-13.0
-75.0
-37.0
-55.0
-28.0
-31.0
-5.0
-53.0
-7.0
-24.0
-9.0
-2.0
-19.0
-1.0
-22.0
-3.0
-19.0
-4.0
-25.0
-25.0
-16.0
-12.0
-52.66
-15.0
-512.0
-8.0
-1.0
-22.0
-23.0
-81.0
-130.0
-57.0
-628.0
-23.0
-11.0
-9.0
-6.0
-9.0
-8.0
-27.0
-43.0
-500.0
-56.0
-18.0
-34.0
-43.0
-58.56999999999999
-16.0
-9.0
-17.0
-5.0
-10.0
-5.0
-37.0
-203.0
-414.0
-15.480000000000018
-24.519999999999982
-40.51999999999998
-16.519999999999982
-4.519999999999982
-15.519999999999982
-37.91999999999996
-59.08000000000004
-18.91999999999996
-42.08000000000004
-27.839999999999975
-28.160000000000025
-0.160000000000025
-6.0
-24.569999999999993
-11.0
-13.5
-6.5
-0.5
-6.0
-19.5
-6.5
-21.360000000000014
-50.67999999999995
-28.67999999999995
-15.32000000000005
-12.0
-9.0
-4.0
-29.0
-32.0
-21.0
-2.0
-70.0
-18.0
-50.0
-5.519999999999982
-29.519999999999982
-24.569999999999993
-3.0
-1.0
-13.0
-2.0
-10.0
-14.5
-11.5
-173.0
-13.0
-23.0
-22.0
-8.0
-13.0
-10.0
-5.480000000000018
-2.480000000000018
-41.0
-39.0
-11.0
-40.0
-0.0
-31.0
-15.0
-24.569999999999993
-14.0
-16.0
-3.0
-12.0
-6.0
-7.5
-305.5
-27.0
-4.0
-17.0
-45.0
-12.0
-19.0
-46.0
-3.0
-68.0
-64.0
-31.0
-22.0
-24.0
-13.0
-13.0
-3.0
-13.569999999999993
-769.0
-4.0
-10.0
-17.0
-45.0
-32.0
-23.0
-80.0
-11.0
-400.0
-51.0
-56.0
-37.0
-72.0
-24.0
-15.0
-45.0
-23.0
-22.0
-10.0
-12.0
-18.0
-19.0
-50.66
-21.5
-13.5
-1.5
-241.0
-7.5
-6.0
-70.0
-16.0
-46.0
-21.0
-28.0
-9.0
-8.0
-5.0
-27.0
-7.0
-7.0
-12.0
-3.0
-4.0
-32.0
-0.0
-5.0
-32.66
-24.0
-17.0
-25.0
-1.0
-12.0
-16.5
-43.5
-151.56
-16.0
-6.0
-50.0
-16.0
-81.0
-46.0
-20.0
-39.0
-52.0
-298.32000000000005
-19.319999999999993
-23.319999999999993
-20.0
-22.0
-9.0
-13.569999999999993
-2.0
-2.0
-21.5
-13.0
-7.0
-5.5
-17.0
-169.0
-37.0
-12.0
-12.0
-327.0
-13.0
-49.48000000000002
-12.519999999999982
-24.519999999999982
-22.519999999999982
-26.0
-38.0
-103.0
-28.920000000000016
-3.079999999999984
-14.0
-15.430000000000007
-2.0
-6.0
-32.0
-11.0
-16.0
-3.0
-21.0
-154.0
-38.0
-31.0
-12.480000000000018
-28.519999999999982
-47.0
-1.0
-18.0
-54.0
-27.0
-67.0
-15.0
-75.0
-9.0
-6.0
-31.0
-97.0
-46.0
-39.0
-16.5
-9.5
-3.5
-8.0
-3.0
-100.0
-61.0
-5.0
-47.0
-9.0
-28.0
-55.0
-16.0
-18.0
-46.0
-59.0
-4.0
-39.0
-7.0
-150.0
-16.0
-51.06
-5.0
-6.0
-7.0
-14.0
-704.0
-8.0
-3.0
-123.0
-19.0
-7.0
-18.0
-6.0
-59.0
-35.0
-43.0
-33.0
-1.0
-22.0
-9.0
-71.0
-32.0
-30.0
-8.0
-27.060000000000002
-21.5
-8.5
-29.5
-38.0
-6.0
-33.0
-34.0
-5.0
-21.0
-75.0
-16.0
-9.0
-40.0
-7.0
-5.0
-7.0
-11.0
-36.0
-17.0
-16.0
-1.0
-44.0
-26.0
-45.16999999999999
-28.0
-8.0
-30.0
-21.0
-12.0
-6.0
-4.0
-11.0
-58.0
-13.0
-17.0
-47.0
-12.0
-613.0
-50.0
-32.0
-34.0
-18.0
-17.0
-21.0
-40.0
-7.0
-4.0
-45.63499999999999
-28.0
-439.0
-34.0
-23.960000000000008
-6.960000000000008
-4.5
-28.0
-157.0
-78.0
-7.0
-6.0
-37.0
-174.0
-49.0
-50.440000000000055
-54.440000000000055
-21.0
-74.0
-17.0
-44.0
-18.0
-13.0
-26.0
-28.060000000000002
-59.0
-36.0
-56.0
-32.0
-4.0
-7.0
-13.0
-100.0
-36.0
-17.0
-89.0
-83.0
-44.0
-40.0
-10.0
-29.0
-22.0
-58.0
-37.0
-54.0
-30.0
-19.0
-1.0
-28.060000000000002
-21.0
-27.0
-17.0
-1.0
-15.0
-6.0
-15.0
-120.0
-61.0
-90.0
-131.0
-31.0
-60.0
-30.0
-34.0
-1.0
-1.0
-48.0
-62.0
-4.0
-62.0
-5.0
-27.0
-28.060000000000002
-17.0
-16.0
-17.0
-17.0
-870.0
-23.0
-12.0
-104.0
-102.0
-33.0
-118.0
-38.0
-27.0
-9.0
-2.0
-16.0
-0.0
-67.0
-31.0
-496.0
-54.0
-6.0
-35.0
-28.060000000000002
-40.0
-23.0
-6.0
-28.0
-32.0
-10.0
-15.0
-92.0
-56.0
-43.0
-148.0
-113.0
-8.0
-52.0
-59.0
-33.0
-23.0
-20.0
-69.0
-16.0
-48.0
-5.0
-6.0
-27.060000000000002
-9.5
-8.0
-24.0
-34.5
-68.0
-42.0
-64.0
-28.0
-50.0
-48.0
-38.0
-28.0
-35.0
-22.0
-79.0
-26.0
-55.0
-399.0
-23.0
-25.5
-9.0
-13.0
-21.0
-19.099999999999994
-205.0
-28.0
-31.0
-25.0
-36.0
-32.0
-39.0
-25.0
-29.0
-20.0
-30.0
-9.0
-33.0
-3.0
-26.0
-19.0
-14.0
-19.0
-33.0
-27.0
-29.0
-17.0
-43.0
-21.129999999999995
-25.0
-5.5
-21.0
-31.0
-26.0
-40.0
-15.0
-30.0
-47.0
-19.0
-6.0
-14.0
-40.0
-0.5
-5.0
-10.0
-13.0
-3.5
-28.5
-27.5
-1.5
-10.800000000000011
-26.5
-20.610000000000014
-7.0
-6.5
-13.0
-10.800000000000011
-19.0
-22.5
-31.80000000000001
-78.19999999999999
-81.19999999999999
-218.79999999999995
-28.0
-31.0
-32.0
-38.0
-81.0
-76.0
-87.0
-57.0
-150.0
-70.0
-17.0
-94.0
-7.0
-27.060000000000002
-18.0
-26.0
-1.0
-38.0
-14.0
-3.0
-2.0
-116.0
-82.67999999999995
-23.32000000000005
-12.0
-34.0
-36.0
-42.0
-7.0
-460.0
-11.0
-42.0
-27.0
-3.0
-35.0
-35.0
-12.0
-28.060000000000002
-25.0
-25.0
-721.0
-25.0
-12.0
-1.0
-8.0
-154.0
-54.0
-4.0
-17.0
-40.0
-149.0
-2.0
-17.0
-3.0
-27.0
-27.0
-33.0
-21.0
-22.0
-19.0
-6.0
-57.06
-24.0
-45.0
-23.0
-0.0
-19.5
-6.0
-36.0
-2.4399999999999977
-78.44
-64.48000000000002
-13.519999999999982
-47.48000000000002
-40.84000000000003
-8.840000000000032
-17.840000000000032
-120.51999999999998
-36.51999999999998
-2.67999999999995
-26.319999999999993
-123.0
-50.0
-369.0
-3.0
-27.060000000000002
-6.0
-836.0
-31.159999999999997
-30.5
-30.159999999999997
-30.159999999999997
-31.159999999999997
-35.84
-45.0
-7.0
-13.0
-18.0
-8.0
-7.0
-9.0
-2.0
-3.0
-5.0
-13.0
-37.0
-8.0
-0.0
-12.0
-11.090000000000003
-21.0
-2.0
-19.0
-28.0
-438.0
-31.47999999999999
-46.47999999999999
-26.0
-863.3199999999999
-64.11500000000001
-86.61500000000001
-85.61500000000001
-8.5
-11.120000000000005
-11.080000000000013
-4.5
-18.0
-44.0
-8.0
-32.5
-35.0
-27.0
-21.5
-6.899999999999949
-7.47999999999999
-17.47999999999999
-19.47999999999999
-23.47999999999999
-30.0
-26.0
-11.0
-124.0
-317.0
-140.0
-60.0
-164.0
-70.0
-19.0
-26.0
-7.0
-102.0
-1.0
-3.0
-40.0
-14.0
-4.0
-17.0
-27.060000000000002
-52.0
-85.0
-4.0
-4.0
-487.0
-2.0
-6.0
-128.0
-59.0
-54.0
-12.0
-22.0
-0.0
-48.0
-41.0
-19.0
-16.0
-9.0
-50.0
-23.0
-98.0
-611.0
-14.0
-27.060000000000002
-12.0
-39.0
-7.0
-20.0
-9.0
-8.0
-22.0
-2.0
-53.0
-52.0
-4.0
-39.0
-34.0
-263.0
-14.0
-15.0
-5.0
-0.0
-54.0
-8.480000000000018
-6.480000000000018
-37.0
-8.0
-27.060000000000002
-24.0
-21.0
-12.0
-9.0
-20.0
-21.0
-22.0
-173.0
-68.0
-39.0
-5.0
-57.0
-58.0
-13.0
-46.0
-27.0
-11.0
-34.0
-25.0
-8.0
-77.0
-17.0
-5.0
-32.120000000000005
-28.0
-19.0
-21.0
-881.0
-10.0
-18.0
-9.0
-651.0
-136.0
-2.0
-44.0
-9.0
-82.0
-45.0
-34.0
-26.0
-84.0
-170.0
-75.0
-555.0
-31.0
-4.0
-18.0
-37.60000000000005
-5.139999999999986
-2.0
-31.5
-42.5
-15.5
-50.74000000000001
-68.24000000000001
-1.5
-57.16
-12.22999999999999
-9.22999999999999
-12.22999999999999
-9.5
-29.24000000000001
-49.160000000000025
-4.5
-25.0
-29.0
-28.0
-53.0
-807.0
-34.0
-34.5
-13.100000000000051
-19.72
-58.0
-18.0
-31.0
-31.0
-1.0
-21.0
-7.0
-18.0
-31.0
-27.0
-20.0
-7.0
-33.0
-33.0
-18.0
-16.0
-1.0
-6.0
-25.0
-221.0
-2.0
-4.0
-13.100000000000051
-13.759999999999991
-6.0
-14.0
-3.0
-10.0
-21.0
-42.0
-30.0
-117.0
-89.0
-124.0
-43.0
-31.0
-31.0
-175.0
-26.0
-89.0
-37.0
-268.0
-50.0
-16.0
-10.0
-16.0
-37.60000000000005
-21.0
-71.0
-59.0
-58.0
-8.0
-4.0
-8.0
-20.0
-64.0
-14.0
-22.0
-16.0
-58.0
-34.0
-24.0
-15.0
-27.0
-12.0
-11.0
-0.0
-22.0
-7.0
-16.0
-37.60000000000005
-32.0
-9.0
-15.0
-9.0
-3.0
-27.0
-5.0
-22.0
-39.0
-21.0
-31.0
-46.0
-26.0
-50.0
-37.0
-31.0
-8.0
-103.0
-61.0
-18.0
-17.0
-24.0
-7.0
-37.60000000000005
-20.0
-38.0
-9.0
-24.0
-58.0
-19.0
-17.0
-23.0
-45.0
-44.0
-20.0
-26.0
-22.0
-11.0
-21.0
-19.0
-33.0
-39.0
-35.0
-50.0
-37.0
-7.0
-4.0
-39.60000000000005
-39.0
-22.0
-2.0
-5.0
-3.0
-7.0
-17.0
-26.0
-49.0
-2.0
-3.0
-10.0
-24.0
-2.0
-129.0
-135.0
-124.0
-214.0
-55.0
-51.0
-6.0
-12.0
-11.0
-17.60000000000005
-4.0
-13.0
-3.0
-3.0
-6.0
-10.0
-167.0
-16.0
-23.0
-41.0
-22.0
-40.0
-24.0
-44.0
-4.0
-5.0
-50.0
-27.0
-20.0
-22.0
-18.0
-30.0
-4.0
-0.0
-8.0
-11.0
-29.88499999999999
-7.0
-46.0
-2.0
-18.0
-8.0
-4.0
-9.0
-23.0
-22.0
-316.0
-40.0
-129.0
-3.0
-1.0
-108.0
-54.0
-1.0
-181.08000000000004
-38.51999999999998
-575.48
-55.0
-0.0
-39.0
-40.81999999999999
-20.0
-8.0
-4.0
-12.0
-12.0
-11.0
-14.0
-9.0
-29.0
-60.0
-63.0
-17.0
-4.0
-32.0
-26.0
-37.0
-48.120000000000005
-21.0
-59.0
-66.0
-13.0
-11.0
-12.0
-52.31999999999999
-17.0
-10.0
-0.0
-27.0
-10.0
-9.0
-12.0
-18.0
-28.0
-20.0
-7.0
-23.0
-42.0
-29.0
-37.0
-6.0
-1.0
-15.0
-60.0
-44.0
-411.0
-14.0
-12.0
-52.31999999999999
-15.0
-10.0
-3.0
-20.0
-27.0
-12.0
-2.0
-102.0
-7.0
-18.0
-503.0
-8.0
-17.0
-46.0
-15.0
-77.0
-4.0
-48.0
-13.0
-26.0
-1.0
-40.0
-28.0
-29.5
-22.0
-29.5
-25.5
-1.0
-11.0
-336.0
-5.0
-8.0
-51.0
-86.0
-325.0
-129.0
-319.0
-334.0
-66.0
-48.0
-30.0
-8.0
-41.0
-37.0
-38.0
-7.0
-17.0
-28.5
-273.0
-13.0
-4.0
-22.0
-22.0
-538.0
-2.0
-99.0
-30.879999999999995
-4.0
-18.0
-23.0
-47.0
-412.0
-2.0
-125.0
-44.08000000000004
-25.0
-35.0
-523.0
-698.0
-12.0
-14.0
-26.180000000000007
-8.0
-7.0
-5.0
-3.0
-11.0
-7.0
-19.0
-7.0
-25.0
-13.0
-12.0
-29.0
-29.0
-5.0
-28.0
-34.0
-12.0
-7.0
-99.0
-9.0
-11.0
-32.0
-22.0
-18.680000000000007
-1.0
-9.0
-1.0
-11.0
-11.0
-2.0
-4.0
-21.120000000000005
-44.0
-19.0
-6.0
-28.0
-22.0
-18.0
-2.0
-3.0
-25.0
-20.0
-58.0
-55.0
-16.0
-23.0
-19.0
-12.319999999999993
-1.0
-17.0
-2.0
-20.0
-483.0
-21.0
-11.0
-33.0
-21.0
-25.0
-12.080000000000041
-32.0
-24.879999999999995
-43.0
-12.0
-37.0
-21.0
-29.0
-33.0
-38.0
-41.0
-26.0
-1.0
-18.680000000000007
-1.0
-27.0
-25.0
-17.0
-0.0
-7.0
-5.0
-9.0
-2.0
-22.039999999999964
-34.039999999999964
-0.0
-24.0
-14.0
-15.0
-20.0
-18.0
-3.0
-27.0
-5.0
-39.0
-1.0
-9.0
-12.319999999999993
-572.0
-829.0
-6.0
-4.0
-8.0
-5.0
-22.0
-3.0
-43.0
-81.0
-26.0
-59.0
-7.0
-34.0
-7.0
-0.0
-11.0
-46.0
-37.0
-39.0
-24.0
-3.0
-7.0
-0.5
-33.0
-42.0
-4.0
-38.0
-87.0
-11.0
-7.0
-12.0
-53.0
-41.0
-48.0
-9.0
-40.0
-11.0
-13.0
-6.0
-14.0
-30.0
-9.0
-20.0
-46.0
-3.0
-24.0
-0.5
-4.0
-613.0
-9.0
-7.0
-28.0
-5.0
-31.0
-113.0
-15.0
-100.0
-9.0
-13.0
-26.0
-29.0
-31.0
-1.0
-35.0
-28.0
-28.0
-21.0
-41.0
-28.0
-65.0
-42.31999999999999
-2.0
-23.0
-1.0
-19.0
-13.0
-11.0
-5.0
-23.0
-382.0
-39.0
-11.0
-6.0
-15.0
-198.0
-27.0
-39.0
-45.0
-41.0
-44.0
-9.0
-129.0
-1.0
-24.0
-1.3199999999999932
-25.0
-11.0
-5.0
-29.0
-14.0
-41.0
-61.0
-29.0
-275.0
-10.0
-126.0
-24.0
-11.0
-55.0
-9.0
-34.0
-21.0
-4.0
-34.0
-388.0
-70.0
-7.0
-66.0
-37.68000000000001
-57.0
-17.0
-9.0
-18.0
-8.0
-4.0
-27.0
-148.0
-33.0
-25.0
-20.0
-10.0
-27.0
-17.0
-29.0
-18.0
-36.0
-15.0
-31.0
-62.0
-37.0
-19.0
-4.0
-8.819999999999993
-2.0
-11.0
-24.0
-20.0
-43.0
-26.0
-13.0
-15.0
-16.0
-31.0
-12.0
-38.0
-80.0
-56.0
-72.0
-90.0
-55.0
-15.0
-53.0
-56.0
-10.0
-68.07999999999998
-7.5
-31.474999999999994
-35.0
-19.0
-3.0
-16.0
-38.0
-14.0
-22.0
-71.0
-3.0
-36.0
-2.0
-20.0
-0.0
-42.0
-59.0
-43.0
-49.120000000000005
-39.0
-14.0
-17.0
-23.0
-17.0
-8.0
-6.5
-11.0
-1.0
-38.0
-36.0
-21.0
-6.0
-35.0
-27.0
-28.0
-18.0
-9.0
-159.0
-615.0
-7.0
-2.0
-2.0
-3.0
-4.0
-11.0
-11.0
-65.0
-27.0
-4.0
-0.5
-6.0
-33.0
-42.0
-11.0
-7.0
-20.0
-26.0
-101.0
-19.0
-22.0
-3.0
-11.0
-210.0
-264.0
-253.0
-263.0
-248.0
-152.0
-3.0
-123.0
-10.0
-44.0
-1.0
-2.4749999999999943
-19.0
-14.0
-11.0
-5.5
-7.0
-4.5
-16.0
-34.95999999999998
-28.0
-35.0
-17.0
-8.0
-37.0
-46.0
-10.0
-22.0
-20.0
-1.0
-102.0
-61.0
-86.0
-24.0
-20.0
-23.870000000000005
-18.0
-10.0
-36.0
-39.0
-4.0
-13.0
-16.0
-8.0
-77.0
-39.32000000000005
-6.440000000000055
-7.32000000000005
-1.0
-8.0
-5.0
-140.55999999999995
-17.559999999999945
-24.08000000000004
-72.08000000000004
-4.9599999999999795
-38.56
-9.439999999999998
-2.0
-19.805000000000007
-23.0
-16.0
-2.0
-16.0
-19.0
-12.0
-6.0
-18.0
-4.0
-39.0
-43.0
-50.0
-60.0
-19.0
-5.0
-12.0
-117.0
-10.0
-35.0
-15.0
-11.0
-37.0
-7.0
-19.805000000000007
-24.75999999999999
-11.0
-1.5
-27.5
-2.5
-20.0
-7.0
-36.0
-20.0
-44.0
-43.0
-49.0
-44.0
-8.0
-17.0
-17.0
-43.0
-105.0
-23.0
-20.0
-1.0
-25.0
-4.0
-19.805000000000007
-4.0
-4.5
-4.5
-19.5
-15.0
-5.5
-6.0
-131.0
-11.259999999999991
-46.920000000000016
-59.920000000000016
-83.92000000000002
-43.91999999999999
-76.01999999999998
-65.92000000000002
-55.920000000000016
-282.08
-5.0800000000000125
-0.0800000000000125
-13.220000000000027
-29.5
-11.5
-3.5
-0.5
-12.0
-20.5
-13.5
-3.5
-829.0
-10.5
-57.0
-135.0
-14.740000000000009
-39.22000000000003
-27.439999999999998
-34.44
-49.95999999999998
-49.01999999999998
-26.439999999999998
-78.98000000000002
-39.56
-48.95999999999998
-6.439999999999998
-62.44
-25.5
-32.5
-27.5
-7.5
-51.75999999999999
-12.0
-21.5
-51.5
-34.5
-30.5
-6.5
-97.92000000000002
-15.919999999999959
-45.91999999999996
-37.91999999999996
-46.91999999999996
-33.91999999999996
-35.91999999999996
-4.919999999999959
-16.08000000000004
-53.91999999999996
-14.080000000000041
-0.9199999999999591
-46.920000000000016
-72.92000000000002
-9.920000000000016
-4.0
-20.805000000000007
-3.240000000000009
-40.0
-3.0
-17.0
-11.0
-15.0
-36.0
-181.0
-9.0
-8.080000000000041
-74.84000000000003
-27.720000000000027
-14.279999999999973
-67.75999999999999
-28.0
-7.0
-26.0
-30.67999999999995
-11.67999999999995
-55.31999999999999
-58.0
-95.0
-4.0
-20.805000000000007
-3.240000000000009
-46.56
-21.939999999999998
-14.439999999999998
-11.439999999999998
-24.439999999999998
-42.68000000000001
-41.879999999999995
-29.879999999999995
-13.120000000000005
-14.879999999999995
-48.120000000000005
-11.639999999999986
-66.50999999999999
-43.120000000000005
-83.11000000000001
-1.1200000000000045
-43.879999999999995
-98.88999999999999
-61.60000000000002
-87.60000000000002
-56.610000000000014
-34.60000000000002
-47.48000000000002
-13.519999999999982
-14.220000000000027
-18.939999999999998
-9.439999999999998
-6.439999999999998
-19.439999999999998
-569.12
-24.560000000000002
-1.3999999999999773
-58.200000000000045
-22.200000000000045
-38.200000000000045
-37.200000000000045
-60.200000000000045
-41.200000000000045
-28.200000000000045
-22.200000000000045
-13.799999999999955
-94.79999999999995
-75.80000000000001
-20.19999999999999
-95.19999999999999
-48.80000000000001
-27.069999999999993
-31.28
-33.879999999999995
-44.879999999999995
-49.879999999999995
-32.879999999999995
-46.879999999999995
-40.879999999999995
-37.879999999999995
-11.120000000000005
-22.120000000000005
-61.120000000000005
-151.72000000000003
-55.72000000000003
-68.72000000000003
-104.72000000000003
-185.72000000000003
-44.120000000000005
-14.919999999999959
-69.24000000000001
-19.75999999999999
-24.24000000000001
-18.079999999999984
-51.879999999999995
-104.88999999999999
-43.0
-34.5
-5.5
-87.5
-9.0
-2.5
-7.0
-31.0
-38.51999999999998
-28.519999999999982
-7.519999999999982
-64.0
-11.0
-26.04000000000002
-29.04000000000002
-65.04000000000002
-62.04000000000002
-51.0
-44.0
-373.0
-16.0
-2.0
-16.0
-12.5
-17.0
-25.5
-21.5
-11.5
-11.0
-10.5
-15.0
-18.0
-10.759999999999991
-22.75999999999999
-50.56
-57.56
-21.439999999999998
-60.56
-75.56
-27.439999999999998
-80.56
-14.560000000000002
-41.0
-24.0
-2.0
-1.0
-51.5
-0.5
-71.72000000000003
-117.92000000000002
-290.04
-53.95999999999998
-293.04
-56.95999999999998
-309.04
-111.95999999999998
-28.039999999999964
-62.039999999999964
-3.9600000000000364
-120.96000000000004
-56.039999999999964
-0.03999999999996362
-71.03999999999996
-95.03999999999996
-90.03999999999996
-8.960000000000036
-59.960000000000036
-135.96000000000004
-13.95999999999998
-31.04000000000002
-30.95999999999998
-69.86000000000001
-24.860000000000014
-32.0
-35.47999999999999
-44.48000000000002
-29.97999999999999
-34.97999999999999
-36.47999999999999
-58.0
-52.0
-108.0
-129.0
-158.0
-67.0
-141.0
-158.0
-151.0
-98.0
-310.0
-17.0
-59.0
-3.0
-94.0
-29.0
-22.439999999999998
-49.0
-20.0
-2.0
-66.0
-6.0
-10.0
-9.0
-79.0
-181.0
-303.0
-10.0
-19.0
-29.0
-55.0
-35.0
-23.0
-28.0
-15.0
-5.0
-22.0
-1.0
-16.0
-5.0
-43.44
-46.0
-8.0
-4.0
-1.0
-20.0
-9.0
-26.0
-146.0
-20.0
-728.0
-35.0
-4.0
-3.0
-41.0
-11.0
-2.0
-18.0
-7.0
-41.0
-12.0
-57.51999999999998
-23.480000000000018
-24.0
-20.019999999999982
-26.5
-22.0
-14.0
-5.0
-1.5
-7.0
-44.24000000000001
-1.0
-33.0
-28.0
-18.0
-24.0
-2.0
-6.0
-36.0
-13.0
-12.759999999999991
-43.24000000000001
-82.24000000000001
-164.76
-0.5199999999999818
-39.51999999999998
-65.0
-3.960000000000008
-11.0
-6.0
-1.0
-134.0
-12.0
-9.0
-27.0
-40.0
-7.0
-98.0
-21.0
-20.0
-25.0
-41.0
-48.0
-80.0
-69.0
-51.0
-62.0
-54.0
-64.0
-43.0
-3.0
-28.5
-33.0
-15.0
-19.0
-10.0
-6.0
-9.0
-1.0
-20.0
-2.0
-53.0
-755.0
-12.0
-21.0
-2.0
-21.0
-25.0
-5.0
-43.0
-20.0
-55.0
-296.0
-48.0
-25.0
-4.5
-7.0
-2.0
-5.0
-5.0
-17.0
-1.0
-13.0
-126.0
-123.0
-276.0
-24.0
-38.0
-59.0
-75.0
-60.0
-62.0
-35.0
-39.0
-24.0
-60.0
-7.0
-85.0
-39.0
-1.0999999999999943
-266.28
-144.27999999999997
-133.27999999999997
-264.28
-262.28
-134.27999999999997
-144.27999999999997
-98.27999999999997
-329.28
-94.72000000000003
-94.27999999999997
-25.279999999999973
-18.0
-48.0
-37.0
-20.0
-32.0
-33.0
-44.0
-31.430000000000007
-34.0
-1.0
-24.0
-17.0
-26.0
-34.0
-51.0
-32.0
-37.0
-19.0
-500.0
-23.0
-5.0
-66.0
-26.0
-27.0
-29.0
-36.0
-1.0
-27.0
-6.0
-20.0
-24.0
-29.939999999999998
-43.44
-603.44
-18.0
-9.0
-26.0
-21.0
-27.0
-39.0
-53.400000000000006
-25.400000000000006
-19.0
-10.0
-21.0
-738.0
-20.0
-33.0
-13.0
-16.0
-2.0
-24.0
-6.0
-7.0
-27.0
-15.169999999999987
-1.0
-25.0
-627.0
-14.0
-17.0
-8.0
-26.0
-33.0
-16.0
-19.0
-35.0
-26.0
-14.0
-10.0
-18.960000000000008
-21.960000000000008
-17.0
-19.0
-16.0
-22.0
-36.0
-7.0
-33.0
-41.19
-54.0
-22.0
-47.0
-24.0
-4.0
-7.0
-31.0
-21.0
-25.0
-6.0
-31.0
-15.0
-20.0
-6.0
-34.0
-25.0
-14.0
-29.0
-21.0
-17.0
-14.0
-23.0
-14.0
-26.189999999999998
-18.0
-19.0
-1.0
-18.0
-18.0
-16.0
-26.0
-19.0
-27.0
-14.0
-8.0
-28.0
-14.5
-21.0
-21.0
-10.0
-21.0
-19.0
-24.0
-26.0
-22.0
-29.0
-29.0
-11.120000000000005
-17.0
-32.0
-1.0
-29.0
-4.0
-21.0
-20.0
-4.0
-35.0
-8.0
-29.0
-26.0
-9.0
-27.0
-28.28
-14.0
-23.0
-19.0
-19.0
-3.0
-18.0
-560.0
-17.0
-13.110000000000014
-20.0
-4.0
-26.0
-8.0
-19.439999999999998
-15.439999999999998
-30.0
-19.0
-13.0
-16.0
-34.0
-18.0
-42.0
-31.0
-20.28
-20.0
-8.0
-19.0
-12.0
-6.0
-23.0
-35.0
-15.0
-22.150000000000006
-1.0
-15.0
-16.0
-9.0
-21.0
-13.960000000000008
-10.960000000000008
-101.0
-249.0
-131.0
-103.0
-80.0
-80.0
-114.0
-122.0
-143.0
-180.48000000000002
-272.48
-167.0
-75.56
-4.0
-4.0
-20.5
-12.430000000000007
-8.0
-31.0
-35.0
-32.5
-6.0
-49.0
-6.52000000000001
-143.51999999999998
-15.0
-15.0
-30.0
-304.0
-30.0
-7.0
-33.0
-49.0
-54.0
-42.0
-112.0
-83.0
-3.0
-815.0
-37.0
-69.57
-36.0
-15.0
-22.0
-24.0
-33.0
-2.0
-26.0
-43.0
-37.0
-37.08000000000004
-62.08000000000004
-118.0
-5.0
-12.0
-10.0
-16.0
-7.0
-36.0
-129.0
-30.0
-2.0
-102.0
-60.0
-46.56999999999999
-26.0
-36.0
-17.0
-15.0
-20.0
-3.0
-17.0
-160.92000000000002
-128.08000000000004
-122.15999999999997
-111.84000000000003
-106.84000000000003
-82.84000000000003
-157.84000000000003
-122.0
-134.76
-2.240000000000009
-17.24000000000001
-15.240000000000009
-14.199999999999989
-33.80000000000001
-6.240000000000009
-46.5
-24.569999999999993
-18.5
-7.5
-20.0
-31.5
-9.5
-1.0
-5.0
-202.0
-163.0
-85.0
-14.0
-106.0
-23.0
-2.0
-18.0
-9.0
-15.0
-25.0
-72.0
-308.0
-61.0
-8.0
-7.0
-24.569999999999993
-14.0
-12.0
-15.0
-28.0
-7.0
-799.0
-3.0
-65.0
-229.0
-94.0
-42.0
-9.0
-24.0
-9.0
-33.0
-128.0
-24.0
-12.0
-99.44
-322.44
-9.0
-48.0
-25.0
-24.569999999999993
-1.0
-21.0
-7.0
-12.0
-1.0
-9.0
-23.0
-2.0
-1.0
-36.0
-119.0
-123.0
-99.0
-134.0
-104.44
-169.0
-41.0
-158.0
-15.0
-12.0
-22.0
-31.0
-15.0
-59.66
-288.5
-23.5
-17.0
-633.0
-21.5
-16.0
-16.0
-8.0
-28.0
-4.0
-18.0
-14.0
-30.0
-8.0
-44.0
-39.0
-27.0
-39.0
-30.0
-16.0
-19.0
-7.0
-32.0
-59.66
-49.0
-32.0
-0.0
-4.0
-18.5
-1.0
-29.0
-153.0
-44.0
-57.0
-58.0
-53.0
-10.0
-102.0
-405.0
-122.0
-33.0
-96.0
-63.0
-43.0
-19.0
-38.0
-33.0
-24.569999999999993
-45.0
-24.0
-12.0
-27.0
-31.0
-9.0
-32.0
-110.0
-193.0
-104.0
-69.0
-53.0
-18.0
-36.0
-18.0
-48.0
-44.0
-14.0
-64.0
-26.0
-45.0
-20.0
-8.0
-6.430000000000007
-29.0
-8.0
-29.0
-9.0
-400.0
-15.0
-7.0
-81.0
-87.0
-19.0
-1.0
-5.0
-2.0
-16.0
-19.0
-375.0
-217.0
-324.0
-276.0
-0.0
-87.0
-144.0
-11.0
-6.430000000000007
-2.5
-4.0
-7.0
-13.5
-2.0
-14.0
-42.5
-5.519999999999982
-67.50999999999999
-32.0
-79.0
-15.0
-64.0
-38.0
-447.0
-63.0
-39.0
-15.0
-13.0
-17.0
-31.0
-259.0
-73.0
-42.43000000000001
-41.5
-9.0
-15.0
-22.0
-25.0
-17.0
-44.0
-180.0
-84.0
-40.039999999999964
-46.039999999999964
-45.0
-21.0
-63.0
-41.0
-29.0
-46.0
-96.0
-71.0
-17.0
-52.0
-11.0
-778.0
-24.569999999999993
-19.5
-799.0
-7.0
-6.0
-10.0
-11.5
-39.5
-33.0
-63.0
-65.0
-79.0
-76.0
-43.0
-77.0
-10.0
-11.0
-14.0
-100.0
-16.0
-24.0
-12.0
-13.0
-5.0
-59.66
-18.5
-2.0
-30.0
-16.0
-24.0
-31.0
-12.5
-10.0
-1.0
-21.0
-37.0
-39.0
-20.0
-1.0
-34.51999999999998
-36.51999999999998
-13.0
-29.0
-7.0
-7.0
-7.0
-27.0
-730.0
-30.659999999999997
-31.0
-0.0
-16.0
-15.0
-3.0
-8.0
-57.0
-178.0
-69.0
-33.0
-85.0
-11.0
-38.0
-58.0
-54.0
-33.0
-38.0
-153.0
-8.0
-117.0
-56.0
-48.0
-1.0
-6.430000000000007
-11.0
-7.0
-143.0
-31.0
-8.0
-25.0
-565.0
-273.0
-62.0
-33.0
-36.0
-2.0
-0.0
-513.0
-21.0
-36.0
-19.0
-19.0
-124.0
-43.0
-145.0
-16.0
-33.0
-6.430000000000007
-9.0
-5.0
-9.0
-12.0
-1.0
-31.0
-24.0
-4.0
-90.0
-44.0
-12.0
-4.0
-28.0
-17.0
-22.0
-19.0
-31.0
-27.0
-28.0
-70.0
-4.0
-40.0
-22.0
-6.430000000000007
-16.0
-11.0
-0.0
-37.0
-36.0
-32.0
-12.0
-22.0
-57.0
-83.0
-33.0
-3.0
-122.0
-70.0
-64.0
-67.0
-84.0
-57.0
-29.0
-98.0
-32.39999999999998
-38.0
-556.0
-394.57
-24.0
-26.0
-16.0
-6.0
-21.0
-426.0
-14.0
-15.0
-0.0
-49.0
-53.0
-246.0
-44.0
-46.0
-61.0
-76.0
-94.0
-15.0
-9.0
-7.0
-9.0
-14.0
-22.0
-51.66
-13.0
-21.0
-20.0
-1.0
-9.0
-14.0
-3.0
-16.0
-51.0
-7.0
-20.0
-17.0
-345.0
-16.0
-15.0
-9.0
-35.0
-46.0
-29.0
-14.0
-35.0
-4.0
-522.5
-27.659999999999997
-21.0
-17.0
-26.0
-17.0
-3.5
-14.5
-15.0
-73.0
-45.0
-48.0
-79.0
-36.0
-33.0
-76.0
-64.0
-32.0
-30.0
-70.0
-108.0
-72.0
-29.0
-36.0
-16.0
-24.569999999999993
-11.0
-508.0
-10.0
-12.0
-16.0
-18.0
-8.0
-2.0
-46.0
-5.0
-8.0
-36.0
-14.0
-13.0
-28.0
-22.0
-50.0
-59.0
-8.0
-12.0
-56.0
-42.0
-27.0
-24.569999999999993
-9.0
-9.0
-17.0
-35.0
-33.0
-3.0
-841.0
-50.0
-206.0
-12.0
-44.0
-23.0
-12.0
-3.0
-1.0
-11.0
-16.0
-91.0
-16.0
-6.0
-6.0
-8.0
-7.0
-13.569999999999993
-393.0
-5.0
-8.0
-6.0
-9.0
-5.0
-22.5
-21.439999999999998
-89.0
-57.0
-42.0
-19.0
-32.0
-9.0
-14.0
-20.0
-40.0
-3.0
-58.0
-18.0
-27.0
-12.0
-35.0
-24.569999999999993
-10.0
-10.0
-596.0
-13.5
-20.0
-3.0
-550.0
-12.0
-53.0
-6.0
-2.0
-649.0
-33.0
-35.0
-13.0
-25.0
-19.0
-49.0
-46.0
-43.0
-70.0
-6.0
-49.0
-23.569999999999993
-25.0
-10.0
-23.0
-25.0
-10.0
-10.0
-33.0
-7.0
-20.0
-65.0
-15.0
-35.0
-27.079999999999984
-73.07999999999998
-9.0
-3.0
-21.0
-20.0
-4.0
-12.0
-15.0
-9.0
-15.0
-54.66
-20.0
-38.0
-15.0
-3.0
-1.0
-9.0
-11.0
-5.0
-21.0
-12.0
-11.0
-7.0
-0.0
-24.0
-8.0
-20.0
-9.0
-5.0
-10.0
-26.0
-6.0
-3.0
-4.0
-48.66
-11.0
-7.0
-11.0
-18.0
-3.0
-4.0
-39.0
-191.0
-57.0
-73.0
-34.0
-39.0
-48.0
-7.0
-10.0
-9.0
-25.0
-237.0
-218.0
-54.0
-33.0
-12.0
-2.0
-13.569999999999993
-15.0
-8.0
-28.0
-6.0
-9.0
-6.0
-38.0
-16.0
-33.0
-48.48000000000002
-5.480000000000018
-7.519999999999982
-21.519999999999982
-52.51999999999998
-4.480000000000018
-2.919999999999959
-24.91999999999996
-22.08000000000004
-13.919999999999959
-22.839999999999975
-22.160000000000025
-23.839999999999975
-7.0
-13.569999999999993
-8.0
-5.5
-25.5
-16.5
-23.0
-1.5
-27.5
-21.360000000000014
-50.67999999999995
-49.32000000000005
-39.32000000000005
-2.0
-9.0
-36.0
-20.0
-366.0
-16.0
-2.0
-27.0
-51.0
-30.0
-14.480000000000018
-24.519999999999982
-13.569999999999993
-8.0
-682.0
-10.0
-14.0
-6.0
-10.5
-21.5
-9.0
-118.0
-16.0
-8.0
-44.0
-11.0
-26.0
-41.48000000000002
-35.51999999999998
-41.0
-29.0
-11.0
-7.0
-0.0
-7.0
-16.0
-6.430000000000007
-390.0
-13.0
-20.0
-5.0
-0.0
-1.5
-27.5
-1.0
-40.0
-31.0
-45.0
-15.0
-14.0
-33.0
-11.0
-33.0
-20.0
-31.0
-22.0
-9.0
-31.0
-46.0
-3.0
-24.569999999999993
-4.0
-8.0
-7.0
-20.0
-8.0
-10.0
-20.0
-21.0
-6.0
-144.0
-163.0
-168.0
-17.0
-42.0
-7.0
-2.0
-23.0
-32.0
-8.0
-10.0
-14.0
-14.0
-23.0
-54.66
-25.5
-17.5
-6.5
-11.0
-7.5
-5.0
-14.0
-11.0
-62.0
-7.5
-9.0
-13.0
-23.0
-21.099999999999994
-22.0
-44.0
-28.0
-22.0
-52.0
-48.0
-55.0
-106.0
-110.0
-101.0
-788.0
-6.0
-64.0
-99.0
-76.0
-4.0
-1.0
-4.0
-18.0
-8.0
-14.0
-869.0
-44.0
-22.129999999999995
-385.0
-19.5
-59.0
-56.0
-48.0
-62.0
-53.0
-52.0
-69.0
-35.0
-16.0
-44.0
-44.0
-42.5
-35.0
-6.0
-11.0
-9.5
-20.5
-19.5
-22.5
-12.800000000000011
-28.5
-9.610000000000014
-18.0
-8.5
-15.0
-0.19999999999998863
-21.0
-25.5
-29.80000000000001
-87.19999999999999
-239.2
-155.79999999999995
-67.0
-113.0
-179.0
-38.0
-140.0
-135.0
-39.0
-131.0
-115.0
-53.0
-17.0
-12.0
-23.0
-57.06
-54.0
-64.0
-60.0
-47.0
-73.0
-78.0
-21.0
-120.0
-74.32000000000005
-125.32000000000005
-105.0
-21.0
-1.0
-19.0
-7.0
-40.0
-26.0
-147.0
-11.0
-3.0
-74.0
-4.0
-17.0
-57.06
-31.0
-24.0
-1.0
-49.0
-36.0
-41.0
-11.0
-19.0
-103.0
-58.0
-23.0
-14.0
-11.0
-58.0
-17.0
-34.0
-10.0
-34.0
-17.0
-69.0
-54.0
-11.0
-24.0
-27.060000000000002
-30.0
-9.0
-44.0
-24.0
-43.5
-36.0
-17.0
-2.4399999999999977
-535.44
-35.48000000000002
-46.48000000000002
-12.519999999999982
-80.84000000000003
-22.840000000000032
-116.84000000000003
-120.51999999999998
-76.51999999999998
-2.67999999999995
-63.68000000000001
-44.0
-116.0
-1.0
-12.0
-28.060000000000002
-49.0
-10.0
-55.16
-54.5
-54.16
-43.16
-50.16
-13.159999999999997
-27.0
-8.0
-2.0
-3.0
-8.0
-20.0
-35.0
-45.0
-16.0
-24.0
-32.0
-56.0
-6.0
-13.0
-14.0
-24.090000000000003
-23.0
-15.0
-21.0
-30.0
-10.0
-32.47999999999999
-73.47999999999999
-40.0
-56.31999999999999
-43.11500000000001
-13.384999999999991
-14.384999999999991
-24.5
-22.879999999999995
-4.9199999999999875
-12.5
-18.0
-254.0
-19.0
-24.5
-57.0
-325.0
-9.5
-24.10000000000005
-18.47999999999999
-49.47999999999999
-40.47999999999999
-39.47999999999999
-46.0
-42.0
-11.0
-24.0
-221.0
-28.0
-91.0
-49.0
-103.0
-19.0
-154.0
-53.0
-75.0
-1.0
-76.0
-40.0
-14.0
-3.0
-8.0
-36.06
-6.0
-0.0
-7.0
-30.0
-281.0
-29.0
-37.0
-4.0
-371.0
-25.0
-11.0
-1.0
-0.0
-2.0
-5.0
-18.0
-21.0
-9.0
-34.0
-278.0
-50.0
-30.0
-50.0
-52.06
-36.0
-29.0
-4.0
-41.0
-30.0
-29.0
-70.0
-2.0
-52.0
-23.0
-33.0
-16.0
-34.0
-13.0
-0.0
-1.0
-84.0
-0.0
-109.0
-8.480000000000018
-6.480000000000018
-45.0
-17.0
-36.06
-23.0
-36.0
-4.0
-7.0
-49.0
-111.0
-46.0
-124.0
-107.0
-10.0
-18.0
-34.0
-21.0
-10.0
-46.0
-27.0
-53.0
-41.0
-54.0
-109.0
-514.0
-9.0
-30.0
-57.120000000000005
-51.0
-20.0
-2.0
-27.0
-18.0
-18.0
-28.0
-20.0
-113.0
-6.0
-7.0
-14.0
-50.0
-22.0
-48.0
-40.0
-61.0
-34.0
-2.0
-95.0
-31.0
-17.0
-14.0
-41.60000000000005
-49.860000000000014
-13.0
-1.5
-9.5
-66.5
-23.74000000000001
-41.24000000000001
-1.5
-31.159999999999997
-42.22999999999999
-33.22999999999999
-36.22999999999999
-6.5
-2.759999999999991
-14.839999999999975
-59.5
-7.0
-38.0
-2.0
-23.0
-6.0
-21.0
-33.5
-48.10000000000005
-38.72
-21.0
-31.0
-44.0
-31.0
-41.0
-61.0
-33.0
-58.0
-31.0
-15.0
-22.0
-9.0
-17.0
-19.0
-33.0
-44.0
-21.0
-418.0
-2.0
-8.0
-9.0
-7.0
-24.10000000000005
-24.75999999999999
-17.0
-25.0
-16.0
-12.0
-23.0
-2.0
-83.0
-80.0
-2.0
-97.0
-228.0
-79.0
-31.0
-179.0
-34.0
-62.0
-37.0
-83.0
-50.0
-16.0
-17.0
-12.0
-41.60000000000005
-21.0
-10.0
-2.0
-3.0
-8.0
-4.0
-8.0
-20.0
-72.0
-6.0
-62.0
-42.0
-58.0
-26.0
-587.0
-15.0
-10.0
-12.0
-46.0
-67.0
-120.0
-7.0
-7.0
-37.60000000000005
-33.0
-14.0
-10.0
-7.0
-19.0
-3.0
-6.0
-22.0
-39.0
-100.0
-332.0
-3.0
-63.0
-36.0
-23.0
-245.0
-83.0
-33.0
-4.0
-49.0
-17.0
-15.0
-19.0
-63.60000000000005
-21.0
-20.0
-14.0
-3.0
-673.0
-2.0
-18.0
-23.0
-45.0
-15.0
-17.0
-3.0
-22.0
-3.0
-7.0
-4.0
-87.0
-39.0
-51.0
-24.0
-94.0
-7.0
-20.0
-63.60000000000005
-16.0
-33.0
-18.0
-5.0
-3.0
-7.0
-18.0
-26.0
-49.0
-10.0
-3.0
-13.0
-24.0
-16.0
-143.0
-373.0
-397.0
-73.0
-12.0
-47.0
-6.0
-4.0
-78.0
-41.60000000000005
-23.0
-6.0
-349.0
-19.0
-10.0
-26.0
-292.0
-108.0
-7.0
-43.0
-33.0
-51.0
-58.0
-37.0
-15.0
-32.0
-561.0
-9.0
-54.0
-24.0
-1.0
-13.0
-21.0
-43.10000000000005
-10.0
-13.0
-7.0
-5.0
-7.0
-7.0
-2.0
-9.0
-28.0
-42.0
-621.0
-48.0
-11.0
-47.0
-56.0
-34.0
-57.0
-22.0
-26.0
-15.0
-8.0
-11.0
-0.0
-26.10000000000005
-10.0
-0.0
-30.0
-12.0
-15.0
-17.0
-5.0
-65.0
-121.0
-26.0
-201.0
-238.0
-176.0
-213.0
-214.0
-205.0
-42.0
-154.0
-29.0
-84.0
-0.0
-7.0
-9.0
-62.60000000000005
-29.0
-45.0
-9.0
-7.0
-3.0
-13.0
-1.0
-23.0
-41.0
-272.0
-521.0
-33.0
-20.0
-17.0
-18.0
-8.0
-5.0
-18.0
-13.0
-51.0
-29.0
-29.0
-16.0
-433.6
-45.0
-9.0
-9.0
-21.0
-10.0
-23.0
-21.0
-30.0
-58.0
-8.0
-517.0
-14.0
-27.0
-14.0
-2.0
-6.0
-6.0
-33.0
-19.0
-40.0
-15.0
-22.0
-22.0
-44.60000000000005
-37.0
-48.0
-1.0
-4.0
-0.0
-56.0
-17.0
-37.0
-154.0
-16.0
-126.0
-9.0
-34.0
-35.0
-42.0
-21.0
-159.0
-0.0
-165.0
-53.0
-13.0
-31.0
-20.0
-28.60000000000005
-15.0
-8.0
-33.0
-1.0
-4.0
-9.0
-10.0
-158.0
-158.0
-7.0
-95.0
-6.0
-48.0
-3.0
-30.0
-24.0
-60.0
-2.0
-18.0
-24.0
-741.0
-20.0
-11.0
-41.60000000000005
-28.0
-879.0
-10.0
-2.0
-29.0
-35.0
-33.0
-136.0
-37.0
-0.0
-6.0
-8.0
-10.0
-2.0
-143.0
-87.0
-87.0
-93.0
-16.0
-20.0
-9.0
-7.0
-10.0
-28.110000000000014
-8.0
-282.0
-2.0
-6.0
-13.0
-3.0
-9.0
-19.0
-52.0
-13.0
-8.0
-81.0
-56.0
-90.0
-80.0
-65.0
-7.0
-332.0
-2.0
-2.0
-12.0
-0.5
-23.0
-23.129999999999995
-6.5
-48.5
-152.0
-6.0
-34.0
-46.0
-19.0
-32.0
-16.0
-5.0
-7.0
-38.0
-24.0
-14.0
-1.0
-14.0
-7.0
-2.0
-20.0
-17.0
-7.0
-30.0
-19.0
-37.120000000000005
-16.5
-17.5
-23.0
-36.0
-28.5
-25.5
-36.5
-28.319999999999993
-25.319999999999993
-170.67999999999995
-160.67999999999995
-49.0
-96.0
-53.0
-19.0
-31.0
-27.0
-39.0
-35.0
-37.0
-22.0
-34.0
-74.0
-17.39999999999995
-38.0
-3.0
-41.0
-14.0
-26.0
-33.5
-37.0
-76.0
-101.0
-52.0
-32.0
-12.0
-29.0
-5.0
-10.0
-25.0
-2.0
-53.0
-12.0
-23.0
-7.0
-51.0
-23.0
-28.60000000000005
-15.0
-33.0
-5.0
-18.0
-30.0
-4.5
-2.0
-22.0
-203.0
-38.0
-52.0
-42.0
-2.0
-49.0
-6.0
-0.0
-36.0
-58.0
-7.0
-82.0
-27.0
-69.0
-53.0
-28.60000000000005
-4.0
-30.0
-34.0
-28.0
-34.0
-35.0
-756.0
-56.0
-113.0
-11.0
-37.0
-54.0
-26.0
-45.0
-56.0
-349.0
-51.0
-88.0
-14.0
-39.0
-49.0
-51.0
-35.0
-53.08000000000001
-42.0
-68.0
-60.0
-67.0
-72.0
-55.0
-36.0
-52.0
-28.0
-19.0
-13.0
-7.0
-25.0
-11.0
-13.0
-489.0
-39.0
-56.0
-24.0
-21.0
-92.0
-33.0
-15.0
-13.069999999999993
-18.0
-13.0
-7.0
-51.0
-19.0
-43.0
-22.0
-54.0
-477.0
-1.0
-7.0
-18.0
-5.0
-26.0
-1.0
-1.0
-38.0
-23.0
-27.0
-39.0
-21.0
-10.0
-38.0
-8.615000000000009
-32.0
-60.0
-58.0
-64.0
-63.0
-34.0
-26.0
-72.0
-178.0
-27.0
-22.0
-83.0
-92.0
-41.0
-9.0
-10.0
-3.0
-31.0
-11.0
-50.0
-14.0
-15.0
-33.0
-5.039999999999992
-32.0
-15.0
-2.0
-8.0
-18.0
-20.0
-4.0
-127.0
-72.0
-83.0
-60.0
-27.0
-6.0
-48.0
-26.0
-13.0
-12.0
-55.0
-25.0
-321.0
-12.0
-21.0
-21.0
-21.039999999999992
-41.0
-20.0
-3.0
-2.0
-7.0
-44.0
-4.0
-84.0
-74.0
-42.0
-58.0
-24.0
-11.0
-30.0
-30.0
-16.0
-22.0
-21.0
-77.0
-146.0
-40.0
-6.0
-29.0
-5.039999999999992
-19.0
-7.0
-6.0
-2.0
-4.5
-6.360000000000014
-19.5
-84.36000000000001
-69.63999999999999
-12.0
-29.600000000000023
-23.600000000000023
-38.39999999999998
-32.39999999999998
-42.39999999999998
-43.0
-18.480000000000018
-40.51999999999998
-21.0
-63.0
-25.0
-16.0
-10.0
-86.03999999999999
-6.0
-3.0
-17.0
-7.0
-2.0
-4.0
-10.0
-111.0
-27.0
-35.0
-24.0
-13.0
-35.0
-19.0
-23.0
-65.0
-18.0
-25.0
-57.0
-43.0
-11.0
-12.0
-13.0
-5.039999999999992
-23.0
-5.0
-4.0
-6.0
-2.0
-5.0
-41.0
-44.0
-44.0
-15.5
-180.51999999999998
-107.51999999999998
-124.15999999999997
-15.0
-41.0
-22.0
-23.0
-18.0
-1.0
-40.0
-27.0
-29.0
-17.0
-69.0
-70.0
-40.96000000000001
-45.5
-30.0
-16.0
-2.0
-25.0
-729.0
-34.0
-79.0
-84.0
-75.0
-18.0
-9.039999999999964
-85.96000000000004
-12.0
-621.0
-18.0
-21.0
-125.0
-28.0
-6.0
-38.0
-355.0
-859.0
-10.039999999999992
-30.099999999999994
-9.0
-2.0
-1.0
-3.0
-3.0
-38.0
-53.0
-1.0
-56.0
-58.0
-46.0
-22.0
-28.0
-51.0
-36.0
-29.0
-11.0
-15.0
-31.0
-15.0
-10.0
-23.0
-4.159999999999997
-0.09999999999999432
-27.0
-21.0
-11.0
-27.0
-17.0
-14.0
-425.0
-14.0
-47.0
-5.0
-55.0
-29.0
-12.0
-12.0
-54.0
-59.0
-29.0
-20.0
-26.0
-20.0
-16.0
-34.0
-13.574999999999989
-21.0
-10.0
-19.0
-44.0
-152.0
-31.0
-23.0
-61.0
-93.0
-22.0
-99.44000000000005
-52.440000000000055
-165.0
-18.0
-125.0
-133.0
-29.0
-44.0
-13.0
-111.0
-314.0
-6.0
-15.0
-5.039999999999992
-7.0
-10.0
-1.0
-0.0
-2.0
-2.0
-7.0
-93.0
-58.48000000000002
-20.519999999999982
-24.600000000000023
-9.600000000000023
-19.399999999999977
-21.600000000000023
-39.39999999999998
-31.480000000000018
-17.480000000000018
-51.48000000000002
-55.48000000000002
-16.480000000000018
-37.48000000000002
-17.52000000000001
-23.5
-44.03999999999999
-27.55000000000001
-1.0
-10.5
-8.0
-14.0
-2.0
-59.0
-95.60000000000002
-46.39999999999998
-5.600000000000023
-45.60000000000002
-41.0
-1.0
-14.0
-22.0
-9.0
-19.0
-91.0
-7.0
-31.0
-49.0
-91.0
-10.0
-865.04
-14.550000000000011
-8.0
-20.0
-8.0
-2.0
-28.0
-3.0
-26.0
-39.0
-19.0
-43.0
-49.0
-1.0
-45.0
-4.0
-13.0
-34.0
-75.0
-9.0
-44.0
-8.0
-43.0
-7.0
-40.03999999999999
-14.550000000000011
-17.0
-7.0
-16.0
-7.0
-29.0
-1.5
-0.0
-40.0
-59.0
-38.75999999999999
-44.60000000000002
-72.39999999999998
-7.399999999999977
-20.0
-25.0
-5.0
-25.960000000000036
-187.83999999999997
-9.160000000000025
-5.360000000000014
-27.58000000000004
-9.0
-15.039999999999992
-37.19999999999999
-5.5
-18.75999999999999
-2.0
-663.0
-20.5
-40.0
-41.5
-16.0
-32.5
-28.0
-54.0
-27.5
-73.80000000000001
-64.5
-53.19999999999999
-26.80000000000001
-13.0
-27.0
-1.0
-18.0
-2.0
-7.0
-13.574999999999989
-28.599999999999994
-7.0
-10.0
-18.0
-25.0
-4.0
-40.0
-47.0
-24.0
-25.0
-10.0
-1.0
-3.0
-15.0
-13.0
-2.0
-26.0
-11.0
-8.0
-23.0
-5.0
-0.0
-9.0
-6.990000000000009
-5.099999999999994
-24.0
-17.02000000000001
-11.02000000000001
-21.00999999999999
-38.0
-11.0
-79.0
-56.0
-9.0
-16.0
-63.0
-33.0
-7.0
-8.0
-13.0
-31.840000000000032
-65.84000000000003
-59.839999999999975
-18.160000000000025
-25.160000000000025
-19.160000000000025
-23.0
-5.039999999999992
-21.05000000000001
-3.0
-180.0
-10.0
-5.0
-6.0
-14.0
-15.0
-30.0
-41.0
-57.0
-24.0
-22.0
-26.0
-52.0
-9.0
-5.0
-60.0
-512.0
-63.0
-57.0
-30.0
-12.0
-15.039999999999992
-44.05000000000001
-6.0
-278.0
-7.0
-509.0
-15.0
-2.0
-443.0
-37.0
-29.0
-110.0
-69.0
-85.0
-10.0
-6.0
-12.0
-34.0
-49.0
-2.0
-41.0
-25.0
-13.0
-8.0
-15.0
-44.05000000000001
-15.0
-11.0
-28.0
-16.0
-52.0
-2.0
-13.0
-35.0
-20.0
-62.0
-17.0
-0.0
-8.0
-5.67999999999995
-2.67999999999995
-24.67999999999995
-17.0
-17.519999999999982
-4.480000000000018
-73.0
-0.0
-15.5
-8.314999999999998
-50.05000000000001
-24.0
-7.0
-21.5
-13.5
-44.5
-11.0
-1.8799999999999955
-42.0
-73.0
-61.0
-45.0
-69.0
-12.0
-13.0
-23.0
-23.0
-36.0
-70.0
-4.0
-30.0
-13.0
-6.0
-469.685
-28.599999999999994
-1.0
-1.0
-6.0
-8.0
-13.0
-33.0
-36.0
-4.0
-77.0
-85.0
-63.0
-34.0
-40.0
-31.0
-31.0
-19.0
-26.0
-51.0
-1.0
-10.0
-11.0
-10.0
-6.045000000000044
-28.599999999999994
-20.0
-25.0
-12.0
-20.0
-28.0
-20.0
-49.0
-35.0
-36.51999999999998
-3.519999999999982
-6.0
-14.0
-18.0
-5.0
-8.0
-22.0
-8.0
-9.0
-4.0
-6.0
-32.0
-7.0
-24.099999999999994
-27.0
-16.0
-26.0
-14.0
-18.0
-14.0
-5.0
-118.0
-161.0
-56.0
-34.0
-7.0
-127.0
-160.0
-185.0
-1.0
-10.0
-32.0
-30.0
-47.0
-8.0
-34.0
-2.0
-37.315
-207.92000000000002
-113.92000000000002
-92.07999999999998
-91.07999999999998
-199.92000000000002
-206.92000000000002
-95.07999999999998
-66.07999999999998
-95.08000000000004
-76.08000000000004
-91.91999999999996
-139.91999999999996
-135.91999999999996
-128.08000000000004
-134.08000000000004
-89.91999999999996
-333.0
-213.0
-60.839999999999975
-6.160000000000025
-37.0
-23.0
-6.0
-12.314999999999998
-17.0
-2.0
-29.0
-578.0
-26.0
-7.0
-13.0
-121.0
-314.0
-63.0
-32.0
-50.0
-31.0
-13.0
-58.0
-32.0
-16.0
-36.0
-24.0
-121.0
-2.0
-53.0
-14.0
-47.315
-46.0
-11.0
-2.0
-15.0
-15.0
-8.0
-71.0
-60.0
-24.0
-7.0
-41.0
-27.0
-22.0
-39.0
-54.0
-55.0
-39.0
-41.0
-22.0
-4.0
-27.0
-31.0
-8.0
-37.099999999999994
-22.0
-11.0
-39.0
-19.0
-886.0
-33.0
-298.0
-24.0
-24.0
-19.0
-51.0
-5.0
-44.0
-93.0
-2.0
-6.0
-49.0
-47.0
-7.0
-12.5
-18.0
-8.0
-12.0
-183.1
-19.0
-12.0
-7.0
-28.0
-5.0
-23.0
-100.0
-32.0
-181.0
-5.0
-6.0
-12.0
-23.0
-5.0
-18.0
-21.0
-3.0
-12.0
-14.0
-18.0
-17.0
-19.0
-33.0
-30.150000000000006
-14.0
-33.0
-40.0
-24.0
-278.0
-29.0
-7.0
-89.0
-65.0
-25.0
-31.0
-32.0
-114.0
-18.0
-40.0
-55.0
-70.0
-24.0
-29.0
-32.0
-23.0
-5.0
-21.0
-34.315
-24.0
-25.0
-18.0
-22.039999999999992
-21.0
-10.0
-41.0
-176.0
-38.0
-8.0
-15.0
-54.0
-9.0
-14.0
-13.0
-21.0
-14.0
-130.0
-13.0
-36.04000000000002
-13.95999999999998
-43.0
-13.0
-28.314999999999998
-8.0
-6.0
-18.0
-10.0
-25.0
-3.0
-40.0
-83.0
-260.0
-57.0
-77.55999999999995
-5.559999999999945
-36.559999999999945
-61.440000000000055
-9.799999999999955
-57.15999999999997
-47.32000000000005
-59.91999999999996
-109.08000000000004
-22.560000000000002
-20.560000000000002
-82.68
-11.0
-8.314999999999998
-25.0
-3.0
-38.5
-23.0
-38.5
-9.5
-20.0
-54.72000000000003
-37.72000000000003
-64.27999999999997
-95.27999999999997
-6.039999999999964
-24.960000000000036
-7.039999999999964
-17.960000000000036
-25.960000000000036
-58.960000000000036
-122.0
-62.0
-1.0
-45.0
-7.0
-9.0
-13.314999999999998
-14.5
-3.0
-22.5
-12.0
-3.5
-18.0
-40.0
-77.0
-37.0
-51.0
-67.0
-49.0
-24.0
-20.24000000000001
-19.24000000000001
-7.759999999999991
-43.24000000000001
-13.960000000000036
-360.96
-34.0
-38.0
-46.0
-0.0
-596.685
-13.0
-7.0
-262.0
-4.0
-20.0
-3.0
-2.0
-25.0
-38.0
-6.0
-51.0
-3.0
-11.32000000000005
-52.32000000000005
-22.32000000000005
-39.0
-3.0
-7.0
-26.319999999999993
-23.680000000000007
-36.68000000000001
-11.0
-3.0
-28.314999999999998
-44.5
-21.5
-0.5
-4.0
-22.0
-16.0
-18.980000000000047
-31.0
-10.0
-16.5
-4.5
-7.0
-11.0
-5.0
-5.5
-50.0
-14.800000000000011
-12.0
-40.0
-13.0
-5.5
-1.5
-15.5
-21.620000000000005
-4.5
-20.5
-15.5
-20.0
-14.0
-51.0
-21.960000000000008
-40.0
-3.0
-647.5
-47.0
-5.0
-33.0
-16.0
-39.0
-43.0
-29.0
-39.0
-11.0
-11.0
-4.0
-20.0
-1.0
-530.62
-10.340000000000003
-30.0
-34.0
-35.0
-14.0
-35.0
-53.0
-84.0
-63.0
-62.0
-50.0
-22.0
-67.0
-61.51999999999998
-56.51999999999998
-87.0
-523.0
-25.0
-10.0
-15.0
-11.0
-7.0
-5.0
-13.314999999999998
-44.68000000000001
-53.68000000000001
-65.68
-17.72
-88.68
-13.680000000000007
-21.19999999999999
-1.1999999999999886
-54.32000000000005
-27.67999999999995
-97.32000000000005
-102.32000000000005
-63.32000000000005
-72.32000000000005
-81.32000000000005
-90.32000000000005
-98.32000000000005
-40.32000000000005
-317.32
-54.68000000000001
-0.6800000000000068
-17.680000000000007
-55.68000000000001
-36.629999999999995
-74.44
-62.44
-67.44
-74.44
-55.44
-59.44
-53.44
-76.44
-72.55999999999995
-158.55999999999995
-119.55999999999995
-109.55999999999995
-261.55999999999995
-72.55999999999995
-59.559999999999945
-460.44000000000005
-90.55999999999995
-71.55999999999995
-69.44
-5.439999999999998
-12.560000000000002
-23.439999999999998
-43.44
-18.75999999999999
-7.0
-792.0
-12.0
-36.0
-10.0
-30.0
-13.0
-95.0
-50.0
-19.0
-42.0
-59.0
-22.0
-37.0
-52.0
-16.0
-9.0
-31.0
-265.0
-25.0
-5.0
-35.0
-5.0
-6.680000000000007
-4.5
-13.0
-14.0
-10.0
-855.0
-1.0
-4.0
-99.0
-11.0
-534.52
-38.48000000000002
-33.0
-17.0
-29.440000000000055
-2.4400000000000546
-66.44000000000005
-15.440000000000055
-39.559999999999945
-324.56
-152.56
-60.56
-41.84000000000003
-2.0
-6.680000000000007
-41.5
-21.5
-33.5
-38.0
-32.0
-45.0
-48.48000000000005
-17.0
-15.0
-53.0
-14.0
-29.0
-14.0
-166.0
-174.0
-21.0
-11.0
-39.0
-15.0
-44.0
-1.0
-8.0
-7.0
-21.620000000000005
-4.5
-4.5
-23.5
-28.0
-8.0
-37.0
-21.480000000000047
-59.0
-24.0
-31.0
-285.0
-42.5
-4.5
-53.5
-12.5
-45.5
-19.5
-11.5
-46.0
-26.0
-14.0
-10.0
-22.0
-22.620000000000005
-24.5
-16.0
-27.0
-13.5
-17.5
-23.5
-24.0
-94.72000000000003
-97.32
-603.68
-251.32000000000005
-34.67999999999995
-7.32000000000005
-25.67999999999995
-10.67999999999995
-36.32000000000005
-22.32000000000005
-42.32000000000005
-24.680000000000007
-31.680000000000007
-21.319999999999993
-45.68000000000001
-30.680000000000007
-16.319999999999993
-4.5
-15.0
-22.0
-0.5
-3.5
-19.5
-19.0
-106.51999999999998
-31.519999999999982
-67.48000000000002
-26.480000000000018
-33.51999999999998
-22.519999999999982
-42.48000000000002
-85.51999999999998
-29.480000000000018
-18.519999999999982
-19.480000000000018
-26.519999999999982
-63.51999999999998
-4.519999999999982
-30.480000000000018
-15.840000000000003
-6.680000000000007
-1.5
-11.0
-38.0
-24.5
-28.5
-28.5
-4.0
-39.0
-289.0
-18.0
-0.0
-6.0
-49.0
-12.0
-3.0
-4.0
-41.0
-130.0
-207.0
-53.0
-36.0
-5.0
-26.0
-13.319999999999993
-4.0
-12.0
-64.0
-27.0
-35.0
-11.0
-52.0
-599.0
-137.0
-275.0
-113.0
-5.0
-19.0
-12.0
-41.870000000000005
-11.0
-23.0
-35.0
-34.0
-1.0
-2.0
-22.0
-99.0
-26.0
-23.0
-9.0
-16.0
-31.879999999999995
-24.0
-27.0
-55.0
-52.0
-25.0
-302.0
-27.0
-19.0
-20.0
-62.0
-40.86500000000001
-1.0
-11.0
-18.0
-646.0
-1.0
-9.0
-149.0
-141.0
-16.0
-1.0
-13.0
-101.0
-484.0
-30.0
-21.0
-6.0
-18.0
-1.0
-43.0
-55.0
-44.0
-6.0
-20.0
-13.5
-15.0
-17.0
-12.120000000000005
-18.0
-6.0
-10.5
-3.5
-76.0
-55.0
-11.0
-20.0
-22.74000000000001
-19.5
-0.5
-6.0
-37.0
-30.0
-14.0
-46.0
-17.0
-7.0
-3.0
-14.0
-7.5
-13.0
-13.0
-33.0
-2.0
-11.0
-28.0
-1.0
-131.0
-141.0
-106.0
-1.0
-42.0
-32.0
-19.0
-33.0
-21.0
-113.0
-27.879999999999995
-56.0
-72.0
-63.120000000000005
-83.0
-35.0
-293.135
-12.5
-8.0
-9.0
-5.0
-8.0
-14.0
-5.0
-126.0
-42.0
-23.0
-15.0
-47.0
-5.0
-7.0
-44.0
-6.0
-134.0
-43.0
-17.0
-85.0
-17.0
-4.0
-58.0
-527.14
-17.0
-7.0
-787.0
-4.0
-486.0
-19.0
-17.0
-132.12
-38.0
-37.0
-39.0
-738.0
-53.0
-19.0
-26.0
-16.0
-10.0
-108.0
-41.879999999999995
-76.0
-142.0
-1.0
-0.0
-19.94999999999999
-13.0
-19.0
-32.0
-4.0
-34.0
-2.0
-44.0
-5.639999999999986
-15.480000000000018
-199.0
-39.0
-87.32000000000005
-18.32000000000005
-50.32000000000005
-27.0
-37.0
-10.0
-21.0
-0.0
-3.0
-59.0
-36.0
-30.120000000000005
-53.88499999999999
-49.51999999999998
-34.0
-20.0
-4.0
-27.0
-15.0
-44.0
-13.0
-1.0
-12.919999999999959
-1.0
-7.100000000000023
-27.0
-12.0
-23.120000000000005
-18.0
-198.0
-1.0
-349.0
-26.0
-32.0
-52.0
-2.0
-0.8849999999999909
-11.0
-21.0
-739.0
-6.0
-14.0
-11.0
-29.0
-19.0
-15.0
-70.0
-27.0
-36.51999999999998
-23.5
-18.0
-76.0
-23.0
-30.0
-35.0
-30.5
-2.0
-3.0
-5.5
-15.0
-31.5
-5.0
-11.5
-20.5
-13.0
-9.5
-11.5
-83.5
-665.0
-11.0
-54.0
-5.0
-4.259999999999991
-1.5
-12.5
-2.0
-70.0
-11.5
-21.0
-25.5
-15.5
-13.5
-7.5
-2.0
-7.5
-20.0
-224.0
-31.0
-8.0
-33.0
-28.0
-22.0
-133.0
-129.0
-132.0
-29.0
-30.0
-30.0
-24.0
-19.879999999999995
-115.0
-68.0
-61.0
-69.0
-121.0
-0.0
-20.0
-2.0
-19.88499999999999
-22.0
-45.0
-8.0
-197.0
-14.0
-16.0
-5.0
-35.0
-4.0
-18.0
-14.0
-14.0
-23.0
-6.0
-46.0
-8.0
-5.8799999999999955
-10.0
-34.0
-16.0
-51.0
-67.0
-606.0
-56.88499999999999
-4.0
-36.0
-30.0
-24.0
-14.0
-5.0
-3.0
-174.0
-22.0
-2.0
-35.0
-65.0
-3.0
-5.0
-44.0
-10.0
-1.0
-47.08000000000004
-33.51999999999998
-33.51999999999998
-56.0
-112.0
-10.0
-11.819999999999993
-28.0
-26.0
-21.0
-37.0
-18.0
-17.0
-10.0
-17.0
-29.0
-0.0
-37.0
-18.0
-5.0
-36.0
-24.0
-35.0
-33.120000000000005
-46.0
-3.0
-66.0
-14.0
-115.0
-42.0
-40.31999999999999
-14.0
-29.0
-17.0
-406.0
-8.0
-8.0
-8.0
-92.0
-28.0
-10.0
-369.0
-44.0
-42.0
-48.0
-32.0
-6.0
-4.0
-51.0
-95.0
-184.0
-14.0
-50.0
-12.0
-75.32
-19.0
-24.0
-14.0
-14.0
-6.0
-21.0
-11.0
-187.0
-1.0
-19.0
-13.0
-27.0
-18.0
-47.0
-52.0
-114.0
-66.0
-18.0
-13.0
-29.0
-25.0
-18.0
-6.0
-30.5
-15.0
-382.5
-3.5
-21.0
-24.0
-6.0
-6.0
-17.0
-40.0
-33.0
-58.0
-76.0
-58.0
-56.0
-96.0
-78.0
-60.0
-747.0
-7.0
-15.0
-17.0
-28.0
-11.0
-42.5
-43.0
-40.0
-10.0
-33.0
-21.0
-14.0
-7.0
-88.0
-295.12
-87.0
-34.0
-2.0
-40.0
-66.0
-54.0
-26.0
-38.91999999999996
-69.0
-207.0
-98.0
-7.0
-3.0
-17.0
-21.819999999999993
-31.0
-28.0
-27.0
-7.0
-8.0
-10.0
-19.0
-91.0
-6.0
-22.0
-21.0
-30.0
-290.0
-45.0
-43.0
-6.0
-12.0
-55.0
-96.0
-55.0
-74.0
-28.0
-9.0
-64.32
-31.0
-16.0
-376.0
-36.0
-40.0
-2.0
-4.0
-62.879999999999995
-19.0
-1.0
-591.0
-8.0
-37.0
-22.0
-27.0
-15.0
-8.0
-27.0
-98.0
-9.0
-135.0
-46.0
-12.0
-12.319999999999993
-5.0
-26.0
-653.0
-38.0
-32.0
-54.0
-27.0
-51.0
-21.0
-34.0
-17.08000000000004
-33.0
-11.879999999999995
-56.0
-26.0
-46.0
-38.0
-95.0
-33.0
-58.0
-42.0
-21.0
-32.0
-12.319999999999993
-22.0
-63.0
-327.0
-39.0
-2.0
-11.0
-35.0
-9.0
-21.0
-31.039999999999964
-9.039999999999964
-18.0
-20.0
-18.0
-20.0
-38.0
-18.0
-4.0
-16.0
-69.0
-9.0
-2.0
-9.0
-29.319999999999993
-27.0
-37.0
-34.0
-210.0
-20.0
-731.0
-62.0
-27.0
-747.0
-76.0
-92.0
-59.0
-92.0
-51.0
-3.0
-10.0
-11.0
-41.0
-27.0
-91.0
-32.0
-62.0
-3.0
-16.5
-28.0
-6.0
-4.0
-10.0
-48.0
-3.0
-12.0
-11.0
-10.0
-17.0
-10.0
-48.0
-1.0
-35.0
-11.0
-18.0
-26.0
-32.0
-17.0
-46.0
-13.0
-2.0
-9.0
-31.5
-36.0
-22.0
-0.0
-39.0
-23.0
-24.0
-23.0
-121.0
-23.0
-17.0
-37.0
-87.0
-61.0
-29.0
-25.0
-57.0
-86.0
-28.0
-23.0
-67.0
-46.0
-39.0
-34.0
-12.319999999999993
-7.0
-14.0
-0.0
-26.0
-6.0
-18.0
-5.0
-23.0
-33.0
-59.0
-41.0
-24.0
-11.0
-36.0
-173.0
-30.0
-45.0
-16.0
-1.0
-23.0
-32.0
-18.0
-26.0
-185.68
-16.0
-2.0
-12.0
-22.0
-7.0
-45.0
-12.0
-29.0
-32.0
-19.0
-7.0
-23.0
-31.0
-18.0
-9.0
-16.0
-21.0
-11.0
-34.0
-8.0
-38.0
-19.0
-16.0
-12.319999999999993
-13.0
-8.0
-13.0
-10.0
-36.0
-4.0
-27.0
-126.0
-15.0
-10.0
-20.0
-48.0
-17.0
-35.0
-9.0
-82.0
-66.0
-8.0
-26.0
-30.0
-10.0
-14.0
-25.0
-39.81999999999999
-2.0
-2.0
-7.0
-1.0
-7.0
-20.0
-12.0
-15.0
-16.0
-40.0
-13.0
-38.0
-75.0
-25.0
-81.0
-86.0
-79.0
-73.0
-39.0
-23.0
-82.0
-12.920000000000016
-235.5
-13.474999999999994
-10.0
-6.0
-40.0
-15.0
-9.0
-39.0
-3.0
-71.0
-5.0
-34.0
-88.0
-42.0
-82.0
-80.0
-63.0
-645.0
-72.88
-49.0
-4.0
-40.0
-31.0
-25.0
-6.0
-16.5
-6.0
-18.0
-4.0
-2.0
-21.0
-0.0
-16.0
-13.0
-4.0
-8.0
-35.0
-51.0
-50.0
-33.0
-42.0
-28.0
-49.0
-714.0
-53.0
-65.0
-11.0
-786.0
-15.0
-10.5
-17.0
-22.0
-72.0
-0.0
-4.0
-603.0
-15.0
-109.0
-117.0
-22.0
-8.0
-43.0
-364.0
-418.0
-37.0
-27.0
-42.0
-645.0
-48.0
-391.0
-11.0
-58.0
-30.0
-16.525000000000006
-9.0
-12.0
-7.0
-1.5
-5.0
-7.5
-9.0
-89.04000000000002
-28.0
-29.0
-16.0
-26.0
-37.0
-77.0
-28.0
-20.0
-15.0
-169.0
-102.0
-12.0
-9.0
-11.0
-11.0
-7.1299999999999955
-15.0
-10.0
-26.0
-9.0
-2.0
-6.0
-5.0
-8.0
-77.0
-140.32000000000005
-17.559999999999945
-25.32000000000005
-112.0
-152.0
-165.0
-39.559999999999945
-17.559999999999945
-31.08000000000004
-16.08000000000004
-18.95999999999998
-37.56
-1.4399999999999977
-9.0
-60.80500000000001
-23.0
-3.0
-15.0
-22.0
-17.0
-23.0
-6.0
-106.0
-48.0
-32.0
-11.0
-68.0
-14.0
-65.0
-51.0
-58.0
-14.0
-10.0
-21.0
-1.0
-12.0
-21.0
-18.0
-50.80500000000001
-26.75999999999999
-13.0
-15.5
-4.5
-20.5
-32.0
-19.0
-36.0
-1.0
-5.0
-48.0
-63.0
-42.0
-26.0
-35.0
-1.0
-10.0
-8.0
-33.0
-39.0
-1.0
-55.0
-3.0
-0.8050000000000068
-7.0
-4.5
-1.5
-21.5
-15.0
-18.5
-17.0
-157.0
-46.74000000000001
-54.920000000000016
-1.079999999999984
-22.920000000000016
-17.080000000000013
-27.019999999999982
-46.079999999999984
-56.079999999999984
-30.920000000000016
-5.0800000000000125
-13.080000000000013
-0.22000000000002728
-15.5
-30.5
-40.5
-21.5
-10.0
-18.5
-12.5
-22.5
-16.0
-0.5
-1.0
-8.0
-2.740000000000009
-44.22000000000003
-36.44
-43.44
-58.95999999999998
-58.01999999999998
-35.44
-98.98000000000002
-41.44
-83.95999999999998
-48.44
-51.44
-14.5
-16.5
-11.5
-21.5
-35.75999999999999
-29.0
-36.5
-11.5
-15.5
-24.5
-7.5
-139.92000000000002
-23.91999999999996
-69.91999999999996
-26.08000000000004
-17.91999999999996
-21.91999999999996
-411.91999999999996
-141.91999999999996
-13.080000000000041
-1.080000000000041
-79.91999999999996
-0.9199999999999591
-14.920000000000016
-13.920000000000016
-39.920000000000016
-28.0
-0.8050000000000068
-32.75999999999999
-10.0
-9.0
-29.0
-673.0
-8.0
-36.0
-156.0
-27.0
-16.91999999999996
-25.840000000000032
-40.27999999999997
-14.279999999999973
-0.2400000000000091
-11.0
-28.0
-21.0
-15.32000000000005
-44.32000000000005
-0.3199999999999932
-58.0
-24.0
-3.0
-0.8050000000000068
-51.75999999999999
-71.56
-37.94
-30.439999999999998
-27.439999999999998
-40.44
-46.68000000000001
-41.879999999999995
-48.879999999999995
-67.12
-9.120000000000005
-34.120000000000005
-12.639999999999986
-85.50999999999999
-62.120000000000005
-30.110000000000014
-6.1200000000000045
-58.879999999999995
-42.889999999999986
-30.600000000000023
-0.6000000000000227
-47.610000000000014
-58.60000000000002
-80.48000000000002
-46.51999999999998
-38.06
-37.5
-43.0
-26.0
-36.5
-57.0
-0.0
-219.0
-145.0
-42.0
-28.0
-18.0
-4.0
-11.0
-51.0
-62.0
-20.0
-9.0
-12.0
-89.0
-0.5
-65.0
-21.0
-31.0
-29.099999999999994
-23.0
-287.0
-654.0
-662.0
-34.0
-30.0
-452.0
-23.0
-27.0
-76.0
-73.0
-52.0
-76.0
-74.0
-51.0
-62.0
-57.0
-62.0
-25.0
-26.0
-72.0
-38.0
-64.0
-42.129999999999995
-46.0
-39.5
-44.0
-770.0
-33.0
-47.0
-38.0
-37.0
-54.0
-24.0
-1.0
-7.0
-15.0
-7.5
-12.0
-6.0
-3.0
-9.5
-9.5
-8.5
-24.5
-33.80000000000001
-36.5
-30.610000000000014
-3.0
-9.5
-23.0
-20.80000000000001
-29.0
-219.5
-29.80000000000001
-61.19999999999999
-9.199999999999989
-126.79999999999995
-76.0
-83.0
-36.0
-38.0
-14.0
-9.0
-39.0
-131.0
-15.0
-45.0
-17.0
-72.0
-10.0
-38.06
-29.0
-21.0
-17.0
-37.0
-30.0
-28.0
-27.0
-99.0
-27.32000000000005
-57.32000000000005
-1.0
-34.0
-1.0
-10.0
-16.0
-26.0
-12.0
-42.0
-46.0
-70.0
-11.0
-20.0
-4.0
-12.060000000000002
-2.0
-17.0
-70.0
-81.0
-18.0
-24.0
-16.0
-19.0
-56.0
-65.0
-6.0
-31.0
-11.0
-2.0
-26.0
-3.0
-4.0
-67.0
-45.0
-15.0
-23.0
-49.0
-15.0
-36.06
-15.0
-13.0
-22.0
-6.0
-25.5
-18.0
-12.0
-2.4399999999999977
-71.44
-133.48000000000002
-57.48000000000002
-12.519999999999982
-40.84000000000003
-68.84000000000003
-31.840000000000032
-58.51999999999998
-86.51999999999998
-2.67999999999995
-46.68000000000001
-90.0
-58.0
-7.0
-4.0
-19.060000000000002
-634.0
-25.0
-44.16
-43.5
-43.16
-37.16
-38.16
-13.159999999999997
-45.0
-7.0
-13.0
-8.0
-0.0
-1.0
-17.0
-10.0
-107.0
-29.0
-5.0
-801.0
-6.0
-13.0
-4.0
-6.090000000000003
-5.0
-3.0
-3.0
-12.0
-8.0
-52.47999999999999
-47.47999999999999
-14.0
-30.319999999999993
-45.11500000000001
-2.615000000000009
-81.38499999999999
-91.5
-19.120000000000005
-37.08000000000001
-12.5
-10.0
-15.0
-6.0
-30.5
-20.0
-6.0
-6.5
-8.100000000000051
-2.4799999999999898
-12.47999999999999
-56.47999999999999
-39.47999999999999
-46.0
-44.0
-24.0
-69.0
-166.0
-28.0
-82.0
-55.0
-70.0
-19.0
-34.0
-53.0
-54.0
-1.0
-59.0
-29.0
-7.0
-1.0
-341.0
-28.060000000000002
-6.0
-0.0
-37.0
-7.0
-3.0
-10.0
-2.0
-651.0
-58.0
-25.0
-22.0
-1.0
-0.0
-28.0
-21.0
-200.0
-21.0
-9.0
-34.0
-33.0
-71.0
-19.0
-15.0
-12.060000000000002
-4.0
-37.0
-23.0
-4.0
-7.0
-8.0
-2.0
-105.0
-53.0
-86.0
-38.0
-16.0
-34.0
-13.0
-0.0
-1.0
-19.0
-0.0
-38.0
-10.480000000000018
-39.48000000000002
-29.0
-27.0
-28.060000000000002
-14.0
-18.0
-1.0
-2.0
-9.0
-17.0
-2.0
-0.0
-194.0
-10.0
-29.0
-8.0
-21.0
-10.0
-0.0
-4.0
-12.0
-34.0
-25.0
-22.0
-101.0
-4.0
-10.0
-17.120000000000005
-37.0
-13.0
-26.0
-3.0
-6.0
-489.0
-11.0
-20.0
-66.0
-69.0
-78.0
-23.0
-261.0
-48.0
-48.0
-40.0
-61.0
-34.0
-2.0
-8.0
-39.0
-4.0
-17.0
-22.60000000000005
-33.860000000000014
-21.0
-22.5
-33.5
-23.5
-28.74000000000001
-26.24000000000001
-43.5
-49.16
-84.22999999999999
-0.7700000000000102
-31.22999999999999
-17.5
-11.240000000000009
-31.160000000000025
-50.5
-7.0
-22.0
-519.0
-9.0
-0.0
-3.0
-9.5
-8.100000000000051
-14.719999999999999
-3.0
-47.0
-33.0
-363.0
-22.0
-51.0
-19.0
-76.0
-10.0
-15.0
-22.0
-9.0
-607.0
-710.0
-15.0
-26.0
-7.0
-2.0
-17.0
-6.0
-11.0
-31.0
-48.10000000000005
-8.759999999999991
-1.0
-52.0
-2.0
-37.0
-23.0
-16.0
-64.0
-39.0
-2.0
-76.0
-285.0
-79.0
-31.0
-37.0
-55.0
-62.0
-37.0
-16.0
-15.0
-49.0
-13.0
-24.0
-29.60000000000005
-12.0
-41.0
-3.0
-2.0
-13.0
-9.0
-16.0
-163.0
-16.0
-6.0
-33.0
-42.0
-200.0
-20.0
-10.0
-8.0
-4.0
-12.0
-396.0
-18.0
-78.0
-20.0
-14.0
-29.60000000000005
-43.0
-35.0
-10.0
-7.0
-14.0
-8.0
-10.0
-22.0
-40.0
-13.0
-40.0
-3.0
-26.0
-36.0
-23.0
-17.0
-6.0
-33.0
-1.0
-48.0
-29.0
-11.0
-10.0
-54.60000000000005
-13.0
-21.0
-9.0
-8.0
-4.0
-3.0
-12.0
-23.0
-45.0
-78.0
-54.0
-23.0
-22.0
-29.0
-7.0
-4.0
-10.0
-39.0
-27.0
-24.0
-38.0
-6.0
-21.0
-22.60000000000005
-0.0
-17.0
-6.0
-19.0
-27.0
-54.0
-44.0
-26.0
-30.0
-10.0
-68.0
-13.0
-38.0
-16.0
-143.0
-44.0
-55.0
-88.0
-69.0
-30.0
-18.0
-9.0
-5.0
-22.60000000000005
-11.0
-6.0
-14.0
-14.0
-5.0
-21.0
-64.0
-26.0
-2.0
-49.0
-15.0
-67.0
-33.0
-80.0
-2.0
-3.0
-50.0
-9.0
-20.0
-14.0
-5.0
-17.0
-204.0
-42.10000000000005
-568.0
-12.0
-0.0
-2.0
-9.0
-0.0
-569.0
-23.0
-87.0
-27.0
-16.0
-11.0
-23.0
-12.0
-8.0
-30.0
-91.0
-38.0
-596.0
-7.0
-6.0
-13.0
-18.0
-8.100000000000051
-8.0
-18.0
-10.0
-14.0
-9.0
-10.0
-9.0
-51.0
-228.0
-81.0
-21.0
-41.0
-65.0
-3.0
-8.0
-17.0
-42.0
-39.0
-29.0
-48.0
-21.0
-2.0
-30.0
-38.60000000000005
-20.0
-22.0
-8.0
-12.0
-621.0
-8.0
-31.0
-95.0
-77.0
-32.0
-28.0
-7.0
-69.0
-3.0
-28.0
-8.0
-5.0
-18.0
-13.0
-33.0
-52.0
-25.0
-16.0
-67.60000000000005
-31.0
-40.0
-46.0
-16.0
-47.0
-49.0
-24.0
-765.0
-21.0
-8.0
-32.0
-12.0
-27.0
-12.0
-57.0
-6.0
-6.0
-33.0
-35.0
-20.0
-18.0
-17.0
-22.0
-67.60000000000005
-37.0
-48.0
-40.0
-45.0
-41.0
-18.0
-28.0
-37.0
-19.0
-109.0
-73.0
-9.0
-82.0
-141.0
-19.0
-21.0
-11.0
-7.0
-40.0
-63.0
-8.0
-3.0
-6.0
-33.60000000000005
-9.0
-16.0
-25.0
-1.0
-4.0
-5.0
-33.0
-46.0
-274.0
-9.0
-19.0
-44.0
-58.0
-1.0
-26.0
-24.0
-60.0
-9.0
-18.0
-0.0
-39.0
-48.0
-11.0
-54.60000000000005
-670.0
-10.0
-5.0
-2.0
-13.0
-21.0
-65.0
-54.0
-26.0
-3.0
-9.0
-31.0
-49.0
-21.0
-10.0
-19.0
-19.0
-25.0
-39.0
-43.0
-70.0
-18.0
-8.0
-10.110000000000014
-13.0
-54.0
-3.0
-44.0
-51.0
-8.0
-47.0
-45.0
-49.0
-52.0
-47.0
-57.0
-32.0
-66.0
-14.0
-1.0
-4.0
-15.0
-2.0
-2.0
-14.0
-0.5
-6.0
-12.129999999999995
-6.5
-18.5
-14.0
-7.0
-4.0
-16.0
-6.0
-15.0
-3.0
-5.0
-10.0
-41.0
-27.0
-45.0
-486.0
-17.0
-10.0
-1.0
-2.0
-5.0
-14.0
-9.0
-3.0
-21.120000000000005
-0.5
-1.5
-7.0
-15.0
-7.5
-3.5
-27.5
-84.32
-40.31999999999999
-79.67999999999995
-167.67999999999995
-47.0
-559.0
-1.0
-19.0
-19.0
-27.0
-39.0
-32.0
-41.0
-141.0
-35.0
-34.0
-22.60000000000005
-2.0
-3.0
-7.0
-7.0
-17.0
-9.5
-6.0
-108.0
-21.0
-0.0
-18.0
-265.0
-39.0
-9.0
-6.0
-116.0
-21.0
-48.0
-76.0
-41.0
-40.0
-25.0
-18.0
-28.60000000000005
-20.0
-3.0
-10.0
-13.0
-19.0
-9.5
-9.0
-60.0
-19.0
-38.0
-19.0
-16.0
-2.0
-164.0
-3.0
-23.0
-22.0
-43.0
-16.0
-13.0
-42.0
-43.0
-48.0
-33.60000000000005
-1.0
-3.0
-16.0
-10.0
-104.0
-105.0
-100.0
-22.0
-25.0
-39.0
-39.0
-130.0
-16.0
-49.0
-1.0
-31.0
-39.0
-79.0
-5.0
-31.0
-49.0
-43.0
-21.0
-39.08000000000001
-22.0
-62.0
-33.0
-40.0
-52.0
-50.0
-31.0
-151.0
-25.0
-32.0
-55.0
-636.0
-22.0
-25.0
-1.0
-5.0
-26.0
-43.0
-21.0
-45.0
-31.0
-39.0
-10.0
-37.06999999999999
-18.0
-13.0
-7.0
-11.0
-19.0
-25.0
-4.0
-54.0
-15.0
-4.0
-655.0
-57.0
-32.0
-13.0
-18.0
-1.0
-25.0
-23.0
-14.0
-874.0
-21.0
-23.0
-38.0
-26.61500000000001
-37.0
-18.0
-16.0
-22.0
-21.0
-20.0
-12.0
-72.0
-138.0
-27.0
-81.0
-32.0
-149.0
-74.0
-94.0
-111.0
-124.0
-63.0
-11.0
-174.0
-14.0
-31.0
-28.0
-10.039999999999992
-21.0
-1.0
-39.0
-33.0
-62.0
-86.0
-62.0
-2.0
-8.0
-38.0
-50.0
-59.0
-6.0
-52.0
-33.0
-45.0
-11.0
-46.0
-16.0
-4.0
-33.0
-16.0
-26.0
-6.039999999999992
-12.0
-3.0
-40.0
-23.0
-18.0
-32.0
-313.0
-19.0
-5.0
-31.0
-43.0
-35.0
-11.0
-39.0
-39.0
-3.0
-33.0
-28.0
-127.0
-5.0
-39.0
-7.0
-33.0
-10.039999999999992
-28.0
-16.0
-51.0
-2.0
-5.5
-10.360000000000014
-4.5
-18.639999999999986
-69.63999999999999
-193.0
-41.39999999999998
-16.399999999999977
-38.39999999999998
-72.39999999999998
-12.600000000000023
-12.0
-14.480000000000018
-40.51999999999998
-21.0
-6.0
-25.0
-19.0
-3.0
-10.039999999999992
-6.0
-23.0
-7.0
-17.0
-3.0
-16.0
-5.0
-77.0
-52.0
-17.0
-47.0
-0.0
-35.0
-28.0
-32.0
-4.0
-10.0
-36.0
-50.0
-28.0
-29.0
-27.0
-31.0
-45.0
-37.0
-20.0
-15.0
-39.0
-3.0
-23.0
-13.0
-27.0
-6.0
-6.0
-7.914999999999992
-22.0
-1.0
-19.0
-14.0
-16.0
-7.0
-30.0
-9.0
-3.0
-59.0
-8.0
-29.0
-3.0
-29.0
-20.0
-2.0
-10.0
-0.0
-9.0
-17.0
-12.0
-10.0
-15.0
-2.914999999999992
-15.5
-28.0
-559.0
-11.0
-6.0
-17.0
-14.0
-1.0
-2.0
-12.0
-9.0
-48.0
-6.0
-29.0
-14.0
-6.0
-4.0
-6.0
-22.0
-46.0
-62.0
-36.0
-531.0
-26.085000000000008
-15.0
-31.0
-19.0
-24.0
-25.0
-43.47999999999999
-24.5
-15.0
-16.0
-37.0
-13.0
-53.0
-10.0
-2.0
-32.0
-13.0
-34.0
-4.0
-37.0
-7.0
-10.0
-15.0
-3.0
-26.085000000000008
-11.0
-21.0
-11.0
-18.0
-24.0
-48.0
-1.0
-2.0
-16.0
-25.0
-25.0
-19.0
-7.0
-13.0
-6.0
-28.0
-18.0
-13.0
-45.0
-3.0
-6.0
-3.0
-11.0
-2.914999999999992
-21.0
-5.0
-9.0
-7.0
-22.0
-13.0
-13.0
-3.0
-8.0
-13.0
-4.0
-64.0
-52.0
-18.0
-22.0
-2.0
-5.0
-11.0
-2.0
-8.0
-5.5
-2.0
-25.0
-29.05000000000001
-22.0
-33.0
-3.0
-13.0
-146.0
-39.0
-599.0
-197.0
-133.0
-7.0
-117.0
-40.0
-47.0
-24.0
-44.0
-34.0
-77.0
-52.200000000000045
-113.0
-56.0
-141.0
-2.0
-21.0
-4.134999999999991
-23.0
-14.0
-5.0
-3.0
-3.0
-36.0
-13.0
-214.0
-125.0
-198.0
-8.080000000000041
-59.0
-46.0
-17.0
-49.0
-4.0
-6.0
-229.0
-49.0
-62.0
-74.0
-214.0
-250.0
-16.86500000000001
-10.0
-6.0
-9.0
-28.0
-4.0
-26.0
-29.0
-99.0
-60.0
-91.0
-5.0
-59.879999999999995
-59.0
-24.91999999999996
-17.0
-97.0
-25.0
-22.0
-56.0
-134.0
-2.0
-24.0
-51.0
-42.86500000000001
-10.0
-27.0
-45.0
-44.0
-10.0
-26.0
-9.0
-54.0
-11.0
-6.0
-24.0
-52.0
-70.0
-22.0
-531.0
-63.0
-5.0
-22.0
-4.0
-16.0
-41.0
-32.0
-24.0
-35.5
-33.0
-12.0
-29.0
-22.0
-9.0
-13.0
-9.0
-136.0
-25.0
-19.0
-355.0
-149.0
-17.0
-9.0
-16.0
-15.879999999999995
-18.0
-6.0
-395.0
-7.0
-0.0
-7.0
-1.0
-4.134999999999991
-22.0
-61.0
-51.0
-5.0
-24.0
-18.5
-4.0
-144.0
-15.0
-14.0
-33.0
-12.0
-56.0
-5.0
-59.0
-10.0
-31.0
-21.0
-28.0
-35.0
-18.0
-27.0
-28.0
-13.134999999999991
-1.0
-8.0
-2.0
-5.0
-1.0
-0.0
-5.0
-97.0
-5.0
-28.120000000000005
-24.0
-32.0
-35.0
-56.0
-32.0
-33.0
-1.0
-32.0
-36.0
-191.12
-50.0
-34.0
-10.0
-3.1299999999999955
-25.0
-35.0
-9.0
-5.0
-14.0
-12.0
-2.0
-8.0
-7.0
-31.0
-9.0
-30.0
-23.0
-27.0
-28.0
-6.0
-8.0
-36.120000000000005
-40.0
-243.0
-39.0
-47.0
-33.0
-0.10500000000001819
-41.0
-10.0
-14.0
-11.0
-14.0
-9.0
-1.0
-98.0
-1.0
-49.0
-32.0
-21.0
-39.0
-46.0
-34.0
-76.0
-61.0
-22.0
-179.0
-64.0
-8.0
-15.120000000000005
-32.0
-0.10500000000001819
-26.0
-26.0
-22.0
-9.0
-13.0
-9.0
-21.0
-48.0
-37.0
-43.0
-21.0
-156.0
-42.0
-17.0
-24.0
-6.0
-11.0
-20.0
-33.0
-52.0
-35.0
-43.0
-13.0
-10.5
-15.0
-56.0
-30.0
-10.0
-11.0
-10.0
-9.0
-12.0
-16.0
-70.0
-56.0
-18.0
-3.0
-17.0
-25.0
-72.0
-21.0
-4.0
-26.0
-21.0
-2.0
-15.0
-20.0
-12.5
-4.0
-11.0
-10.0
-6.0
-13.0
-24.0
-2.0
-134.0
-24.0
-89.0
-48.0
-66.0
-5.8799999999999955
-50.0
-15.0
-45.0
-60.0
-23.0
-34.0
-59.0
-31.0
-49.0
-0.0
-758.105
-13.0
-20.0
-14.0
-0.5
-11.0
-7.0
-34.0
-27.0
-19.0
-5.0
-20.0
-21.0
-3.0
-6.0
-545.0
-1.0
-13.080000000000041
-54.0
-33.0
-43.0
-7.0
-22.0
-4.0
-3.9199999999999875
-13.0
-702.0
-3.0
-14.0
-10.0
-14.0
-14.0
-155.0
-4.0
-10.0
-23.0
-49.08000000000004
-0.0
-15.0
-638.0
-35.0
-736.0
-0.0
-9.0
-72.0
-47.0
-16.0
-1.0
-5.60499999999999
-31.0
-22.0
-8.0
-5.0
-0.0
-7.0
-5.0
-8.0
-58.0
-5.0
-13.0
-64.0
-12.0
-26.0
-52.0
-20.0
-576.0
-39.0
-33.0
-123.0
-31.0
-11.0
-32.0
-4.8700000000000045
-5.0
-17.0
-12.0
-6.0
-5.0
-15.0
-22.0
-17.0
-25.0
-14.0
-34.0
-16.0
-27.879999999999995
-9.0
-42.0
-53.0
-11.0
-18.0
-57.0
-99.0
-42.0
-28.0
-18.0
-3.865000000000009
-5.0
-34.0
-5.0
-19.0
-11.0
-19.0
-25.0
-17.0
-3.0
-128.0
-13.0
-31.0
-11.0
-27.0
-43.0
-36.0
-35.0
-42.0
-31.0
-19.0
-5.0
-12.0
-26.0
-35.5
-235.0
-14.0
-5.1200000000000045
-25.0
-34.0
-24.5
-17.5
-9.0
-30.0
-74.0
-20.0
-14.259999999999991
-27.5
-26.5
-7.0
-50.0
-14.0
-2.0
-9.0
-20.0
-10.0
-0.0
-7.0
-10.5
-10.0
-9.0
-30.0
-7.0
-44.0
-730.0
-26.0
-104.0
-65.0
-104.0
-478.0
-233.0
-9.0
-157.0
-10.0
-32.0
-9.0
-27.879999999999995
-120.0
-7.0
-35.120000000000005
-630.0
-9.0
-3.865000000000009
-4.5
-1.0
-18.0
-1.0
-17.0
-31.0
-12.0
-109.0
-41.0
-38.0
-12.0
-330.0
-10.0
-12.0
-55.0
-17.0
-16.0
-43.0
-246.0
-57.0
-45.0
-12.0
-727.0
-2.8600000000000136
-4.0
-13.0
-22.0
-4.0
-22.0
-13.0
-40.0
-105.12
-37.0
-28.0
-205.0
-29.0
-68.0
-24.0
-285.0
-30.0
-1.0
-36.0
-42.879999999999995
-5.0
-154.0
-1.0
-11.0
-8.949999999999989
-588.0
-28.0
-19.0
-9.0
-43.0
-1.0
-50.0
-20.360000000000014
-15.480000000000018
-12.0
-173.0
-34.32000000000005
-7.32000000000005
-35.32000000000005
-16.0
-35.0
-7.0
-21.0
-0.0
-83.0
-25.0
-66.0
-19.120000000000005
-19.88499999999999
-75.51999999999998
-23.0
-14.0
-833.0
-8.0
-9.0
-28.0
-620.0
-190.0
-59.91999999999996
-24.0
-291.1
-42.0
-17.0
-19.879999999999995
-27.0
-14.0
-8.0
-16.0
-48.0
-29.0
-28.0
-412.0
-19.88499999999999
-5.0
-7.0
-18.0
-5.0
-8.0
-10.0
-43.0
-40.0
-15.0
-4.0
-15.0
-19.480000000000018
-23.5
-18.0
-34.0
-16.0
-42.0
-37.0
-20.5
-12.0
-7.0
-288.5
-1.0
-28.5
-26.0
-29.5
-10.5
-6.0
-28.5
-6.5
-1.5
-28.0
-29.0
-38.0
-17.0
-16.25999999999999
-13.5
-128.5
-28.0
-62.0
-11.5
-21.0
-30.5
-15.5
-2.5
-8.5
-18.0
-13.5
-2.0
-6.0
-7.0
-11.0
-8.0
-1.0
-36.0
-85.0
-13.0
-21.0
-24.0
-5.0
-60.0
-58.0
-49.879999999999995
-7.0
-54.0
-29.0
-12.0
-64.0
-60.0
-6.0
-19.0
-9.884999999999991
-5.0
-13.0
-21.0
-8.0
-1.0
-3.0
-1.0
-9.0
-5.0
-13.0
-19.0
-39.0
-34.0
-1.0
-8.0
-6.0
-8.120000000000005
-19.0
-70.0
-27.0
-72.0
-22.0
-1.0
-19.88499999999999
-2.0
-37.0
-47.0
-11.0
-7.0
-5.0
-3.0
-23.0
-22.0
-11.0
-40.0
-15.0
-8.0
-1.0
-10.0
-63.0
-1.0
-56.08000000000004
-181.48000000000002
-9.480000000000018
-104.0
-170.0
-15.0
-20.819999999999993
-28.0
-0.0
-5.0
-11.0
-11.0
-11.0
-26.0
-9.0
-67.0
-34.0
-37.0
-43.0
-35.0
-41.0
-33.0
-22.0
-14.879999999999995
-46.0
-3.0
-23.0
-85.0
-5.0
-8.0
-12.319999999999993
-8.0
-1.0
-7.0
-25.0
-16.0
-432.0
-5.0
-8.0
-68.0
-20.0
-37.0
-6.0
-31.0
-14.0
-6.0
-44.0
-4.0
-19.0
-46.0
-29.0
-20.0
-5.0
-42.0
-318.68
-6.0
-3.0
-9.0
-1.0
-19.0
-5.0
-8.0
-37.0
-1.0
-35.0
-1.0
-30.0
-246.0
-10.0
-389.0
-47.0
-26.0
-18.0
-27.0
-10.0
-14.0
-2.0
-10.0
-17.5
-798.0
-31.5
-9.5
-7.0
-5.0
-6.0
-3.0
-28.0
-72.0
-3.0
-355.0
-63.0
-46.0
-26.0
-66.0
-53.0
-30.0
-85.0
-24.0
-15.0
-41.0
-28.0
-12.0
-23.5
-24.0
-18.0
-9.0
-16.0
-36.0
-44.0
-3.0
-79.0
-11.879999999999995
-24.0
-18.0
-2.0
-81.0
-28.0
-56.0
-29.0
-16.08000000000004
-37.0
-93.0
-36.0
-7.0
-17.0
-33.0
-25.180000000000007
-14.0
-11.0
-17.0
-9.0
-23.0
-5.0
-36.0
-153.0
-6.0
-31.0
-21.0
-12.0
-35.0
-11.0
-5.0
-50.0
-15.0
-149.0
-0.0
-52.0
-28.0
-11.0
-21.0
-17.680000000000007
-5.0
-10.0
-0.0
-10.0
-239.0
-9.0
-5.0
-21.120000000000005
-18.0
-1.0
-134.0
-8.0
-37.0
-22.0
-14.0
-0.0
-5.0
-27.0
-58.0
-6.0
-43.0
-20.0
-1.0
-8.680000000000007
-1.0
-20.0
-13.0
-27.0
-26.0
-33.0
-54.0
-33.0
-21.0
-43.0
-11.919999999999959
-15.0
-16.879999999999995
-32.0
-31.0
-26.0
-758.0
-63.0
-23.0
-23.0
-29.0
-451.0
-17.0
-11.0
-3.0
-2.0
-19.0
-26.0
-13.0
-0.0
-8.0
-13.615000000000009
-22.0
-15.0
-14.0
-31.0
-11.0
-24.0
-9.0
-97.0
-51.48000000000002
-160.48000000000002
-99.0
-54.0
-108.0
-15.0
-34.0
-39.0
-29.0
-59.48000000000002
-305.48
-74.0
-12.0
-20.0
-41.0
-5.039999999999992
-40.5
-22.0
-2.0
-8.0
-1.0
-11.0
-26.0
-40.0
-10.0
-20.0
-23.0
-32.0
-275.32000000000005
-13.67999999999995
-27.67999999999995
-10.0
-40.0
-17.0
-46.48000000000002
-5.519999999999982
-48.48000000000002
-20.5
-29.0
-6.039999999999992
-54.5
-25.0
-33.0
-5.0
-17.0
-7.0
-17.0
-69.0
-8.480000000000018
-12.480000000000018
-7.480000000000018
-16.480000000000018
-84.51999999999998
-19.480000000000018
-18.0
-11.0
-27.0
-6.0
-17.0
-8.0
-39.0
-27.0
-1.0
-5.039999999999992
-40.5
-13.5
-6.0
-6.0
-19.0
-1.0
-23.5
-67.48000000000002
-57.51999999999998
-107.51999999999998
-72.15999999999997
-207.0
-91.0
-26.0
-37.0
-381.0
-1.0
-40.0
-36.0
-15.0
-84.0
-14.0
-46.0
-5.039999999999992
-40.5
-16.0
-28.0
-42.0
-21.0
-5.0
-30.0
-110.0
-144.0
-10.0
-18.0
-9.039999999999964
-12.960000000000036
-26.0
-4.0
-18.0
-21.0
-28.0
-26.0
-28.0
-38.0
-11.0
-4.0
-10.039999999999992
-35.099999999999994
-9.0
-2.0
-1.0
-376.0
-7.0
-8.0
-30.0
-5.0
-3.0
-3.0
-8.0
-16.0
-10.0
-13.0
-2.0
-9.0
-43.0
-17.0
-1.0
-561.0
-10.0
-12.0
-28.159999999999997
-24.099999999999994
-3.0
-22.0
-3.0
-33.0
-38.0
-44.0
-23.0
-7.0
-53.0
-20.0
-15.0
-0.0
-38.0
-1.0
-2.0
-46.0
-56.0
-17.0
-24.0
-41.0
-8.0
-24.0
-3.4250000000000114
-4.0
-7.0
-8.0
-25.0
-19.0
-8.0
-19.0
-48.0
-53.0
-22.0
-68.44000000000005
-72.44000000000005
-51.0
-18.0
-15.0
-23.0
-8.0
-50.0
-13.0
-650.0
-34.0
-22.0
-11.0
-544.04
-25.0
-16.0
-11.0
-12.0
-10.0
-10.0
-19.0
-82.0
-20.519999999999982
-20.519999999999982
-14.600000000000023
-9.600000000000023
-19.399999999999977
-21.600000000000023
-6.600000000000023
-8.519999999999982
-17.480000000000018
-42.51999999999998
-477.48
-2.480000000000018
-47.48000000000002
-17.47999999999999
-7.5
-9.039999999999992
-13.550000000000011
-6.0
-1.5
-20.0
-26.0
-10.0
-14.0
-87.60000000000002
-27.399999999999977
-3.6000000000000227
-35.60000000000002
-41.0
-1.0
-6.0
-24.0
-49.0
-23.0
-95.0
-38.0
-33.0
-34.0
-6.0
-4.0
-9.039999999999992
-13.550000000000011
-7.0
-3.0
-25.0
-2.0
-8.0
-590.0
-62.0
-21.0
-19.0
-67.0
-49.0
-41.0
-26.0
-4.0
-53.0
-34.0
-128.0
-3.0
-13.0
-25.0
-39.0
-24.0
-9.039999999999992
-13.550000000000011
-5.0
-19.0
-28.0
-19.0
-17.0
-3.5
-0.0
-21.0
-57.0
-100.75999999999999
-334.6
-12.399999999999977
-58.39999999999998
-20.0
-7.0
-18.0
-25.960000000000036
-26.839999999999975
-9.160000000000025
-34.639999999999986
-46.41999999999996
-15.0
-9.039999999999992
-23.19999999999999
-1.5
-6.759999999999991
-14.0
-10.0
-1.5
-875.0
-48.5
-16.0
-59.5
-42.0
-2.0
-40.5
-10.800000000000011
-118.5
-25.19999999999999
-3.8000000000000114
-19.0
-5.0
-20.0
-3.0
-16.0
-26.0
-15.574999999999989
-11.599999999999994
-17.0
-6.0
-19.0
-25.0
-10.0
-72.0
-44.0
-9.0
-107.0
-72.0
-10.0
-35.0
-9.0
-45.0
-8.0
-39.0
-17.0
-21.0
-36.0
-18.0
-13.0
-4.0
-6.009999999999991
-30.099999999999994
-1.0
-4.02000000000001
-18.02000000000001
-22.00999999999999
-45.0
-1.0
-102.0
-250.0
-195.0
-86.0
-15.0
-21.0
-5.0
-8.0
-80.0
-31.840000000000032
-184.15999999999997
-76.83999999999997
-74.16000000000003
-27.160000000000025
-8.839999999999975
-19.0
-9.039999999999992
-20.05000000000001
-632.0
-10.0
-10.0
-5.0
-6.0
-13.0
-52.0
-31.0
-41.0
-31.0
-33.0
-22.0
-26.0
-52.0
-27.0
-5.0
-280.0
-28.0
-31.0
-36.0
-52.0
-7.0
-39.03999999999999
-2.9499999999999886
-18.0
-40.0
-5.0
-35.0
-27.0
-39.0
-5.0
-24.0
-27.0
-39.0
-29.0
-13.0
-19.0
-52.0
-38.0
-21.0
-49.0
-2.0
-81.0
-8.0
-13.0
-27.0
-20.0
-34.05000000000001
-15.0
-16.0
-33.0
-21.0
-25.0
-3.0
-13.0
-26.0
-47.0
-52.0
-3.0
-40.0
-28.0
-25.67999999999995
-12.67999999999995
-1.32000000000005
-84.0
-29.519999999999982
-26.480000000000018
-20.0
-0.0
-15.5
-12.685000000000002
-40.05000000000001
-7.0
-10.0
-4.5
-3.5
-6.5
-30.0
-89.88
-237.0
-21.0
-375.0
-28.0
-9.0
-32.0
-75.0
-65.0
-13.0
-65.0
-73.0
-58.0
-30.0
-8.0
-12.0
-13.314999999999998
-4.599999999999994
-25.0
-13.0
-18.0
-8.0
-13.0
-354.0
-43.0
-28.0
-9.0
-24.0
-4.0
-25.0
-12.0
-7.0
-7.0
-12.0
-18.0
-17.0
-1.0
-8.0
-29.0
-9.0
-5.045000000000044
-15.599999999999994
-7.0
-24.0
-11.0
-19.0
-37.0
-53.0
-61.0
-51.0
-9.519999999999982
-28.519999999999982
-31.0
-28.0
-3.0
-10.0
-32.0
-34.0
-4.0
-25.0
-2.0
-11.0
-32.0
-10.0
-10.900000000000006
-3.0
-16.0
-18.0
-6.0
-29.0
-480.0
-37.0
-76.0
-27.0
-296.0
-44.0
-23.0
-11.0
-100.0
-35.0
-58.0
-57.0
-32.0
-18.0
-42.0
-8.0
-21.0
-28.0
-43.315
-192.07999999999998
-196.92000000000002
-194.92000000000002
-195.92000000000002
-190.92000000000002
-336.08
-61.920000000000016
-90.92000000000002
-236.08000000000004
-184.91999999999996
-136.08000000000004
-117.91999999999996
-113.91999999999996
-68.91999999999996
-62.91999999999996
-67.91999999999996
-31.0
-42.0
-60.839999999999975
-71.83999999999997
-185.0
-42.0
-64.0
-31.685000000000002
-2.0
-31.0
-7.0
-11.0
-29.0
-13.0
-13.0
-95.0
-312.0
-18.0
-25.0
-88.0
-29.0
-45.0
-150.0
-112.0
-42.0
-96.0
-18.0
-26.0
-23.0
-48.0
-48.0
-13.314999999999998
-9.0
-4.0
-3.0
-20.0
-20.0
-13.0
-61.0
-31.0
-44.0
-33.0
-44.0
-7.0
-19.0
-39.0
-54.0
-55.0
-89.0
-62.0
-54.0
-28.0
-54.0
-193.0
-16.0
-38.099999999999994
-36.0
-30.0
-40.0
-28.0
-28.0
-42.0
-45.0
-33.0
-32.0
-62.0
-35.0
-584.0
-23.0
-26.0
-37.0
-14.0
-46.0
-55.0
-43.0
-49.5
-54.0
-26.0
-12.0
-6.099999999999994
-19.0
-12.0
-7.0
-28.0
-5.0
-52.0
-59.0
-46.0
-28.0
-4.0
-29.0
-23.0
-25.0
-5.0
-7.0
-4.0
-27.0
-37.0
-1.0
-7.0
-6.0
-8.0
-21.0
-13.150000000000006
-3.0
-22.0
-29.0
-10.0
-15.0
-3.0
-3.0
-61.0
-235.0
-86.0
-73.0
-72.0
-83.0
-18.0
-40.0
-22.0
-49.0
-17.0
-29.0
-9.0
-23.0
-5.0
-1.0
-53.315
-20.0
-21.0
-17.0
-12.960000000000008
-14.0
-25.0
-6.0
-70.0
-12.0
-53.0
-26.0
-39.0
-162.0
-25.0
-15.0
-32.0
-3.0
-24.0
-134.0
-19.04000000000002
-18.04000000000002
-4.0
-30.0
-14.685000000000002
-1.0
-1.0
-6.0
-137.0
-12.0
-34.0
-3.0
-21.0
-42.0
-57.0
-6.559999999999945
-152.44000000000005
-313.55999999999995
-24.559999999999945
-9.799999999999955
-3.840000000000032
-13.67999999999995
-53.91999999999996
-255.08000000000004
-55.56
-3.4399999999999977
-3.680000000000007
-34.0
-14.685000000000002
-9.0
-19.0
-15.5
-31.0
-15.5
-38.5
-9.0
-7.279999999999973
-38.72000000000003
-39.72000000000003
-29.720000000000027
-6.039999999999964
-275.03999999999996
-47.039999999999964
-27.960000000000036
-24.960000000000036
-16.960000000000036
-163.0
-21.0
-66.0
-34.0
-301.0
-33.0
-10.685000000000002
-4.5
-4.0
-10.5
-771.0
-3.5
-35.0
-10.0
-70.0
-7.0
-49.0
-4.0
-64.0
-36.0
-20.24000000000001
-10.240000000000009
-7.759999999999991
-17.75999999999999
-13.960000000000036
-176.04000000000002
-38.0
-3.0
-3.0
-19.0
-10.685000000000002
-12.0
-7.0
-8.0
-15.0
-1.0
-34.0
-2.0
-25.0
-38.0
-67.0
-9.0
-3.0
-7.67999999999995
-2.32000000000005
-101.32000000000005
-2.0
-3.0
-25.0
-39.31999999999999
-112.32
-19.680000000000007
-61.0
-23.0
-8.314999999999998
-25.5
-34.5
-16.5
-34.0
-28.0
-39.0
-32.98000000000005
-82.0
-26.0
-47.5
-68.5
-71.0
-11.0
-25.0
-14.5
-50.0
-16.19999999999999
-6.0
-1.0
-583.0
-882.5
-12.5
-7.5
-1.3799999999999955
-11.5
-2.5
-7.5
-9.0
-3.0
-57.0
-21.960000000000008
-22.0
-15.0
-16.5
-10.0
-21.0
-11.0
-10.0
-2.0
-18.0
-4.0
-14.0
-14.0
-11.0
-4.0
-20.0
-1.0
-23.620000000000005
-45.34
-8.0
-16.0
-7.0
-27.0
-20.0
-21.0
-20.0
-190.0
-62.0
-81.0
-131.0
-42.0
-49.48000000000002
-201.51999999999998
-84.0
-114.0
-25.0
-2.0
-12.0
-36.0
-31.0
-21.0
-12.685000000000002
-97.68
-39.68000000000001
-53.68000000000001
-23.72
-52.68000000000001
-177.32
-46.19999999999999
-37.19999999999999
-54.32000000000005
-263.67999999999995
-37.32000000000005
-11.32000000000005
-12.32000000000005
-1.32000000000005
-39.32000000000005
-411.67999999999995
-76.32000000000005
-0.67999999999995
-31.319999999999993
-18.680000000000007
-2.319999999999993
-17.680000000000007
-19.680000000000007
-0.6299999999999955
-108.44
-78.44
-83.44
-75.44
-56.44
-46.44
-16.439999999999998
-92.44
-72.55999999999995
-134.55999999999995
-90.55999999999995
-38.559999999999945
-38.559999999999945
-21.559999999999945
-28.559999999999945
-44.559999999999945
-98.55999999999995
-71.55999999999995
-51.56
-19.439999999999998
-34.56
-65.56
-78.56
-10.759999999999991
-64.0
-4.0
-1.0
-29.0
-3.0
-26.0
-27.0
-14.0
-11.0
-9.0
-18.0
-270.0
-47.0
-1.0
-14.0
-37.0
-15.0
-22.0
-45.0
-8.0
-34.0
-117.0
-26.0
-29.680000000000007
-6.5
-9.0
-20.0
-3.0
-11.0
-3.0
-7.0
-18.0
-38.0
-118.51999999999998
-5.519999999999982
-30.0
-36.0
-19.440000000000055
-13.440000000000055
-25.440000000000055
-5.440000000000055
-37.559999999999945
-14.560000000000002
-41.56
-80.56
-30.840000000000032
-18.0
-13.319999999999993
-19.5
-28.5
-23.5
-28.0
-22.0
-47.0
-25.480000000000047
-47.0
-10.0
-131.0
-19.0
-742.0
-25.0
-4.0
-4.0
-6.0
-11.0
-565.0
-1.0
-67.0
-24.0
-31.0
-11.0
-39.620000000000005
-29.5
-34.5
-16.5
-20.0
-5.0
-17.0
-24.0
-307.0
-47.0
-10.0
-79.0
-81.0
-25.0
-28.0
-28.0
-28.0
-41.0
-22.08000000000004
-349.0
-26.0
-113.0
-513.0
-3.0200000000000102
-17.0
-5.0
-28.0
-12.0
-3.5
-35.0
-127.0
-39.0
-76.0
-7.0
-14.080000000000041
-71.0
-46.0
-173.0
-16.0
-33.120000000000005
-24.0
-8.0
-19.0
-137.0
-22.0
-44.0
-35.0
-12.930000000000007
-5.5
-534.0
-11.0
-12.0
-7.0
-17.0
-18.0
-32.0
-52.0
-17.0
-10.0
-9.0
-31.0
-8.160000000000025
-14.160000000000025
-16.319999999999993
-25.5
-38.0
-58.0
-21.5
-4.5
-43.5
-0.0
-4.085000000000008
-1.5
-9.0
-28.5
-2.0
-5.0
-9.0
-3.0
-47.0
-0.0
-59.0
-38.0
-49.0
-13.0
-43.0
-34.41999999999999
-8.160000000000025
-34.5
-19.0
-29.0
-42.5
-4.5
-11.0
-26.0
-26.085000000000008
-24.0
-50.0
-22.0
-16.0
-42.0
-7.0
-7.0
-141.12
-54.039999999999964
-29.039999999999964
-37.0
-712.0
-36.0
-15.0
-45.0
-49.48000000000002
-39.48000000000002
-54.0
-10.0
-15.0
-37.0
-66.0
-638.0
-0.8600000000000136
-39.0
-1.0
-24.0
-3.0
-18.0
-26.0
-63.0
-60.0
-130.0
-35.879999999999995
-1.0
-73.0
-30.0
-26.0
-25.0
-34.0
-9.0
-26.0
-23.120000000000005
-24.0
-49.0
-83.0
-16.0
-4.139999999999986
-37.0
-2.0
-4.0
-10.0
-9.0
-8.0
-17.0
-64.0
-97.0
-25.120000000000005
-14.0
-328.0
-54.0
-5.0
-11.879999999999995
-124.0
-221.0
-123.0
-3.0
-25.0
-2.0
-40.0
-22.0
-5.865000000000009
-25.0
-14.0
-8.0
-15.0
-34.0
-46.0
-59.0
-11.0
-2.0
-44.0
-22.0
-14.0
-10.0
-22.0
-10.0
-28.0
-10.0
-30.0
-19.0
-24.0
-314.0
-9.0
-4.0
-10.085000000000008
-3.0
-28.0
-30.0
-10.0
-9.0
-1.0
-14.0
-4.0
-18.0
-27.0
-27.0
-6.0
-8.0
-12.0
-20.0
-11.0
-39.0
-3.0
-7.0
-22.0
-8.0
-41.0
-6.0
-2.914999999999992
-17.0
-1.0
-30.0
-14.0
-31.0
-18.0
-32.0
-23.0
-12.0
-57.0
-7.0
-55.0
-19.0
-10.0
-4.0
-21.0
-9.0
-19.0
-28.0
-2.0
-31.0
-29.0
-4.0
-10.085000000000008
-15.5
-4.0
-9.0
-29.0
-6.0
-4.0
-1.0
-615.0
-16.0
-298.0
-19.0
-61.0
-16.0
-85.0
-14.0
-6.0
-13.0
-15.0
-38.0
-21.0
-13.0
-23.0
-16.0
-10.085000000000008
-1.0
-15.0
-82.0
-8.0
-9.0
-27.47999999999999
-8.5
-0.0
-1.0
-53.0
-23.0
-62.0
-32.0
-5.0
-3.0
-6.0
-34.0
-2.0
-27.0
-14.0
-11.0
-28.0
-32.0
-2.914999999999992
-11.0
-21.0
-18.0
-3.0
-9.0
-28.0
-4.0
-784.0
-16.0
-9.0
-674.0
-16.0
-7.0
-23.0
-6.0
-28.0
-12.0
-6.0
-43.0
-3.0
-2.0
-10.0
-2.0
-31.085000000000008
-1.0
-5.0
-11.0
-27.0
-36.0
-47.0
-19.0
-11.0
-6.0
-13.0
-4.0
-54.0
-1.0
-7.0
-13.0
-13.0
-23.0
-2.0
-7.0
-1.0
-14.5
-4.0
-9.0
-11.949999999999989
-19.0
-8.0
-44.0
-15.0
-14.0
-33.0
-28.0
-152.0
-64.0
-7.0
-20.0
-40.0
-63.0
-1.0
-10.0
-25.0
-56.0
-41.799999999999955
-55.0
-18.0
-6.0
-2.0
-29.0
-36.86500000000001
-24.0
-23.0
-10.0
-3.0
-16.0
-23.0
-13.0
-69.0
-124.0
-184.0
-28.08000000000004
-79.0
-23.0
-40.0
-2.0
-63.0
-58.0
-5.0
-79.0
-613.0
-101.0
-27.0
-2.0
-36.86500000000001
-20.0
-415.0
-23.0
-29.0
-5.0
-45.0
-48.0
-118.0
-14.0
-642.0
-8.0
-41.879999999999995
-73.0
-15.919999999999959
-69.0
-1.0
-25.0
-13.0
-21.0
-8.0
-13.0
-1.0
-20.0
-36.86500000000001
-10.0
-17.0
-1.0
-0.0
-68.0
-18.0
-12.0
-33.0
-396.0
-847.0
-62.0
-3.0
-15.0
-22.0
-29.0
-8.0
-5.0
-20.0
-4.0
-31.0
-20.0
-11.0
-1.0
-17.5
-15.0
-6.0
-15.0
-3.0
-3.0
-5.0
-7.0
-122.0
-63.0
-19.0
-15.0
-52.0
-17.0
-13.0
-16.0
-19.879999999999995
-18.0
-68.0
-6.0
-59.0
-5.0
-21.0
-57.0
-51.86500000000001
-34.0
-26.0
-16.0
-10.0
-14.0
-18.5
-11.0
-48.0
-10.0
-14.0
-5.0
-37.0
-52.0
-9.0
-3.0
-10.0
-17.0
-21.0
-23.0
-102.0
-33.0
-43.0
-38.0
-5.865000000000009
-5.0
-14.0
-419.0
-1.0
-5.0
-17.0
-12.0
-6.0
-6.0
-32.120000000000005
-24.0
-50.0
-46.0
-45.0
-23.0
-24.0
-58.0
-32.0
-36.0
-8.120000000000005
-16.0
-34.0
-9.0
-4.1299999999999955
-30.0
-12.0
-15.0
-5.0
-5.0
-15.0
-5.0
-8.0
-11.0
-12.0
-20.0
-5.0
-23.0
-20.0
-28.0
-63.0
-22.0
-52.120000000000005
-45.0
-33.0
-10.0
-29.0
-2.0
-25.894999999999982
-15.0
-16.0
-5.0
-2.0
-5.0
-7.0
-12.0
-5.0
-1.0
-49.0
-4.0
-21.0
-6.0
-37.0
-31.0
-58.0
-47.0
-22.0
-1.0
-2.0
-24.0
-2.8799999999999955
-58.0
-0.10500000000001819
-19.0
-18.0
-27.0
-488.0
-3.0
-19.0
-21.0
-48.0
-38.0
-612.0
-48.0
-32.0
-39.0
-9.0
-20.0
-38.0
-33.0
-64.0
-11.0
-22.0
-1.0
-37.0
-0.0
-29.5
-4.0
-20.0
-24.0
-4.0
-5.0
-232.0
-18.0
-2.0
-2.0
-70.0
-61.0
-30.0
-51.0
-20.0
-12.0
-24.0
-11.0
-7.0
-18.0
-7.0
-26.0
-13.0
-10.0
-28.5
-6.0
-19.0
-11.0
-11.0
-30.0
-28.0
-43.0
-150.0
-6.0
-416.0
-59.0
-96.0
-24.120000000000005
-44.0
-4.0
-364.0
-5.0
-23.0
-20.0
-7.0
-24.0
-3.0
-0.0
-0.10500000000001819
-0.0
-7.0
-19.0
-5.5
-24.0
-10.0
-3.0
-1.0
-23.0
-29.0
-48.0
-21.0
-35.0
-6.0
-11.0
-70.0
-10.080000000000041
-47.0
-33.0
-3.0
-42.0
-40.0
-6.0
-6.0800000000000125
-3.0
-9.0
-3.0
-9.0
-3.0
-11.0
-11.0
-28.0
-8.0
-8.0
-53.0
-49.08000000000004
-32.0
-17.0
-7.0
-13.0
-4.0
-7.0
-24.0
-6.0
-46.0
-761.0
-1.0
-5.60499999999999
-46.0
-27.0
-13.0
-0.0
-3.0
-3.0
-5.0
-8.0
-16.0
-5.0
-16.0
-21.0
-255.0
-6.0
-4.0
-36.0
-7.0
-32.0
-90.0
-47.0
-31.0
-18.0
-22.0
-5.1299999999999955
-5.0
-17.0
-7.0
-6.0
-642.0
-854.0
-8.0
-17.0
-26.0
-14.0
-34.0
-2.0
-4.1200000000000045
-23.0
-27.0
-14.0
-11.0
-18.0
-15.0
-81.0
-25.0
-21.0
-7.0
-6.134999999999991
-20.0
-14.0
-15.0
-1.0
-14.0
-26.0
-23.0
-141.0
-69.0
-432.0
-1.0
-19.0
-1.0
-19.0
-28.0
-21.0
-31.0
-12.0
-22.0
-34.0
-48.0
-2.0
-12.0
-2.5
-30.0
-7.0
-19.120000000000005
-18.0
-20.0
-3.5
-500.5
-18.0
-14.0
-30.0
-20.0
-14.259999999999991
-13.5
-12.5
-22.0
-21.0
-14.0
-8.0
-42.0
-20.0
-10.0
-0.0
-7.0
-10.5
-7.0
-3.0
-75.0
-28.0
-16.0
-7.0
-1.0
-129.0
-19.0
-41.0
-1.0
-29.0
-53.0
-15.0
-1.0
-23.0
-46.0
-27.879999999999995
-28.0
-7.0
-58.120000000000005
-68.0
-20.0
-6.134999999999991
-18.5
-9.0
-615.0
-14.0
-2.0
-31.0
-12.0
-34.0
-42.0
-32.0
-42.0
-24.0
-9.0
-8.0
-35.0
-51.0
-16.0
-50.0
-89.0
-11.0
-0.0
-725.0
-24.0
-7.139999999999986
-9.0
-0.0
-9.0
-307.0
-15.0
-4.0
-40.0
-1.8799999999999955
-33.0
-71.0
-19.0
-47.0
-17.0
-118.0
-6.0
-15.0
-45.0
-36.0
-19.120000000000005
-43.0
-62.0
-1.0
-11.0
-8.949999999999989
-35.0
-13.0
-4.0
-18.0
-34.0
-8.0
-55.0
-20.360000000000014
-15.480000000000018
-12.0
-36.0
-34.32000000000005
-83.32000000000005
-3.32000000000005
-16.0
-1.0
-10.0
-32.0
-56.0
-2.0
-13.0
-29.0
-19.120000000000005
-9.884999999999991
-43.51999999999998
-4.0
-1.0
-27.0
-11.0
-8.0
-21.0
-13.0
-4.0
-3.919999999999959
-6.0
-35.89999999999998
-9.0
-3.0
-12.120000000000005
-18.0
-44.0
-8.0
-11.0
-26.0
-12.0
-26.0
-24.0
-7.884999999999991
-9.0
-18.0
-17.0
-6.0
-14.0
-21.0
-29.0
-143.0
-15.0
-4.0
-32.0
-2.480000000000018
-789.5
-6.0
-22.0
-16.0
-20.0
-25.0
-20.5
-8.0
-5.0
-2.5
-7.0
-2.5
-0.0
-23.5
-14.5
-5.0
-4.5
-10.5
-3.5
-8.0
-22.0
-26.0
-17.0
-16.25999999999999
-13.5
-40.5
-23.0
-336.0
-53.5
-21.0
-16.5
-15.5
-10.5
-10.5
-1.0
-2.5
-25.0
-13.0
-26.0
-10.0
-8.0
-2.0
-22.0
-43.0
-303.0
-21.0
-29.0
-58.0
-9.0
-47.0
-19.879999999999995
-48.0
-1.0
-244.0
-15.0
-58.0
-5.0
-26.0
-9.0
-19.88499999999999
-4.0
-19.0
-15.0
-14.0
-7.0
-9.0
-6.0
-9.0
-9.0
-9.0
-14.0
-39.0
-2.0
-21.0
-40.0
-39.0
-36.879999999999995
-10.0
-111.0
-68.0
-6.0
-3.0
-19.0
-9.884999999999991
-8.0
-47.0
-1.0
-7.0
-24.0
-12.0
-20.0
-23.0
-17.0
-11.0
-40.0
-35.0
-24.0
-1.0
-58.0
-41.0
-30.0
-96.08000000000004
-92.51999999999998
-38.51999999999998
-100.0
-20.0
-17.0
-11.0
-298.0
-35.0
-45.0
-12.0
-24.0
-18.0
-37.0
-5.0
-39.0
-20.0
-66.0
-249.0
-10.0
-18.0
-50.0
-8.0
-10.5
-1.0
-4.0
-7.0
-7.0
-4.0
-14.0
-12.0
-151.0
-82.0
-50.0
-157.0
-171.0
-80.0
-65.0
-44.0
-16.0
-39.0
-39.0
-37.0
-19.0
-233.0
-5.0
-29.0
-271.1
-218.27999999999997
-31.279999999999973
-10.720000000000027
-10.720000000000027
-11.720000000000027
-9.720000000000027
-0.2799999999999727
-69.27999999999997
-27.279999999999973
-263.72
-94.27999999999997
-84.27999999999997
-86.27999999999997
-58.27999999999997
-311.28
-35.27999999999997
-108.27999999999997
-58.27999999999997
-91.27999999999997
-579.0
-479.0
-113.0
-61.0
-40.379999999999995
-47.0
-5.0
-31.0
-6.0
-8.0
-15.0
-32.0
-114.0
-155.0
-66.0
-106.0
-55.0
-13.0
-52.0
-42.0
-10.0
-32.0
-51.0
-187.0
-24.0
-6.0
-98.0
-88.0
-53.379999999999995
-50.0
-29.0
-32.0
-1.0
-33.0
-16.0
-4.0
-5.0
-31.0
-41.0
-30.0
-34.0
-33.0
-15.0
-11.0
-7.0
-23.0
-14.0
-66.0
-44.0
-13.0
-32.0
-8.160000000000025
-3.6200000000000045
-41.0
-24.0
-4.0
-35.0
-9.0
-12.0
-4.0
-25.0
-40.0
-213.0
-9.0
-1.0
-165.0
-263.0
-232.0
-191.0
-228.12
-97.0
-34.0
-8.0
-182.0
-9.0
-47.0
-17.379999999999995
-23.0
-8.0
-2.0
-1.0
-1.0
-11.0
-6.0
-186.0
-2.0
-38.0
-12.0
-29.0
-51.0
-32.0
-0.0
-2.0
-13.0
-26.0
-49.0
-48.0
-16.0
-38.0
-28.0
-2.5
-3.0
-8.0
-6.0
-7.0
-9.0
-15.0
-17.0
-22.0
-10.0
-7.0
-10.0
-42.0
-13.0
-29.0
-34.0
-22.0
-555.0
-36.0
-55.0
-682.0
-48.0
-26.0
-18.0
-45.05000000000001
-782.5
-10.0
-22.0
-33.0
-12.0
-37.0
-10.0
-155.0
-136.0
-59.0
-68.0
-83.0
-36.0
-57.0
-35.0
-11.0
-37.0
-106.08000000000004
-91.0
-226.0
-4.0
-39.0
-19.0
-3.6200000000000045
-17.0
-620.0
-14.0
-0.0
-2.0
-1.0
-6.0
-12.0
-28.0
-37.0
-5.0
-41.0
-42.0
-31.799999999999955
-29.799999999999955
-23.200000000000045
-31.799999999999955
-126.20000000000005
-56.24000000000001
-1.240000000000009
-54.24000000000001
-40.75999999999999
-34.0
-3.8600000000000136
-10.0
-30.0
-21.0
-18.0
-36.0
-5.0
-8.0
-42.0
-18.0
-31.0
-9.0
-68.0
-17.0
-45.0
-9.080000000000041
-60.0
-35.0
-25.0
-296.0
-37.0
-1.0
-53.0
-33.0
-2.430000000000007
-333.5
-11.0
-14.0
-35.0
-8.0
-15.0
-20.0
-160.0
-22.0
-38.0
-10.0
-56.0
-29.0
-19.0
-30.0
-21.0
-19.0
-76.0
-417.0
-80.0
-58.68000000000001
-19.680000000000007
-164.0
-34.56999999999999
-1.5
-10.0
-7.0
-17.0
-5.0
-8.5
-22.0
-121.24000000000001
-120.24000000000001
-15.279999999999973
-16.279999999999973
-1.2799999999999727
-3.2799999999999727
-23.0
-17.75999999999999
-33.75999999999999
-13.759999999999991
-438.24
-57.0
-56.0
-57.0
-99.0
-24.0
-10.430000000000007
-13.5
-6.0
-2.0
-15.0
-714.0
-0.0
-12.0
-18.0
-17.0
-1.0
-28.0
-56.0
-15.480000000000018
-49.51999999999998
-29.0
-54.160000000000025
-29.160000000000025
-14.160000000000025
-33.5
-33.0
-22.0
-574.0
-3.0
-5.060000000000002
-18.0
-14.0
-5.0
-11.0
-22.0
-1.0
-13.0
-0.0
-18.0
-13.0
-47.0
-5.0
-55.0
-56.0
-56.0
-29.0
-22.0
-63.0
-32.0
-29.0
-7.0
-6.0
-8.0
-9.939999999999998
-4.0
-27.0
-18.0
-25.0
-11.0
-17.0
-14.0
-157.0
-39.51999999999998
-2.480000000000018
-12.519999999999982
-11.519999999999982
-77.51999999999998
-119.51999999999998
-111.0
-27.0
-41.0
-54.0
-102.0
-16.0
-8.0
-48.0
-12.0
-34.56999999999999
-5.0
-10.0
-4.0
-7.0
-21.0
-27.0
-8.0
-13.0
-17.0
-16.0
-28.0
-38.0
-15.039999999999964
-31.039999999999964
-26.840000000000032
-12.840000000000032
-5.159999999999968
-51.84000000000003
-4.160000000000025
-111.83999999999997
-72.0
-8.0
-5.0
-13.569999999999993
-35.0
-5.0
-3.0
-5.0
-19.0
-9.0
-20.0
-5.0
-15.0
-23.0
-41.0
-1.0
-28.0
-16.0
-60.0
-2.0
-12.0
-49.0
-59.0
-46.0
-81.0
-43.0
-2.0
-451.57
-11.0
-13.0
-13.0
-3.0
-21.0
-23.0
-11.0
-42.0
-25.0
-4.0
-5.0
-6.0
-36.0
-19.0
-40.0
-25.0
-81.0
-55.0
-115.0
-106.0
-43.0
-10.0
-12.0
-13.569999999999993
-15.5
-20.0
-19.5
-24.5
-18.5
-15.0
-30.5
-13.0
-10.5
-780.0
-40.0
-22.5
-16.0
-10.0
-1.0
-30.5
-21.039999999999992
-17.0
-11.0
-6.0
-16.0
-14.0
-26.0
-34.94
-2.0
-18.0
-33.0
-9.0
-7.0
-6.0
-14.5
-10.0
-9.0
-16.0
-19.0
-23.0
-2.0
-21.0
-11.0
-8.0
-18.0
-13.0
-18.0
-32.0
-7.0
-15.0
-5.0
-9.939999999999998
-6.0
-6.0
-6.0
-385.5
-592.5
-18.0
-29.0
-5.0
-33.0
-39.0
-5.5
-51.56
-27.0
-29.0
-46.0
-36.0
-47.0
-15.0
-2.0
-23.0
-27.0
-4.0
-13.0
-5.060000000000002
-13.0
-10.0
-20.0
-27.0
-15.0
-1.0
-23.0
-156.0
-52.0
-80.0
-13.559999999999945
-50.559999999999945
-55.0
-100.0
-31.0
-747.0
-11.0
-51.0
-22.0
-71.0
-87.0
-20.0
-3.0
-2.430000000000007
-8.0
-4.0
-13.0
-6.0
-21.0
-20.0
-50.0
-22.0
-4.0
-46.0
-35.0
-93.0
-91.0
-46.0
-70.0
-26.0
-109.0
-50.0
-45.0
-82.0
-8.0
-11.0
-12.0
-34.56999999999999
-12.0
-18.0
-4.0
-1.0
-14.0
-16.0
-14.0
-30.0
-56.0
-89.0
-40.0
-74.0
-17.0
-76.0
-51.0
-396.55999999999995
-54.559999999999945
-605.0
-25.0
-50.0
-14.0
-80.0
-4.0
-34.56999999999999
-1.0
-12.0
-5.0
-13.0
-17.0
-5.0
-25.0
-43.0
-23.0
-49.0
-71.0
-58.0
-6.0
-55.0
-63.0
-29.0
-70.0
-40.0
-30.0
-2.0
-13.0
-3.0
-12.0
-34.56999999999999
-1.0
-17.0
-3.0
-13.0
-1.0
-18.0
-8.0
-45.0
-21.0
-70.0
-80.0
-64.0
-18.0
-40.0
-76.0
-5.0
-156.0
-32.0
-152.0
-25.0
-24.95999999999998
-56.04000000000002
-24.0
-13.569999999999993
-28.0
-7.0
-2.0
-14.0
-12.0
-2.0
-21.0
-138.0
-11.0
-527.0
-28.0
-11.0
-2.0
-25.0
-15.0
-62.0
-23.0
-37.0
-20.0
-5.0
-29.0
-1.0
-43.0
-16.060000000000002
-21.0
-24.0
-3.0
-8.0
-21.0
-5.0
-2.0
-0.0
-34.0
-8.0
-16.0
-48.0
-56.0
-36.0
-48.0
-28.0
-64.0
-17.0
-38.0
-2.0
-30.0
-22.0
-6.0
-9.939999999999998
-1.0
-1.0
-5.0
-559.0
-4.5
-4.0
-9.0
-172.0
-65.0
-41.0
-82.0
-131.0
-19.0
-63.0
-69.0
-56.0
-42.0
-86.0
-36.0
-41.0
-25.0
-29.0
-33.0
-567.5699999999999
-1.0
-1.0
-1.0
-9.0
-2.0
-6.0
-10.0
-19.0
-57.0
-91.0
-77.0
-114.0
-35.0
-116.0
-109.0
-54.0
-36.0
-54.0
-10.0
-4.0
-33.0
-8.0
-70.0
-42.43000000000001
-42.0
-6.0
-5.0
-811.0
-1.0
-2.0
-24.0
-21.0
-17.0
-8.0
-29.0
-335.55999999999995
-25.559999999999945
-65.0
-44.0
-503.0
-62.0
-85.0
-260.0
-42.0
-20.0
-691.0
-2.0
-34.56999999999999
-149.0
-185.0
-167.0
-156.0
-178.0
-163.0
-13.0
-2.0
-15.0
-75.0
-103.0
-145.0
-33.0
-109.0
-55.0
-25.0
-47.0
-40.0
-119.0
-12.0
-8.0
-47.0
-11.0
-13.569999999999993
-3.0
-17.0
-17.0
-21.0
-12.0
-5.0
-12.0
-161.0
-221.0
-57.0
-53.0
-76.0
-18.0
-44.0
-48.0
-15.0
-21.0
-88.0
-12.0
-48.0
-56.0
-1.0
-24.0
-34.56999999999999
-64.0
-17.0
-2.0
-10.0
-1.0
-16.0
-5.0
-136.0
-15.0
-88.0
-11.0
-60.0
-16.0
-64.0
-65.0
-55.0
-88.0
-65.0
-24.0
-16.0
-19.0
-17.0
-18.0
-5.060000000000002
-20.0
-4.0
-21.0
-467.0
-23.0
-286.0
-10.0
-2.0
-25.0
-9.0
-28.0
-47.0
-42.0
-61.0
-58.0
-46.0
-63.0
-21.0
-45.0
-17.0
-8.0
-26.0
-19.0
-9.939999999999998
-16.0
-5.0
-20.0
-13.0
-25.0
-0.0
-41.0
-96.0
-57.0
-100.0
-88.0
-96.0
-104.0
-99.0
-54.0
-45.0
-74.0
-32.0
-77.0
-0.0
-5.0
-35.0
-23.0
-34.56999999999999
-10.0
-12.0
-16.0
-14.0
-8.0
-469.0
-35.0
-42.0
-26.0
-20.0
-25.0
-73.0
-1.0
-79.0
-115.0
-46.0
-44.0
-72.0
-111.0
-21.0
-29.0
-1.0
-51.0
-2.430000000000007
-23.0
-34.0
-1.0
-506.0
-1.0
-21.0
-30.0
-44.0
-171.0
-71.0
-40.0
-111.0
-142.0
-217.0
-195.0
-36.0
-81.0
-62.0
-50.0
-22.0
-12.0
-97.0
-60.0
-2.430000000000007
-93.0
-625.0
-1.0
-19.0
-20.0
-28.0
-14.0
-56.04000000000002
-34.960000000000036
-39.0
-55.0
-129.0
-158.0
-139.0
-48.0
-31.0
-14.0
-11.0
-27.0
-41.0
-21.0
-13.0
-17.0
-13.569999999999993
-42.0
-3.0
-3.0
-16.0
-8.0
-19.0
-10.0
-23.0
-24.0
-80.0
-663.0
-50.0
-119.0
-76.0
-55.0
-19.0
-41.0
-528.0
-70.0
-31.0
-17.0
-1.0
-30.0
-13.569999999999993
-2.0
-3.0
-17.0
-13.0
-25.0
-6.0
-18.0
-141.0
-58.0
-134.56
-35.56
-89.0
-50.0
-69.0
-81.0
-78.0
-16.0
-26.0
-9.0
-56.0
-30.0
-2.0
-1.0
-31.0
-8.5
-1.0
-28.0
-141.0
-282.0
-68.0
-29.0
-90.0
-15.0
-77.0
-50.0
-14.0
-1.0
-107.0
-65.0
-72.0
-19.0
-64.0
-758.0
-13.569999999999993
-17.0
-9.0
-3.0
-8.0
-21.0
-9.0
-16.0
-39.0
-5.0
-346.0
-69.0
-74.0
-21.0
-54.0
-1.0
-5.0
-58.0
-284.0
-83.0
-21.0
-6.0
-27.0
-19.0
-13.569999999999993
-10.0
-11.0
-783.0
-5.0
-11.0
-14.0
-15.0
-11.0
-82.0
-33.0
-23.0
-5.0
-33.0
-15.0
-12.0
-37.0
-33.0
-11.0
-40.0
-0.0
-26.0
-2.0
-9.0
-13.569999999999993
-472.5
-11.0
-8.0
-1.5
-17.0
-0.0
-24.5
-5.519999999999982
-119.50999999999999
-50.0
-82.0
-38.0
-29.0
-15.0
-9.0
-1.0
-14.0
-15.0
-13.0
-17.0
-2.0
-38.0
-37.0
-2.430000000000007
-686.5
-709.0
-1.0
-6.0
-1.0
-7.0
-20.0
-34.0
-7.0
-88.03999999999996
-22.039999999999964
-63.0
-31.0
-103.0
-32.0
-715.0
-10.0
-3.0
-119.0
-17.0
-60.0
-20.0
-7.0
-36.56999999999999
-764.5
-19.0
-20.0
-13.0
-3.0
-11.5
-39.5
-7.0
-28.0
-21.0
-35.0
-64.0
-103.0
-63.0
-70.0
-71.0
-74.0
-113.0
-55.0
-63.0
-51.0
-802.0
-17.0
-37.66
-3.5
-24.0
-2.0
-23.0
-15.0
-17.0
-18.5
-1.0
-20.0
-21.0
-23.0
-25.0
-35.0
-12.0
-20.519999999999982
-22.519999999999982
-1.0
-41.0
-32.0
-5.0
-5.0
-8.0
-1.0
-41.66
-20.0
-0.0
-5.0
-4.0
-3.0
-11.0
-30.0
-138.0
-69.0
-44.0
-16.0
-9.0
-77.0
-1.0
-38.0
-17.0
-39.0
-81.0
-111.0
-14.0
-45.0
-74.0
-19.0
-13.569999999999993
-3.0
-1.0
-1.0
-9.0
-21.0
-39.0
-6.0
-19.0
-34.0
-149.0
-66.0
-25.0
-52.0
-2.0
-12.0
-17.0
-14.0
-29.0
-101.0
-5.0
-3.0
-4.0
-13.0
-10.430000000000007
-5.0
-18.0
-22.0
-4.0
-292.0
-21.0
-17.0
-22.0
-6.0
-25.0
-8.0
-42.0
-3.0
-32.0
-40.0
-34.0
-17.0
-36.0
-1.0
-32.0
-43.0
-10.0
-2.0
-13.569999999999993
-12.0
-7.0
-24.0
-27.0
-28.0
-46.0
-2.0
-272.0
-57.0
-31.0
-28.0
-31.0
-27.0
-73.0
-45.0
-70.0
-11.0
-9.0
-0.0
-53.0
-47.39999999999998
-8.0
-24.0
-43.43000000000001
-9.0
-17.0
-37.0
-16.0
-52.0
-18.0
-45.0
-19.0
-22.0
-52.0
-20.0
-3.0
-12.0
-10.0
-18.0
-14.0
-5.0
-388.0
-38.0
-26.0
-10.0
-33.0
-28.0
-29.659999999999997
-6.0
-21.0
-20.0
-17.0
-34.0
-23.0
-22.0
-41.0
-51.0
-7.0
-1.0
-30.0
-57.0
-43.0
-62.0
-38.0
-29.0
-11.0
-6.0
-4.0
-25.0
-6.0
-4.5
-39.66
-0.0
-8.0
-9.0
-8.0
-4.5
-5.5
-0.0
-121.0
-64.0
-28.0
-31.0
-2.0
-24.0
-4.0
-16.0
-36.0
-64.0
-70.0
-51.0
-37.0
-24.0
-6.0
-5.0
-10.430000000000007
-14.0
-20.0
-452.0
-2.0
-11.0
-13.0
-17.0
-2.0
-133.0
-24.0
-17.0
-8.0
-15.0
-54.0
-37.0
-13.0
-41.0
-27.0
-8.0
-37.0
-63.0
-22.0
-37.0
-10.430000000000007
-5.0
-18.0
-16.0
-5.0
-29.0
-11.0
-20.0
-138.0
-183.0
-72.0
-14.0
-61.0
-19.0
-70.0
-15.0
-60.0
-14.0
-45.0
-45.0
-40.0
-18.0
-25.0
-7.0
-13.569999999999993
-17.0
-1.0
-14.0
-0.0
-4.0
-1.0
-26.5
-4.560000000000002
-177.0
-97.0
-27.0
-65.0
-20.0
-10.0
-14.0
-20.0
-39.0
-13.0
-87.0
-85.0
-27.0
-18.0
-24.0
-13.569999999999993
-4.0
-4.0
-14.0
-0.5
-7.0
-16.0
-16.0
-12.0
-67.0
-35.0
-27.0
-1.0
-56.0
-12.0
-22.0
-34.0
-0.0
-49.0
-75.0
-4.0
-51.0
-0.0
-40.0
-14.569999999999993
-34.0
-21.0
-22.0
-24.0
-17.0
-6.0
-29.0
-27.0
-8.0
-62.0
-56.0
-64.0
-25.920000000000016
-47.079999999999984
-45.0
-33.0
-41.0
-16.0
-2.0
-8.0
-28.0
-15.0
-2.0
-37.66
-10.0
-12.0
-12.0
-8.0
-2.0
-6.0
-17.0
-11.0
-22.0
-31.0
-59.0
-253.0
-25.0
-645.0
-33.0
-22.0
-11.0
-17.0
-2.0
-24.0
-15.0
-3.0
-4.0
-48.66
-0.0
-4.0
-0.0
-7.0
-14.0
-15.0
-34.0
-177.0
-132.0
-19.0
-5.0
-43.0
-48.0
-7.0
-10.0
-9.0
-32.0
-61.0
-104.0
-30.0
-662.0
-7.0
-1.0
-13.569999999999993
-14.0
-6.0
-18.0
-4.0
-19.0
-3.0
-6.0
-16.0
-214.0
-34.48000000000002
-5.480000000000018
-25.519999999999982
-28.519999999999982
-48.51999999999998
-24.519999999999982
-6.080000000000041
-10.919999999999959
-22.08000000000004
-47.08000000000004
-8.839999999999975
-22.160000000000025
-32.839999999999975
-14.0
-13.569999999999993
-11.0
-13.5
-6.5
-2.5
-16.0
-585.5
-22.5
-68.63999999999999
-87.67999999999995
-49.67999999999995
-10.32000000000005
-6.0
-3.0
-76.0
-16.0
-50.0
-7.0
-2.0
-102.0
-51.0
-6.0
-41.51999999999998
-24.519999999999982
-13.569999999999993
-15.0
-4.0
-3.0
-14.0
-1.0
-5.5
-27.5
-120.0
-26.0
-17.0
-721.0
-9.0
-18.0
-1.0
-16.480000000000018
-2.480000000000018
-3.0
-34.0
-40.0
-7.0
-39.0
-8.0
-25.0
-8.569999999999993
-15.0
-4.0
-26.0
-11.0
-16.0
-5.5
-12.5
-27.0
-35.0
-2.0
-50.0
-9.0
-7.0
-3.0
-3.0
-19.0
-6.0
-22.0
-7.0
-42.0
-30.0
-41.0
-2.0
-13.569999999999993
-3.0
-5.0
-7.0
-20.0
-8.0
-5.0
-14.0
-13.0
-16.0
-2.0
-21.0
-8.0
-76.0
-54.0
-3.0
-12.0
-57.0
-32.0
-49.0
-2.0
-33.0
-39.0
-2.0
-37.66
-8.5
-8.5
-1.5
-6.0
-60.5
-16.0
-36.0
-33.0
-19.0
-6.0
-1.0
-18.0
-2.0
-8.0
-18.0
-9.0
-21.0
-23.0
-14.0
-23.0
-27.0
-22.0
-2.0
-37.66
-12.0
-12.0
-3.0
-7.0
-4.0
-5.5
-38.5
-112.56
-13.0
-66.0
-59.0
-13.0
-85.0
-28.0
-38.0
-65.0
-52.0
-58.32000000000005
-47.31999999999999
-4.319999999999993
-38.0
-45.0
-12.0
-10.430000000000007
-8.0
-10.0
-10.5
-22.0
-7.0
-5.5
-15.0
-139.0
-81.0
-3.0
-38.0
-27.0
-84.0
-12.519999999999982
-21.519999999999982
-229.51999999999998
-4.519999999999982
-1.0
-134.0
-51.0
-11.920000000000016
-32.079999999999984
-69.0
-24.430000000000007
-1.0
-3.0
-29.0
-8.0
-13.0
-71.0
-19.0
-124.0
-90.0
-25.0
-52.51999999999998
-34.51999999999998
-3.0
-68.0
-2.0
-30.0
-399.0
-94.0
-53.0
-59.0
-271.0
-23.0
-25.0
-47.0
-7.0
-1.0
-16.5
-12.5
-9.5
-21.0
-5.0
-107.0
-22.0
-1.0
-26.0
-30.0
-21.0
-512.0
-16.0
-263.0
-15.0
-18.0
-45.0
-1.0
-10.0
-13.0
-15.0
-80.06
-0.0
-15.0
-41.0
-15.0
-61.0
-13.0
-5.0
-130.0
-20.0
-22.0
-8.0
-7.0
-14.0
-5.0
-7.0
-7.0
-18.0
-78.0
-63.0
-19.0
-15.0
-1.0
-7.0
-25.060000000000002
-17.5
-9.5
-17.5
-26.0
-17.0
-35.0
-36.0
-39.0
-15.0
-88.0
-34.0
-27.0
-58.0
-60.0
-23.0
-19.0
-302.0
-19.0
-35.0
-18.0
-6.0
-31.0
-13.0
-30.830000000000013
-885.0
-9.0
-43.0
-23.0
-654.0
-34.0
-36.0
-56.0
-37.0
-27.0
-48.0
-13.0
-39.0
-41.0
-36.0
-18.0
-20.0
-19.0
-32.0
-4.0
-33.0
-4.0
-11.0
-34.63499999999999
-35.0
-12.0
-52.0
-52.96000000000001
-0.960000000000008
-10.5
-18.0
-91.0
-273.0
-63.0
-98.0
-62.0
-41.0
-50.0
-28.559999999999945
-24.559999999999945
-42.0
-20.0
-137.0
-20.0
-18.0
-15.0
-34.0
-76.06
-23.0
-5.0
-15.0
-37.0
-21.0
-10.0
-325.0
-72.0
-13.0
-52.0
-20.0
-57.0
-86.0
-47.0
-56.0
-40.0
-47.0
-36.0
-260.0
-64.0
-3.0
-35.0
-17.0
-33.06
-26.0
-3.0
-5.0
-11.0
-17.0
-606.0
-17.0
-90.0
-31.0
-36.0
-29.0
-65.0
-102.0
-40.0
-25.0
-68.0
-1.0
-46.0
-285.0
-14.0
-8.0
-812.0
-55.0
-0.060000000000002274
-33.0
-1.0
-0.0
-0.0
-10.0
-3.0
-30.0
-72.0
-9.0
-32.0
-46.0
-58.0
-30.0
-41.0
-25.0
-16.0
-0.0
-27.0
-117.0
-37.0
-18.0
-49.0
-68.0
-0.060000000000002274
-62.0
-45.0
-494.0
-91.0
-75.0
-36.0
-11.0
-28.0
-5.0
-43.0
-52.0
-17.0
-48.0
-62.0
-0.0
-36.0
-26.0
-74.0
-81.0
-6.0
-48.0
-5.0
-7.0
-36.06
-36.5
-11.0
-6.0
-4.5
-25.0
-1.0
-59.0
-21.0
-43.0
-22.0
-12.0
-2.0
-9.0
-29.0
-40.0
-24.0
-53.0
-56.0
-23.0
-0.5
-12.0
-34.0
-2.0
-3.9000000000000057
-30.0
-33.0
-36.0
-30.0
-41.0
-37.0
-11.0
-30.0
-34.0
-25.0
-24.0
-3.0
-27.0
-25.0
-2.0
-798.0
-8.0
-13.0
-27.0
-1.0
-23.0
-27.0
-53.0
-3.8700000000000045
-0.0
-6.5
-74.0
-6.0
-2.0
-12.0
-3.0
-2.0
-19.0
-9.0
-1.0
-7.0
-9.0
-7.5
-12.0
-3.0
-6.0
-28.0
-2.0
-55.0
-28.0
-27.0
-40.0
-15.0
-13.0
-26.0
-13.0
-14.0
-21.0
-39.799999999999955
-40.0
-12.0
-3.0
-3.0
-17.409999999999997
-13.0
-4.0
-2.0
-17.0
-1.0
-20.0
-9.0
-298.0
-324.0
-127.0
-12.0
-34.0
-11.0
-17.0
-7.0
-22.0
-9.0
-35.0
-10.0
-86.0
-29.0
-30.0
-26.0
-18.409999999999997
-2.0
-29.0
-23.0
-52.0
-2.0
-688.0
-39.0
-30.0
-57.0
-1.8799999999999955
-63.120000000000005
-52.0
-27.0
-50.0
-2.0
-20.0
-36.0
-6.0
-96.0
-7.0
-69.0
-9.0
-5.0
-17.409999999999997
-16.0
-19.0
-4.0
-27.0
-5.0
-2.0
-21.0
-38.0
-27.120000000000005
-53.0
-54.0
-29.0
-44.48000000000002
-9.759999999999991
-40.0
-63.0
-4.0
-22.0
-15.0
-46.0
-3.0
-5.0
-17.0
-32.59
-14.0
-5.0
-20.0
-14.0
-4.0
-24.0
-2.0
-3.0
-12.0
-11.0
-24.0
-41.0
-33.0
-1.960000000000008
-34.04000000000002
-36.0
-2.0
-315.0
-13.0
-0.0
-20.0
-6.0
-3.0
-33.59
-3.0
-21.0
-24.0
-26.0
-18.0
-15.0
-296.0
-140.0
-78.0
-36.0
-7.0
-40.0
-50.0
-19.0
-55.0
-40.120000000000005
-43.0
-107.0
-21.0
-67.0
-1.0
-69.0
-11.0
-33.41
-2.0
-24.0
-9.0
-28.0
-19.0
-9.0
-5.0
-147.0
-12.0
-45.0
-30.0
-73.0
-27.879999999999995
-3.0
-2.0
-26.0
-19.0
-175.0
-6.1200000000000045
-32.0
-28.0
-9.0
-30.0
-17.409999999999997
-11.0
-34.0
-4.0
-15.0
-2.0
-0.0
-0.0
-131.0
-55.0
-51.0
-40.0
-3.0
-53.960000000000036
-6.039999999999964
-20.0
-30.0
-66.0
-1.0
-38.0
-19.0
-19.0
-42.0
-27.0
-17.409999999999997
-3.0
-17.0
-11.0
-20.0
-4.0
-8.0
-40.0
-35.0
-44.0
-39.0
-29.0
-6.0
-4.0
-2.8799999999999955
-60.0
-577.0
-7.1200000000000045
-0.0
-58.879999999999995
-37.0
-93.0
-9.0
-10.0
-17.409999999999997
-7.0
-17.0
-23.0
-7.0
-6.0
-7.0
-52.0
-29.0
-24.0
-2.0
-31.0
-50.0
-0.0
-37.0
-30.0
-39.91999999999996
-67.88
-59.0
-25.0
-41.879999999999995
-50.0
-7.0
-6.0
-16.409999999999997
-10.0
-9.0
-19.0
-14.0
-12.0
-24.0
-4.0
-33.0
-5.0
-81.0
-8.0
-13.0
-14.0
-742.0
-62.0
-39.0
-49.0
-23.0
-22.0
-25.0
-33.0
-18.0
-9.0
-49.59
-44.0
-3.0
-24.0
-42.0
-33.0
-29.0
-24.0
-28.0
-23.0
-50.0
-39.0
-9.0
-5.0
-809.0
-31.0
-62.0
-1.0
-14.0
-9.5
-12.0
-7.0
-5.0
-3.0
-23.590000000000003
-8.0
-12.0
-3.0
-327.0
-238.0
-17.0
-1.0
-33.0
-31.0
-31.0
-34.0
-17.039999999999992
-18.0
-4.0
-9.0
-11.0
-20.0
-27.0
-4.5
-5.0
-4.0
-1.0
-13.0
-23.590000000000003
-17.0
-3.0
-10.0
-39.0
-9.0
-7.0
-13.0
-172.0
-108.0
-17.0
-17.0
-88.0
-72.0
-65.0
-77.0
-79.0
-50.08000000000004
-45.0
-8.0
-20.0
-8.0
-13.0
-30.0
-17.409999999999997
-3.0
-19.0
-26.0
-18.0
-2.0
-8.0
-9.0
-22.0
-27.840000000000032
-17.039999999999964
-39.84000000000003
-61.84000000000003
-3.840000000000032
-48.84000000000003
-9.279999999999973
-22.639999999999986
-10.639999999999986
-35.639999999999986
-19.639999999999986
-77.63999999999999
-132.36
-29.639999999999986
-23.0
-33.41
-5.0
-1.0
-22.0
-21.5
-14.5
-8.0
-1.0
-18.0
-15.0
-6.0
-85.0
-115.0
-58.0
-79.0
-28.0
-596.0
-24.0
-33.0
-19.0
-26.0
-10.0
-23.0
-31.0
-118.59
-0.0
-4.0
-30.0
-284.0
-11.0
-17.0
-5.0
-153.0
-354.12
-10.120000000000005
-32.08000000000004
-57.879999999999995
-22.120000000000005
-17.120000000000005
-15.559999999999945
-21.440000000000055
-21.0
-37.0
-111.0
-32.0
-3.0
-22.0
-33.0
-17.409999999999997
-50.0
-14.0
-34.0
-45.0
-34.0
-30.0
-625.0
-278.0
-196.0
-18.0
-788.0
-135.0
-25.0
-65.0
-11.0
-94.0
-63.0
-10.039999999999992
-43.5
-33.0
-2.0
-15.0
-11.0
-17.879999999999995
-18.0
-37.0
-11.0
-29.0
-29.0
-72.0
-28.0
-17.0
-9.0
-38.0
-66.0
-7.0
-5.0
-23.0
-2.0
-13.0
-53.0
-33.0
-2.0
-17.0
-14.0
-26.0
-10.0
-31.085000000000008
-27.0
-35.0
-32.0
-6.0
-338.0
-25.0
-14.0
-123.0
-82.12
-29.840000000000032
-19.159999999999968
-45.27999999999997
-39.84000000000003
-18.159999999999968
-3.840000000000032
-17.0
-728.0
-73.0
-82.0
-53.0
-15.0
-86.0
-18.0
-23.899999999999977
-27.0
-33.0
-8.0
-10.0
-37.0
-26.0
-24.0
-142.0
-108.0
-7.1200000000000045
-85.11000000000001
-131.0
-202.0
-95.0
-10.0
-27.0
-57.0
-30.0
-63.0
-17.0
-140.0
-98.12
-54.0
-22.810000000000002
-12.0
-21.0
-25.0
-12.0
-4.0
-11.0
-8.0
-190.0
-109.0
-24.0
-3.0
-31.0
-53.0
-45.0
-12.0
-34.0
-60.0
-4.0
-75.0
-216.0
-66.0
-11.0
-47.0
-22.810000000000002
-10.0
-10.5
-9.5
-1.0
-4.0
-22.0
-8.0
-29.0
-20.879999999999995
-28.0
-2.0
-76.0
-32.0
-1.0
-17.91999999999996
-28.0
-24.0
-1.0
-94.0
-2.0
-171.0
-132.0
-26.0
-291.28
-10.0
-22.0
-16.0
-48.0
-18.0
-22.0
-42.0
-15.0
-8.0
-6.0
-44.0
-98.0
-2.0
-75.0
-44.0
-69.12
-40.0
-6.0
-72.0
-29.0
-18.0
-10.0
-33.0
-14.360000000000014
-16.0
-1.0
-2.5
-9.0
-5.0
-14.0
-4.0
-149.0
-64.0
-53.0
-49.0
-68.0
-61.0
-52.0
-66.0
-7.0
-16.0
-77.0
-10.0
-3.0
-52.0
-1.0
-22.0
-48.08500000000001
-7.0
-14.0
-14.0
-17.0
-6.0
-3.0
-15.0
-18.0
-12.0
-26.0
-12.0
-19.0
-35.0
-11.0
-8.0
-9.0
-3.0
-1.0
-38.0
-23.0
-47.0
-8.0
-4.0
-26.085000000000008
-22.0
-6.0
-8.0
-7.0
-0.0
-4.0
-16.0
-120.0
-179.0
-65.0
-4.0
-38.0
-38.48000000000002
-37.48000000000002
-60.879999999999995
-52.0
-53.48000000000002
-265.48
-74.44000000000005
-59.44
-56.56
-18.24000000000001
-2.0
-38.360000000000014
-11.0
-0.5
-28.5
-17.5
-13.0
-23.5
-51.599999999999994
-8.600000000000023
-237.60000000000002
-65.39999999999998
-76.39999999999998
-50.0
-49.0
-91.0
-61.0
-29.0
-10.0
-68.0
-44.0
-18.0
-26.0
-25.0
-24.0
-13.360000000000014
-17.0
-1.0
-18.0
-11.0
-5.0
-19.0
-717.0
-47.0
-73.0
-27.0
-64.0
-172.0
-49.120000000000005
-24.0
-41.0
-8.919999999999959
-2.0
-128.12
-47.60000000000002
-87.39999999999998
-4.0
-25.0
-43.0
-38.360000000000014
-25.0
-145.0
-3.0
-28.0
-4.0
-6.0
-29.0
-44.0
-77.0
-14.0
-14.0
-28.0
-23.0
-12.0
-75.0
-48.0
-8.0
-48.0
-22.0
-508.0
-38.0
-10.0
-18.0
-14.360000000000014
-21.0
-32.0
-8.0
-15.0
-25.0
-27.0
-45.0
-12.0
-94.0
-17.0
-49.0
-47.120000000000005
-47.0
-26.0
-88.0
-39.0
-32.0
-81.0
-109.0
-6.0
-45.0
-83.0
-6.0
-14.360000000000014
-9.0
-4.0
-8.0
-2.0
-10.0
-17.0
-41.0
-113.0
-10.0
-30.0
-11.0
-17.0
-18.0
-13.0
-22.0
-619.0
-9.0
-12.0
-22.0
-15.0
-34.0
-23.0
-5.0
-39.08500000000001
-10.0
-9.0
-9.0
-65.0
-18.0
-20.0
-441.0
-14.0
-16.0
-29.0
-10.0
-38.0
-24.0
-6.0
-1.0
-12.0
-6.0
-15.0
-45.0
-4.0
-12.0
-18.0
-12.0
-22.085000000000008
-12.0
-7.0
-2.0
-3.0
-25.0
-37.0
-17.0
-146.0
-114.0
-17.0
-45.0
-156.0
-545.12
-148.0
-335.0
-34.0
-7.0
-166.0
-11.0
-11.0
-34.0
-19.0
-62.0
-36.360000000000014
-16.0
-20.0
-34.0
-15.0
-14.0
-7.0
-25.0
-24.0
-16.0
-15.0
-11.120000000000005
-692.0
-16.0
-31.120000000000005
-35.0
-23.0
-43.0
-15.0
-23.0
-18.879999999999995
-34.0
-3.0
-5.0
-14.360000000000014
-7.0
-14.0
-41.0
-3.0
-54.0
-442.0
-2.0
-6.0
-32.0
-172.0
-31.0
-112.0
-58.0
-27.0
-9.0
-7.0
-83.0
-51.0
-37.08000000000004
-53.0
-41.0
-12.0
-3.0
-3.3600000000000136
-13.0
-28.0
-7.0
-13.0
-21.0
-47.0
-10.0
-74.0
-39.0
-22.0
-15.0
-67.0
-117.08000000000004
-26.0
-16.0
-26.0
-45.0
-63.0
-5.0
-8.120000000000005
-26.0
-19.0
-9.0
-10.0
-34.0
-9.0
-2.0
-1.0
-105.0
-21.0
-18.0
-15.0
-69.0
-300.0
-11.0
-44.0
-57.0
-11.080000000000041
-33.0
-37.0
-11.0
-55.0
-99.0
-37.0
-0.0
-11.0
-13.0
-20.970000000000027
-16.0
-18.0
-6.0
-0.0
-26.0
-15.0
-9.0
-142.0
-16.0
-23.0
-6.0
-20.0
-10.0
-33.0
-11.0
-22.0
-200.0
-16.0
-13.0
-86.0
-32.0
-34.0
-14.0
-43.08500000000001
-16.0
-26.0
-19.0
-12.0
-540.0
-37.0
-49.0
-8.0
-4.0
-1.0
-20.0
-78.0
-4.0
-18.5
-41.0
-44.0
-28.0
-29.0
-25.0
-194.0
-1.0
-18.0
-14.0
-40.91499999999999
-34.0
-4.0
-24.0
-59.0
-13.0
-8.0
-3.0
-126.0
-52.0
-20.0
-76.0
-106.0
-104.0
-78.0
-104.0
-51.0
-55.120000000000005
-141.0
-39.0
-53.0
-53.0
-18.0
-41.0
-22.970000000000027
-27.0
-33.0
-27.0
-13.0
-4.0
-10.0
-19.0
-5.0
-50.0
-89.88
-37.0
-86.11999999999989
-44.0
-55.0
-29.0
-13.0
-93.0
-93.0
-39.0
-18.0
-2.0
-1.0
-14.0
-7.0
-25.0
-14.0
-31.0
-31.88499999999999
-17.0
-5.0
-21.0
-2.0
-13.0
-2.0
-2.0
-17.0
-14.0
-4.0
-50.0
-50.51999999999998
-41.5
-6.0
-30.0
-24.0
-16.0
-21.0
-16.5
-2.0
-3.0
-19.5
-8.0
-17.5
-204.0
-11.5
-2.5
-10.0
-6.5
-8.5
-16.5
-28.0
-1.0
-26.0
-37.0
-36.25999999999999
-15.5
-26.5
-23.0
-68.0
-73.5
-37.0
-36.5
-15.5
-0.5
-17.5
-808.0
-17.5
-10.0
-25.0
-1.0
-1.0
-25.0
-18.0
-5.0
-106.0
-13.0
-38.0
-58.0
-29.0
-49.0
-58.0
-53.879999999999995
-11.0
-47.0
-239.0
-0.0
-72.0
-14.0
-63.0
-1.0
-29.88499999999999
-14.0
-19.0
-15.0
-25.0
-11.0
-13.0
-11.0
-35.0
-109.0
-9.0
-43.0
-14.0
-34.0
-12.0
-15.0
-14.0
-11.879999999999995
-19.0
-17.0
-21.0
-16.0
-3.0
-1.0
-19.88499999999999
-6.0
-33.0
-7.0
-7.0
-8.0
-6.0
-7.0
-3.0
-17.0
-37.0
-55.0
-3.0
-8.0
-1.0
-24.0
-78.0
-447.0
-47.08000000000004
-52.51999999999998
-19.519999999999982
-71.0
-5.0
-9.0
-30.819999999999993
-34.0
-10.0
-15.0
-1.0
-3.0
-0.0
-3.0
-17.0
-24.0
-54.0
-96.0
-16.0
-16.0
-26.0
-33.0
-22.0
-38.879999999999995
-39.0
-59.0
-52.0
-47.0
-20.0
-12.0
-12.319999999999993
-4.0
-7.0
-705.0
-26.0
-10.0
-14.0
-28.0
-8.0
-68.0
-64.0
-47.0
-10.0
-20.0
-655.0
-36.0
-90.0
-35.0
-3.0
-24.0
-27.0
-57.0
-15.0
-23.0
-12.319999999999993
-4.0
-9.0
-19.0
-1.0
-15.0
-14.0
-7.0
-35.0
-0.0
-40.0
-1.0
-15.0
-24.0
-29.0
-41.0
-87.0
-9.0
-37.0
-37.0
-42.0
-4.0
-1.0
-13.0
-17.5
-7.0
-0.5
-15.5
-15.0
-18.0
-17.0
-33.0
-29.0
-30.0
-45.0
-11.0
-51.0
-46.0
-31.0
-71.0
-53.0
-30.0
-77.0
-28.0
-21.0
-27.0
-28.0
-11.0
-0.5
-1.0
-28.0
-32.0
-6.0
-18.0
-2.0
-9.0
-146.0
-41.120000000000005
-22.0
-23.0
-6.0
-19.0
-26.0
-3.0
-30.0
-38.91999999999996
-69.0
-93.0
-21.0
-32.0
-17.0
-14.0
-26.180000000000007
-1.0
-2.0
-4.0
-4.0
-10.0
-8.0
-14.0
-33.0
-11.0
-17.0
-742.0
-4.0
-8.0
-7.0
-37.0
-18.0
-12.0
-14.0
-46.0
-4.0
-9.0
-41.0
-22.0
-13.319999999999993
-11.0
-6.0
-4.0
-6.0
-10.0
-3.0
-9.0
-4.8799999999999955
-14.0
-97.0
-6.0
-8.0
-42.0
-17.0
-54.0
-15.0
-8.0
-27.0
-40.0
-23.0
-8.0
-32.0
-11.0
-11.319999999999993
-212.0
-22.0
-2.0
-16.0
-15.0
-11.0
-14.0
-158.0
-16.0
-28.0
-11.919999999999959
-33.0
-16.879999999999995
-41.0
-45.0
-26.0
-38.0
-54.0
-23.0
-101.0
-57.0
-21.0
-1.0
-12.319999999999993
-2.0
-48.0
-30.0
-32.0
-15.0
-256.0
-17.0
-17.0
-16.0
-7.960000000000036
-49.960000000000036
-18.0
-25.0
-20.0
-48.0
-287.0
-18.0
-3.0
-14.0
-18.0
-31.0
-39.0
-8.0
-11.319999999999993
-1.0
-9.0
-1.0
-1.0
-13.0
-10.0
-16.0
-31.0
-48.0
-41.0
-26.0
-68.0
-0.0
-8.0
-17.0
-10.0
-32.0
-60.0
-54.0
-50.0
-33.0
-11.0
-0.0
-17.5
-22.0
-11.0
-1.0
-22.0
-60.0
-11.0
-1.0
-14.0
-41.0
-14.0
-21.0
-54.0
-27.0
-41.0
-45.0
-18.0
-443.0
-22.0
-11.0
-9.0
-3.0
-8.0
-5.0
-21.5
-13.0
-14.0
-0.0
-28.0
-7.0
-16.0
-10.0
-134.0
-23.0
-4.0
-50.0
-9.0
-3.0
-30.0
-32.0
-0.0
-40.0
-178.0
-14.0
-35.0
-40.0
-39.0
-34.0
-12.319999999999993
-11.0
-10.0
-17.0
-3.0
-29.0
-5.0
-17.0
-49.0
-265.0
-24.0
-43.0
-24.0
-16.0
-77.0
-36.0
-30.0
-45.0
-16.0
-3.0
-4.0
-18.0
-19.0
-15.0
-1.3199999999999932
-14.0
-0.0
-7.0
-27.0
-59.0
-50.0
-7.0
-29.0
-37.0
-14.0
-64.0
-524.0
-31.0
-27.0
-24.0
-16.0
-21.0
-20.0
-32.0
-49.0
-17.0
-11.0
-27.0
-11.319999999999993
-9.0
-4.0
-15.0
-18.0
-357.0
-4.0
-27.0
-130.0
-19.0
-10.0
-35.0
-28.0
-4.0
-405.0
-24.0
-36.0
-36.0
-33.0
-33.0
-49.0
-83.0
-14.0
-6.0
-8.819999999999993
-5.0
-8.0
-58.0
-83.0
-58.0
-71.0
-29.0
-41.0
-21.0
-67.0
-18.0
-54.0
-100.0
-20.0
-72.0
-90.0
-8.0
-141.0
-91.0
-28.0
-47.0
-5.920000000000016
-1.5
-12.474999999999994
-6.0
-4.0
-15.0
-7.0
-20.0
-14.0
-22.0
-21.0
-13.0
-29.0
-17.0
-35.0
-6.0
-24.0
-41.0
-25.0
-31.120000000000005
-32.0
-21.0
-25.0
-18.0
-38.0
-6.0
-13.5
-3.0
-15.0
-3.0
-4.0
-13.0
-8.0
-13.0
-21.0
-8.0
-20.0
-7.0
-20.0
-83.0
-3.0
-12.0
-12.0
-14.0
-48.0
-63.0
-71.0
-17.0
-21.0
-1.0
-3.5
-3.0
-36.0
-10.0
-14.0
-10.0
-23.0
-29.0
-133.0
-38.0
-46.0
-50.0
-15.0
-16.0
-38.0
-27.0
-31.0
-42.0
-75.0
-11.0
-91.0
-11.0
-53.0
-697.0
-12.474999999999994
-37.0
-3.0
-5.0
-0.5
-10.0
-7.5
-13.0
-60.95999999999998
-23.0
-99.0
-71.0
-8.0
-48.0
-62.0
-39.0
-31.0
-29.0
-1.0
-32.0
-0.0
-9.0
-6.0
-20.0
-3.8700000000000045
-11.0
-16.0
-20.0
-673.0
-4.0
-8.0
-54.0
-34.0
-58.0
-14.67999999999995
-6.440000000000055
-25.32000000000005
-51.0
-26.0
-20.0
-19.559999999999945
-35.440000000000055
-113.91999999999996
-2.080000000000041
-47.95999999999998
-43.56
-8.439999999999998
-10.0
-31.805000000000007
-90.0
-96.0
-4.0
-16.0
-23.0
-38.0
-32.0
-148.0
-43.0
-24.0
-13.0
-88.0
-25.0
-21.0
-41.0
-34.0
-37.0
-10.0
-35.0
-20.0
-12.0
-46.0
-7.0
-19.805000000000007
-30.75999999999999
-9.0
-1.5
-133.5
-16.5
-41.0
-7.0
-62.0
-6.0
-48.0
-43.0
-33.0
-56.0
-30.0
-21.0
-2.0
-4.0
-1.0
-47.0
-15.0
-15.0
-24.0
-26.0
-31.805000000000007
-17.0
-0.5
-1.5
-23.5
-17.0
-29.5
-28.0
-34.0
-3.259999999999991
-2.079999999999984
-10.920000000000016
-34.920000000000016
-5.0800000000000125
-27.019999999999982
-16.920000000000016
-25.920000000000016
-22.920000000000016
-18.919999999999987
-10.919999999999987
-62.22000000000003
-666.5
-26.5
-21.5
-17.5
-6.0
-14.5
-7.5
-2.5
-4.0
-8.5
-7.0
-12.0
-19.25999999999999
-66.22000000000003
-55.44
-62.44
-77.95999999999998
-10.019999999999982
-12.560000000000002
-106.98000000000002
-6.560000000000002
-76.95999999999998
-340.56
-33.44
-9.5
-17.5
-12.5
-3.5
-24.75999999999999
-6.0
-15.5
-4.5
-20.5
-22.5
-15.5
-93.92000000000002
-22.91999999999996
-194.91999999999996
-31.08000000000004
-550.92
-9.919999999999959
-44.91999999999996
-3.919999999999959
-17.08000000000004
-5.080000000000041
-277.08000000000004
-0.08000000000004093
-13.079999999999984
-13.920000000000016
-14.920000000000016
-16.0
-19.805000000000007
-30.75999999999999
-6.0
-5.0
-27.0
-14.0
-10.0
-67.0
-129.0
-23.0
-21.91999999999996
-20.840000000000032
-161.27999999999997
-13.279999999999973
-56.75999999999999
-10.0
-464.0
-34.0
-15.32000000000005
-66.32000000000005
-0.3199999999999932
-54.0
-0.0
-28.0
-203.195
-30.75999999999999
-50.56
-24.939999999999998
-24.439999999999998
-21.439999999999998
-28.439999999999998
-46.68000000000001
-41.879999999999995
-47.120000000000005
-107.88
-88.88
-135.12
-12.639999999999986
-51.50999999999999
-8.120000000000005
-48.110000000000014
-220.88
-65.88
-273.89
-9.600000000000023
-20.600000000000023
-10.389999999999986
-157.39999999999998
-64.48000000000002
-5.480000000000018
-17.220000000000027
-5.060000000000002
-12.560000000000002
-15.560000000000002
-772.56
-14.879999999999995
-1.4399999999999977
-29.399999999999977
-26.200000000000045
-76.20000000000005
-71.20000000000005
-99.20000000000005
-58.200000000000045
-114.20000000000005
-37.799999999999955
-13.200000000000045
-13.799999999999955
-116.79999999999995
-11.800000000000011
-89.19999999999999
-13.800000000000011
-16.80000000000001
-32.06999999999999
-13.719999999999999
-41.879999999999995
-52.879999999999995
-75.88
-58.879999999999995
-40.879999999999995
-57.879999999999995
-134.88
-302.88
-61.120000000000005
-61.120000000000005
-58.72000000000003
-51.72000000000003
-20.720000000000027
-37.72000000000003
-345.28
-17.120000000000005
-21.91999999999996
-8.240000000000009
-35.24000000000001
-48.24000000000001
-23.079999999999984
-8.120000000000005
-40.110000000000014
-1.0
-8.5
-3.5
-19.5
-13.0
-0.5
-2.0
-3.0
-62.51999999999998
-1.5199999999999818
-40.51999999999998
-70.0
-26.0
-32.04000000000002
-35.04000000000002
-63.04000000000002
-40.04000000000002
-341.0
-18.0
-21.0
-25.0
-11.0
-17.0
-13.5
-2.0
-10.5
-18.5
-8.5
-15.0
-15.5
-7.0
-12.0
-6.759999999999991
-6.759999999999991
-34.56
-20.560000000000002
-11.560000000000002
-44.56
-59.56
-35.56
-64.56
-27.560000000000002
-1.0
-1.0
-21.0
-6.0
-14.5
-3.5
-72.72000000000003
-96.92000000000002
-254.04000000000002
-81.95999999999998
-27.95999999999998
-83.95999999999998
-47.95999999999998
-164.95999999999998
-28.039999999999964
-41.039999999999964
-65.03999999999996
-89.03999999999996
-67.03999999999996
-30.960000000000036
-4.039999999999964
-120.03999999999996
-6.960000000000036
-126.03999999999996
-73.96000000000004
-51.960000000000036
-41.04000000000002
-142.04000000000002
-40.95999999999998
-28.860000000000014
-5.860000000000014
-28.0
-48.47999999999999
-57.48000000000002
-27.97999999999999
-47.97999999999999
-5.47999999999999
-38.0
-33.0
-68.0
-27.0
-2.0
-4.0
-31.0
-33.0
-25.0
-66.0
-90.0
-17.0
-8.0
-3.0
-43.0
-6.0
-76.44
-6.0
-1.0
-6.0
-10.0
-2.0
-12.0
-10.0
-14.0
-58.0
-12.0
-11.0
-5.0
-23.0
-24.0
-18.0
-6.0
-23.0
-15.0
-65.0
-68.0
-1.0
-8.0
-5.0
-42.44
-0.0
-8.0
-0.0
-3.0
-16.0
-8.0
-43.0
-168.0
-126.0
-7.0
-49.0
-20.0
-4.0
-59.0
-38.0
-61.0
-4.0
-7.0
-18.0
-12.0
-45.51999999999998
-35.48000000000002
-21.0
-9.019999999999982
-28.5
-5.0
-13.0
-2.0
-1.5
-5.0
-46.75999999999999
-25.0
-88.0
-18.0
-2.0
-21.0
-6.0
-2.0
-366.0
-10.0
-10.0
-4.0
-3.0
-33.0
-57.0
-85.0
-16.0
-1.0
-44.0
-52.0
-7.0
-26.0
-591.0
-21.0
-14.090000000000003
-6.0
-11.5
-6.5
-30.0
-2.0
-33.0
-14.0
-25.0
-7.0
-431.0
-8.0
-516.0
-86.0
-12.0
-15.0
-33.0
-14.0
-8.0
-11.0
-5.0
-11.0
-12.0
-22.0
-24.909999999999997
-24.0
-17.0
-3.0
-6.0
-17.0
-2.0
-7.0
-169.0
-146.0
-130.0
-70.11000000000001
-53.0
-12.0
-24.0
-18.08000000000004
-3.0
-40.0
-400.0
-34.0
-39.120000000000005
-56.0
-37.0
-2.0
-38.11500000000001
-10.0
-4.0
-0.0
-34.0
-9.0
-14.0
-15.0
-127.0
-104.0
-110.0
-96.12
-753.0
-20.0
-96.0
-66.0
-72.08000000000004
-96.0
-98.0
-37.120000000000005
-154.0
-4.0
-8.0
-20.0
-0.8849999999999909
-20.0
-35.0
-34.0
-26.0
-27.0
-32.0
-255.0
-536.0
-83.0
-267.0
-25.0
-50.0
-6.0
-49.0
-55.0
-53.0
-66.0
-81.0
-13.0
-44.0
-1.0
-3.0
-16.0
-11.930000000000007
-6.0
-20.0
-34.0
-35.0
-18.0
-21.0
-37.0
-9.0
-65.0
-8.0
-80.0
-31.0
-14.879999999999995
-11.0
-33.0
-52.0
-51.0
-43.0
-2.0
-30.0
-16.0
-21.0
-1.0
-1.0800000000000125
-6.0
-42.0
-26.0
-13.0
-4.0
-0.0
-1.0
-4.0
-33.0
-38.0
-1.1200000000000045
-2.1200000000000045
-20.0
-557.0
-15.0
-1.1200000000000045
-50.0
-29.0
-46.0
-190.0
-8.0
-24.0
-6.0
-11.925000000000011
-9.0
-8.0
-27.0
-28.0
-0.0
-7.0
-33.0
-148.0
-16.0
-30.0
-25.0
-21.0
-36.0
-478.0
-23.0
-27.0
-49.0
-19.0
-42.0
-4.0
-12.0
-2.0
-10.0
-24.090000000000003
-380.0
-8.0
-18.0
-14.0
-13.0
-30.0
-13.0
-3.0
-17.0
-5.0
-44.0
-16.0
-21.0
-39.0
-12.0
-1.0
-9.0
-12.0
-20.0
-28.0
-628.0
-24.0
-7.0
-1.0900000000000034
-3.0
-6.0
-18.0
-4.0
-3.0
-21.0
-11.0
-671.0
-80.0
-17.0
-54.0
-58.0
-87.0
-107.0
-156.0
-45.0
-5.0
-37.0
-89.0
-404.0
-4.0
-11.0
-45.0
-452.07
-22.0
-33.0
-47.0
-43.0
-55.0
-19.0
-2.0
-14.0
-32.0
-44.0
-37.0
-35.0
-41.0
-53.0
-14.120000000000005
-5.8799999999999955
-3.0
-74.0
-40.0
-568.0
-4.0
-23.0
-38.0
-12.865000000000009
-19.0
-13.0
-4.0
-12.0
-8.0
-0.0
-17.0
-147.0
-51.0
-43.0
-30.0
-436.0
-3.0
-10.0
-208.0
-20.0
-1.8799999999999955
-88.0
-30.0
-108.0
-13.0
-10.0
-7.0
-17.19999999999999
-39.0
-16.0
-12.0
-13.0
-35.0
-15.0
-16.0
-13.0
-24.0
-17.0
-60.0
-16.120000000000005
-45.0
-23.0
-2.0
-23.0
-13.0
-104.0
-41.0
-17.0
-75.0
-16.0
-9.0
-15.175000000000011
-1.0
-15.0
-23.0
-2.0
-6.0
-16.0
-1.0
-126.0
-17.0
-5.0
-383.0
-327.0
-39.0
-131.0
-135.0
-201.0
-530.0
-7.0
-153.0
-19.0
-11.0
-815.0
-35.0
-9.175000000000011
-8.0
-5.0
-14.0
-17.0
-4.0
-9.0
-13.0
-113.0
-9.0
-35.0
-40.0
-25.0
-33.0
-45.0
-50.0
-29.0
-25.0
-33.0
-33.0
-6.0
-28.0
-12.0
-33.0
-15.090000000000003
-29.0
-816.0
-9.0
-21.0
-9.0
-11.0
-24.0
-96.0
-219.0
-78.0
-269.0
-230.0
-90.0
-90.0
-82.0
-61.0
-33.0
-114.0
-64.0
-145.0
-23.0
-40.0
-42.0
-50.17500000000001
-54.0
-6.0
-31.0
-39.0
-29.0
-46.0
-31.0
-428.0
-138.0
-180.0
-186.0
-305.0
-41.0
-130.0
-291.0
-57.799999999999955
-197.20000000000005
-127.0
-165.0
-25.0
-40.0
-38.0
-34.0
-50.17500000000001
-1.0
-81.0
-22.0
-7.0
-282.0
-39.0
-8.0
-35.0
-157.0
-31.0
-33.0
-18.0
-54.0
-235.0
-125.0
-37.0
-25.0
-21.0
-41.0
-50.0
-35.0
-35.0
-12.0
-41.150000000000006
-37.0
-5.0
-11.0
-15.0
-471.0
-53.0
-4.0
-81.0
-52.0
-31.0
-121.0
-132.0
-141.0
-120.0
-146.0
-130.0
-58.0
-50.0
-49.0
-32.0
-57.0
-49.0
-40.0
-52.139999999999986
-35.0
-46.0
-59.0
-36.0
-42.0
-46.0
-61.0
-76.0
-41.0
-51.0
-49.0
-37.0
-52.0
-60.0
-741.0
-506.0
-51.0
-43.0
-36.0
-10.0
-29.0
-35.0
-16.0
-45.139999999999986
-63.0
-36.0
-41.0
-44.0
-48.0
-51.0
-27.0
-28.0
-58.0
-56.0
-51.0
-45.0
-60.0
-319.0
-28.5
-817.5
-51.0
-30.0
-31.0
-189.0
-24.0
-726.0
-28.0
-45.139999999999986
-27.0
-31.5
-36.0
-15.0
-5.5
-40.0
-5.0
-4.0
-30.0
-4.0
-14.0
-46.0
-34.0
-14.0
-537.0
-5.0
-33.0
-21.0
-38.0
-46.0
-49.0
-39.0
-46.0
-29.860000000000014
-43.0
-23.0
-8.0
-45.0
-22.0
-40.0
-5.0
-8.0
-4.0
-23.0
-5.0
-23.0
-2.0
-16.0
-20.0
-17.0
-2.0
-20.0
-42.0
-30.0
-53.0
-33.0
-45.0
-37.120000000000005
-13.0
-16.0
-36.0
-33.0
-60.0
-8.0
-18.0
-16.0
-10.0
-659.0
-8.5
-19.0
-71.0
-1.0
-2.0
-40.0
-57.0
-16.0
-33.0
-15.0
-23.0
-26.0
-29.0
-33.07499999999999
-1.0
-9.0
-29.0
-225.0
-233.0
-242.0
-10.0
-26.0
-3.0
-196.0
-214.0
-218.0
-17.0
-7.0
-38.0
-26.0
-6.0
-21.0
-30.0
-16.0
-27.0
-38.0
-11.0
-1.9250000000000114
-2.0
-28.0
-45.0
-23.0
-21.0
-60.0
-18.0
-69.0
-302.0
-307.0
-9.0
-1.0
-113.0
-92.0
-144.0
-83.0
-58.0
-368.0
-105.0
-23.0
-59.0
-15.0
-29.0
-9.035000000000025
-58.0
-40.0
-37.0
-39.0
-22.0
-11.0
-27.0
-125.0
-260.0
-165.0
-179.0
-164.0
-596.0
-158.12
-151.0
-134.0
-132.0
-90.0
-96.0
-57.0
-32.0
-14.0
-55.0
-12.035000000000025
-59.0
-12.0
-363.0
-5.0
-3.0
-20.0
-2.0
-111.0
-55.0
-169.0
-48.0
-46.0
-198.0
-47.0
-69.0
-11.0
-2.0
-9.0
-36.0
-46.0
-23.0
-13.0
-33.0
-25.964999999999975
-18.0
-11.0
-10.0
-3.0
-15.0
-20.0
-24.0
-134.0
-52.0
-46.879999999999995
-73.0
-9.0
-54.0
-107.0
-45.0
-39.0
-22.0
-78.0
-118.0
-3.0
-3.0
-32.0
-36.0
-46.964999999999975
-8.0
-34.0
-1.0
-6.0
-14.0
-72.0
-78.0
-20.0
-11.0
-47.0
-50.0
-48.0
-66.0
-59.0
-70.0
-77.0
-62.16
-7.0
-21.0
-2.0
-1.0
-14.0
-16.0
-100.07499999999999
-8.0
-6.0
-64.0
-10.0
-18.0
-594.5
-4.0
-135.0
-106.15999999999997
-12.159999999999968
-15.840000000000032
-30.159999999999968
-67.15999999999997
-142.27999999999997
-111.15999999999997
-116.15999999999997
-91.15999999999997
-105.84000000000003
-89.15999999999997
-31.839999999999975
-4.160000000000025
-2.160000000000025
-16.0
-9.964999999999975
-7.0
-3.0
-3.0
-2.0
-23.0
-18.0
-0.0
-21.0
-4.0
-72.0
-13.0
-41.0
-0.08000000000004093
-299.0
-291.0
-316.0
-276.0
-239.0
-10.0
-19.920000000000016
-9.0
-2.0
-8.0
-9.964999999999975
-45.0
-13.0
-1.0
-23.0
-3.0
-8.0
-31.0
-17.360000000000014
-4.639999999999986
-49.75999999999999
-2.8799999999999955
-40.67999999999995
-29.559999999999945
-52.0
-749.52
-45.51999999999998
-5.960000000000036
-208.03999999999996
-91.55999999999995
-67.56
-132.0
-1.0
-48.0
-51.964999999999975
-20.5
-11.0
-4.5
-17.5
-108.0
-4.0
-7.0
-14.300000000000011
-2.830000000000041
-8.299999999999955
-35.67999999999995
-38.91999999999996
-20.91999999999996
-70.91999999999996
-18.039999999999964
-10.080000000000041
-102.91999999999996
-23.91999999999996
-74.91999999999996
-53.920000000000016
-8.920000000000016
-18.920000000000016
-23.0
-25.964999999999975
-30.5
-5.0
-7.5
-5.5
-14.0
-12.0
-2.0
-17.0
-33.0
-65.0
-10.0
-39.0
-91.12
-32.67999999999995
-4.32000000000005
-23.67999999999995
-18.159999999999968
-51.72000000000003
-49.799999999999955
-531.8
-22.80000000000001
-1.0
-17.0
-25.964999999999975
-14.5
-40.0
-8.0
-7.0
-4.0
-5.0
-3.0
-165.0
-1.0
-16.0
-89.0
-49.0
-17.960000000000008
-22.04000000000002
-25.519999999999982
-6.480000000000018
-89.32
-21.0
-35.68000000000001
-9.5
-2.0
-29.0
-3.0
-58.07499999999999
-61.0
-52.0
-37.0
-18.0
-15.0
-2.0
-32.0
-3.0
-15.0
-4.0
-11.0
-15.0
-13.0
-11.240000000000009
-71.74000000000001
-26.75999999999999
-41.75999999999999
-6.0
-33.0
-28.0
-5.0
-8.0
-8.0
-51.07499999999999
-3.0
-15.0
-12.0
-8.0
-5.0
-8.0
-6.0
-117.0
-33.0
-154.0
-158.08000000000004
-74.0
-144.0
-117.0
-44.0
-50.0
-7.8799999999999955
-121.0
-34.0
-68.0
-0.0
-37.0
-31.0
-9.964999999999975
-32.84
-28.0
-9.759999999999991
-14.719999999999999
-9.0
-3.0
-2.0
-138.0
-3.0
-78.0
-31.0
-90.0
-65.0
-113.12
-16.120000000000005
-33.0
-8.0
-62.0
-18.67999999999995
-26.839999999999975
-15.160000000000025
-32.0
-256.0
-13.220000000000027
-63.68000000000001
-29.0
-40.52000000000001
-50.0
-84.0
-31.0
-1.0
-57.360000000000014
-1.5199999999999818
-1.7999999999999545
-38.48000000000002
-54.60000000000002
-3.32000000000005
-31.0
-356.84000000000003
-0.7200000000000273
-13.120000000000005
-7.8799999999999955
-53.120000000000005
-53.0
-34.0
-30.0
-15.0
-20.845000000000027
-24.840000000000003
-60.0
-28.75999999999999
-4.5
-15.5
-19.0
-1.0
-386.0
-23.720000000000027
-61.72000000000003
-23.960000000000036
-8.960000000000036
-36.960000000000036
-43.039999999999964
-36.039999999999964
-11.039999999999964
-33.039999999999964
-47.039999999999964
-26.960000000000036
-19.95999999999998
-2.0400000000000205
-38.95999999999998
-13.0
-1.8450000000000273
-40.84
-53.0
-2.0
-10.0
-2.0
-2.0
-22.0
-24.0
-60.0
-4.0
-18.0
-36.879999999999995
-4.0
-17.0
-26.0
-6.0
-21.0
-3.0
-20.0
-4.0
-30.0
-7.0
-26.5
-11.0
-37.0
-61.07499999999999
-20.5
-4.0
-11.0
-24.0
-21.0
-8.0
-10.0
-12.0
-7.0
-20.0
-26.0
-61.0
-34.0
-20.0
-9.0
-48.0
-25.0
-25.0
-13.0
-0.0
-777.0
-10.0
-11.0
-50.07499999999999
-47.84
-18.0
-2.0
-31.0
-16.0
-13.0
-7.0
-138.0
-14.0
-49.0
-100.0
-35.0
-68.0
-69.0
-27.0
-30.0
-51.0
-111.0
-28.0
-9.120000000000005
-9.0
-6.0
-23.0
-12.39500000000001
-30.0
-64.0
-60.0
-40.0
-28.0
-11.0
-56.0
-54.0
-55.0
-35.0
-41.0
-43.0
-40.120000000000005
-69.0
-34.0
-37.120000000000005
-2.0
-19.0
-49.879999999999995
-56.0
-45.0
-7.0
-22.0
-18.189999999999998
-27.0
-44.920000000000016
-48.920000000000016
-39.920000000000016
-0.5
-21.920000000000016
-23.920000000000016
-62.079999999999984
-204.07999999999998
-274.0
-89.0
-14.0
-8.0
-1.0
-6.0
-19.0
-130.0
-167.0
-19.0
-137.0
-28.879999999999995
-13.0
-8.0
-26.939999999999998
-8.0
-26.0
-20.0
-22.0
-11.0
-3.0
-36.0
-45.0
-35.0
-61.0
-7.0
-36.120000000000005
-20.0
-8.0
-24.0
-0.0
-52.0
-21.08000000000004
-1.0
-9.0
-1.0
-25.0
-32.0
-40.860000000000014
-20.0
-3.0
-2.0
-1.0
-5.0
-20.0
-4.0
-151.0
-61.0
-43.0
-21.0
-14.0
-30.0
-32.0
-52.0
-24.0
-33.0
-94.0
-85.0
-44.0
-20.0
-50.0
-8.0
-14.345000000000027
-0.0
-23.0
-11.0
-7.0
-4.0
-4.0
-7.0
-9.0
-26.0
-28.0
-21.0
-20.0
-12.0
-6.0
-5.0
-10.0
-8.0
-18.0
-10.0
-7.0
-26.0
-23.0
-51.0
-35.07499999999999
-3.0
-10.0
-827.0
-0.0
-22.0
-9.0
-13.0
-9.0
-14.0
-25.0
-23.0
-12.0
-8.0
-4.0
-24.0
-25.0
-11.0
-14.0
-23.0
-34.0
-34.0
-78.0
-28.0
-44.07499999999999
-1.0
-2.0
-10.0
-2.0
-0.0
-25.0
-28.0
-136.0
-9.0
-29.0
-2.919999999999959
-651.0
-19.0
-709.2
-12.0
-4.0
-30.0
-87.0
-18.0
-16.0
-79.0
-25.0
-18.0
-63.34500000000003
-1.0
-0.0
-19.0
-24.0
-14.5
-38.0
-43.0
-31.0
-91.0
-72.0
-94.0
-46.0
-10.0
-44.0
-11.0
-26.0
-23.0
-168.0
-14.0
-59.24000000000001
-56.0
-8.0
-27.0
-5.654999999999973
-34.0
-23.0
-1.0
-3.0
-14.0
-26.0
-14.0
-116.0
-3.0
-3.0
-21.0
-28.0
-40.0
-71.0
-15.120000000000005
-24.0
-49.0
-37.0
-61.0
-95.0
-30.0
-23.0
-39.0
-24.170000000000016
-26.0
-53.0
-8.0
-0.0
-12.0
-8.0
-80.0
-29.0
-30.0
-9.0
-6.0
-28.0
-9.0
-36.0
-23.0
-693.0
-10.0
-9.0
-7.0
-45.0
-21.0
-7.0
-35.0
-29.879999999999995
-4.0
-21.0
-8.0
-1.0
-1.0
-16.0
-8.0
-19.879999999999995
-9.0
-7.0
-40.0
-35.0
-8.879999999999995
-8.0
-18.0
-53.0
-3.0
-27.0
-37.0
-106.0
-39.0
-8.0
-21.0
-30.465000000000032
-22.0
-8.0
-28.0
-7.0
-7.0
-22.0
-8.0
-28.0
-10.0
-25.0
-6.0
-10.0
-7.0
-43.0
-226.0
-29.0
-6.0
-21.0
-4.0
-2.0
-39.0
-9.0
-19.0
-33.07499999999999
-1.0
-10.0
-8.0
-12.0
-25.0
-13.0
-35.0
-36.0
-17.0
-707.0
-16.0
-23.0
-14.0
-0.0
-3.0
-26.0
-11.0
-18.0
-5.0
-18.0
-38.0
-13.0
-4.0
-1.9250000000000114
-10.0
-9.0
-682.0
-2.0
-13.0
-23.0
-5.0
-58.0
-12.0
-21.0
-8.0
-6.0
-19.0
-21.0
-26.0
-15.0
-31.0
-3.0
-756.0
-13.0
-1.0
-15.0
-12.0
-39.07499999999999
-8.0
-14.0
-1.0
-18.0
-10.0
-23.0
-7.0
-153.0
-28.0
-73.0
-27.0
-4.0
-37.0
-4.1200000000000045
-32.0
-17.91999999999996
-7.0
-62.0
-197.08000000000004
-88.0
-17.0
-15.0
-12.0
-30.465000000000032
-9.0
-21.0
-1.0
-21.0
-11.0
-1.0
-9.0
-45.0
-59.0
-11.0
-0.0
-57.0
-17.0
-54.0
-36.120000000000005
-22.0
-19.0
-6.0
-14.0
-41.0
-42.0
-50.0
-48.0
-0.46500000000003183
-1.5
-26.0
-4.5
-2.0
-10.0
-5.0
-7.0
-136.0
-10.0
-8.0
-22.0
-44.0
-6.0
-23.0
-10.0
-12.0
-133.0
-11.0
-44.0
-107.0
-36.0
-10.0
-30.079999999999984
-47.46500000000003
-6.0
-37.0
-0.5
-17.0
-8.0
-19.0
-16.0
-34.0
-14.0
-24.0
-17.0
-4.0
-56.0
-32.0
-24.0
-9.0
-38.879999999999995
-64.0
-50.0
-140.0
-9.0
-22.0
-234.0
-45.46500000000003
-19.0
-23.0
-23.0
-67.0
-60.0
-29.0
-14.0
-37.0
-2.0
-3.0
-21.0
-5.0
-32.0
-3.0
-4.0
-48.0
-31.0
-62.0
-25.0
-6.0
-193.0
-0.0
-31.0
-33.07499999999999
-11.0
-304.0
-22.0
-6.0
-18.0
-21.0
-34.0
-111.0
-4.560000000000002
-14.0
-12.0
-11.0
-17.0
-15.0
-18.0
-15.0
-60.0
-42.0
-11.0
-5.0
-1.0
-13.0
-22.0
-44.07499999999999
-2.0
-9.0
-16.0
-1.0
-30.0
-85.0
-60.0
-125.0
-90.0
-183.12
-56.0
-78.0
-41.0
-84.0
-74.0
-61.879999999999995
-5.0
-5.0
-14.0
-124.0
-22.0
-51.0
-8.0
-49.46500000000003
-12.0
-5.0
-42.0
-13.0
-16.0
-6.0
-2.0
-115.0
-28.0
-598.04
-2.9600000000000364
-60.0
-14.0
-14.0
-23.08000000000004
-13.0
-64.0
-53.0
-82.0
-168.0
-97.12
-105.0
-30.0
-0.46500000000003183
-21.0
-24.0
-15.0
-18.0
-15.0
-0.0
-31.0
-544.0
-152.0
-40.0
-28.0
-44.0
-4.0
-1.0
-35.0
-9.0
-48.0
-2.0
-28.0
-132.0
-65.0
-57.0
-39.0
-12.050000000000011
-24.5
-28.0
-15.0
-19.0
-15.0
-7.0
-23.0
-22.0
-12.0
-32.0
-27.0
-29.0
-16.0
-0.8799999999999955
-34.120000000000005
-87.0
-10.0
-73.79999999999995
-4.0
-90.0
-12.0
-34.0
-26.0
-59.485000000000014
-13.0
-29.0
-40.0
-2.0
-25.0
-16.0
-12.0
-29.0
-33.0
-26.0
-41.0
-15.0
-13.0
-7.1200000000000045
-2.0
-30.0
-6.0
-23.0
-69.0
-17.0
-59.0
-21.0
-33.0
-16.514999999999986
-9.0
-23.0
-5.0
-10.0
-15.0
-14.0
-37.0
-5.0
-45.120000000000005
-65.0
-45.0
-52.0
-39.0
-58.0
-40.0
-41.0
-29.0
-9.0
-26.0
-28.0
-18.0
-19.0
-23.0
-31.07499999999999
-2.0
-15.0
-7.0
-6.0
-9.0
-27.0
-10.0
-2.0
-27.0
-75.0
-11.0
-720.0
-23.0
-59.0
-17.0
-92.0
-23.0
-7.0
-41.0
-11.0
-30.0
-117.0
-15.0
-20.07499999999999
-8.0
-15.0
-12.0
-11.0
-18.0
-1.0
-9.0
-156.0
-387.0
-12.0
-685.0
-12.0
-58.0
-4.0
-22.0
-46.0
-63.0
-62.0
-170.0
-60.0
-12.0
-15.0
-22.0
-16.514999999999986
-3.0
-3.0
-14.0
-8.0
-17.5
-431.5
-30.0
-90.0
-24.0
-5.0
-34.0
-30.0
-6.0
-22.120000000000005
-25.0
-28.08000000000004
-51.0
-34.0
-15.120000000000005
-0.0
-22.0
-358.0
-23.0
-24.080000000000013
-18.0
-52.0
-18.0
-11.0
-10.0
-8.0
-14.0
-28.0
-37.0
-14.0
-14.0
-20.0
-5.0
-47.0
-15.0
-24.0
-37.0
-3.0
-27.0
-0.0
-1.0
-5.0
-127.0
-116.44999999999999
-15.0
-1.0
-9.0
-9.0
-10.0
-11.0
-13.0
-45.0
-44.0
-10.0
-19.0
-28.0
-22.0
-20.0
-74.88
-8.0
-0.0
-15.0
-41.0
-51.0
-57.0
-11.0
-21.0
-11.550000000000011
-13.0
-16.0
-625.0
-8.0
-17.0
-5.0
-21.0
-130.0
-106.0
-3.0
-19.0
-31.0
-45.879999999999995
-21.0
-20.120000000000005
-0.0
-49.0
-42.0
-6.0
-12.0
-55.0
-28.0
-24.0
-11.550000000000011
-12.0
-12.0
-12.0
-17.0
-54.0
-33.0
-5.0
-8.0
-264.0
-22.0
-41.0
-626.0
-35.0
-18.0
-9.0
-43.0
-2.0
-7.0
-2.0
-14.0
-53.0
-31.0
-28.0
-20.07499999999999
-19.0
-3.0
-3.0
-7.0
-571.0
-7.0
-21.0
-4.0
-18.0
-8.0
-19.0
-13.0
-23.0
-7.0
-10.0
-3.0
-20.0
-25.0
-22.0
-22.0
-20.0
-39.0
-26.0
-35.07499999999999
-7.0
-13.0
-1.0
-17.0
-15.0
-10.0
-3.0
-83.0
-15.0
-30.0
-96.0
-103.0
-82.48000000000002
-54.48000000000002
-70.88
-46.67999999999995
-60.67999999999995
-32.440000000000055
-29.120000000000005
-41.0
-14.0
-28.120000000000005
-24.0
-11.550000000000011
-1.0
-4.0
-51.0
-11.0
-9.0
-571.0
-1.0
-134.0
-14.0
-52.200000000000045
-54.200000000000045
-21.799999999999955
-11.799999999999955
-60.799999999999955
-23.24000000000001
-2.240000000000009
-42.24000000000001
-40.24000000000001
-2.0
-7.0
-10.0
-51.0
-2.0
-11.550000000000011
-15.0
-5.0
-12.0
-18.0
-6.0
-32.0
-6.0
-104.0
-11.0
-14.0
-86.0
-62.0
-6.0
-36.0
-610.0
-30.0
-51.120000000000005
-11.0
-16.0
-3.0
-5.0
-12.0
-24.0
-8.449999999999989
-2.0
-5.0
-23.0
-18.0
-4.0
-12.0
-9.0
-54.0
-49.51999999999998
-43.48000000000002
-480.0
-19.0
-51.0
-62.91999999999996
-5.0
-56.0
-119.0
-357.52
-6.480000000000018
-40.0
-44.0
-14.0
-43.0
-11.550000000000011
-12.0
-10.0
-18.0
-13.0
-38.0
-25.0
-43.0
-32.0
-32.0
-4.0
-45.0
-17.0
-16.0
-10.0
-20.0
-2.0
-18.0
-7.0
-6.0
-19.0
-42.0
-22.0
-296.0
-31.03
-19.0
-22.0
-13.0
-27.0
-12.0
-41.0
-26.0
-42.0
-49.0
-35.0
-40.0
-15.5
-5.0
-16.0
-15.0
-5.5
-80.5
-84.5
-26.5
-50.0
-40.0
-10.0
-8.0
-21.0
-29.0
-1.615000000000009
-6.900000000000006
-19.0
-20.0
-41.0
-9.0
-30.0
-2.4799999999999898
-11.5
-23.0
-12.0
-9.0
-24.0
-1.0
-6.0
-4.0
-2.0
-1.0
-2.0
-6.0
-13.0
-12.0
-25.0
-17.0
-38.61500000000001
-10.0
-22.0
-39.0
-37.0
-785.0
-46.0
-22.0
-23.0
-85.48000000000002
-100.51999999999998
-159.0
-113.0
-74.0
-3.0
-62.0
-67.0
-57.0
-41.51999999999998
-45.48000000000002
-39.0
-34.0
-27.0
-561.0
-28.039999999999992
-39.5
-23.0
-11.0
-21.0
-12.0
-24.0
-2.0
-47.0
-150.0
-83.0
-86.0
-32.0
-112.32000000000005
-184.32000000000005
-97.67999999999995
-80.0
-106.0
-24.0
-2.519999999999982
-48.48000000000002
-16.480000000000018
-13.5
-5.0
-28.039999999999992
-45.5
-16.0
-4.0
-16.0
-15.0
-25.0
-21.0
-85.0
-123.48000000000002
-138.51999999999998
-103.48000000000002
-29.480000000000018
-95.51999999999998
-6.519999999999982
-106.0
-41.0
-29.0
-13.0
-16.0
-26.0
-59.0
-17.0
-18.0
-6.039999999999992
-45.5
-31.5
-26.0
-36.0
-38.0
-23.0
-0.5
-74.48000000000002
-87.51999999999998
-62.51999999999998
-27.159999999999968
-263.0
-147.0
-22.0
-246.0
-18.0
-1.0
-47.0
-45.0
-59.0
-4.0
-2.0
-36.0
-65.03999999999999
-45.5
-850.0
-19.0
-33.0
-10.0
-35.0
-12.0
-72.0
-1.0
-81.0
-31.0
-28.960000000000036
-26.960000000000036
-12.0
-51.0
-18.0
-21.0
-25.0
-16.0
-26.0
-19.0
-30.0
-25.0
-6.039999999999992
-49.099999999999994
-41.0
-33.0
-39.0
-20.0
-31.0
-32.0
-30.0
-2.0
-42.0
-44.0
-47.0
-9.0
-3.0
-20.0
-56.0
-6.0
-24.0
-2.0
-18.0
-5.0
-10.0
-8.0
-816.16
-6.900000000000006
-12.0
-32.0
-3.0
-36.0
-3.0
-9.0
-24.0
-796.0
-17.0
-24.0
-14.0
-45.0
-35.0
-28.0
-38.0
-43.0
-20.0
-3.0
-16.0
-11.0
-3.0
-29.0
-26.57499999999999
-38.0
-36.0
-14.0
-31.0
-25.0
-8.0
-35.0
-59.0
-236.0
-114.0
-119.44000000000005
-76.44000000000005
-87.0
-86.0
-73.0
-115.0
-36.0
-57.0
-14.0
-15.0
-34.0
-12.0
-55.0
-75.03999999999999
-37.0
-20.0
-31.0
-29.0
-19.0
-19.0
-11.0
-89.0
-63.48000000000002
-65.51999999999998
-73.39999999999998
-41.39999999999998
-33.39999999999998
-21.600000000000023
-39.39999999999998
-4.519999999999982
-17.480000000000018
-42.51999999999998
-56.51999999999998
-68.48000000000002
-31.519999999999982
-7.47999999999999
-37.5
-54.03999999999999
-44.55000000000001
-29.0
-10.5
-8.0
-14.0
-2.0
-2.0
-34.60000000000002
-50.39999999999998
-97.39999999999998
-52.39999999999998
-3.0
-1.0
-32.0
-24.0
-10.0
-19.0
-35.0
-37.0
-680.0
-15.0
-4.0
-41.0
-21.039999999999992
-43.55000000000001
-49.0
-49.0
-21.0
-43.0
-50.0
-25.0
-64.0
-225.0
-79.0
-55.0
-274.0
-15.0
-6.0
-4.0
-6.0
-48.0
-75.0
-78.0
-39.0
-54.0
-29.0
-42.0
-75.03999999999999
-220.55
-13.0
-23.0
-14.0
-15.0
-54.0
-19.5
-55.0
-29.0
-67.0
-140.76
-104.60000000000002
-26.399999999999977
-52.60000000000002
-20.0
-25.0
-88.0
-32.960000000000036
-75.83999999999997
-9.160000000000025
-17.639999999999986
-20.58000000000004
-30.0
-54.03999999999999
-22.19999999999999
-1.5
-18.75999999999999
-2.0
-22.0
-13.5
-44.0
-30.5
-21.0
-17.5
-28.0
-55.0
-48.5
-74.80000000000001
-17.5
-6.199999999999989
-39.80000000000001
-0.0
-14.0
-39.0
-22.0
-3.0
-16.0
-10.425000000000011
-4.599999999999994
-17.0
-9.0
-4.0
-28.0
-13.0
-51.0
-59.0
-36.0
-6.0
-9.0
-20.0
-22.0
-4.0
-32.0
-9.0
-18.0
-0.0
-0.0
-15.0
-3.0
-16.0
-25.0
-18.00999999999999
-1.9000000000000057
-31.0
-29.02000000000001
-21.02000000000001
-31.00999999999999
-48.0
-28.0
-71.0
-113.0
-94.0
-142.0
-93.0
-249.0
-63.0
-50.0
-41.0
-59.84000000000003
-35.15999999999997
-0.160000000000025
-12.839999999999975
-4.160000000000025
-3.160000000000025
-47.0
-6.039999999999992
-33.05000000000001
-1.0
-30.0
-31.0
-24.0
-23.0
-28.0
-115.0
-39.0
-0.0
-69.0
-5.0
-22.0
-20.0
-6.0
-57.0
-61.0
-34.0
-29.0
-21.0
-47.0
-15.0
-22.0
-6.039999999999992
-21.05000000000001
-6.0
-16.0
-19.0
-11.0
-3.0
-15.0
-125.0
-32.0
-74.0
-34.0
-56.0
-13.0
-10.0
-6.0
-22.0
-12.0
-56.0
-11.0
-72.0
-99.0
-54.0
-30.0
-23.0
-35.05000000000001
-17.0
-1.0
-3.0
-18.0
-29.0
-3.0
-84.0
-344.0
-21.0
-36.0
-30.0
-14.0
-8.0
-5.67999999999995
-7.32000000000005
-24.67999999999995
-17.0
-51.48000000000002
-93.48000000000002
-27.0
-10.0
-15.5
-41.315
-40.05000000000001
-845.0
-29.0
-14.5
-22.5
-29.5
-12.0
-77.88
-60.0
-18.0
-59.0
-16.0
-9.0
-12.0
-4.0
-4.0
-22.0
-65.0
-60.0
-88.0
-53.0
-28.0
-15.0
-46.315
-26.599999999999994
-3.0
-476.0
-4.0
-2.0
-36.0
-51.0
-0.0
-429.0
-49.0
-24.0
-11.0
-18.0
-31.0
-26.0
-14.0
-15.0
-6.0
-19.0
-17.0
-8.0
-9.0
-27.0
-17.954999999999956
-26.599999999999994
-1.0
-37.0
-24.0
-2.0
-2.0
-3.0
-56.0
-28.0
-45.51999999999998
-39.51999999999998
-42.0
-35.0
-39.0
-43.0
-46.0
-175.0
-18.0
-2.0
-6.0
-14.0
-12.0
-5.0
-4.099999999999994
-18.0
-49.0
-32.0
-20.0
-21.0
-0.0
-19.0
-85.0
-80.0
-162.0
-23.0
-44.0
-69.0
-48.0
-8.0
-29.0
-18.0
-48.0
-18.0
-47.0
-29.0
-11.0
-7.0
-46.315
-228.92000000000002
-62.079999999999984
-64.07999999999998
-31.079999999999984
-36.079999999999984
-79.07999999999998
-415.08
-177.92000000000002
-147.08000000000004
-302.08000000000004
-3.080000000000041
-82.91999999999996
-63.91999999999996
-261.08000000000004
-36.08000000000004
-67.91999999999996
-510.0
-187.0
-28.839999999999975
-42.839999999999975
-37.0
-35.0
-6.0
-10.314999999999998
-5.0
-38.0
-26.0
-18.0
-29.0
-11.0
-34.0
-74.0
-234.0
-21.0
-19.0
-6.0
-63.0
-26.0
-28.0
-80.0
-75.0
-137.0
-73.0
-29.0
-11.0
-84.0
-84.0
-46.315
-31.0
-26.0
-13.0
-30.0
-32.0
-25.0
-43.0
-24.0
-24.0
-35.0
-46.0
-16.0
-10.0
-627.0
-73.0
-74.0
-55.0
-81.0
-45.0
-13.0
-13.0
-17.0
-6.0
-232.1
-13.0
-7.0
-17.0
-2.0
-670.0
-38.0
-19.0
-29.0
-29.0
-2.0
-35.0
-101.0
-1.0
-109.0
-10.0
-13.0
-29.0
-28.0
-17.0
-10.5
-6.0
-1.0
-5.0
-313.1
-12.0
-5.0
-0.0
-70.0
-51.0
-33.0
-18.0
-20.0
-2.0
-5.0
-32.0
-783.0
-14.0
-3.0
-10.0
-13.0
-10.0
-20.0
-22.0
-79.0
-518.0
-1.0
-93.0
-90.15
-6.0
-13.0
-20.0
-1.0
-6.0
-6.0
-28.0
-78.0
-114.0
-155.0
-80.0
-150.0
-79.0
-144.0
-134.0
-140.0
-182.0
-52.0
-30.0
-53.0
-108.0
-27.0
-45.0
-46.315
-23.0
-1.0
-8.0
-3.960000000000008
-5.0
-37.0
-6.0
-108.0
-37.0
-14.0
-13.0
-27.0
-51.0
-6.0
-14.0
-170.0
-99.0
-17.0
-0.0
-36.04000000000002
-30.04000000000002
-47.0
-7.0
-8.314999999999998
-10.0
-8.0
-8.0
-0.0
-15.0
-7.0
-11.0
-133.0
-33.0
-16.0
-36.559999999999945
-102.55999999999995
-4.440000000000055
-21.440000000000055
-18.799999999999955
-5.159999999999968
-23.67999999999995
-21.91999999999996
-122.08000000000004
-17.560000000000002
-55.56
-52.68000000000001
-22.0
-8.314999999999998
-26.0
-3.0
-10.5
-5.0
-12.5
-28.5
-1.0
-28.720000000000027
-27.720000000000027
-11.279999999999973
-6.720000000000027
-62.039999999999964
-36.960000000000036
-0.9600000000000364
-4.960000000000036
-25.039999999999964
-7.960000000000036
-50.0
-21.0
-75.0
-34.0
-52.0
-14.0
-8.314999999999998
-0.5
-3.0
-10.5
-5.0
-10.5
-38.0
-1.0
-88.0
-61.0
-10.0
-23.0
-24.0
-36.0
-38.75999999999999
-19.24000000000001
-1.240000000000009
-8.759999999999991
-45.960000000000036
-43.04000000000002
-585.0
-17.0
-12.0
-11.0
-7.314999999999998
-7.0
-2.0
-787.0
-6.0
-10.0
-31.0
-6.0
-62.0
-75.0
-28.0
-15.0
-8.0
-108.32000000000005
-31.67999999999995
-110.67999999999995
-35.0
-13.0
-34.0
-38.31999999999999
-56.68000000000001
-16.680000000000007
-65.0
-24.0
-7.314999999999998
-24.5
-21.5
-544.5
-39.0
-33.0
-58.0
-41.98000000000005
-18.0
-17.0
-9.5
-40.5
-33.0
-37.0
-31.0
-22.5
-19.0
-14.800000000000011
-12.0
-50.0
-3.0
-15.5
-8.5
-7.5
-1.3799999999999955
-11.5
-2.5
-7.5
-3.0
-9.0
-53.0
-44.96000000000001
-45.0
-2.0
-41.5
-3.0
-14.0
-34.0
-27.0
-35.0
-35.0
-8.0
-18.0
-3.0
-3.0
-26.0
-42.0
-21.0
-1.6200000000000045
-67.34
-35.0
-38.0
-15.0
-36.0
-19.0
-30.0
-166.0
-59.0
-49.0
-23.0
-73.0
-37.0
-8.519999999999982
-10.480000000000018
-88.0
-20.0
-25.0
-10.0
-19.0
-75.0
-7.0
-10.0
-8.314999999999998
-61.68000000000001
-66.68
-72.68
-50.72
-21.319999999999993
-13.680000000000007
-21.19999999999999
-24.80000000000001
-262.32000000000005
-13.32000000000005
-7.32000000000005
-1.67999999999995
-27.67999999999995
-10.32000000000005
-30.32000000000005
-39.32000000000005
-67.32000000000005
-40.32000000000005
-38.68000000000001
-13.680000000000007
-39.31999999999999
-17.680000000000007
-12.319999999999993
-31.629999999999995
-121.44
-95.44
-71.44
-78.44
-59.44
-87.44
-67.44
-0.4399999999999977
-43.559999999999945
-83.55999999999995
-29.559999999999945
-5.559999999999945
-1.4400000000000546
-84.55999999999995
-48.559999999999945
-64.55999999999995
-33.559999999999945
-49.440000000000055
-159.56
-27.560000000000002
-52.56
-23.439999999999998
-10.439999999999998
-64.75999999999999
-10.0
-11.0
-2.0
-22.0
-28.0
-5.0
-12.0
-104.0
-19.0
-41.0
-39.0
-3.0
-57.0
-37.0
-12.0
-37.0
-9.0
-22.0
-135.0
-386.0
-39.0
-35.0
-5.0
-6.680000000000007
-12.5
-15.0
-35.0
-1.0
-9.0
-5.0
-21.0
-44.0
-114.0
-29.519999999999982
-17.519999999999982
-81.0
-5.0
-256.44000000000005
-25.440000000000055
-66.44000000000005
-36.440000000000055
-30.559999999999945
-96.56
-78.56
-3.4399999999999977
-14.159999999999968
-105.0
-149.0
-42.0
-97.0
-37.0
-16.0
-92.0
-41.0
-3.0
-40.0
-94.0
-1.0
-4.0
-13.569999999999993
-3.0
-8.0
-25.0
-2.0
-27.0
-16.0
-643.0
-18.0
-44.0
-94.0
-49.0
-167.0
-115.0
-95.0
-9.0
-6.0
-73.0
-58.0
-50.0
-17.0
-71.0
-50.0
-13.0
-13.569999999999993
-27.0
-16.0
-11.0
-7.0
-8.0
-41.0
-2.0
-82.04000000000002
-34.960000000000036
-14.0
-84.0
-75.0
-82.0
-3.0
-38.0
-21.0
-4.0
-62.0
-27.0
-60.0
-22.0
-54.0
-4.0
-13.569999999999993
-20.0
-9.0
-15.0
-6.0
-20.0
-39.0
-1.0
-23.0
-24.0
-103.0
-28.0
-34.0
-37.0
-14.0
-55.0
-44.0
-33.0
-16.0
-16.0
-3.0
-61.0
-26.0
-40.0
-14.569999999999993
-2.0
-14.0
-0.0
-4.0
-21.0
-6.0
-5.0
-167.0
-69.0
-70.56
-35.56
-93.0
-3.0
-73.0
-31.0
-85.0
-24.0
-58.0
-9.0
-44.0
-53.0
-14.0
-0.0
-24.939999999999998
-31.0
-29.0
-1.0
-9.0
-14.0
-27.0
-11.0
-0.0
-41.0
-68.0
-228.0
-85.0
-234.0
-79.0
-93.0
-43.0
-33.0
-27.0
-108.0
-32.0
-28.0
-3.0
-26.0
-785.06
-8.0
-6.0
-12.0
-13.0
-28.0
-23.0
-6.0
-151.0
-415.0
-140.0
-88.0
-124.0
-1.0
-48.0
-46.0
-55.0
-38.0
-71.0
-200.0
-75.0
-63.0
-167.0
-12.0
-13.569999999999993
-37.0
-11.0
-8.0
-24.0
-22.0
-3.0
-24.0
-33.0
-81.0
-17.0
-74.0
-129.0
-4.0
-13.0
-3.0
-2.0
-23.0
-185.0
-23.0
-34.0
-23.0
-21.0
-2.0
-26.430000000000007
-4.0
-13.0
-10.0
-16.0
-11.0
-17.0
-32.0
-16.0
-14.0
-93.0
-103.0
-134.0
-16.0
-42.0
-47.0
-31.0
-25.0
-41.0
-63.0
-19.0
-28.0
-2.0
-48.0
-44.56999999999999
-27.0
-14.0
-24.0
-24.0
-7.0
-0.0
-28.0
-18.0
-52.0
-72.0
-81.0
-93.0
-25.0
-34.0
-3.0
-14.0
-41.0
-13.0
-7.0
-114.0
-25.0
-5.0
-24.0
-44.56999999999999
-5.0
-288.0
-47.0
-14.0
-15.0
-62.0
-54.0
-22.0
-10.0
-83.0
-62.0
-46.0
-1.0
-96.0
-32.0
-11.0
-45.0
-168.0
-48.0
-498.0
-89.0
-13.0
-9.0
-9.430000000000007
-12.0
-10.0
-12.0
-3.0
-8.0
-9.0
-59.0
-59.0
-60.0
-165.0
-6.0
-177.0
-28.0
-66.0
-74.0
-76.0
-48.0
-64.0
-142.0
-10.0
-4.0
-6.0
-19.0
-11.060000000000002
-37.0
-21.0
-42.0
-34.0
-46.0
-21.0
-7.0
-11.0
-8.0
-115.56
-292.44
-203.0
-50.0
-44.0
-65.0
-66.0
-53.0
-119.0
-21.0
-39.0
-22.0
-14.0
-593.0
-9.939999999999998
-7.0
-6.0
-3.0
-3.0
-5.0
-31.0
-26.0
-135.0
-167.0
-4.0
-62.0
-111.0
-14.0
-55.0
-55.0
-69.0
-25.0
-147.0
-6.0
-6.0
-57.0
-39.0
-3.0
-13.569999999999993
-5.0
-34.0
-9.0
-2.0
-36.0
-48.0
-29.0
-8.0
-104.0
-16.0
-57.0
-17.0
-16.0
-35.0
-46.0
-8.0
-100.0
-87.0
-3.0
-400.0
-66.0
-27.0
-4.0
-14.569999999999993
-13.0
-3.0
-5.0
-13.0
-14.0
-10.0
-50.0
-3.0
-28.0
-30.0
-55.0
-23.0
-52.0
-9.0
-520.0
-35.0
-70.0
-76.0
-31.0
-75.0
-12.0
-10.0
-23.0
-13.569999999999993
-5.0
-8.0
-12.0
-11.0
-2.0
-10.0
-39.0
-208.0
-176.0
-56.960000000000036
-230.96000000000004
-16.0
-23.0
-57.0
-91.0
-79.0
-112.0
-88.0
-69.0
-31.0
-29.0
-14.0
-8.0
-13.569999999999993
-21.0
-11.0
-33.0
-11.0
-289.0
-547.0
-21.0
-81.0
-241.0
-162.0
-139.0
-88.0
-91.0
-102.0
-189.0
-218.0
-50.0
-81.0
-113.0
-75.0
-3.0
-7.0
-16.0
-25.430000000000007
-10.0
-7.0
-22.0
-25.0
-15.0
-26.0
-6.0
-119.0
-223.0
-114.0
-101.0
-81.0
-9.0
-240.0
-162.0
-78.0
-3.0
-2.0
-10.0
-38.0
-6.0
-5.0
-6.0
-62.43000000000001
-53.0
-5.0
-4.0
-25.0
-34.0
-34.0
-64.0
-55.0
-53.0
-12.0
-12.0
-16.0
-2.0
-14.0
-35.0
-10.0
-12.0
-19.0
-18.0
-1.0
-11.0
-3.0
-240.0
-46.94
-17.439999999999998
-1.4399999999999977
-1.0
-8.0
-0.0
-4.0
-10.0
-11.0
-28.400000000000006
-16.400000000000006
-10.0
-1.0
-12.0
-18.0
-11.0
-24.0
-4.0
-7.0
-7.0
-15.0
-3.0
-2.0
-18.0
-6.1699999999999875
-10.0
-16.0
-0.0
-5.0
-5.0
-4.0
-14.0
-21.0
-4.0
-7.0
-23.0
-14.0
-2.0
-84.0
-6.960000000000008
-263.96000000000004
-8.0
-3.0
-7.0
-1.0
-13.0
-16.0
-10.0
-3.1899999999999977
-16.0
-16.0
-9.0
-15.0
-5.0
-2.0
-22.0
-12.0
-16.0
-18.0
-41.0
-3.0
-8.0
-6.0
-6.0
-8.0
-3.0
-12.0
-7.0
-3.0
-0.0
-9.0
-0.0
-204.19
-696.0
-10.0
-8.0
-9.0
-6.0
-7.0
-14.0
-7.0
-15.0
-2.0
-4.0
-16.0
-2.5
-9.0
-12.0
-1.0
-12.0
-1.0
-4.0
-518.0
-2.0
-9.0
-9.0
-8.879999999999995
-8.0
-12.0
-8.0
-20.0
-5.0
-12.0
-11.0
-5.0
-26.0
-1.0
-17.0
-14.0
-3.0
-10.0
-45.28
-3.0
-6.0
-7.0
-2.0
-15.0
-1.0
-5.0
-5.0
-0.8899999999999864
-11.0
-5.0
-17.0
-1.0
-10.439999999999998
-6.439999999999998
-21.0
-10.0
-4.0
-7.0
-22.0
-9.0
-375.0
-68.0
-42.28
-5.0
-14.0
-3.0
-13.0
-19.0
-2.0
-9.0
-10.0
-10.150000000000006
-11.0
-3.0
-4.0
-3.0
-4.0
-1.960000000000008
-6.039999999999992
-118.0
-269.0
-258.0
-222.0
-12.0
-10.0
-217.0
-225.0
-230.0
-267.48
-20.519999999999982
-67.0
-60.56
-18.0
-59.0
-21.5
-62.43000000000001
-42.0
-3.0
-7.0
-6.5
-7.0
-25.0
-22.47999999999999
-114.51999999999998
-81.0
-4.0
-10.0
-66.0
-7.0
-31.0
-163.0
-184.0
-6.0
-31.0
-83.0
-12.0
-43.0
-66.0
-27.0
-13.569999999999993
-20.0
-19.0
-9.0
-218.0
-20.0
-17.0
-6.0
-24.0
-190.0
-88.08000000000004
-52.91999999999996
-24.0
-16.0
-13.0
-38.0
-10.0
-33.0
-95.0
-98.0
-3.0
-17.0
-10.0
-51.0
-14.569999999999993
-23.0
-33.0
-128.0
-30.0
-15.0
-23.0
-8.0
-34.920000000000016
-34.08000000000004
-81.84000000000003
-17.840000000000032
-203.84000000000003
-30.159999999999968
-67.84000000000003
-32.0
-12.759999999999991
-7.759999999999991
-8.240000000000009
-27.24000000000001
-47.80000000000001
-6.800000000000011
-12.759999999999991
-16.5
-13.569999999999993
-15.5
-19.5
-33.0
-402.5
-3.5
-5.0
-28.0
-153.0
-8.0
-231.0
-254.0
-288.0
-173.0
-18.0
-2.0
-564.0
-190.0
-18.0
-67.0
-62.0
-20.0
-11.0
-17.0
-13.569999999999993
-6.0
-12.0
-21.0
-22.0
-1.0
-8.0
-22.0
-27.0
-28.0
-105.0
-12.0
-14.0
-12.0
-34.0
-7.0
-18.0
-21.0
-60.0
-27.439999999999998
-56.56
-3.0
-17.0
-482.0
-13.569999999999993
-15.0
-40.0
-12.0
-17.0
-6.0
-9.0
-10.0
-141.0
-128.0
-77.0
-75.0
-79.0
-55.0
-90.0
-60.44
-125.0
-67.0
-70.0
-23.0
-26.0
-16.0
-7.0
-7.0
-37.66
-36.5
-17.5
-17.0
-2.0
-16.5
-7.0
-60.0
-52.0
-2.0
-14.0
-18.0
-14.0
-12.0
-10.0
-0.0
-3.0
-17.0
-5.0
-23.0
-8.0
-12.0
-8.0
-60.0
-26.659999999999997
-41.0
-1.0
-26.0
-56.0
-0.5
-17.0
-32.0
-3.0
-30.0
-89.0
-109.0
-57.0
-10.0
-41.0
-27.0
-14.0
-5.0
-115.0
-65.0
-15.0
-14.0
-8.0
-23.0
-14.569999999999993
-44.0
-215.0
-41.0
-36.0
-579.0
-48.0
-25.0
-13.0
-2.0
-15.0
-69.0
-502.0
-36.0
-20.0
-22.0
-17.0
-54.0
-21.0
-151.0
-26.0
-78.0
-37.0
-2.0
-13.569999999999993
-6.0
-20.0
-12.0
-8.0
-17.0
-9.0
-7.0
-15.0
-65.0
-300.0
-60.0
-28.0
-33.0
-41.0
-151.0
-25.0
-301.0
-11.0
-21.0
-208.0
-21.0
-27.0
-9.0
-13.569999999999993
-25.5
-1.0
-2.0
-8.5
-7.0
-1.0
-33.5
-31.519999999999982
-126.50999999999999
-24.0
-23.0
-15.0
-22.0
-0.0
-39.0
-2.0
-17.0
-22.0
-27.0
-45.0
-8.0
-40.0
-6.0
-9.430000000000007
-8.5
-9.0
-16.0
-9.0
-3.0
-11.0
-10.0
-34.0
-56.0
-674.04
-7.960000000000036
-29.0
-46.0
-54.0
-32.0
-33.0
-46.0
-3.0
-14.0
-11.0
-51.0
-30.0
-4.0
-9.430000000000007
-0.5
-2.0
-10.0
-7.0
-9.0
-5.5
-284.5
-133.0
-43.0
-69.0
-13.0
-16.0
-55.0
-15.0
-22.0
-14.0
-70.0
-31.0
-20.0
-28.0
-80.0
-105.0
-114.0
-72.66
-31.5
-11.0
-0.0
-19.0
-532.0
-14.0
-47.5
-6.0
-5.0
-25.0
-41.0
-43.0
-51.0
-30.0
-38.51999999999998
-40.51999999999998
-79.0
-15.0
-7.0
-5.0
-24.0
-5.0
-2.0
-26.659999999999997
-35.0
-3.0
-13.0
-12.0
-5.0
-3.0
-27.0
-12.0
-254.0
-114.0
-25.0
-39.0
-18.0
-58.0
-38.0
-17.0
-43.0
-13.0
-141.0
-24.0
-17.0
-8.0
-19.0
-13.569999999999993
-17.0
-12.0
-28.0
-141.0
-38.0
-60.56
-96.44
-36.0
-3.0
-16.0
-101.0
-104.0
-85.0
-90.0
-9.0
-13.0
-34.0
-31.0
-17.0
-5.939999999999998
-12.0
-10.0
-16.0
-12.0
-14.0
-38.0
-11.0
-5.0
-36.0
-111.0
-58.0
-10.0
-64.0
-36.0
-96.0
-43.0
-33.0
-27.0
-135.0
-32.0
-393.0
-18.0
-14.0
-21.939999999999998
-11.0
-9.0
-5.0
-8.0
-45.0
-28.0
-2.0
-146.0
-45.0
-164.0
-159.0
-85.0
-1.0
-50.0
-48.0
-57.0
-40.0
-68.0
-174.0
-75.0
-17.0
-23.0
-12.0
-13.569999999999993
-3.0
-11.0
-8.0
-15.0
-13.0
-3.0
-24.0
-7.0
-39.0
-76.0
-20.0
-42.0
-4.0
-13.0
-5.0
-13.0
-62.0
-4.0
-26.0
-88.0
-23.0
-20.0
-2.0
-13.569999999999993
-62.0
-9.0
-6.0
-12.0
-9.0
-11.0
-42.0
-16.0
-14.0
-167.0
-83.0
-75.0
-332.0
-42.0
-16.0
-31.0
-22.0
-69.0
-24.0
-530.0
-28.0
-29.0
-17.0
-13.569999999999993
-2.0
-5.0
-15.0
-15.0
-2.0
-1.0
-46.0
-18.0
-24.0
-10.0
-43.0
-43.0
-25.0
-34.0
-18.0
-26.0
-5.0
-13.0
-42.0
-87.0
-39.0
-61.0
-7.0
-13.569999999999993
-25.0
-13.0
-4.0
-14.0
-17.0
-1.0
-20.0
-22.0
-10.0
-14.0
-62.0
-332.0
-1.0
-96.0
-40.0
-56.0
-80.0
-115.0
-169.0
-2.0
-30.0
-13.0
-9.0
-13.569999999999993
-5.0
-30.0
-16.0
-14.0
-9.0
-27.0
-12.0
-1.0
-109.0
-136.0
-21.0
-10.0
-61.0
-2.0
-47.0
-4.0
-41.0
-91.0
-0.0
-31.0
-25.0
-15.0
-2.0
-9.939999999999998
-16.0
-0.0
-21.0
-13.0
-25.0
-9.0
-7.0
-11.0
-6.0
-99.56
-69.44
-69.0
-60.0
-71.0
-92.0
-92.0
-105.0
-23.0
-5.0
-35.0
-18.0
-10.0
-7.0
-5.939999999999998
-3.0
-13.0
-7.0
-7.0
-1.0
-1.0
-26.0
-137.0
-127.0
-4.0
-43.0
-73.0
-12.0
-1.0
-1.0
-13.0
-24.0
-251.0
-35.0
-38.0
-0.0
-24.0
-20.0
-9.430000000000007
-19.0
-38.0
-26.0
-34.0
-20.0
-17.0
-12.0
-33.0
-96.0
-9.0
-62.0
-42.0
-16.0
-66.0
-103.0
-17.0
-146.0
-82.0
-2.0
-65.0
-15.0
-28.0
-3.0
-14.569999999999993
-13.0
-1.0
-5.0
-13.0
-20.0
-36.0
-54.0
-3.0
-75.0
-30.0
-55.0
-23.0
-38.0
-9.0
-23.0
-35.0
-79.0
-2.0
-32.0
-113.0
-685.0
-43.0
-23.0
-13.569999999999993
-16.0
-397.0
-12.0
-215.0
-13.0
-53.0
-23.0
-166.0
-104.0
-118.96000000000004
-91.96000000000004
-95.0
-123.0
-83.0
-146.0
-134.0
-268.0
-72.0
-14.0
-11.0
-44.0
-3.0
-8.0
-13.569999999999993
-21.0
-11.0
-33.0
-6.0
-13.0
-0.0
-21.0
-121.0
-76.0
-56.0
-104.0
-102.0
-106.0
-41.0
-208.0
-191.0
-7.0
-54.0
-83.0
-37.0
-57.0
-67.0
-121.0
-79.57
-33.0
-45.0
-683.0
-14.0
-9.0
-3.0
-6.0
-85.0
-23.0
-112.0
-99.0
-79.0
-59.0
-197.0
-86.0
-20.0
-7.0
-23.0
-10.0
-25.0
-19.0
-63.0
-74.0
-5.569999999999993
-4.0
-26.0
-25.0
-33.0
-42.0
-34.0
-13.0
-23.0
-88.0
-12.0
-12.0
-16.0
-2.0
-14.0
-9.0
-10.0
-12.0
-19.0
-15.0
-4.0
-8.0
-6.0
-10.0
-43.94
-20.439999999999998
-4.439999999999998
-4.0
-5.0
-3.0
-7.0
-13.0
-14.0
-28.400000000000006
-16.400000000000006
-10.0
-2.0
-9.0
-15.0
-8.0
-21.0
-1.0
-4.0
-10.0
-12.0
-6.0
-5.0
-15.0
-3.1699999999999875
-13.0
-13.0
-3.0
-5.0
-8.0
-372.0
-17.0
-24.0
-7.0
-10.0
-26.0
-238.0
-5.0
-1.0
-9.960000000000008
-12.960000000000008
-8.0
-6.0
-4.0
-4.0
-10.0
-19.0
-7.0
-0.18999999999999773
-13.0
-16.0
-9.0
-15.0
-5.0
-2.0
-22.0
-12.0
-16.0
-15.0
-22.0
-6.0
-11.0
-3.0
-9.0
-11.0
-0.0
-15.0
-452.0
-3.0
-0.0
-6.0
-3.0
-14.189999999999998
-6.0
-7.0
-11.0
-6.0
-6.0
-4.0
-14.0
-7.0
-15.0
-2.0
-4.0
-16.0
-2.5
-12.0
-12.0
-1.0
-12.0
-1.0
-4.0
-6.0
-2.0
-9.0
-6.0
-11.879999999999995
-5.0
-9.0
-11.0
-17.0
-8.0
-9.0
-8.0
-8.0
-23.0
-4.0
-17.0
-17.0
-3.0
-10.0
-42.28
-3.0
-9.0
-10.0
-5.0
-12.0
-4.0
-8.0
-8.0
-0.8899999999999864
-11.0
-5.0
-17.0
-1.0
-10.439999999999998
-6.439999999999998
-21.0
-10.0
-4.0
-7.0
-25.0
-9.0
-51.0
-47.0
-42.28
-21.0
-14.0
-3.0
-10.0
-16.0
-1.0
-6.0
-7.0
-13.150000000000006
-8.0
-6.0
-4.0
-3.0
-4.0
-1.960000000000008
-6.039999999999992
-118.0
-253.0
-63.0
-35.0
-12.0
-10.0
-49.0
-171.0
-150.0
-112.51999999999998
-20.519999999999982
-7.0
-59.56
-9.0
-17.0
-20.5
-49.43000000000001
-29.0
-23.0
-27.0
-24.5
-30.0
-48.0
-22.47999999999999
-100.51999999999998
-23.0
-4.0
-10.0
-66.0
-42.0
-52.0
-56.0
-35.0
-616.0
-35.0
-96.0
-88.0
-30.0
-20.0
-27.0
-13.569999999999993
-2.0
-17.0
-10.0
-22.0
-26.0
-13.0
-31.0
-19.0
-75.0
-88.08000000000004
-89.08000000000004
-24.0
-14.0
-15.0
-12.0
-10.0
-2.0
-5.0
-70.0
-3.0
-17.0
-10.0
-50.0
-37.43000000000001
-8.0
-21.0
-10.0
-22.0
-13.0
-26.0
-17.0
-34.920000000000016
-261.91999999999996
-32.84000000000003
-47.84000000000003
-55.84000000000003
-28.159999999999968
-46.84000000000003
-6.0
-92.75999999999999
-7.759999999999991
-32.75999999999999
-12.759999999999991
-53.80000000000001
-6.199999999999989
-13.759999999999991
-16.5
-14.569999999999993
-15.5
-8.5
-22.0
-10.5
-3.5
-5.0
-11.0
-1.0
-8.0
-4.0
-12.0
-13.0
-24.0
-7.0
-27.0
-6.0
-10.0
-18.0
-1.0
-37.0
-33.0
-11.0
-574.0
-14.569999999999993
-6.0
-16.0
-32.0
-1.0
-10.0
-3.0
-11.0
-1.0
-28.0
-5.0
-14.0
-735.0
-58.0
-0.0
-7.0
-18.0
-21.0
-19.0
-28.439999999999998
-56.56
-3.0
-28.0
-25.0
-14.569999999999993
-13.0
-38.0
-10.0
-29.0
-314.0
-13.0
-14.0
-184.0
-29.0
-45.0
-26.0
-30.0
-6.0
-6.0
-11.439999999999998
-41.0
-69.0
-491.0
-20.0
-1.0
-37.0
-4.0
-1.0
-45.66
-36.5
-1.5
-13.0
-5.0
-34.5
-7.0
-27.0
-19.0
-1.0
-14.0
-18.0
-0.0
-2.0
-24.0
-14.0
-19.0
-31.0
-19.0
-28.0
-42.0
-39.0
-51.0
-18.0
-29.659999999999997
-16.0
-2.0
-1.0
-23.0
-50.5
-60.0
-29.0
-142.0
-52.0
-89.0
-5.0
-135.0
-5.0
-97.0
-81.0
-68.0
-49.0
-46.0
-24.0
-75.0
-63.0
-8.0
-22.0
-9.430000000000007
-14.0
-26.0
-38.0
-43.0
-19.0
-19.0
-17.0
-84.0
-2.0
-46.0
-43.0
-48.0
-30.0
-20.0
-22.0
-42.0
-40.0
-21.0
-50.0
-26.0
-4.0
-8.0
-25.0
-9.430000000000007
-13.0
-624.0
-0.0
-20.0
-5.0
-2.0
-24.0
-15.0
-16.0
-6.0
-25.0
-28.0
-12.0
-38.0
-41.0
-16.0
-20.0
-18.0
-26.0
-28.0
-53.0
-27.0
-9.0
-13.569999999999993
-19.5
-13.0
-14.0
-20.5
-19.0
-10.0
-25.5
-5.519999999999982
-126.50999999999999
-7.0
-23.0
-15.0
-14.0
-58.0
-9.0
-23.0
-45.0
-22.0
-13.0
-45.0
-13.0
-116.0
-6.0
-24.569999999999993
-8.5
-5.0
-28.0
-21.0
-15.0
-17.0
-17.0
-34.0
-56.0
-45.039999999999964
-56.960000000000036
-29.0
-12.0
-32.0
-9.0
-10.0
-12.0
-4.0
-14.0
-11.0
-56.0
-30.0
-4.0
-9.430000000000007
-16.5
-19.0
-2.0
-19.0
-19.0
-11.5
-22.5
-30.0
-28.0
-61.0
-24.0
-21.0
-18.0
-22.0
-86.0
-31.0
-67.0
-421.0
-12.0
-60.0
-8.0
-17.0
-8.0
-46.66
-434.5
-16.0
-0.0
-15.0
-7.0
-14.0
-33.5
-1.0
-34.0
-30.0
-70.0
-72.0
-35.0
-14.0
-22.519999999999982
-24.519999999999982
-1.0
-17.0
-5.0
-29.0
-5.0
-24.0
-6.0
-45.66
-32.0
-7.0
-13.0
-31.0
-13.0
-5.0
-30.0
-151.0
-47.0
-65.0
-8.0
-39.0
-23.0
-1.0
-38.0
-17.0
-43.0
-13.0
-17.0
-75.0
-4.0
-8.0
-19.0
-13.569999999999993
-6.0
-2.0
-36.0
-44.0
-43.0
-39.0
-6.0
-19.0
-31.0
-8.0
-597.0
-2.0
-78.0
-2.0
-12.0
-5.0
-58.0
-19.0
-3.0
-60.0
-6.0
-349.0
-13.0
-13.569999999999993
-5.0
-10.0
-4.0
-25.0
-35.0
-42.0
-4.0
-22.0
-3.0
-14.0
-18.0
-9.0
-42.0
-13.0
-7.0
-13.0
-13.0
-142.0
-0.0
-3.0
-16.0
-15.0
-25.0
-9.430000000000007
-350.0
-21.0
-38.0
-7.0
-42.0
-32.0
-4.0
-4.0
-52.0
-58.0
-39.0
-3.0
-72.0
-20.0
-20.0
-23.0
-10.0
-85.0
-1.0
-11.0
-27.399999999999977
-39.0
-33.0
-13.569999999999993
-13.0
-19.0
-8.0
-18.0
-111.0
-34.0
-57.0
-164.0
-534.0
-18.0
-10.0
-77.0
-62.0
-36.0
-22.0
-34.0
-1.0
-19.0
-7.0
-19.0
-197.0
-12.0
-8.0
-56.07499999999999
-18.0
-26.0
-24.0
-16.0
-17.0
-20.0
-22.0
-99.0
-326.0
-85.0
-51.08000000000004
-74.0
-18.0
-85.0
-57.0
-63.0
-35.120000000000005
-41.0
-147.0
-59.0
-30.0
-34.0
-51.0
-36.964999999999975
-42.84
-38.0
-11.240000000000009
-145.28
-12.0
-18.0
-25.0
-1.0
-10.0
-9.0
-31.0
-47.0
-1.0
-47.120000000000005
-31.120000000000005
-18.0
-8.0
-69.0
-4.32000000000005
-42.160000000000025
-76.16000000000003
-55.0
-6.0
-23.220000000000027
-81.68
-219.0
-27.52000000000001
-1.0
-33.0
-13.0
-16.0
-57.360000000000014
-145.48000000000002
-1.7999999999999545
-23.480000000000018
-39.60000000000002
-18.32000000000005
-31.0
-13.840000000000032
-0.7200000000000273
-25.120000000000005
-37.120000000000005
-2.8799999999999955
-44.0
-82.0
-24.0
-54.0
-18.154999999999973
-28.840000000000003
-5.0
-6.240000000000009
-16.5
-5.5
-650.0
-26.0
-80.0
-9.720000000000027
-33.72000000000003
-4.039999999999964
-8.960000000000036
-36.960000000000036
-9.039999999999964
-20.960000000000036
-44.960000000000036
-19.960000000000036
-47.039999999999964
-26.960000000000036
-68.04000000000002
-8.95999999999998
-32.04000000000002
-13.0
-52.15499999999997
-48.84
-53.0
-2.0
-20.0
-10.0
-8.0
-17.0
-24.0
-60.0
-63.0
-8.0
-43.879999999999995
-70.0
-17.0
-33.0
-53.0
-82.0
-4.0
-95.0
-8.120000000000005
-74.0
-21.0
-32.0
-52.15499999999997
-1.5
-20.0
-2.5
-0.0
-11.0
-437.5
-11.5
-160.5
-41.5
-1.0
-1.0
-5.0
-24.0
-5.0
-134.74
-20.480000000000018
-3.5200000000000102
-11.0
-24.0
-16.0
-32.0
-6.0
-21.0
-68.07499999999999
-18.5
-5.0
-12.5
-10.0
-21.0
-13.5
-9.5
-11.5
-10.5
-17.0
-11.5
-20.0
-19.5
-10.759999999999991
-20.25999999999999
-25.74000000000001
-23.24000000000001
-19.840000000000003
-21.0
-17.0
-21.5
-22.0
-7.0
-40.07499999999999
-13.840000000000003
-51.66
-28.0
-45.5
-36.5
-22.5
-9.0
-118.0
-3.0
-145.0
-104.44000000000005
-36.32000000000005
-40.440000000000055
-14.67999999999995
-17.67999999999995
-19.67999999999995
-7.840000000000032
-41.15999999999997
-86.15999999999997
-42.15999999999997
-80.83999999999997
-60.160000000000025
-33.0
-22.154999999999973
-1.8400000000000034
-28.659999999999997
-200.0
-15.0
-19.0
-11.0
-2.0
-31.0
-28.0
-33.0
-20.0
-16.399999999999977
-55.67999999999995
-3.3999999999999773
-16.0
-23.559999999999945
-8.440000000000055
-25.440000000000055
-2.5599999999999454
-61.44
-11.439999999999998
-7.439999999999998
-54.0
-57.089999999999975
-31.840000000000003
-36.31999999999999
-9.0
-26.0
-7.0
-33.0
-37.0
-120.0
-9.080000000000041
-84.0
-20.0
-0.0
-21.0
-41.0
-11.0
-48.0
-65.0
-15.0
-215.0
-15.0
-38.0
-669.0
-9.0
-11.97999999999999
-28.840000000000003
-27.0
-12.0
-10.0
-28.0
-2.0
-5.0
-101.0
-30.0
-65.0
-8.0
-16.0
-37.879999999999995
-10.0
-84.0
-12.0
-6.0
-14.0
-12.0
-15.0
-31.0
-28.0
-16.0
-35.39500000000001
-28.840000000000003
-30.0
-10.0
-21.0
-6.0
-28.0
-10.0
-14.0
-23.0
-12.879999999999995
-545.52
-2.519999999999982
-24.519999999999982
-4.519999999999982
-9.879999999999995
-17.0
-51.120000000000005
-17.32000000000005
-0.67999999999995
-25.319999999999993
-22.0
-12.0
-36.0
-12.39500000000001
-21.5
-20.0
-10.5
-55.0
-24.0
-42.0
-30.5
-160.5
-363.0
-8.0
-39.0
-22.0
-0.0
-17.0
-36.0
-35.0
-27.0
-11.0
-22.0
-15.0
-21.5
-47.0
-27.0
-66.07499999999999
-10.5
-9.0
-28.0
-36.0
-34.0
-38.0
-3.0
-98.0
-10.0
-3.0
-9.0
-44.0
-14.0
-192.0
-39.0
-21.0
-8.0
-37.0
-25.0
-18.0
-43.0
-28.0
-14.0
-32.07499999999999
-24.840000000000003
-84.0
-5.0
-3.0
-2.0
-5.0
-19.0
-6.0
-18.0
-168.0
-50.0
-35.0
-54.0
-10.0
-27.0
-30.0
-56.0
-2.0
-16.0
-19.120000000000005
-53.0
-26.0
-3.0
-1.3950000000000102
-278.0
-11.0
-7.0
-10.0
-2.0
-6.0
-39.0
-54.0
-41.0
-24.0
-15.0
-0.0
-35.879999999999995
-50.0
-34.0
-3.1200000000000045
-2.0
-19.0
-9.120000000000005
-56.0
-29.0
-30.0
-2.0
-5.810000000000002
-587.0
-50.920000000000016
-43.920000000000016
-49.920000000000016
-9.5
-37.920000000000016
-23.920000000000016
-62.079999999999984
-18.079999999999984
-468.0
-95.0
-2.0
-1.0
-1.0
-27.0
-13.0
-163.0
-42.0
-47.0
-37.0
-0.8799999999999955
-26.0
-0.0
-48.94
-152.0
-24.0
-0.0
-5.0
-73.0
-59.0
-73.0
-19.0
-35.0
-15.0
-19.0
-11.879999999999995
-12.0
-3.0
-45.0
-21.0
-11.0
-21.08000000000004
-60.0
-105.0
-49.0
-19.0
-18.0
-24.860000000000014
-24.0
-11.0
-4.0
-13.0
-17.0
-26.0
-2.0
-32.0
-30.0
-15.0
-33.0
-14.0
-36.0
-24.0
-8.0
-37.0
-45.0
-10.0
-57.0
-37.0
-54.0
-48.0
-16.0
-14.345000000000027
-4.0
-54.0
-21.0
-16.0
-7.0
-5.0
-25.0
-32.0
-3.0
-7.0
-0.0
-1.0
-11.0
-26.0
-25.0
-30.0
-8.0
-40.0
-16.0
-19.0
-0.0
-5.0
-33.0
-66.07499999999999
-34.0
-14.0
-12.0
-4.0
-44.0
-31.0
-21.0
-35.0
-14.0
-16.0
-23.0
-42.0
-8.0
-20.0
-40.0
-9.0
-4.0
-7.0
-11.0
-22.0
-32.0
-21.0
-5.0
-39.07499999999999
-6.0
-6.0
-5.0
-9.0
-23.0
-39.0
-42.0
-122.0
-1.0
-224.0
-35.91999999999996
-14.0
-10.0
-15.799999999999955
-12.0
-4.0
-30.0
-74.0
-106.0
-25.0
-13.0
-69.0
-164.0
-18.345000000000027
-1.0
-20.0
-4.0
-12.0
-2.5
-25.0
-3.0
-31.0
-14.0
-633.0
-66.0
-46.0
-121.0
-187.0
-32.0
-17.0
-136.0
-5.0
-17.0
-80.24000000000001
-18.0
-2.0
-3.0
-24.345000000000027
-41.0
-22.0
-1.0
-5.0
-12.0
-24.0
-8.0
-10.0
-17.0
-46.0
-52.0
-62.0
-20.0
-8.0
-2.8799999999999955
-24.0
-8.0
-37.0
-39.0
-9.0
-23.0
-42.0
-82.0
-18.829999999999984
-20.0
-55.0
-1.0
-0.0
-11.0
-18.0
-28.0
-29.0
-30.0
-47.0
-28.0
-44.0
-17.0
-14.0
-25.0
-28.0
-36.0
-9.0
-65.0
-4.0
-7.0
-5.0
-35.0
-33.879999999999995
-0.0
-41.0
-6.0
-1.0
-1.0
-2.0
-9.0
-6.1200000000000045
-23.0
-27.0
-71.0
-51.0
-20.879999999999995
-19.0
-0.0
-33.0
-42.0
-5.0
-77.0
-4.0
-16.0
-10.0
-27.0
-31.465000000000032
-26.0
-19.0
-6.0
-7.0
-21.0
-41.0
-35.0
-20.0
-31.0
-24.0
-1.0
-43.0
-19.0
-22.0
-91.0
-93.0
-6.0
-21.0
-32.0
-38.0
-5.0
-26.0
-71.0
-85.07499999999999
-4.0
-40.0
-49.0
-40.0
-66.0
-30.0
-26.0
-1.0
-30.0
-563.0
-347.0
-23.0
-14.0
-0.0
-3.0
-26.0
-24.0
-6.0
-41.0
-19.0
-360.0
-37.0
-39.0
-68.07499999999999
-19.0
-18.0
-9.0
-11.0
-20.0
-30.0
-2.0
-14.0
-19.0
-14.0
-8.0
-27.0
-13.0
-3.0
-2.0
-6.0
-639.0
-18.0
-32.0
-2.0
-14.0
-23.0
-8.0
-39.07499999999999
-27.0
-18.0
-1.0
-13.0
-5.0
-18.0
-13.0
-150.0
-20.0
-60.0
-110.0
-120.0
-55.0
-96.12
-314.0
-74.08000000000004
-72.0
-555.0
-31.08000000000004
-98.0
-40.0
-17.0
-13.0
-30.465000000000032
-29.0
-20.0
-10.0
-2.0
-18.0
-5.0
-3.0
-117.0
-25.0
-66.0
-31.0
-14.0
-25.0
-45.0
-36.120000000000005
-37.0
-45.0
-6.0
-50.0
-69.0
-15.0
-33.0
-24.0
-31.465000000000032
-19.5
-8.0
-14.5
-10.0
-12.0
-10.0
-8.0
-155.0
-10.0
-35.0
-53.0
-13.0
-1.0
-35.0
-48.0
-32.0
-61.0
-5.0
-70.0
-22.0
-40.0
-8.0
-41.079999999999984
-31.465000000000032
-2.0
-26.0
-12.5
-18.0
-6.0
-33.0
-17.0
-95.0
-9.0
-67.0
-51.0
-58.0
-66.0
-9.0
-101.0
-52.0
-5.8799999999999955
-32.0
-32.0
-11.0
-26.0
-2.0
-31.0
-20.465000000000032
-39.0
-6.0
-1.0
-30.0
-48.0
-48.0
-33.0
-11.0
-28.0
-6.0
-32.0
-39.0
-17.0
-33.0
-84.0
-1.0
-5.0
-42.0
-11.0
-617.0
-22.0
-32.0
-652.0
-35.07499999999999
-14.0
-18.0
-22.0
-6.0
-6.0
-9.0
-22.0
-9.0
-2.4399999999999977
-5.0
-19.0
-18.0
-24.0
-8.0
-40.0
-14.0
-70.0
-26.0
-31.0
-25.0
-21.0
-22.0
-13.0
-35.07499999999999
-4.0
-0.0
-7.0
-1.0
-54.0
-12.0
-7.0
-135.0
-9.0
-21.120000000000005
-70.0
-78.0
-48.0
-15.0
-9.0
-6.1200000000000045
-24.0
-110.0
-67.0
-25.0
-123.0
-45.0
-7.0
-31.465000000000032
-22.0
-1.0
-51.0
-33.0
-34.0
-31.0
-21.0
-178.0
-10.0
-73.96000000000004
-33.960000000000036
-34.0
-44.0
-20.0
-29.08000000000004
-13.0
-15.0
-53.0
-23.0
-39.0
-41.879999999999995
-1.0
-10.0
-31.465000000000032
-21.0
-24.0
-6.0
-22.0
-14.0
-477.0
-1.0
-75.0
-12.0
-83.0
-59.0
-60.0
-23.0
-264.0
-45.0
-71.0
-5.0
-46.0
-85.0
-38.0
-147.0
-47.0
-4.0
-38.05000000000001
-0.5
-11.0
-26.0
-30.0
-26.0
-25.0
-5.0
-4.0
-11.0
-11.0
-1.0
-22.0
-92.0
-22.120000000000005
-18.120000000000005
-25.0
-13.0
-0.7999999999999545
-80.0
-107.0
-243.0
-36.0
-25.0
-3.4850000000000136
-12.0
-47.0
-58.0
-23.0
-13.0
-692.0
-29.0
-260.0
-5.0
-42.0
-14.0
-30.0
-6.0
-4.1200000000000045
-14.0
-22.0
-49.0
-9.0
-25.0
-45.0
-66.0
-27.0
-33.0
-3.4850000000000136
-9.0
-27.0
-5.0
-27.0
-17.0
-12.0
-33.0
-53.0
-23.120000000000005
-36.0
-37.0
-91.0
-383.0
-78.0
-7.0
-57.0
-10.0
-10.0
-10.0
-12.0
-502.0
-11.0
-14.0
-68.07499999999999
-4.0
-15.0
-19.0
-42.0
-38.0
-36.0
-420.0
-11.0
-6.0
-20.0
-10.0
-29.0
-44.0
-36.0
-3.0
-2.0
-39.0
-9.0
-88.0
-33.0
-4.0
-20.569999999999993
-6.0
-6.0
-20.0
-5.0
-0.0
-1.5
-7.5
-27.0
-53.0
-22.0
-76.0
-24.0
-14.0
-719.0
-27.0
-5.0
-18.0
-10.0
-547.0
-25.0
-75.0
-15.0
-13.0
-24.569999999999993
-27.0
-23.0
-1.0
-28.0
-60.0
-2.0
-42.0
-35.0
-5.0
-46.0
-51.0
-22.0
-41.0
-6.0
-19.0
-18.0
-43.0
-19.0
-4.0
-14.0
-18.0
-12.0
-10.0
-39.66
-10.5
-2.5
-12.5
-17.0
-1.5
-21.0
-49.0
-46.0
-10.0
-15.0
-8.0
-27.0
-0.0
-6.0
-28.0
-1.0
-28.0
-20.0
-11.0
-7.0
-3.0
-8.0
-668.0
-41.66
-10.0
-8.0
-7.0
-11.0
-0.0
-24.5
-1.5
-109.56
-5.0
-20.0
-9.0
-47.0
-18.0
-51.0
-44.0
-28.0
-15.0
-58.32000000000005
-47.31999999999999
-61.68000000000001
-8.0
-4.0
-1.0
-14.569999999999993
-15.0
-1.0
-9.5
-13.0
-7.0
-5.5
-13.0
-116.0
-12.0
-357.0
-22.0
-21.0
-13.0
-21.519999999999982
-27.519999999999982
-9.519999999999982
-28.519999999999982
-40.0
-36.0
-70.0
-54.079999999999984
-33.079999999999984
-8.0
-9.430000000000007
-8.0
-4.0
-28.0
-1.0
-6.0
-9.0
-15.0
-164.0
-22.0
-33.0
-40.51999999999998
-11.519999999999982
-16.0
-8.0
-6.0
-18.0
-4.0
-26.0
-13.0
-2.0
-11.0
-14.0
-41.0
-36.0
-20.0
-22.0
-41.5
-12.5
-9.5
-18.0
-13.0
-19.0
-45.0
-19.0
-6.0
-31.0
-40.0
-35.0
-28.0
-3.0
-5.0
-18.0
-67.0
-409.0
-19.0
-6.0
-8.0
-34.06
-1.0
-2.0
-10.0
-17.0
-6.0
-2.0
-9.0
-4.0
-68.0
-35.0
-35.0
-16.0
-14.0
-13.0
-27.0
-17.0
-6.0
-19.0
-62.0
-49.0
-12.0
-0.0
-16.0
-34.06
-28.5
-4.5
-18.5
-21.0
-12.0
-39.0
-71.0
-2.0
-177.0
-82.0
-64.0
-9.0
-35.0
-36.0
-16.0
-28.0
-14.0
-43.0
-79.0
-20.0
-229.0
-35.0
-15.0
-0.8300000000000125
-0.0
-15.0
-39.0
-25.0
-24.0
-34.0
-45.0
-66.0
-20.0
-44.0
-47.0
-70.0
-18.0
-73.0
-68.0
-50.0
-43.0
-63.0
-9.0
-10.0
-27.0
-435.0
-3.0
-0.6349999999999909
-2.0
-18.0
-48.0
-37.96000000000001
-18.960000000000008
-10.5
-29.0
-60.0
-211.0
-6.0
-30.0
-3.0
-10.0
-34.0
-41.440000000000055
-45.440000000000055
-31.0
-20.0
-48.0
-20.0
-17.0
-34.0
-20.0
-23.060000000000002
-4.0
-16.0
-11.0
-28.0
-34.0
-27.0
-52.0
-118.0
-301.0
-32.0
-91.0
-85.0
-16.0
-50.0
-41.0
-57.0
-50.0
-73.0
-9.0
-150.0
-23.0
-22.0
-5.0
-23.060000000000002
-16.0
-23.0
-31.0
-15.0
-25.0
-16.0
-19.0
-36.0
-46.0
-43.0
-45.0
-18.0
-109.0
-16.0
-21.0
-48.0
-48.0
-46.0
-34.0
-77.0
-6.0
-3.0
-21.0
-20.060000000000002
-16.0
-12.0
-43.0
-43.0
-65.0
-16.0
-55.0
-57.0
-86.0
-104.0
-2.0
-66.0
-76.0
-9.0
-24.0
-33.0
-49.0
-27.0
-3.0
-63.0
-5.0
-40.0
-4.0
-41.06
-7.0
-10.0
-58.0
-17.0
-42.0
-44.0
-13.0
-64.0
-59.0
-30.0
-32.0
-2.0
-17.0
-12.0
-31.0
-5.0
-5.0
-74.0
-51.0
-40.0
-21.0
-8.0
-2.0
-475.06
-58.5
-22.0
-27.0
-37.5
-82.0
-449.0
-81.0
-7.0
-5.0
-11.0
-1.0
-9.0
-13.0
-12.0
-31.0
-15.0
-48.0
-18.0
-7.0
-10.5
-12.0
-10.0
-20.0
-0.9000000000000057
-0.0
-3.0
-6.0
-0.0
-30.0
-7.0
-33.0
-19.0
-23.0
-28.0
-25.0
-4.0
-28.0
-26.0
-11.0
-14.0
-9.0
-0.0
-14.0
-1.0
-10.0
-14.0
-18.0
-3.8700000000000045
-3.0
-6.5
-12.0
-9.0
-1.0
-15.0
-6.0
-5.0
-22.0
-6.0
-31.0
-20.0
-4.0
-5.5
-25.0
-16.0
-19.0
-12.5
-1.5
-2.5
-0.5
-9.800000000000011
-25.5
-0.6100000000000136
-27.0
-5.5
-12.0
-9.800000000000011
-18.0
-21.5
-6.800000000000011
-62.19999999999999
-62.19999999999999
-38.200000000000045
-63.0
-48.0
-149.0
-176.0
-57.0
-52.0
-96.0
-53.0
-15.0
-339.0
-18.0
-69.0
-11.0
-20.060000000000002
-11.0
-21.0
-17.0
-42.0
-26.0
-31.0
-30.0
-127.0
-324.67999999999995
-72.32000000000005
-14.0
-4.0
-220.0
-19.0
-7.0
-20.0
-34.0
-52.0
-1.0
-78.0
-14.0
-43.0
-6.0
-23.060000000000002
-3.0
-13.0
-24.0
-35.0
-22.0
-27.0
-20.0
-119.0
-103.0
-45.0
-9.0
-11.0
-25.0
-2.0
-43.0
-583.0
-50.0
-67.0
-5.0
-19.0
-20.0
-6.0
-6.0
-20.060000000000002
-23.0
-2.0
-33.0
-10.0
-29.5
-22.0
-8.0
-64.44
-95.56
-113.48000000000002
-72.48000000000002
-38.51999999999998
-29.840000000000032
-162.15999999999997
-153.15999999999997
-107.51999999999998
-122.51999999999998
-151.67999999999995
-1.6800000000000068
-68.0
-19.0
-13.0
-18.0
-20.060000000000002
-27.0
-12.0
-89.16
-29.5
-40.16
-34.16
-71.16
-0.8400000000000034
-4.0
-10.0
-26.0
-30.0
-22.0
-38.0
-22.0
-41.0
-451.0
-12.0
-4.0
-7.0
-9.0
-10.0
-8.0
-2.0900000000000034
-1.0
-800.0
-31.0
-40.0
-20.0
-48.47999999999999
-63.47999999999999
-30.0
-70.32
-30.11500000000001
-50.61500000000001
-131.385
-22.5
-20.879999999999995
-59.08000000000001
-75.5
-98.0
-6.0
-22.0
-2.5
-5.0
-3.0
-13.5
-1.1000000000000512
-4.52000000000001
-47.47999999999999
-31.47999999999999
-37.47999999999999
-37.0
-40.0
-25.0
-594.0
-67.0
-29.0
-176.0
-58.0
-39.0
-12.0
-9.0
-10.0
-39.0
-129.0
-53.0
-59.0
-16.0
-17.0
-38.0
-6.060000000000002
-19.0
-6.0
-23.0
-23.0
-13.0
-20.0
-58.0
-32.0
-80.0
-26.0
-37.0
-27.0
-14.0
-3.0
-10.0
-10.0
-12.0
-85.0
-22.0
-1.0
-51.0
-6.0
-7.0
-6.060000000000002
-10.0
-23.0
-37.0
-47.0
-54.0
-53.0
-17.0
-140.0
-74.0
-24.0
-53.0
-67.0
-43.0
-311.0
-5.0
-6.0
-85.0
-135.0
-25.0
-21.519999999999982
-20.519999999999982
-42.0
-1.0
-20.060000000000002
-15.0
-20.0
-28.0
-29.0
-34.0
-11.0
-62.0
-37.0
-65.0
-11.0
-44.0
-8.0
-30.0
-41.0
-5.0
-1.0
-17.0
-60.0
-13.0
-22.0
-14.0
-46.0
-103.0
-25.120000000000005
-19.0
-28.0
-6.0
-35.0
-523.0
-11.0
-4.0
-56.0
-88.0
-7.0
-296.0
-37.0
-101.0
-218.0
-43.0
-35.0
-56.0
-19.0
-46.0
-21.0
-29.0
-25.0
-64.0
-5.399999999999949
-5.860000000000014
-7.0
-33.5
-45.5
-33.5
-23.74000000000001
-41.24000000000001
-5.5
-8.159999999999997
-58.22999999999999
-27.77000000000001
-24.77000000000001
-54.5
-59.24000000000001
-14.839999999999975
-19.5
-9.0
-291.0
-27.0
-154.0
-20.0
-23.0
-10.5
-4.100000000000051
-10.719999999999999
-7.0
-28.0
-41.0
-772.0
-30.0
-50.0
-22.0
-28.0
-2.0
-16.0
-22.0
-76.0
-17.0
-19.0
-37.0
-48.0
-29.0
-24.0
-5.0
-9.0
-8.0
-13.0
-4.100000000000051
-4.759999999999991
-3.0
-5.0
-13.0
-29.0
-35.0
-31.0
-89.0
-106.0
-1.0
-115.0
-196.0
-48.0
-0.0
-6.0
-9.0
-41.0
-57.0
-16.0
-7.0
-14.0
-31.0
-59.0
-5.399999999999949
-23.0
-6.0
-30.0
-29.0
-36.0
-32.0
-11.0
-118.0
-251.0
-5.0
-48.0
-67.0
-67.0
-26.0
-15.0
-13.0
-1.0
-27.0
-2.0
-377.0
-25.0
-20.0
-59.0
-5.399999999999949
-10.0
-18.0
-57.0
-40.0
-28.0
-22.0
-10.0
-41.0
-142.0
-12.0
-55.0
-28.0
-15.0
-10.0
-23.0
-22.0
-1.0
-48.0
-49.0
-19.0
-47.0
-57.0
-11.0
-33.60000000000005
-22.0
-21.0
-3.0
-20.0
-8.0
-17.0
-2.0
-42.0
-50.0
-16.0
-69.0
-54.0
-36.0
-49.0
-12.0
-19.0
-251.0
-54.0
-23.0
-23.0
-40.0
-6.0
-13.0
-8.399999999999949
-31.0
-25.0
-12.0
-25.0
-33.0
-12.0
-2.0
-49.0
-142.0
-11.0
-6.0
-38.0
-38.0
-62.0
-138.0
-278.0
-225.0
-75.0
-19.0
-53.0
-4.0
-59.0
-52.0
-8.399999999999949
-24.0
-1.0
-0.0
-17.0
-9.0
-7.0
-62.0
-33.0
-25.0
-31.0
-15.0
-65.0
-79.0
-35.0
-5.0
-35.0
-26.0
-3.0
-44.0
-12.0
-7.0
-18.0
-15.0
-36.10000000000005
-3.0
-8.0
-13.0
-11.0
-21.0
-13.0
-7.0
-35.0
-34.0
-45.0
-21.0
-16.0
-28.0
-17.0
-8.0
-30.0
-13.0
-47.0
-65.0
-7.0
-19.0
-1.0
-3.0
-23.10000000000005
-20.0
-10.0
-28.0
-1.0
-47.0
-58.0
-39.0
-39.0
-216.0
-153.0
-22.0
-59.0
-3.0
-34.0
-35.0
-26.0
-6.0
-271.0
-89.0
-5.0
-1.0
-20.0
-4.0
-779.6
-21.0
-37.0
-23.0
-37.0
-22.0
-6.0
-20.0
-74.0
-364.0
-31.0
-17.0
-18.0
-29.0
-87.0
-5.0
-15.0
-0.0
-33.0
-1.0
-34.0
-28.0
-13.0
-18.0
-33.60000000000005
-11.0
-19.0
-39.0
-4.0
-27.0
-40.0
-21.0
-66.0
-177.0
-7.0
-10.0
-12.0
-41.0
-32.0
-25.0
-1.0
-1.0
-41.0
-26.0
-23.0
-42.0
-21.0
-56.0
-67.60000000000005
-13.0
-34.0
-42.0
-35.0
-31.0
-32.0
-1.0
-94.0
-14.67999999999995
-17.32000000000005
-76.67999999999995
-26.67999999999995
-0.67999999999995
-9.32000000000005
-462.68
-8.319999999999993
-19.680000000000007
-116.68
-50.26999999999998
-123.68
-19.319999999999993
-105.32
-253.68
-64.32
-83.32
-67.32
-11.680000000000007
-25.67999999999995
-240.0
-20.0
-42.120000000000005
-632.0
-73.0
-80.0
-16.0
-28.0
-519.0
-19.0
-47.0
-277.88
-51.0
-53.0
-3.9499999999999886
-6.0
-17.0
-18.0
-25.0
-18.0
-8.0
-2.0
-37.0
-80.0
-74.0
-20.0
-71.0
-21.0
-43.120000000000005
-51.0
-71.0
-4.0
-81.0
-59.0
-13.0
-110.0
-68.0
-3.0
-16.930000000000007
-43.0
-61.0
-49.0
-65.0
-62.0
-36.0
-39.0
-1.0
-45.08000000000004
-85.0
-5.0
-39.0
-76.12
-40.0
-31.0
-73.0
-22.120000000000005
-45.0
-465.0
-86.0
-18.0
-10.0
-5.0
-25.889999999999986
-6.0
-2.0
-44.0
-44.0
-17.0
-19.0
-3.0
-69.0
-25.0
-13.0
-23.0
-13.0
-18.0
-26.0
-6.0
-32.0
-41.0
-48.0
-24.0
-16.0
-20.0
-10.0
-11.0
-20.090000000000003
-17.0
-30.0
-20.0
-7.0
-23.0
-875.0
-10.0
-6.0
-40.5
-29.0
-16.0
-32.0
-35.0
-23.0
-11.0
-18.0
-55.0
-1.0
-40.0
-28.0
-2.0
-4.0
-10.0
-20.090000000000003
-1.0
-8.0
-21.0
-18.0
-19.0
-1.0
-38.0
-109.0
-28.0
-97.0
-136.0
-79.0
-174.0
-252.0
-224.0
-220.0
-205.0
-60.0
-189.0
-39.0
-54.0
-2.1200000000000045
-10.0
-43.889999999999986
-16.0
-8.0
-8.0
-14.0
-7.0
-6.0
-19.0
-16.0
-28.0
-45.120000000000005
-21.200000000000045
-76.20000000000005
-136.20000000000005
-49.200000000000045
-77.20000000000005
-63.0
-23.0
-117.0
-39.0
-69.0
-34.0
-55.0
-45.0
-10.850000000000023
-29.0
-15.0
-42.0
-16.0
-31.0
-3.0
-9.0
-16.0
-67.0
-73.0
-41.0
-52.0
-27.0
-91.0
-58.120000000000005
-27.0
-21.08000000000004
-53.0
-21.0
-32.0
-93.0
-51.0
-15.0
-18.930000000000007
-62.0
-50.0
-41.0
-41.0
-48.0
-42.0
-26.0
-29.0
-43.0
-80.0
-65.12
-95.0
-31.0
-57.08000000000004
-78.0
-55.0
-56.0
-139.0
-35.0
-12.0
-21.0
-8.0
-43.31999999999999
-43.670000000000016
-33.0
-27.0
-13.0
-27.0
-7.0
-18.0
-20.0
-6.0
-49.0
-66.12
-44.0
-66.0
-134.0
-96.0
-76.0
-73.0
-73.0
-65.88
-17.0
-18.0
-24.0
-5.0
-4.0
-4.840000000000003
-9.0
-25.0
-16.0
-5.0
-18.0
-26.0
-10.0
-147.0
-2.0
-24.0
-21.0
-12.0
-21.0
-11.0
-17.0
-36.0
-23.0
-59.0
-55.0
-63.0
-20.0
-637.0
-31.0
-24.090000000000003
-16.0
-20.5
-4.5
-30.0
-8.0
-37.0
-18.0
-38.0
-20.0
-753.0
-10.0
-18.0
-28.0
-35.0
-38.0
-24.0
-58.0
-586.0
-11.0
-28.0
-12.0
-35.0
-1.0
-1.9099999999999966
-1.0
-20.0
-6.0
-5.0
-6.0
-9.0
-18.0
-147.0
-67.0
-136.0
-138.11
-28.0
-98.0
-62.0
-3.919999999999959
-89.0
-0.0
-287.0
-116.0
-46.120000000000005
-5.0
-25.0
-18.0
-10.884999999999991
-14.0
-5.0
-14.0
-9.0
-34.0
-10.0
-6.0
-25.0
-81.0
-98.0
-109.12
-105.0
-5.0
-238.0
-61.0
-67.08000000000004
-23.0
-18.0
-65.12
-74.0
-71.0
-15.0
-0.0
-10.884999999999991
-1.0
-51.0
-34.0
-26.0
-46.0
-51.0
-4.0
-12.0
-69.0
-28.0
-23.0
-50.0
-9.0
-49.0
-55.0
-66.0
-16.0
-44.0
-15.0
-79.0
-1.0
-29.0
-4.0
-10.930000000000007
-5.0
-26.0
-34.0
-26.0
-9.0
-23.0
-15.0
-9.0
-62.0
-30.0
-24.0
-47.0
-29.879999999999995
-11.0
-6.0
-1.0
-24.0
-43.0
-35.0
-11.0
-16.0
-39.0
-1.0
-8.919999999999987
-5.0
-46.0
-18.0
-693.0
-18.0
-32.0
-23.0
-131.0
-16.0
-5.0
-0.8799999999999955
-45.120000000000005
-35.0
-17.0
-78.0
-13.120000000000005
-60.0
-96.0
-46.0
-83.0
-36.0
-29.0
-2.0
-4.925000000000011
-11.0
-30.0
-5.0
-29.0
-1.0
-17.0
-11.0
-19.0
-8.0
-14.0
-105.0
-101.0
-48.0
-23.0
-30.0
-27.0
-8.0
-8.0
-40.0
-1.0
-50.0
-13.0
-10.0
-810.91
-8.0
-8.0
-18.0
-14.0
-13.0
-89.0
-59.0
-30.0
-16.0
-28.0
-34.0
-2.0
-7.0
-25.0
-3.0
-24.0
-9.0
-7.0
-17.0
-0.0
-17.0
-27.0
-10.0
-1.9099999999999966
-14.0
-9.0
-548.0
-1.0
-6.0
-24.0
-104.0
-371.0
-72.0
-182.0
-93.0
-83.0
-20.0
-39.0
-88.0
-562.0
-25.0
-49.0
-97.0
-54.0
-40.0
-16.0
-26.0
-29.930000000000007
-42.0
-23.0
-31.0
-16.0
-32.0
-29.0
-8.0
-14.0
-52.0
-78.0
-35.0
-33.0
-56.0
-53.0
-41.120000000000005
-21.120000000000005
-116.0
-6.0
-16.0
-87.0
-46.0
-21.0
-14.0
-155.135
-5.0
-11.0
-9.0
-1.0
-9.0
-2.0
-859.0
-106.0
-9.0
-5.0
-26.0
-23.0
-12.0
-10.0
-9.0
-7.0
-1.8799999999999955
-75.0
-21.0
-22.0
-18.0
-12.0
-17.0
-12.800000000000011
-36.0
-25.0
-14.0
-15.0
-34.0
-14.0
-6.0
-77.0
-53.0
-55.0
-4.0
-319.12
-60.0
-23.0
-15.0
-11.0
-60.0
-91.0
-64.0
-21.0
-49.0
-37.0
-9.0
-32.17500000000001
-18.0
-9.0
-1.0
-3.0
-7.0
-25.0
-19.0
-85.0
-312.0
-15.0
-82.0
-166.0
-19.0
-37.0
-33.0
-58.0
-50.0
-101.0
-39.0
-35.0
-2.0
-35.0
-45.0
-19.82499999999999
-37.0
-18.0
-3.0
-34.0
-5.0
-14.0
-20.0
-40.0
-24.0
-29.0
-3.0
-14.0
-6.0
-52.0
-4.0
-24.0
-20.0
-30.0
-30.0
-17.0
-31.0
-3.0
-42.0
-19.090000000000003
-32.0
-4.0
-12.0
-24.0
-26.0
-28.0
-27.0
-93.0
-98.0
-47.0
-31.0
-105.0
-170.0
-107.0
-115.0
-136.0
-14.0
-51.0
-92.0
-70.0
-81.0
-98.0
-14.0
-5.824999999999989
-2.0
-8.0
-5.0
-13.0
-3.0
-31.0
-12.0
-63.0
-67.0
-54.0
-77.0
-118.0
-76.0
-129.0
-129.0
-87.20000000000005
-108.20000000000005
-106.0
-60.0
-31.0
-86.0
-96.0
-19.0
-81.17500000000001
-39.0
-92.0
-95.0
-80.0
-87.0
-112.0
-15.0
-246.0
-68.0
-141.0
-172.0
-35.0
-65.0
-122.0
-32.0
-16.0
-206.0
-278.0
-304.0
-1.0
-3.0
-6.0
-29.0
-317.15
-35.0
-28.0
-3.0
-15.0
-17.0
-41.0
-1.0
-56.0
-54.0
-33.0
-20.0
-31.0
-40.0
-13.0
-45.0
-29.0
-26.0
-1.0
-2.0
-19.0
-25.0
-2.0
-11.0
-20.139999999999986
-16.0
-8.0
-27.0
-15.0
-99.0
-14.0
-118.0
-25.0
-10.0
-108.0
-30.0
-94.0
-47.0
-41.0
-4.0
-9.0
-8.0
-0.0
-7.0
-22.0
-19.0
-24.0
-16.0
-35.139999999999986
-20.0
-15.0
-31.0
-25.0
-37.0
-0.0
-6.0
-5.0
-7.0
-5.0
-8.0
-26.0
-49.0
-7.0
-4.5
-18.5
-0.0
-13.0
-7.0
-8.0
-19.0
-12.0
-15.0
-21.139999999999986
-6.0
-2.5
-16.0
-37.0
-16.5
-12.0
-47.0
-7.0
-3.0
-48.0
-17.0
-12.0
-1.0
-19.0
-5.0
-28.0
-0.0
-12.0
-5.0
-13.0
-16.0
-32.0
-13.0
-0.13999999999998636
-10.0
-313.0
-5.0
-15.0
-13.0
-5.0
-8.0
-5.0
-7.0
-26.0
-8.0
-26.0
-5.0
-19.0
-23.0
-20.0
-5.0
-49.0
-9.0
-22.0
-1.0
-19.0
-7.0
-24.120000000000005
-0.0
-3.0
-1.0
-33.0
-6.0
-8.0
-18.0
-16.0
-13.0
-10.0
-5.5
-19.0
-8.0
-4.0
-1.0
-7.0
-10.0
-147.0
-1.0
-12.0
-10.0
-13.0
-3.0
-1.0749999999999886
-4.0
-6.0
-26.0
-11.0
-19.0
-9.0
-7.0
-43.0
-6.0
-37.0
-0.0
-4.0
-462.0
-6.0
-0.0
-13.0
-26.0
-8.0
-27.0
-3.0
-5.0
-25.0
-8.0
-1.0749999999999886
-1.0
-25.0
-32.0
-20.0
-8.0
-43.0
-14.0
-72.0
-262.0
-72.0
-9.0
-1.0
-98.0
-119.0
-113.0
-405.0
-11.0
-66.0
-43.0
-55.0
-59.0
-27.0
-88.0
-37.035000000000025
-55.0
-57.0
-0.0
-2.0
-45.0
-34.0
-32.0
-135.0
-76.0
-40.0
-62.0
-28.0
-69.0
-3.8799999999999955
-38.0
-49.0
-42.0
-105.0
-17.0
-54.0
-9.0
-68.0
-293.0
-14.035000000000025
-23.0
-22.0
-37.0
-12.0
-126.0
-100.0
-7.0
-92.0
-56.0
-44.0
-16.0
-46.0
-9.0
-47.0
-16.0
-3.0
-2.0
-39.0
-39.0
-44.0
-6.0
-75.0
-39.0
-26.964999999999975
-16.0
-5.0
-4.0
-3.0
-15.0
-14.0
-29.0
-6.0
-38.0
-38.879999999999995
-26.0
-9.0
-37.0
-23.0
-45.0
-25.0
-73.0
-116.0
-49.0
-51.0
-50.0
-12.0
-25.0
-14.035000000000025
-10.0
-10.0
-15.0
-22.0
-30.0
-28.0
-22.0
-8.0
-37.0
-32.0
-15.0
-32.0
-38.0
-45.0
-34.0
-5.0
-24.840000000000003
-31.0
-18.0
-115.0
-4.0
-3.0
-27.0
-35.07499999999999
-4.0
-7.0
-1.0
-10.0
-37.0
-15.5
-19.0
-125.0
-117.15999999999997
-181.15999999999997
-9.159999999999968
-122.15999999999997
-5.840000000000032
-120.27999999999997
-89.15999999999997
-94.15999999999997
-69.15999999999997
-19.840000000000032
-101.15999999999997
-60.839999999999975
-2.839999999999975
-18.160000000000025
-112.0
-26.964999999999975
-14.0
-13.0
-17.0
-16.0
-37.0
-77.0
-22.0
-123.0
-131.0
-97.0
-43.0
-43.0
-9.110000000000014
-13.0
-12.0
-28.0
-20.0
-17.0
-14.039999999999992
-18.0
-52.0
-120.0
-314.20000000000005
-430.4
-153.39999999999998
-55.39999999999998
-85.39999999999998
-60.60000000000002
-80.79999999999995
-68.79999999999995
-39.200000000000045
-53.80000000000001
-67.80000000000001
-79.80000000000001
-18.680000000000007
-0.0
-43.110000000000014
-23.5
-23.47999999999999
-9.5
-40.0
-21.0
-20.0
-14.0
-40.0
-65.0
-300.0
-61.0
-75.0
-77.0
-51.0
-47.0
-55.0
-82.0
-17.0
-79.0
-30.0
-45.0
-71.0
-78.0
-57.110000000000014
-34.0
-43.0
-35.0
-22.0
-14.0
-3.0
-20.0
-29.0
-144.0
-85.75999999999999
-76.75999999999999
-132.76
-90.75999999999999
-68.0
-1.8400000000000318
-119.15999999999997
-115.84000000000003
-28.159999999999968
-94.16000000000003
-10.839999999999975
-52.0
-41.0
-28.0
-591.11
-23.0
-18.0
-439.0
-9.0
-53.0
-30.0
-44.0
-40.0
-228.0
-14.0
-48.0
-26.519999999999982
-87.48000000000002
-26.0
-18.0
-75.0
-39.0
-5.0
-99.0
-14.0
-74.0
-33.0
-29.0
-57.110000000000014
-14.0
-17.47999999999999
-21.5
-41.0
-27.0
-14.0
-13.0
-67.0
-124.0
-18.0
-29.0
-34.0
-43.0
-8.0
-31.0
-65.0
-39.0
-5.0
-89.0
-385.0
-23.0
-3.0
-3.0
-43.110000000000014
-17.0
-25.0
-16.0
-1.0
-15.0
-1.0
-37.0
-44.0
-15.620000000000005
-38.0
-16.0
-45.0
-32.5
-26.5
-27.0
-51.0
-39.0
-27.0
-7.0
-18.0
-1.0
-9.0
-1.0
-16.639999999999986
-3.0
-3.0
-35.0
-19.0
-23.0
-33.47999999999999
-36.5
-37.24000000000001
-38.24000000000001
-43.5
-18.0
-10.5
-9.5
-15.5
-24.0
-8.0
-13.0
-18.0
-39.0
-12.0
-4.0
-4.0
-7.0
-16.639999999999986
-11.0
-11.0
-65.0
-87.0
-28.5
-612.0
-39.0
-89.0
-113.0
-166.0
-151.0
-65.0
-40.0
-24.0
-26.0
-471.0
-25.0
-38.0
-37.0
-38.0
-13.0
-58.0
-5.0
-43.110000000000014
-9.060000000000002
-21.5
-31.0
-3.0
-30.5
-16.5
-19.5
-79.60000000000002
-122.39999999999998
-25.399999999999977
-2.3999999999999773
-41.39999999999998
-118.39999999999998
-7.600000000000023
-16.600000000000023
-9.600000000000023
-83.60000000000002
-13.600000000000023
-41.39999999999998
-38.60000000000002
-37.60000000000002
-52.60000000000002
-14.0
-60.110000000000014
-14.879999999999995
-24.0
-23.0
-13.0
-20.0
-18.0
-82.0
-45.0
-123.0
-53.0
-46.0
-180.0
-47.0
-24.0
-12.0
-32.0
-4.0
-45.0
-56.0
-24.0
-101.0
-43.0
-21.0
-21.110000000000014
-4.439999999999998
-28.0
-3.0
-1.0
-3.0
-22.5
-4.0
-118.0
-132.0
-42.0
-67.0
-62.0
-25.0
-70.0
-68.0
-6.0
-15.0
-46.0
-63.0
-25.0
-10.0
-4.0
-61.0
-43.110000000000014
-17.560000000000002
-9.0
-8.0
-16.0
-17.0
-24.5
-9.0
-103.0
-126.0
-468.0
-2.0
-5.0
-30.0
-5.0
-2.0
-1.0
-31.0
-31.0
-68.0
-89.0
-30.0
-11.0
-11.0
-18.110000000000014
-7.0
-25.0
-11.0
-11.0
-25.0
-30.0
-18.0
-35.0
-25.0
-41.0
-10.0
-30.0
-22.0
-28.0
-55.56
-73.44
-44.0
-24.0
-38.0
-18.0
-24.0
-20.0
-17.0
-18.150000000000006
-222.0
-12.0
-52.0
-23.0
-40.0
-44.0
-35.0
-46.0
-34.0
-25.0
-5.0
-2.0
-18.0
-0.0
-14.0
-39.0
-1.0
-22.0
-12.0
-10.5
-25.0
-19.0
-9.0
-3.634999999999991
-6.0
-6.0
-8.0
-5.0
-10.0
-41.0
-27.0
-65.0
-74.0
-45.0
-52.0
-138.0
-32.0
-13.0
-20.0
-7.0
-29.0
-0.0
-68.0
-17.0
-13.0
-31.0
-19.0
-40.110000000000014
-0.0
-20.0
-65.0
-625.0
-2.0
-28.0
-3.0
-28.0
-98.0
-0.0
-15.0
-2.0
-137.0
-11.0
-72.0
-2.0
-17.0
-51.0
-29.0
-28.0
-13.0
-36.0
-40.0
-43.110000000000014
-7.0
-0.0
-17.0
-42.0
-286.0
-7.0
-8.0
-58.0
-17.0
-43.0
-561.0
-27.0
-2.0
-29.0
-49.0
-3.0
-4.0
-21.0
-67.0
-17.0
-13.0
-54.0
-16.0
-54.110000000000014
-3.0
-13.0
-15.0
-9.0
-450.0
-14.0
-29.0
-227.0
-18.0
-13.080000000000041
-32.91999999999996
-53.0
-17.0
-61.0
-62.0
-16.0
-8.0
-0.0
-22.0
-24.0
-26.0
-8.0
-7.0
-43.110000000000014
-7.0
-6.0
-41.0
-29.0
-27.0
-11.0
-18.0
-50.0
-91.0
-31.0
-24.0
-54.0
-142.0
-2.4400000000000546
-35.559999999999945
-73.0
-41.0
-12.0
-2.0
-1.0
-15.0
-10.0
-11.0
-40.110000000000014
-1.0
-11.0
-29.0
-24.0
-33.0
-18.0
-40.0
-49.0
-19.0
-27.0
-40.0
-63.0
-56.0
-49.0
-34.0
-26.0
-2.0
-59.0
-46.0
-3.0
-29.0
-28.0
-9.0
-10.879999999999995
-0.0
-12.0
-7.0
-687.0
-43.0
-29.0
-50.0
-67.0
-4.0
-7.0
-12.0
-25.0
-40.0
-369.0
-167.0
-556.0
-8.0
-28.0
-18.0
-27.0
-14.0
-10.0
-2.0
-4.1200000000000045
-15.0
-2.0
-12.0
-8.0
-8.0
-356.0
-1.0
-90.0
-51.0
-123.03999999999996
-43.039999999999964
-146.0
-60.0
-9.0
-1.0
-16.0
-44.0
-1.0
-20.0
-62.0
-23.0
-45.0
-37.0
-163.51999999999998
-1.4800000000000182
-2.480000000000018
-47.48000000000002
-5.480000000000018
-32.0
-32.0
-9.0
-130.0
-2.0
-38.0
-59.0
-5.0
-6.0
-26.430000000000007
-8.0
-13.0
-6.0
-18.0
-10.0
-25.0
-10.0
-289.0
-25.0
-73.0
-69.0
-23.0
-60.960000000000036
-27.960000000000036
-10.840000000000032
-2.159999999999968
-20.159999999999968
-3.840000000000032
-7.160000000000025
-14.160000000000025
-25.0
-15.0
-18.0
-9.430000000000007
-3.0
-32.0
-60.0
-13.0
-11.0
-35.0
-5.0
-145.0
-24.0
-34.0
-6.0
-45.0
-85.0
-33.0
-5.0
-521.0
-34.0
-40.0
-22.0
-51.0
-53.0
-5.0
-21.0
-9.430000000000007
-27.0
-34.0
-1.0
-9.0
-5.0
-14.0
-14.0
-44.0
-19.0
-34.0
-21.0
-39.0
-76.0
-1.0
-48.0
-35.0
-137.0
-13.0
-39.0
-2.0
-33.0
-1.0
-11.0
-9.430000000000007
-16.5
-17.0
-19.5
-7.5
-13.5
-4.0
-7.5
-1.0
-21.5
-23.0
-691.0
-10.5
-23.0
-10.0
-1.0
-23.5
-52.03999999999999
-4.0
-11.0
-188.0
-16.0
-29.0
-39.0
-11.939999999999998
-4.0
-1.0
-10.0
-6.0
-8.0
-2.0
-18.5
-6.0
-7.0
-3.0
-38.0
-8.0
-14.0
-2.0
-1.0
-6.0
-15.0
-16.0
-14.0
-28.0
-3.0
-11.0
-9.0
-5.939999999999998
-10.0
-2.0
-9.0
-1.5
-1.5
-3.0
-24.0
-11.0
-14.0
-65.0
-35.5
-9.560000000000002
-31.0
-13.0
-4.0
-40.0
-5.0
-19.0
-24.0
-17.0
-30.0
-7.0
-3.0
-5.939999999999998
-3.0
-1.0
-9.0
-16.0
-4.0
-12.0
-19.0
-135.0
-80.0
-246.0
-8.559999999999945
-106.55999999999995
-10.0
-22.0
-44.0
-45.0
-182.0
-182.0
-165.0
-152.0
-30.0
-16.0
-10.0
-9.430000000000007
-9.0
-32.0
-36.0
-43.0
-619.0
-52.0
-52.0
-133.0
-48.0
-43.0
-6.0
-27.0
-5.0
-83.0
-66.0
-16.0
-63.0
-50.0
-22.0
-56.0
-19.0
-4.0
-19.0
-9.430000000000007
-6.0
-32.0
-3.0
-25.0
-23.0
-2.0
-35.0
-4.0
-108.0
-15.0
-1.0
-60.0
-32.0
-20.0
-6.0
-9.440000000000055
-54.559999999999945
-75.0
-2.0
-50.0
-41.0
-1.0
-7.0
-9.430000000000007
-4.0
-15.0
-16.0
-13.0
-20.0
-34.0
-116.0
-166.0
-30.0
-40.0
-18.0
-85.0
-9.0
-92.0
-68.0
-19.0
-67.0
-47.0
-48.0
-48.0
-63.0
-28.0
-1.0
-9.430000000000007
-15.0
-21.0
-8.0
-342.0
-15.0
-5.0
-12.0
-19.0
-122.0
-19.0
-25.0
-89.0
-33.0
-25.0
-20.0
-15.0
-41.0
-48.0
-89.0
-3.0
-51.04000000000002
-15.95999999999998
-2.0
-9.430000000000007
-8.0
-34.0
-4.0
-35.0
-10.0
-10.0
-0.0
-100.0
-20.0
-25.0
-23.0
-6.0
-2.0
-94.0
-391.0
-16.0
-53.0
-31.0
-19.0
-5.0
-21.0
-12.0
-21.0
-11.939999999999998
-1.0
-76.0
-86.0
-88.0
-75.0
-78.0
-44.0
-18.0
-34.0
-8.0
-65.0
-33.0
-25.0
-45.0
-4.0
-120.0
-35.0
-29.0
-9.0
-31.0
-25.0
-18.0
-2.0
-5.939999999999998
-10.0
-3.0
-6.0
-9.0
-2.5
-24.0
-3.0
-168.0
-77.0
-71.0
-54.0
-164.0
-403.0
-32.0
-151.0
-46.0
-97.0
-98.0
-12.0
-38.0
-19.0
-25.0
-11.0
-9.430000000000007
-2.0
-15.0
-15.0
-5.0
-12.0
-0.0
-10.0
-19.0
-41.0
-32.0
-16.0
-73.0
-32.0
-69.0
-31.0
-1.0
-30.0
-61.0
-13.0
-61.0
-146.0
-10.0
-4.0
-23.569999999999993
-9.0
-8.0
-43.0
-13.0
-16.0
-13.0
-26.0
-5.0
-24.0
-21.0
-3.0
-144.55999999999995
-22.559999999999945
-35.0
-14.0
-6.0
-22.0
-12.0
-19.0
-39.0
-38.0
-1.0
-9.0
-9.430000000000007
-21.0
-15.0
-3.0
-14.0
-8.0
-16.0
-39.0
-2.0
-37.0
-31.0
-42.0
-79.0
-18.0
-38.0
-2.0
-28.0
-78.0
-40.0
-14.0
-87.0
-3.0
-16.0
-1.0
-14.569999999999993
-0.0
-32.0
-32.0
-28.0
-16.0
-36.0
-43.0
-30.0
-21.0
-32.0
-21.0
-53.0
-3.0
-29.0
-1.0
-20.0
-80.0
-108.0
-160.0
-63.0
-10.0
-10.0
-20.0
-43.43000000000001
-25.0
-37.0
-34.0
-22.0
-35.0
-18.0
-25.0
-136.0
-6.0
-129.0
-26.0
-56.0
-12.0
-63.0
-64.0
-54.0
-101.0
-11.0
-53.0
-29.0
-19.0
-7.0
-42.0
-29.060000000000002
-44.0
-23.0
-24.0
-5.0
-26.0
-37.0
-36.0
-9.0
-5.0
-11.0
-30.0
-58.0
-37.0
-33.0
-36.0
-55.0
-31.0
-32.0
-45.0
-29.0
-5.0
-22.0
-15.0
-11.939999999999998
-18.0
-7.0
-9.0
-2.0
-14.0
-3.0
-30.0
-168.0
-163.0
-121.0
-74.0
-96.0
-25.0
-46.0
-26.0
-40.0
-119.0
-0.0
-44.0
-75.0
-23.0
-18.0
-816.0
-9.430000000000007
-13.0
-2.0
-17.0
-4.0
-9.0
-2.0
-24.0
-16.0
-33.0
-12.0
-7.0
-32.0
-2.0
-64.0
-37.0
-16.0
-34.0
-1.0
-6.0
-78.0
-1.0
-1.0
-25.0
-14.569999999999993
-9.0
-20.0
-589.0
-14.0
-15.0
-16.0
-13.0
-18.0
-337.0
-37.0
-8.0
-55.0
-13.0
-62.0
-9.0
-6.0
-27.0
-62.0
-27.0
-50.0
-53.0
-25.0
-43.0
-14.569999999999993
-30.0
-19.0
-32.0
-10.0
-22.0
-634.0
-13.0
-56.04000000000002
-327.96000000000004
-2.0
-23.0
-73.0
-16.0
-3.0
-5.0
-22.0
-163.0
-62.0
-27.0
-41.0
-6.0
-11.0
-3.0
-14.569999999999993
-8.0
-14.0
-8.0
-17.0
-3.0
-17.0
-42.0
-154.0
-67.0
-9.0
-13.0
-27.0
-37.0
-14.0
-23.0
-34.0
-27.0
-89.0
-51.0
-94.0
-34.0
-26.0
-19.0
-9.430000000000007
-2.0
-14.0
-4.0
-0.0
-17.0
-2.0
-29.0
-167.0
-30.0
-187.56
-72.56
-73.0
-34.0
-53.0
-68.0
-65.0
-80.0
-12.0
-51.0
-5.0
-11.0
-14.0
-28.0
-29.060000000000002
-12.0
-14.0
-20.0
-9.0
-14.0
-7.0
-18.0
-77.0
-8.0
-72.0
-105.0
-13.0
-9.0
-13.0
-1.0
-30.0
-10.0
-46.0
-35.0
-4.0
-24.0
-36.0
-8.0
-7.939999999999998
-25.0
-23.0
-12.0
-13.0
-28.0
-129.0
-6.0
-37.0
-230.0
-161.0
-147.0
-116.0
-2.0
-20.0
-43.0
-52.0
-35.0
-30.0
-46.0
-18.0
-72.0
-268.0
-35.0
-9.430000000000007
-3.0
-11.0
-2.0
-1.0
-1.0
-16.0
-32.0
-33.0
-42.0
-320.0
-18.0
-35.0
-4.0
-13.0
-25.0
-53.0
-298.0
-4.0
-9.0
-34.0
-23.0
-25.0
-12.0
-9.430000000000007
-4.0
-1.0
-2.0
-4.0
-1.0
-8.0
-32.0
-16.0
-42.0
-267.0
-5.0
-68.0
-166.0
-42.0
-59.0
-669.0
-37.0
-41.0
-47.0
-88.0
-50.0
-27.0
-6.0
-9.430000000000007
-18.0
-5.0
-654.0
-15.0
-2.0
-21.0
-36.0
-18.0
-32.0
-238.0
-503.0
-43.0
-13.0
-34.0
-9.0
-26.0
-5.0
-13.0
-103.0
-171.0
-135.0
-23.0
-30.0
-9.430000000000007
-150.0
-16.0
-7.0
-11.0
-18.0
-3.0
-28.0
-22.0
-13.0
-397.0
-127.0
-46.0
-13.0
-94.0
-48.0
-72.0
-49.0
-101.0
-62.0
-8.0
-111.0
-3.0
-32.0
-9.430000000000007
-9.0
-9.0
-14.0
-4.0
-7.0
-17.0
-23.0
-35.0
-62.0
-60.0
-79.0
-127.0
-21.0
-97.0
-2.0
-4.0
-59.0
-22.0
-69.0
-8.0
-43.0
-34.0
-15.0
-7.060000000000002
-33.0
-17.0
-56.0
-42.0
-54.0
-2.0
-16.0
-11.0
-10.0
-81.56
-30.560000000000002
-32.0
-106.0
-112.0
-8.0
-44.0
-103.0
-37.0
-699.0
-35.0
-17.0
-29.0
-26.0
-24.939999999999998
-22.0
-2.0
-8.0
-8.0
-16.0
-8.0
-44.0
-65.0
-352.0
-703.0
-61.0
-608.0
-26.0
-40.0
-58.0
-72.0
-25.0
-60.0
-34.0
-18.0
-7.0
-28.0
-14.0
-18.430000000000007
-3.0
-22.0
-10.0
-18.0
-399.0
-820.0
-12.0
-185.0
-47.0
-4.0
-118.0
-10.0
-483.0
-121.0
-34.0
-68.0
-10.0
-54.0
-17.0
-73.0
-15.0
-17.0
-20.0
-26.430000000000007
-37.0
-23.0
-29.0
-9.0
-18.0
-5.0
-19.0
-180.0
-213.0
-10.0
-79.0
-36.0
-63.0
-35.0
-104.0
-18.0
-62.0
-76.0
-56.0
-35.0
-40.0
-9.0
-12.0
-24.569999999999993
-14.0
-2.0
-22.0
-1.0
-12.0
-4.0
-12.0
-147.0
-55.0
-16.960000000000036
-43.039999999999964
-117.0
-92.0
-83.0
-196.0
-36.0
-3.0
-103.0
-69.0
-100.0
-4.0
-11.0
-12.0
-6.430000000000007
-13.0
-19.0
-1.0
-21.0
-30.0
-0.0
-19.0
-128.0
-66.0
-98.0
-53.0
-197.0
-177.0
-193.0
-163.0
-99.0
-35.0
-99.0
-38.0
-32.0
-30.0
-38.0
-47.0
-698.5699999999999
-41.0
-53.0
-24.0
-41.0
-34.0
-45.0
-41.0
-92.0
-73.0
-187.0
-91.0
-71.0
-51.0
-27.0
-63.0
-172.0
-36.0
-66.0
-12.0
-3.0
-3.0
-2.0
-45.0
-23.430000000000007
-43.0
-28.0
-808.0
-18.0
-27.0
-40.0
-81.0
-497.0
-59.0
-51.0
-51.0
-377.0
-1.0
-17.0
-12.0
-13.0
-15.0
-22.0
-15.0
-37.0
-8.0
-6.0
-10.0
-43.94
-36.44
-28.0
-1.0
-18.0
-12.0
-23.0
-237.0
-68.0
-28.0
-35.0
-11.32000000000005
-26.32000000000005
-31.32000000000005
-48.0
-6.0
-7.0
-38.31999999999999
-0.6800000000000068
-9.680000000000007
-49.0
-0.0
-28.314999999999998
-44.5
-22.5
-36.5
-22.0
-16.0
-7.0
-9.980000000000047
-43.0
-17.0
-29.5
-41.5
-6.0
-2.0
-42.0
-31.5
-30.0
-3.8000000000000114
-12.0
-2.0
-2.0
-16.5
-11.5
-28.5
-20.620000000000005
-8.5
-0.5
-4.5
-0.0
-25.0
-46.0
-1.039999999999992
-38.0
-7.0
-32.5
-41.0
-30.0
-25.0
-24.0
-49.0
-49.0
-35.0
-45.0
-17.0
-17.0
-10.0
-11.0
-10.0
-32.620000000000005
-67.34
-420.0
-7.0
-16.0
-5.0
-19.0
-1.0
-102.0
-306.0
-146.0
-62.0
-12.0
-96.0
-50.48000000000002
-74.48000000000002
-93.0
-19.0
-25.0
-17.0
-20.0
-25.0
-4.0
-10.0
-28.314999999999998
-41.68000000000001
-46.68000000000001
-52.68000000000001
-50.72
-43.68000000000001
-35.68000000000001
-24.19999999999999
-104.19999999999999
-0.32000000000005
-82.67999999999995
-44.32000000000005
-1.67999999999995
-24.32000000000005
-21.32000000000005
-15.67999999999995
-35.67999999999995
-59.32000000000005
-40.32000000000005
-52.68000000000001
-41.68000000000001
-30.319999999999993
-42.68000000000001
-39.68000000000001
-20.629999999999995
-58.44
-63.44
-72.44
-107.44
-88.44
-81.44
-56.44
-26.439999999999998
-43.559999999999945
-109.55999999999995
-105.55999999999995
-5.559999999999945
-50.559999999999945
-41.559999999999945
-2.5599999999999454
-44.559999999999945
-71.55999999999995
-78.44000000000005
-49.56
-40.44
-43.56
-36.44
-76.56
-58.75999999999999
-16.0
-2.0
-7.0
-31.0
-16.0
-1.0
-21.0
-120.0
-24.0
-81.0
-33.0
-83.0
-15.0
-70.0
-15.0
-38.0
-34.0
-17.0
-25.0
-20.0
-32.0
-21.0
-5.0
-33.31999999999999
-4.5
-7.0
-13.0
-9.0
-1.0
-5.0
-21.0
-44.0
-42.0
-7.480000000000018
-29.519999999999982
-57.0
-5.0
-43.440000000000055
-37.440000000000055
-13.440000000000055
-6.559999999999945
-10.440000000000055
-84.56
-51.56
-3.4399999999999977
-3.840000000000032
-12.0
-13.319999999999993
-44.5
-41.5
-36.5
-41.0
-6.0
-7.0
-8.519999999999953
-3.0
-53.0
-13.0
-14.0
-30.0
-50.0
-38.0
-34.0
-44.0
-42.0
-81.0
-27.0
-45.0
-46.0
-9.0
-8.0
-20.620000000000005
-8.5
-30.5
-25.5
-38.0
-32.0
-22.0
-54.48000000000005
-66.0
-22.0
-86.0
-39.0
-61.5
-12.5
-242.5
-74.5
-13.5
-51.5
-2.5
-55.0
-15.0
-6.0
-2.0
-20.0
-1.3799999999999955
-92.5
-5.0
-22.0
-35.5
-31.5
-31.5
-7.0
-55.72000000000003
-220.32
-19.32000000000005
-4.32000000000005
-41.32000000000005
-23.67999999999995
-56.67999999999995
-16.32000000000005
-63.32000000000005
-49.32000000000005
-42.32000000000005
-5.319999999999993
-2.319999999999993
-10.680000000000007
-10.680000000000007
-45.68000000000001
-13.319999999999993
-7.5
-15.0
-4.0
-17.5
-3.5
-13.5
-13.0
-85.51999999999998
-58.51999999999998
-5.480000000000018
-15.480000000000018
-50.51999999999998
-8.519999999999982
-46.51999999999998
-40.51999999999998
-30.519999999999982
-23.519999999999982
-39.51999999999998
-53.51999999999998
-17.519999999999982
-41.48000000000002
-18.480000000000018
-577.16
-17.680000000000007
-38.5
-2.0
-4.0
-17.5
-13.5
-13.5
-6.0
-75.0
-52.0
-44.0
-11.0
-1.0
-23.0
-10.0
-58.0
-56.0
-29.0
-7.0
-22.0
-30.0
-24.0
-12.0
-4.0
-6.680000000000007
-6.0
-4.0
-11.0
-34.0
-3.0
-19.0
-42.0
-9.0
-52.0
-64.0
-26.0
-11.0
-40.0
-28.0
-20.0
-25.0
-48.0
-12.0
-58.0
-64.0
-20.0
-38.0
-11.0
-13.319999999999993
-1.0
-5.0
-1.0
-22.0
-2.0
-25.0
-36.0
-50.0
-32.0
-24.0
-7.0
-40.0
-28.0
-22.0
-149.44000000000005
-52.440000000000055
-58.0
-43.0
-91.0
-48.0
-20.0
-60.0
-0.0
-13.879999999999995
-9.0
-40.0
-35.0
-673.0
-17.0
-0.0
-16.0
-66.0
-30.0
-45.0
-3.0
-47.0
-14.0
-70.0
-24.0
-32.0
-18.0
-46.0
-764.0
-6.0
-5.0
-1.0
-10.0
-1.3799999999999955
-27.0
-28.0
-27.0
-6.0
-38.0
-29.0
-21.0
-51.0
-60.0
-44.0
-83.0
-55.0
-22.0
-61.0
-41.0
-62.0
-5.0
-15.0
-27.0
-8.0
-1.0
-14.0
-9.0
-13.090000000000003
-20.0
-20.0
-8.0
-14.0
-12.0
-15.0
-10.0
-135.0
-81.0
-59.0
-61.0
-21.0
-25.0
-59.0
-14.0
-17.0
-7.0
-94.0
-36.0
-8.0
-6.0
-2.0
-16.0
-8.590000000000003
-15.0
-18.0
-7.0
-14.0
-30.0
-41.0
-38.0
-89.0
-45.0
-41.0
-23.0
-112.0
-56.0
-22.0
-32.0
-9.0
-17.0
-22.0
-28.0
-111.0
-28.0
-5.0
-13.0
-8.590000000000003
-8.0
-5.0
-0.0
-8.0
-10.0
-29.0
-340.0
-16.0
-48.0
-57.0
-14.0
-89.0
-620.0
-10.0
-25.0
-10.0
-28.0
-72.0
-52.0
-13.0
-39.0
-15.0
-1.0
-27.939999999999998
-3.0
-5.0
-1.0
-0.0
-4.0
-13.0
-31.0
-10.0
-50.0
-22.0
-0.0
-33.0
-17.0
-6.0
-17.0
-38.0
-34.0
-12.0
-124.0
-114.0
-10.0
-1.0
-14.0
-63.38499999999999
-27.0
-12.0
-7.0
-703.0
-4.0
-15.0
-24.0
-55.0
-280.0
-39.0
-1.0
-39.0
-87.0
-45.0
-3.0
-40.0
-35.0
-25.0
-83.0
-11.0
-13.0
-47.0
-25.0
-38.38499999999999
-36.0
-23.0
-30.0
-29.0
-35.0
-13.0
-21.0
-54.0
-35.0
-10.0
-38.0
-19.560000000000002
-9.439999999999998
-57.0
-4.0
-27.0
-29.0
-28.0
-62.0
-16.0
-18.0
-18.0
-0.0
-31.085000000000008
-17.0
-1.0
-9.0
-18.0
-11.0
-29.0
-34.0
-30.0
-11.0
-19.0
-18.0
-37.0
-5.0
-68.5
-30.519999999999982
-448.0
-8.0
-27.0
-30.0
-27.0
-10.0
-11.0
-31.0
-2.914999999999992
-11.0
-4.0
-18.0
-32.0
-29.0
-59.0
-24.0
-93.0
-77.0
-363.0
-79.44000000000005
-9.559999999999945
-68.0
-12.0
-47.0
-27.0
-1.0
-51.0
-14.0
-118.0
-16.0
-7.0
-6.0
-17.38499999999999
-64.0
-67.0
-13.0
-21.0
-39.0
-11.0
-10.0
-18.0
-39.0
-41.0
-6.0
-54.0
-26.559999999999945
-102.55999999999995
-99.0
-90.0
-79.0
-14.0
-60.0
-17.0
-23.0
-30.0
-1.0
-41.38499999999999
-9.0
-16.0
-20.0
-27.0
-5.0
-22.0
-34.0
-20.0
-13.0
-18.0
-34.0
-19.0
-5.0
-11.0
-30.0
-5.0
-34.0
-9.0
-21.0
-27.0
-21.0
-2.0
-9.0
-14.384999999999991
-20.0
-4.0
-47.0
-44.0
-36.0
-48.0
-20.0
-41.0
-63.0
-51.0
-45.0
-59.0
-17.0
-6.0
-30.0
-33.0
-88.0
-27.0
-30.0
-35.0
-25.0
-220.0
-1.0
-17.38499999999999
-6.0
-9.0
-17.0
-8.0
-6.0
-7.0
-72.0
-28.0
-199.0
-33.0
-21.0
-168.03999999999996
-65.03999999999996
-74.03999999999996
-27.039999999999964
-14.039999999999964
-28.960000000000036
-5.039999999999964
-16.04000000000002
-2.9599999999999795
-27.04000000000002
-514.5
-35.5
-63.38499999999999
-167.0
-18.17500000000001
-18.680000000000007
-20.0
-6.675000000000011
-12.180000000000007
-106.68
-34.5
-46.5
-30.039999999999992
-12.04000000000002
-12.0
-6.0
-1.0
-13.0
-1.0
-18.0
-14.0
-25.0
-30.0
-36.0
-20.0
-45.0
-28.085000000000008
-2.0
-25.349999999999994
-29.360000000000014
-20.0
-26.349999999999994
-16.360000000000014
-50.360000000000014
-18.5
-0.5
-33.48000000000002
-63.98000000000002
-52.5
-47.0
-6.0
-10.0
-9.0
-26.0
-5.0
-1.0
-0.0
-13.0
-6.0
-6.0
-31.080000000000013
-36.96000000000001
-19.0
-7.0
-82.0
-19.0
-23.0
-29.0
-80.0
-333.0
-39.0
-122.0
-121.0
-22.0
-34.0
-193.0
-34.0
-39.0
-37.0
-21.0
-13.0
-33.0
-5.0
-14.0
-94.38499999999999
-30.47999999999999
-6.0
-9.0
-13.0
-4.0
-16.0
-5.0
-37.0
-9.0
-27.0
-26.0
-20.0
-25.0
-33.0
-112.0
-120.0
-100.0
-9.0
-17.0
-18.0
-6.0
-2.0
-14.0
-38.38499999999999
-5.0
-30.0
-14.0
-29.0
-8.0
-4.0
-26.0
-21.0
-74.0
-35.0
-23.0
-6.0
-599.0
-36.0
-6.0
-14.0
-20.0
-22.0
-34.0
-0.0
-15.0
-16.0
-35.0
-57.38499999999999
-19.0
-0.0
-14.0
-9.0
-675.0
-24.0
-24.0
-7.0
-11.0
-75.0
-28.0
-100.0
-21.0
-2.0
-19.0
-21.0
-6.0
-23.0
-89.0
-83.0
-15.0
-36.0
-519.0
-17.38499999999999
-27.0
-6.0
-0.0
-32.0
-30.0
-23.0
-28.0
-38.0
-52.0
-37.0
-29.0
-35.0
-42.0
-32.0
-22.0
-55.0
-74.0
-60.0
-179.0
-21.0
-13.0
-19.0
-18.0
-38.38499999999999
-12.0
-8.0
-5.0
-9.0
-4.0
-1.0
-4.0
-18.0
-20.0
-106.0
-49.0
-43.0
-48.0
-44.0
-45.0
-55.27999999999997
-65.27999999999997
-122.80000000000001
-2.1999999999999886
-19.5
-384.0
-13.0
-1.0
-26.610000000000014
-5.0
-24.0
-3.0
-3.0
-0.0
-10.0
-26.0
-8.0
-34.0
-59.0
-37.56
-25.560000000000002
-533.56
-34.44
-49.44
-59.56
-34.44
-4.0
-28.0
-13.0
-23.0
-8.0
-5.0
-8.610000000000014
-10.0
-22.0
-8.0
-20.0
-10.0
-1.0
-21.0
-36.0
-192.0
-116.0
-62.0
-68.0
-33.0
-22.0
-4.0
-14.0
-25.0
-41.0
-62.0
-19.0
-18.0
-52.0
-6.0
-41.38499999999999
-22.0
-4.0
-1.0
-30.0
-12.0
-4.0
-30.5
-6.480000000000018
-1.0
-29.0
-40.0
-33.0
-24.0
-43.0
-0.0
-3.0
-9.0
-21.0
-39.0
-4.0
-18.0
-10.0
-1.0
-41.38499999999999
-0.0
-9.0
-1.0
-11.0
-27.0
-3.0
-43.0
-26.0
-3.0
-34.0
-33.0
-75.0
-34.0
-20.0
-100.0
-13.0
-13.0
-28.0
-37.0
-41.0
-20.0
-25.0
-28.0
-41.38499999999999
-195.07999999999998
-68.92000000000002
-13.079999999999984
-16.079999999999984
-16.079999999999984
-14.079999999999984
-202.07999999999998
-59.920000000000016
-99.91999999999996
-42.84000000000003
-122.15999999999997
-192.08000000000004
-45.08000000000004
-190.08000000000004
-175.0
-94.15999999999997
-79.15999999999997
-193.0
-404.0
-14.0
-14.0
-21.0
-41.0
-1.0
-4.0
-8.0
-21.0
-37.0
-52.0
-72.0
-8.0
-8.0
-29.0
-15.0
-5.0
-10.0
-2.0
-1.0
-17.139999999999986
-8.0
-6.0
-14.0
-13.0
-7.0
-33.0
-24.0
-2.0
-52.0
-14.0
-19.0
-15.0
-19.0
-30.0
-42.0
-771.0
-18.0
-0.0
-11.0
-587.0
-20.0
-5.0
-19.0
-35.120000000000005
-23.0
-0.0
-19.0
-1.0
-11.0
-14.5
-20.0
-105.0
-43.0
-42.0
-78.0
-0.0
-40.0
-70.0
-35.0
-24.0
-194.0
-3.0
-81.0
-1.0
-10.0
-17.0
-32.0
-50.38499999999999
-3.0
-17.0
-18.0
-0.5
-10.0
-13.0
-13.0
-4.0
-5.0
-36.0
-49.0
-12.0
-3.0
-16.0
-23.0
-15.0
-12.0
-20.0
-99.0
-51.0
-1.0
-246.0
-2.0
-41.38499999999999
-31.0
-17.0
-2.0
-11.0
-12.0
-0.0
-24.0
-15.0
-8.0
-11.0
-19.0
-6.0
-33.0
-33.0
-18.0
-32.0
-1.0
-31.0
-46.0
-14.0
-9.0
-4.0
-19.0
-40.38499999999999
-41.0
-15.0
-58.0
-17.0
-103.0
-0.0
-19.0
-15.0
-81.0
-19.0
-10.0
-3.0
-40.0
-5.0
-24.0
-22.0
-76.0
-22.0
-117.0
-202.0
-10.0
-460.0
-337.0
-30.829999999999984
-10.0
-11.0
-2.0
-37.0
-2.0
-36.0
-31.0
-251.0
-41.0
-9.0
-47.0
-35.0
-28.0
-57.0
-58.0
-44.0
-26.0
-28.0
-79.0
-93.0
-11.0
-53.0
-37.0
-4.844999999999999
-19.0
-20.0
-5.0
-9.0
-5.0
-17.0
-23.0
-13.0
-12.0
-45.0
-41.0
-19.0
-69.0
-34.0
-36.0
-38.0
-64.0
-46.0
-2.0
-26.0
-7.0
-0.0
-11.0
-39.11500000000001
-2.0
-20.0
-11.0
-12.0
-4.0
-9.0
-23.0
-18.0
-43.0
-18.0
-46.0
-4.0
-79.0
-99.0
-118.0
-687.0
-2.0
-15.0
-19.0
-27.0
-15.0
-39.0
-558.0
-39.11500000000001
-7.0
-6.0
-19.0
-0.0
-18.0
-20.0
-13.0
-51.0
-259.0
-47.0
-13.0
-42.0
-14.0
-11.0
-39.0
-48.0
-1.4800000000000182
-143.51999999999998
-8.0
-28.0
-3.0
-8.0
-0.0
-23.155
-42.0
-50.0
-47.0
-70.0
-39.0
-7.0
-42.0
-118.0
-43.0
-49.0
-24.0
-27.0
-7.0
-9.0
-16.0
-6.0
-65.0
-51.0
-21.0
-18.0
-4.0
-19.0
-13.0
-13.844999999999999
-12.0
-10.0
-39.0
-19.0
-2.0
-140.5
-113.0
-16.0
-21.0
-18.0
-38.0
-46.0
-4.0
-10.0
-26.0
-14.0
-15.0
-73.0
-27.0
-33.0
-8.0
-5.0
-25.0
-13.844999999999999
-30.0
-16.0
-2.0
-12.0
-16.0
-50.0
-75.0
-29.0
-54.0
-14.0
-61.0
-22.0
-67.0
-30.0
-75.0
-66.0
-247.0
-48.0
-13.0
-11.0
-5.0
-12.0
-3.0
-4.844999999999999
-27.0
-13.0
-3.0
-10.0
-6.0
-8.0
-20.0
-4.0
-13.0
-132.0
-37.0
-91.0
-23.0
-35.0
-7.0
-60.0
-61.0
-31.0
-21.0
-10.0
-37.0
-15.0
-56.0
-13.844999999999999
-574.0
-18.0
-31.0
-37.0
-21.0
-33.0
-35.0
-13.0
-51.0
-53.0
-10.439999999999998
-5.560000000000002
-35.0
-10.0
-38.0
-9.0
-23.0
-37.0
-49.0
-4.0
-23.0
-26.0
-22.0
-49.110000000000014
-13.0
-20.0
-37.0
-28.5
-27.0
-7.0
-17.0
-19.0
-21.0
-29.0
-86.0
-99.0
-33.0
-82.0
-42.0
-89.0
-94.0
-87.0
-138.0
-17.0
-0.0
-18.0
-38.0
-2.0999999999999943
-21.0
-3.0
-23.0
-10.0
-27.0
-14.0
-28.0
-65.0
-64.0
-40.0
-67.0
-3.0
-8.0
-44.0
-50.0
-25.0
-65.0
-274.0
-540.0
-50.0
-5.0
-30.0
-13.0
-28.155
-22.0
-14.0
-26.0
-21.0
-10.0
-58.0
-21.0
-32.0
-55.0
-71.0
-20.0
-16.0
-45.0
-14.0
-11.0
-20.0
-84.0
-16.0
-190.0
-8.0
-4.0
-2.0
-17.0
-22.155
-19.0
-8.0
-15.0
-27.0
-25.0
-13.0
-35.0
-15.0
-2.0
-22.0
-36.0
-62.0
-96.0
-3.6900000000000546
-23.0
-19.0
-8.0
-40.0
-19.0
-29.0
-25.0
-9.0
-28.0
-19.155
-60.0
-76.0
-69.0
-69.0
-59.0
-78.0
-49.0
-2.0
-19.0
-9.0
-144.0
-219.0
-130.0
-607.655
-32.0
-20.0
-107.0
-14.0
-12.0
-47.0
-95.0
-11.0
-17.0
-81.845
-123.0
-95.0
-27.0
-36.0
-36.0
-19.0
-5.0
-222.0
-15.0
-72.0
-20.0
-72.0
-108.0
-23.0
-21.0
-20.0
-17.0
-113.0
-82.0
-27.0
-156.0
-32.0
-240.0
-28.155
-76.0
-16.0
-38.0
-6.0
-28.0
-55.0
-12.0
-128.0
-99.0
-19.0
-17.0
-21.0
-41.0
-42.0
-75.0
-70.5
-97.5
-143.0
-214.0
-110.0
-78.0
-57.5
-98.0
-139.13
-35.0
-19.0
-23.0
-42.5
-90.0
-39.0
-6.0
-48.0
-401.0
-3.0
-10.0
-65.0
-50.0
-60.0
-28.0
-61.5
-35.5
-188.0
-100.0
-1.0
-84.0
-24.0
-43.0
-95.13
-1.5
-106.46000000000001
-7.0
-19.5
-573.0
-634.0
-17.0
-48.0
-123.0
-412.0
-50.0
-437.0
-602.0
-283.0
-15.0
-193.0
-429.0
-269.0
-80.0
-48.0
-93.0
-16.5
-217.0
-28.155
-39.5
-14.460000000000008
-58.0
-50.5
-405.0
-729.0
-24.0
-82.0
-50.0
-70.0
-1.0
-133.0
-29.0
-74.0
-2.0
-56.0
-39.0
-88.0
-57.0
-5.0
-97.0
-0.0
-29.0
-87.155
-3.5
-30.919999999999987
-22.0
-38.0
-32.0
-18.0
-29.0
-23.0
-55.0
-19.0
-124.0
-47.0
-17.0
-4.0
-14.0
-20.0
-2.0
-112.0
-70.0
-40.0
-44.0
-37.0
-34.0
-20.845
-4.0
-12.0
-20.0
-3.0
-44.0
-29.0
-14.0
-12.0
-220.0
-2.0
-556.0
-604.0
-50.0
-42.0
-20.0
-4.0
-6.0
-75.0
-51.0
-13.0
-76.0
-7.0
-11.0
-18.155
-52.0
-7.0
-42.0
-23.5
-21.0
-27.0
-5.0
-49.0
-291.0
-19.0
-16.0
-11.0
-58.0
-22.0
-15.0
-11.0
-24.0
-65.0
-76.0
-27.0
-19.0
-19.0
-38.0
-18.155
-24.0
-18.0
-36.0
-42.0
-16.0
-29.0
-4.0
-17.0
-29.0
-26.0
-6.0
-11.0
-64.0
-28.0
-89.0
-92.0
-14.0
-45.0
-26.0
-48.0
-31.0
-34.0
-32.0
-3.1299999999999955
-22.0
-7.0
-12.0
-405.0
-10.0
-16.0
-3.0
-14.0
-12.0
-59.0
-63.0
-80.0
-38.0
-167.0
-82.0
-53.0
-45.0
-29.0
-3.0
-532.0
-13.0
-0.0
-453.0
-47.129999999999995
-17.0
-25.0
-31.0
-16.0
-12.0
-4.0
-26.0
-116.0
-76.0
-52.0
-75.0
-8.0
-34.0
-17.0
-16.0
-51.0
-18.0
-50.0
-5.0
-8.0
-356.0
-90.0
-18.0
-18.155
-15.0
-21.0
-51.47999999999999
-7.5
-14.5
-0.5
-14.0
-6.0
-21.32000000000005
-6.67999999999995
-7.67999999999995
-28.0
-16.0
-45.0
-45.0
-1.0
-28.0
-144.0
-62.0
-75.0
-16.0
-70.0
-31.0
-57.845
-38.0
-22.0
-13.0
-19.0
-14.0
-43.0
-43.0
-220.0
-45.0
-73.0
-36.0
-11.0
-29.0
-35.0
-29.0
-12.0
-11.0
-32.0
-26.0
-49.0
-5.0
-54.0
-21.0
-34.139999999999986
-10.5
-14.0
-7.5
-14.680000000000007
-6.409999999999997
-3.6200000000000045
-83.51999999999998
-99.83999999999997
-111.63999999999999
-66.63999999999999
-53.48000000000002
-58.48000000000002
-227.36
-36.84000000000003
-3.159999999999968
-115.15999999999997
-129.15999999999997
-2.240000000000009
-68.75999999999999
-28.399999999999977
-46.60000000000002
-8.399999999999977
-23.75999999999999
-42.60499999999999
-11.0
-0.0
-28.5
-88.84000000000003
-6.409999999999997
-37.620000000000005
-52.19999999999999
-95.42000000000002
-364.0
-464.52
-5.240000000000009
-87.74000000000001
-338.0
-491.0
-396.0
-198.0
-20.0
-22.0
-289.0
-120.0
-23.0
-112.0
-23.379999999999995
-11.60499999999999
-141.51999999999998
-30.47999999999999
-34.81999999999999
-52.0
-48.0
-54.0
-40.0
-47.0
-9.0
-3.0
-6.0
-64.0
-10.0
-49.0
-15.0
-1.0
-11.0
-34.0
-28.0
-1.0
-19.0
-23.0
-31.0
-28.129999999999995
-76.30000000000001
-353.24
-21.639999999999986
-18.0
-23.0
-15.0
-46.639999999999986
-46.0
-13.5
-56.0
-48.5
-58.5
-1.0
-14.0
-26.5
-23.5
-18.0
-4.5
-5.5
-4.0
-11.0
-27.0
-30.5
-25.129999999999995
-28.0
-13.0
-32.0
-71.84000000000003
-290.40999999999997
-25.24000000000001
-0.9900000000000091
-53.0
-12.0
-11.0
-21.0
-166.0
-5.0
-32.0
-497.0
-362.5
-615.0
-154.0
-13.0
-41.0
-15.0
-473.0
-5.0
-1.3950000000000102
-15.090000000000003
-3.0
-7.099999999999994
-86.0
-16.590000000000003
-65.0
-0.9900000000000091
-15.399999999999977
-429.0
-2.0
-153.0
-103.0
-503.0
-597.0899999999998
-36.0
-66.0
-77.0
-259.0
-72.0
-31.0
-13.0
-1.0
-1.0
-5.39500000000001
-83.18
-13.819999999999993
-10.199999999999989
-42.18000000000001
-15.819999999999993
-4.180000000000007
-0.8199999999999932
-148.8
-158.82000000000005
-88.82000000000005
-106.82000000000005
-222.17999999999995
-91.20000000000005
-22.82000000000005
-31.82000000000005
-147.82000000000005
-24.819999999999993
-97.19999999999999
-383.17999999999995
-182.82
-143.0
-22.0
-637.0
-1.3950000000000102
-58.30000000000001
-81.0
-41.0
-34.0
-43.0
-40.0
-39.0
-50.0
-78.0
-43.0
-61.0
-6.0
-10.0
-42.0
-30.0
-24.0
-29.0
-30.0
-23.0
-13.0
-1.0
-3.0
-501.0
-48.16
-25.919999999999987
-20.0
-46.0
-13.0
-18.0
-42.0
-0.0
-91.0
-83.0
-64.0
-48.0
-33.0
-59.0
-56.0
-5.0
-23.0
-11.0
-9.0
-26.0
-20.0
-19.0
-49.0
-51.0
-15.0
-1.0
-19.0
-82.60000000000005
-9.0
-113.0
-95.0
-112.0
-100.0
-19.0
-7.0
-44.0
-61.0
-93.0
-69.0
-23.0
-36.0
-3.0
-16.0
-22.0
-5.0
-4.0
-8.0
-65.0
-61.0
-26.0
-18.0
-25.60000000000005
-3.0
-14.0
-8.0
-21.0
-29.0
-19.0
-7.0
-49.0
-57.0
-62.0
-57.0
-32.0
-9.0
-13.0
-169.0
-293.0
-144.0
-38.0
-19.0
-53.0
-4.0
-47.0
-8.0
-22.60000000000005
-4.0
-3.0
-5.0
-5.0
-14.0
-2.0
-21.0
-33.0
-31.0
-12.0
-14.0
-32.0
-2.0
-34.0
-5.0
-24.0
-15.0
-8.0
-54.0
-12.0
-6.0
-55.0
-16.0
-1.1000000000000512
-32.0
-8.0
-2.0
-0.0
-10.0
-2.0
-14.0
-3.0
-32.0
-28.0
-27.0
-16.0
-28.0
-17.0
-8.0
-30.0
-43.0
-17.0
-35.0
-5.0
-17.0
-1.0
-49.0
-32.10000000000005
-20.0
-6.0
-17.0
-7.0
-10.0
-12.0
-4.0
-49.0
-30.0
-153.0
-22.0
-51.0
-31.0
-34.0
-35.0
-26.0
-19.0
-131.0
-24.0
-94.0
-72.0
-3.0
-2.0
-35.60000000000005
-17.0
-29.0
-15.0
-44.0
-27.0
-11.0
-25.0
-2.0
-65.0
-20.0
-43.0
-54.0
-5.0
-58.0
-5.0
-15.0
-110.0
-4.0
-0.0
-8.0
-31.0
-14.0
-4.0
-25.60000000000005
-20.0
-12.0
-30.0
-28.0
-36.0
-47.0
-16.0
-30.0
-48.0
-44.0
-21.0
-73.0
-41.0
-43.0
-28.0
-32.0
-1.0
-158.0
-25.0
-19.0
-17.0
-6.0
-21.0
-113.60000000000005
-6.0
-17.0
-12.0
-36.0
-32.0
-37.0
-6.0
-67.0
-46.0
-15.0
-51.0
-111.0
-48.0
-40.0
-276.0
-47.0
-50.0
-15.0
-8.0
-29.0
-73.0
-4.0
-20.0
-13.600000000000051
-0.0
-7.0
-1.0
-33.0
-36.0
-49.0
-50.0
-62.0
-242.0
-59.0
-31.0
-93.0
-62.0
-3.0
-68.0
-323.0
-190.0
-130.0
-49.0
-57.0
-42.0
-2.0
-10.0
-30.60000000000005
-21.0
-8.0
-23.0
-38.0
-11.0
-40.0
-22.0
-38.0
-69.0
-16.0
-22.0
-55.0
-37.0
-49.0
-60.0
-51.0
-51.0
-521.0
-31.0
-8.0
-18.0
-3.0
-19.0
-37.110000000000014
-15.0
-38.0
-21.0
-25.0
-32.0
-15.0
-34.0
-23.0
-5.0
-34.0
-5.0
-5.0
-54.0
-10.0
-5.0
-8.0
-6.0
-8.0
-8.0
-8.0
-23.0
-24.5
-43.0
-23.870000000000005
-16.5
-17.5
-33.0
-43.0
-175.0
-35.0
-36.0
-32.0
-33.0
-7.0
-17.0
-577.0
-77.0
-56.0
-38.0
-51.0
-44.0
-9.0
-9.0
-5.0
-37.0
-18.0
-68.0
-1.8799999999999955
-22.5
-11.5
-17.0
-25.0
-7.5
-4.5
-26.5
-106.32
-9.319999999999993
-108.67999999999995
-121.67999999999995
-52.0
-73.0
-2.0
-86.0
-98.0
-27.0
-4.0
-156.0
-669.0
-35.0
-123.0
-21.0
-35.60000000000005
-6.0
-1.0
-21.0
-10.0
-15.0
-44.5
-30.0
-128.0
-2.0
-1.0
-127.0
-7.0
-14.0
-34.0
-33.0
-1.0
-34.0
-32.0
-1.0
-89.0
-62.0
-1.0
-24.0
-27.60000000000005
-0.0
-3.0
-23.0
-1.0
-40.0
-9.5
-7.0
-20.0
-46.0
-37.0
-92.0
-23.0
-12.0
-81.0
-52.0
-46.0
-14.0
-66.0
-17.0
-21.0
-7.0
-0.0
-16.0
-35.60000000000005
-19.0
-9.0
-5.0
-9.0
-35.0
-80.0
-75.0
-13.0
-2.0
-106.0
-106.0
-61.0
-23.0
-96.0
-56.0
-54.0
-10.0
-71.0
-4.0
-30.0
-24.0
-86.0
-85.0
-103.08000000000001
-5.0
-31.0
-23.0
-316.0
-44.0
-44.0
-25.0
-130.0
-30.0
-35.0
-29.0
-9.0
-61.0
-33.0
-49.0
-13.0
-18.0
-35.0
-12.0
-9.0
-13.0
-11.0
-1.0
-9.069999999999993
-14.0
-9.0
-31.0
-35.0
-43.0
-57.0
-36.0
-66.0
-47.0
-18.0
-24.0
-1.0
-22.0
-3.0
-8.0
-13.0
-749.0
-32.0
-4.0
-15.0
-18.0
-1.0
-56.0
-44.61500000000001
-68.0
-49.0
-47.0
-53.0
-52.0
-51.0
-43.0
-54.0
-299.0
-111.0
-14.0
-14.0
-113.0
-44.0
-18.0
-17.0
-30.0
-31.0
-10.0
-16.0
-74.0
-18.0
-36.0
-2.039999999999992
-13.0
-13.0
-15.0
-21.0
-6.0
-27.0
-33.0
-4.0
-15.0
-53.0
-78.0
-8.0
-9.0
-2.0
-6.0
-30.0
-258.0
-54.0
-15.0
-13.0
-10.0
-5.0
-8.0
-2.039999999999992
-22.0
-2.0
-17.0
-10.0
-3.0
-11.0
-6.0
-56.0
-18.0
-9.0
-32.0
-32.0
-63.0
-16.0
-21.0
-25.0
-27.0
-14.0
-67.0
-5.0
-11.0
-12.0
-10.0
-9.960000000000008
-4.0
-5.0
-25.0
-10.0
-14.5
-30.360000000000014
-9.5
-37.639999999999986
-13.639999999999986
-11.0
-30.399999999999977
-31.600000000000023
-62.60000000000002
-32.39999999999998
-10.399999999999977
-17.0
-13.480000000000018
-26.519999999999982
-20.0
-6.0
-23.0
-14.0
-36.0
-2.039999999999992
-3.0
-9.0
-11.0
-0.0
-30.0
-17.0
-23.0
-3.0
-29.0
-16.0
-55.0
-275.0
-20.0
-19.0
-3.0
-14.0
-528.0
-4.0
-57.0
-10.0
-29.0
-14.0
-31.0
-2.039999999999992
-2.0
-0.0
-9.0
-11.0
-2.0
-10.0
-12.0
-14.0
-74.0
-32.5
-22.0
-3.0
-4.0
-8.5
-9.5
-28.5
-38.5
-62.0
-0.0
-12.0
-9.0
-22.0
-31.0
-4.615000000000009
-3.9000000000000057
-7.0
-1.0
-20.0
-3.0
-9.0
-14.47999999999999
-0.5
-32.0
-10.0
-35.0
-3.0
-27.0
-27.0
-17.0
-23.0
-11.0
-52.0
-6.0
-13.0
-13.0
-0.0
-8.0
-13.615000000000009
-22.0
-10.0
-14.0
-12.0
-6.0
-24.0
-10.0
-97.0
-36.51999999999998
-470.52
-40.0
-44.0
-61.0
-28.0
-9.0
-66.0
-14.0
-114.51999999999998
-134.48000000000002
-15.0
-10.0
-6.0
-14.0
-2.039999999999992
-25.5
-10.0
-17.0
-21.0
-21.0
-7.0
-31.0
-46.0
-13.0
-19.0
-73.0
-38.0
-159.32000000000005
-11.32000000000005
-57.67999999999995
-9.0
-35.0
-3.0
-2.519999999999982
-22.519999999999982
-27.519999999999982
-2.5
-21.0
-44.03999999999999
-0.5
-30.0
-22.0
-10.0
-32.0
-22.0
-32.0
-38.0
-31.480000000000018
-13.480000000000018
-57.48000000000002
-22.480000000000018
-0.4800000000000182
-6.519999999999982
-45.0
-10.0
-22.0
-21.0
-16.0
-25.0
-36.0
-1.0
-34.0
-2.039999999999992
-38.5
-1.5
-7.0
-19.0
-5.0
-4.0
-125.5
-39.51999999999998
-80.51999999999998
-52.51999999999998
-17.159999999999968
-7.0
-6.0
-22.0
-63.0
-23.0
-6.0
-5.0
-51.0
-45.0
-111.0
-12.0
-25.0
-2.039999999999992
-37.5
-14.0
-11.0
-2.0
-25.0
-1.0
-34.0
-114.0
-8.0
-219.0
-37.0
-117.96000000000004
-64.96000000000004
-41.0
-22.0
-23.0
-16.0
-10.0
-16.0
-58.0
-25.0
-21.0
-7.0
-590.04
-184.1
-3.0
-15.0
-13.0
-28.0
-39.0
-46.0
-5.0
-2.0
-30.0
-52.0
-35.0
-44.0
-38.0
-61.0
-10.0
-18.0
-0.0
-15.0
-132.0
-631.0
-10.0
-8.0
-19.159999999999997
-15.099999999999994
-12.0
-24.0
-8.0
-28.0
-26.0
-20.0
-41.0
-43.0
-18.0
-3.0
-7.0
-394.0
-7.0
-7.0
-25.0
-70.0
-7.0
-33.0
-27.0
-15.0
-36.0
-68.0
-65.57499999999999
-73.0
-23.0
-14.0
-31.0
-7.0
-26.0
-37.0
-57.0
-28.0
-407.0
-16.559999999999945
-68.55999999999995
-48.0
-44.0
-3.0
-8.0
-7.0
-15.0
-57.0
-669.0
-11.0
-86.0
-25.0
-11.039999999999992
-26.0
-9.0
-20.0
-19.0
-28.0
-6.0
-22.0
-4.0
-2.480000000000018
-19.519999999999982
-35.39999999999998
-9.399999999999977
-4.399999999999977
-21.600000000000023
-16.399999999999977
-9.519999999999982
-12.480000000000018
-28.519999999999982
-56.51999999999998
-1.5199999999999818
-12.480000000000018
-3.5200000000000102
-4.5
-12.039999999999992
-2.5500000000000114
-13.0
-1.5
-18.0
-12.0
-10.0
-21.0
-0.39999999999997726
-10.600000000000023
-4.600000000000023
-3.3999999999999773
-46.0
-53.0
-40.0
-1.0
-22.0
-17.0
-50.0
-37.0
-1.0
-29.0
-1.0
-1.0
-2.039999999999992
-2.5500000000000114
-4.0
-8.0
-25.0
-3.0
-4.0
-33.0
-24.0
-17.0
-18.0
-6.0
-30.0
-10.0
-17.0
-28.0
-54.0
-39.0
-61.0
-4.0
-44.0
-10.0
-34.0
-16.0
-2.039999999999992
-24.55000000000001
-16.0
-8.0
-15.0
-7.0
-66.0
-31.5
-2.0
-17.0
-18.0
-12.240000000000009
-205.60000000000002
-2.6000000000000227
-3.6000000000000227
-33.0
-38.0
-10.0
-40.960000000000036
-75.83999999999997
-9.160000000000025
-26.360000000000014
-20.58000000000004
-0.0
-2.039999999999992
-22.19999999999999
-0.5
-25.75999999999999
-52.0
-31.0
-5.5
-72.0
-29.5
-49.0
-552.5
-11.0
-45.0
-21.5
-53.80000000000001
-28.5
-17.19999999999999
-15.800000000000011
-24.0
-14.0
-152.0
-6.0
-3.0
-6.0
-1.5749999999999886
-443.6
-5.0
-1.0
-7.0
-10.0
-2.0
-28.0
-22.0
-17.0
-15.0
-20.0
-9.0
-13.0
-25.0
-57.0
-267.0
-17.0
-3.0
-21.0
-36.0
-4.0
-13.0
-4.0
-6.009999999999991
-10.099999999999994
-50.0
-4.02000000000001
-1.9799999999999898
-31.00999999999999
-25.0
-35.0
-147.0
-40.0
-65.0
-46.0
-33.0
-63.0
-35.0
-51.0
-100.0
-31.840000000000032
-134.15999999999997
-49.160000000000025
-59.160000000000025
-27.160000000000025
-12.160000000000025
-21.0
-2.039999999999992
-19.05000000000001
-25.0
-13.0
-3.0
-1.0
-2.0
-9.0
-13.0
-7.0
-96.0
-20.0
-14.0
-69.0
-20.0
-29.0
-9.0
-33.0
-25.0
-29.0
-8.0
-1.0
-15.0
-10.0
-2.039999999999992
-4.050000000000011
-7.0
-5.0
-20.0
-10.0
-681.0
-8.0
-3.0
-14.0
-121.0
-37.110000000000014
-323.0
-172.0
-742.0
-80.0
-477.0
-22.0
-172.0
-45.0
-107.88
-205.0
-22.0
-75.0
-25.0
-28.0
-2.1200000000000045
-33.0
-37.0
-83.0
-2.0
-382.88
-51.0
-40.0
-61.0
-50.91
-36.0
-36.0
-49.0
-17.0
-32.0
-19.0
-32.0
-155.0
-166.0
-64.0
-46.0
-68.0
-13.0
-53.0
-50.0
-11.0
-1.8799999999999955
-71.88
-36.0
-547.0
-36.0
-90.0
-33.0
-21.910000000000025
-46.0
-66.0
-30.0
-36.0
-26.0
-50.0
-33.0
-93.0
-180.0
-32.0
-175.0
-56.0
-41.0
-52.0
-6.0
-14.0
-25.0
-69.0
-14.0
-228.0
-18.0
-10.0
-3.0
-56.94
-13.0
-41.120000000000005
-21.0
-34.0
-7.0
-28.0
-40.0
-94.0
-3.1200000000000045
-13.0
-14.0
-43.0
-40.0
-35.15999999999997
-12.0
-5.1200000000000045
-40.0
-78.0
-11.0
-177.0
-22.0
-15.0
-33.0
-5.439999999999998
-41.0
-38.0
-50.0
-12.0
-35.0
-497.0
-27.0
-100.0
-25.0
-30.0
-8.120000000000005
-11.0
-16.0
-19.0
-3.0
-753.0
-48.0
-132.88
-28.0
-50.0
-58.0
-5.0
-11.0
-19.939999999999998
-48.0
-13.0
-10.0
-11.0
-22.0
-18.0
-40.0
-52.0
-40.0
-57.0
-22.0
-61.0
-8.0
-23.0
-20.0
-58.0
-55.0
-76.0
-59.0
-34.0
-32.0
-28.0
-11.0
-20.830000000000013
-43.0
-32.0
-36.0
-34.0
-42.0
-25.0
-13.0
-9.0
-1.0
-13.0
-16.0
-47.0
-39.0
-0.0
-27.0
-55.0
-22.0
-34.0
-35.0
-6.0
-14.0
-33.0
-28.0
-20.830000000000013
-52.5
-41.0
-49.5
-41.5
-48.5
-27.5
-62.5
-75.0
-126.0
-167.12
-197.0
-203.0
-39.0
-53.120000000000005
-50.0
-105.0
-89.0
-575.0
-26.0
-105.0
-9.0
-35.0
-3.0
-41.910000000000025
-32.0
-8.0
-2.0
-6.0
-11.0
-16.0
-17.0
-83.0
-31.0
-53.0
-60.0
-43.08000000000004
-7.0
-57.0
-22.0
-8.120000000000005
-11.0
-93.0
-8.0
-100.0
-19.0
-10.0
-5.0
-40.910000000000025
-43.0
-86.0
-14.0
-29.0
-21.0
-75.0
-22.0
-107.0
-14.0
-70.0
-57.0
-93.0
-36.0
-124.0
-55.08000000000004
-42.0
-3.1200000000000045
-75.0
-8.0
-62.0
-92.0
-5.0
-23.0
-18.910000000000025
-10.0
-17.0
-13.0
-4.0
-8.0
-10.0
-8.0
-109.0
-5.0
-120.0
-56.0
-320.0
-17.0
-74.0
-54.0
-55.0
-34.0
-138.0
-18.0
-73.0
-12.0
-66.0
-5.0
-49.910000000000025
-48.0
-16.0
-18.0
-15.0
-49.0
-13.0
-0.0
-16.0
-26.0
-150.0
-84.0
-331.1199999999999
-27.0
-108.0
-82.12
-95.0
-33.0
-73.0
-15.0
-43.0
-3.0
-16.0
-17.0
-17.909999999999997
-28.0
-9.0
-10.0
-751.0
-8.0
-4.0
-11.0
-127.0
-447.0
-29.0
-45.120000000000005
-36.0
-52.0
-38.0
-52.0
-45.0
-68.0
-50.0
-5.0
-24.0
-9.0
-59.31999999999999
-72.44
-179.68
-40.31999999999999
-59.31999999999999
-43.31999999999999
-88.68
-103.68
-87.68
-102.68
-155.5
-100.32
-242.68
-70.68
-78.68
-86.32
-176.68
-68.32
-37.31999999999999
-64.68
-228.5
-98.32
-211.68
-28.680000000000007
-165.68
-101.68
-134.91
-723.6800000000001
-197.68
-13.319999999999993
-6.319999999999993
-191.68
-57.31999999999999
-193.68
-76.68
-109.32000000000005
-18.67999999999995
-152.32000000000005
-7.67999999999995
-122.32000000000005
-183.67999999999995
-96.31999999999994
-24.440000000000055
-90.67999999999995
-438.32000000000005
-13.67999999999995
-120.32
-41.31999999999999
-33.68000000000001
-60.68000000000001
-70.31
-34.31999999999999
-98.32
-27.319999999999993
-50.31999999999999
-58.31999999999999
-78.32
-47.31999999999999
-136.32
-355.32000000000005
-2.67999999999995
-47.60000000000002
-55.67999999999995
-75.67999999999995
-36.67999999999995
-78.67999999999995
-76.67999999999995
-705.32
-76.67999999999995
-0.32000000000005
-224.68
-31.319999999999993
-51.68000000000001
-76.68
-82.26999999999998
-79.32
-51.31999999999999
-80.32
-78.32
-68.32
-79.32
-24.319999999999993
-104.32
-11.32000000000005
-8.0
-13.0
-24.120000000000005
-40.0
-17.0
-19.0
-34.0
-1.0
-30.0
-5.0
-79.0
-0.12000000000000455
-26.0
-47.0
-66.94999999999999
-18.0
-25.0
-24.0
-281.0
-24.0
-24.0
-6.0
-63.0
-117.0
-183.0
-35.0
-71.0
-21.0
-37.120000000000005
-45.0
-17.0
-4.0
-88.0
-11.0
-83.0
-78.0
-62.0
-23.0
-68.93
-68.0
-64.0
-52.0
-68.0
-65.0
-39.0
-10.0
-21.0
-10.919999999999959
-127.0
-13.0
-70.0
-14.879999999999995
-40.0
-30.0
-19.0
-31.879999999999995
-38.0
-72.0
-97.0
-59.0
-30.0
-22.0
-55.889999999999986
-19.0
-17.0
-53.0
-53.0
-40.0
-32.0
-46.0
-592.0
-5.0
-55.0
-65.0
-49.0
-40.0
-84.0
-9.0
-56.0
-60.0
-61.0
-35.0
-43.0
-14.0
-5.0
-5.0
-25.090000000000003
-11.0
-11.0
-18.0
-14.0
-15.0
-18.0
-22.0
-25.0
-26.5
-35.0
-22.0
-43.0
-16.0
-25.0
-37.0
-30.0
-66.0
-22.0
-135.0
-147.0
-21.0
-15.0
-9.0
-39.09
-18.0
-11.0
-2.0
-1.0
-0.0
-4.0
-39.0
-114.0
-365.0
-244.0
-185.0
-221.0
-5.0
-152.0
-124.0
-104.0
-89.0
-113.0
-32.0
-111.0
-54.0
-16.879999999999995
-33.0
-66.88999999999999
-3.0
-27.0
-11.0
-5.0
-16.0
-4.0
-19.0
-90.0
-28.0
-38.120000000000005
-44.200000000000045
-69.20000000000005
-99.20000000000005
-50.200000000000045
-77.20000000000005
-63.0
-234.0
-94.0
-30.0
-51.0
-34.0
-55.0
-65.0
-64.85000000000002
-144.0
-4.0
-4.0
-16.0
-1.0
-20.0
-13.0
-84.0
-17.0
-54.0
-23.0
-58.0
-5.0
-69.0
-40.120000000000005
-9.0
-3.080000000000041
-53.0
-44.0
-37.0
-3.0
-32.0
-4.0
-57.93000000000001
-43.0
-31.0
-22.0
-22.0
-16.0
-10.0
-5.0
-29.0
-57.0
-63.0
-20.120000000000005
-93.0
-31.0
-45.08000000000004
-65.0
-42.0
-33.0
-98.0
-35.0
-44.0
-21.0
-73.0
-24.319999999999993
-0.6700000000000159
-130.0
-18.0
-4.0
-18.0
-17.0
-719.0
-29.0
-134.0
-49.0
-252.12
-77.0
-48.0
-48.0
-97.0
-71.0
-20.0
-15.0
-19.879999999999995
-31.0
-104.0
-15.0
-13.0
-4.0
-6.840000000000003
-16.0
-35.0
-72.0
-5.0
-5.0
-25.0
-28.0
-45.0
-32.0
-5.0
-8.0
-22.0
-55.0
-45.0
-17.0
-2.0
-33.0
-20.0
-28.0
-17.0
-49.0
-62.0
-71.0
-24.909999999999997
-16.0
-3.5
-21.5
-30.0
-94.0
-65.0
-8.0
-59.0
-48.0
-36.0
-66.0
-7.0
-3.0
-8.0
-5.0
-23.0
-29.0
-12.0
-31.0
-63.0
-39.0
-55.0
-28.0
-39.09
-40.0
-21.0
-35.0
-36.0
-47.0
-11.0
-2.0
-167.0
-181.0
-113.0
-139.11
-61.0
-98.0
-34.0
-31.08000000000004
-10.0
-27.0
-250.0
-186.0
-34.120000000000005
-2.0
-19.0
-28.0
-33.88499999999999
-58.0
-19.0
-5.0
-614.0
-4.0
-39.0
-26.0
-81.0
-149.0
-33.0
-64.12
-60.0
-5.0
-96.0
-61.0
-72.08000000000004
-23.0
-18.0
-65.12
-55.0
-18.0
-8.0
-76.0
-10.884999999999991
-1.0
-13.0
-15.0
-7.0
-8.0
-46.0
-17.0
-8.0
-83.0
-28.0
-23.0
-81.0
-9.0
-49.0
-49.0
-48.0
-2.0
-1.0
-15.0
-78.0
-1.0
-22.0
-4.0
-10.930000000000007
-7.0
-5.0
-13.0
-3.0
-14.0
-0.0
-12.0
-9.0
-33.0
-3.0
-47.0
-52.0
-29.879999999999995
-11.0
-107.0
-14.0
-37.0
-104.0
-434.0
-64.0
-16.0
-51.0
-29.0
-8.919999999999987
-7.0
-25.0
-7.0
-6.0
-8.0
-1.0
-4.0
-35.0
-40.0
-17.0
-22.120000000000005
-23.120000000000005
-35.0
-11.0
-9.0
-4.8799999999999955
-9.0
-51.0
-18.0
-10.0
-58.0
-1.0
-45.0
-33.92500000000001
-8.0
-379.0
-5.0
-6.0
-1.0
-12.0
-38.0
-128.0
-34.0
-1.0
-37.0
-1.0
-14.0
-11.0
-6.0
-71.0
-28.0
-7.0
-29.0
-16.0
-0.0
-8.0
-5.0
-19.090000000000003
-8.0
-3.0
-24.0
-69.0
-70.0
-52.0
-11.0
-3.0
-36.0
-24.0
-74.0
-46.0
-51.0
-69.0
-50.0
-29.0
-39.0
-1.0
-9.0
-15.0
-2.0
-48.0
-16.0
-24.090000000000003
-13.0
-20.0
-8.0
-30.0
-23.0
-3.0
-15.0
-159.0
-186.0
-154.0
-52.0
-68.0
-60.0
-138.0
-187.0
-104.0
-124.0
-46.0
-33.0
-49.0
-10.0
-61.0
-26.0
-12.930000000000007
-63.0
-4.0
-22.0
-7.0
-23.0
-2.0
-3.0
-50.0
-32.0
-28.0
-53.0
-51.0
-56.0
-53.0
-747.12
-8.120000000000005
-12.0
-247.0
-16.0
-187.0
-4.0
-89.0
-37.0
-12.865000000000009
-3.0
-9.0
-18.0
-9.0
-5.0
-21.0
-51.0
-41.0
-47.0
-111.0
-3.0
-5.0
-113.0
-10.0
-27.0
-11.0
-19.879999999999995
-75.0
-30.0
-9.0
-51.0
-6.0
-1.0
-12.800000000000011
-38.0
-7.0
-13.0
-12.0
-15.0
-35.0
-21.0
-77.0
-189.0
-77.0
-37.0
-47.120000000000005
-60.0
-23.0
-3.0
-29.0
-78.0
-94.0
-73.0
-17.0
-17.0
-21.0
-20.0
-32.17500000000001
-18.0
-9.0
-800.0
-1.0
-20.0
-34.0
-17.0
-20.0
-22.0
-54.0
-77.0
-54.0
-115.0
-102.0
-48.0
-18.0
-93.0
-67.0
-58.0
-81.0
-91.0
-295.0
-57.0
-54.17500000000001
-37.0
-26.0
-37.0
-46.0
-7.0
-5.0
-11.0
-59.0
-37.0
-42.0
-47.0
-48.0
-9.0
-44.0
-49.0
-28.0
-36.0
-46.0
-46.0
-19.0
-31.0
-0.0
-45.0
-25.090000000000003
-5.0
-33.0
-15.0
-3.0
-3.0
-1.0
-2.0
-122.0
-30.0
-175.0
-31.0
-20.0
-187.0
-135.0
-12.0
-17.0
-25.0
-93.0
-2.0
-5.0
-7.0
-33.0
-5.0
-39.0
-57.0
-48.0
-37.0
-10.0
-398.0
-75.0
-65.0
-21.0
-52.0
-41.44999999999999
-29.0
-8.0
-23.0
-3.0
-567.0
-41.0
-41.0
-83.0
-90.0
-28.0
-21.0
-41.0
-101.0
-99.0
-32.120000000000005
-8.0
-9.0
-26.0
-9.0
-27.0
-25.0
-4.0
-0.0
-9.449999999999989
-32.0
-12.0
-14.0
-20.0
-42.0
-9.0
-7.0
-75.0
-7.0
-52.0
-17.0
-64.0
-29.879999999999995
-37.0
-36.120000000000005
-16.0
-40.0
-40.0
-44.0
-18.0
-9.0
-3.0
-29.0
-41.44999999999999
-26.0
-5.0
-19.0
-21.0
-16.0
-7.0
-9.0
-25.0
-397.0
-9.0
-40.0
-1.0
-14.0
-2.0
-11.0
-22.0
-34.0
-56.0
-56.0
-37.0
-43.0
-31.0
-28.0
-248.075
-19.0
-6.0
-44.0
-460.0
-46.0
-11.0
-54.0
-13.0
-27.0
-36.0
-62.0
-26.0
-20.0
-36.0
-33.0
-23.0
-4.0
-35.0
-31.0
-5.0
-29.0
-48.0
-17.0
-35.07499999999999
-7.0
-13.0
-1.0
-17.0
-15.0
-36.0
-9.0
-104.0
-246.0
-56.0
-35.0
-4.0
-28.519999999999982
-90.51999999999998
-57.120000000000005
-47.32000000000005
-46.32000000000005
-37.440000000000055
-111.12
-160.0
-38.0
-21.120000000000005
-49.0
-61.44999999999999
-8.0
-31.0
-40.0
-8.0
-40.0
-11.0
-19.0
-74.0
-84.0
-3.2000000000000455
-65.20000000000005
-45.200000000000045
-8.799999999999955
-38.799999999999955
-39.24000000000001
-50.24000000000001
-58.24000000000001
-106.24000000000001
-114.0
-26.0
-86.0
-16.0
-3.0
-9.449999999999989
-42.0
-22.0
-6.0
-12.0
-30.0
-57.0
-32.0
-61.0
-28.0
-5.0
-68.0
-75.0
-6.0
-28.0
-85.0
-57.0
-32.120000000000005
-84.0
-96.0
-9.0
-59.0
-28.0
-12.0
-53.44999999999999
-42.0
-241.0
-2.0
-13.0
-35.0
-6.0
-23.0
-43.0
-4.480000000000018
-61.48000000000002
-10.0
-6.0
-96.0
-42.91999999999996
-37.0
-69.0
-109.0
-19.480000000000018
-56.48000000000002
-482.0
-25.0
-40.0
-35.0
-72.55000000000001
-8.0
-25.0
-12.0
-17.0
-8.0
-1.0
-6.0
-33.0
-53.0
-17.0
-86.0
-20.0
-19.0
-13.0
-70.0
-42.0
-45.0
-117.0
-22.0
-9.0
-14.0
-19.0
-24.0
-5.969999999999999
-15.0
-12.0
-13.0
-27.0
-12.0
-44.0
-26.0
-26.0
-51.0
-63.0
-44.0
-48.0
-45.0
-12.0
-262.0
-4.0
-23.0
-22.0
-24.0
-3.0
-5.0
-2.0
-2.0
-14.545000000000044
-2.0
-9.0
-0.0
-0.0
-14.0
-46.0
-19.0
-34.0
-17.0
-13.0
-11.0
-25.0
-4.0
-9.0
-3.0
-11.0
-1.0
-51.0
-50.0
-31.5
-40.0
-46.0
-31.0
-1.0600000000000023
-26.0
-7.0
-33.0
-16.0
-8.0
-30.0
-1.0
-125.0
-126.0
-28.0
-84.0
-29.0
-25.0
-62.0
-87.0
-96.20000000000005
-51.0
-115.0
-28.0
-3.0
-7.0
-24.920000000000016
-62.0
-61.44999999999999
-20.0
-14.0
-26.0
-4.0
-18.0
-32.0
-42.0
-33.0
-30.0
-28.0
-32.120000000000005
-62.0
-41.0
-17.0
-25.0
-20.0
-5.0
-147.0
-33.0
-41.120000000000005
-13.0
-5.0
-10.0
-9.449999999999989
-12.0
-22.0
-6.0
-4.0
-37.0
-8.0
-1.0
-30.0
-3.0
-41.0
-5.1200000000000045
-18.0
-3.0
-4.0
-27.0
-29.0
-11.0
-95.0
-9.0
-46.0
-28.0
-51.0
-22.0
-9.449999999999989
-27.0
-24.0
-13.0
-18.0
-609.0
-7.0
-61.0
-25.0
-21.0
-36.0
-28.0
-46.0
-7.0
-6.0
-44.120000000000005
-27.0
-32.0
-15.0
-49.0
-31.0
-85.12
-29.0
-14.0
-21.980000000000018
-23.0
-0.5
-1.0
-0.5
-55.610000000000014
-25.610000000000014
-13.5
-15.240000000000009
-40.59000000000003
-99.83000000000004
-39.08000000000004
-75.08000000000004
-12.919999999999959
-26.08000000000004
-55.60000000000002
-26.600000000000023
-23.600000000000023
-89.39999999999998
-71.39999999999998
-27.600000000000023
-28.600000000000023
-6.600000000000023
-11.0
-0.5799999999999841
-43.0
-1.0
-17.0
-4.0
-7.0
-36.0
-92.0
-94.0
-33.0
-28.0
-32.0
-226.0
-5.0
-6.0
-288.0
-2.0
-13.0
-62.0
-50.0
-95.5
-43.0
-0.0
-22.0
-23.590000000000003
-15.0
-8.0
-20.0
-690.0
-26.0
-20.0
-49.0
-17.0
-55.0
-46.0
-11.0
-0.0
-18.0
-4.0
-19.0
-13.0
-766.0
-230.0
-10.0
-8.0
-40.0
-29.0
-9.0
-40.59
-17.0
-19.0
-8.0
-14.0
-37.0
-7.0
-16.0
-127.0
-75.0
-69.0
-2.0
-46.0
-31.0
-98.0
-106.0
-91.0
-97.0
-55.08000000000004
-37.0
-64.0
-21.0
-2.0
-29.0
-32.420000000000016
-28.0
-31.0
-8.0
-4.0
-1.0
-11.0
-21.0
-26.0
-14.0
-33.0
-33.0
-38.120000000000005
-21.0
-62.0
-4.0
-1.0
-27.0
-10.879999999999995
-1.0
-54.0
-13.0
-24.0
-27.0
-32.420000000000016
-33.0
-18.0
-5.0
-3.0
-5.0
-7.0
-10.0
-25.0
-12.0
-34.0
-22.0
-19.0
-3.0
-42.0
-34.0
-39.0
-0.12000000000000455
-5.0
-17.0
-8.0
-77.0
-4.0
-22.0
-41.420000000000016
-19.0
-16.0
-8.0
-4.0
-3.0
-568.0
-17.0
-43.0
-3.0
-17.0
-10.0
-59.0
-15.0
-67.0
-51.0
-49.0
-35.0
-32.0
-13.0
-72.12
-3.0
-4.0
-7.0
-41.420000000000016
-36.0
-7.0
-5.0
-13.0
-13.0
-33.0
-22.0
-64.0
-84.0
-54.0
-39.91999999999996
-52.0
-14.0
-0.0
-41.0
-16.0
-39.0
-24.0
-23.0
-15.0
-73.0
-2.0
-27.0
-11.579999999999984
-19.0
-12.0
-7.0
-1.0
-7.0
-40.0
-62.0
-87.0
-19.0
-49.0
-48.0
-113.0
-54.0
-23.04000000000002
-7.0400000000000205
-14.0
-18.0
-7.0
-29.0
-80.0
-42.0
-23.0
-4.0
-17.590000000000003
-13.0
-11.0
-119.0
-50.0
-66.0
-23.0
-38.0
-47.0
-5.0
-4.0
-7.0
-52.0
-4.0
-18.0
-36.51999999999998
-7.519999999999982
-53.0
-62.0
-131.0
-20.0
-50.0
-14.0
-45.0
-739.59
-48.0
-23.0
-13.0
-0.0
-14.0
-36.0
-30.0
-141.0
-59.0
-150.12
-15.120000000000005
-66.0
-5.0
-21.0
-232.0
-66.0
-12.0
-63.0
-35.0
-68.0
-35.0
-120.0
-5.0
-79.86000000000001
-20.0
-52.0
-62.0
-40.0
-53.0
-50.0
-58.0
-38.0
-273.0
-3.0
-24.0
-16.0
-10.0
-46.0
-83.0
-17.0
-8.0
-18.0
-302.0
-50.0
-31.0
-18.120000000000005
-58.0
-2.335000000000008
-7.0
-18.0
-32.0
-5.0
-24.0
-17.0
-1.0
-50.0
-7.0
-41.0
-39.0
-8.0
-24.0
-62.0
-53.0
-36.08000000000004
-10.0
-25.0
-16.0
-65.0
-69.0
-6.0
-6.0
-10.664999999999992
-13.0
-23.0
-11.0
-9.0
-1.0
-17.0
-19.0
-24.0
-54.67999999999995
-89.32000000000005
-40.0
-28.0
-5.0
-38.0
-55.0
-20.120000000000005
-20.0
-35.0
-4.0
-83.0
-4.0
-23.0
-28.0
-2.335000000000008
-291.0
-17.0
-18.0
-11.0
-33.0
-18.0
-13.0
-36.0
-9.0
-44.120000000000005
-39.0
-18.0
-12.0
-13.0
-2.0
-60.0
-47.0
-50.0
-95.0
-12.0
-16.0
-16.0
-61.0
-2.335000000000008
-52.0
-12.0
-5.0
-4.0
-8.0
-7.0
-24.0
-95.0
-86.0
-63.0
-25.0
-9.0
-11.0
-14.0
-25.0
-7.0
-145.0
-15.0
-6.0
-15.0
-370.0
-21.0
-13.0
-17.590000000000003
-2.0
-6.0
-2.0
-13.0
-1.0
-26.0
-54.0
-25.0
-44.0
-40.0
-46.0
-70.0
-4.0
-13.0
-9.0
-4.0
-49.0
-31.0
-43.0
-35.0
-17.0
-16.0
-5.0
-17.590000000000003
-7.0
-7.0
-0.0
-8.0
-18.0
-6.0
-28.0
-176.0
-57.0
-107.0
-1.0
-47.0
-54.08000000000004
-63.0
-132.0
-32.0
-364.0
-51.120000000000005
-33.0
-94.0
-14.0
-53.0
-14.0
-7.335000000000008
-15.0
-11.0
-18.0
-19.0
-35.0
-55.0
-13.0
-68.0
-8.0
-38.0
-26.0
-22.0
-8.0
-32.08000000000004
-6.0
-17.0
-63.0
-1.0
-50.0
-158.0
-148.0
-65.0
-3.0
-7.335000000000008
-28.5
-28.0
-19.0
-32.0
-45.0
-28.0
-30.0
-72.0
-57.879999999999995
-35.0
-17.0
-46.0
-71.0
-34.879999999999995
-34.0
-18.0
-32.0
-10.0
-6.0
-46.0
-55.0
-44.0
-6.0
-1.8100000000000023
-13.0
-3.0
-4.0
-10.0
-6.0
-21.0
-7.0
-19.0
-28.0
-68.0
-40.0
-5.0
-25.0
-80.0
-34.879999999999995
-30.0
-4.0
-17.0
-53.0
-22.0
-9.199999999999989
-19.0
-3.0
-38.125
-17.0
-10.0
-31.0
-20.0
-12.0
-33.0
-33.0
-64.0
-55.0
-10.0
-37.0
-48.0
-31.0
-49.0
-16.0
-28.0
-13.0
-18.0
-46.0
-18.0
-43.120000000000005
-55.0
-22.0
-21.060000000000002
-19.0
-7.0
-12.0
-18.0
-1.0
-20.0
-38.0
-27.0
-35.0
-78.0
-47.0
-92.0
-54.0
-66.0
-40.0
-57.0
-49.120000000000005
-21.0
-3.0
-35.0
-26.0
-8.0
-3.0
-47.59
-28.0
-37.0
-22.0
-7.0
-749.0
-7.0
-36.0
-0.0
-37.0
-1.0
-27.0
-15.0
-31.0
-9.0
-40.0
-14.0
-3.0
-2.0
-18.0
-20.0
-17.0
-15.0
-9.0
-28.590000000000003
-88.0
-79.0
-89.0
-77.0
-90.0
-92.0
-52.0
-153.0
-105.0
-58.0
-18.0
-165.0
-110.0
-32.0
-19.0
-6.0
-23.0
-124.88
-39.0
-1.0
-41.0
-31.0
-3.0
-11.909999999999997
-26.0
-13.0
-18.0
-5.0
-24.0
-51.0
-54.0
-12.0
-1.0
-58.0
-6.1200000000000045
-108.0
-90.12
-68.0
-21.0
-16.0
-10.0
-33.0
-33.0
-27.0
-753.0
-13.0
-13.0
-33.0
-120.0
-7.0
-2.0
-17.0
-40.0
-38.879999999999995
-26.0
-25.120000000000005
-7.0
-43.0
-35.0
-44.0
-1.0
-18.0
-19.0
-16.0
-9.449999999999989
-39.0
-3.0
-46.0
-118.0
-1.0
-35.0
-9.0
-101.0
-22.0
-25.0
-64.0
-6.0
-14.0
-2.0
-11.0
-22.0
-16.0
-38.0
-19.0
-37.0
-9.0
-592.0
-14.0
-34.07499999999999
-10.0
-6.0
-9.0
-1.0
-26.0
-45.0
-2.0
-27.0
-27.0
-16.0
-5.0
-4.0
-47.0
-52.0
-34.0
-378.0
-41.0
-32.0
-7.0
-29.0
-47.0
-46.0
-16.0
-20.07499999999999
-9.0
-28.0
-16.0
-32.0
-3.0
-12.0
-8.0
-130.0
-315.0
-3.0
-35.0
-42.0
-36.48000000000002
-73.51999999999998
-11.879999999999995
-21.67999999999995
-1.32000000000005
-37.440000000000055
-426.12
-9.0
-25.0
-5.1200000000000045
-24.0
-9.449999999999989
-17.0
-0.0
-7.0
-12.0
-25.0
-82.0
-54.0
-41.0
-25.0
-53.200000000000045
-47.200000000000045
-63.200000000000045
-11.799999999999955
-6.7999999999999545
-7.240000000000009
-8.240000000000009
-61.24000000000001
-31.24000000000001
-16.0
-63.0
-23.0
-16.0
-64.0
-9.449999999999989
-35.0
-1.0
-6.0
-5.0
-17.0
-59.0
-32.0
-28.0
-28.0
-15.0
-30.0
-71.0
-18.0
-5.0
-30.0
-1.0
-19.120000000000005
-4.0
-48.0
-63.0
-4.0
-28.0
-12.0
-9.449999999999989
-32.0
-20.0
-2.0
-7.0
-29.0
-16.0
-1.0
-10.0
-4.480000000000018
-36.48000000000002
-13.0
-32.0
-63.0
-16.91999999999996
-24.0
-78.0
-151.0
-150.48000000000002
-8.480000000000018
-31.0
-25.0
-7.0
-43.0
-9.449999999999989
-33.0
-25.0
-2.0
-21.0
-18.0
-1.0
-6.0
-3.0
-29.0
-11.0
-5.0
-2.0
-12.0
-64.0
-2.0
-26.0
-49.0
-21.0
-22.0
-9.0
-14.0
-20.0
-7.0
-2.969999999999999
-15.0
-12.0
-19.0
-7.0
-22.0
-17.0
-8.0
-1.0
-21.0
-9.0
-28.0
-17.0
-5.0
-13.0
-11.0
-36.0
-55.0
-38.0
-43.0
-16.0
-24.0
-17.0
-14.0
-4.454999999999956
-21.0
-10.0
-19.0
-19.0
-26.0
-19.0
-13.0
-7.0
-5.0
-2.0
-35.0
-1.0
-29.0
-17.0
-21.0
-756.0
-1.0
-2.0
-751.0
-33.5
-13.0
-7.0
-9.0
-13.060000000000002
-4.0
-5.0
-11.0
-6.0
-14.0
-27.0
-18.0
-137.0
-51.0
-18.0
-52.0
-62.0
-18.0
-52.0
-18.0
-67.20000000000005
-17.0
-61.0
-28.0
-19.0
-7.0
-21.079999999999984
-11.0
-11.550000000000011
-17.0
-6.0
-23.0
-1.0
-15.0
-30.0
-3.0
-33.0
-9.0
-3.0
-30.879999999999995
-1.0
-4.0
-17.0
-25.0
-20.0
-5.0
-34.0
-33.0
-13.879999999999995
-13.0
-21.0
-496.0
-9.449999999999989
-69.0
-6.0
-6.0
-4.0
-14.0
-12.0
-1.0
-30.0
-3.0
-7.0
-5.1200000000000045
-379.0
-3.0
-4.0
-37.0
-120.0
-31.0
-12.0
-55.0
-29.0
-28.0
-3.0
-22.0
-9.449999999999989
-7.0
-16.0
-5.0
-10.0
-6.0
-13.0
-19.0
-25.0
-21.0
-16.0
-28.0
-46.0
-16.0
-29.0
-44.120000000000005
-99.0
-13.0
-396.0
-15.0
-24.0
-13.120000000000005
-45.0
-14.0
-21.980000000000018
-56.0
-18.5
-4.0
-12.5
-42.610000000000014
-54.610000000000014
-31.5
-15.240000000000009
-40.59000000000003
-107.83000000000004
-54.91999999999996
-68.08000000000004
-12.919999999999959
-19.08000000000004
-48.60000000000002
-26.600000000000023
-472.6
-28.399999999999977
-7.399999999999977
-44.39999999999998
-34.39999999999998
-9.399999999999977
-11.0
-12.420000000000016
-7.0
-9.0
-6.0
-1.0
-6.0
-14.0
-23.0
-30.0
-23.0
-28.0
-56.0
-55.0
-102.0
-59.0
-55.0
-7.0
-13.0
-62.0
-2.0
-32.5
-43.0
-20.0
-1.0
-23.590000000000003
-6.0
-27.0
-8.0
-1.0
-33.0
-8.0
-5.0
-5.0
-18.0
-9.0
-26.0
-22.0
-18.0
-48.0
-49.0
-24.0
-5.0
-19.0
-25.0
-29.0
-54.0
-43.0
-8.0
-8.590000000000003
-767.0
-33.0
-8.0
-4.0
-22.0
-7.0
-16.0
-243.0
-75.0
-59.0
-2.0
-1.0
-21.0
-99.0
-7.0
-8.0
-29.0
-68.91999999999996
-37.0
-0.0
-21.0
-2.0
-0.0
-12.420000000000016
-17.0
-31.0
-12.0
-4.0
-11.0
-7.0
-654.0
-26.0
-14.0
-10.0
-720.0
-24.879999999999995
-9.0
-102.0
-35.0
-1.0
-27.0
-10.879999999999995
-65.0
-54.0
-12.0
-6.0
-7.0
-12.420000000000016
-33.0
-8.0
-5.0
-3.0
-5.0
-34.0
-14.0
-25.0
-12.0
-31.0
-28.0
-19.0
-3.0
-18.0
-67.0
-16.0
-32.120000000000005
-5.0
-17.0
-334.0
-15.0
-14.0
-2.0
-12.420000000000016
-19.0
-7.0
-15.0
-19.0
-26.0
-25.0
-1.0
-43.0
-3.0
-34.0
-60.0
-109.0
-15.0
-25.0
-68.0
-77.0
-15.0
-32.0
-13.0
-13.120000000000005
-3.0
-22.0
-7.0
-12.420000000000016
-8.0
-7.0
-5.0
-13.0
-13.0
-33.0
-18.0
-64.0
-50.0
-29.0
-63.08000000000004
-102.0
-2.0
-92.0
-21.0
-7.0
-42.0
-24.0
-23.0
-13.0
-80.0
-2.0
-6.0
-12.420000000000016
-4.0
-22.0
-7.0
-1.0
-7.0
-31.0
-15.0
-23.0
-53.0
-49.0
-14.0
-84.0
-691.0
-37.04000000000002
-12.04000000000002
-28.0
-18.0
-27.0
-29.0
-4.0
-34.0
-5.0
-14.0
-28.590000000000003
-45.0
-33.0
-841.0
-4.0
-24.0
-5.0
-38.0
-445.0
-5.0
-4.0
-7.0
-16.0
-4.0
-13.0
-81.51999999999998
-52.51999999999998
-78.0
-45.0
-26.0
-59.0
-28.0
-20.0
-45.0
-17.590000000000003
-7.0
-23.0
-523.0
-0.0
-14.0
-8.0
-2.0
-169.0
-59.0
-39.120000000000005
-15.120000000000005
-35.0
-94.0
-167.0
-7.0
-3.0
-12.0
-58.0
-35.0
-1.0
-35.0
-18.0
-5.0
-7.860000000000014
-26.0
-24.0
-34.0
-12.0
-25.0
-22.0
-8.0
-38.0
-35.0
-26.0
-0.0
-16.0
-1.0
-23.0
-29.0
-6.0
-8.0
-18.0
-49.0
-50.0
-72.0
-54.879999999999995
-35.0
-7.335000000000008
-3.0
-21.0
-23.0
-5.0
-29.0
-41.0
-5.0
-682.0
-7.0
-55.0
-5.0
-305.0
-36.0
-64.0
-55.0
-38.08000000000004
-22.0
-25.0
-2.0
-10.0
-22.0
-10.0
-7.0
-2.335000000000008
-7.0
-14.0
-4.0
-32.0
-16.0
-1.0
-19.0
-24.0
-54.67999999999995
-65.32000000000005
-16.0
-269.0
-194.0
-1.0
-5.0
-20.120000000000005
-20.0
-144.0
-18.0
-0.0
-4.0
-50.0
-154.0
-2.335000000000008
-26.0
-46.0
-11.0
-40.0
-4.0
-47.0
-13.0
-6.0
-9.0
-59.879999999999995
-45.0
-8.0
-0.0
-52.0
-37.0
-37.0
-41.0
-238.0
-278.0
-77.0
-740.0
-16.0
-56.0
-7.335000000000008
-56.0
-34.0
-9.0
-23.0
-42.0
-33.0
-18.0
-5.0
-14.0
-11.0
-37.0
-64.0
-15.0
-12.0
-120.0
-102.0
-24.0
-21.0
-132.0
-141.0
-143.0
-169.0
-53.0
-22.590000000000003
-33.0
-25.0
-14.0
-25.0
-11.0
-0.0
-28.0
-4.0
-19.0
-57.0
-69.0
-3.0
-74.0
-91.0
-76.0
-82.0
-22.0
-13.0
-44.0
-30.0
-17.0
-23.0
-0.0
-10.409999999999997
-35.0
-7.0
-12.0
-8.0
-18.0
-6.0
-2.0
-139.0
-130.0
-48.0
-1.0
-16.0
-54.08000000000004
-63.0
-6.0
-37.0
-23.0
-222.88
-69.0
-18.0
-90.0
-35.0
-14.0
-18.664999999999992
-15.0
-71.0
-14.0
-51.0
-4.0
-49.0
-7.0
-35.0
-8.0
-16.0
-32.0
-26.0
-20.0
-48.08000000000004
-50.0
-17.0
-68.0
-487.0
-14.0
-69.0
-54.0
-65.0
-10.0
-2.335000000000008
-33.5
-0.0
-6.0
-7.0
-8.0
-11.0
-30.0
-108.0
-57.879999999999995
-61.0
-11.0
-131.0
-129.0
-50.120000000000005
-51.0
-5.0
-32.0
-10.0
-6.0
-18.0
-54.0
-28.0
-15.0
-6.810000000000002
-30.0
-19.0
-20.0
-10.0
-12.0
-18.0
-4.0
-11.0
-28.0
-54.0
-40.0
-5.0
-25.0
-9.0
-1.1200000000000045
-30.0
-4.0
-17.0
-39.0
-39.0
-9.199999999999989
-19.0
-4.0
-12.125
-11.0
-12.0
-19.0
-5.0
-13.0
-27.0
-27.0
-34.0
-55.0
-33.0
-433.0
-53.0
-67.0
-20.0
-53.0
-5.0
-13.0
-18.0
-46.0
-54.0
-43.120000000000005
-39.0
-22.0
-0.060000000000002274
-21.0
-9.0
-1.0
-2.0
-15.0
-32.0
-50.0
-63.0
-35.0
-12.0
-14.0
-59.0
-21.0
-33.0
-22.0
-71.0
-31.120000000000005
-3.0
-3.0
-17.0
-2.0
-16.0
-4.0
-28.590000000000003
-18.0
-27.0
-5.0
-24.0
-1.0
-5.0
-46.0
-0.0
-56.0
-17.0
-48.0
-37.0
-53.0
-22.0
-37.0
-1.0
-18.0
-2.0
-18.0
-88.0
-47.0
-10.0
-10.0
-23.590000000000003
-2.0
-15.0
-1.0
-48.0
-16.0
-21.0
-19.0
-1.0
-105.0
-48.0
-18.0
-87.0
-18.0
-32.0
-19.0
-6.0
-23.0
-32.879999999999995
-39.0
-30.0
-71.0
-47.0
-3.0
-18.090000000000003
-26.0
-8.0
-5.0
-16.0
-27.0
-25.0
-8.0
-71.0
-1.0
-5.0
-6.1200000000000045
-117.0
-90.12
-1.0
-21.0
-11.0
-89.0
-33.0
-19.0
-10.0
-34.0
-31.0
-8.0
-14.430000000000007
-10.0
-12.0
-23.0
-31.0
-23.0
-7.0
-23.0
-41.0
-17.0
-52.0
-188.0
-65.0
-17.0
-38.0
-268.0
-15.0
-27.0
-27.0
-11.0
-107.0
-0.0
-50.0
-4.0
-13.050000000000011
-13.0
-14.0
-16.0
-30.0
-38.0
-0.0
-9.0
-79.0
-55.0
-42.879999999999995
-30.0
-31.0
-11.0
-4.0
-0.0
-10.0
-3.0
-31.120000000000005
-89.0
-4.0
-44.91999999999996
-1.0
-35.89999999999998
-6.0
-26.0
-10.879999999999995
-13.0
-18.0
-1.0
-72.0
-27.0
-59.0
-28.0
-22.0
-20.88499999999999
-46.0
-5.0
-21.0
-2.0
-22.0
-3.0
-44.0
-41.0
-25.0
-33.0
-37.0
-24.480000000000018
-33.5
-28.0
-44.0
-38.0
-31.0
-8.0
-14.5
-14.0
-4.0
-21.5
-3.0
-12.5
-23.0
-26.5
-23.5
-28.0
-9.5
-2.5
-17.5
-0.0
-20.0
-44.0
-0.0
-74.25999999999999
-71.5
-26.5
-19.0
-15.0
-36.5
-12.0
-20.5
-21.5
-14.5
-20.5
-30.0
-20.5
-48.0
-6.0
-37.0
-11.0
-14.0
-51.0
-6.0
-105.0
-151.0
-54.0
-3.0
-31.0
-28.0
-22.0
-5.1200000000000045
-58.0
-27.0
-66.0
-207.0
-13.0
-67.0
-1.0
-1.0
-42.88499999999999
-4.0
-25.0
-9.0
-20.0
-13.0
-17.0
-4.0
-77.0
-48.0
-2.0
-12.0
-1.0
-14.0
-5.0
-17.0
-31.0
-58.120000000000005
-10.0
-12.0
-16.0
-2.0
-6.0
-11.0
-42.88499999999999
-10.0
-29.0
-13.0
-3.0
-28.0
-6.0
-2.0
-119.0
-81.0
-25.0
-33.0
-12.0
-12.0
-63.0
-15.0
-10.0
-1.0
-47.08000000000004
-3.480000000000018
-30.480000000000018
-57.0
-170.0
-17.0
-31.819999999999993
-24.0
-6.0
-3.0
-17.0
-17.0
-18.0
-32.0
-91.0
-24.0
-23.0
-35.0
-9.0
-13.0
-32.0
-8.0
-9.0
-15.120000000000005
-46.0
-3.0
-50.0
-13.0
-83.0
-37.0
-13.319999999999993
-0.0
-7.0
-15.0
-12.0
-14.0
-1.0
-30.0
-56.0
-16.0
-52.0
-8.0
-15.0
-63.0
-5.0
-27.0
-65.0
-41.0
-10.0
-77.0
-64.0
-63.0
-40.0
-17.0
-18.319999999999993
-12.0
-6.0
-133.0
-1.0
-11.0
-10.0
-7.0
-59.0
-7.0
-45.0
-23.0
-37.0
-46.0
-28.0
-22.0
-22.0
-706.0
-11.0
-74.0
-14.0
-10.0
-11.0
-1.0
-0.5
-16.0
-23.5
-19.5
-26.0
-8.0
-4.0
-3.0
-9.0
-68.0
-103.0
-9.0
-71.0
-145.0
-51.0
-91.0
-30.0
-55.0
-54.0
-32.0
-31.0
-7.0
-24.0
-0.0
-11.5
-120.0
-13.0
-6.0
-41.0
-7.0
-5.0
-14.0
-116.0
-141.12
-142.0
-8.0
-122.0
-10.0
-70.0
-56.0
-29.0
-17.91999999999996
-243.0
-77.0
-26.0
-155.0
-12.0
-16.0
-5.180000000000007
-197.0
-13.0
-19.0
-7.0
-25.0
-7.0
-18.0
-31.0
-11.0
-10.0
-11.0
-17.0
-8.0
-53.0
-14.0
-35.0
-57.0
-14.0
-96.0
-46.0
-16.0
-36.0
-49.0
-45.68000000000001
-79.0
-94.0
-84.0
-74.0
-70.0
-83.0
-89.0
-64.12
-25.0
-6.0
-1.0
-5.0
-10.0
-25.0
-5.0
-26.0
-24.0
-27.0
-7.0
-0.0
-14.0
-23.0
-11.0
-2.319999999999993
-9.0
-34.0
-8.0
-6.0
-27.0
-23.0
-48.0
-135.0
-16.0
-57.0
-13.080000000000041
-20.0
-15.120000000000005
-9.0
-6.0
-28.0
-16.0
-54.0
-9.0
-182.0
-43.0
-4.0
-9.0
-5.680000000000007
-8.0
-43.0
-20.0
-17.0
-0.0
-12.0
-32.0
-17.0
-16.0
-47.039999999999964
-5.039999999999964
-5.0
-67.0
-29.0
-9.0
-30.0
-18.0
-4.0
-58.0
-87.0
-38.0
-9.0
-4.0
-7.319999999999993
-13.0
-3.0
-197.0
-11.0
-18.0
-50.0
-67.0
-5.0
-95.0
-82.0
-8.0
-33.0
-0.0
-8.0
-17.0
-10.0
-29.0
-36.0
-604.0
-7.0
-15.0
-36.0
-53.0
-39.5
-9.0
-17.0
-1.0
-13.0
-51.0
-754.0
-9.0
-14.0
-40.0
-33.0
-25.0
-47.0
-32.0
-19.0
-75.0
-2.0
-6.0
-28.0
-15.0
-18.0
-9.0
-2.0
-20.0
-0.5
-5.0
-11.0
-463.0
-36.0
-27.0
-24.0
-30.0
-114.0
-54.0
-31.0
-11.0
-17.0
-65.0
-161.0
-54.0
-0.0
-45.0
-276.0
-14.0
-54.0
-45.0
-32.0
-35.0
-7.319999999999993
-5.0
-13.0
-12.0
-32.0
-0.0
-13.0
-12.0
-15.0
-35.0
-31.0
-18.0
-11.0
-2.0
-24.0
-5.0
-7.0
-66.0
-16.0
-41.0
-30.0
-18.0
-19.0
-21.0
-7.319999999999993
-8.0
-6.0
-1.0
-33.0
-7.0
-34.0
-30.0
-9.0
-76.0
-26.0
-10.0
-36.0
-1.0
-41.0
-44.0
-34.0
-85.0
-11.0
-90.0
-62.0
-23.0
-1.0
-17.0
-2.319999999999993
-27.0
-22.0
-11.0
-1.0
-26.0
-11.0
-13.0
-104.0
-19.0
-17.0
-13.0
-15.0
-1.0
-18.0
-23.0
-5.0
-4.0
-142.0
-11.0
-44.0
-38.0
-19.0
-0.0
-14.819999999999993
-6.0
-9.0
-18.0
-15.0
-21.0
-34.0
-27.0
-7.0
-85.0
-72.0
-11.0
-33.0
-71.0
-84.0
-54.0
-17.0
-41.0
-100.0
-20.0
-271.0
-62.0
-42.920000000000016
-2.5
-35.474999999999994
-16.0
-24.0
-8.0
-19.0
-27.0
-7.0
-43.0
-60.0
-69.0
-24.0
-12.0
-27.0
-292.0
-9.0
-26.0
-10.0
-19.120000000000005
-27.0
-12.0
-5.0
-24.0
-18.0
-14.0
-0.5
-10.0
-25.0
-4.0
-2.0
-11.0
-9.0
-24.0
-11.0
-30.0
-27.0
-7.0
-16.0
-15.0
-1.0
-596.0
-10.0
-13.0
-7.0
-43.0
-21.0
-47.0
-25.0
-39.0
-0.5
-7.0
-32.0
-31.0
-25.0
-6.0
-19.0
-25.0
-99.0
-69.0
-16.0
-5.0
-7.0
-84.0
-164.0
-41.0
-31.0
-50.0
-78.0
-39.0
-72.0
-12.0
-44.0
-31.0
-17.525000000000006
-15.0
-6.0
-6.0
-9.5
-9.0
-17.5
-5.0
-31.95999999999998
-273.0
-26.0
-16.0
-23.0
-30.0
-18.0
-2.0
-6.0
-15.0
-6.0
-51.0
-6.0
-10.0
-18.0
-1.0
-2.8700000000000045
-1.0
-2.0
-841.0
-8.0
-3.0
-23.0
-26.0
-27.0
-72.0
-15.32000000000005
-7.440000000000055
-22.32000000000005
-32.0
-2.0
-11.0
-16.559999999999945
-17.559999999999945
-31.08000000000004
-30.08000000000004
-41.95999999999998
-29.439999999999998
-28.560000000000002
-4.0
-25.805000000000007
-5.0
-24.0
-51.0
-39.0
-35.0
-5.0
-1.0
-50.0
-153.0
-14.0
-14.0
-65.0
-7.0
-12.0
-2.0
-11.0
-16.0
-17.0
-7.0
-22.0
-13.0
-37.0
-8.0
-20.805000000000007
-28.75999999999999
-11.0
-1.5
-6.5
-31.5
-30.0
-30.0
-33.0
-232.0
-80.0
-20.0
-54.0
-354.0
-2.0
-11.0
-29.0
-708.0
-1.0
-33.0
-58.0
-44.0
-13.0
-26.0
-20.805000000000007
-14.0
-23.5
-16.5
-6.5
-13.0
-13.5
-32.0
-29.0
-35.25999999999999
-24.079999999999984
-11.079999999999984
-57.920000000000016
-48.08000000000001
-234.98000000000002
-56.079999999999984
-29.920000000000016
-53.920000000000016
-6.9199999999999875
-44.08000000000001
-45.22000000000003
-4.5
-9.5
-347.5
-0.5
-32.0
-18.5
-11.5
-1.5
-13.0
-8.5
-10.0
-26.0
-2.740000000000009
-44.22000000000003
-29.560000000000002
-22.560000000000002
-7.0400000000000205
-7.980000000000018
-30.560000000000002
-80.98000000000002
-24.560000000000002
-50.95999999999998
-20.439999999999998
-32.44
-4.5
-21.5
-2.5
-6.5
-56.75999999999999
-18.0
-19.5
-0.5
-24.5
-33.5
-9.5
-95.92000000000002
-54.91999999999996
-89.91999999999996
-31.08000000000004
-22.91999999999996
-97.91999999999996
-32.08000000000004
-3.919999999999959
-17.08000000000004
-25.91999999999996
-172.08000000000004
-42.91999999999996
-8.920000000000016
-14.920000000000016
-23.920000000000016
-22.0
-20.805000000000007
-18.75999999999999
-8.0
-10.0
-30.0
-19.0
-22.0
-62.0
-134.0
-16.0
-20.91999999999996
-21.840000000000032
-18.720000000000027
-31.279999999999973
-24.75999999999999
-16.0
-28.0
-21.0
-22.32000000000005
-2.32000000000005
-18.319999999999993
-5.0
-14.0
-4.0
-20.805000000000007
-18.75999999999999
-38.56
-10.939999999999998
-10.439999999999998
-7.439999999999998
-23.439999999999998
-8.680000000000007
-475.12
-54.120000000000005
-42.120000000000005
-15.879999999999995
-3.1200000000000045
-5.360000000000014
-60.50999999999999
-37.120000000000005
-1.8899999999999864
-25.879999999999995
-65.88
-56.889999999999986
-57.60000000000002
-12.399999999999977
-56.610000000000014
-50.60000000000002
-16.480000000000018
-21.519999999999982
-64.22000000000003
-41.94
-9.560000000000002
-12.560000000000002
-23.439999999999998
-7.8799999999999955
-492.44
-12.600000000000023
-81.20000000000005
-21.200000000000045
-50.200000000000045
-30.200000000000045
-67.20000000000005
-66.20000000000005
-245.79999999999995
-4.7999999999999545
-20.799999999999955
-38.799999999999955
-59.80000000000001
-13.800000000000011
-22.80000000000001
-23.80000000000001
-0.06999999999999318
-24.28
-34.879999999999995
-45.879999999999995
-50.879999999999995
-15.879999999999995
-3.8799999999999955
-2.8799999999999955
-18.879999999999995
-95.12
-51.120000000000005
-60.120000000000005
-27.720000000000027
-33.72000000000003
-23.720000000000027
-98.72000000000003
-43.72000000000003
-49.120000000000005
-499.08000000000004
-69.24000000000001
-17.24000000000001
-250.24
-28.079999999999984
-3.1200000000000045
-0.11000000000001364
-51.0
-5.5
-5.5
-8.5
-1.0
-348.5
-44.0
-93.0
-9.480000000000018
-14.519999999999982
-39.48000000000002
-71.0
-21.0
-33.04000000000002
-36.04000000000002
-64.04000000000002
-44.04000000000002
-37.0
-475.0
-9.0
-8.0
-6.0
-4.0
-0.5
-10.0
-18.5
-11.5
-1.5
-8.0
-8.5
-17.0
-2.0
-26.75999999999999
-38.75999999999999
-44.56
-2.5600000000000023
-68.44
-65.44
-50.44
-74.44
-45.44
-6.560000000000002
-20.0
-26.0
-4.0
-7.0
-17.5
-6.5
-58.72000000000003
-112.92000000000002
-200.04000000000002
-186.04000000000002
-203.04000000000002
-183.04000000000002
-140.04000000000002
-154.95999999999998
-315.96000000000004
-55.039999999999964
-43.039999999999964
-60.960000000000036
-6.039999999999964
-27.960000000000036
-72.03999999999996
-96.03999999999996
-96.03999999999996
-85.03999999999996
-73.96000000000004
-71.96000000000004
-23.04000000000002
-42.95999999999998
-80.95999999999998
-28.860000000000014
-13.860000000000014
-6.0
-45.47999999999999
-42.48000000000002
-8.97999999999999
-11.97999999999999
-6.52000000000001
-4.0
-47.0
-7.0
-28.0
-57.0
-293.0
-40.0
-57.0
-50.0
-3.0
-13.0
-17.0
-74.0
-59.0
-52.0
-233.0
-35.44
-19.0
-20.0
-2.0
-11.0
-23.0
-766.0
-24.0
-25.0
-65.0
-13.0
-45.0
-30.0
-46.0
-18.0
-24.0
-12.0
-0.0
-274.0
-9.0
-17.0
-32.0
-126.0
-15.0
-35.44
-27.0
-16.0
-10.0
-224.0
-28.0
-1.0
-11.0
-25.0
-34.0
-36.0
-6.0
-5.0
-28.0
-35.0
-1.0
-30.0
-14.0
-14.0
-26.0
-54.0
-12.480000000000018
-21.480000000000018
-9.0
-52.01999999999998
-15.039999999999964
-30.039999999999964
-26.0
-0.0
-13.0
-8.0
-85.0
-15.0
-23.0
-19.0
-4.0
-7.409999999999997
-3.0
-4.0
-4.0
-5.0
-4.0
-13.0
-22.0
-43.0
-47.0
-25.0
-32.0
-19.0
-22.0
-8.879999999999995
-66.0
-2.0
-39.120000000000005
-0.0
-114.88
-33.0
-7.0
-16.0
-5.0
-12.409999999999997
-8.0
-30.0
-36.0
-20.0
-12.0
-16.0
-52.0
-37.0
-76.0
-9.0
-44.0
-41.0
-18.0
-43.0
-6.0
-13.080000000000041
-17.879999999999995
-59.0
-25.0
-75.88
-3.0
-7.0
-10.0
-54.41
-9.0
-8.0
-20.0
-18.0
-7.0
-32.0
-66.0
-2.0
-16.0
-12.0
-16.0
-21.0
-32.0
-43.0
-51.0
-28.0
-49.0
-35.0
-1.0
-26.0
-34.0
-21.0
-25.0
-62.59
-32.0
-30.0
-2.0
-23.0
-14.0
-17.0
-612.0
-16.0
-28.0
-31.0
-66.0
-11.0
-3.0
-29.0
-27.0
-58.0
-13.0
-22.0
-1.5
-21.0
-9.0
-12.0
-22.0
-1.4099999999999966
-33.0
-6.0
-12.0
-11.0
-18.0
-13.0
-13.0
-8.0
-29.0
-52.0
-36.0
-3.960000000000008
-106.0
-20.0
-3.0
-3.0
-34.0
-22.0
-4.5
-5.0
-19.0
-1.0
-28.0
-23.590000000000003
-19.0
-15.0
-10.0
-22.0
-14.0
-3.0
-9.0
-184.0
-129.0
-99.0
-742.0
-86.0
-49.0
-3.0
-18.0
-20.0
-76.08000000000004
-345.0
-170.0
-1.0
-91.0
-12.0
-25.0
-12.409999999999997
-38.0
-22.0
-15.0
-28.0
-32.0
-42.0
-34.0
-150.0
-20.840000000000032
-42.039999999999964
-64.84000000000003
-92.84000000000003
-72.84000000000003
-72.84000000000003
-14.279999999999973
-16.639999999999986
-40.639999999999986
-35.639999999999986
-124.63999999999999
-61.639999999999986
-99.63999999999999
-59.639999999999986
-33.0
-7.409999999999997
-5.0
-10.0
-11.0
-16.5
-6.5
-27.0
-13.0
-25.0
-8.0
-19.0
-11.0
-790.0
-16.0
-103.0
-23.0
-15.0
-1.0
-33.0
-33.0
-60.0
-104.0
-25.0
-8.0
-7.409999999999997
-7.0
-11.0
-23.0
-35.0
-11.0
-42.0
-20.0
-128.0
-21.879999999999995
-13.879999999999995
-57.08000000000004
-52.879999999999995
-46.879999999999995
-23.120000000000005
-20.559999999999945
-8.559999999999945
-21.0
-37.0
-22.0
-53.0
-11.0
-57.0
-38.0
-7.409999999999997
-45.0
-22.0
-42.0
-60.0
-117.0
-39.0
-44.0
-279.0
-618.0
-23.0
-42.0
-123.0
-193.0
-28.0
-52.0
-37.0
-53.0
-42.96000000000001
-4.5
-35.0
-10.0
-38.0
-117.0
-117.12
-7.0
-8.0
-5.0
-76.0
-18.0
-72.0
-75.0
-22.0
-26.0
-28.0
-28.0
-34.0
-32.0
-4.0
-8.0
-23.0
-23.0
-17.0
-18.0
-11.0
-24.0
-30.0
-5.0
-4.085000000000008
-3.0
-43.0
-13.0
-6.0
-15.0
-21.0
-28.0
-98.0
-113.12
-34.15999999999997
-35.15999999999997
-61.27999999999997
-48.84000000000003
-9.159999999999968
-3.840000000000032
-17.0
-265.0
-107.0
-32.0
-12.0
-10.0
-89.0
-17.0
-22.899999999999977
-10.0
-11.0
-22.0
-10.0
-17.0
-12.0
-28.0
-67.0
-20.0
-52.120000000000005
-2.1100000000000136
-116.0
-45.0
-80.0
-5.0
-22.0
-57.0
-37.0
-21.0
-51.0
-4.0
-51.120000000000005
-31.0
-17.810000000000002
-35.0
-8.0
-14.0
-20.0
-28.0
-21.0
-15.0
-20.0
-65.0
-19.0
-28.0
-36.0
-11.0
-69.0
-8.0
-4.0
-47.0
-13.0
-33.0
-7.0
-7.0
-18.0
-24.0
-17.810000000000002
-18.0
-7.5
-1.5
-12.0
-3.0
-8.0
-786.0
-63.0
-27.879999999999995
-83.0
-6.0
-71.0
-77.0
-2.0
-13.919999999999959
-40.0
-43.0
-104.0
-8.0
-36.0
-116.0
-70.0
-2.0
-7.719999999999999
-3.0
-1.0
-3.0
-12.0
-18.0
-14.0
-46.0
-24.0
-99.0
-4.0
-75.0
-407.0
-11.0
-16.0
-48.0
-1.1200000000000045
-17.0
-13.0
-58.0
-53.0
-13.0
-4.0
-10.0
-9.360000000000014
-37.0
-9.0
-16.5
-43.0
-36.0
-12.0
-2.0
-5.0
-49.0
-5.0
-1.0
-27.0
-20.0
-4.0
-7.0
-15.0
-11.0
-60.0
-31.0
-31.0
-17.0
-47.0
-20.0
-18.085000000000008
-11.0
-20.0
-20.0
-23.0
-0.0
-681.0
-1.0
-43.0
-30.0
-14.0
-28.0
-59.0
-12.0
-7.0
-26.0
-49.0
-37.0
-41.0
-2.0
-29.0
-34.0
-18.0
-15.0
-18.085000000000008
-30.0
-18.0
-5.0
-20.0
-63.0
-1.0
-15.0
-174.0
-68.0
-39.0
-29.0
-4.0
-81.48000000000002
-12.480000000000018
-35.879999999999995
-27.0
-83.51999999999998
-128.51999999999998
-48.559999999999945
-82.44
-60.56
-11.759999999999991
-18.0
-8.639999999999986
-13.0
-7.5
-9.5
-10.5
-0.0
-0.5
-39.599999999999994
-46.60000000000002
-8.600000000000023
-40.39999999999998
-31.399999999999977
-49.0
-37.0
-88.0
-93.0
-29.0
-75.0
-23.0
-298.0
-57.0
-65.0
-0.0
-13.0
-4.360000000000014
-13.0
-10.0
-29.0
-22.0
-6.0
-21.0
-87.0
-55.0
-40.0
-41.0
-89.0
-87.0
-30.120000000000005
-77.0
-73.0
-22.91999999999996
-15.0
-59.879999999999995
-52.39999999999998
-97.39999999999998
-71.0
-16.0
-34.0
-4.360000000000014
-7.0
-622.0
-18.0
-43.0
-19.0
-25.0
-16.0
-172.0
-21.0
-7.0
-12.0
-30.0
-36.0
-11.0
-44.0
-17.0
-5.0
-43.0
-26.0
-52.0
-40.0
-35.0
-5.0
-8.639999999999986
-10.0
-28.0
-8.0
-16.0
-20.0
-28.0
-2.0
-50.0
-89.0
-42.0
-18.0
-78.12
-2.0
-23.0
-34.0
-39.0
-0.0
-81.0
-2.0
-10.0
-40.0
-23.0
-16.0
-30.360000000000014
-2.0
-14.0
-16.0
-8.0
-5.0
-22.0
-15.0
-21.0
-27.0
-1.0
-3.0
-4.0
-8.0
-13.0
-28.0
-43.0
-33.0
-36.0
-1.0
-6.0
-19.0
-35.0
-5.0
-46.08500000000001
-32.0
-18.0
-18.0
-9.0
-7.0
-5.0
-504.0
-6.0
-0.0
-19.0
-10.0
-24.0
-3.0
-6.0
-1.0
-12.0
-0.0
-23.0
-10.0
-14.0
-18.0
-1.0
-14.0
-39.08500000000001
-9.0
-10.0
-15.0
-3.0
-9.0
-5.0
-30.0
-196.0
-135.0
-88.0
-43.0
-90.0
-15.120000000000005
-72.0
-19.0
-34.0
-28.0
-144.0
-68.0
-30.0
-28.0
-14.0
-17.0
-9.360000000000014
-7.0
-345.0
-11.0
-8.0
-9.0
-16.0
-0.0
-140.0
-9.0
-64.0
-37.879999999999995
-141.0
-25.0
-34.120000000000005
-39.0
-32.0
-14.0
-15.0
-93.0
-42.879999999999995
-29.0
-161.0
-17.0
-30.360000000000014
-17.0
-4.0
-1.0
-6.0
-63.0
-38.0
-18.0
-122.0
-84.0
-142.0
-76.0
-189.0
-592.0
-33.0
-0.0
-32.0
-45.0
-130.0
-33.08000000000004
-55.0
-8.0
-25.0
-3.0
-13.360000000000014
-16.0
-13.0
-7.0
-4.0
-5.0
-12.0
-45.0
-20.0
-104.0
-39.0
-6.0
-72.0
-91.08000000000004
-79.0
-11.0
-21.0
-53.0
-54.0
-19.0
-42.120000000000005
-19.0
-14.0
-60.0
-6.0
-14.0
-14.0
-13.0
-4.0
-4.0
-18.0
-15.0
-54.0
-22.0
-46.0
-19.0
-69.0
-44.0
-14.080000000000041
-38.0
-1.0
-27.0
-46.0
-77.0
-36.0
-23.0
-18.0
-35.0
-37.97000000000003
-9.0
-8.0
-6.0
-6.0
-22.0
-13.0
-7.0
-104.0
-7.0
-4.0
-42.0
-783.0
-38.0
-81.0
-21.0
-10.0
-38.0
-4.0
-12.0
-2.0
-36.0
-8.0
-18.0
-39.08500000000001
-5.0
-26.0
-26.0
-23.0
-8.0
-37.0
-3.0
-12.0
-37.0
-605.0
-13.0
-111.0
-47.0
-53.5
-6.0
-15.0
-18.0
-6.0
-2.0
-34.0
-24.0
-1.0
-12.0
-22.085000000000008
-34.0
-4.0
-24.0
-0.0
-1.0
-15.0
-17.0
-140.0
-88.0
-97.0
-78.0
-104.0
-61.0
-69.0
-95.0
-51.0
-50.120000000000005
-122.0
-40.0
-119.0
-59.0
-11.0
-41.0
-20.970000000000027
-2.0
-29.0
-27.0
-21.0
-30.0
-50.0
-38.0
-34.0
-41.0
-11.120000000000005
-67.0
-91.11999999999989
-68.0
-64.0
-38.0
-52.0
-95.0
-100.0
-31.0
-67.0
-12.0
-3.0
-23.0
-11.970000000000027
-15.0
-1.0
-24.0
-1.0
-24.0
-41.0
-48.0
-44.0
-34.0
-24.0
-10.0
-102.05999999999995
-72.0
-33.0
-32.120000000000005
-29.0
-17.0
-53.0
-57.879999999999995
-42.0
-38.0
-27.0
-12.0
-9.029999999999973
-29.0
-5.0
-5.0
-16.0
-29.0
-1.0
-17.0
-55.0
-6.0
-27.0
-49.0
-109.0
-69.0
-45.120000000000005
-76.0
-2.8799999999999955
-563.0
-106.0
-37.0
-18.0
-34.0
-10.0
-7.0
-11.970000000000027
-46.0
-0.0
-36.0
-11.0
-13.0
-10.0
-34.0
-14.0
-74.0
-20.0
-14.0
-92.0
-39.0
-57.0
-683.0
-32.08000000000004
-15.0
-67.0
-109.0
-4.0
-4.0
-42.0
-1.0
-11.970000000000027
-22.0
-0.0
-28.0
-8.0
-26.0
-656.0
-14.0
-80.0
-2.0
-11.0
-35.0
-20.0
-19.0
-3.0
-14.0
-22.0
-9.0
-10.0
-30.0
-31.0
-24.0
-6.0
-17.0
-35.08500000000001
-0.0
-1.0
-2.0
-38.0
-214.0
-12.0
-5.0
-2.0
-17.0
-17.0
-9.0
-27.0
-18.0
-12.0
-22.600000000000023
-34.60000000000002
-39.0
-1.0
-15.0
-1.0
-21.0
-21.0
-10.0
-22.085000000000008
-23.0
-12.0
-17.0
-19.0
-13.0
-5.0
-7.0
-113.0
-162.0
-2.8799999999999955
-0.5
-137.0
-41.0
-54.0
-65.0
-28.08000000000004
-32.0
-8.0
-80.0
-47.0
-32.0
-8.0
-3.0
-11.970000000000027
-31.0
-7.0
-45.0
-2.0
-23.0
-776.0
-9.0
-47.0
-23.0
-373.0
-45.0
-130.5
-50.120000000000005
-54.0
-105.0
-62.0
-42.24000000000001
-110.0
-42.0
-82.0
-31.0
-19.0
-14.0
-5.060000000000002
-21.0
-25.0
-25.0
-18.0
-26.0
-28.0
-14.0
-10.0
-6.0
-15.0
-79.0
-168.24
-116.0
-27.0
-30.0
-28.159999999999968
-88.0
-69.0
-39.0
-31.0
-65.12
-2.0
-4.0
-1.9050000000000011
-16.620000000000005
-33.0
-8.0
-1.5
-6.0
-2.0
-22.0
-37.0
-25.0
-10.0
-2.0
-99.0
-4.0
-79.0
-19.0
-39.0
-74.0
-139.0
-44.0
-34.0
-20.0
-27.0
-36.0
-6.905000000000001
-0.0
-13.0
-20.0
-14.0
-20.0
-25.0
-10.0
-29.0
-32.0
-62.0
-41.0
-40.0
-42.0
-1.0
-5.0
-5.0
-2.0
-3.0
-22.0
-9.0
-2.0
-147.0
-22.0
-45.08500000000001
-4.0
-6.0
-24.0
-3.0
-16.0
-0.0
-139.0
-39.0
-39.0
-43.0
-26.0
-10.0
-32.0
-19.0
-2.0
-20.0
-6.0
-19.0
-17.0
-29.0
-42.0
-18.0
-8.0
-22.085000000000008
-3.0
-16.0
-15.0
-14.0
-27.0
-12.0
-7.0
-111.0
-54.0
-65.0
-42.0
-147.0
-25.0
-142.12
-20.0
-93.0
-19.0
-37.0
-48.0
-105.0
-37.0
-8.879999999999995
-36.0
-26.095
-28.0
-8.0
-9.0
-27.0
-67.0
-74.0
-60.0
-2.0
-17.0
-40.0
-31.0
-110.0
-46.0
-89.0
-75.12
-23.0
-22.0
-339.0
-8.0
-63.0
-36.0
-15.0
-13.0
-26.095
-58.0
-26.0
-31.0
-13.0
-9.0
-17.0
-18.0
-82.0
-218.0
-11.0
-59.0
-127.51999999999998
-215.51999999999998
-88.0
-49.0
-49.0
-3.0
-52.0
-77.0
-72.0
-31.0
-31.0
-18.0
-19.095
-10.0
-23.0
-12.0
-2.0
-6.0
-775.0
-48.0
-106.0
-237.0
-4.0
-618.0
-109.11999999999989
-9.0
-24.0
-53.0
-48.0
-22.0
-84.0
-47.0
-20.0
-150.0
-32.0
-10.0
-0.09000000000000341
-2.0
-12.0
-14.0
-3.0
-13.0
-31.0
-28.0
-6.0
-47.0
-24.120000000000005
-26.120000000000005
-88.0
-72.0
-50.0
-11.0
-80.0
-23.0
-66.0
-33.0
-18.0
-4.0
-31.0
-2.0
-3.384999999999991
-19.0
-37.0
-12.0
-1.0
-8.0
-28.0
-47.0
-113.0
-9.0
-23.0
-3.0
-5.0
-38.0
-26.0
-28.0
-4.0
-5.0
-26.0
-11.0
-778.0
-11.0
-24.0
-31.0
-72.08500000000001
-24.0
-21.0
-55.0
-20.0
-22.0
-7.0
-12.0
-58.0
-36.0
-6.0
-15.0
-95.0
-46.0
-28.0
-26.0
-1.0
-26.0
-23.0
-5.0
-12.0
-25.0
-23.0
-72.0
-22.085000000000008
-14.0
-4.0
-68.0
-4.0
-15.0
-26.0
-1.0
-108.0
-154.0
-74.0
-62.120000000000005
-87.63999999999999
-18.0
-57.0
-105.0
-81.08000000000004
-185.0
-19.0
-57.120000000000005
-5.0
-31.0
-29.0
-0.0
-16.61500000000001
-48.5
-45.5
-52.5
-39.5
-62.5
-77.0
-24.72
-366.72
-17.720000000000027
-170.27999999999997
-6.720000000000027
-95.27999999999997
-109.27999999999997
-40.27999999999997
-22.0
-20.120000000000005
-15.0
-50.0
-1.0
-71.0
-25.0
-19.0
-2.0
-13.139999999999986
-23.0
-32.0
-6.0
-28.0
-56.0
-77.0
-47.360000000000014
-128.0
-7.0
-6.0
-4.0
-673.12
-82.0
-19.0
-3.0
-6.080000000000041
-410.0
-1.0
-106.0
-37.0
-67.0
-18.0
-26.0
-10.545000000000016
-22.0
-7.0
-21.0
-26.0
-15.0
-3.0
-49.0
-61.0
-82.0
-57.0
-47.0
-34.0
-19.0
-37.0
-2.0
-27.0
-38.0
-23.0
-12.0
-26.0
-5.0
-4.0
-637.0
-39.08500000000001
-16.0
-7.0
-12.0
-12.0
-17.0
-44.0
-19.0
-35.0
-27.0
-29.0
-44.0
-102.0
-87.0
-16.0
-14.0
-18.0
-29.0
-17.5
-1.0
-0.0
-7.0
-9.0
-17.0
-35.08500000000001
-6.0
-25.0
-45.0
-4.0
-9.0
-27.0
-7.0
-27.0
-12.0
-3.0
-225.0
-21.0
-2.0
-8.0
-12.0
-9.0
-101.0
-33.0
-0.0
-9.0
-1.0
-17.0
-1.0
-22.085000000000008
-9.0
-5.0
-2.0
-3.0
-212.0
-17.0
-13.0
-143.0
-130.0
-57.0
-656.0
-90.0
-535.0
-104.0
-56.0
-17.0
-1.0
-32.0
-40.0
-30.0
-68.0
-24.0
-33.0
-5.545000000000016
-15.5
-13.0
-32.0
-30.0
-41.0
-2.0
-25.0
-70.0
-67.0
-13.0
-39.0
-117.0
-131.24
-94.0
-72.0
-53.0
-44.0
-36.120000000000005
-111.0
-124.0
-20.120000000000005
-17.0
-7.0
-14.230000000000018
-30.5
-25.0
-34.0
-6.0
-28.0
-11.0
-23.0
-54.04000000000002
-44.960000000000036
-11.0
-51.0
-134.0
-18.0
-74.0
-65.0
-62.0
-8.0
-43.0
-81.12
-97.0
-23.0
-21.0
-1.0
-19.72999999999999
-4.5
-8.0
-3.0
-24.0
-0.0
-34.0
-51.0
-45.0
-17.0
-1.0
-44.0
-109.0
-29.0
-46.0
-1.0
-18.0
-12.960000000000036
-52.84000000000003
-12.159999999999968
-22.480000000000018
-15.0
-0.0
-8.0
-20.24000000000001
-26.5
-23.0
-29.0
-32.0
-30.0
-38.0
-27.0
-37.079999999999984
-68.0
-23.0
-317.12
-98.27999999999997
-2.2799999999999727
-42.27999999999997
-10.279999999999973
-11.0
-35.0
-62.120000000000005
-21.0
-39.0
-22.0
-6.0
-3.0
-0.75
-35.5
-4.0
-1.0
-5.0
-30.0
-41.0
-34.0
-20.0
-17.0
-61.0
-4.0
-65.0
-43.0
-57.0
-17.0
-120.0
-108.0
-40.0
-36.0
-62.0
-12.0
-33.0
-27.0
-1.884999999999991
-19.0
-17.0
-7.0
-27.0
-4.5
-9.0
-12.0
-14.5
-46.0
-9.0
-38.0
-27.0
-21.0
-38.0
-46.0
-29.0
-61.0
-19.0
-11.0
-28.0
-25.0
-28.0
-38.0
-67.08500000000001
-12.0
-8.0
-9.0
-6.0
-424.0
-12.0
-11.0
-58.0
-14.0
-4.0
-22.0
-17.0
-2.0
-11.0
-7.0
-26.0
-30.0
-26.0
-19.0
-13.0
-25.5
-9.0
-1.0
-18.085000000000008
-30.0
-521.0
-20.0
-24.0
-14.0
-2.0
-5.0
-145.56
-242.44000000000005
-43.0
-61.0
-248.12
-9.0
-39.0
-143.0
-127.0
-116.0
-38.0
-6.0
-4.0
-10.0
-22.0
-47.0
-61.88499999999999
-8.0
-582.0
-3.0
-7.0
-15.0
-9.0
-22.0
-19.0
-43.0
-9.0
-10.0
-57.120000000000005
-43.0
-5.0
-41.0
-86.0
-77.0
-58.0
-107.0
-6.0
-8.0
-16.0
-78.0
-61.88499999999999
-82.5
-21.0
-4.0
-16.0
-21.0
-18.0
-13.0
-11.0
-17.0
-40.0
-41.0
-69.0
-10.0
-5.32000000000005
-9.67999999999995
-15.600000000000023
-60.440000000000055
-56.440000000000055
-71.44
-42.920000000000016
-24.80000000000001
-5.920000000000016
-5.5
-11.884999999999991
-18.5
-4.0
-13.5
-15.0
-4.0
-28.5
-6.0
-7.160000000000025
-37.15999999999997
-18.91999999999996
-75.0
-77.91999999999996
-57.08000000000004
-60.15999999999997
-20.960000000000036
-42.24000000000001
-14.240000000000009
-5.240000000000009
-62.879999999999995
-18.24000000000001
-14.360000000000014
-24.04000000000002
-11.0
-11.884999999999991
-18.5
-9.5
-3.5
-44.0
-13.0
-8.0
-13.0
-22.0
-57.0
-26.0
-65.0
-88.0
-17.0
-11.0
-24.0
-8.0
-9.0
-19.0
-108.0
-10.0
-42.0
-18.0
-21.0
-16.88499999999999
-24.5
-17.0
-13.0
-15.0
-5.0
-1.0
-9.0
-145.0
-22.0
-21.0
-35.0
-0.0
-3.0
-22.0
-2.0
-38.0
-4.5
-19.0
-9.0
-19.0
-6.0
-8.0
-20.0
-39.08500000000001
-0.5
-6.0
-3.0
-5.0
-3.0
-5.0
-12.0
-31.0
-28.0
-18.72
-1.5
-464.28
-56.27999999999997
-93.28
-88.27999999999997
-11.719999999999999
-5.5
-1.0
-41.0
-36.5
-19.5
-27.5
-0.0
-2.914999999999992
-56.5
-28.5
-5.0
-11.0
-8.0
-48.28
-89.72000000000003
-31.279999999999973
-122.72000000000003
-28.720000000000027
-5.279999999999973
-28.279999999999973
-2.1200000000000045
-88.0
-15.0
-49.0
-12.0
-22.0
-159.0
-39.68000000000001
-116.80000000000001
-26.680000000000007
-2.0
-19.02000000000001
-8.5
-7.0
-12.0
-50.5
-49.0
-34.0
-15.0
-10.0
-39.0
-10.0
-39.0
-54.0
-2.0
-4.0
-9.0
-3.0
-22.0
-53.0
-29.0
-14.0
-55.0
-13.0
-12.0
-17.544999999999987
-8.5
-9.0
-6.0
-3.0
-4.5
-8.5
-16.5
-12.0
-37.0
-34.0
-3.0
-79.0
-31.879999999999995
-18.0
-17.0
-27.0
-2.8799999999999955
-149.0
-41.0
-11.0
-104.0
-30.0
-13.0
-2.930000000000007
-453.0
-7.0
-5.0
-16.0
-1.0
-4.0
-0.0
-41.0
-19.0
-13.0
-14.0
-97.0
-34.0
-13.0
-0.0
-9.0
-25.0
-34.0
-36.08000000000004
-188.0
-74.0
-40.0
-29.0
-20.02000000000001
-2.0
-0.0
-19.0
-21.0
-3.5
-34.0
-80.0
-7.0
-32.0
-4.0
-8.080000000000041
-65.0
-26.0
-15.0
-46.0
-4.1200000000000045
-15.0
-15.0
-31.0
-75.0
-27.0
-1.0
-35.0
-1.0699999999999932
-18.5
-21.0
-0.0
-35.0
-1.0
-11.0
-40.0
-36.0
-11.0
-24.0
-19.0
-46.0
-21.0
-45.160000000000025
-51.160000000000025
-10.680000000000007
-52.5
-8.0
-39.0
-6.5
-2.5
-698.5
-15.0
-22.085000000000008
-2.5
-4.0
-2.5
-21.0
-14.0
-8.0
-16.0
-29.0
-12.0
-20.0
-5.0
-47.0
-10.0
-20.0
-32.41999999999999
-31.160000000000025
-5.5
-15.0
-27.0
-3.5
-4.5
-30.0
-17.0
-37.08500000000001
-14.0
-29.0
-30.0
-1.0
-21.0
-8.0
-6.0
-50.879999999999995
-160.03999999999996
-66.96000000000004
-38.0
-39.0
-6.0
-38.0
-11.0
-24.480000000000018
-18.480000000000018
-52.0
-24.0
-44.0
-36.0
-62.0
-20.0
-3.1399999999999864
-5.0
-35.0
-6.0
-32.0
-44.0
-26.0
-46.0
-126.0
-174.0
-58.879999999999995
-52.0
-40.0
-41.0
-47.0
-17.0
-167.0
-41.0
-26.0
-26.879999999999995
-44.0
-48.0
-48.0
-17.0
-5.860000000000014
-2.0
-31.0
-3.0
-1.0
-16.0
-3.0
-23.0
-12.0
-5.0
-106.12
-39.0
-26.0
-12.0
-58.0
-73.88
-57.0
-137.0
-1.0
-35.0
-18.0
-66.0
-129.0
-30.0
-75.0
-15.0
-27.0
-38.0
-24.060000000000002
-15.0
-25.0
-28.0
-48.0
-19.0
-45.0
-44.0
-88.0
-131.67999999999995
-85.32000000000005
-81.0
-55.0
-92.0
-598.0
-66.0
-79.0
-205.0
-85.0
-16.0
-27.0
-49.0
-31.0
-42.0
-24.060000000000002
-11.0
-11.0
-22.0
-50.0
-20.0
-25.0
-27.0
-112.0
-229.0
-58.0
-28.0
-48.0
-93.0
-34.0
-34.0
-58.0
-1.0
-8.0
-10.0
-35.0
-76.0
-32.0
-31.0
-24.060000000000002
-499.0
-2.0
-711.0
-24.0
-43.5
-36.0
-6.0
-128.56
-214.56
-126.48000000000002
-85.48000000000002
-4.519999999999982
-29.840000000000032
-17.840000000000032
-26.840000000000032
-30.519999999999982
-45.51999999999998
-45.67999999999995
-16.680000000000007
-98.0
-0.0
-21.0
-48.0
-24.060000000000002
-24.0
-20.0
-39.16
-38.5
-38.16
-41.16
-42.16
-6.159999999999997
-41.0
-12.0
-23.0
-28.0
-36.0
-35.0
-19.0
-26.0
-25.0
-33.0
-41.0
-65.0
-9.0
-0.0
-11.0
-11.090000000000003
-10.0
-2.0
-8.0
-17.0
-3.0
-18.47999999999999
-33.47999999999999
-0.0
-16.319999999999993
-40.11500000000001
-11.384999999999991
-12.384999999999991
-22.5
-20.879999999999995
-2.9199999999999875
-27.5
-302.0
-2.0
-11.0
-17.5
-10.0
-18.0
-19.5
-34.10000000000005
-28.47999999999999
-38.47999999999999
-29.47999999999999
-28.47999999999999
-33.0
-17.0
-14.0
-114.0
-223.0
-505.0
-43.0
-31.0
-112.0
-98.0
-101.0
-120.0
-81.0
-36.0
-24.0
-29.0
-124.0
-16.0
-28.0
-72.06
-22.0
-9.0
-3.0
-3.0
-6.0
-1.0
-18.0
-6.0
-63.0
-26.0
-40.0
-7.0
-9.0
-3.0
-10.0
-10.0
-12.0
-26.0
-7.0
-60.0
-111.0
-30.0
-59.0
-72.06
-13.0
-20.0
-6.0
-19.0
-8.0
-7.0
-33.0
-94.0
-280.0
-24.0
-16.0
-24.0
-23.0
-18.0
-5.0
-6.0
-14.0
-35.0
-11.0
-21.519999999999982
-20.519999999999982
-1.0
-53.0
-3.0600000000000023
-2.0
-3.0
-115.0
-8.0
-19.0
-6.0
-13.0
-19.0
-290.0
-11.0
-33.0
-614.0
-30.0
-41.0
-5.0
-1.0
-17.0
-1.0
-210.0
-21.0
-18.0
-21.0
-50.0
-8.120000000000005
-2.0
-11.0
-11.0
-18.0
-9.0
-9.0
-0.0
-72.0
-96.0
-97.0
-106.0
-6.0
-39.0
-17.0
-43.0
-35.0
-56.0
-179.0
-32.0
-35.0
-593.0
-2.0
-1.0
-13.600000000000051
-24.860000000000014
-12.0
-24.5
-35.5
-22.5
-32.74000000000001
-50.24000000000001
-49.5
-35.16
-26.22999999999999
-6.22999999999999
-9.22999999999999
-20.5
-16.24000000000001
-19.160000000000025
-25.5
-12.0
-17.0
-16.0
-41.0
-42.0
-39.0
-21.5
-36.10000000000005
-42.72
-36.0
-33.0
-46.0
-22.0
-38.0
-58.0
-7.0
-40.0
-11.0
-1.0
-6.0
-45.0
-31.0
-3.0
-24.0
-14.0
-33.0
-34.0
-15.0
-19.0
-2.0
-4.0
-13.100000000000051
-13.759999999999991
-6.0
-14.0
-24.0
-20.0
-48.0
-23.0
-61.0
-42.0
-189.0
-57.0
-52.0
-76.0
-43.0
-37.0
-34.0
-41.0
-2.0
-15.0
-50.0
-14.0
-25.0
-3.0
-56.60000000000005
-4.0
-25.0
-13.0
-12.0
-23.0
-637.0
-7.0
-64.0
-134.0
-465.0
-14.0
-8.0
-67.0
-25.0
-15.0
-13.0
-1.0
-23.0
-0.0
-33.0
-157.0
-58.0
-3.0
-56.60000000000005
-9.0
-1.0
-25.0
-12.0
-4.0
-18.0
-14.0
-66.0
-184.0
-12.0
-18.0
-31.0
-35.0
-41.0
-28.0
-22.0
-1.0
-2.0
-34.0
-6.0
-2.0
-19.0
-12.0
-13.600000000000051
-3.0
-19.0
-1.0
-18.0
-6.0
-13.0
-2.0
-42.0
-35.0
-16.0
-32.0
-11.0
-31.0
-2.0
-12.0
-9.0
-5.0
-4.0
-41.0
-5.0
-10.0
-44.0
-13.0
-13.600000000000051
-9.0
-8.0
-3.0
-10.0
-18.0
-8.0
-2.0
-36.0
-39.0
-11.0
-46.0
-28.0
-13.0
-11.0
-138.0
-144.0
-162.0
-72.0
-58.0
-101.0
-21.0
-34.0
-49.0
-82.60000000000005
-8.0
-10.0
-0.0
-0.0
-18.0
-2.0
-135.0
-127.0
-83.0
-22.0
-38.0
-20.0
-22.0
-7.0
-4.0
-28.0
-12.0
-28.0
-17.0
-18.0
-6.0
-18.0
-16.0
-23.10000000000005
-10.0
-21.0
-404.0
-18.0
-28.0
-20.0
-24.0
-283.0
-102.0
-42.0
-31.0
-40.0
-12.0
-17.0
-1.0
-10.0
-31.0
-29.0
-15.0
-7.0
-5.0
-14.0
-3.0
-23.10000000000005
-7.0
-3.0
-8.0
-12.0
-17.0
-19.0
-21.0
-47.0
-105.0
-66.0
-21.0
-16.0
-46.0
-9.0
-8.0
-17.0
-21.0
-20.0
-5.0
-94.0
-2.0
-4.0
-19.0
-13.600000000000051
-4.0
-20.0
-6.0
-26.0
-22.0
-6.0
-36.0
-76.0
-65.0
-31.0
-6.0
-41.0
-29.0
-34.0
-33.0
-13.0
-0.0
-17.0
-14.0
-17.0
-112.0
-36.0
-5.0
-13.600000000000051
-11.0
-6.0
-37.0
-7.0
-38.0
-51.0
-12.0
-58.0
-48.0
-7.0
-10.0
-22.0
-16.0
-19.0
-3.0
-1.0
-1.0
-9.0
-27.0
-2.0
-30.0
-28.0
-33.0
-13.600000000000051
-6.0
-17.0
-20.0
-25.0
-16.0
-34.0
-3.0
-65.0
-29.0
-15.0
-51.0
-17.0
-43.0
-16.0
-9.0
-16.0
-6.0
-35.0
-6.0
-29.0
-28.0
-4.0
-8.0
-13.600000000000051
-0.0
-20.0
-11.0
-24.0
-27.0
-18.0
-66.0
-55.0
-210.0
-8.0
-20.0
-2.0
-37.0
-2.0
-25.0
-19.0
-55.0
-44.0
-12.0
-0.0
-3.0
-43.0
-13.0
-13.600000000000051
-4.0
-5.0
-20.0
-17.0
-2.0
-31.0
-34.0
-70.0
-35.0
-3.0
-754.0
-22.0
-45.0
-33.0
-22.0
-31.0
-26.0
-37.0
-51.0
-5.0
-21.0
-5.0
-22.0
-46.110000000000014
-23.0
-16.0
-33.0
-37.0
-38.0
-28.0
-34.0
-44.0
-42.0
-3.0
-2.0
-8.0
-17.0
-17.0
-7.0
-8.0
-3.0
-8.0
-10.0
-15.0
-1.0
-2.5
-7.0
-12.129999999999995
-6.5
-18.5
-14.0
-7.0
-4.0
-16.0
-6.0
-27.0
-3.0
-864.0
-42.0
-73.0
-11.0
-4.0
-36.0
-24.0
-17.0
-12.0
-6.0
-8.0
-18.0
-5.0
-1.0
-32.120000000000005
-7.5
-12.5
-7.0
-22.0
-14.5
-9.5
-26.5
-96.32
-40.68000000000001
-123.67999999999995
-113.67999999999995
-5.0
-88.0
-13.0
-19.0
-31.0
-27.0
-4.0
-59.0
-24.0
-20.0
-19.0
-0.0
-13.600000000000051
-7.0
-1.0
-16.0
-25.0
-10.0
-17.5
-34.0
-10.0
-48.0
-1.0
-24.0
-20.0
-14.0
-10.0
-48.0
-13.0
-7.0
-11.0
-122.0
-43.0
-8.0
-18.0
-5.0
-13.600000000000051
-8.0
-2.0
-28.0
-5.0
-37.0
-8.5
-2.0
-70.0
-51.0
-37.0
-3.0
-51.0
-17.0
-29.0
-57.0
-51.0
-27.0
-16.0
-106.0
-9.0
-6.0
-0.0
-25.0
-28.60000000000005
-19.0
-9.0
-17.0
-11.0
-5.0
-18.0
-108.0
-20.0
-45.0
-0.0
-75.0
-88.0
-41.0
-33.0
-61.0
-59.0
-31.0
-21.0
-23.0
-18.0
-16.0
-90.0
-44.0
-19.080000000000013
-18.0
-44.0
-36.0
-52.0
-57.0
-57.0
-38.0
-85.0
-30.0
-16.0
-10.0
-10.0
-35.0
-14.0
-31.0
-27.0
-1.0
-16.0
-1.0
-4.0
-9.0
-30.0
-20.0
-28.069999999999993
-404.0
-28.0
-19.0
-23.0
-31.0
-37.0
-34.0
-66.0
-45.0
-21.0
-27.0
-2.0
-572.0
-16.0
-11.0
-2.0
-28.0
-48.0
-17.0
-10.0
-8.0
-10.0
-25.0
-13.615000000000009
-37.0
-18.0
-16.0
-22.0
-21.0
-20.0
-12.0
-85.0
-329.0
-223.0
-8.0
-51.0
-76.0
-30.0
-92.0
-91.0
-104.0
-28.0
-12.0
-16.0
-29.0
-7.0
-5.0
-5.039999999999992
-1.0
-3.0
-47.0
-53.0
-19.0
-51.0
-91.0
-53.0
-115.0
-37.0
-11.0
-68.0
-9.0
-30.0
-34.0
-73.0
-17.0
-4.0
-116.0
-4.0
-3.0
-22.0
-15.0
-35.96000000000001
-10.0
-1.0
-13.0
-12.0
-7.0
-21.0
-17.0
-47.0
-65.0
-9.0
-19.0
-32.0
-20.0
-21.0
-21.0
-17.0
-27.0
-14.0
-48.0
-2.0
-27.0
-37.0
-6.0
-9.960000000000008
-12.0
-0.0
-24.0
-16.0
-13.5
-29.360000000000014
-117.5
-47.360000000000014
-60.639999999999986
-11.0
-19.399999999999977
-31.600000000000023
-23.399999999999977
-64.39999999999998
-24.399999999999977
-25.0
-55.48000000000002
-5.519999999999982
-6.0
-6.0
-10.0
-11.0
-20.0
-9.960000000000008
-3.0
-12.0
-8.0
-2.0
-8.0
-4.0
-118.0
-61.0
-79.0
-551.0
-28.0
-21.0
-20.0
-11.0
-28.0
-57.0
-13.0
-17.0
-43.0
-59.0
-20.0
-39.0
-15.0
-9.960000000000008
-8.0
-18.0
-27.0
-17.0
-16.0
-20.0
-22.0
-8.0
-33.0
-34.5
-45.0
-40.0
-16.0
-3.5
-30.5
-34.5
-28.5
-52.0
-25.0
-1.0
-12.0
-10.0
-18.0
-23.61500000000001
-15.099999999999994
-7.0
-1.0
-20.0
-3.0
-9.0
-14.47999999999999
-0.5
-10.0
-23.0
-50.0
-31.0
-10.0
-41.0
-9.0
-15.0
-29.0
-26.0
-2.0
-13.0
-12.0
-25.0
-17.0
-13.615000000000009
-47.0
-0.0
-14.0
-31.0
-841.0
-43.0
-0.0
-79.0
-13.480000000000018
-67.48000000000002
-72.0
-17.0
-75.0
-14.0
-34.0
-39.0
-29.0
-0.4800000000000182
-47.48000000000002
-29.0
-3.0
-19.0
-30.0
-9.960000000000008
-34.5
-11.0
-18.0
-28.0
-868.0
-31.0
-6.0
-81.0
-191.0
-73.0
-28.0
-35.0
-22.0
-34.0
-30.0
-52.0
-63.0
-44.0
-77.0
-29.38499999999999
-10.0
-2.0
-26.0
-5.0
-12.0
-25.0
-279.0
-92.0
-45.0
-110.0
-19.0
-153.03999999999996
-102.03999999999996
-27.039999999999964
-38.039999999999964
-56.039999999999964
-69.03999999999996
-37.039999999999964
-77.04000000000002
-24.04000000000002
-14.04000000000002
-16.5
-61.5
-64.38499999999999
-10.0
-17.17500000000001
-22.680000000000007
-6.0
-20.67500000000001
-35.18000000000001
-56.68000000000001
-37.5
-3.5
-48.03999999999999
-21.95999999999998
-7.0
-9.0
-7.0
-2.0
-10.0
-9.0
-33.0
-16.0
-21.0
-16.0
-0.0
-33.0
-16.085000000000008
-20.0
-25.349999999999994
-7.360000000000014
-14.0
-56.349999999999994
-24.360000000000014
-42.360000000000014
-16.5
-9.5
-20.480000000000018
-21.019999999999982
-38.5
-33.0
-8.0
-24.0
-9.0
-25.0
-8.0
-11.0
-12.0
-25.0
-9.0
-6.0
-9.080000000000013
-24.960000000000008
-49.0
-6.0
-47.0
-52.0
-31.0
-27.0
-69.0
-53.0
-16.0
-114.0
-87.0
-47.0
-93.0
-51.0
-33.0
-26.0
-114.0
-36.0
-13.0
-20.0
-10.0
-30.0
-57.38499999999999
-14.47999999999999
-15.0
-18.0
-22.0
-15.0
-664.0
-24.0
-101.0
-10.0
-35.0
-61.0
-20.0
-14.0
-5.0
-5.0
-2.0
-76.0
-50.0
-18.0
-1.0
-7.0
-22.0
-14.0
-29.38499999999999
-13.0
-9.0
-7.0
-8.0
-765.0
-31.0
-3.0
-18.0
-30.0
-112.0
-18.0
-46.0
-1.0
-17.0
-8.0
-44.0
-1.0
-78.0
-16.0
-56.0
-12.0
-28.0
-7.0
-50.38499999999999
-0.0
-10.0
-17.0
-32.0
-31.0
-10.0
-1.0
-35.0
-43.0
-6.0
-26.0
-38.0
-14.0
-33.0
-17.0
-19.0
-31.0
-30.0
-14.0
-40.0
-42.0
-15.0
-40.0
-29.38499999999999
-15.0
-21.0
-15.0
-17.0
-3.0
-21.0
-33.0
-554.0
-43.0
-6.0
-39.0
-43.0
-16.0
-39.0
-28.0
-31.0
-31.0
-67.0
-47.0
-4.0
-7.0
-222.0
-27.0
-29.38499999999999
-6.0
-14.0
-17.0
-13.0
-21.0
-130.0
-133.0
-99.0
-84.0
-48.0
-9.0
-54.0
-49.0
-14.0
-13.0
-2.7200000000000273
-7.279999999999973
-64.80000000000001
-66.80000000000001
-88.5
-3.0
-26.0
-89.0
-11.610000000000014
-14.0
-10.0
-16.0
-21.0
-2.0
-8.0
-31.0
-24.0
-18.0
-40.0
-55.44
-73.44
-65.44
-80.44
-95.44
-73.44
-80.44
-50.0
-18.0
-29.0
-7.0
-8.0
-5.0
-39.610000000000014
-29.0
-9.0
-23.0
-4.0
-34.0
-1.0
-102.0
-102.0
-57.0
-514.0
-129.0
-67.0
-52.0
-13.0
-9.0
-9.0
-62.0
-83.0
-61.0
-62.0
-45.0
-21.0
-32.0
-3.384999999999991
-4.0
-5.0
-1.0
-21.0
-6.0
-14.0
-18.5
-56.51999999999998
-1.0
-29.0
-3.0
-41.0
-33.0
-41.0
-3.0
-4.0
-49.0
-28.0
-26.0
-43.0
-27.0
-3.0
-521.0
-57.38499999999999
-31.0
-6.0
-3.0
-15.0
-3.0
-237.0
-26.0
-44.0
-3.0
-35.0
-0.0
-38.0
-8.0
-78.0
-9.0
-11.0
-15.0
-28.0
-17.0
-84.0
-22.0
-5.0
-23.0
-155.615
-183.07999999999998
-196.07999999999998
-47.920000000000016
-144.07999999999998
-144.07999999999998
-194.07999999999998
-179.07999999999998
-257.08
-46.91999999999996
-366.84000000000003
-274.15999999999997
-191.08000000000004
-194.08000000000004
-141.08000000000004
-428.0
-159.15999999999997
-79.84000000000003
-222.0
-51.0
-78.0
-18.0
-79.0
-22.0
-45.38499999999999
-16.0
-12.0
-12.0
-17.0
-7.0
-16.0
-46.0
-151.0
-73.0
-24.0
-705.0
-35.0
-5.0
-4.0
-9.0
-14.0
-19.0
-10.0
-9.0
-52.0
-24.0
-33.0
-12.0
-60.38499999999999
-6.0
-22.0
-7.0
-16.0
-7.0
-16.0
-14.0
-0.0
-23.0
-61.0
-41.0
-47.0
-7.0
-46.0
-9.0
-48.0
-48.0
-129.0
-22.0
-10.0
-61.0
-25.0
-6.0
-1.6100000000000136
-22.0
-1.0
-8.0
-22.0
-15.0
-4.0
-10.0
-43.5
-66.5
-80.0
-58.0
-27.0
-23.0
-608.0
-6.0
-11.0
-17.0
-15.0
-13.0
-19.0
-13.0
-6.0
-6.0
-11.610000000000014
-2.0
-15.0
-28.0
-10.0
-14.0
-7.0
-2.0
-144.0
-160.0
-8.0
-61.0
-57.0
-73.0
-12.0
-5.0
-52.0
-19.0
-65.0
-22.0
-93.0
-53.0
-18.0
-7.0
-6.615000000000009
-12.0
-9.0
-14.0
-6.0
-25.0
-1.0
-0.0
-119.0
-44.0
-52.0
-19.0
-4.0
-90.0
-62.0
-20.0
-33.0
-9.0
-39.0
-43.0
-62.0
-59.0
-24.0
-6.0
-50.38499999999999
-1.5
-8.5
-26.0
-22.5
-26.5
-15.0
-6.0
-18.0
-113.0
-58.0
-40.0
-2.0
-60.0
-10.0
-10.0
-183.08000000000004
-0.08000000000004093
-37.0
-29.0
-77.0
-30.0
-7.0
-33.0
-50.38499999999999
-10.5
-24.0
-26.0
-35.0
-17.0
-23.0
-16.0
-98.0
-28.0
-40.0
-58.0
-4.0
-50.0
-57.0
-17.0
-44.0
-10.0
-78.0
-25.0
-18.0
-15.0
-11.0
-26.0
-40.38499999999999
-10.5
-19.0
-13.0
-23.0
-15.0
-9.0
-22.0
-14.0
-50.0
-13.0
-105.0
-69.0
-50.0
-7.0
-25.0
-18.0
-52.0
-189.0
-56.0
-3.0
-23.0
-9.0
-31.0
-72.38499999999999
-2.0
-18.0
-5.0
-8.0
-9.0
-9.0
-50.0
-9.0
-8.0
-52.0
-58.0
-29.0
-38.0
-4.0
-27.0
-56.0
-18.0
-29.0
-6.0
-24.0
-20.0
-15.0
-12.0
-4.139999999999986
-5.0
-18.0
-10.0
-25.0
-19.0
-20.0
-94.0
-17.0
-43.0
-65.0
-70.0
-36.0
-70.0
-49.0
-12.0
-5.0
-16.0
-2.0
-9.0
-2.0
-22.0
-18.0
-30.0
-22.120000000000005
-1.0
-3.0
-46.0
-12.0
-38.0
-842.5
-17.0
-54.0
-103.0
-13.0
-110.0
-32.0
-8.0
-41.0
-39.0
-43.0
-50.0
-89.0
-9.0
-60.0
-3.0
-3.0
-4.0
-51.38499999999999
-22.0
-27.0
-3.0
-20.5
-34.0
-34.0
-8.0
-7.0
-5.0
-7.0
-35.0
-52.0
-9.0
-15.0
-25.0
-15.0
-20.0
-68.0
-43.0
-102.0
-8.0
-6.0
-26.0
-72.38499999999999
-21.0
-7.0
-20.0
-389.0
-6.0
-8.0
-10.0
-18.0
-8.0
-58.0
-76.0
-34.0
-39.0
-27.0
-35.0
-31.0
-42.0
-79.0
-61.0
-22.0
-4.0
-19.0
-28.0
-13.384999999999991
-7.0
-4.0
-39.0
-13.0
-107.0
-44.0
-4.0
-31.0
-15.0
-88.0
-40.0
-3.0
-72.0
-33.0
-10.0
-81.0
-33.0
-37.0
-138.0
-31.0
-3.0
-469.0
-202.0
-6.829999999999984
-29.0
-2.0
-0.0
-14.0
-21.0
-22.0
-3.0
-68.0
-9.0
-30.0
-55.0
-35.0
-63.0
-39.0
-35.0
-21.0
-40.0
-257.0
-120.0
-115.0
-2.0
-2.0
-32.0
-20.845
-21.0
-2.0
-4.0
-13.0
-8.0
-49.0
-55.0
-119.0
-3.0
-38.0
-42.0
-38.0
-12.0
-16.0
-4.0
-12.0
-28.0
-14.0
-39.0
-160.0
-20.0
-13.0
-23.0
-27.11500000000001
-7.0
-7.0
-1.0
-5.0
-0.0
-13.0
-8.0
-8.0
-71.0
-8.0
-36.0
-36.0
-14.0
-34.0
-53.0
-15.0
-4.0
-13.0
-18.0
-22.0
-14.0
-5.0
-7.0
-27.11500000000001
-5.0
-8.0
-14.0
-5.0
-18.0
-1.0
-12.0
-193.0
-66.0
-5.0
-47.0
-8.0
-121.0
-16.0
-28.0
-62.0
-16.480000000000018
-7.480000000000018
-423.0
-11.0
-10.0
-20.0
-0.0
-23.155
-11.0
-4.0
-344.0
-70.0
-11.0
-56.0
-7.0
-31.0
-1.0
-55.0
-24.0
-108.0
-120.0
-47.0
-35.0
-45.0
-29.0
-8.0
-5.0
-29.0
-37.0
-39.0
-38.0
-35.845
-2.0
-9.0
-20.0
-0.0
-7.0
-11.5
-10.0
-11.0
-22.0
-7.0
-38.0
-6.0
-66.0
-28.0
-15.0
-70.0
-4.0
-478.0
-12.0
-24.0
-5.0
-23.0
-14.0
-35.845
-8.0
-2.0
-20.0
-3.0
-6.0
-2.0
-16.0
-26.0
-10.0
-29.0
-58.0
-22.0
-600.0
-8.0
-23.0
-3.0
-13.0
-11.0
-2.0
-6.0
-18.0
-31.0
-25.0
-20.845
-8.0
-13.0
-3.0
-10.0
-6.0
-4.0
-19.0
-1.0
-14.0
-28.0
-76.0
-32.0
-40.0
-3.0
-1.0
-49.0
-50.0
-52.0
-51.0
-47.0
-37.0
-0.0
-41.0
-35.845
-33.0
-15.0
-27.0
-26.0
-18.0
-29.0
-31.0
-49.0
-42.0
-40.0
-51.56
-23.560000000000002
-19.0
-29.0
-26.0
-42.0
-20.0
-51.0
-63.0
-62.0
-89.0
-88.0
-84.0
-111.11000000000001
-11.0
-23.0
-20.0
-11.5
-33.0
-10.0
-35.0
-37.0
-19.0
-11.0
-48.0
-36.0
-102.0
-32.0
-31.0
-46.0
-41.0
-48.0
-57.0
-20.0
-3.0
-75.0
-26.0
-469.1
-15.0
-15.0
-23.0
-13.0
-30.0
-26.0
-24.0
-105.0
-74.0
-15.0
-135.0
-65.0
-21.0
-34.0
-77.0
-42.0
-37.0
-295.0
-424.0
-141.0
-217.0
-5.0
-28.0
-20.845
-21.0
-13.0
-23.0
-2.0
-25.0
-32.0
-26.0
-111.0
-150.0
-31.0
-54.0
-34.0
-81.0
-76.0
-18.0
-10.0
-29.0
-43.0
-33.0
-50.0
-9.0
-22.0
-38.0
-22.845
-10.0
-1.0
-13.0
-5.0
-7.0
-19.0
-7.0
-64.0
-2.0
-33.0
-14.0
-22.0
-65.0
-8.690000000000055
-41.0
-53.0
-40.0
-19.0
-19.0
-32.0
-12.0
-37.0
-10.0
-23.155
-7.0
-23.0
-12.0
-2.0
-51.0
-18.439999999999998
-8.0
-27.0
-50.0
-7.0
-28.0
-52.0
-43.0
-35.0
-137.0
-38.0
-11.120000000000005
-11.0
-23.0
-28.0
-4.0
-19.0
-52.0
-96.88
-36.0
-46.0
-58.0
-20.0
-38.0
-9.939999999999998
-61.0
-26.0
-21.0
-15.0
-31.0
-14.0
-68.0
-53.0
-31.0
-23.0
-35.0
-70.0
-17.0
-23.0
-15.0
-259.0
-21.0
-11.0
-5.0
-10.0
-58.0
-16.0
-3.0
-20.830000000000013
-20.0
-25.0
-36.0
-34.0
-12.0
-20.0
-13.0
-19.0
-22.0
-70.0
-32.0
-88.0
-5.0
-64.0
-20.0
-37.0
-22.0
-149.0
-56.0
-32.0
-35.0
-17.0
-28.0
-20.830000000000013
-52.5
-40.0
-45.5
-25.5
-32.5
-11.5
-70.5
-84.0
-101.0
-115.12
-277.0
-129.0
-16.0
-112.12
-109.0
-52.0
-61.0
-12.0
-19.0
-9.0
-64.0
-60.0
-28.0
-13.910000000000025
-25.0
-23.0
-13.0
-21.0
-26.0
-1.0
-32.0
-20.0
-90.0
-2.0
-165.0
-66.08000000000004
-17.0
-66.0
-18.0
-4.1200000000000045
-7.0
-348.0
-90.0
-2.0
-96.0
-61.0
-20.0
-16.910000000000025
-52.0
-49.0
-5.0
-10.0
-2.0
-31.0
-59.0
-47.0
-45.0
-71.0
-83.0
-116.0
-26.0
-84.0
-51.08000000000004
-38.0
-0.8799999999999955
-255.0
-8.0
-34.0
-69.0
-1.0
-2.0
-12.910000000000025
-1.0
-28.0
-2.0
-4.0
-8.0
-10.0
-52.0
-6.0
-110.0
-157.0
-161.0
-158.0
-10.0
-137.0
-50.0
-51.0
-97.0
-7.0
-18.0
-30.0
-84.0
-48.0
-20.0
-7.910000000000025
-1.0
-5.0
-7.0
-4.0
-5.0
-13.0
-60.0
-92.0
-26.0
-95.0
-102.0
-102.11999999999989
-17.0
-104.0
-78.12
-91.0
-29.0
-17.0
-49.0
-53.0
-70.0
-10.0
-8.0
-6.909999999999997
-27.0
-4.0
-15.0
-11.0
-18.0
-4.0
-78.0
-133.0
-13.0
-41.0
-57.120000000000005
-40.0
-24.0
-38.0
-7.0
-13.0
-78.0
-20.0
-10.0
-19.0
-44.0
-73.32
-28.439999999999998
-4.319999999999993
-12.680000000000007
-7.680000000000007
-9.680000000000007
-8.680000000000007
-23.680000000000007
-59.31999999999999
-13.680000000000007
-11.5
-95.32
-267.68
-18.319999999999993
-33.31999999999999
-51.31999999999999
-39.31999999999999
-28.319999999999993
-436.68
-15.319999999999993
-37.5
-98.32
-286.68
-51.31999999999999
-240.68
-21.680000000000007
-54.91
-137.32
-363.68
-11.680000000000007
-6.319999999999993
-137.68
-20.319999999999993
-22.319999999999993
-139.32
-34.32000000000005
-203.67999999999995
-179.32000000000005
-45.67999999999995
-125.67999999999995
-89.67999999999995
-187.31999999999994
-44.440000000000055
-10.32000000000005
-51.67999999999995
-219.32000000000005
-24.319999999999993
-12.319999999999993
-82.32
-49.31999999999999
-65.31
-34.31999999999999
-46.31999999999999
-22.319999999999993
-45.31999999999999
-58.31999999999999
-93.32
-201.68
-104.32
-35.67999999999995
-104.67999999999995
-96.60000000000002
-47.67999999999995
-134.67999999999995
-16.32000000000005
-7.32000000000005
-44.67999999999995
-85.67999999999995
-6.32000000000005
-0.32000000000005
-12.680000000000007
-47.68000000000001
-130.68
-40.31999999999999
-77.26999999999998
-33.31999999999999
-46.31999999999999
-75.32
-57.31999999999999
-47.31999999999999
-79.32
-145.68
-36.31999999999999
-2.32000000000005
-21.0
-43.0
-47.120000000000005
-50.0
-7.0
-15.0
-38.0
-4.0
-53.0
-5.0
-63.0
-86.12
-20.0
-1.0
-24.94999999999999
-24.0
-17.0
-18.0
-11.0
-7.0
-0.0
-9.0
-40.0
-55.0
-18.0
-65.0
-76.0
-3.0
-67.12
-50.0
-17.0
-26.0
-2.0
-3.0
-3.0
-164.0
-62.0
-52.0
-8.930000000000007
-13.0
-43.0
-3.0
-50.0
-10.0
-16.0
-16.0
-11.0
-175.91999999999996
-27.0
-25.0
-60.0
-24.879999999999995
-30.0
-21.0
-10.0
-40.879999999999995
-38.0
-8.0
-33.0
-12.0
-5.0
-13.0
-22.889999999999986
-36.0
-6.0
-30.0
-27.0
-14.0
-17.0
-31.0
-60.0
-5.0
-43.0
-23.0
-13.0
-4.0
-48.0
-28.0
-19.0
-17.0
-45.0
-36.0
-44.0
-61.0
-790.0
-22.0
-9.090000000000003
-27.0
-41.0
-33.0
-4.0
-33.0
-34.0
-40.0
-24.0
-10.5
-19.0
-6.0
-13.0
-16.0
-9.0
-43.0
-14.0
-36.0
-17.0
-21.0
-9.0
-9.0
-15.0
-21.0
-9.090000000000003
-12.0
-0.0
-32.0
-1.0
-0.0
-6.0
-31.0
-113.0
-200.0
-91.0
-98.0
-199.0
-94.0
-172.0
-144.0
-51.0
-125.0
-30.0
-25.0
-64.0
-13.0
-8.120000000000005
-8.0
-7.889999999999986
-14.0
-2.0
-139.0
-6.0
-27.0
-8.0
-2.0
-72.0
-28.0
-47.120000000000005
-51.200000000000045
-69.20000000000005
-92.20000000000005
-47.200000000000045
-68.20000000000005
-54.0
-46.0
-4.0
-30.0
-34.0
-107.0
-16.0
-61.0
-26.850000000000023
-581.0
-25.0
-30.0
-10.0
-25.0
-1.0
-8.0
-45.0
-17.0
-44.0
-3.0
-48.0
-5.0
-62.0
-45.120000000000005
-14.0
-49.91999999999996
-53.0
-217.0
-40.0
-151.0
-67.0
-21.0
-0.9300000000000068
-32.0
-20.0
-11.0
-11.0
-5.0
-31.0
-55.0
-3.0
-41.0
-23.0
-5.8799999999999955
-116.0
-21.0
-98.08000000000004
-56.0
-33.0
-25.0
-98.0
-152.0
-133.0
-80.0
-8.0
-49.31999999999999
-25.670000000000016
-13.0
-7.0
-4.0
-7.0
-13.0
-10.0
-3.0
-206.0
-49.0
-13.120000000000005
-18.0
-22.0
-38.0
-87.0
-67.0
-20.0
-38.0
-29.879999999999995
-261.0
-85.0
-24.0
-771.0
-2.0
-13.159999999999997
-39.0
-4.0
-33.0
-35.0
-16.0
-4.0
-13.0
-105.0
-2.0
-29.0
-69.0
-65.0
-60.0
-88.0
-60.0
-41.0
-46.0
-32.0
-79.0
-87.0
-54.0
-41.0
-32.0
-25.090000000000003
-41.0
-567.5
-25.5
-55.0
-33.0
-46.0
-80.0
-63.0
-9.0
-42.0
-117.0
-49.0
-36.0
-113.0
-110.0
-23.0
-40.0
-34.0
-32.0
-39.0
-32.0
-63.0
-43.0
-39.09
-40.0
-21.0
-35.0
-36.0
-47.0
-32.0
-23.0
-188.0
-191.0
-94.0
-64.11000000000001
-25.0
-100.0
-67.0
-42.91999999999996
-64.0
-51.0
-50.0
-88.0
-21.120000000000005
-35.0
-26.0
-24.0
-1.884999999999991
-35.0
-23.0
-52.0
-18.0
-17.0
-7.0
-82.0
-31.0
-6.0
-65.0
-100.12
-156.0
-68.0
-89.0
-66.0
-72.08000000000004
-30.0
-8.0
-410.12
-58.0
-4.0
-10.0
-6.0
-13.115000000000009
-10.0
-2.0
-4.0
-4.0
-3.0
-2.0
-157.0
-20.0
-15.0
-43.0
-3.0
-71.0
-19.0
-73.0
-45.0
-5.0
-55.0
-9.0
-5.0
-111.0
-1.0
-4.0
-2.0
-13.069999999999993
-4.0
-6.0
-2.0
-8.0
-25.0
-21.0
-146.0
-21.0
-33.0
-74.0
-2.0
-3.0
-39.879999999999995
-48.0
-77.0
-72.0
-95.0
-40.0
-26.0
-12.0
-16.0
-33.0
-5.0
-0.0800000000000125
-36.0
-54.0
-2.0
-15.0
-24.0
-16.0
-155.0
-36.0
-40.0
-17.0
-26.879999999999995
-23.120000000000005
-45.0
-20.0
-8.0
-5.8799999999999955
-62.0
-29.0
-18.0
-6.0
-33.0
-246.0
-0.0
-6.925000000000011
-19.0
-2.0
-37.0
-42.0
-33.0
-15.0
-34.0
-177.0
-8.0
-29.0
-7.0
-35.0
-9.0
-7.0
-4.0
-17.0
-2.0
-23.0
-62.0
-36.0
-33.0
-2.0
-5.0
-9.090000000000003
-7.0
-12.0
-31.0
-39.0
-26.0
-40.0
-8.0
-20.0
-59.0
-9.0
-34.0
-6.0
-11.0
-104.0
-29.0
-11.0
-42.0
-6.0
-39.0
-33.0
-50.0
-83.0
-1.0
-57.91
-70.0
-2.0
-10.0
-12.0
-5.0
-13.0
-3.0
-144.0
-370.0
-47.0
-109.0
-86.0
-10.0
-64.0
-88.0
-45.0
-121.0
-46.0
-97.0
-20.0
-18.0
-36.0
-5.0
-3.930000000000007
-16.0
-7.0
-11.0
-4.0
-12.0
-13.0
-18.0
-18.0
-32.0
-72.0
-65.0
-56.0
-66.0
-77.0
-53.120000000000005
-0.8799999999999955
-8.0
-16.0
-16.0
-70.0
-4.0
-21.0
-8.0
-501.135
-14.0
-20.0
-29.0
-10.0
-25.0
-0.0
-18.0
-14.0
-47.0
-10.0
-52.0
-5.0
-41.0
-13.0
-28.0
-12.0
-10.879999999999995
-5.0
-61.0
-29.0
-92.0
-12.0
-1.0
-8.800000000000011
-78.0
-8.0
-4.0
-16.0
-24.0
-10.0
-82.0
-90.0
-31.0
-50.0
-22.0
-11.879999999999995
-70.0
-26.0
-4.0
-30.0
-42.0
-11.0
-18.0
-35.0
-160.0
-22.0
-5.0
-41.17500000000001
-9.0
-18.0
-26.0
-24.0
-28.0
-38.0
-90.0
-17.0
-22.0
-9.0
-74.0
-14.0
-31.0
-39.0
-32.0
-34.0
-20.0
-96.0
-62.0
-35.0
-25.0
-80.0
-39.0
-9.175000000000011
-70.0
-10.0
-14.0
-684.0
-12.0
-14.0
-616.0
-93.0
-4.0
-20.0
-25.0
-14.0
-22.0
-34.0
-39.0
-18.0
-14.0
-24.0
-4.0
-17.0
-5.0
-20.0
-45.0
-822.91
-39.0
-15.0
-19.0
-31.0
-15.0
-2.0
-3.0
-123.0
-20.0
-125.0
-189.0
-5.0
-3.0
-150.0
-158.0
-179.0
-45.0
-50.0
-86.0
-70.0
-28.0
-11.0
-25.0
-16.82499999999999
-13.0
-19.0
-14.0
-22.0
-12.0
-3.0
-100.0
-77.0
-38.0
-179.0
-178.0
-104.0
-47.0
-19.0
-105.0
-129.20000000000005
-17.200000000000045
-162.0
-115.0
-32.0
-23.0
-13.0
-17.0
-16.82499999999999
-14.0
-6.0
-3.0
-18.0
-10.0
-14.0
-13.0
-19.0
-197.0
-9.0
-11.0
-4.0
-142.0
-227.0
-133.0
-36.0
-6.0
-26.0
-52.0
-18.0
-3.0
-16.0
-29.0
-0.15000000000000568
-20.0
-14.0
-1.0
-17.0
-19.0
-14.0
-28.0
-91.0
-101.0
-52.0
-39.0
-78.0
-59.0
-38.0
-64.0
-27.0
-37.0
-29.0
-71.0
-11.0
-79.0
-28.0
-19.0
-31.139999999999986
-57.0
-25.0
-38.0
-15.0
-21.0
-25.0
-40.0
-55.0
-20.0
-67.0
-28.0
-53.0
-76.0
-39.0
-15.0
-20.0
-12.0
-16.0
-8.0
-17.0
-12.0
-87.0
-63.120000000000005
-98.0
-54.0
-41.0
-49.0
-45.879999999999995
-106.0
-149.0
-10.0
-72.0
-101.0
-80.0
-26.0
-16.0
-11.865000000000009
-24.0
-13.0
-19.0
-8.0
-7.0
-32.0
-45.0
-18.0
-1.0
-444.0
-46.0
-7.0
-3.0
-47.0
-62.0
-31.0
-13.0
-20.0
-15.0
-14.0
-20.0
-1.0
-4.0
-18.085000000000008
-7.0
-24.0
-7.0
-1.0
-0.0
-15.0
-8.0
-3.0
-10.0
-11.0
-68.0
-27.0
-41.0
-10.0
-13.0
-22.0
-46.0
-21.0
-30.0
-1.0
-15.0
-18.0
-4.0
-7.085000000000008
-7.0
-9.0
-4.0
-2.0
-3.0
-4.0
-2.0
-16.0
-10.0
-41.0
-21.0
-39.0
-10.0
-39.0
-13.0
-65.0
-520.0
-67.0
-58.0
-84.0
-55.0
-2.0
-23.0
-37.08500000000001
-24.5
-95.0
-108.0
-16.0
-80.0
-103.0
-39.0
-24.0
-22.0
-13.0
-34.0
-24.0
-17.0
-19.0
-15.0
-23.0
-0.0
-14.0
-62.0
-22.0
-37.0
-1.0
-43.0
-7.085000000000008
-4.0
-12.0
-15.0
-20.0
-6.0
-24.47999999999999
-5.5
-26.0
-3.0
-26.0
-164.0
-60.0
-0.0
-96.0
-21.0
-24.0
-6.0
-36.0
-25.0
-5.0
-2.0
-12.0
-8.0
-37.08500000000001
-4.0
-17.0
-20.0
-657.0
-19.0
-0.0
-6.0
-21.0
-44.0
-19.0
-25.0
-165.0
-25.0
-37.0
-30.0
-1.0
-15.0
-21.0
-16.0
-5.0
-25.0
-37.0
-29.0
-37.08500000000001
-41.0
-35.0
-29.0
-33.0
-42.0
-53.0
-4.0
-110.0
-32.0
-21.0
-6.0
-29.0
-8.0
-56.0
-103.0
-9.0
-12.0
-4.0
-5.0
-1.0
-12.5
-2.0
-21.0
-25.05000000000001
-18.0
-29.0
-7.0
-2.0
-33.0
-52.0
-14.0
-158.0
-102.0
-93.0
-87.0
-28.0
-59.0
-24.0
-44.0
-9.0
-27.0
-100.79999999999995
-106.0
-2.0
-23.0
-8.0
-8.0
-15.865000000000009
-23.0
-22.0
-31.0
-23.0
-16.0
-55.0
-4.0
-50.0
-81.0
-153.0
-5.080000000000041
-56.0
-1.0
-13.0
-46.0
-1.0
-26.0
-192.0
-35.0
-181.0
-130.0
-40.0
-4.0
-11.865000000000009
-30.0
-8.0
-6.0
-30.0
-1.0
-28.0
-29.0
-55.0
-24.0
-26.0
-18.0
-103.88
-63.0
-33.91999999999996
-6.0
-6.0
-0.0
-22.0
-93.0
-109.0
-71.0
-24.0
-26.0
-8.134999999999991
-31.0
-10.0
-8.0
-7.0
-6.0
-11.0
-5.0
-123.0
-24.0
-65.0
-17.0
-33.0
-21.0
-58.0
-65.0
-28.0
-22.0
-59.0
-21.0
-1.0
-35.0
-26.0
-6.0
-2.5
-19.0
-6.0
-0.0
-8.0
-4.0
-8.0
-8.0
-136.0
-63.0
-6.0
-138.0
-27.0
-57.0
-6.0
-16.0
-5.1200000000000045
-3.0
-8.0
-73.0
-44.0
-59.0
-16.0
-3.0
-11.865000000000009
-21.0
-23.0
-13.0
-3.0
-22.0
-11.5
-6.0
-13.0
-25.0
-0.0
-31.0
-23.0
-45.0
-16.0
-19.0
-13.0
-31.0
-21.0
-90.0
-37.0
-86.0
-51.0
-24.0
-8.134999999999991
-5.0
-15.0
-6.0
-2.0
-6.0
-6.0
-11.0
-712.0
-6.0
-5.8799999999999955
-39.0
-40.0
-49.0
-8.0
-9.0
-55.0
-21.0
-32.0
-216.0
-26.879999999999995
-13.0
-16.0
-15.0
-25.870000000000005
-6.0
-14.0
-16.0
-7.0
-2.0
-8.0
-9.0
-104.0
-110.0
-26.0
-11.0
-57.0
-11.0
-32.0
-10.0
-16.0
-3.0
-43.120000000000005
-196.0
-49.0
-54.0
-17.0
-29.0
-19.894999999999982
-22.0
-38.0
-9.0
-12.0
-5.0
-10.0
-16.0
-30.0
-1.0
-87.0
-30.0
-56.0
-14.0
-105.0
-9.0
-55.0
-40.0
-22.0
-119.0
-27.0
-45.0
-81.88
-27.0
-19.894999999999982
-23.0
-20.0
-20.0
-9.0
-7.0
-15.0
-10.0
-39.0
-4.0
-71.0
-48.0
-58.0
-5.0
-17.0
-24.0
-6.0
-21.0
-52.0
-78.0
-48.0
-27.0
-50.0
-34.0
-17.5
-8.0
-13.0
-21.0
-1.0
-2.0
-1.0
-7.0
-4.0
-9.0
-42.0
-21.0
-39.0
-38.0
-18.0
-10.0
-43.0
-21.0
-4.0
-8.0
-26.0
-7.0
-20.0
-25.0
-21.5
-13.0
-2.0
-13.0
-146.0
-27.0
-31.0
-16.0
-94.0
-127.0
-80.0
-31.0
-22.0
-49.879999999999995
-30.0
-19.0
-24.0
-42.0
-10.0
-45.0
-3.0
-58.0
-22.0
-6.0
-15.894999999999982
-350.0
-20.0
-0.0
-1.5
-17.0
-3.0
-9.0
-62.0
-75.0
-9.0
-13.0
-11.0
-62.0
-18.0
-33.0
-116.0
-55.08000000000004
-54.0
-11.0
-10.0
-37.0
-107.0
-5.0
-4.9199999999999875
-25.0
-2.0
-10.0
-16.0
-4.0
-18.0
-10.0
-63.0
-106.0
-30.0
-25.0
-39.08000000000004
-42.0
-29.0
-26.0
-18.0
-4.0
-7.0
-79.0
-71.0
-36.0
-4.0
-7.0
-10.39500000000001
-27.0
-733.0
-4.0
-262.0
-4.0
-3.0
-5.0
-43.0
-114.0
-33.0
-16.0
-26.0
-43.0
-18.0
-64.0
-90.0
-7.0
-333.0
-11.0
-54.0
-53.0
-19.0
-38.0
-10.870000000000005
-7.0
-87.0
-77.0
-76.0
-2.0
-13.0
-2.0
-43.0
-36.0
-0.0
-11.0
-6.0
-15.879999999999995
-35.0
-11.0
-31.0
-3.0
-18.0
-13.0
-7.0
-40.0
-46.0
-12.0
-9.865000000000009
-23.0
-11.0
-177.0
-17.0
-7.0
-15.0
-21.0
-81.0
-27.0
-37.0
-18.0
-27.0
-38.0
-27.0
-56.0
-16.0
-48.0
-13.0
-2.0
-99.0
-14.0
-21.0
-7.0
-2.5
-6.0
-17.0
-36.120000000000005
-6.0
-3.0
-17.5
-24.5
-19.0
-4.0
-40.0
-16.0
-28.25999999999999
-27.5
-26.5
-16.0
-27.0
-20.0
-21.0
-32.0
-27.0
-21.0
-16.0
-4.0
-21.5
-6.0
-6.0
-14.0
-4.0
-8.0
-35.0
-29.0
-127.0
-345.0
-30.0
-64.0
-7.0
-9.0
-34.0
-24.0
-11.0
-128.0
-25.879999999999995
-131.0
-293.0
-55.120000000000005
-47.0
-5.0
-75.86500000000001
-22.5
-27.0
-44.0
-27.0
-43.0
-14.0
-33.0
-34.0
-42.0
-6.0
-20.0
-19.0
-21.0
-65.0
-66.0
-28.0
-308.0
-560.0
-45.0
-23.0
-174.0
-30.0
-28.0
-571.14
-2.0
-1.0
-22.0
-8.0
-16.0
-21.0
-57.0
-54.120000000000005
-235.0
-75.0
-18.0
-52.0
-37.0
-302.0
-304.0
-4.0
-277.0
-203.0
-47.879999999999995
-86.0
-58.0
-6.0
-25.0
-5.050000000000011
-14.0
-20.0
-11.0
-17.0
-35.0
-3.0
-50.0
-26.360000000000014
-15.480000000000018
-26.0
-7.0
-24.32000000000005
-34.67999999999995
-21.67999999999995
-7.0
-12.0
-42.0
-62.0
-42.0
-70.0
-107.0
-11.0
-25.120000000000005
-20.88499999999999
-62.51999999999998
-10.0
-20.0
-16.0
-15.0
-2.0
-27.0
-45.0
-1.0
-41.91999999999996
-8.0
-27.899999999999977
-11.0
-28.0
-13.879999999999995
-38.0
-14.0
-1.0
-58.0
-55.0
-57.0
-44.0
-7.0
-20.88499999999999
-18.0
-14.0
-2.0
-7.0
-15.0
-10.0
-11.0
-73.0
-9.0
-3.0
-37.0
-24.480000000000018
-5.5
-28.0
-44.0
-2.0
-37.0
-142.0
-25.5
-0.0
-5.0
-7.5
-17.0
-21.5
-2.0
-1.5
-10.5
-3.0
-2.5
-18.5
-17.5
-29.0
-5.0
-44.0
-16.0
-16.74000000000001
-3.5
-22.5
-19.0
-147.0
-57.5
-25.0
-20.5
-5.5
-1.5
-7.5
-17.0
-7.5
-10.0
-3.0
-10.0
-14.0
-33.0
-4.0
-6.0
-125.0
-69.0
-4.0
-34.0
-5.0
-74.0
-364.0
-53.879999999999995
-117.0
-70.0
-31.0
-96.0
-163.0
-77.0
-32.0
-16.0
-69.88499999999999
-4.0
-32.0
-2.0
-0.0
-8.0
-31.0
-4.0
-186.0
-4.0
-5.0
-21.0
-4.0
-79.0
-57.0
-46.0
-28.0
-5.8799999999999955
-10.0
-106.0
-64.0
-78.0
-10.0
-13.0
-20.88499999999999
-5.0
-44.0
-13.0
-3.0
-13.0
-6.0
-2.0
-147.0
-22.0
-25.0
-33.0
-5.0
-4.0
-67.0
-44.0
-708.0
-31.0
-47.08000000000004
-3.480000000000018
-3.480000000000018
-56.0
-12.0
-15.0
-36.81999999999999
-25.0
-3.0
-8.0
-8.0
-8.0
-7.0
-10.0
-23.0
-169.0
-23.0
-35.0
-8.0
-4.0
-27.0
-17.0
-28.0
-50.120000000000005
-46.0
-45.0
-29.0
-14.0
-13.0
-6.0
-13.319999999999993
-10.0
-3.0
-11.0
-16.0
-20.0
-14.0
-19.0
-53.0
-28.0
-9.0
-72.0
-14.0
-11.0
-39.0
-31.0
-6.0
-36.0
-10.0
-88.0
-71.0
-72.0
-9.0
-37.0
-46.31999999999999
-10.0
-5.0
-7.0
-15.0
-18.0
-10.0
-0.0
-869.0
-23.0
-2.0
-16.0
-2.0
-7.0
-39.0
-18.0
-80.0
-84.0
-34.0
-5.0
-18.0
-20.0
-13.0
-1.0
-2.5
-25.0
-32.5
-28.5
-4.0
-36.0
-133.0
-18.0
-24.0
-53.0
-171.0
-66.0
-128.0
-133.0
-90.0
-130.0
-80.0
-62.0
-17.0
-32.0
-36.0
-2.0
-43.0
-21.0
-32.5
-33.0
-15.0
-22.0
-9.0
-21.0
-16.0
-14.0
-83.0
-44.120000000000005
-49.0
-8.0
-12.0
-43.0
-22.0
-3.0
-5.0
-53.08000000000004
-23.0
-206.0
-121.0
-15.0
-55.0
-8.0
-20.180000000000007
-12.0
-355.0
-6.0
-76.0
-4.0
-14.0
-8.0
-39.0
-6.0
-19.0
-14.0
-20.0
-28.0
-37.0
-23.0
-32.0
-37.0
-186.0
-253.0
-301.0
-47.0
-35.0
-66.0
-32.0
-54.46500000000003
-9.0
-1.0
-40.0
-11.0
-14.0
-1.0
-9.0
-39.0
-28.0
-68.96000000000004
-21.039999999999964
-3.0
-6.0
-21.0
-29.08000000000004
-7.0
-52.0
-12.0
-76.0
-73.0
-38.120000000000005
-286.0
-373.0
-128.46500000000003
-4.0
-8.0
-23.0
-25.0
-2.0
-6.0
-12.0
-37.0
-16.0
-26.0
-32.0
-29.0
-24.0
-4.0
-20.0
-46.0
-18.0
-39.0
-36.0
-44.0
-4.0
-47.0
-14.0
-45.05000000000001
-588.5
-7.0
-6.0
-12.0
-4.0
-18.0
-48.0
-28.0
-17.0
-6.0
-25.0
-2.0
-4.0
-30.879999999999995
-16.120000000000005
-23.0
-16.0
-6.2000000000000455
-21.0
-23.0
-20.0
-48.0
-26.0
-4.485000000000014
-10.0
-26.0
-31.0
-7.0
-4.0
-13.0
-17.0
-19.0
-54.0
-64.0
-45.0
-3.0
-32.0
-2.1200000000000045
-16.0
-24.0
-26.0
-32.0
-22.0
-79.0
-3.0
-21.0
-47.0
-9.485000000000014
-34.0
-16.0
-774.0
-16.0
-9.0
-20.0
-19.0
-7.0
-15.120000000000005
-6.0
-15.0
-69.0
-21.0
-56.0
-38.0
-35.0
-21.0
-41.0
-26.0
-26.0
-6.0
-151.0
-19.0
-31.07499999999999
-16.0
-3.0
-25.0
-9.0
-6.0
-8.0
-25.0
-33.0
-26.0
-40.0
-27.0
-8.0
-1.0
-9.0
-41.0
-9.0
-117.0
-124.0
-128.0
-158.0
-140.0
-158.0
-12.0
-32.07499999999999
-9.0
-14.0
-11.0
-11.0
-5.0
-12.0
-4.0
-128.0
-91.0
-34.0
-34.0
-12.0
-24.0
-4.0
-22.0
-16.0
-61.0
-7.0
-31.0
-43.0
-365.0
-53.0
-8.0
-10.514999999999986
-14.0
-17.0
-4.0
-20.0
-5.5
-5.5
-9.0
-118.0
-29.0
-1.0
-36.0
-1.0
-18.0
-47.120000000000005
-25.0
-9.080000000000041
-5.0
-46.0
-31.879999999999995
-42.0
-30.0
-7.0
-17.0
-3.0800000000000125
-4.0
-38.0
-24.0
-7.0
-8.0
-2.0
-27.0
-6.0
-42.0
-8.0
-16.0
-30.0
-15.0
-39.0
-3.0
-6.0
-8.0
-10.0
-92.0
-62.0
-7.0
-29.0
-5.0
-5.550000000000011
-4.0
-12.0
-11.0
-11.0
-8.0
-7.0
-47.0
-3.0
-34.0
-4.0
-12.0
-38.0
-23.0
-36.0
-44.879999999999995
-9.0
-52.0
-26.0
-39.0
-21.0
-38.0
-12.0
-0.0
-9.449999999999989
-23.0
-9.0
-32.0
-26.0
-4.0
-2.0
-14.0
-132.0
-106.0
-23.0
-50.0
-4.0
-50.879999999999995
-5.0
-6.8799999999999955
-27.0
-3.0
-35.0
-4.0
-3.0
-63.0
-10.0
-3.0
-42.44999999999999
-29.0
-22.0
-33.0
-5.0
-21.0
-0.0
-0.0
-104.0
-8.0
-21.0
-10.0
-33.0
-39.0
-27.0
-1.0
-12.0
-2.0
-21.0
-4.0
-10.0
-29.0
-9.0
-12.0
-60.07499999999999
-19.0
-11.0
-4.0
-18.0
-30.0
-8.0
-1.0
-24.0
-26.0
-29.0
-807.0
-12.0
-24.0
-14.0
-11.0
-21.0
-18.0
-9.0
-6.0
-6.0
-4.0
-23.0
-42.0
-31.07499999999999
-11.0
-4.0
-2.0
-792.0
-14.0
-1.0
-10.0
-30.0
-71.0
-55.0
-72.0
-79.0
-12.519999999999982
-74.51999999999998
-18.120000000000005
-58.67999999999995
-72.67999999999995
-59.559999999999945
-109.12
-103.0
-33.0
-34.120000000000005
-3.0
-14.449999999999989
-20.0
-23.0
-0.0
-22.0
-34.0
-5.0
-26.0
-25.0
-84.0
-46.200000000000045
-56.200000000000045
-36.200000000000045
-8.200000000000045
-35.200000000000045
-34.75999999999999
-33.24000000000001
-15.240000000000009
-31.24000000000001
-62.0
-73.0
-23.0
-20.0
-12.0
-9.449999999999989
-21.0
-1.0
-6.0
-12.0
-0.0
-39.0
-23.0
-12.0
-87.0
-94.0
-6.0
-35.0
-26.0
-28.0
-23.0
-38.0
-12.120000000000005
-4.0
-75.0
-9.0
-4.0
-16.0
-30.0
-9.449999999999989
-3.0
-6.0
-34.0
-19.0
-3.0
-13.0
-30.0
-6.0
-39.51999999999998
-29.480000000000018
-9.0
-16.0
-71.0
-42.91999999999996
-25.0
-86.0
-126.0
-40.48000000000002
-22.480000000000018
-29.0
-13.0
-20.0
-37.0
-14.449999999999989
-4.0
-2.0
-40.0
-35.0
-38.0
-25.0
-22.0
-30.0
-44.0
-18.0
-34.0
-28.0
-44.0
-38.0
-48.0
-20.0
-23.0
-6.0
-5.0
-18.0
-41.0
-47.0
-24.0
-28.03
-16.0
-19.0
-10.0
-24.0
-9.0
-41.0
-17.0
-25.0
-22.0
-34.0
-15.0
-19.0
-16.0
-11.0
-25.0
-7.0
-12.0
-5.0
-9.0
-18.0
-10.0
-26.0
-22.0
-26.545000000000044
-37.0
-9.0
-12.0
-0.0
-14.0
-31.0
-6.0
-19.0
-17.0
-10.0
-23.0
-37.0
-17.0
-25.0
-3.0
-36.0
-16.0
-28.0
-2.0
-8.5
-17.0
-23.0
-21.0
-25.060000000000002
-8.0
-17.0
-1.0
-18.0
-257.0
-4.0
-13.0
-113.0
-141.0
-289.0
-20.0
-8.0
-70.0
-145.0
-16.0
-0.7999999999999545
-26.0
-149.0
-233.0
-55.0
-2.0
-2.079999999999984
-5.0
-108.44999999999999
-67.0
-61.0
-73.0
-51.0
-65.0
-80.0
-55.0
-185.0
-35.0
-4.0
-10.120000000000005
-40.0
-16.0
-17.0
-24.0
-520.0
-6.0
-34.0
-31.0
-41.120000000000005
-13.0
-29.0
-5.0
-303.55
-51.0
-1.0
-6.0
-43.0
-61.0
-24.0
-3.0
-14.0
-41.0
-14.0
-27.120000000000005
-19.0
-11.0
-19.0
-26.0
-29.0
-43.0
-102.0
-16.0
-26.0
-47.0
-16.0
-37.0
-5.550000000000011
-52.0
-8.0
-54.0
-49.0
-65.0
-72.0
-4.0
-9.0
-75.0
-29.0
-27.0
-5.0
-485.0
-4.0
-43.120000000000005
-26.0
-14.0
-15.0
-15.0
-50.0
-13.120000000000005
-33.0
-9.0
-26.980000000000018
-1.0
-3.5
-24.0
-15.5
-38.610000000000014
-34.610000000000014
-27.5
-0.7599999999999909
-5.409999999999968
-100.83000000000004
-7.080000000000041
-13.080000000000041
-20.91999999999996
-18.08000000000004
-22.600000000000023
-6.399999999999977
-15.600000000000023
-154.39999999999998
-78.39999999999998
-10.600000000000023
-34.39999999999998
-5.399999999999977
-6.0
-12.420000000000016
-13.0
-5.0
-25.0
-4.0
-9.0
-29.0
-8.0
-31.0
-7.0
-39.0
-2.0
-11.0
-5.0
-21.0
-45.0
-6.0
-19.0
-1.0
-24.0
-21.5
-12.0
-5.0
-12.0
-19.590000000000003
-4.0
-46.0
-3.0
-9.0
-23.0
-17.0
-31.0
-14.0
-33.0
-24.0
-1.0
-0.0
-12.0
-11.0
-19.0
-13.0
-4.0
-6.0
-15.0
-16.0
-24.0
-28.0
-24.0
-23.590000000000003
-17.0
-27.0
-1.0
-5.0
-25.0
-2.0
-10.0
-144.0
-100.0
-27.0
-3.0
-15.0
-34.0
-6.0
-7.0
-17.0
-29.0
-36.91999999999996
-2.0
-87.0
-21.0
-86.0
-18.0
-12.420000000000016
-27.0
-1.0
-40.0
-6.0
-9.0
-4.0
-5.0
-6.0
-73.0
-22.0
-1.0
-24.879999999999995
-29.0
-62.0
-10.0
-24.0
-26.0
-10.879999999999995
-99.0
-18.0
-12.0
-32.0
-20.0
-12.420000000000016
-14.0
-12.0
-5.0
-4.0
-5.0
-10.0
-12.0
-9.0
-32.0
-12.0
-21.0
-22.0
-23.0
-11.0
-56.0
-16.0
-25.120000000000005
-5.0
-24.0
-84.0
-15.0
-594.0
-25.0
-12.420000000000016
-24.0
-12.0
-5.0
-0.0
-7.0
-31.0
-30.0
-27.0
-43.0
-17.0
-9.0
-36.0
-7.0
-16.0
-5.0
-21.0
-58.0
-32.0
-77.0
-0.8799999999999955
-3.0
-92.0
-20.0
-12.420000000000016
-17.0
-14.0
-8.0
-26.0
-10.0
-20.0
-13.0
-48.0
-21.0
-11.0
-8.919999999999959
-30.0
-47.0
-14.0
-15.0
-7.0
-71.0
-24.0
-41.0
-13.0
-10.0
-10.0
-32.0
-17.420000000000016
-31.0
-17.0
-3.0
-1.0
-7.0
-10.0
-6.0
-103.0
-133.0
-19.0
-18.0
-83.0
-3.0
-27.04000000000002
-11.04000000000002
-18.0
-22.0
-38.0
-18.0
-5.0
-6.0
-21.0
-13.0
-19.590000000000003
-4.0
-14.0
-42.0
-12.0
-21.0
-30.0
-20.0
-6.0
-5.0
-35.0
-36.0
-47.0
-20.0
-18.0
-51.51999999999998
-8.480000000000018
-48.0
-15.0
-4.0
-30.0
-11.0
-14.0
-432.0
-22.590000000000003
-9.0
-18.0
-8.0
-5.0
-12.0
-13.0
-7.0
-178.0
-198.0
-39.120000000000005
-16.120000000000005
-35.0
-60.0
-8.0
-7.0
-22.0
-18.0
-3.0
-36.0
-167.0
-44.0
-6.0
-10.0
-2.8600000000000136
-14.0
-12.0
-17.0
-5.0
-8.0
-5.0
-10.0
-6.0
-79.0
-35.0
-3.0
-25.0
-18.0
-14.0
-32.0
-12.0
-24.0
-18.0
-31.0
-48.0
-32.0
-16.120000000000005
-35.0
-7.335000000000008
-2.0
-21.0
-32.0
-25.0
-6.0
-4.0
-18.0
-18.0
-280.0
-2.0
-667.0
-49.0
-44.0
-41.0
-97.0
-5.080000000000041
-11.0
-592.0
-80.0
-63.0
-6.0
-8.0
-15.0
-2.335000000000008
-39.0
-16.0
-6.0
-13.0
-4.0
-20.0
-43.0
-86.0
-100.67999999999995
-56.32000000000005
-12.0
-12.0
-15.0
-16.0
-12.0
-8.120000000000005
-32.0
-35.0
-11.0
-134.0
-4.0
-9.0
-1.0
-12.664999999999992
-27.0
-21.0
-15.0
-15.0
-30.0
-47.0
-22.0
-4.0
-6.0
-42.879999999999995
-28.0
-33.0
-8.0
-52.0
-20.0
-40.0
-4.0
-50.0
-95.0
-12.0
-79.0
-28.0
-61.0
-2.335000000000008
-10.0
-27.0
-37.0
-460.0
-34.0
-19.0
-203.0
-44.0
-24.0
-21.0
-3.0
-9.0
-11.0
-14.0
-25.0
-7.0
-10.0
-40.0
-8.0
-1.0
-26.0
-3.0
-20.0
-19.590000000000003
-11.0
-11.0
-19.0
-30.0
-16.0
-8.0
-36.0
-4.0
-29.0
-14.0
-36.0
-3.0
-12.0
-29.0
-513.0
-3.0
-23.0
-5.0
-17.0
-14.0
-1.0
-22.0
-16.0
-8.590000000000003
-16.0
-10.0
-9.0
-107.0
-9.0
-4.0
-746.0
-52.0
-17.0
-11.0
-27.0
-29.0
-26.0
-6.0
-29.0
-32.59
-15.0
-24.0
-14.0
-26.0
-2.0
-5.0
-40.0
-133.0
-130.0
-16.0
-19.0
-121.0
-7.0
-36.0
-19.0
-6.0
-14.0
-32.879999999999995
-4.0
-4.0
-22.0
-272.0
-9.0
-12.090000000000003
-11.0
-24.0
-5.0
-18.0
-29.0
-2.0
-9.0
-59.0
-55.0
-183.0
-217.12
-59.0
-16.120000000000005
-54.0
-32.0
-33.0
-6.0
-33.0
-33.0
-31.0
-33.0
-17.0
-10.0
-5.430000000000007
-27.0
-5.0
-16.0
-10.0
-18.0
-8.0
-62.0
-39.0
-360.0
-1.0
-33.0
-55.0
-17.0
-35.0
-6.0
-26.0
-470.0
-27.0
-67.0
-26.0
-1.0
-8.0
-2.0
-7.050000000000011
-14.0
-2.0
-4.0
-4.0
-12.0
-12.0
-2.0
-93.0
-1.0
-1.8799999999999955
-37.0
-63.0
-63.0
-21.0
-6.0
-21.0
-15.0
-31.120000000000005
-75.0
-77.0
-20.0
-27.0
-29.0
-3.0800000000000125
-5.0
-6.0
-4.0
-7.0
-6.0
-6.0
-19.0
-32.0
-3.0
-21.120000000000005
-7.0
-15.0
-37.0
-8.0
-5.0
-15.0
-10.0
-34.0
-11.0
-3.0
-60.0
-15.0
-40.0
-12.409999999999997
-644.0
-6.0
-20.0
-1.0
-8.0
-38.0
-0.0
-134.0
-8.0
-51.0
-40.0
-32.0
-41.0
-8.0
-8.0
-11.0
-40.120000000000005
-23.0
-38.0
-51.0
-1.0
-26.0
-6.0
-19.590000000000003
-5.0
-23.0
-23.5
-21.5
-37.0
-20.5
-1.0
-35.0
-62.06
-68.36000000000001
-45.80000000000001
-77.48000000000002
-43.48000000000002
-26.480000000000018
-19.480000000000018
-29.480000000000018
-15.480000000000018
-13.0
-36.0
-45.0
-42.0
-17.0
-23.0
-22.590000000000003
-12.0
-26.0
-4.0
-31.0
-26.0
-21.0
-35.0
-123.0
-86.0
-11.0
-29.0
-76.0
-6.080000000000041
-17.0
-2.0
-16.0
-8.0
-13.0
-49.0
-57.0
-53.0
-28.0
-34.0
-7.409999999999997
-25.0
-7.0
-69.0
-13.0
-20.0
-13.0
-31.0
-132.0
-3.0
-39.0
-4.919999999999959
-50.0
-25.0
-13.0
-10.0
-46.0
-30.0
-5.0
-21.879999999999995
-20.0
-34.0
-13.0
-33.0
-29.409999999999997
-4.0
-22.0
-38.0
-13.0
-26.0
-1.0
-13.0
-101.0
-62.0
-13.0
-80.0
-34.0
-57.0
-36.0
-4.0
-3.0
-19.0
-12.0
-32.799999999999955
-33.0
-17.0
-34.0
-7.0
-7.409999999999997
-20.0
-64.0
-16.0
-17.0
-12.0
-7.0
-7.0
-46.0
-47.0
-40.0
-10.0
-28.0
-23.0
-38.0
-37.0
-52.0
-7.0
-42.0
-4.0
-10.0
-44.0
-26.0
-16.0
-7.409999999999997
-12.0
-7.0
-7.0
-49.0
-17.0
-42.0
-17.0
-8.0
-57.0
-454.12
-85.12
-6.0
-15.0
-58.0
-40.0
-3.0
-24.0
-13.0
-89.0
-41.0
-73.0
-38.0
-5.0
-7.409999999999997
-37.0
-12.0
-17.0
-16.0
-29.0
-19.0
-4.0
-37.0
-32.120000000000005
-35.0
-40.0
-6.0
-23.480000000000018
-12.240000000000009
-7.0
-42.0
-47.0
-41.0
-40.0
-40.0
-2.0
-1.0
-11.0
-38.59
-7.0
-15.0
-35.0
-1.0
-19.0
-31.0
-15.0
-20.0
-4.0
-19.0
-240.0
-31.0
-0.0
-22.960000000000008
-25.04000000000002
-4.0
-30.0
-26.0
-26.0
-26.0
-6.0
-11.0
-16.0
-14.590000000000003
-12.0
-3.0
-3.0
-5.0
-3.0
-1.0
-26.0
-186.0
-134.0
-36.0
-69.0
-70.0
-52.0
-19.0
-21.0
-40.120000000000005
-61.0
-78.0
-13.0
-73.0
-26.0
-50.0
-15.0
-7.409999999999997
-5.0
-57.0
-93.0
-14.0
-5.0
-23.0
-6.0
-7.0
-37.0
-23.0
-28.0
-19.0
-18.879999999999995
-3.0
-8.0
-10.0
-18.0
-4.0
-20.120000000000005
-3.0
-82.0
-14.0
-1.0
-40.59
-9.0
-47.0
-17.0
-28.0
-11.0
-13.0
-8.0
-33.0
-28.0
-6.0
-18.0
-11.0
-9.039999999999964
-0.03999999999996362
-27.0
-23.0
-14.0
-8.0
-21.0
-24.0
-5.0
-23.0
-17.0
-7.409999999999997
-14.0
-12.0
-5.0
-26.0
-39.0
-56.0
-10.0
-57.0
-5.0
-13.0
-43.0
-18.0
-16.0
-8.879999999999995
-67.0
-2.0
-6.1200000000000045
-0.0
-36.879999999999995
-61.0
-21.0
-24.0
-15.0
-13.590000000000003
-4.0
-31.0
-37.0
-21.0
-8.0
-27.0
-18.0
-25.0
-73.0
-38.0
-19.0
-41.0
-12.0
-43.0
-36.0
-13.080000000000041
-57.120000000000005
-59.0
-25.0
-66.88
-75.0
-56.0
-12.0
-34.41
-16.0
-1.0
-29.0
-29.0
-22.0
-6.0
-21.0
-213.0
-82.0
-14.0
-16.0
-21.0
-12.0
-16.0
-29.0
-6.0
-16.0
-2.0
-23.0
-15.0
-34.0
-3.0
-1.0
-38.59
-16.0
-11.0
-13.0
-10.0
-19.0
-31.0
-36.0
-8.0
-12.0
-1.0
-36.0
-25.0
-11.0
-8.0
-360.0
-0.0
-15.0
-496.0
-6.5
-9.0
-22.0
-14.0
-12.0
-26.409999999999997
-4.0
-38.0
-19.0
-18.0
-0.0
-16.0
-2.0
-16.0
-10.0
-45.0
-6.0
-100.03999999999999
-6.0
-2.0
-41.0
-94.0
-63.0
-58.0
-64.5
-65.0
-6.0
-14.0
-0.0
-36.59
-4.0
-1.0
-1.0
-15.0
-0.0
-2.0
-9.0
-176.0
-154.0
-67.0
-10.0
-122.0
-43.0
-0.0
-18.0
-51.0
-13.080000000000041
-47.0
-0.0
-4.0
-3.0
-19.0
-5.0
-7.409999999999997
-9.0
-12.0
-14.0
-6.0
-11.0
-20.0
-13.0
-108.0
-76.84000000000003
-59.039999999999964
-18.159999999999968
-78.84000000000003
-17.159999999999968
-42.84000000000003
-14.279999999999973
-16.639999999999986
-31.639999999999986
-54.360000000000014
-33.639999999999986
-47.639999999999986
-10.639999999999986
-4.639999999999986
-27.0
-7.409999999999997
-11.0
-4.0
-7.0
-31.5
-10.5
-31.0
-10.0
-183.0
-64.0
-16.0
-107.0
-57.0
-14.0
-76.0
-26.0
-14.0
-12.0
-33.0
-124.0
-16.0
-15.0
-1.0
-0.0
-13.590000000000003
-10.0
-1.0
-29.0
-35.0
-10.0
-31.0
-747.0
-12.0
-77.88
-10.879999999999995
-300.08000000000004
-48.879999999999995
-15.879999999999995
-20.120000000000005
-17.559999999999945
-28.440000000000055
-58.0
-37.0
-22.0
-2.0
-61.0
-26.0
-43.0
-7.409999999999997
-28.0
-21.0
-41.0
-59.0
-43.0
-50.0
-30.0
-221.0
-686.0
-39.0
-77.0
-69.0
-79.0
-2.0
-67.0
-6.0
-25.0
-19.960000000000008
-51.5
-55.0
-4.0
-30.0
-1.0
-25.120000000000005
-5.0
-42.0
-5.0
-187.0
-18.0
-50.0
-33.0
-29.0
-30.0
-48.0
-55.0
-2.0
-51.0
-19.0
-22.0
-37.0
-29.0
-31.0
-7.0
-22.0
-8.0
-32.0
-8.0
-37.08500000000001
-9.0
-488.0
-210.0
-4.0
-13.0
-19.0
-42.0
-98.0
-138.12
-34.15999999999997
-91.15999999999997
-69.27999999999997
-14.840000000000032
-18.159999999999968
-3.840000000000032
-42.0
-10.0
-12.0
-39.0
-46.0
-82.0
-60.0
-3.0
-17.899999999999977
-7.0
-1.0
-12.0
-4.0
-31.0
-20.0
-10.0
-21.0
-76.0
-30.120000000000005
-23.110000000000014
-106.0
-69.0
-238.0
-48.0
-21.0
-6.0
-53.0
-49.0
-78.0
-31.0
-94.12
-29.0
-2.1899999999999977
-15.0
-2.0
-28.0
-19.0
-27.0
-6.0
-60.0
-347.0
-65.0
-76.0
-25.0
-13.0
-40.0
-39.0
-18.0
-41.0
-10.0
-33.0
-495.0
-51.0
-8.0
-44.0
-22.0
-2.1899999999999977
-1.0
-1.5
-0.5
-30.0
-35.0
-15.0
-18.0
-17.0
-28.120000000000005
-90.0
-24.0
-18.0
-41.0
-60.0
-75.91999999999996
-4.0
-1.0
-10.0
-20.0
-36.0
-44.0
-58.0
-0.0
-7.280000000000001
-9.0
-9.0
-3.0
-35.0
-5.0
-9.0
-1.0
-3.0
-1.0
-91.0
-42.0
-96.0
-40.0
-7.0
-42.0
-0.12000000000000455
-734.0
-13.0
-58.0
-64.0
-13.0
-4.0
-2.0
-10.639999999999986
-16.0
-123.0
-16.5
-30.0
-25.0
-19.0
-24.0
-161.0
-91.0
-32.0
-18.0
-17.0
-24.0
-21.0
-24.0
-32.0
-48.0
-24.0
-31.0
-2.0
-12.0
-18.0
-9.0
-35.08500000000001
-0.0
-7.0
-32.0
-35.0
-12.0
-17.0
-40.0
-4.0
-65.0
-84.0
-4.0
-117.0
-86.0
-11.0
-8.0
-49.0
-6.0
-10.0
-195.0
-18.0
-29.0
-10.0
-4.0
-7.085000000000008
-44.0
-4.0
-26.0
-11.0
-18.0
-24.0
-3.0
-142.0
-68.0
-39.0
-36.0
-35.0
-41.48000000000002
-6.480000000000018
-35.879999999999995
-27.0
-101.51999999999998
-69.48000000000002
-46.440000000000055
-3.5600000000000023
-41.56
-0.2400000000000091
-8.0
-13.360000000000014
-14.0
-5.5
-10.5
-10.5
-15.0
-5.5
-44.599999999999994
-23.399999999999977
-243.60000000000002
-66.39999999999998
-53.39999999999998
-4.0
-29.0
-67.0
-31.0
-30.0
-30.0
-97.0
-16.0
-78.0
-6.0
-12.0
-25.0
-13.360000000000014
-14.0
-3.0
-22.0
-15.0
-1.0
-14.0
-45.0
-58.0
-65.0
-41.0
-39.0
-45.0
-29.120000000000005
-27.0
-47.0
-59.91999999999996
-48.0
-79.88
-5.600000000000023
-85.39999999999998
-93.0
-0.0
-44.0
-14.360000000000014
-5.0
-9.0
-71.0
-14.0
-10.0
-32.0
-151.0
-55.0
-84.0
-0.0
-11.0
-53.0
-35.0
-18.0
-44.0
-17.0
-32.0
-57.0
-32.0
-45.0
-41.0
-68.0
-13.0
-4.360000000000014
-20.0
-31.0
-5.0
-13.0
-27.0
-29.0
-74.0
-34.0
-103.0
-49.0
-27.0
-41.120000000000005
-30.0
-5.0
-66.0
-51.0
-43.0
-81.0
-62.0
-10.0
-39.0
-23.0
-16.0
-4.360000000000014
-13.0
-10.0
-1.0
-4.0
-16.0
-22.0
-26.0
-93.0
-11.0
-66.0
-57.0
-56.0
-52.0
-47.0
-61.0
-58.0
-48.0
-13.0
-23.0
-2.0
-8.0
-28.0
-6.0
-47.08500000000001
-33.0
-6.0
-6.0
-3.0
-7.0
-9.0
-13.0
-13.0
-39.0
-262.0
-45.0
-35.0
-7.0
-12.0
-15.129999999999995
-1.0
-29.0
-3.0
-2.0
-9.0
-19.0
-10.0
-5.0
-36.0
-52.0
-14.0
-46.0
-15.879999999999995
-44.0
-12.0
-20.0
-23.0
-18.0
-13.0
-1.0
-18.0
-58.0
-17.0
-4.865000000000009
-9.0
-43.0
-4.0
-28.0
-18.0
-8.0
-14.0
-85.0
-13.0
-20.0
-9.0
-27.0
-7.0
-27.0
-36.0
-2.0
-8.0
-1.0
-1.0
-13.0
-27.0
-19.0
-1.0
-8.5
-34.0
-3.0
-17.120000000000005
-13.0
-17.0
-14.5
-7.5
-4.0
-7.0
-51.0
-28.0
-18.74000000000001
-38.5
-37.5
-30.0
-13.0
-25.0
-9.0
-35.0
-30.0
-2.0
-10.0
-3.0
-26.5
-12.0
-12.0
-14.0
-4.0
-8.0
-32.0
-3.0
-127.0
-75.0
-10.0
-26.0
-7.0
-0.0
-7.0
-24.0
-11.0
-12.0
-25.879999999999995
-105.0
-121.0
-64.12
-29.0
-37.0
-13.865000000000009
-2.5
-7.0
-15.0
-2.0
-18.0
-15.0
-4.0
-119.0
-5.0
-2.0
-42.0
-16.0
-21.0
-2.0
-10.0
-3.0
-16.0
-50.0
-61.0
-46.0
-43.0
-30.0
-34.0
-3.8600000000000136
-6.0
-15.0
-5.0
-23.0
-1.0
-9.0
-45.0
-33.120000000000005
-9.0
-354.0
-18.0
-1.0
-37.0
-10.0
-0.0
-4.0
-27.0
-36.0
-58.120000000000005
-4.0
-58.0
-6.0
-31.0
-9.949999999999989
-13.0
-7.0
-16.0
-44.0
-8.0
-24.0
-22.0
-27.639999999999986
-62.48000000000002
-18.0
-4.0
-24.32000000000005
-19.32000000000005
-9.32000000000005
-10.0
-12.0
-11.0
-21.0
-44.0
-36.0
-18.0
-29.0
-0.8799999999999955
-0.1150000000000091
-39.51999999999998
-13.0
-3.0
-27.0
-4.0
-8.0
-21.0
-104.0
-46.0
-33.91999999999996
-24.0
-20.100000000000023
-11.0
-29.0
-6.1200000000000045
-1.0
-26.0
-1.0
-28.0
-54.0
-65.0
-32.0
-27.0
-30.88499999999999
-15.0
-5.0
-43.0
-20.0
-0.0
-5.0
-13.0
-26.0
-5.0
-1.0
-23.0
-22.519999999999982
-27.5
-19.0
-30.0
-7.0
-14.0
-19.0
-14.5
-0.0
-5.0
-7.5
-5.0
-4.5
-16.0
-17.5
-8.5
-15.0
-11.5
-13.5
-15.5
-27.0
-5.0
-24.0
-17.0
-16.25999999999999
-13.5
-24.5
-14.0
-48.0
-53.5
-21.0
-16.5
-1.5
-14.5
-8.5
-1.0
-8.5
-19.0
-3.0
-38.0
-42.0
-17.0
-488.0
-48.0
-107.0
-69.0
-4.0
-65.0
-5.0
-83.0
-33.0
-28.879999999999995
-78.0
-33.0
-0.0
-39.0
-22.0
-138.0
-1.0
-23.0
-56.88499999999999
-4.0
-25.0
-19.0
-10.0
-3.0
-5.0
-16.0
-26.0
-51.0
-2.0
-11.0
-4.0
-22.0
-47.0
-14.0
-39.0
-27.879999999999995
-10.0
-61.0
-55.0
-2.0
-4.0
-594.0
-0.1150000000000091
-6.0
-33.0
-9.0
-7.0
-24.0
-4.0
-4.0
-58.0
-25.0
-19.0
-42.0
-53.0
-4.0
-36.0
-32.0
-10.0
-28.0
-47.08000000000004
-297.52
-8.480000000000018
-57.0
-38.0
-10.0
-10.819999999999993
-2.0
-26.0
-31.0
-7.0
-7.0
-16.0
-13.0
-126.0
-18.0
-23.0
-41.0
-8.0
-4.0
-27.0
-17.0
-32.0
-13.879999999999995
-46.0
-10.0
-24.0
-14.0
-13.0
-12.0
-7.680000000000007
-11.0
-3.0
-399.0
-22.0
-14.0
-14.0
-19.0
-149.0
-19.0
-8.0
-5.0
-14.0
-43.0
-8.0
-28.0
-6.0
-5.0
-10.0
-68.0
-74.0
-63.0
-14.0
-43.0
-22.319999999999993
-34.0
-17.0
-15.0
-7.0
-0.0
-1.0
-12.0
-172.0
-3.0
-2.0
-44.0
-23.0
-32.0
-28.0
-8.0
-54.0
-58.0
-25.0
-5.0
-466.0
-43.0
-0.0
-12.0
-32.5
-25.0
-32.5
-28.5
-4.0
-36.0
-37.0
-36.0
-6.0
-53.0
-45.0
-16.0
-46.0
-41.0
-26.0
-66.0
-48.0
-30.0
-8.0
-41.0
-493.0
-42.0
-3.0
-21.0
-32.5
-33.0
-9.0
-22.0
-9.0
-21.0
-28.0
-4.0
-107.0
-275.12
-142.0
-11.0
-12.0
-61.0
-6.0
-8.0
-1.0
-10.919999999999959
-8.0
-42.0
-21.0
-6.0
-30.0
-14.0
-5.180000000000007
-5.0
-8.0
-14.0
-4.0
-0.0
-2.0
-8.0
-15.0
-348.0
-9.0
-14.0
-24.0
-28.0
-32.0
-13.0
-32.0
-10.0
-14.0
-6.0
-39.0
-15.0
-34.0
-16.0
-2.319999999999993
-5.0
-4.0
-4.0
-6.0
-10.0
-3.0
-31.0
-43.120000000000005
-28.0
-6.0
-8.0
-5.0
-30.0
-4.0
-12.0
-15.0
-69.0
-27.0
-4.0
-7.0
-14.0
-25.0
-29.0
-29.319999999999993
-11.0
-32.0
-12.0
-6.0
-5.0
-21.0
-11.0
-5.0
-26.0
-5.0
-13.080000000000041
-23.0
-4.8799999999999955
-21.0
-33.0
-3.0
-6.0
-54.0
-29.0
-22.0
-42.0
-4.0
-1.0
-18.680000000000007
-7.0
-33.0
-20.0
-17.0
-0.0
-12.0
-5.0
-112.0
-26.0
-10.039999999999964
-19.960000000000036
-44.0
-13.0
-12.0
-8.0
-8.0
-7.0
-4.0
-78.0
-16.0
-37.0
-27.0
-1.0
-2.319999999999993
-1.0
-26.0
-9.0
-11.0
-7.0
-20.0
-49.0
-62.0
-27.0
-36.0
-35.0
-129.0
-35.0
-29.0
-38.0
-31.0
-11.0
-76.0
-45.0
-10.0
-17.0
-4.0
-21.0
-21.5
-31.0
-9.0
-5.0
-19.0
-59.0
-10.0
-23.0
-39.0
-33.0
-6.0
-13.0
-32.0
-48.0
-19.0
-36.0
-2.0
-6.0
-6.0
-9.0
-20.0
-11.0
-0.0
-11.0
-2.5
-7.0
-4.0
-10.0
-10.0
-25.0
-28.0
-12.0
-146.0
-79.0
-1.0
-12.0
-9.0
-34.0
-35.0
-37.0
-31.0
-15.0
-26.0
-50.0
-63.0
-105.0
-2.0
-64.0
-2.319999999999993
-0.0
-21.0
-6.0
-14.0
-18.0
-6.0
-5.0
-350.0
-13.0
-31.0
-9.0
-11.0
-4.0
-42.0
-38.0
-7.0
-16.0
-16.0
-61.0
-30.0
-18.0
-19.0
-82.0
-68.32
-52.0
-38.0
-45.0
-11.0
-26.0
-46.0
-25.0
-6.0
-79.0
-11.0
-42.0
-29.0
-19.0
-23.0
-6.0
-34.0
-93.0
-9.0
-83.0
-79.0
-23.0
-7.0
-672.0
-2.680000000000007
-9.0
-4.0
-15.0
-18.0
-8.0
-7.0
-32.0
-58.0
-61.0
-17.0
-19.0
-18.0
-16.0
-0.0
-50.0
-6.0
-58.0
-8.0
-18.0
-83.0
-39.0
-7.0
-5.0
-9.819999999999993
-2.0
-15.0
-5.0
-11.0
-5.0
-8.0
-8.0
-97.0
-63.0
-54.0
-20.0
-26.0
-88.0
-34.0
-98.0
-27.0
-2.0
-237.0
-113.0
-58.0
-53.0
-42.920000000000016
-12.5
-27.474999999999994
-35.0
-19.0
-3.0
-16.0
-38.0
-4.0
-40.0
-6.0
-27.0
-24.0
-44.0
-62.0
-42.0
-15.0
-13.0
-3.0
-3.1200000000000045
-41.0
-21.0
-17.0
-26.0
-20.0
-12.0
-10.5
-22.0
-56.0
-37.0
-35.0
-44.0
-22.0
-32.0
-3.0
-30.0
-20.0
-7.0
-74.0
-7.0
-7.0
-10.0
-10.0
-27.0
-20.0
-35.0
-43.0
-11.0
-33.0
-13.0
-8.5
-15.0
-24.0
-37.0
-8.0
-17.0
-4.0
-7.0
-125.0
-94.0
-38.0
-6.0
-33.0
-59.0
-24.0
-24.0
-6.0
-21.0
-108.0
-4.0
-75.0
-11.0
-46.0
-15.0
-1.5250000000000057
-5.0
-16.0
-11.0
-5.5
-9.0
-11.5
-14.0
-151.95999999999998
-263.0
-6.0
-19.0
-17.0
-36.0
-64.0
-13.0
-14.0
-14.0
-6.0
-40.0
-198.0
-10.0
-36.0
-4.0
-2.8700000000000045
-30.0
-4.0
-34.0
-1.0
-422.0
-2.0
-32.0
-46.0
-30.0
-6.67999999999995
-17.559999999999945
-15.32000000000005
-12.0
-32.0
-20.0
-19.559999999999945
-17.559999999999945
-31.08000000000004
-116.08000000000004
-34.95999999999998
-43.56
-28.560000000000002
-22.0
-0.19499999999999318
-9.0
-14.0
-4.0
-26.0
-13.0
-27.0
-21.0
-17.0
-1.0
-26.0
-14.0
-58.0
-13.0
-18.0
-15.0
-3.0
-13.0
-17.0
-27.0
-263.0
-12.0
-39.0
-7.0
-5.805000000000007
-22.75999999999999
-17.0
-3.5
-27.5
-2.5
-8.0
-2.0
-1.0
-330.0
-18.0
-41.0
-57.0
-21.0
-5.0
-38.0
-21.0
-10.0
-1.0
-39.0
-67.0
-45.0
-13.0
-17.0
-0.19499999999999318
-6.0
-2.5
-4.5
-25.5
-19.0
-10.5
-12.0
-96.0
-65.74000000000001
-118.07999999999998
-11.079999999999984
-81.07999999999998
-121.08000000000001
-39.98000000000002
-5.079999999999984
-15.079999999999984
-55.920000000000016
-13.080000000000013
-23.919999999999987
-34.22000000000003
-8.5
-1.5
-6.5
-2.5
-7.0
-18.5
-16.5
-1.5
-21.0
-21.5
-10.0
-13.0
-5.259999999999991
-42.22000000000003
-30.439999999999998
-37.44
-52.95999999999998
-52.01999999999998
-12.560000000000002
-81.98000000000002
-6.560000000000002
-51.95999999999998
-25.560000000000002
-1.4399999999999977
-7.5
-14.5
-9.5
-5.5
-46.75999999999999
-7.0
-30.5
-1.5
-35.5
-35.5
-3.5
-103.92000000000002
-23.08000000000004
-31.91999999999996
-14.080000000000041
-16.91999999999996
-36.08000000000004
-29.08000000000004
-20.91999999999996
-7.919999999999959
-11.919999999999959
-12.080000000000041
-7.919999999999959
-0.07999999999998408
-14.920000000000016
-47.920000000000016
-4.0
-20.805000000000007
-17.75999999999999
-19.0
-5.0
-33.0
-2.0
-24.0
-18.0
-67.0
-28.0
-13.919999999999959
-3.159999999999968
-19.720000000000027
-25.279999999999973
-53.75999999999999
-12.0
-3.0
-63.0
-22.32000000000005
-66.32000000000005
-18.319999999999993
-5.0
-2.0
-2.0
-5.805000000000007
-33.75999999999999
-40.56
-20.939999999999998
-13.439999999999998
-10.439999999999998
-23.439999999999998
-46.68000000000001
-63.879999999999995
-1.8799999999999955
-25.120000000000005
-9.120000000000005
-40.120000000000005
-0.6399999999999864
-6.509999999999991
-20.120000000000005
-147.89
-189.88
-65.88
-56.889999999999986
-43.60000000000002
-15.600000000000023
-16.389999999999986
-88.60000000000002
-54.48000000000002
-36.51999999999998
-35.22000000000003
-14.939999999999998
-13.439999999999998
-10.439999999999998
-23.439999999999998
-92.88
-35.56
-29.399999999999977
-4.0
-44.0
-26.0
-23.0
-41.0
-68.0
-30.120000000000005
-13.0
-3.094999999999999
-28.0
-16.0
-8.0
-28.0
-14.0
-1.0
-15.0
-52.0
-25.0
-47.0
-6.0
-109.0
-46.0
-62.0
-69.12
-66.0
-58.0
-19.0
-8.0
-13.0
-8.0
-3.0
-21.0
-19.095
-9.0
-20.0
-5.0
-4.0
-2.0
-6.0
-33.0
-61.0
-7.0
-57.0
-71.0
-74.51999999999998
-26.519999999999982
-26.0
-13.0
-3.0
-43.0
-38.0
-77.0
-32.0
-4.0
-2.0
-10.0
-1.9050000000000011
-14.0
-21.0
-10.0
-6.0
-9.0
-20.0
-13.0
-3.0
-73.0
-37.0
-20.0
-56.11999999999989
-36.0
-24.0
-53.0
-5.0
-22.0
-6.0
-12.0
-38.0
-25.0
-112.0
-5.0
-5.090000000000003
-49.0
-14.0
-8.0
-5.0
-7.0
-19.0
-24.0
-36.0
-56.0
-65.12
-40.120000000000005
-40.0
-47.0
-33.0
-11.0
-72.0
-23.0
-66.0
-68.0
-36.0
-4.0
-19.0
-23.0
-17.61500000000001
-5.0
-20.0
-18.0
-18.0
-13.0
-34.0
-1.0
-72.0
-330.0
-24.0
-10.0
-13.0
-32.0
-32.0
-41.0
-21.0
-19.0
-12.0
-19.0
-551.0
-11.0
-2.0
-9.0
-35.08500000000001
-9.0
-43.0
-0.0
-22.0
-48.0
-35.0
-5.0
-21.0
-28.0
-38.0
-9.0
-23.0
-10.0
-28.0
-34.0
-37.0
-12.0
-23.0
-43.0
-1.0
-14.0
-6.0
-12.0
-50.08500000000001
-25.0
-15.0
-13.0
-17.0
-15.0
-26.0
-1.0
-118.0
-179.0
-72.0
-93.12
-90.63999999999999
-27.0
-60.0
-65.0
-47.08000000000004
-58.0
-83.0
-13.879999999999995
-9.0
-42.0
-59.0
-15.0
-1.615000000000009
-33.5
-1.5
-0.5
-13.5
-9.5
-25.0
-19.28
-22.279999999999973
-17.720000000000027
-27.279999999999973
-26.279999999999973
-414.28
-19.279999999999973
-40.27999999999997
-17.0
-15.120000000000005
-63.0
-50.0
-27.0
-5.0
-2.0
-45.0
-1.0
-6.860000000000014
-15.0
-24.0
-2.0
-20.0
-26.0
-47.0
-17.360000000000014
-34.0
-96.0
-25.0
-66.0
-20.120000000000005
-19.0
-34.0
-50.0
-42.08000000000004
-78.0
-254.0
-106.0
-37.0
-4.0
-6.0
-17.0
-19.545000000000016
-35.0
-28.0
-34.0
-105.0
-81.0
-2.0
-49.0
-82.0
-23.0
-70.0
-83.0
-71.0
-17.0
-93.0
-35.0
-35.0
-30.0
-15.0
-20.0
-11.0
-0.0
-1.0
-27.0
-34.08500000000001
-1.0
-2.0
-31.0
-9.0
-60.0
-84.0
-21.0
-6.0
-48.0
-27.0
-20.0
-70.0
-31.0
-25.0
-22.0
-26.0
-7.0
-28.5
-14.0
-11.0
-18.0
-37.0
-11.0
-7.085000000000008
-7.0
-9.0
-28.0
-13.0
-7.0
-49.0
-12.0
-2.0
-11.0
-13.0
-19.0
-10.0
-9.0
-3.0
-2.0
-1.0
-22.0
-19.0
-2.0
-11.0
-12.0
-6.0
-13.0
-34.08500000000001
-3.0
-7.0
-14.0
-18.0
-25.0
-20.0
-0.0
-206.0
-52.0
-34.0
-39.0
-121.0
-2.0
-44.0
-2.0
-17.0
-24.0
-231.0
-111.0
-80.0
-42.0
-24.0
-463.0
-5.545000000000016
-5.5
-13.0
-21.0
-20.0
-16.0
-3.0
-2.0
-67.0
-25.0
-44.0
-48.0
-120.0
-57.24000000000001
-121.0
-24.0
-0.0
-48.0
-36.120000000000005
-76.0
-57.0
-72.88
-127.0
-67.0
-14.230000000000018
-24.5
-15.0
-14.0
-39.0
-28.0
-12.0
-5.0
-84.04000000000002
-44.960000000000036
-3.0
-84.0
-130.0
-23.0
-17.0
-3.0
-62.0
-36.0
-43.0
-61.120000000000005
-23.0
-99.0
-7.0
-44.0
-9.72999999999999
-35.5
-1.0
-5.0
-26.0
-15.0
-19.0
-46.0
-18.0
-14.0
-35.0
-53.0
-118.0
-29.0
-2.0
-43.0
-69.0
-46.960000000000036
-280.84000000000003
-12.159999999999968
-40.48000000000002
-15.0
-12.0
-7.0
-5.240000000000009
-19.5
-6.0
-11.0
-14.0
-12.0
-20.0
-9.0
-3.920000000000016
-29.0
-20.0
-43.120000000000005
-103.27999999999997
-29.279999999999973
-10.720000000000027
-57.27999999999997
-28.0
-23.0
-62.120000000000005
-43.0
-57.0
-23.0
-6.0
-3.0
-4.25
-9.5
-8.0
-5.0
-683.0
-15.0
-20.0
-7.0
-196.0
-61.0
-10.0
-29.0
-11.0
-35.0
-53.0
-31.0
-20.0
-4.0
-40.0
-64.0
-5.0
-13.0
-21.0
-12.0
-1.884999999999991
-9.0
-11.0
-3.0
-7.0
-3.5
-2.0
-1.0
-25.5
-6.0
-8.0
-7.0
-20.0
-29.0
-46.0
-1.0
-16.0
-16.0
-13.0
-5.0
-22.0
-5.0
-561.0
-8.0
-37.08500000000001
-7.0
-5.0
-10.0
-9.0
-2.0
-15.0
-17.0
-5.0
-5.0
-28.0
-25.0
-32.0
-37.0
-46.0
-42.0
-61.0
-29.0
-61.0
-46.0
-36.0
-60.5
-1.0
-7.0
-31.085000000000008
-19.0
-9.0
-9.0
-13.0
-11.0
-21.0
-14.0
-203.56
-18.440000000000055
-267.0
-17.0
-39.120000000000005
-122.0
-45.0
-38.0
-54.0
-65.0
-38.0
-6.0
-42.0
-24.0
-24.0
-8.0
-1.884999999999991
-15.0
-36.0
-33.0
-27.0
-5.0
-39.0
-8.0
-32.0
-40.0
-17.0
-51.0
-47.120000000000005
-37.0
-64.0
-5.0
-36.0
-42.0
-58.0
-21.0
-26.0
-62.0
-16.0
-2.0
-78.88499999999999
-6.5
-0.0
-17.0
-5.0
-4.0
-26.0
-21.0
-30.0
-63.0
-477.0
-16.0
-69.0
-7.0
-36.32000000000005
-53.67999999999995
-6.600000000000023
-29.440000000000055
-33.559999999999945
-78.44
-47.079999999999984
-19.80000000000001
-20.079999999999984
-16.5
-14.115000000000009
-6.5
-3.0
-0.5
-31.0
-16.0
-5.5
-6.0
-18.160000000000025
-34.15999999999997
-26.91999999999996
-63.0
-29.91999999999996
-1.919999999999959
-56.84000000000003
-68.96000000000004
-11.759999999999991
-43.75999999999999
-5.240000000000009
-8.120000000000005
-55.24000000000001
-13.360000000000014
-36.04000000000002
-19.0
-14.115000000000009
-25.5
-4.5
-0.5
-41.0
-10.0
-20.0
-662.0
-13.0
-306.0
-25.0
-82.0
-4.0
-13.0
-11.0
-72.0
-10.0
-16.0
-19.0
-108.0
-14.0
-42.0
-27.0
-6.0
-11.884999999999991
-29.5
-10.0
-7.0
-19.0
-0.0
-20.0
-12.0
-4.0
-22.0
-73.0
-34.0
-1.0
-3.0
-30.0
-49.0
-16.0
-5.5
-18.0
-13.0
-3.0
-16.0
-14.0
-18.0
-37.08500000000001
-10.5
-9.0
-18.0
-22.0
-0.0
-2.0
-18.0
-25.0
-6.0
-55.72
-12.5
-46.72000000000003
-13.720000000000027
-23.28
-13.720000000000027
-28.28
-10.5
-4.0
-13.0
-8.5
-8.5
-2.5
-1.0
-13.085000000000008
-40.5
-11.5
-2.0
-8.0
-21.0
-52.28
-75.27999999999997
-111.27999999999997
-5.720000000000027
-19.720000000000027
-2.7200000000000273
-66.27999999999997
-22.879999999999995
-63.0
-15.0
-24.0
-37.0
-10.0
-56.0
-21.680000000000007
-21.80000000000001
-24.680000000000007
-14.0
-3.0200000000000102
-6.5
-6.0
-9.0
-13.5
-12.0
-13.0
-39.0
-1.0
-36.0
-123.0
-23.0
-10.0
-2.0
-44.0
-35.0
-56.0
-111.0
-2.0
-57.0
-21.0
-12.0
-13.0
-13.0
-12.544999999999987
-25.5
-26.0
-23.0
-14.0
-12.5
-19.5
-17.5
-23.0
-19.0
-147.0
-15.0
-31.0
-4.8799999999999955
-26.0
-17.0
-30.0
-130.12
-9.0
-13.0
-18.0
-8.0
-18.0
-13.0
-2.930000000000007
-4.0
-16.0
-16.0
-4.0
-19.0
-4.0
-11.0
-8.0
-16.0
-10.0
-440.0
-125.0
-31.0
-31.0
-0.0
-133.0
-3.0
-10.0
-122.08000000000004
-42.0
-54.0
-20.0
-6.0
-7.02000000000001
-17.0
-6.0
-37.0
-3.0
-14.5
-46.0
-22.0
-18.0
-29.0
-28.0
-14.080000000000041
-18.0
-26.0
-63.0
-94.0
-5.1200000000000045
-49.0
-98.0
-9.0
-26.0
-22.0
-40.0
-20.0
-1.0699999999999932
-29.5
-1.0
-11.0
-1.0
-14.0
-17.0
-1.0
-124.0
-10.0
-25.0
-27.0
-2.0
-41.0
-11.160000000000025
-71.16000000000003
-16.319999999999993
-25.5
-7.0
-17.0
-2.5
-8.5
-2.5
-13.0
-37.08500000000001
-8.5
-6.0
-4.5
-0.0
-262.0
-166.0
-25.0
-6.0
-41.0
-9.0
-15.0
-39.0
-21.0
-51.0
-10.419999999999987
-31.160000000000025
-93.5
-1.0
-11.0
-3.5
-67.5
-61.0
-57.0
-597.085
-77.0
-62.0
-61.0
-90.0
-70.0
-67.0
-81.0
-191.12
-248.96000000000004
-4.039999999999964
-38.0
-39.0
-36.0
-43.0
-28.0
-498.52
-26.480000000000018
-49.0
-13.0
-78.0
-5.0
-35.0
-12.0
-3.1399999999999864
-20.0
-1.0
-30.0
-4.0
-24.0
-31.0
-56.0
-27.0
-48.0
-83.88
-53.0
-71.0
-37.0
-10.0
-16.0
-25.0
-9.0
-381.0
-0.12000000000000455
-25.0
-21.0
-64.0
-12.0
-8.139999999999986
-29.0
-0.0
-8.0
-12.0
-5.0
-3.0
-423.0
-23.0
-100.0
-19.120000000000005
-2.0
-22.0
-66.0
-11.0
-73.88
-149.0
-206.0
-10.0
-77.0
-20.0
-31.0
-36.0
-21.0
-6.865000000000009
-24.0
-13.0
-10.0
-10.0
-12.0
-62.0
-75.0
-18.0
-13.0
-7.0
-15.0
-579.0
-74.0
-63.0
-125.0
-15.0
-3.0
-4.0
-4.0
-9.0
-12.0
-31.0
-5.0
-19.085000000000008
-10.0
-41.0
-24.0
-23.0
-16.0
-10.0
-41.0
-11.0
-20.0
-17.0
-33.0
-12.0
-2.0
-4.0
-20.0
-6.0
-18.0
-7.0
-2.0
-27.0
-18.0
-15.0
-28.0
-31.085000000000008
-1.0
-15.0
-20.0
-2.0
-27.0
-20.0
-31.0
-49.0
-8.0
-20.0
-43.0
-61.0
-21.0
-61.0
-44.0
-3.0
-36.0
-66.0
-12.0
-43.0
-9.0
-11.0
-36.0
-50.08500000000001
-37.5
-33.0
-46.0
-2.0
-18.0
-41.0
-38.0
-23.0
-21.0
-12.0
-20.0
-24.0
-17.0
-53.0
-26.0
-34.0
-12.0
-14.0
-14.0
-22.0
-53.0
-14.0
-27.0
-13.085000000000008
-2.0
-18.0
-27.0
-32.0
-12.0
-30.47999999999999
-11.5
-6.0
-35.0
-114.0
-172.0
-154.0
-28.0
-28.0
-12.0
-6.0
-64.11000000000001
-25.0
-24.0
-21.0
-31.0
-18.0
-21.0
-19.0
-13.0
-222.0
-240.08000000000004
-75.91999999999996
-15.0
-104.0
-72.0
-71.0
-23.0
-46.0
-100.0
-26.0
-64.0
-38.0
-18.0
-7.0
-80.11000000000001
-16.0
-9.0
-32.0
-8.0
-14.0
-439.0
-20.0
-31.0
-245.0
-114.0
-67.0
-15.0
-56.0
-274.55999999999995
-256.55999999999995
-235.0
-236.0
-129.0
-107.0
-28.0
-5.0
-0.0
-31.0
-52.110000000000014
-11.0
-18.0
-34.0
-16.0
-40.0
-25.0
-45.0
-72.0
-29.0
-14.0
-3.0
-11.0
-56.0
-6.0
-3.0
-41.0
-17.0
-42.0
-38.0
-56.0
-14.0
-38.0
-34.0
-14.120000000000005
-25.0
-37.0
-18.0
-30.0
-34.0
-91.0
-13.0
-61.0
-65.0
-58.0
-64.0
-37.0
-22.0
-41.0
-14.0
-23.0
-8.0
-12.0
-32.0
-91.0
-78.0
-46.0
-33.0
-39.120000000000005
-51.0
-33.0
-48.0
-44.0
-44.0
-50.0
-24.0
-54.0
-167.0
-133.03999999999996
-147.96000000000004
-123.0
-98.0
-29.0
-153.0
-54.0
-54.0
-142.0
-33.0
-46.0
-368.0
-70.0
-58.0
-4.0
-153.0
-44.0
-12.0
-14.0
-26.0
-28.0
-31.0
-42.0
-24.0
-27.0
-22.0
-6.0
-1.0
-3.0
-29.0
-6.0
-48.59
-29.0
-3.0
-289.0
-28.0
-42.0
-16.0
-22.0
-29.0
-4.0
-14.0
-36.0
-26.0
-12.0
-6.0
-17.0
-22.0
-20.0
-2.0
-419.0
-1.0
-12.0
-13.0
-26.0
-32.59
-10.0
-16.0
-3.0
-1.0
-31.0
-26.0
-48.0
-136.0
-21.0
-16.0
-18.0
-10.0
-25.91999999999996
-17.0
-6.0
-13.0
-4.0
-9.879999999999995
-96.0
-93.0
-188.0
-22.0
-2.0
-2.664999999999992
-8.0
-15.0
-14.0
-23.0
-3.0
-23.0
-19.0
-35.0
-5.0
-35.0
-23.0
-26.0
-28.0
-2.080000000000041
-13.0
-20.0
-14.0
-1.0
-77.0
-123.0
-54.0
-5.0
-12.0
-12.664999999999992
-36.5
-22.0
-32.0
-33.0
-28.0
-25.0
-23.0
-4.0
-1.8799999999999955
-60.0
-20.0
-2.0
-18.0
-34.879999999999995
-29.0
-11.0
-28.0
-10.0
-80.0
-42.0
-23.0
-26.0
-1.0
-6.810000000000002
-3.0
-17.0
-18.0
-4.0
-0.0
-30.0
-51.0
-40.0
-31.0
-11.0
-31.0
-39.0
-20.0
-38.0
-6.8799999999999955
-22.0
-0.0
-17.0
-33.0
-18.0
-8.199999999999989
-39.0
-19.0
-4.125
-15.0
-185.0
-26.0
-3.0
-5.0
-5.0
-5.0
-5.0
-52.0
-22.0
-36.0
-48.0
-46.0
-49.0
-16.0
-3.0
-17.0
-18.0
-66.0
-78.0
-42.120000000000005
-25.0
-17.0
-0.060000000000002274
-12.0
-7.0
-12.0
-18.0
-1.0
-15.0
-6.0
-96.0
-209.0
-166.0
-36.0
-32.0
-6.0
-55.0
-44.0
-61.0
-53.120000000000005
-18.0
-14.0
-21.0
-24.0
-6.0
-7.0
-19.590000000000003
-0.0
-9.0
-22.0
-14.0
-599.0
-11.0
-62.0
-48.0
-4.0
-40.0
-33.0
-60.0
-23.0
-1.0
-14.0
-1.0
-3.0
-7.0
-3.0
-5.0
-8.0
-24.0
-5.0
-32.59
-9.0
-0.0
-10.0
-4.0
-11.0
-43.0
-21.0
-195.0
-27.0
-16.0
-19.0
-90.0
-18.0
-26.0
-19.0
-56.0
-42.0
-0.8799999999999955
-4.0
-8.0
-26.0
-17.0
-9.0
-12.090000000000003
-1.0
-14.0
-19.0
-52.0
-43.0
-2.0
-36.0
-32.0
-55.0
-38.0
-14.879999999999995
-64.0
-44.120000000000005
-54.0
-68.0
-39.0
-15.0
-18.0
-33.0
-31.0
-6.0
-17.0
-16.0
-10.430000000000007
-3.0
-19.0
-8.0
-0.0
-8.0
-4.0
-25.0
-5.0
-39.0
-1.0
-11.0
-8.0
-42.0
-738.0
-6.0
-7.0
-15.0
-24.0
-4.0
-21.0
-28.0
-8.0
-4.0
-7.050000000000011
-1.0
-9.0
-15.0
-16.0
-8.0
-1.0
-23.0
-17.0
-451.0
-20.120000000000005
-30.0
-22.0
-34.0
-25.0
-0.0
-4.0
-7.0
-19.879999999999995
-95.0
-50.0
-8.0
-21.0
-44.0
-3.0800000000000125
-293.0
-13.0
-0.0
-21.0
-403.0
-6.0
-14.0
-17.0
-3.0
-30.879999999999995
-29.0
-80.0
-37.0
-28.0
-5.0
-15.0
-10.0
-34.0
-11.0
-49.0
-29.0
-15.0
-45.0
-16.409999999999997
-20.0
-20.0
-6.0
-25.0
-34.0
-3.0
-23.0
-23.0
-2.0
-55.0
-73.0
-32.0
-2.0
-8.0
-6.0
-25.0
-7.1200000000000045
-39.0
-15.0
-35.0
-16.0
-10.0
-7.0
-38.59
-16.0
-3.0
-603.5
-1.5
-42.0
-4.5
-22.0
-6.0
-56.06
-64.36000000000001
-13.199999999999989
-18.480000000000018
-15.519999999999982
-32.51999999999998
-10.480000000000018
-20.480000000000018
-6.480000000000018
-16.0
-45.0
-13.0
-13.0
-17.0
-15.0
-19.590000000000003
-23.0
-14.0
-13.0
-6.0
-26.0
-14.0
-0.0
-146.0
-17.0
-31.0
-14.0
-93.0
-13.080000000000041
-8.0
-2.0
-16.0
-11.0
-18.0
-49.0
-56.0
-22.0
-73.0
-49.0
-7.590000000000003
-25.0
-8.0
-1.0
-10.0
-10.0
-3.0
-9.0
-148.0
-3.0
-47.0
-4.919999999999959
-13.0
-25.0
-21.0
-637.0
-34.0
-30.0
-5.0
-34.879999999999995
-245.0
-26.0
-30.0
-23.0
-18.409999999999997
-1.0
-1.0
-17.0
-8.0
-5.0
-7.0
-4.0
-33.0
-13.0
-46.0
-49.0
-13.0
-82.0
-40.0
-2.0
-11.0
-9.0
-12.0
-60.200000000000045
-45.0
-41.0
-34.0
-12.0
-7.590000000000003
-16.0
-7.0
-9.0
-28.0
-131.0
-19.0
-22.0
-59.0
-0.0
-18.0
-10.0
-19.0
-2.0
-50.0
-31.0
-415.0
-15.0
-9.0
-3.0
-3.0
-35.0
-17.0
-16.0
-7.409999999999997
-18.0
-13.0
-3.0
-26.0
-4.0
-19.0
-52.0
-24.0
-10.0
-40.120000000000005
-55.120000000000005
-1.0
-45.0
-58.0
-7.0
-3.0
-32.0
-38.0
-89.0
-73.0
-101.0
-26.0
-5.0
-7.590000000000003
-5.0
-3.0
-18.0
-26.0
-4.0
-2.0
-6.0
-131.0
-59.879999999999995
-66.0
-24.0
-71.0
-23.480000000000018
-12.240000000000009
-7.0
-42.0
-15.0
-9.0
-14.0
-39.0
-20.0
-5.0
-17.0
-32.59
-10.0
-23.0
-22.0
-14.0
-72.0
-45.0
-68.0
-8.0
-0.0
-19.0
-22.0
-39.0
-9.0
-31.960000000000008
-44.04000000000002
-27.0
-407.0
-23.0
-23.0
-10.0
-19.0
-5.0
-5.0
-14.590000000000003
-12.0
-5.0
-8.0
-2.0
-10.0
-20.0
-5.0
-153.0
-31.0
-56.0
-54.0
-12.0
-59.0
-39.0
-37.0
-90.12
-61.0
-46.0
-188.0
-105.0
-24.0
-75.0
-15.0
-7.590000000000003
-5.0
-17.0
-19.0
-626.0
-5.0
-19.0
-27.0
-48.0
-19.0
-13.0
-23.0
-14.0
-10.120000000000005
-34.0
-7.0
-33.0
-7.0
-55.0
-13.120000000000005
-10.0
-4.0
-14.0
-0.0
-7.590000000000003
-163.0
-13.0
-37.0
-6.0
-31.0
-2.0
-7.0
-49.0
-28.0
-38.0
-18.0
-15.0
-9.039999999999964
-84.03999999999996
-4.0
-8.0
-17.0
-8.0
-105.0
-47.0
-170.0
-17.0
-28.0
-2.4099999999999966
-13.0
-12.0
-10.0
-1.0
-5.0
-52.0
-6.0
-70.0
-52.0
-25.0
-51.0
-29.0
-9.0
-50.120000000000005
-36.0
-25.0
-42.120000000000005
-0.0
-107.88
-65.0
-79.0
-2.0
-5.0
-2.4099999999999966
-4.0
-28.0
-33.0
-17.0
-5.0
-27.0
-35.0
-130.0
-73.0
-38.0
-88.0
-7.0
-45.0
-6.0
-19.0
-9.080000000000041
-21.879999999999995
-59.0
-3.0
-43.879999999999995
-17.0
-36.0
-20.0
-18.409999999999997
-6.0
-7.0
-35.0
-15.0
-8.0
-5.0
-10.0
-106.0
-16.0
-30.0
-15.0
-42.0
-9.0
-15.0
-28.0
-28.0
-38.0
-24.0
-23.0
-20.0
-34.0
-15.0
-19.0
-56.59
-6.0
-0.0
-10.0
-7.0
-16.0
-543.0
-28.0
-24.0
-12.0
-1.0
-36.0
-46.0
-3.0
-6.0
-10.0
-0.0
-2.0
-17.0
-6.5
-9.0
-21.0
-8.0
-0.0
-35.59
-11.0
-45.0
-40.0
-39.0
-34.0
-26.0
-8.0
-14.0
-5.0
-10.0
-25.0
-17.039999999999992
-2.0
-12.0
-3.0
-11.0
-1.0
-13.0
-9.5
-42.0
-4.0
-16.0
-2.0
-38.59
-2.0
-18.0
-25.0
-39.0
-24.0
-22.0
-28.0
-157.0
-51.0
-47.0
-6.0
-60.0
-49.0
-52.0
-18.0
-20.0
-13.080000000000041
-16.0
-98.0
-9.0
-2.0
-24.0
-0.0
-7.590000000000003
-263.0
-2.0
-1.0
-7.0
-3.0
-7.0
-21.0
-10.0
-76.84000000000003
-39.039999999999964
-13.159999999999968
-8.840000000000032
-17.159999999999968
-5.159999999999968
-14.279999999999973
-36.360000000000014
-59.639999999999986
-15.360000000000014
-26.639999999999986
-40.639999999999986
-16.360000000000014
-4.639999999999986
-32.0
-2.4099999999999966
-2.0
-13.0
-8.0
-9.5
-0.5
-20.0
-21.0
-6.0
-8.0
-48.0
-32.0
-62.0
-45.0
-25.0
-28.0
-38.0
-88.0
-18.0
-26.0
-16.0
-15.0
-25.0
-6.0
-7.590000000000003
-3.0
-1.0
-40.0
-14.0
-0.0
-20.0
-645.0
-6.0
-21.879999999999995
-30.879999999999995
-20.91999999999996
-4.8799999999999955
-43.120000000000005
-23.120000000000005
-9.440000000000055
-2.5599999999999454
-50.0
-37.0
-64.0
-2.0
-62.0
-49.0
-48.0
-18.409999999999997
-29.0
-12.0
-30.0
-48.0
-32.0
-40.0
-99.0
-198.0
-463.0
-5.0
-4.0
-11.0
-5.0
-33.0
-38.0
-37.0
-6.0
-3.960000000000008
-35.5
-42.0
-1.0
-43.0
-1.0
-26.120000000000005
-2.0
-11.0
-3.0
-4.0
-18.0
-162.0
-92.0
-56.0
-15.0
-39.0
-70.0
-34.0
-32.0
-4.0
-0.0
-50.0
-15.0
-23.0
-9.0
-9.0
-26.0
-16.0
-8.0
-13.085000000000008
-19.0
-27.0
-13.0
-6.0
-15.0
-21.0
-28.0
-14.0
-35.120000000000005
-54.15999999999997
-3.840000000000032
-22.279999999999973
-44.84000000000003
-13.159999999999968
-3.840000000000032
-17.0
-0.0
-19.0
-39.0
-133.0
-44.0
-34.0
-50.0
-22.899999999999977
-3.0
-11.0
-29.0
-16.0
-1.0
-11.0
-27.0
-38.0
-20.0
-20.120000000000005
-28.110000000000014
-62.0
-14.0
-21.0
-48.0
-31.0
-28.0
-14.0
-49.0
-78.0
-31.0
-63.120000000000005
-24.0
-1.8100000000000023
-11.0
-1.0
-8.0
-9.0
-17.0
-6.0
-51.0
-13.0
-65.0
-751.0
-3.0
-8.0
-40.0
-39.0
-17.0
-40.0
-43.0
-64.0
-61.0
-51.0
-20.0
-80.0
-26.0
-1.8100000000000023
-13.0
-1.5
-2.5
-10.0
-1.0
-9.0
-10.0
-97.0
-28.120000000000005
-46.0
-2.0
-23.0
-70.0
-51.0
-17.91999999999996
-18.0
-7.0
-10.0
-27.0
-40.0
-43.0
-58.0
-5.0
-7.280000000000001
-48.0
-48.0
-8.0
-40.0
-5.0
-14.0
-26.0
-9.0
-1.0
-123.0
-78.0
-45.0
-19.0
-7.0
-39.0
-31.120000000000005
-19.0
-38.0
-58.0
-71.0
-13.0
-4.0
-51.0
-32.0
-35.0
-11.0
-18.0
-13.0
-45.0
-8.0
-28.0
-54.0
-2.0
-13.0
-3.0
-10.0
-16.0
-2.5
-3.0
-20.0
-22.05000000000001
-15.0
-26.0
-10.0
-18.0
-28.0
-48.0
-10.0
-128.0
-1.0
-34.0
-41.0
-19.0
-68.0
-29.0
-44.0
-12.0
-1.0
-19.200000000000045
-35.0
-81.0
-45.0
-12.0
-12.0
-4.134999999999991
-6.0
-5.0
-6.0
-14.0
-0.0
-39.0
-33.0
-81.0
-78.0
-103.0
-31.91999999999996
-156.0
-26.0
-17.0
-4.0
-49.0
-10.0
-46.0
-42.0
-44.0
-26.0
-17.0
-8.0
-1.865000000000009
-17.0
-8.0
-5.0
-14.0
-10.0
-39.0
-36.0
-5.0
-87.0
-50.0
-49.0
-11.879999999999995
-48.0
-65.91999999999996
-31.0
-19.0
-29.0
-22.0
-29.0
-41.0
-1.0
-24.0
-30.0
-4.134999999999991
-19.0
-26.0
-8.0
-9.0
-22.0
-27.0
-18.0
-91.0
-54.0
-14.0
-16.0
-37.0
-17.0
-44.0
-5.0
-42.0
-3.0
-22.0
-11.0
-13.0
-7.0
-2.0
-22.0
-5.5
-3.0
-18.0
-3.0
-8.0
-0.0
-12.0
-12.0
-127.0
-40.0
-6.0
-95.0
-30.0
-61.0
-15.0
-16.0
-5.1200000000000045
-5.0
-8.0
-100.0
-16.0
-5.0
-28.0
-1.0
-4.134999999999991
-31.0
-12.0
-2.0
-14.0
-33.0
-24.5
-17.0
-0.0
-15.0
-54.0
-37.0
-17.0
-522.0
-9.0
-6.0
-8.0
-26.0
-21.0
-6.0
-18.0
-6.0
-13.0
-39.0
-4.134999999999991
-11.0
-21.0
-8.0
-8.0
-12.0
-24.0
-29.0
-16.0
-6.0
-5.8799999999999955
-1.0
-80.0
-49.0
-41.0
-28.0
-29.0
-5.0
-32.0
-42.0
-38.879999999999995
-26.0
-4.0
-19.0
-5.8700000000000045
-27.0
-2.0
-0.0
-16.0
-11.0
-2.0
-8.0
-29.0
-6.0
-18.0
-22.0
-43.0
-11.0
-4.0
-2.0
-21.0
-34.0
-43.120000000000005
-62.0
-61.0
-54.0
-29.0
-39.0
-0.10500000000001819
-34.0
-1.0
-10.0
-199.0
-15.0
-10.0
-8.0
-17.0
-1.0
-87.0
-39.0
-56.0
-39.0
-77.0
-34.0
-88.0
-67.0
-22.0
-53.0
-92.0
-5.0
-38.120000000000005
-23.0
-5.894999999999982
-28.0
-4.0
-25.0
-14.0
-2.0
-28.0
-23.0
-129.0
-13.0
-28.0
-3.0
-87.0
-37.0
-25.0
-18.0
-36.0
-31.0
-62.0
-0.0
-20.0
-1.0
-22.0
-20.0
-10.5
-33.0
-5.0
-13.0
-7.0
-2.0
-1.0
-7.0
-4.0
-3.0
-65.0
-29.0
-17.0
-30.0
-10.0
-2.0
-45.0
-32.0
-28.0
-19.0
-14.0
-16.0
-8.0
-34.0
-26.5
-3.0
-34.0
-24.0
-5.0
-27.0
-10.0
-53.0
-116.0
-41.0
-47.0
-6.0
-12.0
-58.879999999999995
-2.0
-6.0
-24.0
-42.0
-10.0
-3.0
-7.0
-13.0
-67.0
-10.0
-4.105000000000018
-6.0
-35.0
-53.0
-3.5
-656.0
-8.0
-10.0
-38.0
-28.0
-9.0
-16.0
-51.0
-10.0
-28.0
-12.0
-23.0
-18.91999999999996
-54.0
-11.0
-45.0
-5.0
-40.0
-0.0
-0.0800000000000125
-15.0
-18.0
-6.0
-0.0
-1.0
-2.0
-24.0
-63.0
-3.0
-32.0
-16.0
-43.08000000000004
-33.0
-11.0
-36.0
-18.0
-8.0
-44.0
-31.0
-100.0
-36.0
-14.0
-3.0
-0.39500000000001023
-27.0
-18.0
-4.0
-9.0
-2.0
-9.0
-11.0
-57.0
-2.0
-35.0
-9.0
-18.0
-18.0
-10.0
-74.0
-42.0
-6.0
-12.0
-75.0
-24.0
-63.0
-19.0
-12.0
-15.129999999999995
-14.0
-13.0
-10.0
-22.0
-11.0
-1.0
-12.0
-5.0
-26.0
-44.0
-5.0
-10.0
-40.879999999999995
-7.0
-11.0
-12.0
-15.0
-18.0
-35.0
-56.0
-14.0
-46.0
-22.0
-542.135
-1.0
-33.0
-4.0
-18.0
-8.0
-9.0
-15.0
-206.0
-27.0
-6.0
-7.0
-17.0
-9.0
-11.0
-20.0
-19.0
-29.0
-16.0
-12.0
-13.0
-10.0
-3.0
-17.0
-26.5
-20.0
-3.0
-14.120000000000005
-16.0
-25.0
-49.5
-1.5
-4.0
-25.0
-54.0
-21.0
-251.74
-13.5
-12.5
-22.0
-21.0
-25.0
-9.0
-20.0
-28.0
-18.0
-5.0
-736.0
-18.5
-2.0
-22.0
-14.0
-4.0
-8.0
-32.0
-38.0
-91.0
-28.0
-32.0
-66.0
-7.0
-7.0
-43.0
-1.0
-11.0
-9.0
-5.1200000000000045
-83.0
-3.0
-68.12
-47.0
-1.0
-0.1349999999999909
-12.5
-1.0
-16.0
-33.0
-4.0
-14.0
-36.0
-40.0
-42.0
-6.0
-17.0
-63.0
-21.0
-24.0
-19.0
-1.0
-12.0
-50.0
-39.0
-21.0
-12.0
-30.0
-18.0
-1.1399999999999864
-32.0
-41.0
-336.0
-32.0
-56.0
-47.0
-11.0
-20.120000000000005
-38.0
-58.0
-18.0
-70.0
-62.0
-10.0
-0.0
-15.0
-19.0
-36.0
-36.120000000000005
-1.0
-148.0
-94.0
-21.0
-5.050000000000011
-19.0
-29.0
-20.0
-22.0
-30.0
-13.0
-44.0
-32.360000000000014
-15.480000000000018
-26.0
-4.0
-22.67999999999995
-5.67999999999995
-40.32000000000005
-18.0
-28.0
-14.0
-1.0
-22.0
-36.0
-97.0
-41.0
-15.120000000000005
-15.884999999999991
-55.51999999999998
-17.0
-8.0
-31.0
-0.0
-10.0
-50.0
-51.0
-1.0
-43.91999999999996
-2.0
-74.89999999999998
-11.0
-17.0
-18.120000000000005
-19.0
-46.0
-52.0
-6.0
-27.0
-0.0
-14.0
-17.0
-9.884999999999991
-1.0
-11.0
-32.0
-4.0
-4.0
-26.0
-31.0
-121.0
-11.0
-3.0
-82.0
-0.4800000000000182
-9.5
-17.0
-1.0
-7.0
-14.0
-19.0
-14.5
-14.0
-5.0
-10.5
-20.0
-10.5
-21.0
-0.5
-34.5
-19.0
-19.5
-35.5
-5.5
-6.0
-24.0
-565.0
-21.0
-16.25999999999999
-17.5
-28.5
-4.0
-52.0
-43.5
-11.0
-95.5
-5.5
-29.5
-23.5
-14.0
-23.5
-4.0
-6.0
-7.0
-11.0
-16.0
-12.0
-20.0
-89.0
-34.0
-16.0
-34.0
-52.0
-76.0
-26.0
-28.879999999999995
-14.0
-26.0
-0.0
-32.0
-29.0
-32.0
-9.0
-13.0
-15.884999999999991
-3.0
-26.0
-8.0
-21.0
-14.0
-16.0
-5.0
-13.0
-4.0
-49.0
-9.0
-8.0
-22.0
-35.0
-26.0
-39.0
-6.8799999999999955
-10.0
-23.0
-53.0
-33.0
-8.0
-19.0
-0.1150000000000091
-23.0
-29.0
-13.0
-3.0
-28.0
-16.0
-71.0
-45.0
-45.0
-7.0
-32.0
-9.0
-4.0
-35.0
-32.0
-22.0
-0.0
-47.08000000000004
-60.51999999999998
-3.480000000000018
-56.0
-0.0
-9.0
-26.180000000000007
-34.0
-6.0
-9.0
-7.0
-7.0
-17.0
-14.0
-95.0
-29.0
-31.0
-44.0
-39.0
-29.0
-26.0
-20.0
-31.0
-14.120000000000005
-46.0
-10.0
-29.0
-13.0
-25.0
-2.0
-2.319999999999993
-4.0
-8.0
-16.0
-11.0
-3.0
-3.0
-18.0
-23.0
-19.0
-0.0
-17.0
-18.0
-2.0
-12.0
-3.0
-18.0
-8.0
-10.0
-255.0
-7.0
-15.0
-52.0
-27.0
-8.319999999999993
-7.0
-8.0
-6.0
-2.0
-23.0
-8.0
-14.0
-61.0
-3.0
-60.0
-7.0
-7.0
-16.0
-13.0
-23.0
-70.0
-44.0
-25.0
-28.0
-5.0
-12.0
-34.0
-22.0
-2.5
-16.0
-23.5
-19.5
-7.0
-24.0
-25.0
-24.0
-3.0
-32.0
-12.0
-7.0
-55.0
-9.0
-146.0
-66.0
-80.0
-62.0
-40.0
-9.0
-5.0
-13.0
-15.0
-34.0
-20.5
-21.0
-20.0
-11.0
-24.0
-12.0
-0.0
-2.0
-99.0
-228.12
-49.0
-11.0
-12.0
-54.0
-6.0
-22.0
-5.0
-10.919999999999959
-8.0
-42.0
-81.0
-36.0
-32.0
-4.0
-16.180000000000007
-11.0
-13.0
-18.0
-10.0
-24.0
-19.0
-3.0
-2.0
-53.0
-249.0
-4.0
-24.0
-53.0
-5.0
-31.0
-43.0
-11.0
-6.0
-78.0
-46.0
-16.0
-46.0
-12.0
-8.680000000000007
-5.0
-20.0
-4.0
-6.0
-10.0
-3.0
-9.0
-26.120000000000005
-28.0
-19.0
-4.0
-2.0
-75.0
-16.0
-23.0
-4.0
-9.0
-27.0
-4.0
-0.0
-42.0
-37.0
-3.0
-2.680000000000007
-5.0
-16.0
-4.0
-10.0
-9.0
-5.0
-5.0
-156.0
-26.0
-25.0
-20.08000000000004
-27.0
-29.879999999999995
-16.0
-31.0
-16.0
-15.0
-3.0
-55.0
-17.0
-74.0
-14.0
-11.0
-8.680000000000007
-14.0
-27.0
-14.0
-11.0
-6.0
-18.0
-70.0
-31.0
-21.0
-2.0399999999999636
-12.039999999999964
-39.0
-58.0
-22.0
-19.0
-19.0
-19.0
-4.0
-6.0
-16.0
-6.0
-39.0
-6.0
-2.680000000000007
-9.0
-1.0
-10.0
-1.0
-3.0
-4.0
-13.0
-3.0
-24.0
-36.0
-21.0
-78.0
-21.0
-11.0
-66.0
-3.0
-29.0
-36.0
-45.0
-10.0
-14.0
-7.0
-7.0
-20.5
-25.0
-3.0
-15.0
-29.0
-67.0
-13.0
-17.0
-6.0
-33.0
-6.0
-1.0
-56.0
-25.0
-43.0
-5.0
-2.0
-6.0
-6.0
-9.0
-23.0
-14.0
-3.0
-5.0
-8.5
-25.0
-2.0
-0.0
-16.0
-19.0
-4.0
-22.0
-122.0
-24.0
-1.0
-26.0
-9.0
-33.0
-2.0
-7.0
-25.0
-10.0
-5.0
-50.0
-23.0
-14.0
-49.0
-55.0
-12.680000000000007
-1.0
-5.0
-22.0
-2.0
-19.0
-10.0
-11.0
-77.0
-34.0
-14.0
-21.0
-18.0
-4.0
-52.0
-6.0
-18.0
-41.0
-16.0
-48.0
-46.0
-104.0
-2.0
-29.0
-9.0
-12.0
-30.0
-32.0
-21.0
-12.0
-30.0
-24.0
-1.1399999999999864
-19.0
-10.0
-5.0
-480.0
-11.0
-4.0
-40.0
-20.120000000000005
-38.0
-66.0
-18.0
-35.0
-82.0
-10.0
-8.0
-12.0
-19.0
-36.0
-47.879999999999995
-1.0
-62.0
-12.0
-18.0
-1.9499999999999886
-31.0
-25.0
-4.0
-32.0
-20.0
-9.0
-25.0
-8.639999999999986
-15.480000000000018
-6.0
-36.0
-22.67999999999995
-5.67999999999995
-17.67999999999995
-7.0
-31.0
-11.0
-1.0
-22.0
-41.0
-50.0
-29.0
-15.120000000000005
-15.884999999999991
-5.519999999999982
-7.0
-3.0
-21.0
-10.0
-2.0
-19.0
-9.0
-1.0
-21.91999999999996
-2.0
-23.899999999999977
-11.0
-17.0
-17.120000000000005
-12.0
-15.0
-52.0
-6.0
-73.0
-27.0
-32.0
-62.0
-12.884999999999991
-33.0
-16.0
-32.0
-16.0
-24.0
-1.0
-9.0
-138.0
-0.0
-3.0
-33.0
-22.519999999999982
-33.5
-19.0
-23.0
-9.0
-16.0
-21.0
-14.5
-14.0
-19.0
-10.5
-4.0
-5.5
-3.0
-0.5
-9.5
-11.0
-16.5
-0.5
-5.5
-6.0
-6.0
-22.0
-7.0
-6.259999999999991
-3.5
-14.5
-4.0
-38.0
-11.5
-11.0
-6.5
-5.5
-15.5
-2.5
-20.0
-20.5
-7.0
-9.0
-4.0
-11.0
-16.0
-7.0
-20.0
-128.0
-34.0
-4.0
-36.0
-5.0
-54.0
-4.0
-28.879999999999995
-23.0
-8.0
-0.0
-32.0
-59.0
-5.0
-7.0
-13.0
-15.884999999999991
-14.0
-9.0
-29.0
-0.0
-13.0
-15.0
-32.0
-13.0
-141.0
-27.0
-9.0
-8.0
-22.0
-37.0
-26.0
-20.0
-6.8799999999999955
-10.0
-61.0
-21.0
-6.0
-10.0
-11.0
-29.88499999999999
-23.0
-39.0
-3.0
-13.0
-18.0
-29.0
-811.0
-45.0
-22.0
-7.0
-42.0
-3.0
-4.0
-36.0
-40.0
-14.0
-3.0
-27.08000000000004
-60.51999999999998
-3.480000000000018
-56.0
-18.0
-9.0
-20.819999999999993
-4.0
-0.0
-5.0
-8.0
-8.0
-7.0
-2.0
-2.0
-261.0
-31.0
-34.0
-12.0
-4.0
-2.0
-9.0
-20.0
-13.879999999999995
-26.0
-10.0
-29.0
-8.0
-25.0
-12.0
-7.680000000000007
-13.0
-20.0
-5.0
-22.0
-14.0
-37.0
-16.0
-11.0
-28.0
-20.0
-15.0
-18.0
-43.0
-83.0
-22.0
-35.0
-5.0
-10.0
-4.0
-12.0
-32.0
-40.0
-30.0
-5.319999999999993
-51.0
-20.0
-8.0
-16.0
-23.0
-13.0
-23.0
-61.0
-3.0
-2.0
-45.0
-23.0
-11.0
-18.0
-13.0
-35.0
-39.0
-274.0
-130.0
-679.0
-12.0
-0.0
-12.0
-10.5
-18.0
-10.5
-1.5
-28.0
-18.0
-17.0
-8.0
-3.0
-32.0
-67.0
-142.0
-90.0
-85.0
-100.0
-60.0
-78.0
-96.0
-118.0
-167.0
-36.0
-30.0
-15.0
-9.0
-20.5
-25.0
-17.0
-6.0
-35.0
-23.0
-9.0
-17.0
-80.0
-58.879999999999995
-49.0
-11.0
-12.0
-54.0
-6.0
-22.0
-5.0
-7.080000000000041
-8.0
-113.0
-38.0
-98.0
-30.0
-33.0
-13.180000000000007
-39.0
-13.0
-8.0
-0.0
-14.0
-3.0
-19.0
-2.0
-6.0
-7.0
-2.0
-24.0
-28.0
-27.0
-31.0
-24.0
-12.0
-6.0
-78.0
-46.0
-16.0
-34.0
-22.0
-2.680000000000007
-2.0
-25.0
-4.0
-6.0
-11.0
-2.0
-20.0
-43.120000000000005
-28.0
-19.0
-8.0
-2.0
-30.0
-16.0
-24.0
-15.0
-120.0
-27.0
-9.0
-0.0
-15.0
-19.0
-9.0
-2.680000000000007
-5.0
-11.0
-9.0
-20.0
-19.0
-0.0
-27.0
-55.0
-26.0
-5.0
-22.08000000000004
-21.0
-29.879999999999995
-16.0
-6.0
-1.0
-13.0
-54.0
-16.0
-17.0
-42.0
-8.0
-11.0
-8.680000000000007
-7.0
-33.0
-20.0
-17.0
-0.0
-35.0
-23.0
-31.0
-26.0
-2.0399999999999636
-12.039999999999964
-552.0
-13.0
-29.0
-8.0
-8.0
-19.0
-16.0
-6.0
-16.0
-6.0
-27.0
-10.0
-13.319999999999993
-9.0
-1.0
-5.0
-7.0
-3.0
-1.0
-38.0
-3.0
-24.0
-18.0
-3.0
-36.0
-3.0
-11.0
-20.0
-18.0
-29.0
-33.0
-12.0
-4.0
-14.0
-7.0
-24.0
-0.5
-10.0
-12.0
-4.0
-13.0
-48.0
-127.0
-17.0
-27.0
-0.0
-2.0
-9.0
-48.0
-15.0
-19.0
-5.0
-2.0
-6.0
-6.0
-286.0
-41.0
-32.0
-740.0
-10.0
-23.5
-28.0
-17.0
-15.0
-31.0
-9.0
-19.0
-7.0
-137.0
-24.0
-1.0
-26.0
-9.0
-33.0
-35.0
-7.0
-0.0
-8.0
-207.0
-50.0
-16.0
-41.0
-69.0
-92.0
-45.68000000000001
-42.0
-20.0
-7.0
-3.0
-22.0
-2.0
-23.0
-20.0
-34.0
-48.0
-12.0
-12.0
-39.0
-45.0
-11.0
-1.0
-44.0
-106.0
-61.0
-35.0
-18.0
-19.0
-5.0
-12.680000000000007
-12.0
-2.0
-1.0
-33.0
-18.0
-32.0
-0.0
-26.0
-32.0
-1.0
-39.0
-29.0
-44.0
-11.0
-6.0
-38.0
-17.0
-9.0
-12.0
-44.0
-46.0
-11.0
-31.0
-2.680000000000007
-19.0
-14.0
-5.0
-8.0
-349.0
-9.0
-55.0
-161.0
-14.0
-8.0
-10.0
-16.0
-16.0
-12.0
-5.0
-17.0
-37.0
-28.0
-18.0
-88.0
-16.0
-1.0
-16.0
-1.1800000000000068
-8.0
-5.0
-14.0
-8.0
-14.0
-26.0
-28.0
-12.0
-7.0
-22.0
-10.0
-32.0
-88.0
-38.0
-81.0
-110.0
-74.0
-120.0
-37.0
-29.0
-76.0
-10.079999999999984
-15.5
-1.5250000000000057
-32.0
-15.0
-15.0
-28.0
-35.0
-1.0
-37.0
-7.0
-27.0
-69.0
-12.0
-30.0
-10.0
-12.0
-13.0
-3.0
-19.120000000000005
-14.0
-21.0
-6.0
-13.0
-7.0
-25.0
-0.5
-8.0
-44.0
-6.0
-16.0
-25.0
-11.0
-11.0
-129.0
-11.0
-8.0
-19.0
-61.0
-17.0
-3.0
-12.0
-812.0
-15.0
-6.0
-21.0
-35.0
-19.0
-33.0
-6.0
-8.5
-15.0
-24.0
-37.0
-2.0
-17.0
-11.0
-15.0
-112.0
-9.0
-36.0
-32.0
-33.0
-59.0
-24.0
-530.0
-6.0
-29.0
-17.0
-4.0
-75.0
-16.0
-58.0
-15.0
-1.5250000000000057
-0.0
-21.0
-16.0
-10.5
-3.0
-4.5
-2.0
-8.04000000000002
-39.0
-26.0
-9.0
-20.0
-36.0
-68.0
-24.0
-5.0
-14.0
-45.0
-124.0
-6.0
-9.0
-24.0
-10.0
-13.870000000000005
-15.0
-16.0
-20.0
-15.0
-4.0
-9.0
-26.0
-15.0
-77.0
-532.32
-17.559999999999945
-13.32000000000005
-12.0
-5.0
-30.0
-10.559999999999945
-13.559999999999945
-31.08000000000004
-23.08000000000004
-41.95999999999998
-43.56
-28.560000000000002
-12.0
-15.805000000000007
-7.0
-22.0
-5.0
-15.0
-24.0
-16.0
-10.0
-25.0
-57.0
-14.0
-23.0
-56.0
-50.0
-18.0
-15.0
-22.0
-15.0
-3.0
-14.0
-22.0
-6.0
-33.0
-13.0
-31.805000000000007
-32.75999999999999
-19.0
-9.5
-17.5
-17.5
-7.0
-6.0
-7.0
-68.0
-30.0
-19.0
-55.0
-18.0
-5.0
-11.0
-23.0
-19.0
-52.0
-45.0
-32.0
-63.0
-5.0
-4.0
-31.805000000000007
-34.0
-10.5
-17.5
-19.5
-1.0
-7.5
-48.0
-3.0
-7.740000000000009
-22.920000000000016
-33.920000000000016
-57.920000000000016
-30.080000000000013
-35.01999999999998
-81.92000000000002
-71.92000000000002
-35.920000000000016
-0.0800000000000125
-8.080000000000013
-34.22000000000003
-8.5
-1.5
-6.5
-10.5
-6.0
-0.5
-17.5
-27.5
-8.0
-189.5
-12.0
-15.0
-38.25999999999999
-85.22000000000003
-20.439999999999998
-27.439999999999998
-42.95999999999998
-42.01999999999998
-19.439999999999998
-71.98000000000002
-6.560000000000002
-41.95999999999998
-6.439999999999998
-28.439999999999998
-8.5
-1.5
-9.5
-10.5
-36.75999999999999
-3.0
-68.5
-1.5
-26.5
-35.5
-3.5
-136.92000000000002
-23.08000000000004
-31.91999999999996
-84.08000000000004
-30.08000000000004
-26.08000000000004
-8.919999999999959
-3.919999999999959
-7.919999999999959
-19.91999999999996
-12.080000000000041
-7.919999999999959
-16.920000000000016
-125.92000000000002
-272.08
-4.0
-9.805000000000007
-32.75999999999999
-7.0
-6.0
-26.0
-15.0
-11.0
-15.0
-54.0
-19.0
-11.919999999999959
-18.840000000000032
-15.720000000000027
-25.279999999999973
-24.75999999999999
-14.0
-1.0
-17.0
-2.32000000000005
-4.67999999999995
-0.3199999999999932
-24.0
-14.0
-41.0
-0.19499999999999318
-22.75999999999999
-42.56
-14.939999999999998
-7.439999999999998
-20.439999999999998
-33.44
-4.680000000000007
-20.120000000000005
-1.8799999999999955
-35.120000000000005
-22.879999999999995
-36.120000000000005
-0.6399999999999864
-43.50999999999999
-28.120000000000005
-48.110000000000014
-6.1200000000000045
-65.88
-120.88999999999999
-36.60000000000002
-3.3999999999999773
-34.389999999999986
-38.60000000000002
-23.480000000000018
-22.519999999999982
-35.22000000000003
-0.9399999999999977
-49.56
-52.56
-28.439999999999998
-29.879999999999995
-131.56
-85.39999999999998
-80.20000000000005
-3.7999999999999545
-49.200000000000045
-90.20000000000005
-38.200000000000045
-46.200000000000045
-6.2000000000000455
-31.200000000000045
-0.7999999999999545
-116.79999999999995
-38.80000000000001
-13.800000000000011
-171.2
-48.80000000000001
-37.06999999999999
-14.280000000000001
-29.879999999999995
-40.879999999999995
-47.879999999999995
-30.879999999999995
-47.879999999999995
-27.879999999999995
-226.88
-95.12
-53.120000000000005
-85.12
-30.720000000000027
-64.72000000000003
-33.72000000000003
-69.72000000000003
-54.72000000000003
-49.120000000000005
-34.91999999999996
-8.759999999999991
-35.24000000000001
-41.24000000000001
-18.079999999999984
-23.879999999999995
-7.889999999999986
-17.0
-1.5
-9.5
-19.5
-13.0
-505.5
-15.0
-3.0
-19.519999999999982
-81.51999999999998
-102.51999999999998
-58.0
-5.0
-20.04000000000002
-23.04000000000002
-51.04000000000002
-44.04000000000002
-24.0
-30.0
-31.0
-3.0
-4.0
-42.0
-38.5
-27.0
-0.5
-7.5
-17.5
-22.0
-10.5
-9.0
-6.0
-28.75999999999999
-18.75999999999999
-46.56
-20.560000000000002
-6.439999999999998
-3.4399999999999977
-11.560000000000002
-45.56
-16.560000000000002
-2.4399999999999977
-3.0
-443.0
-11.0
-11.0
-2.5
-2.5
-73.72000000000003
-61.920000000000016
-32.95999999999998
-46.95999999999998
-29.95999999999998
-49.95999999999998
-13.95999999999998
-64.95999999999998
-74.03999999999996
-11.039999999999964
-40.039999999999964
-70.03999999999996
-90.03999999999996
-14.039999999999964
-38.039999999999964
-320.96000000000004
-91.03999999999996
-6.960000000000036
-66.96000000000004
-98.96000000000004
-61.95999999999998
-52.04000000000002
-68.95999999999998
-55.860000000000014
-0.8600000000000136
-5.0
-15.47999999999999
-24.480000000000018
-9.97999999999999
-13.480000000000018
-1.0
-16.0
-82.0
-40.920000000000016
-14.920000000000016
-33.0
-31.569999999999993
-5.0
-1.0
-25.0
-4.0
-9.0
-12.0
-12.0
-98.0
-15.0
-13.0
-16.519999999999982
-16.519999999999982
-17.0
-3.0
-3.0
-15.0
-7.0
-15.0
-36.0
-31.0
-24.0
-26.0
-51.0
-73.0
-4.0
-11.0
-24.5
-17.5
-14.5
-17.0
-12.0
-109.0
-17.0
-19.0
-16.0
-40.0
-41.0
-11.0
-18.0
-22.0
-3.0
-23.0
-66.0
-141.0
-19.0
-43.0
-30.0
-72.06
-42.0
-18.0
-9.0
-16.0
-5.0
-4.0
-15.0
-132.0
-25.0
-44.0
-13.0
-5.0
-34.0
-33.0
-41.0
-31.0
-32.0
-22.0
-13.0
-114.0
-44.0
-15.0
-22.0
-72.06
-28.5
-20.5
-28.5
-37.0
-28.0
-30.0
-31.0
-48.0
-36.0
-78.0
-21.0
-10.0
-21.0
-49.0
-35.0
-16.0
-35.0
-12.0
-59.0
-79.0
-67.0
-32.0
-14.0
-33.16999999999999
-34.0
-14.0
-17.0
-38.0
-35.0
-8.0
-60.0
-31.0
-15.0
-49.0
-41.0
-718.0
-2.0
-51.0
-46.0
-28.0
-30.0
-19.0
-16.0
-21.0
-34.0
-7.0
-10.0
-31.63499999999999
-36.0
-13.0
-39.0
-21.960000000000008
-33.96000000000001
-45.5
-20.0
-143.0
-106.0
-52.0
-48.0
-72.0
-99.0
-165.0
-55.440000000000055
-59.440000000000055
-129.0
-81.0
-29.0
-73.0
-12.0
-61.0
-21.0
-72.06
-5.0
-43.0
-23.0
-40.0
-46.0
-375.0
-8.0
-87.0
-83.0
-90.0
-58.0
-61.0
-4.0
-109.0
-36.0
-52.0
-45.0
-90.0
-49.0
-87.0
-6.0
-55.0
-16.0
-72.06
-36.0
-48.0
-56.0
-21.0
-12.0
-3.0
-12.0
-81.0
-18.0
-101.0
-67.0
-40.0
-12.0
-18.0
-51.0
-24.0
-24.0
-48.0
-18.0
-22.0
-38.0
-7.0
-1.0
-58.06
-25.0
-31.0
-32.0
-32.0
-34.0
-32.0
-21.0
-56.0
-271.0
-57.0
-44.0
-33.0
-21.0
-75.0
-48.0
-39.0
-23.0
-99.0
-43.0
-26.0
-27.0
-63.0
-12.0
-328.06
-17.0
-34.0
-56.0
-34.0
-55.0
-57.0
-27.0
-71.0
-275.0
-88.0
-90.0
-31.0
-22.0
-34.0
-26.0
-10.0
-0.0
-20.0
-30.0
-42.0
-31.0
-9.0
-12.0
-9.060000000000002
-32.5
-40.0
-23.0
-33.5
-54.0
-28.0
-50.0
-32.0
-20.0
-12.0
-21.0
-49.0
-56.0
-43.0
-54.0
-38.0
-70.0
-73.0
-84.0
-1.5
-12.0
-34.0
-26.0
-30.099999999999994
-31.0
-28.0
-31.0
-25.0
-36.0
-32.0
-39.0
-25.0
-29.0
-26.0
-38.0
-17.0
-41.0
-39.0
-16.0
-27.0
-22.0
-27.0
-41.0
-15.0
-37.0
-41.0
-52.0
-30.129999999999995
-34.0
-27.5
-43.0
-40.0
-32.0
-46.0
-37.0
-36.0
-53.0
-25.0
-0.0
-4.0
-39.0
-37.5
-18.0
-27.0
-24.0
-30.5
-41.5
-40.5
-43.5
-36.80000000000001
-37.5
-31.610000000000014
-4.0
-32.5
-18.0
-394.8
-24.0
-27.5
-31.80000000000001
-71.19999999999999
-163.2
-13.200000000000045
-52.0
-85.0
-59.0
-499.0
-86.0
-81.0
-111.0
-37.0
-25.0
-51.0
-2.0
-54.0
-1.0
-58.06
-21.0
-31.0
-27.0
-51.0
-44.0
-49.0
-44.0
-125.0
-51.67999999999995
-110.32000000000005
-72.0
-118.0
-13.0
-65.0
-39.0
-26.0
-12.0
-167.0
-17.0
-56.0
-29.0
-41.0
-7.0
-33.06
-6.0
-43.0
-42.0
-53.0
-40.0
-45.0
-38.0
-17.0
-56.0
-8.0
-47.0
-44.0
-25.0
-44.0
-29.0
-20.0
-4.0
-59.0
-11.0
-6.0
-5.0
-42.0
-18.0
-33.06
-18.0
-3.0
-38.0
-15.0
-34.5
-27.0
-9.0
-110.56
-8.560000000000002
-151.48000000000002
-35.48000000000002
-58.48000000000002
-29.840000000000032
-223.15999999999997
-31.840000000000032
-35.51999999999998
-50.51999999999998
-34.67999999999995
-17.680000000000007
-70.0
-14.0
-7.0
-9.0
-33.06
-54.0
-37.0
-25.159999999999997
-59.5
-59.16
-53.16
-54.16
-24.159999999999997
-75.0
-3.0
-44.0
-49.0
-57.0
-56.0
-40.0
-741.0
-36.0
-5.0
-13.0
-37.0
-3.0
-19.0
-23.0
-33.09
-32.0
-24.0
-30.0
-17.0
-37.0
-15.52000000000001
-30.47999999999999
-12.0
-271.32
-22.11500000000001
-2.615000000000009
-44.38499999999999
-54.5
-52.879999999999995
-11.080000000000013
-59.5
-42.0
-30.0
-5.0
-11.5
-4.0
-12.0
-20.5
-35.10000000000005
-26.47999999999999
-29.47999999999999
-24.47999999999999
-23.47999999999999
-30.0
-22.0
-7.0
-82.0
-146.0
-112.0
-107.0
-32.0
-39.0
-12.0
-4.0
-15.0
-40.0
-1.0
-31.0
-58.0
-29.0
-16.0
-12.0
-25.060000000000002
-0.0
-13.0
-25.0
-30.0
-21.0
-28.0
-31.0
-46.0
-21.0
-66.0
-0.0
-50.0
-9.0
-3.0
-10.0
-10.0
-12.0
-9.0
-6.0
-3.0
-65.0
-0.0
-43.0
-56.06
-7.0
-8.0
-24.0
-37.0
-617.0
-5.0
-1.0
-55.0
-52.0
-139.0
-153.0
-67.0
-43.0
-25.0
-0.0
-1.0
-19.0
-0.0
-10.0
-7.480000000000018
-8.519999999999982
-6.0
-37.0
-33.06
-14.0
-9.0
-1.0
-4.0
-25.0
-16.0
-35.0
-113.0
-180.0
-51.0
-33.0
-85.0
-30.0
-2.0
-5.0
-4.0
-12.0
-34.0
-53.0
-7.0
-12.0
-28.0
-11.0
-38.120000000000005
-10.0
-1.0
-23.0
-46.0
-37.0
-37.0
-22.0
-18.0
-13.0
-13.0
-4.0
-37.0
-59.0
-17.0
-43.0
-40.0
-61.0
-34.0
-31.0
-21.0
-100.0
-15.0
-36.0
-43.60000000000005
-12.860000000000014
-0.0
-10.5
-21.5
-20.5
-7.740000000000009
-59.24000000000001
-12.5
-33.16
-47.22999999999999
-44.22999999999999
-17.22999999999999
-17.5
-37.24000000000001
-57.160000000000025
-17.5
-313.0
-4.0
-3.0
-28.0
-29.0
-26.0
-3.5
-35.10000000000005
-17.72
-32.0
-35.0
-0.0
-52.0
-11.0
-9.0
-19.0
-52.0
-3.0
-9.0
-17.0
-14.0
-17.0
-14.0
-6.0
-5.0
-19.0
-19.0
-19.0
-15.0
-32.0
-15.0
-32.10000000000005
-11.759999999999991
-4.0
-33.0
-9.0
-23.0
-26.0
-18.0
-83.0
-8.0
-114.0
-129.0
-11.0
-48.0
-0.0
-6.0
-9.0
-53.0
-37.0
-32.0
-79.0
-31.0
-5.0
-2.0
-51.60000000000005
-16.0
-13.0
-1.0
-0.0
-61.0
-7.0
-5.0
-18.0
-43.0
-25.0
-29.0
-35.0
-67.0
-25.0
-15.0
-13.0
-1.0
-44.0
-17.0
-30.0
-25.0
-38.0
-9.0
-56.60000000000005
-3.0
-11.0
-13.0
-14.0
-2.0
-6.0
-26.0
-20.0
-40.0
-32.0
-42.0
-64.0
-15.0
-2.0
-28.0
-22.0
-6.0
-33.0
-33.0
-19.0
-30.0
-7.0
-7.0
-43.60000000000005
-15.0
-57.0
-39.0
-56.0
-44.0
-51.0
-14.0
-90.0
-34.0
-40.0
-28.0
-54.0
-11.0
-3.0
-7.0
-4.0
-10.0
-39.0
-284.0
-23.0
-27.0
-7.0
-25.0
-68.60000000000005
-21.0
-4.0
-15.0
-28.0
-36.0
-26.0
-53.0
-24.0
-273.0
-9.0
-14.0
-54.0
-13.0
-16.0
-143.0
-187.0
-219.0
-46.0
-41.0
-98.0
-18.0
-27.0
-0.0
-68.60000000000005
-17.0
-15.0
-7.0
-7.0
-32.0
-23.0
-42.0
-5.0
-22.0
-56.0
-24.0
-42.0
-8.0
-35.0
-22.0
-10.0
-28.0
-14.0
-33.0
-5.0
-22.0
-3.0
-28.0
-35.10000000000005
-22.0
-19.0
-12.0
-26.0
-12.0
-0.0
-728.0
-35.0
-15.0
-32.0
-25.0
-30.0
-28.0
-29.0
-38.0
-30.0
-59.0
-47.0
-19.0
-9.0
-14.0
-5.0
-6.0
-32.10000000000005
-16.0
-6.0
-17.0
-10.0
-20.0
-846.0
-24.0
-109.0
-196.0
-12.0
-113.0
-49.0
-3.0
-34.0
-35.0
-26.0
-73.0
-39.0
-4.0
-31.0
-62.0
-25.0
-12.0
-25.60000000000005
-16.0
-32.0
-8.0
-24.0
-20.0
-4.0
-4.0
-85.0
-38.0
-87.0
-29.0
-8.0
-34.0
-9.0
-33.0
-13.0
-5.0
-18.0
-15.0
-34.0
-44.0
-10.0
-0.0
-25.60000000000005
-23.0
-6.0
-12.0
-18.0
-37.0
-26.0
-37.0
-44.0
-21.0
-85.0
-10.0
-27.0
-16.0
-19.0
-3.0
-1.0
-6.0
-26.0
-342.0
-23.0
-47.0
-2.0
-24.0
-65.60000000000005
-12.0
-5.0
-11.0
-16.0
-12.0
-30.0
-1.0
-35.0
-19.0
-10.0
-130.0
-32.0
-43.0
-16.0
-9.0
-16.0
-11.0
-0.0
-7.0
-83.0
-14.0
-19.0
-4.0
-44.60000000000005
-12.0
-5.0
-14.0
-1.0
-56.0
-7.0
-6.0
-34.0
-11.0
-100.0
-20.0
-35.0
-37.0
-2.0
-25.0
-24.0
-60.0
-9.0
-11.0
-37.0
-3.0
-764.0
-0.0
-53.60000000000005
-8.0
-7.0
-8.0
-5.0
-50.0
-19.0
-1.0
-23.0
-23.0
-19.0
-10.0
-24.0
-6.0
-65.0
-76.0
-40.0
-40.0
-4.0
-20.0
-4.0
-30.0
-1.0
-16.0
-34.110000000000014
-11.0
-35.0
-14.0
-18.0
-25.0
-9.0
-21.0
-31.0
-29.0
-10.0
-7.0
-17.0
-8.0
-26.0
-16.0
-1.0
-6.0
-703.0
-19.0
-19.0
-35.0
-21.5
-27.0
-46.129999999999995
-12.5
-37.5
-26.0
-5.0
-16.0
-28.0
-18.0
-14.0
-22.0
-1.0
-8.0
-39.0
-22.0
-4.0
-17.0
-15.0
-8.0
-1.0
-19.0
-1.0
-9.0
-14.0
-8.0
-26.120000000000005
-5.5
-6.5
-12.0
-13.0
-5.5
-2.5
-89.5
-98.32
-2.0
-29.0
-5.0
-97.0
-180.0
-55.0
-26.0
-283.0
-86.0
-39.08000000000004
-28.08000000000004
-11.120000000000005
-134.0
-76.0
-46.0
-55.0
-259.0
-2.0
-2.0
-17.099999999999994
-21.0
-55.0
-33.0
-17.0
-4.0
-10.0
-12.0
-5.0
-97.0
-34.0
-77.0
-162.0
-7.0
-65.0
-40.24000000000001
-7.0
-25.0
-46.0
-54.0
-251.0
-90.0
-64.0
-16.0
-3.094999999999999
-3.0
-45.0
-62.0
-329.0
-27.0
-41.0
-33.0
-46.0
-64.0
-34.0
-29.0
-147.0
-26.0
-24.0
-18.0
-12.0
-9.0
-24.0
-59.0
-124.0
-9.0
-4.0
-32.0
-3.094999999999999
-21.0
-23.0
-10.0
-20.0
-7.0
-14.0
-16.5
-2.0
-15.0
-29.0
-59.0
-11.519999999999982
-126.47999999999999
-3.0
-16.0
-45.0
-242.0
-32.0
-31.0
-7.0
-3.0
-3.0
-12.0
-37.08500000000001
-26.0
-13.0
-14.0
-28.0
-25.0
-6.0
-15.0
-25.0
-18.0
-8.0
-3.0
-64.0
-38.0
-5.0
-4.0
-24.0
-22.0
-9.0
-1.0
-70.0
-214.0
-4.0
-37.0
-16.085000000000008
-5.0
-3.0
-8.0
-3.0
-6.0
-11.0
-26.0
-160.0
-78.0
-81.0
-3.0
-65.0
-34.0
-34.120000000000005
-65.0
-43.0
-32.0
-26.0
-396.0
-9.160000000000025
-3.0
-68.0
-3.0
-38.095
-65.24000000000001
-18.5
-34.24000000000001
-23.0
-58.24000000000001
-30.0
-10.5
-21.75999999999999
-123.24000000000001
-84.75999999999999
-85.0
-61.0
-15.0
-74.0
-90.0
-30.0
-14.0
-71.0
-1.0
-45.0
-43.0
-29.0
-17.0
-12.905000000000001
-2.3799999999999955
-23.0
-8.0
-11.0
-7.0
-2.0
-10.0
-150.0
-354.0
-38.0
-14.0
-85.0
-26.0
-37.0
-43.0
-24.0
-9.0
-11.0
-129.0
-62.0
-93.0
-22.0
-49.0
-38.095
-26.620000000000005
-8.0
-6.0
-7.0
-9.0
-21.0
-1.0
-7.0
-14.0
-37.0
-4.0
-84.24000000000001
-26.0
-18.0
-20.0
-18.159999999999968
-29.0
-18.0
-74.0
-30.0
-50.120000000000005
-33.0
-7.0
-13.094999999999999
-2.3799999999999955
-23.0
-18.0
-9.5
-3.0
-13.0
-66.0
-34.0
-245.0
-19.0
-46.0
-51.0
-26.0
-70.0
-47.0
-8.0
-2.0
-13.0
-79.0
-108.0
-64.0
-31.0
-23.0
-1.9050000000000011
-43.0
-4.0
-63.0
-1.0
-17.0
-4.0
-4.0
-75.0
-18.0
-71.0
-70.0
-13.0
-62.0
-12.0
-16.0
-16.0
-54.0
-8.0
-17.0
-20.0
-13.0
-12.0
-11.0
-34.08500000000001
-9.0
-22.0
-14.0
-17.0
-24.0
-4.0
-26.0
-31.0
-21.0
-16.0
-19.0
-30.0
-38.0
-62.0
-136.0
-31.0
-6.0
-3.0
-2.0
-10.0
-3.0
-21.0
-1.0
-16.085000000000008
-0.0
-0.0
-1.0
-2.0
-19.0
-13.0
-6.0
-187.0
-24.0
-23.0
-45.0
-61.0
-519.0
-96.12
-45.0
-29.0
-22.0
-5.0
-23.0
-36.0
-68.0
-4.8799999999999955
-23.0
-13.094999999999999
-10.0
-2.0
-19.0
-42.0
-22.0
-15.0
-5.0
-60.0
-22.0
-60.0
-40.0
-113.0
-44.0
-326.0
-105.12
-79.0
-61.0
-58.0
-1.0
-208.0
-9.0
-15.0
-370.0
-13.094999999999999
-25.0
-12.0
-10.0
-25.0
-15.0
-23.0
-28.0
-7.0
-63.0
-47.0
-335.0
-394.52
-26.519999999999982
-78.0
-39.0
-675.0
-6.0
-1.0
-84.0
-77.0
-4.0
-4.0
-16.0
-13.094999999999999
-25.0
-13.0
-2.0
-4.0
-1.0
-307.0
-2.0
-91.0
-82.0
-5.0
-38.0
-105.11999999999989
-64.0
-24.0
-53.0
-5.0
-21.0
-33.0
-358.0
-26.0
-24.0
-50.0
-1.0
-11.090000000000003
-3.0
-14.0
-8.0
-22.0
-34.0
-11.0
-16.0
-37.0
-9.0
-77.12
-17.879999999999995
-85.0
-42.0
-20.0
-60.0
-99.0
-8.0
-15.0
-68.0
-38.0
-4.0
-82.0
-3.0
-8.384999999999991
-36.0
-1.0
-39.0
-39.0
-34.0
-24.0
-3.0
-51.0
-11.0
-44.0
-3.0
-49.0
-82.0
-18.0
-46.0
-33.0
-29.0
-18.0
-43.0
-8.0
-11.0
-2.0
-9.0
-37.08500000000001
-7.0
-37.0
-0.0
-28.0
-2.0
-1.0
-24.0
-21.0
-1.0
-14.0
-5.0
-70.0
-80.0
-19.0
-16.0
-10.0
-15.0
-4.0
-16.0
-14.0
-33.0
-13.0
-7.0
-19.085000000000008
-12.0
-9.0
-15.0
-17.0
-3.0
-2.0
-607.0
-174.0
-76.0
-74.0
-70.12
-90.63999999999999
-61.0
-66.0
-96.0
-69.08000000000004
-48.0
-13.0
-213.88
-9.0
-42.0
-47.0
-25.0
-8.384999999999991
-23.5
-6.5
-0.5
-14.5
-37.5
-21.0
-45.72
-53.27999999999997
-324.72
-67.72000000000003
-26.720000000000027
-47.27999999999997
-19.279999999999973
-40.27999999999997
-17.0
-15.120000000000005
-15.0
-1.0
-1.0
-5.0
-2.0
-25.0
-11.0
-4.139999999999986
-22.0
-31.0
-5.0
-26.0
-10.0
-20.0
-9.639999999999986
-142.0
-49.0
-25.0
-17.0
-69.12
-19.0
-46.0
-33.0
-36.08000000000004
-0.0
-21.0
-78.0
-9.0
-10.0
-25.0
-21.0
-15.545000000000016
-39.0
-5.0
-11.0
-24.0
-26.0
-11.0
-34.0
-29.0
-38.0
-10.0
-24.0
-32.0
-3.0
-59.0
-35.0
-4.0
-8.0
-23.0
-34.0
-28.0
-27.0
-15.0
-48.0
-19.085000000000008
-15.0
-8.0
-13.0
-28.0
-2.0
-1.0
-22.0
-8.0
-19.0
-105.0
-11.0
-97.0
-31.0
-25.0
-10.0
-1.0
-34.0
-1.5
-14.0
-23.0
-16.0
-3.0
-55.0
-19.085000000000008
-27.0
-3.0
-30.0
-13.0
-13.0
-29.0
-10.0
-0.0
-4.0
-5.0
-11.0
-29.0
-9.0
-16.0
-26.0
-4.0
-22.0
-14.0
-11.0
-2.0
-12.0
-3.0
-0.0
-21.085000000000008
-3.0
-7.0
-1.0
-53.0
-1.0
-4.0
-0.0
-170.0
-52.0
-139.0
-16.0
-127.0
-34.0
-82.0
-24.0
-39.0
-744.0
-51.0
-111.0
-7.0
-77.0
-33.0
-8.0
-4.454999999999984
-45.5
-23.0
-35.0
-33.0
-7.0
-8.0
-41.0
-178.0
-81.0
-186.0
-82.0
-121.0
-30.24000000000001
-94.0
-72.0
-47.0
-47.0
-58.879999999999995
-76.0
-62.0
-0.12000000000000455
-23.0
-27.0
-14.230000000000018
-19.5
-25.0
-34.0
-52.0
-18.0
-36.0
-22.0
-116.04000000000002
-11.039999999999964
-80.0
-6.0
-128.0
-18.0
-65.0
-93.0
-57.0
-12.0
-137.0
-74.12
-23.0
-4.0
-7.0
-14.0
-4.72999999999999
-19.5
-11.0
-16.0
-5.0
-36.0
-24.0
-51.0
-304.0
-14.0
-90.0
-75.0
-65.0
-29.0
-83.0
-4.0
-21.0
-15.960000000000036
-104.15999999999997
-90.84000000000003
-33.51999999999998
-15.0
-18.0
-4.0
-4.759999999999991
-25.5
-5.0
-1.0
-4.0
-28.0
-18.0
-7.0
-2.079999999999984
-29.0
-48.0
-34.120000000000005
-94.27999999999997
-2.2799999999999727
-42.27999999999997
-9.279999999999973
-20.0
-36.0
-42.120000000000005
-15.0
-19.0
-23.0
-12.0
-11.0
-53.75
-19.5
-23.0
-2.0
-3.0
-45.0
-71.0
-9.0
-89.0
-6.0
-2.0
-7.0
-62.0
-21.0
-23.0
-47.0
-37.0
-16.0
-281.0
-65.0
-4.0
-64.0
-15.0
-15.0
-11.884999999999991
-13.0
-15.0
-10.0
-10.0
-0.5
-21.0
-434.0
-3.5
-50.0
-23.0
-78.0
-56.0
-16.0
-78.0
-13.0
-30.0
-2.0
-1.0
-35.0
-18.0
-21.0
-18.0
-8.0
-21.085000000000008
-9.0
-5.0
-6.0
-7.0
-14.0
-1.0
-4.0
-5.0
-7.0
-2.0
-28.0
-41.0
-36.0
-27.0
-31.0
-12.0
-44.0
-12.0
-24.0
-37.0
-12.5
-1.0
-17.0
-21.085000000000008
-31.0
-9.0
-6.0
-10.0
-14.0
-5.0
-2.0
-208.56
-18.440000000000055
-116.0
-86.0
-86.12
-5.0
-93.0
-94.0
-21.0
-10.0
-6.0
-1.0
-41.0
-11.0
-18.0
-11.0
-11.884999999999991
-14.0
-0.0
-4.0
-24.0
-2.0
-8.0
-39.0
-62.0
-20.0
-9.0
-69.0
-47.120000000000005
-19.0
-12.0
-4.0
-24.0
-13.0
-94.0
-114.0
-6.0
-68.0
-10.0
-13.0
-11.884999999999991
-8.5
-715.0
-6.0
-5.0
-6.0
-29.0
-834.0
-121.0
-161.0
-11.0
-50.0
-70.0
-20.0
-9.32000000000005
-5.67999999999995
-11.600000000000023
-26.440000000000055
-213.55999999999995
-43.44
-15.079999999999984
-34.19999999999999
-17.920000000000016
-2.5
-8.115000000000009
-14.5
-8.0
-11.5
-17.0
-2.0
-16.5
-5.0
-7.160000000000025
-14.159999999999968
-38.91999999999996
-12.0
-73.91999999999996
-26.91999999999996
-9.840000000000032
-21.960000000000036
-47.24000000000001
-20.24000000000001
-174.76
-8.120000000000005
-20.75999999999999
-13.360000000000014
-42.04000000000002
-16.0
-3.115000000000009
-8.5
-26.5
-213.5
-459.0
-8.0
-22.0
-16.0
-9.0
-21.0
-37.0
-72.0
-49.0
-13.0
-11.0
-24.0
-38.0
-21.0
-76.0
-5.0
-18.0
-17.0
-20.0
-4.0
-8.115000000000009
-18.5
-6.0
-7.0
-9.0
-26.0
-20.0
-12.0
-33.0
-13.0
-26.0
-14.0
-132.0
-130.0
-132.0
-151.0
-30.0
-29.5
-6.0
-11.0
-24.0
-11.0
-13.0
-31.0
-34.08500000000001
-1.5
-9.0
-0.0
-4.0
-18.0
-20.0
-2.0
-9.0
-22.0
-150.28
-6.5
-57.72000000000003
-64.72000000000003
-27.72
-32.72000000000003
-22.72
-16.5
-4.0
-13.0
-8.5
-8.5
-26.5
-1.0
-19.085000000000008
-40.5
-11.5
-2.0
-8.0
-182.0
-150.72
-132.72000000000003
-11.720000000000027
-5.720000000000027
-0.2799999999999727
-2.2799999999999727
-29.279999999999973
-27.879999999999995
-58.0
-37.0
-46.0
-9.0
-10.0
-56.0
-33.68000000000001
-20.80000000000001
-12.680000000000007
-4.0
-13.02000000000001
-8.5
-11.0
-8.0
-9.5
-36.0
-210.0
-5.0
-10.0
-16.0
-21.0
-43.0
-10.0
-2.0
-4.0
-13.0
-8.0
-22.0
-2.0
-74.0
-21.0
-36.0
-35.0
-40.0
-76.0
-53.0
-69.0
-11.0
-29.0
-4.0
-4.0
-3.0
-5.0
-20.0
-20.5
-23.0
-8.0
-8.0
-1.0
-8.0
-11.0
-7.0
-9.0
-19.0
-42.0
-2.0
-33.0
-28.0
-9.0
-26.0
-44.0
-26.0
-64.0
-39.0
-36.0
-13.0
-29.0
-6.0
-10.5
-6.0
-1.0
-11.0
-11.0
-1.0
-17.0
-3.0
-142.0
-143.0
-25.0
-44.0
-61.0
-24.0
-8.0
-43.0
-6.0
-21.0
-37.0
-17.0
-34.0
-8.0
-91.0
-32.0
-15.099999999999994
-261.28
-233.27999999999997
-232.27999999999997
-238.27999999999997
-237.27999999999997
-239.27999999999997
-232.27999999999997
-6.720000000000027
-332.72
-274.72
-133.72000000000003
-168.27999999999997
-142.27999999999997
-114.27999999999997
-61.27999999999997
-98.27999999999997
-69.72000000000003
-170.27999999999997
-82.27999999999997
-151.0
-9.0
-289.0
-296.0
-313.62
-307.0
-349.0
-26.0
-348.0
-33.0
-25.0
-36.0
-173.0
-33.0
-43.0
-19.0
-60.0
-12.0
-27.0
-3.0
-21.0
-5.0
-49.0
-83.0
-15.0
-1.0
-6.0
-34.0
-12.379999999999995
-9.0
-15.0
-29.0
-2.0
-60.0
-20.0
-40.0
-10.0
-31.0
-9.0
-8.0
-48.0
-13.0
-41.0
-30.0
-36.0
-12.0
-78.0
-55.0
-10.0
-41.0
-42.0
-11.160000000000025
-7.6200000000000045
-2.0
-16.0
-4.0
-43.0
-1.0
-55.0
-42.0
-68.0
-22.0
-16.0
-26.0
-34.0
-64.0
-106.0
-9.0
-50.0
-1.8799999999999955
-27.0
-88.0
-7.0
-43.0
-28.0
-530.0
-12.379999999999995
-13.0
-4.0
-0.0
-3.0
-3.0
-1.0
-11.0
-138.0
-5.0
-24.0
-10.0
-7.0
-29.0
-5.0
-1.0
-1.0
-24.0
-11.0
-15.0
-14.0
-6.0
-4.0
-10.0
-19.5
-10.0
-29.0
-3.0
-1.0
-10.0
-12.0
-10.0
-2.0
-24.0
-27.0
-22.0
-49.0
-4.0
-17.0
-41.0
-5.0
-12.0
-15.0
-38.0
-5.0
-14.0
-14.0
-31.0
-63.05000000000001
-2.5
-3.0
-34.0
-39.0
-13.0
-41.0
-14.0
-130.0
-2.0
-54.0
-5.0
-21.0
-47.0
-26.0
-26.0
-11.0
-0.0
-14.080000000000041
-80.0
-598.0
-9.0
-30.0
-31.0
-7.6200000000000045
-9.0
-19.0
-16.0
-9.0
-0.0
-3.0
-8.0
-88.0
-1.0
-13.0
-17.0
-41.0
-41.0
-31.200000000000045
-59.799999999999955
-29.799999999999955
-30.799999999999955
-52.200000000000045
-49.24000000000001
-38.24000000000001
-59.24000000000001
-4.240000000000009
-48.0
-0.13999999999998636
-12.0
-32.0
-10.0
-21.0
-33.0
-66.0
-75.0
-214.0
-47.0
-33.0
-7.0
-39.0
-3.0
-50.0
-14.080000000000041
-45.0
-20.0
-26.0
-53.0
-74.0
-16.0
-19.0
-26.0
-38.56999999999999
-27.5
-13.0
-20.0
-32.0
-11.0
-51.0
-19.0
-187.0
-7.0
-3.0
-24.0
-21.0
-9.0
-16.0
-1.0
-23.0
-48.0
-6.0
-38.0
-43.0
-1.6800000000000068
-19.319999999999993
-8.0
-23.569999999999993
-10.5
-6.0
-424.0
-9.0
-15.0
-79.5
-93.0
-109.24000000000001
-29.75999999999999
-33.27999999999997
-23.279999999999973
-34.27999999999997
-48.27999999999997
-88.0
-12.759999999999991
-52.75999999999999
-59.75999999999999
-54.75999999999999
-111.0
-90.0
-42.0
-67.0
-29.0
-18.569999999999993
-16.5
-90.0
-101.0
-88.0
-95.0
-103.0
-90.0
-167.0
-73.0
-17.0
-12.0
-28.0
-22.480000000000018
-36.51999999999998
-22.0
-47.160000000000025
-22.160000000000025
-51.160000000000025
-19.5
-28.0
-17.0
-24.0
-6.0
-16.939999999999998
-0.0
-26.0
-30.0
-4.0
-6.0
-10.0
-16.0
-3.0
-42.0
-13.0
-34.0
-12.0
-23.0
-24.0
-15.0
-15.0
-8.0
-37.0
-5.0
-3.0
-32.0
-6.0
-4.0
-12.939999999999998
-5.0
-6.0
-2.0
-9.0
-12.0
-16.0
-11.0
-153.0
-27.480000000000018
-7.480000000000018
-25.519999999999982
-2.480000000000018
-65.48000000000002
-3.519999999999982
-5.0
-5.0
-28.0
-1.0
-118.0
-31.0
-36.0
-22.0
-22.0
-38.56999999999999
-9.0
-5.0
-8.0
-9.0
-19.0
-20.0
-17.0
-99.0
-45.0
-2.0
-15.0
-39.0
-4.960000000000036
-46.960000000000036
-51.15999999999997
-61.15999999999997
-85.84000000000003
-10.840000000000032
-58.160000000000025
-18.160000000000025
-52.0
-27.0
-10.0
-38.56999999999999
-27.0
-56.0
-54.0
-2.0
-22.0
-40.0
-11.0
-14.0
-20.0
-41.0
-28.0
-14.0
-86.0
-3.0
-16.0
-17.0
-72.0
-33.0
-182.0
-26.0
-41.0
-7.0
-7.0
-23.569999999999993
-23.0
-0.0
-0.0
-10.0
-11.0
-30.0
-30.0
-15.0
-42.0
-41.0
-55.0
-8.0
-56.0
-35.0
-113.0
-91.0
-21.0
-16.0
-238.0
-24.0
-29.0
-5.0
-17.0
-38.56999999999999
-7.5
-8.0
-0.5
-12.5
-6.5
-20.0
-137.5
-11.0
-14.5
-2.0
-14.0
-14.5
-17.0
-15.0
-24.0
-21.5
-29.039999999999992
-6.0
-21.0
-16.0
-6.0
-11.0
-29.0
-15.939999999999998
-8.0
-45.0
-21.0
-7.0
-26.0
-20.0
-41.5
-19.0
-16.0
-16.0
-19.0
-23.0
-17.0
-9.0
-30.0
-4.0
-4.0
-27.0
-2.0
-14.0
-26.0
-6.0
-1.0
-15.939999999999998
-0.0
-9.0
-2.0
-8.5
-12.5
-8.0
-43.0
-21.0
-49.0
-46.0
-35.5
-49.56
-17.0
-27.0
-36.0
-26.0
-37.0
-19.0
-3.0
-20.0
-16.0
-7.0
-16.0
-8.060000000000002
-16.0
-19.0
-9.0
-2.0
-14.0
-30.0
-102.0
-50.0
-219.0
-75.0
-35.559999999999945
-45.559999999999945
-28.0
-17.0
-53.0
-54.0
-29.0
-10.0
-30.0
-15.0
-7.0
-22.0
-69.0
-34.56999999999999
-16.0
-0.0
-4.0
-11.0
-4.0
-41.0
-51.0
-16.0
-45.0
-11.0
-51.0
-11.0
-13.0
-24.0
-7.0
-53.0
-60.0
-1.0
-72.0
-24.0
-3.0
-14.0
-25.0
-38.56999999999999
-4.0
-24.0
-11.0
-2.0
-15.0
-41.0
-19.0
-2.0
-14.0
-39.0
-53.0
-12.0
-38.0
-34.0
-12.0
-10.440000000000055
-50.559999999999945
-10.0
-17.0
-73.0
-40.0
-1.0
-18.0
-28.569999999999993
-8.0
-19.0
-15.0
-3.0
-7.0
-42.0
-10.0
-86.0
-6.0
-26.0
-37.0
-19.0
-27.0
-14.0
-9.0
-0.0
-37.0
-4.0
-12.0
-55.0
-8.0
-40.0
-6.0
-28.569999999999993
-24.0
-4.0
-2.0
-9.0
-6.0
-13.0
-2.0
-13.0
-28.0
-35.0
-79.0
-41.0
-39.0
-46.0
-51.0
-4.0
-2.0
-12.0
-78.0
-1.0
-39.04000000000002
-15.95999999999998
-3.0
-23.569999999999993
-5.0
-10.0
-4.0
-2.0
-10.0
-10.0
-46.0
-129.0
-3.0
-58.0
-38.0
-2.0
-11.0
-32.0
-53.0
-73.0
-40.0
-21.0
-9.0
-13.0
-7.0
-2.0
-11.0
-2.9399999999999977
-11.0
-3.0
-10.0
-8.0
-15.0
-23.0
-32.0
-7.0
-19.0
-61.0
-33.0
-55.0
-54.0
-34.0
-46.0
-7.0
-53.0
-15.0
-27.0
-6.0
-12.0
-13.0
-27.0
-10.939999999999998
-20.0
-19.0
-28.0
-14.0
-3.5
-12.0
-26.0
-169.0
-12.0
-72.0
-82.0
-103.0
-13.0
-16.0
-90.0
-55.0
-63.0
-42.0
-28.0
-42.0
-31.0
-0.0
-16.0
-38.56999999999999
-3.0
-14.0
-6.0
-4.0
-3.0
-0.0
-5.0
-13.0
-15.0
-53.0
-71.0
-52.0
-14.0
-15.0
-90.0
-25.0
-29.0
-10.0
-3.0
-19.0
-38.0
-22.0
-4.0
-23.569999999999993
-19.0
-7.0
-9.0
-21.0
-3.0
-3.0
-35.0
-11.0
-12.0
-42.0
-20.0
-54.559999999999945
-88.55999999999995
-12.0
-38.0
-30.0
-33.0
-200.0
-0.0
-35.0
-15.0
-1.0
-4.0
-28.569999999999993
-22.0
-14.0
-4.0
-15.0
-7.0
-16.0
-30.0
-4.0
-14.0
-18.0
-68.0
-63.0
-12.0
-16.0
-26.0
-4.0
-18.0
-11.0
-2.0
-11.0
-3.0
-16.0
-4.0
-34.56999999999999
-1.0
-7.0
-7.0
-6.0
-3.0
-8.0
-11.0
-2.0
-15.0
-0.0
-47.0
-82.0
-3.0
-25.0
-6.0
-21.0
-43.0
-88.0
-39.0
-13.0
-10.0
-5.0
-7.0
-38.56999999999999
-9.0
-2.0
-1.0
-13.0
-0.0
-17.0
-36.0
-17.0
-6.0
-86.0
-29.0
-47.0
-6.0
-54.0
-45.0
-35.0
-63.0
-90.0
-39.0
-39.0
-2.0
-14.0
-15.0
-15.939999999999998
-2.0
-14.0
-27.0
-4.0
-39.0
-17.0
-16.0
-4.0
-16.0
-37.0
-56.0
-5.0
-0.0
-13.0
-53.0
-34.0
-17.0
-11.0
-53.0
-44.0
-8.0
-14.0
-20.0
-358.06
-17.0
-318.0
-10.0
-3.0
-27.0
-4.0
-7.0
-97.0
-10.0
-95.0
-74.0
-93.0
-19.0
-71.0
-53.0
-394.0
-45.0
-29.0
-28.0
-23.0
-1.0
-12.0
-20.0
-10.430000000000007
-14.0
-82.0
-9.0
-7.0
-8.0
-9.0
-29.0
-10.0
-3.0
-20.0
-16.0
-16.0
-64.0
-10.0
-62.0
-45.0
-16.0
-28.0
-25.0
-2.0
-23.0
-1.0
-20.0
-34.56999999999999
-10.0
-21.0
-13.0
-14.0
-15.0
-6.0
-20.0
-23.0
-15.0
-14.0
-506.0
-34.0
-9.0
-8.0
-33.0
-59.0
-39.0
-11.0
-8.0
-15.0
-18.0
-13.0
-39.0
-23.569999999999993
-31.0
-20.0
-7.0
-11.0
-12.0
-18.0
-14.0
-50.04000000000002
-5.960000000000036
-16.0
-46.0
-52.0
-10.0
-57.0
-19.0
-671.0
-16.0
-33.0
-69.0
-92.0
-16.0
-17.0
-17.0
-38.56999999999999
-30.0
-304.0
-7.0
-16.0
-2.0
-6.0
-15.0
-28.0
-5.0
-23.0
-10.0
-11.0
-43.0
-45.0
-1.0
-21.0
-27.0
-9.0
-102.0
-9.0
-47.0
-20.0
-24.0
-38.56999999999999
-2.0
-2.0
-23.0
-29.0
-59.0
-63.0
-109.0
-20.0
-7.0
-24.0
-163.0
-19.0
-29.0
-18.0
-41.17500000000001
-18.0
-5.0
-14.0
-17.0
-12.0
-30.0
-36.0
-4.0
-4.0
-9.0
-20.0
-9.0
-17.0
-29.0
-34.0
-34.0
-30.0
-40.0
-30.0
-43.0
-21.0
-23.0
-45.0
-8.909999999999997
-22.0
-56.0
-40.0
-28.0
-26.0
-4.0
-5.0
-125.0
-62.0
-207.0
-65.0
-221.0
-219.0
-112.0
-115.0
-115.0
-171.0
-67.0
-144.0
-41.0
-10.0
-1.0
-1.0
-16.82499999999999
-31.0
-28.0
-23.0
-31.0
-12.0
-29.0
-18.0
-105.0
-288.0
-159.0
-115.0
-26.0
-16.0
-12.0
-8.0
-33.799999999999955
-17.799999999999955
-141.0
-127.0
-92.0
-7.0
-3.0
-33.0
-16.82499999999999
-32.0
-15.0
-12.0
-27.0
-11.0
-5.0
-22.0
-47.0
-184.0
-87.0
-89.0
-213.0
-111.0
-87.0
-185.0
-14.0
-16.0
-29.0
-3.0
-6.0
-9.0
-16.0
-7.0
-22.150000000000006
-4.0
-21.0
-10.0
-8.0
-10.0
-30.0
-30.0
-25.0
-29.0
-8.0
-66.0
-77.0
-86.0
-65.0
-910.0
-4.0
-38.0
-30.0
-29.0
-12.0
-37.0
-29.0
-20.0
-32.139999999999986
-15.0
-26.0
-39.0
-8.0
-22.0
-26.0
-41.0
-32.0
-3.0
-31.0
-29.0
-17.0
-40.0
-16.0
-11.0
-40.0
-15.0
-7.0
-24.0
-9.0
-17.0
-23.0
-15.0
-33.139999999999986
-51.0
-8.0
-29.0
-0.0
-36.0
-7.0
-201.0
-12.0
-38.0
-12.0
-15.0
-1.0
-48.0
-14.0
-11.5
-25.5
-7.0
-18.0
-19.0
-20.0
-9.0
-21.0
-13.0
-45.139999999999986
-34.0
-25.5
-4.0
-25.0
-4.5
-0.0
-35.0
-14.0
-10.0
-36.0
-24.0
-19.0
-6.0
-26.0
-12.0
-35.0
-7.0
-19.0
-2.0
-6.0
-27.0
-37.0
-30.0
-46.139999999999986
-3.0
-53.0
-2.0
-5.0
-3.0
-15.0
-15.0
-2.0
-14.0
-33.0
-15.0
-33.0
-12.0
-26.0
-30.0
-27.0
-12.0
-20.0
-2.0
-31.0
-13.0
-28.0
-16.0
-36.120000000000005
-9.0
-15.0
-35.0
-2.0
-345.0
-26.0
-52.0
-26.0
-20.0
-17.0
-1.5
-9.0
-39.0
-11.0
-8.0
-0.0
-17.0
-9.0
-8.0
-5.0
-2.0
-1.0
-4.0
-8.074999999999989
-11.0
-1.0
-19.0
-35.0
-7.0
-16.0
-0.0
-14.0
-13.0
-30.0
-24.0
-28.0
-29.0
-18.0
-24.0
-580.0
-19.0
-4.0
-20.0
-9.0
-17.0
-39.0
-1.0
-8.074999999999989
-8.0
-18.0
-20.0
-13.0
-4.0
-12.0
-7.0
-77.0
-262.0
-13.0
-27.0
-35.0
-326.0
-60.0
-8.0
-16.0
-9.0
-82.0
-27.0
-84.0
-25.0
-25.0
-22.0
-6.035000000000025
-48.0
-14.0
-17.0
-15.0
-27.0
-16.0
-12.0
-122.0
-102.0
-70.0
-50.0
-68.0
-579.0
-194.12
-187.0
-49.0
-47.0
-90.0
-33.0
-37.0
-6.0
-41.0
-0.0
-9.964999999999975
-15.0
-14.0
-5.0
-3.0
-1.0
-25.0
-15.0
-24.0
-125.0
-43.0
-50.0
-1.0
-17.0
-15.0
-8.0
-27.0
-48.0
-165.0
-20.0
-48.0
-4.0
-7.0
-64.0
-1.964999999999975
-14.0
-13.0
-2.0
-11.0
-23.0
-3.0
-24.0
-1.0
-311.0
-84.88
-60.0
-54.0
-47.0
-32.0
-71.0
-51.0
-99.0
-96.0
-33.0
-85.0
-30.0
-15.0
-9.0
-1.964999999999975
-6.0
-8.0
-2.0
-5.0
-13.0
-0.0
-38.0
-155.0
-7.0
-5.0
-10.0
-8.0
-108.0
-9.0
-20.0
-13.0
-1.8400000000000034
-9.0
-28.0
-20.0
-6.0
-13.0
-17.0
-47.07499999999999
-19.0
-5.0
-11.0
-4.0
-29.0
-13.5
-20.0
-143.0
-58.15999999999997
-37.15999999999997
-142.15999999999997
-49.15999999999997
-23.840000000000032
-78.27999999999997
-47.15999999999997
-52.15999999999997
-27.159999999999968
-9.159999999999968
-50.15999999999997
-4.839999999999975
-2.839999999999975
-31.160000000000025
-2.0
-26.964999999999975
-406.0
-416.0
-404.0
-405.0
-29.0
-6.0
-1.0
-27.0
-5.0
-102.0
-15.0
-18.0
-20.91999999999996
-8.0
-31.0
-56.0
-17.0
-10.0
-3.0
-81.07999999999998
-9.0
-31.0
-47.0
-1.964999999999975
-47.0
-9.0
-12.0
-9.0
-11.0
-4.0
-8.0
-23.360000000000014
-56.639999999999986
-79.75999999999999
-30.879999999999995
-17.67999999999995
-8.559999999999945
-2.0
-37.51999999999998
-38.51999999999998
-12.960000000000036
-1.9600000000000364
-2.5599999999999454
-3.4399999999999977
-33.0
-5.0
-9.0
-75.96499999999997
-22.5
-2.0
-8.5
-4.5
-13.0
-19.0
-17.0
-4.699999999999989
-54.83000000000004
-75.29999999999995
-7.67999999999995
-15.919999999999959
-23.08000000000004
-21.08000000000004
-13.039999999999964
-35.91999999999996
-36.91999999999996
-23.91999999999996
-14.080000000000041
-11.920000000000016
-8.920000000000016
-16.920000000000016
-42.0
-24.964999999999975
-0.5
-20.0
-8.5
-4.5
-4.0
-12.0
-4.0
-2.0
-32.0
-2.0
-13.0
-16.0
-12.879999999999995
-21.32000000000005
-10.32000000000005
-16.67999999999995
-6.840000000000032
-51.72000000000003
-7.7999999999999545
-5.199999999999989
-36.19999999999999
-3.0
-5.0
-1.964999999999975
-1.5
-34.0
-4.0
-2.0
-14.0
-8.0
-18.0
-146.0
-2.0
-36.0
-2.0
-17.0
-42.96000000000001
-24.95999999999998
-21.480000000000018
-26.480000000000018
-22.680000000000007
-23.0
-47.68000000000001
-11.5
-7.0
-14.0
-5.0
-53.07499999999999
-24.0
-30.0
-28.0
-2.0
-7.0
-4.0
-12.0
-28.0
-5.0
-22.0
-29.0
-11.0
-24.0
-29.75999999999999
-6.259999999999991
-12.759999999999991
-27.75999999999999
-8.0
-19.0
-9.0
-9.0
-17.0
-2.0
-811.075
-41.0
-57.0
-9.0
-18.0
-42.0
-45.0
-4.0
-107.0
-323.0
-295.0
-97.08000000000004
-40.0
-63.0
-53.0
-66.0
-72.0
-44.120000000000005
-6.0
-27.0
-62.0
-7.0
-34.0
-57.0
-1.964999999999975
-34.84
-7.0
-23.75999999999999
-28.72
-23.0
-9.0
-8.0
-5.0
-2.0
-11.0
-3.0
-19.0
-62.0
-6.8799999999999955
-24.120000000000005
-25.0
-10.0
-18.0
-23.32000000000005
-87.83999999999997
-15.160000000000025
-69.0
-27.0
-14.220000000000027
-48.68000000000001
-7.0
-33.52000000000001
-5.0
-39.0
-24.0
-5.0
-62.360000000000014
-27.480000000000018
-20.200000000000045
-32.51999999999998
-16.399999999999977
-3.67999999999995
-23.0
-7.840000000000032
-5.279999999999973
-31.120000000000005
-36.879999999999995
-30.879999999999995
-17.0
-27.0
-225.0
-40.0
-4.154999999999973
-9.840000000000003
-32.0
-30.75999999999999
-20.5
-31.5
-23.0
-8.0
-94.0
-160.72000000000003
-4.720000000000027
-51.960000000000036
-36.960000000000036
-57.960000000000036
-18.960000000000036
-687.04
-50.960000000000036
-25.960000000000036
-34.039999999999964
-15.039999999999964
-74.04000000000002
-3.9599999999999795
-38.04000000000002
-0.0
-20.845000000000027
-9.840000000000003
-81.0
-8.0
-32.0
-20.0
-8.0
-17.0
-20.0
-31.0
-61.0
-17.0
-59.879999999999995
-48.0
-17.0
-6.0
-26.0
-55.0
-3.0
-22.0
-14.120000000000005
-45.0
-15.0
-25.0
-53.15499999999997
-2.5
-24.0
-0.5
-17.0
-0.0
-7.5
-32.5
-166.5
-1.5
-60.0
-58.0
-28.0
-9.0
-35.0
-14.259999999999991
-11.519999999999982
-15.47999999999999
-5.0
-18.0
-20.0
-47.0
-10.0
-25.0
-50.07499999999999
-8.5
-26.0
-7.5
-7.0
-2.0
-5.5
-4.5
-22.5
-33.5
-27.0
-6.5
-25.0
-19.5
-10.759999999999991
-20.25999999999999
-25.74000000000001
-23.24000000000001
-5.840000000000003
-7.0
-17.0
-37.5
-20.0
-21.0
-68.07499999999999
-60.84
-23.659999999999997
-0.0
-5.5
-210.5
-0.5
-13.0
-153.0
-42.0
-35.0
-0.44000000000005457
-55.32000000000005
-12.440000000000055
-9.67999999999995
-39.67999999999995
-41.67999999999995
-14.159999999999968
-5.840000000000032
-6.159999999999968
-135.15999999999997
-12.160000000000025
-67.16000000000003
-15.0
-4.154999999999973
-24.840000000000003
-33.66
-12.0
-21.0
-15.0
-11.0
-23.0
-59.0
-233.0
-31.0
-13.0
-11.600000000000023
-33.67999999999995
-25.399999999999977
-26.0
-1.5599999999999454
-9.559999999999945
-12.440000000000055
-16.440000000000055
-66.44
-11.560000000000002
-7.439999999999998
-6.0
-24.089999999999975
-32.84
-38.31999999999999
-10.0
-27.0
-17.0
-44.0
-6.0
-184.0
-66.91999999999996
-56.0
-4.0
-23.0
-7.0
-47.0
-8.0
-54.0
-71.0
-2.0
-7.0
-10.0
-43.0
-35.0
-42.0
-3.0200000000000102
-10.840000000000003
-26.0
-1.0
-33.0
-39.0
-19.0
-48.0
-16.0
-203.0
-14.0
-16.0
-44.0
-37.879999999999995
-39.0
-9.0
-10.0
-28.0
-6.0
-71.0
-21.0
-30.0
-34.0
-42.0
-7.39500000000001
-3.8400000000000034
-12.0
-14.0
-4.0
-11.0
-17.0
-22.0
-179.0
-54.0
-11.120000000000005
-16.519999999999982
-41.48000000000002
-39.48000000000002
-71.48000000000002
-27.879999999999995
-1.0
-40.879999999999995
-4.32000000000005
-16.67999999999995
-21.319999999999993
-17.0
-12.0
-18.0
-12.60499999999999
-4.5
-26.0
-8.5
-30.0
-19.0
-9.0
-25.5
-6.5
-29.0
-25.0
-14.0
-28.0
-116.0
-133.0
-128.0
-0.0
-19.0
-523.0
-16.0
-21.0
-36.5
-10.0
-25.0
-72.07499999999999
-33.5
-40.0
-1.0
-5.0
-7.0
-4.0
-21.0
-27.0
-1.0
-14.0
-2.0
-33.0
-7.0
-21.0
-28.0
-21.0
-3.0
-3.0
-15.0
-3.0
-3.0
-12.0
-1.0
-58.07499999999999
-35.84
-13.0
-24.0
-3.0
-24.0
-10.0
-2.0
-107.0
-345.0
-44.0
-35.0
-54.0
-5.0
-42.0
-49.0
-8.0
-14.0
-4.0
-35.0
-51.879999999999995
-154.0
-12.0
-32.0
-36.39500000000001
-6.0
-15.0
-20.0
-13.0
-11.0
-6.0
-73.0
-35.0
-60.0
-0.0
-39.0
-28.0
-5.1200000000000045
-41.0
-43.0
-25.879999999999995
-17.0
-1.0
-6.8799999999999955
-62.0
-51.0
-5.0
-16.0
-12.189999999999998
-11.0
-54.920000000000016
-68.92000000000002
-65.92000000000002
-25.5
-43.920000000000016
-56.920000000000016
-43.079999999999984
-85.92000000000002
-594.0
-63.0
-42.0
-37.0
-134.0
-5.0
-44.0
-170.0
-51.0
-63.0
-141.0
-54.120000000000005
-20.0
-8.0
-29.939999999999998
-22.0
-6.0
-12.0
-28.0
-34.0
-9.0
-23.0
-109.0
-146.0
-22.0
-5.0
-50.879999999999995
-32.0
-1.0
-33.0
-45.0
-12.0
-1.080000000000041
-44.0
-27.0
-5.0
-19.0
-7.0
-0.13999999999998636
-6.0
-3.0
-2.0
-2.0
-4.0
-33.0
-48.66
-29.5
-27.5
-0.5
-4.0
-15.5
-18.0
-38.0
-2.0
-1.0
-26.0
-16.0
-35.0
-6.0
-6.0
-28.0
-1.0
-15.0
-7.0
-2.0
-20.0
-36.0
-31.0
-7.0
-103.66
-21.0
-21.0
-6.0
-2.0
-13.0
-14.5
-10.5
-107.56
-64.0
-18.0
-68.0
-26.0
-64.0
-26.0
-17.0
-18.0
-21.0
-33.67999999999995
-63.31999999999999
-145.32
-55.0
-21.0
-36.0
-10.430000000000007
-7.0
-1.0
-21.5
-13.0
-7.0
-15.5
-29.0
-166.0
-14.0
-21.0
-32.0
-30.0
-21.0
-43.51999999999998
-26.519999999999982
-40.51999999999998
-10.480000000000018
-1.0
-23.0
-64.0
-29.079999999999984
-8.079999999999984
-217.0
-12.569999999999993
-15.0
-3.0
-29.0
-8.0
-23.0
-683.0
-2.0
-151.0
-61.0
-25.0
-6.519999999999982
-32.48000000000002
-17.0
-6.0
-27.0
-15.0
-62.0
-15.0
-3.0
-41.0
-49.0
-26.0
-29.0
-51.0
-8.0
-6.0
-19.5
-12.5
-9.5
-31.0
-9.0
-109.0
-84.0
-51.0
-28.0
-28.0
-41.0
-8.0
-1.0
-47.0
-55.0
-23.0
-57.0
-5.0
-28.0
-19.0
-1.0
-33.06
-28.0
-8.0
-10.0
-17.0
-6.0
-15.0
-26.0
-60.0
-42.0
-72.0
-1.0
-6.0
-34.0
-14.0
-22.0
-61.0
-78.0
-42.0
-78.0
-32.0
-3.0
-15.0
-9.0
-41.06
-35.5
-21.5
-29.5
-12.0
-24.0
-56.0
-57.0
-7.0
-33.0
-109.0
-27.0
-31.0
-0.0
-47.0
-16.0
-4.0
-33.0
-6.0
-41.0
-5.0
-16.0
-47.0
-24.0
-30.169999999999987
-31.0
-4.0
-36.0
-792.0
-11.0
-62.0
-64.0
-57.0
-9.0
-73.0
-31.0
-54.0
-2.0
-53.0
-52.0
-34.0
-22.0
-15.0
-20.0
-21.0
-58.0
-7.0
-10.0
-31.63499999999999
-36.0
-2.0
-45.0
-19.960000000000008
-0.960000000000008
-2.5
-3.0
-111.0
-126.0
-32.0
-107.0
-71.0
-154.0
-139.0
-59.559999999999945
-55.559999999999945
-503.0
-81.0
-153.0
-227.0
-9.0
-2.0
-11.0
-43.06
-15.0
-37.0
-17.0
-34.0
-46.0
-40.0
-10.0
-102.0
-36.0
-102.0
-92.0
-95.0
-8.0
-191.0
-185.0
-52.0
-45.0
-58.0
-7.0
-58.0
-3.0
-26.0
-18.0
-41.06
-18.0
-30.0
-48.0
-22.0
-28.0
-24.0
-6.0
-122.0
-85.0
-2.0
-79.0
-52.0
-148.0
-55.0
-46.0
-29.0
-29.0
-48.0
-18.0
-8.0
-35.0
-40.0
-20.0
-41.06
-19.0
-37.0
-38.0
-38.0
-40.0
-41.0
-9.0
-72.0
-21.0
-18.0
-35.0
-45.0
-25.0
-17.0
-53.0
-44.0
-28.0
-67.0
-13.0
-46.0
-20.0
-31.0
-13.0
-55.06
-11.0
-28.0
-56.0
-23.0
-44.0
-13.0
-12.0
-37.0
-121.0
-7.0
-5.0
-64.0
-7.0
-4.0
-21.0
-15.0
-5.0
-20.0
-46.0
-3.0
-62.0
-13.0
-20.0
-41.06
-42.5
-44.0
-37.0
-37.5
-58.0
-2.0
-20.0
-23.0
-8.0
-38.0
-28.0
-18.0
-25.0
-12.0
-23.0
-7.0
-36.0
-39.0
-0.0
-22.5
-10.0
-12.0
-22.0
-20.099999999999994
-21.0
-24.0
-27.0
-21.0
-32.0
-28.0
-22.0
-21.0
-50.0
-3.0
-0.0
-21.0
-3.0
-1.0
-22.0
-11.0
-16.0
-21.0
-3.0
-24.0
-31.0
-35.0
-61.0
-6.1299999999999955
-10.0
-36.5
-52.0
-16.0
-8.0
-55.0
-13.0
-12.0
-29.0
-1.0
-23.0
-31.0
-15.0
-16.5
-36.0
-27.0
-30.0
-23.5
-12.5
-13.5
-10.5
-1.1999999999999886
-14.5
-21.610000000000014
-6.0
-7.5
-14.0
-11.800000000000011
-20.0
-23.5
-27.80000000000001
-75.19999999999999
-23.80000000000001
-6.7999999999999545
-27.0
-85.0
-201.0
-33.0
-7.0
-2.0
-80.0
-367.0
-156.0
-163.0
-93.0
-6.0
-0.0
-34.06
-0.0
-36.0
-32.0
-52.0
-45.0
-50.0
-5.0
-113.0
-27.32000000000005
-35.32000000000005
-23.0
-62.0
-44.0
-34.0
-8.0
-5.0
-19.0
-42.0
-17.0
-16.0
-0.0
-11.0
-3.0
-41.06
-22.0
-22.0
-33.0
-44.0
-3.0
-8.0
-1.0
-23.0
-56.0
-8.0
-28.0
-55.0
-4.0
-13.0
-2.0
-15.0
-1.0
-27.0
-11.0
-24.0
-34.0
-20.0
-8.0
-43.06
-27.0
-17.0
-52.0
-29.0
-48.5
-3.0
-33.0
-39.56
-70.44
-76.48000000000002
-35.48000000000002
-2.480000000000018
-25.840000000000032
-60.84000000000003
-62.84000000000003
-66.51999999999998
-81.51999999999998
-45.67999999999995
-17.680000000000007
-124.0
-62.0
-8.0
-19.0
-9.060000000000002
-30.0
-15.0
-30.159999999999997
-29.5
-33.16
-15.159999999999997
-16.159999999999997
-15.159999999999997
-12.0
-23.0
-5.0
-10.0
-11.0
-17.0
-1.0
-8.0
-7.0
-15.0
-29.0
-5.0
-21.0
-2.0
-1.0
-9.090000000000003
-8.0
-14.0
-20.0
-16.0
-4.0
-17.47999999999999
-32.47999999999999
-2.0
-53.31999999999999
-47.11500000000001
-23.61500000000001
-2.384999999999991
-18.5
-20.120000000000005
-38.08000000000001
-17.5
-9.0
-8.0
-5.0
-8.5
-16.0
-8.0
-2.5
-12.100000000000051
-6.47999999999999
-16.47999999999999
-7.47999999999999
-6.47999999999999
-13.0
-9.0
-6.0
-100.0
-10.0
-92.0
-6.0
-6.0
-75.0
-24.0
-27.0
-46.0
-345.0
-95.0
-25.0
-181.0
-31.0
-19.0
-1.0
-34.06
-16.0
-3.0
-25.0
-25.0
-16.0
-11.0
-3.0
-83.0
-58.0
-66.0
-0.0
-14.0
-15.0
-40.0
-26.0
-26.0
-24.0
-146.0
-6.0
-42.0
-33.0
-42.0
-30.0
-9.060000000000002
-7.0
-26.0
-0.0
-13.0
-2.0
-1.0
-7.0
-81.0
-52.0
-64.0
-16.0
-135.0
-86.0
-25.0
-163.0
-30.0
-14.0
-0.0
-105.0
-4.480000000000018
-10.519999999999982
-24.0
-24.0
-34.06
-4.0
-9.0
-17.0
-2.0
-13.0
-12.0
-7.0
-122.0
-60.0
-51.0
-7.0
-83.0
-6.0
-2.0
-5.0
-35.0
-17.0
-34.0
-3.0
-11.0
-56.0
-4.0
-12.0
-39.120000000000005
-30.0
-39.0
-17.0
-45.0
-37.0
-3.0
-6.0
-22.0
-133.0
-47.0
-56.0
-1.0
-35.0
-60.0
-79.0
-73.0
-89.0
-34.0
-31.0
-18.0
-55.0
-5.0
-36.0
-19.60000000000005
-18.860000000000014
-6.0
-7.5
-18.5
-8.5
-13.740000000000009
-31.24000000000001
-3.5
-33.16
-31.22999999999999
-28.22999999999999
-29.22999999999999
-1.5
-19.24000000000001
-39.160000000000025
-5.5
-15.0
-12.0
-33.0
-31.0
-32.0
-15.0
-2.5
-12.100000000000051
-18.72
-1.0
-2.0
-11.0
-11.0
-0.0
-20.0
-33.0
-76.0
-6.0
-6.0
-5.0
-36.0
-23.0
-8.0
-16.0
-27.0
-4.0
-36.0
-17.0
-21.0
-4.0
-6.0
-12.100000000000051
-12.759999999999991
-5.0
-13.0
-15.0
-11.0
-22.0
-14.0
-59.0
-19.0
-600.0
-50.0
-15.0
-84.0
-369.0
-30.0
-27.0
-39.0
-37.0
-32.0
-79.0
-43.0
-27.0
-0.0
-19.60000000000005
-2.0
-31.0
-19.0
-18.0
-29.0
-13.0
-34.0
-22.0
-16.0
-31.0
-7.0
-1.0
-187.0
-49.0
-5.0
-23.0
-1.0
-245.0
-17.0
-96.0
-52.0
-6.0
-9.0
-44.60000000000005
-3.0
-5.0
-19.0
-2.0
-10.0
-12.0
-20.0
-133.0
-106.0
-28.0
-180.0
-38.0
-11.0
-65.0
-18.0
-14.0
-11.0
-33.0
-33.0
-66.0
-0.0
-25.0
-9.0
-53.60000000000005
-9.0
-13.0
-5.0
-12.0
-0.0
-7.0
-8.0
-19.0
-259.0
-56.0
-28.0
-18.0
-7.0
-8.0
-2.0
-1.0
-15.0
-39.0
-7.0
-5.0
-20.0
-8.0
-24.0
-19.60000000000005
-3.0
-14.0
-3.0
-16.0
-12.0
-2.0
-25.0
-66.0
-30.0
-51.0
-42.0
-2.0
-215.0
-47.0
-138.0
-62.0
-12.0
-103.0
-482.0
-137.0
-55.0
-5.0
-1.0
-19.60000000000005
-11.0
-9.0
-7.0
-7.0
-1.0
-17.0
-39.0
-14.0
-11.0
-71.0
-39.0
-59.0
-25.0
-68.0
-50.0
-51.0
-42.0
-19.0
-17.0
-31.0
-10.0
-6.0
-28.0
-50.10000000000005
-16.0
-5.0
-10.0
-15.0
-20.0
-13.0
-22.0
-165.0
-40.0
-20.0
-21.0
-26.0
-4.0
-777.0
-32.0
-2.0
-45.0
-15.0
-25.0
-9.0
-6.0
-25.0
-24.0
-50.10000000000005
-4.0
-24.0
-35.0
-27.0
-5.0
-792.0
-7.0
-41.0
-200.0
-12.0
-14.0
-23.0
-39.0
-2.0
-1.0
-10.0
-14.0
-126.0
-4.0
-117.0
-39.0
-24.0
-56.0
-93.60000000000005
-84.0
-26.0
-7.0
-16.0
-12.0
-4.0
-10.0
-16.0
-38.0
-5.0
-2.0
-48.0
-144.0
-71.0
-23.0
-3.0
-10.0
-18.0
-15.0
-69.0
-68.0
-7.0
-2.0
-302.6
-17.0
-12.0
-18.0
-12.0
-19.0
-32.0
-31.0
-12.0
-21.0
-29.0
-6.0
-29.0
-151.0
-106.0
-33.0
-11.0
-11.0
-26.0
-10.0
-41.0
-3.0
-1.0
-36.0
-53.60000000000005
-12.0
-11.0
-36.0
-8.0
-4.0
-22.0
-9.0
-55.0
-509.0
-21.0
-47.0
-24.0
-19.0
-6.0
-1.0
-26.0
-16.0
-0.0
-7.0
-72.0
-1.0
-16.0
-5.0
-53.60000000000005
-22.0
-13.0
-4.0
-17.0
-8.0
-7.0
-6.0
-6.0
-11.0
-44.0
-16.0
-9.0
-33.0
-41.0
-35.0
-122.0
-65.0
-9.0
-11.0
-43.0
-30.0
-9.0
-22.0
-19.60000000000005
-2.0
-1.0
-14.0
-11.0
-4.0
-25.0
-357.0
-94.0
-23.0
-3.0
-19.0
-5.0
-120.75999999999999
-78.0
-66.84000000000003
-29.840000000000032
-133.84000000000003
-43.15999999999997
-78.16000000000003
-76.83999999999997
-61.0
-19.0
-23.0
-71.11000000000001
-10.0
-7.0
-15.0
-19.0
-28.0
-5.0
-25.0
-3.0
-31.0
-141.0
-88.0
-484.52
-53.51999999999998
-40.0
-48.0
-54.0
-49.0
-155.0
-83.0
-1.0
-33.0
-8.0
-40.0
-46.110000000000014
-8.0
-11.47999999999999
-0.5
-2.0
-6.0
-4.0
-3.0
-5.0
-40.0
-145.0
-65.0
-2.0
-19.0
-16.0
-41.0
-104.0
-39.0
-33.0
-73.0
-2.0
-28.0
-11.0
-2.0
-46.110000000000014
-8.0
-2.0
-1.0
-17.0
-5.0
-9.0
-21.0
-26.0
-21.620000000000005
-31.0
-17.0
-34.0
-64.5
-6.5
-7.0
-6.0
-1.0
-33.0
-19.0
-11.0
-11.0
-2.0
-7.0
-24.639999999999986
-11.0
-5.0
-24.0
-5.0
-8.0
-18.47999999999999
-12.5
-13.759999999999991
-52.24000000000001
-68.5
-33.0
-10.5
-4.5
-25.5
-10.0
-5.0
-0.0
-5.0
-12.0
-15.0
-23.0
-23.0
-24.0
-44.639999999999986
-17.0
-39.0
-5.0
-27.0
-0.5
-1.0
-16.0
-144.0
-45.0
-253.0
-13.0
-23.0
-76.0
-63.0
-147.0
-4.0
-38.0
-42.0
-21.0
-82.0
-77.0
-23.0
-32.0
-46.110000000000014
-12.060000000000002
-27.5
-6.0
-37.0
-5.5
-6.5
-9.5
-40.60000000000002
-38.39999999999998
-91.39999999999998
-84.39999999999998
-97.39999999999998
-2.6000000000000227
-139.60000000000002
-166.60000000000002
-228.39999999999998
-76.60000000000002
-41.60000000000002
-26.399999999999977
-21.600000000000023
-26.399999999999977
-41.60000000000002
-7.0
-80.11000000000001
-1.8799999999999955
-1.0
-2.0
-5.0
-5.0
-7.0
-3.0
-17.0
-36.0
-13.0
-9.0
-45.0
-139.0
-29.0
-9.0
-11.0
-40.0
-45.0
-40.0
-50.0
-34.0
-7.0
-16.0
-46.110000000000014
-36.56
-5.0
-12.0
-9.0
-11.0
-14.5
-19.0
-9.0
-48.0
-24.0
-29.0
-4.0
-137.0
-22.0
-2.0
-16.0
-15.0
-74.0
-47.0
-19.0
-64.0
-27.0
-33.0
-46.110000000000014
-20.560000000000002
-18.0
-13.0
-5.0
-4.0
-14.5
-19.0
-24.0
-39.0
-49.0
-34.0
-12.0
-26.0
-41.0
-12.0
-9.0
-31.0
-59.0
-52.0
-20.0
-22.0
-31.0
-16.0
-49.110000000000014
-21.0
-32.0
-3.0
-29.0
-17.0
-20.0
-8.0
-17.0
-4.0
-33.0
-44.0
-24.0
-14.0
-20.0
-47.56
-31.439999999999998
-17.0
-3.0
-31.0
-11.0
-17.0
-13.0
-10.0
-25.150000000000006
-10.0
-33.0
-37.0
-5.0
-14.0
-18.0
-52.0
-63.0
-44.0
-39.0
-9.0
-12.0
-4.0
-27.0
-13.0
-12.0
-14.0
-5.0
-39.0
-2.5
-17.0
-8.0
-1.0
-11.634999999999991
-14.0
-2.0
-0.0
-13.0
-2.0
-17.0
-19.0
-35.0
-235.0
-110.0
-172.0
-122.0
-42.0
-3.0
-16.0
-130.0
-42.0
-35.0
-4.0
-130.0
-34.0
-29.0
-1.0
-46.110000000000014
-6.0
-10.0
-7.0
-8.0
-15.0
-11.0
-7.0
-10.0
-37.0
-24.0
-55.0
-9.0
-45.0
-1.0
-6.0
-8.0
-17.0
-36.0
-13.0
-131.0
-42.0
-2.0
-33.0
-62.110000000000014
-16.0
-15.0
-7.0
-17.0
-19.0
-17.0
-7.0
-26.0
-44.0
-23.0
-50.0
-34.0
-2.0
-14.0
-13.0
-33.0
-4.0
-14.0
-34.0
-2.0
-50.0
-18.0
-24.0
-94.11000000000001
-3.0
-17.0
-7.0
-16.0
-3.0
-6.0
-1.0
-298.0
-254.0
-52.91999999999996
-32.91999999999996
-17.0
-73.0
-5.0
-4.0
-5.0
-18.0
-35.0
-23.0
-73.0
-41.0
-12.0
-7.0
-94.11000000000001
-2.0
-3.0
-20.0
-4.0
-2.0
-6.0
-3.0
-11.0
-22.0
-7.0
-20.0
-13.0
-76.0
-12.440000000000055
-30.440000000000055
-52.0
-100.0
-3.0
-51.0
-25.0
-86.0
-30.0
-11.0
-78.11000000000001
-7.0
-3.0
-19.0
-1.0
-25.0
-10.0
-25.0
-31.0
-4.0
-2.0
-11.0
-34.0
-40.0
-20.0
-11.0
-19.0
-9.0
-34.0
-13.0
-5.0
-21.0
-3.0
-2.0
-3.8799999999999955
-7.0
-19.0
-0.0
-12.0
-16.0
-2.0
-3.0
-40.0
-11.0
-18.0
-12.0
-18.0
-32.0
-18.0
-40.0
-1.0
-1.0
-7.0
-45.0
-16.0
-3.0
-21.0
-9.0
-15.120000000000005
-26.0
-9.0
-23.0
-18.0
-18.0
-24.0
-6.0
-79.0
-38.0
-113.03999999999996
-48.960000000000036
-21.0
-61.0
-85.0
-37.0
-57.0
-57.0
-93.0
-4.0
-214.0
-175.0
-39.0
-27.0
-80.0
-78.0
-14.0
-8.0
-55.0
-75.0
-10.0
-61.0
-43.0
-109.0
-26.0
-23.0
-91.0
-26.0
-45.0
-43.155
-2.0
-13.0
-3.0
-10.0
-6.0
-8.0
-35.0
-22.0
-23.0
-36.0
-101.0
-51.0
-70.0
-76.0
-8.0
-45.0
-10.0
-17.0
-34.0
-19.0
-22.0
-5.0
-35.0
-68.845
-18.0
-15.0
-33.0
-13.0
-6.0
-23.0
-19.0
-3.0
-31.0
-17.0
-26.560000000000002
-26.560000000000002
-6.0
-11.0
-39.0
-10.0
-2.0
-1.0
-28.0
-29.0
-2.0
-3.0
-6.0
-41.110000000000014
-12.0
-28.0
-2.0
-10.5
-11.0
-9.0
-12.0
-49.0
-25.0
-19.0
-56.0
-31.0
-784.0
-70.0
-31.0
-21.0
-26.0
-19.0
-51.0
-32.0
-24.0
-6.0
-14.0
-2.0999999999999943
-14.0
-14.0
-20.0
-6.0
-30.0
-2.0
-18.0
-147.0
-33.0
-47.0
-35.0
-105.0
-88.0
-33.0
-84.0
-49.0
-67.0
-260.0
-550.0
-60.0
-64.0
-26.0
-38.0
-29.845
-6.0
-374.0
-7.0
-12.0
-5.0
-22.0
-17.0
-126.0
-42.0
-61.0
-56.0
-25.0
-137.0
-83.0
-65.0
-83.0
-62.0
-78.0
-5.0
-52.0
-3.0
-7.0
-11.0
-16.155
-3.0
-8.0
-6.0
-2.0
-12.0
-0.0
-50.0
-3.0
-12.0
-33.0
-40.0
-52.0
-74.0
-575.31
-38.0
-26.0
-43.0
-40.0
-9.0
-47.0
-18.0
-14.0
-30.0
-29.845
-11.0
-5.0
-2.0
-2.0
-24.0
-5.0
-15.0
-90.0
-73.0
-55.0
-140.0
-496.0
-91.0
-459.655
-17.0
-25.0
-196.0
-32.0
-26.0
-113.0
-30.0
-33.0
-40.0
-46.845
-37.0
-24.0
-1.0
-8.0
-8.0
-35.0
-44.0
-10.0
-82.0
-65.0
-117.0
-77.0
-86.0
-57.0
-43.0
-51.0
-14.0
-33.0
-54.0
-44.0
-141.0
-78.0
-206.0
-22.155
-42.0
-27.0
-67.0
-9.0
-17.0
-10.0
-5.0
-8.0
-9.0
-33.0
-23.0
-19.0
-31.0
-99.0
-12.0
-48.5
-57.5
-220.0
-152.0
-41.0
-59.0
-62.5
-108.0
-57.129999999999995
-16.0
-26.0
-16.0
-3.5
-106.0
-420.0
-10.0
-5.0
-47.0
-250.0
-6.0
-95.0
-8.0
-18.0
-45.0
-50.5
-57.5
-222.0
-49.0
-7.0
-90.0
-1.0
-68.0
-575.13
-30.5
-10.539999999999992
-18.0
-5.5
-548.0
-638.0
-5.0
-110.0
-2.0
-66.0
-184.0
-134.0
-515.0
-290.0
-19.0
-193.0
-29.0
-136.0
-216.0
-90.0
-7.0
-1.5
-192.0
-29.845
-40.5
-7.460000000000008
-73.0
-138.5
-355.0
-720.0
-210.0
-4.0
-76.0
-115.0
-185.0
-103.0
-46.0
-37.0
-13.0
-70.0
-134.0
-8.0
-179.0
-34.0
-16.0
-8.0
-34.0
-4.155000000000001
-12.5
-21.919999999999987
-1.0
-17.0
-11.0
-8.0
-6.0
-14.0
-28.0
-22.0
-26.0
-55.0
-12.0
-30.0
-22.0
-13.0
-2.0
-5.0
-171.0
-14.0
-26.0
-42.0
-3.0
-2.844999999999999
-22.0
-16.0
-8.0
-4.0
-10.0
-12.0
-22.0
-51.0
-17.0
-9.0
-555.0
-548.0
-44.0
-57.0
-40.0
-37.0
-45.0
-46.0
-161.0
-71.0
-132.0
-1.0
-7.0
-2.844999999999999
-3.0
-2.0
-41.0
-10.5
-0.0
-22.0
-30.0
-174.0
-242.0
-15.0
-14.0
-20.0
-76.0
-45.0
-48.0
-44.0
-27.0
-15.0
-48.0
-15.0
-34.0
-23.0
-15.0
-4.844999999999999
-8.0
-6.0
-12.0
-26.0
-19.0
-20.0
-11.0
-104.0
-9.0
-56.0
-90.0
-59.0
-27.0
-84.0
-53.0
-10.0
-36.0
-55.0
-11.0
-41.0
-21.0
-6.0
-1.0
-34.129999999999995
-9.0
-5.0
-8.0
-11.0
-14.0
-12.0
-7.0
-16.0
-15.0
-59.0
-63.0
-80.0
-38.0
-81.0
-72.0
-66.0
-77.0
-39.0
-13.0
-16.0
-5.0
-11.0
-6.0
-34.129999999999995
-9.0
-0.0
-3.0
-9.0
-10.0
-26.0
-10.0
-86.0
-322.0
-42.0
-27.0
-73.0
-558.0
-50.0
-50.0
-43.0
-36.0
-44.0
-21.0
-36.0
-12.0
-31.0
-4.0
-4.155000000000001
-2.0
-26.0
-4.47999999999999
-20.5
-7.5
-15.5
-82.0
-26.0
-31.32000000000005
-57.32000000000005
-67.32000000000005
-58.0
-69.0
-113.0
-40.0
-14.0
-23.0
-56.0
-284.0
-534.0
-23.0
-18.0
-30.0
-13.844999999999999
-6.0
-636.0
-28.0
-22.0
-10.0
-33.0
-84.0
-18.0
-55.0
-32.0
-21.0
-66.0
-58.0
-64.0
-8.0
-14.0
-11.0
-11.0
-25.0
-10.0
-35.0
-16.0
-11.0
-44.139999999999986
-22.5
-19.0
-11.5
-71.68
-43.59
-16.620000000000005
-74.51999999999998
-65.16000000000003
-83.63999999999999
-106.63999999999999
-21.519999999999982
-43.48000000000002
-42.639999999999986
-36.84000000000003
-3.159999999999968
-49.84000000000003
-75.84000000000003
-54.75999999999999
-13.759999999999991
-71.39999999999998
-3.6000000000000227
-48.39999999999998
-50.75999999999999
-1.3950000000000102
-3.0
-0.0
-7.5
-76.84000000000003
-31.590000000000003
-25.620000000000005
-61.19999999999999
-102.42000000000002
-338.0
-450.52
-24.75999999999999
-89.74000000000001
-347.0
-29.0
-245.0
-200.0
-13.0
-132.0
-268.0
-30.0
-48.0
-53.0
-25.379999999999995
-1.6049999999999898
-151.51999999999998
-20.47999999999999
-25.819999999999993
-85.0
-15.0
-63.0
-21.0
-17.0
-706.0
-36.0
-17.0
-55.0
-1.0
-22.0
-24.0
-38.0
-14.0
-40.0
-6.0
-13.0
-26.0
-16.0
-3.0
-13.129999999999995
-91.30000000000001
-476.24
-9.639999999999986
-39.0
-11.0
-32.0
-13.360000000000014
-3.0
-7.5
-50.0
-22.5
-37.5
-1.0
-6.0
-20.5
-14.5
-11.0
-14.5
-15.5
-15.0
-11.0
-16.0
-12.5
-3.1299999999999955
-11.0
-19.0
-4.0
-104.84000000000003
-24.409999999999997
-52.24000000000001
-43.99000000000001
-26.0
-288.0
-76.0
-36.0
-440.0
-22.0
-28.0
-437.0
-405.5
-448.0
-146.0
-8.0
-17.0
-30.0
-67.0
-48.0
-35.39500000000001
-42.09
-24.0
-34.099999999999994
-98.0
-43.59
-38.0
-0.009999999999990905
-9.399999999999977
-339.0
-13.0
-219.0
-5.0
-448.0
-376.0899999999998
-231.0
-51.0
-301.0
-360.0
-43.0
-2.0
-6.0
-11.0
-3.0
-0.39500000000001023
-74.18
-58.18000000000001
-34.19999999999999
-70.18
-72.18
-64.18
-104.18
-258.8
-150.82000000000005
-67.82000000000005
-12.82000000000005
-201.82000000000005
-117.79999999999995
-22.82000000000005
-31.82000000000005
-147.82000000000005
-95.82
-248.2
-339.17999999999995
-128.82
-95.0
-26.0
-54.0
-9.60499999999999
-92.30000000000001
-39.0
-14.0
-7.0
-0.0
-3.0
-12.0
-795.0
-33.0
-2.0
-81.0
-8.0
-2.0
-48.0
-8.0
-22.0
-17.0
-44.0
-37.0
-5.0
-12.0
-5.0
-8.0
-25.159999999999997
-5.9199999999999875
-3.0
-23.0
-2.0
-5.0
-42.0
-8.0
-11.0
-3.0
-7.0
-9.0
-12.0
-38.0
-818.0
-25.0
-20.0
-24.0
-9.0
-26.0
-10.0
-16.0
-12.0
-12.0
-23.61500000000001
-15.919999999999987
-5.0
-36.0
-1.0
-1.0
-43.0
-19.0
-46.0
-13.0
-7.0
-6.0
-43.0
-22.0
-48.0
-3.0
-8.0
-36.0
-47.0
-26.0
-39.0
-2.0
-6.0
-7.0
-21.069999999999993
-12.0
-18.0
-23.0
-8.0
-5.0
-11.0
-16.0
-108.0
-18.0
-140.0
-2.0
-26.0
-18.0
-46.0
-32.0
-40.0
-39.0
-45.0
-1.0
-41.0
-1.0
-50.0
-8.0
-6.930000000000007
-25.0
-28.0
-7.0
-66.0
-34.0
-45.0
-31.0
-662.0
-183.0
-14.0
-135.0
-302.0
-247.0
-258.0
-154.0
-11.0
-152.0
-0.0
-34.0
-163.0
-15.0
-8.5
-157.0
-48.59
-15.0
-13.0
-234.0
-128.0
-202.5
-32.0
-72.0
-18.0
-469.0
-641.0
-357.0
-84.0
-8.0
-487.0
-108.0
-212.0
-48.0
-154.0
-357.0
-14.0
-69.0
-42.0
-41.0
-20.409999999999997
-1.0
-0.0
-38.0
-17.0
-9.0
-18.0
-1.0
-44.0
-237.0
-196.0
-302.0
-501.0
-47.0
-6.0
-9.0
-2.0
-16.0
-23.0
-10.0
-11.0
-20.0
-18.0
-2.0
-30.590000000000003
-6.0
-16.0
-10.0
-5.0
-5.0
-3.0
-25.0
-79.0
-280.0
-21.0
-8.0
-35.0
-23.0
-3.0
-23.0
-7.0
-5.0
-56.0
-38.0
-102.0
-3.0
-52.0
-15.0
-23.590000000000003
-35.0
-5.0
-222.0
-11.0
-14.0
-358.0
-11.0
-75.0
-50.0
-142.0
-5.0
-41.0
-17.0
-46.0
-34.0
-3.0
-33.0
-28.0
-48.0
-52.0
-24.0
-1.0
-5.0
-17.590000000000003
-0.0
-4.0
-6.0
-9.0
-16.0
-11.0
-16.0
-13.0
-31.0
-12.0
-46.0
-24.0
-10.0
-44.0
-47.0
-49.0
-36.0
-2.0
-19.0
-26.0
-29.0
-9.0
-4.5
-12.579999999999956
-5.0
-12.0
-2.0
-27.5
-13.0
-31.0
-174.0
-163.0
-14.0
-31.0
-65.0
-32.0
-103.0
-53.0
-53.0
-19.0
-54.0
-713.0
-6.0
-12.0
-1.0
-19.0
-3.0
-3.0900000000000034
-13.0
-8.0
-13.0
-28.0
-7.0
-6.0
-26.0
-68.0
-122.0
-138.0
-15.0
-91.0
-94.0
-157.0
-21.0
-19.0
-9.0
-90.0
-29.0
-113.0
-38.0
-34.0
-11.0
-42.59
-15.0
-2.0
-12.0
-4.0
-27.0
-22.0
-37.0
-0.0
-38.0
-40.0
-10.0
-90.0
-66.0
-14.0
-47.0
-53.0
-28.0
-62.0
-57.0
-51.0
-57.0
-28.0
-12.0
-23.590000000000003
-22.0
-8.0
-29.0
-22.0
-10.0
-8.0
-10.0
-63.0
-80.0
-13.0
-47.0
-40.0
-9.0
-8.0
-38.0
-41.0
-42.0
-78.0
-18.0
-124.0
-50.0
-50.0
-35.0
-42.59
-10.0
-37.0
-2.0
-20.0
-6.0
-7.0
-16.0
-2.0
-9.0
-158.0
-19.0
-56.0
-168.0
-9.0
-12.0
-12.0
-37.0
-26.0
-6.0
-55.0
-366.0
-16.0
-19.0
-19.085000000000008
-4.0
-12.0
-15.0
-31.0
-47.0
-17.0
-19.0
-139.0
-76.0
-173.0
-828.12
-831.64
-18.0
-199.0
-204.0
-126.08000000000004
-48.0
-64.0
-84.12
-9.0
-42.0
-41.0
-12.0
-4.615000000000009
-17.5
-19.5
-70.5
-16.5
-6.5
-20.0
-32.28
-12.279999999999973
-38.27999999999997
-7.279999999999973
-48.27999999999997
-179.27999999999997
-103.27999999999997
-124.27999999999997
-101.0
-99.12
-9.0
-50.0
-1.0
-17.0
-125.0
-7.0
-14.0
-1.1399999999999864
-5.0
-4.0
-66.0
-30.0
-0.0
-15.0
-23.639999999999986
-114.0
-49.0
-25.0
-17.0
-20.120000000000005
-4.0
-148.0
-132.0
-137.08000000000004
-101.0
-179.0
-27.0
-79.0
-182.0
-18.0
-34.0
-2.545000000000016
-52.0
-75.0
-6.0
-94.0
-38.0
-2.0
-7.0
-165.0
-88.0
-30.0
-729.0
-39.0
-561.0
-65.0
-16.0
-9.0
-1.0
-27.0
-20.0
-31.0
-0.0
-1.0
-27.0
-34.08500000000001
-18.0
-8.0
-13.0
-6.0
-1.0
-38.0
-15.0
-1.0
-33.0
-19.0
-16.0
-119.0
-31.0
-87.0
-0.0
-23.0
-56.0
-20.5
-8.0
-10.0
-36.0
-17.0
-22.0
-3.914999999999992
-26.0
-26.0
-52.0
-47.0
-9.0
-11.0
-7.0
-7.0
-42.0
-19.0
-22.0
-40.0
-13.0
-8.0
-2.0
-1.0
-17.0
-19.0
-25.0
-16.0
-26.0
-8.0
-1.0
-20.085000000000008
-3.0
-7.0
-14.0
-0.0
-3.0
-2.0
-5.0
-133.0
-52.0
-34.0
-47.0
-77.0
-48.0
-0.0
-81.0
-39.0
-4.0
-51.0
-25.0
-52.0
-30.0
-14.0
-7.0
-2.545000000000016
-24.5
-17.0
-26.0
-24.0
-13.0
-2.0
-3.0
-88.0
-25.0
-28.0
-2.0
-76.0
-14.759999999999991
-49.0
-27.0
-52.0
-52.0
-53.879999999999995
-162.0
-50.0
-59.120000000000005
-5.0
-33.0
-20.230000000000018
-24.5
-15.0
-6.0
-12.0
-22.0
-27.0
-10.0
-72.04000000000002
-11.039999999999964
-57.0
-106.0
-194.0
-87.0
-134.0
-125.0
-115.0
-70.0
-79.0
-109.12
-23.0
-4.0
-7.0
-6.0
-1.2700000000000102
-24.5
-16.0
-21.0
-0.0
-11.0
-24.0
-51.0
-34.0
-14.0
-37.0
-3.0
-68.0
-16.0
-22.0
-11.0
-28.0
-74.96000000000004
-73.15999999999997
-15.840000000000032
-52.48000000000002
-15.0
-0.0
-4.0
-8.240000000000009
-467.5
-15.0
-9.0
-0.0
-2.0
-0.0
-6.0
-33.079999999999984
-29.0
-52.0
-6.8799999999999955
-45.27999999999997
-42.72000000000003
-2.7200000000000273
-34.72000000000003
-23.0
-29.0
-62.120000000000005
-15.0
-105.0
-36.0
-6.0
-61.0
-10.25
-24.5
-2.0
-5.0
-1.0
-19.0
-30.0
-4.0
-9.0
-14.0
-102.0
-38.0
-55.0
-45.0
-49.0
-21.0
-63.0
-14.0
-140.0
-36.0
-92.0
-58.0
-33.0
-15.0
-8.115000000000009
-40.0
-11.0
-3.0
-17.0
-6.5
-19.0
-22.0
-143.5
-21.0
-28.0
-20.0
-6.0
-3.0
-20.0
-6.0
-11.0
-21.0
-18.0
-36.0
-19.0
-22.0
-19.0
-9.0
-20.085000000000008
-17.0
-7.0
-8.0
-9.0
-38.0
-16.0
-18.0
-17.0
-15.0
-5.0
-31.0
-17.0
-12.0
-3.0
-1.0
-12.0
-14.0
-12.0
-3.0
-7.0
-17.5
-31.0
-7.0
-19.085000000000008
-16.0
-11.0
-6.0
-4.0
-41.0
-15.0
-8.0
-193.56
-28.559999999999945
-90.0
-86.0
-93.12
-1.0
-64.0
-58.0
-74.0
-87.0
-45.0
-109.0
-33.0
-60.0
-36.0
-52.0
-45.88499999999999
-67.0
-81.0
-13.0
-17.0
-5.0
-2.0
-33.0
-56.0
-40.0
-29.0
-41.0
-746.12
-41.0
-56.0
-11.0
-17.0
-13.0
-267.0
-7.0
-21.0
-50.0
-28.0
-62.0
-45.88499999999999
-13.5
-20.0
-2.0
-10.0
-11.0
-8.0
-3.0
-20.0
-14.0
-23.0
-34.0
-28.0
-65.0
-35.67999999999995
-50.67999999999995
-56.60000000000002
-52.440000000000055
-13.559999999999945
-28.560000000000002
-42.079999999999984
-24.80000000000001
-17.920000000000016
-11.5
-9.115000000000009
-13.5
-2.0
-6.5
-27.0
-12.0
-10.5
-1.0
-143.16000000000003
-34.15999999999997
-38.91999999999996
-29.0
-24.91999999999996
-61.08000000000004
-168.15999999999997
-14.960000000000036
-41.24000000000001
-113.75999999999999
-25.24000000000001
-101.88
-55.24000000000001
-13.360000000000014
-24.04000000000002
-30.0
-9.115000000000009
-24.5
-3.5
-6.5
-33.0
-2.0
-13.0
-20.0
-7.0
-1.0
-37.0
-10.0
-1.0
-66.0
-618.0
-18.0
-32.0
-15.0
-197.0
-8.0
-9.0
-17.0
-27.0
-5.0
-9.115000000000009
-14.5
-10.0
-3.0
-5.0
-45.0
-1.0
-40.0
-161.0
-29.0
-40.0
-39.0
-4.0
-30.0
-28.0
-23.0
-11.0
-0.5
-23.0
-14.0
-24.0
-5.0
-7.0
-21.0
-34.08500000000001
-13.5
-6.0
-0.0
-25.0
-3.0
-20.0
-0.0
-26.0
-32.0
-35.72
-1.5
-52.72000000000003
-45.72000000000003
-8.719999999999999
-27.720000000000027
-17.72
-11.5
-1.0
-23.0
-18.5
-1.5
-7.5
-18.0
-3.914999999999992
-40.5
-35.5
-4.0
-2.0
-45.0
-42.28
-71.72000000000003
-49.27999999999997
-25.720000000000027
-79.27999999999997
-12.279999999999973
-66.27999999999997
-72.88
-13.0
-58.0
-46.0
-9.0
-61.0
-163.0
-21.680000000000007
-20.80000000000001
-12.680000000000007
-45.0
-27.97999999999999
-392.5
-5.0
-2.0
-0.5
-8.0
-23.0
-18.0
-26.0
-36.0
-21.0
-15.0
-5.0
-66.0
-49.0
-19.0
-2.0
-67.0
-37.0
-50.0
-33.0
-12.0
-25.0
-0.0
-28.455000000000013
-11.5
-19.0
-16.0
-7.0
-6.5
-13.5
-11.5
-4.0
-19.0
-3.0
-57.0
-26.0
-35.879999999999995
-31.0
-23.0
-37.0
-47.879999999999995
-187.0
-41.0
-30.0
-8.0
-30.0
-21.0
-8.930000000000007
-11.0
-1.0
-15.0
-6.0
-9.0
-9.0
-5.0
-24.0
-16.0
-10.0
-40.0
-35.0
-8.0
-10.0
-6.0
-45.0
-95.0
-14.0
-64.08000000000004
-30.0
-54.0
-40.0
-59.0
-7.97999999999999
-22.0
-6.0
-29.0
-11.0
-6.5
-38.0
-1.0
-9.0
-29.0
-28.0
-35.91999999999996
-62.0
-94.0
-60.0
-91.0
-134.12
-8.0
-98.0
-16.0
-1.0
-44.0
-13.0
-11.0
-39.93000000000001
-8.5
-14.0
-4.0
-13.0
-0.0
-16.0
-7.0
-759.0
-57.0
-55.0
-41.0
-4.0
-81.0
-56.839999999999975
-50.839999999999975
-79.32
-0.5
-20.0
-44.0
-7.5
-24.5
-13.5
-3.0
-34.08500000000001
-7.5
-22.0
-23.5
-24.0
-31.0
-12.0
-3.0
-28.0
-19.0
-30.0
-31.0
-50.0
-52.0
-14.0
-10.419999999999987
-37.160000000000025
-11.5
-7.0
-5.0
-7.5
-24.5
-13.0
-12.0
-40.08500000000001
-2.0
-38.0
-29.0
-42.0
-30.0
-19.0
-10.0
-170.12
-54.039999999999964
-139.03999999999996
-0.0
-21.0
-81.0
-111.0
-180.0
-119.51999999999998
-125.51999999999998
-1.0
-25.0
-43.0
-37.0
-17.0
-35.0
-45.860000000000014
-36.0
-4.0
-25.0
-1.0
-19.0
-26.0
-51.0
-24.0
-48.0
-61.879999999999995
-103.0
-19.0
-43.0
-43.0
-76.0
-67.0
-19.0
-26.0
-62.879999999999995
-30.0
-21.0
-34.0
-17.0
-3.1399999999999864
-34.0
-1.0
-8.0
-12.0
-5.0
-478.0
-28.0
-28.0
-51.0
-0.8799999999999955
-90.0
-27.0
-14.0
-52.0
-67.88
-102.0
-109.0
-110.0
-9.0
-10.0
-3.0
-33.0
-10.0
-11.865000000000009
-5.0
-13.0
-9.0
-9.0
-31.0
-22.0
-66.0
-2.0
-7.0
-9.0
-12.0
-27.0
-43.0
-11.0
-8.0
-10.0
-8.0
-1.0
-12.0
-12.0
-9.0
-47.0
-20.0
-11.085000000000008
-14.0
-17.0
-5.0
-4.0
-3.0
-3.0
-15.0
-4.0
-18.0
-10.0
-6.0
-15.0
-29.0
-40.0
-16.0
-10.0
-34.0
-29.0
-12.0
-17.0
-17.0
-16.0
-17.0
-20.085000000000008
-2.0
-3.0
-9.0
-16.0
-6.0
-1.0
-5.0
-23.0
-35.0
-30.0
-16.0
-34.0
-5.0
-34.0
-28.0
-3.0
-391.0
-5.0
-4.0
-7.0
-7.0
-20.0
-782.0
-34.08500000000001
-21.5
-8.0
-28.0
-5.0
-3.0
-23.0
-20.0
-16.0
-6.0
-3.0
-18.0
-24.0
-93.0
-53.0
-10.0
-22.0
-12.0
-14.0
-28.0
-37.0
-69.0
-1.0
-25.0
-20.085000000000008
-5.0
-21.0
-13.0
-18.0
-15.0
-33.47999999999999
-14.5
-5.0
-6.0
-47.0
-112.0
-23.0
-14.0
-12.0
-739.0
-42.0
-44.0
-5.0
-7.0
-23.0
-25.0
-5.0
-34.0
-4.914999999999992
-8.0
-23.0
-4.0
-19.0
-2.0
-3.0
-22.0
-14.0
-24.0
-14.0
-14.0
-30.0
-43.0
-13.0
-1.0
-23.0
-12.0
-4.0
-33.0
-13.0
-28.0
-20.0
-13.0
-4.914999999999992
-1.0
-7.0
-13.0
-15.0
-0.0
-25.0
-13.0
-11.0
-11.0
-18.0
-4.0
-54.0
-22.0
-8.0
-31.0
-11.0
-15.0
-1.0
-13.0
-19.0
-14.5
-5.0
-18.0
-19.05000000000001
-12.0
-2.0
-34.0
-3.0
-13.0
-29.0
-9.0
-93.0
-125.0
-12.0
-18.0
-0.0
-72.0
-155.0
-22.0
-12.0
-50.0
-79.20000000000005
-30.0
-54.0
-15.0
-35.0
-8.0
-30.86500000000001
-35.0
-16.0
-3.0
-5.0
-9.0
-30.0
-24.0
-14.0
-78.0
-210.0
-34.91999999999996
-47.0
-130.0
-5.0
-3.0
-48.0
-29.0
-5.0
-222.0
-32.0
-27.0
-3.0
-11.0
-49.86500000000001
-18.0
-8.0
-11.0
-30.0
-6.0
-33.0
-36.0
-56.0
-102.0
-25.0
-58.0
-103.88
-63.0
-23.91999999999996
-32.0
-20.0
-22.32000000000005
-81.32000000000005
-6.319999999999993
-33.0
-14.0
-26.0
-29.805000000000007
-32.75999999999999
-52.56
-24.939999999999998
-17.439999999999998
-14.439999999999998
-28.439999999999998
-46.68000000000001
-6.1200000000000045
-1.8799999999999955
-13.120000000000005
-18.120000000000005
-43.120000000000005
-80.63999999999999
-86.50999999999999
-9.120000000000005
-49.110000000000014
-7.1200000000000045
-45.879999999999995
-84.88999999999999
-24.600000000000023
-12.399999999999977
-18.610000000000014
-88.60000000000002
-54.48000000000002
-52.51999999999998
-53.22000000000003
-30.939999999999998
-23.439999999999998
-20.439999999999998
-33.44
-45.879999999999995
-23.439999999999998
-29.399999999999977
-20.799999999999955
-96.20000000000005
-50.200000000000045
-51.200000000000045
-100.79999999999995
-21.200000000000045
-7.2000000000000455
-17.200000000000045
-20.799999999999955
-80.79999999999995
-26.80000000000001
-62.19999999999999
-15.199999999999989
-58.80000000000001
-58.06999999999999
-38.28
-41.879999999999995
-52.879999999999995
-57.879999999999995
-46.879999999999995
-41.879999999999995
-40.879999999999995
-80.88
-39.120000000000005
-47.879999999999995
-135.12
-37.72000000000003
-54.72000000000003
-105.27999999999997
-101.72000000000003
-24.720000000000027
-50.120000000000005
-34.91999999999996
-23.75999999999999
-63.75999999999999
-45.24000000000001
-18.079999999999984
-33.879999999999995
-3.1100000000000136
-1.0
-7.5
-5.5
-9.5
-3.0
-7.5
-6.0
-35.0
-15.519999999999982
-28.519999999999982
-21.519999999999982
-35.0
-65.0
-49.95999999999998
-44.04000000000002
-72.04000000000002
-49.04000000000002
-24.0
-30.0
-15.0
-0.0
-7.0
-32.0
-28.5
-17.0
-39.5
-32.5
-9.5
-3.0
-2.5
-3.0
-20.0
-54.75999999999999
-18.75999999999999
-4.560000000000002
-20.560000000000002
-53.56
-60.56
-79.44
-78.56
-107.56
-43.56
-29.0
-34.0
-12.0
-1.0
-11.5
-0.5
-64.72000000000003
-128.07999999999998
-61.04000000000002
-60.95999999999998
-43.95999999999998
-80.95999999999998
-80.04000000000002
-145.95999999999998
-191.03999999999996
-226.96000000000004
-20.039999999999964
-4.960000000000036
-44.960000000000036
-110.96000000000004
-2.0399999999999636
-26.039999999999964
-34.960000000000036
-44.039999999999964
-152.96000000000004
-86.96000000000004
-23.04000000000002
-4.9599999999999795
-30.95999999999998
-68.86000000000001
-27.860000000000014
-11.0
-9.47999999999999
-18.480000000000018
-3.9799999999999898
-44.97999999999999
-36.47999999999999
-84.0
-140.0
-36.0
-47.0
-26.0
-21.0
-14.0
-33.0
-26.0
-27.0
-81.0
-59.0
-5.0
-45.0
-21.0
-30.0
-35.44
-2.0
-23.0
-18.0
-14.0
-4.0
-0.0
-35.0
-8.0
-9.0
-121.0
-63.0
-23.0
-40.0
-711.0
-32.0
-20.0
-30.0
-22.0
-109.0
-71.0
-30.0
-22.0
-6.0
-43.44
-22.0
-32.0
-4.0
-1.0
-20.0
-9.0
-26.0
-8.0
-8.0
-39.0
-28.0
-1.0
-121.0
-64.0
-23.0
-8.0
-8.0
-6.0
-74.0
-27.0
-21.519999999999982
-35.48000000000002
-49.0
-21.019999999999982
-22.5
-5.0
-17.0
-2.0
-1.5
-4.0
-37.75999999999999
-47.0
-30.0
-84.0
-45.0
-9.0
-84.0
-76.0
-88.0
-14.0
-6.759999999999991
-38.24000000000001
-32.75999999999999
-32.24000000000001
-11.480000000000018
-9.480000000000018
-59.0
-63.03999999999999
-21.0
-3.0
-2.0
-16.0
-12.0
-9.0
-27.0
-44.0
-15.0
-0.0
-17.0
-35.0
-21.0
-5.0
-40.0
-10.0
-1.0
-19.0
-8.0
-23.0
-6.0
-10.0
-45.0
-5.5
-24.0
-14.0
-9.0
-0.0
-22.0
-11.0
-24.0
-380.0
-38.0
-21.0
-7.0
-14.0
-23.0
-4.0
-21.0
-39.0
-21.0
-59.0
-20.0
-67.0
-44.0
-24.0
-37.0
-0.5
-12.0
-6.0
-35.0
-1.0
-22.0
-7.0
-26.0
-192.0
-64.0
-45.0
-46.0
-42.0
-51.0
-53.0
-52.0
-6.0
-116.0
-14.0
-69.0
-54.0
-8.0
-32.0
-0.0
-8.900000000000006
-252.27999999999997
-264.28
-263.28
-263.28
-188.27999999999997
-264.28
-121.27999999999997
-221.72000000000003
-302.72
-339.72
-261.72
-84.27999999999997
-96.27999999999997
-386.28
-343.28
-380.28
-61.27999999999997
-152.27999999999997
-97.27999999999997
-132.0
-59.0
-50.0
-20.0
-13.379999999999995
-9.0
-8.0
-21.0
-9.0
-14.0
-24.0
-4.0
-29.0
-130.0
-90.0
-53.0
-19.0
-85.0
-46.0
-24.0
-94.0
-52.0
-18.0
-24.0
-20.0
-60.0
-6.0
-2.0
-0.6200000000000045
-10.0
-11.0
-33.0
-2.0
-457.0
-6.0
-14.0
-87.0
-11.0
-23.0
-80.0
-53.0
-72.0
-88.0
-77.0
-59.0
-45.0
-47.0
-52.0
-5.0
-18.0
-5.0
-20.839999999999975
-18.379999999999995
-19.0
-21.0
-2.0
-37.0
-2.0
-21.0
-2.0
-121.0
-2.0
-16.0
-57.0
-83.0
-20.0
-33.0
-2.0
-39.0
-104.12
-27.0
-19.0
-7.0
-43.0
-28.0
-47.0
-13.620000000000005
-24.0
-22.0
-5.0
-7.0
-1.0
-5.0
-1.0
-64.0
-32.0
-28.0
-2.0
-19.0
-41.0
-17.0
-13.0
-20.0
-5.0
-8.0
-8.0
-7.0
-13.0
-25.0
-46.0
-15.5
-2.0
-17.0
-8.0
-8.0
-7.0
-5.0
-7.0
-15.0
-7.0
-7.0
-27.0
-42.0
-9.0
-12.0
-17.0
-10.0
-7.0
-24.0
-43.0
-10.0
-23.0
-14.0
-31.0
-44.05000000000001
-7.5
-3.0
-22.0
-20.0
-13.0
-24.0
-20.0
-121.0
-96.0
-54.0
-43.0
-205.0
-28.0
-49.0
-71.0
-59.0
-48.0
-65.08000000000004
-56.0
-39.0
-26.0
-42.0
-20.0
-32.620000000000005
-19.0
-8.0
-43.0
-29.0
-9.0
-9.0
-19.0
-36.0
-21.0
-94.0
-14.0
-13.0
-39.0
-26.200000000000045
-7.7999999999999545
-22.200000000000045
-41.799999999999955
-56.200000000000045
-51.24000000000001
-42.75999999999999
-24.24000000000001
-1.759999999999991
-73.0
-6.860000000000014
-16.0
-6.0
-14.0
-47.0
-37.0
-12.0
-17.0
-245.0
-67.0
-1.0
-24.0
-44.0
-83.0
-4.0
-37.91999999999996
-45.0
-31.0
-5.0
-50.0
-7.0
-43.0
-10.0
-40.0
-17.569999999999993
-3.5
-17.0
-24.0
-37.0
-7.0
-25.0
-11.0
-45.0
-27.0
-35.0
-8.0
-26.0
-71.0
-39.0
-8.0
-1.0
-9.0
-26.0
-14.0
-41.0
-1.6800000000000068
-37.31999999999999
-11.0
-12.569999999999993
-21.5
-1.0
-10.0
-16.0
-8.0
-21.5
-20.0
-93.24000000000001
-9.759999999999991
-33.27999999999997
-54.27999999999997
-24.279999999999973
-35.72000000000003
-7.0
-12.759999999999991
-52.75999999999999
-48.75999999999999
-66.24000000000001
-4.0
-88.0
-30.0
-66.0
-25.0
-12.430000000000007
-4.5
-12.0
-23.0
-10.0
-17.0
-25.0
-12.0
-50.0
-27.0
-60.0
-89.0
-95.0
-28.480000000000018
-113.51999999999998
-93.0
-92.16000000000003
-9.160000000000025
-32.160000000000025
-38.5
-22.0
-11.0
-30.0
-5.0
-810.06
-24.0
-7.0
-11.0
-24.0
-14.0
-10.0
-8.0
-13.0
-2.0
-6.0
-16.0
-7.0
-54.0
-19.0
-46.0
-46.0
-39.0
-43.0
-14.0
-14.0
-26.0
-22.0
-10.0
-18.060000000000002
-24.0
-30.0
-8.0
-16.0
-4.0
-24.0
-19.0
-163.0
-39.51999999999998
-39.48000000000002
-25.519999999999982
-21.480000000000018
-73.48000000000002
-68.48000000000002
-5.0
-5.0
-28.0
-21.0
-108.0
-66.0
-1.0
-7.0
-38.0
-34.56999999999999
-53.0
-5.0
-2.0
-10.0
-12.0
-21.0
-10.0
-66.0
-25.0
-23.0
-46.0
-5.0
-54.039999999999964
-23.039999999999964
-7.840000000000032
-2.159999999999968
-20.159999999999968
-9.159999999999968
-60.160000000000025
-13.160000000000025
-10.0
-45.0
-4.0
-12.569999999999993
-24.0
-5.0
-3.0
-5.0
-19.0
-9.0
-24.0
-4.0
-27.0
-16.0
-59.0
-7.0
-30.0
-55.0
-16.0
-17.0
-34.0
-102.0
-6.0
-21.0
-1.0
-7.0
-33.0
-44.56999999999999
-13.0
-1.0
-1.0
-9.0
-11.0
-1.0
-0.0
-141.0
-70.0
-16.0
-127.0
-29.0
-3.0
-27.0
-59.0
-81.0
-26.0
-16.0
-10.0
-10.0
-34.0
-46.0
-14.0
-18.569999999999993
-13.5
-8.0
-0.5
-12.5
-12.5
-3.0
-23.5
-12.0
-5.5
-22.0
-111.0
-34.5
-37.0
-4.0
-5.0
-2.5
-10.039999999999992
-1.0
-7.0
-5.0
-27.0
-17.0
-41.0
-2.0600000000000023
-29.0
-24.0
-14.0
-12.0
-14.0
-5.0
-34.5
-1.0
-9.0
-16.0
-7.0
-8.0
-14.0
-19.0
-1.0
-6.0
-6.0
-37.0
-0.0
-14.0
-21.0
-3.0
-33.0
-2.0600000000000023
-34.0
-22.0
-2.0
-1.5
-4.5
-9.0
-36.0
-14.0
-14.0
-34.0
-40.5
-41.56
-17.0
-19.0
-44.0
-45.0
-51.0
-13.0
-26.0
-20.0
-37.0
-7.0
-16.0
-7.060000000000002
-29.0
-8.0
-15.0
-9.0
-3.0
-19.0
-498.0
-136.0
-15.0
-75.0
-10.440000000000055
-26.559999999999945
-22.0
-28.0
-53.0
-54.0
-29.0
-61.0
-44.0
-15.0
-28.0
-16.0
-63.0
-18.569999999999993
-36.0
-20.0
-12.0
-1.0
-20.0
-9.0
-2.0
-0.0
-45.0
-11.0
-17.0
-14.0
-9.0
-29.0
-14.0
-4.0
-99.0
-40.0
-40.0
-57.0
-3.0
-85.0
-22.0
-31.569999999999993
-2.0
-24.0
-11.0
-2.0
-15.0
-9.0
-25.0
-18.0
-14.0
-39.0
-19.0
-15.0
-31.0
-6.0
-5.0
-3.4400000000000546
-64.55999999999995
-29.0
-20.0
-3.0
-19.0
-11.0
-9.0
-12.569999999999993
-3.0
-9.0
-14.0
-4.0
-8.0
-9.0
-3.0
-163.0
-26.0
-17.0
-5.0
-22.0
-23.0
-26.0
-740.0
-7.0
-6.0
-43.0
-25.0
-60.0
-8.0
-22.0
-1.0
-23.569999999999993
-12.0
-6.0
-8.0
-2.0
-12.0
-7.0
-2.0
-3.0
-28.0
-4.0
-7.0
-44.0
-87.0
-11.0
-6.0
-41.0
-41.0
-58.0
-75.0
-1.0
-39.04000000000002
-27.95999999999998
-13.0
-17.569999999999993
-7.0
-7.0
-2.0
-2.0
-16.0
-766.0
-7.0
-13.0
-24.0
-69.0
-63.0
-4.0
-14.0
-55.0
-48.0
-72.0
-54.0
-21.0
-9.0
-13.0
-0.0
-9.0
-34.0
-3.0600000000000023
-0.0
-3.0
-2.0
-23.0
-9.0
-7.0
-5.0
-7.0
-14.0
-15.0
-28.0
-55.0
-63.0
-43.0
-55.0
-26.0
-62.0
-15.0
-36.0
-4.0
-25.0
-17.0
-1.0
-4.939999999999998
-9.0
-4.0
-5.0
-348.0
-4.5
-4.0
-10.0
-172.0
-55.0
-303.0
-91.0
-84.0
-32.0
-61.0
-5.0
-34.0
-39.0
-199.0
-102.0
-42.0
-31.0
-43.0
-33.0
-7.430000000000007
-0.0
-12.0
-12.0
-4.0
-3.0
-6.0
-7.0
-170.0
-15.0
-5.0
-9.0
-5.0
-44.0
-39.610000000000014
-3.0
-20.0
-5.0
-11.0
-2.0
-28.0
-6.0
-29.5
-36.5
-4.0
-40.0
-13.0
-29.0
-37.0
-52.0
-29.0
-25.0
-35.0
-1.0
-8.0
-3.0
-1.0
-14.0
-0.6100000000000136
-11.0
-26.0
-11.0
-7.0
-3.0
-27.0
-2.0
-130.0
-194.0
-8.0
-8.0
-39.0
-63.0
-67.0
-17.0
-51.0
-43.0
-34.0
-27.0
-78.0
-24.0
-47.0
-33.0
-22.38499999999999
-11.0
-5.0
-4.0
-10.0
-9.0
-10.0
-11.0
-130.0
-47.0
-21.0
-10.0
-48.0
-57.0
-11.0
-4.0
-24.0
-52.0
-52.0
-34.0
-25.0
-5.0
-36.0
-3.0
-11.384999999999991
-10.5
-1.5
-21.0
-12.5
-16.5
-5.0
-0.0
-134.0
-325.0
-27.0
-113.0
-46.0
-55.0
-35.0
-63.0
-88.91999999999996
-24.08000000000004
-50.0
-1.0
-5.0
-47.0
-55.0
-22.0
-39.38499999999999
-10.5
-8.0
-22.0
-23.0
-18.0
-19.0
-2.0
-29.0
-19.0
-20.0
-101.0
-3.0
-54.0
-28.0
-50.0
-77.0
-23.0
-91.0
-53.0
-52.0
-9.0
-7.0
-27.0
-13.384999999999991
-36.5
-23.0
-25.0
-36.0
-26.0
-29.0
-3.0
-52.0
-6.0
-13.0
-0.0
-35.0
-25.0
-48.0
-25.0
-39.0
-37.0
-53.0
-68.0
-1.0
-4.0
-3.0
-1.0
-44.38499999999999
-354.0
-37.0
-18.0
-21.0
-27.0
-1.0
-44.0
-25.0
-8.0
-5.0
-19.0
-10.0
-4.0
-62.0
-1.0
-35.0
-33.0
-4.0
-16.0
-34.0
-9.0
-17.0
-591.0
-36.139999999999986
-16.0
-2.0
-10.0
-22.0
-19.0
-17.0
-20.0
-17.0
-42.0
-0.0
-11.0
-23.0
-72.0
-10.0
-6.0
-1.0
-31.0
-20.0
-9.0
-25.0
-49.0
-24.0
-5.0
-49.120000000000005
-12.0
-15.0
-34.0
-23.0
-26.0
-23.5
-5.0
-98.0
-13.0
-191.0
-19.0
-19.0
-8.0
-25.0
-129.0
-61.0
-115.0
-147.0
-26.0
-82.0
-19.0
-21.0
-30.0
-39.38499999999999
-1.0
-23.0
-7.0
-10.5
-24.0
-30.0
-4.0
-52.0
-5.0
-39.0
-15.0
-22.0
-43.0
-170.0
-9.0
-1.0
-36.0
-81.0
-44.0
-63.0
-14.0
-37.0
-0.0
-780.615
-33.0
-23.0
-2.0
-11.0
-18.0
-19.0
-13.0
-63.0
-2.0
-48.0
-45.0
-4.0
-13.0
-5.0
-46.0
-42.0
-47.0
-49.0
-62.0
-26.0
-38.0
-42.0
-18.0
-44.38499999999999
-8.0
-11.0
-48.0
-4.0
-75.0
-28.0
-8.0
-54.0
-25.0
-32.0
-65.0
-27.0
-20.0
-17.0
-47.0
-90.0
-71.0
-243.0
-145.0
-62.0
-5.0
-468.0
-116.0
-24.829999999999984
-131.0
-90.0
-16.0
-19.0
-22.0
-1.0
-12.0
-42.0
-204.0
-30.0
-17.0
-76.0
-11.0
-6.0
-61.0
-101.0
-68.0
-123.0
-34.0
-52.0
-26.0
-2.0
-32.0
-2.844999999999999
-19.0
-4.0
-11.0
-25.0
-12.0
-33.0
-39.0
-34.0
-19.0
-2.0
-1.0
-21.0
-29.0
-82.0
-11.0
-6.0
-8.0
-12.0
-4.0
-1.0
-13.0
-20.0
-3.0
-47.11500000000001
-13.0
-16.0
-4.0
-16.0
-32.0
-19.0
-18.0
-65.0
-9.0
-20.0
-4.0
-48.0
-36.0
-16.0
-3.0
-12.0
-12.0
-18.0
-12.0
-5.0
-13.0
-0.0
-1.0
-36.11500000000001
-11.0
-16.0
-17.0
-2.0
-27.0
-31.0
-2.0
-123.0
-57.0
-21.0
-18.0
-53.0
-34.0
-0.0
-28.0
-19.0
-43.48000000000002
-27.519999999999982
-604.0
-40.0
-32.0
-45.0
-31.0
-7.844999999999999
-11.0
-19.0
-15.0
-38.0
-26.0
-7.0
-30.0
-26.0
-10.0
-62.0
-51.0
-115.0
-54.0
-25.0
-46.0
-56.0
-29.0
-29.0
-65.0
-30.0
-1.0
-60.0
-8.0
-23.155
-23.0
-6.0
-34.0
-14.0
-15.0
-0.5
-2.0
-23.0
-32.0
-7.0
-37.0
-36.0
-8.0
-12.0
-58.0
-71.0
-34.0
-7.0
-32.0
-13.0
-4.0
-36.0
-26.0
-19.155
-36.0
-6.0
-18.0
-1.0
-22.0
-26.0
-23.0
-142.0
-1.0
-14.0
-14.0
-8.0
-55.0
-8.0
-10.0
-19.0
-63.0
-32.0
-46.0
-1.0
-34.0
-32.0
-19.0
-17.155
-24.0
-35.0
-3.0
-32.0
-28.0
-26.0
-4.0
-35.0
-23.0
-24.0
-101.0
-51.0
-11.0
-76.0
-39.0
-14.0
-15.0
-31.0
-9.0
-22.0
-25.0
-16.0
-20.0
-26.845
-18.0
-3.0
-21.0
-20.0
-6.0
-23.0
-37.0
-30.0
-27.0
-29.0
-33.56
-35.44
-1.0
-18.0
-46.0
-8.0
-2.0
-12.0
-24.0
-23.0
-23.0
-2.0
-6.0
-168.11
-12.0
-15.0
-9.0
-564.5
-22.0
-2.0
-12.0
-47.0
-9.0
-21.0
-18.0
-31.0
-35.0
-64.0
-19.0
-21.0
-34.0
-41.0
-43.0
-25.0
-23.0
-5.0
-15.0
-3.0999999999999943
-14.0
-14.0
-15.0
-5.0
-22.0
-29.0
-9.0
-131.0
-42.0
-31.0
-28.0
-42.0
-40.0
-71.0
-77.0
-62.0
-37.0
-252.0
-620.0
-56.0
-4.0
-24.0
-64.0
-7.844999999999999
-27.0
-30.0
-26.0
-22.0
-29.0
-22.0
-14.0
-116.0
-45.0
-66.0
-25.0
-25.0
-51.0
-88.0
-2.0
-23.0
-44.0
-86.0
-16.0
-2.0
-68.0
-2.0
-14.0
-74.155
-6.0
-640.0
-6.0
-2.0
-21.0
-33.0
-12.0
-54.0
-12.0
-37.0
-39.0
-52.0
-19.0
-7.309999999999945
-25.0
-37.0
-219.0
-40.0
-63.0
-19.0
-13.0
-4.0
-10.0
-23.155
-42.0
-27.0
-2.0
-14.0
-4.0
-7.0
-22.0
-37.0
-29.0
-55.0
-219.0
-319.0
-85.0
-640.655
-17.0
-25.0
-239.0
-32.0
-26.0
-92.0
-39.0
-47.0
-16.0
-29.845
-20.0
-7.0
-13.0
-23.0
-11.0
-19.0
-16.0
-100.0
-231.0
-36.0
-38.0
-14.0
-31.0
-17.0
-37.0
-38.0
-46.0
-33.0
-126.0
-39.0
-185.0
-75.0
-204.0
-22.155
-52.0
-48.0
-62.0
-1.0
-10.0
-17.0
-2.0
-41.0
-2.0
-16.0
-439.0
-43.0
-55.0
-30.0
-0.0
-70.5
-6.5
-169.0
-182.0
-11.0
-67.0
-50.5
-47.0
-57.129999999999995
-54.0
-32.0
-10.0
-2.5
-90.0
-350.0
-21.0
-23.0
-80.0
-39.0
-6.0
-42.0
-50.0
-3.0
-27.0
-60.5
-6.5
-194.0
-75.0
-7.0
-90.0
-70.0
-28.0
-15.129999999999995
-12.5
-873.46
-17.0
-5.5
-527.0
-575.0
-5.0
-58.0
-98.0
-53.0
-124.0
-181.0
-555.0
-512.0
-35.0
-592.0
-170.0
-277.0
-186.0
-18.0
-39.0
-7.5
-204.0
-23.155
-40.5
-7.460000000000008
-49.0
-12.5
-365.0
-183.0
-12.0
-41.0
-49.0
-58.0
-73.0
-14.0
-9.0
-9.0
-44.0
-41.0
-104.0
-8.0
-605.0
-34.0
-52.0
-36.0
-20.0
-4.844999999999999
-12.5
-21.919999999999987
-1.0
-17.0
-11.0
-20.0
-27.0
-53.0
-51.0
-27.0
-101.0
-8.0
-43.0
-461.0
-9.0
-18.0
-3.0
-5.0
-58.0
-30.0
-4.0
-35.0
-516.0
-23.155
-48.0
-3.0
-11.0
-15.0
-9.0
-12.0
-24.0
-99.0
-17.0
-9.0
-630.0
-483.0
-10.0
-3.0
-35.0
-23.0
-71.0
-46.0
-34.0
-1.0
-81.0
-44.0
-13.0
-26.845
-25.0
-20.0
-5.0
-47.5
-7.0
-6.0
-33.0
-19.0
-43.0
-41.0
-44.0
-28.0
-21.0
-18.0
-12.0
-16.0
-43.0
-15.0
-69.0
-34.0
-83.0
-549.0
-7.0
-26.845
-11.0
-499.0
-15.0
-26.0
-36.0
-39.0
-34.0
-107.0
-79.0
-82.0
-46.0
-29.0
-24.0
-80.0
-116.0
-10.0
-23.0
-3.0
-74.0
-78.0
-58.0
-64.0
-3.0
-38.129999999999995
-13.0
-13.0
-24.0
-2.0
-18.0
-44.0
-10.0
-18.0
-106.0
-160.0
-164.0
-181.0
-22.0
-21.0
-22.0
-16.0
-27.0
-31.0
-34.0
-5.0
-8.0
-9.0
-10.0
-38.129999999999995
-15.0
-0.0
-6.0
-4.0
-10.0
-8.0
-30.0
-41.0
-97.0
-42.0
-74.0
-47.0
-94.0
-75.0
-43.0
-36.0
-24.0
-44.0
-64.0
-21.0
-3.0
-23.0
-5.0
-4.844999999999999
-12.0
-4.0
-23.47999999999999
-16.5
-29.5
-14.5
-1.0
-104.0
-31.32000000000005
-32.32000000000005
-42.32000000000005
-11.0
-10.0
-5.0
-66.0
-45.0
-47.0
-56.0
-13.0
-8.0
-11.0
-61.0
-3.0
-4.844999999999999
-7.0
-18.0
-9.0
-15.0
-27.0
-21.0
-21.0
-27.0
-55.0
-27.0
-75.0
-18.0
-58.0
-30.0
-3.0
-14.0
-16.0
-3.0
-13.0
-5.0
-8.0
-21.0
-1.0
-45.139999999999986
-32.5
-36.0
-4.5
-64.68
-43.59
-7.6200000000000045
-63.51999999999998
-306.16
-21.360000000000014
-71.63999999999999
-33.48000000000002
-38.48000000000002
-74.36000000000001
-36.84000000000003
-25.840000000000032
-49.84000000000003
-35.84000000000003
-11.759999999999991
-15.240000000000009
-0.6000000000000227
-75.60000000000002
-41.39999999999998
-57.75999999999999
-8.60499999999999
-39.0
-36.0
-4.5
-76.84000000000003
-31.590000000000003
-45.620000000000005
-68.19999999999999
-93.42000000000002
-312.0
-470.52
-24.75999999999999
-42.74000000000001
-126.0
-333.0
-443.0
-90.0
-76.0
-137.0
-106.0
-33.0
-15.0
-23.0
-48.379999999999995
-5.60499999999999
-166.51999999999998
-42.47999999999999
-61.81999999999999
-73.0
-15.0
-51.0
-33.0
-26.0
-24.0
-44.0
-44.0
-15.519999999999982
-49.51999999999998
-70.51999999999998
-97.0
-158.0
-142.95999999999998
-139.95999999999998
-79.04000000000002
-56.04000000000002
-31.0
-12.0
-22.0
-20.0
-6.0
-16.0
-0.5
-1.0
-32.5
-20.5
-25.5
-32.0
-4.5
-34.0
-0.0
-34.75999999999999
-20.75999999999999
-56.56
-20.560000000000002
-11.560000000000002
-14.560000000000002
-11.560000000000002
-12.439999999999998
-16.560000000000002
-29.560000000000002
-22.0
-32.0
-10.0
-12.0
-5.5
-5.5
-70.72000000000003
-61.920000000000016
-32.95999999999998
-68.95999999999998
-51.95999999999998
-71.95999999999998
-59.04000000000002
-107.95999999999998
-94.03999999999996
-70.03999999999996
-4.039999999999964
-4.960000000000036
-64.03999999999996
-1.9600000000000364
-2.0399999999999636
-74.03999999999996
-21.039999999999964
-24.039999999999964
-266.96000000000004
-179.96000000000004
-52.95999999999998
-65.95999999999998
-88.95999999999998
-81.86000000000001
-26.860000000000014
-11.0
-34.47999999999999
-49.48000000000002
-30.97999999999999
-38.97999999999999
-54.52000000000001
-91.0
-9.0
-61.0
-6.0
-18.0
-44.0
-14.0
-19.0
-12.0
-37.0
-9.0
-176.0
-120.0
-107.0
-56.0
-50.0
-52.44
-15.0
-4.0
-16.0
-20.0
-8.0
-6.0
-28.0
-153.0
-16.0
-21.0
-22.0
-23.0
-48.0
-14.0
-28.0
-20.0
-40.0
-2.0
-176.0
-17.0
-5.0
-4.0
-17.0
-54.44
-27.0
-27.0
-26.0
-5.0
-24.0
-9.0
-34.0
-8.0
-8.0
-7.0
-28.0
-40.0
-7.0
-4.0
-23.0
-74.0
-8.0
-41.0
-141.0
-22.0
-35.51999999999998
-17.480000000000018
-27.0
-13.019999999999982
-99.5
-1.0
-21.0
-2.0
-5.5
-4.0
-39.24000000000001
-47.0
-30.0
-52.0
-45.0
-60.0
-36.0
-44.0
-5.0
-14.0
-17.75999999999999
-38.24000000000001
-99.75999999999999
-37.24000000000001
-2.519999999999982
-13.480000000000018
-39.0
-7.960000000000008
-11.0
-1.0
-6.0
-16.0
-12.0
-15.0
-104.0
-98.0
-70.0
-85.0
-68.0
-69.0
-64.0
-90.0
-51.0
-29.0
-25.0
-43.0
-32.0
-36.0
-26.0
-18.0
-13.0
-8.5
-15.0
-3.0
-2.0
-7.0
-12.0
-9.0
-17.0
-1.0
-29.0
-26.0
-28.0
-45.0
-23.0
-4.0
-26.0
-39.0
-21.0
-45.0
-20.0
-15.0
-38.0
-50.0
-1.0
-12.5
-1.0
-6.0
-10.0
-1.0
-11.0
-27.0
-20.0
-142.0
-64.0
-61.0
-28.0
-369.0
-284.0
-53.0
-43.0
-6.0
-21.0
-14.0
-91.0
-42.0
-8.0
-18.0
-4.0
-44.099999999999994
-185.27999999999997
-44.72000000000003
-45.72000000000003
-45.72000000000003
-153.27999999999997
-265.28
-259.28
-97.72000000000003
-21.720000000000027
-36.27999999999997
-197.72000000000003
-161.72000000000003
-149.72000000000003
-61.27999999999997
-220.72000000000003
-183.72000000000003
-54.27999999999997
-4.279999999999973
-44.72000000000003
-39.0
-50.0
-12.0
-39.0
-13.379999999999995
-20.0
-22.0
-22.0
-10.0
-9.0
-19.0
-57.0
-134.0
-20.0
-86.0
-773.0
-60.0
-48.0
-142.0
-45.0
-45.0
-37.0
-18.0
-3.0
-15.0
-60.0
-6.0
-2.0
-36.620000000000005
-37.0
-23.0
-37.0
-21.0
-53.0
-2.0
-22.0
-84.0
-11.0
-23.0
-39.0
-45.0
-2.0
-63.0
-11.0
-40.0
-20.0
-47.0
-52.0
-10.0
-41.0
-48.0
-24.160000000000025
-12.379999999999995
-3.0
-39.0
-16.0
-55.0
-7.0
-56.0
-10.0
-78.0
-2.0
-16.0
-57.0
-45.0
-39.0
-44.0
-64.0
-105.0
-9.120000000000005
-7.0
-90.0
-7.0
-33.0
-25.0
-7.0
-40.379999999999995
-23.0
-12.0
-8.0
-5.0
-5.0
-1.0
-13.0
-161.0
-235.0
-206.0
-7.0
-12.0
-36.0
-14.0
-18.0
-20.0
-5.0
-8.0
-8.0
-69.0
-89.0
-32.0
-34.0
-10.5
-0.0
-19.0
-4.0
-1.0
-4.0
-6.0
-4.0
-4.0
-16.0
-7.0
-27.0
-40.0
-9.0
-27.0
-22.0
-41.0
-22.0
-34.0
-8.0
-9.0
-33.0
-26.0
-21.0
-51.05000000000001
-7.5
-16.0
-11.0
-31.0
-10.0
-33.0
-20.0
-153.0
-2.0
-70.0
-13.0
-2.0
-51.0
-71.0
-23.0
-11.0
-95.0
-65.08000000000004
-68.0
-67.0
-64.0
-24.0
-25.0
-12.379999999999995
-16.0
-26.0
-13.0
-1.0
-3.0
-9.0
-12.0
-36.0
-21.0
-19.0
-55.0
-38.0
-32.0
-44.799999999999955
-76.79999999999995
-22.200000000000045
-47.799999999999955
-21.200000000000045
-36.75999999999999
-37.75999999999999
-10.240000000000009
-46.75999999999999
-24.0
-23.860000000000014
-11.0
-9.0
-13.0
-16.0
-38.0
-26.0
-10.0
-20.0
-60.0
-1.0
-24.0
-15.0
-18.0
-61.0
-14.080000000000041
-45.0
-20.0
-5.0
-29.0
-2.0
-28.0
-10.0
-45.0
-12.569999999999993
-3.5
-21.0
-28.0
-36.0
-7.0
-29.0
-16.0
-2.0
-27.0
-28.0
-49.0
-18.0
-6.0
-32.0
-8.0
-1.0
-20.0
-26.0
-14.0
-41.0
-13.680000000000007
-23.319999999999993
-9.0
-14.569999999999993
-23.5
-5.0
-16.0
-10.0
-14.0
-1.5
-8.0
-50.24000000000001
-16.75999999999999
-33.27999999999997
-23.279999999999973
-44.72000000000003
-35.72000000000003
-1.0
-67.24000000000001
-58.24000000000001
-46.24000000000001
-66.24000000000001
-25.0
-61.0
-30.0
-21.0
-1.0
-9.430000000000007
-5.5
-13.0
-20.0
-7.0
-23.0
-15.0
-9.0
-31.0
-2.0
-58.0
-58.0
-31.0
-79.48000000000002
-99.51999999999998
-19.0
-44.160000000000025
-19.160000000000025
-10.839999999999975
-84.5
-101.0
-13.0
-17.0
-5.0
-3.0600000000000023
-1.0
-29.0
-7.0
-1.0
-2.0
-6.0
-11.0
-13.0
-5.0
-13.0
-27.0
-5.0
-90.0
-89.0
-89.0
-89.0
-2.0
-65.0
-5.0
-26.0
-9.0
-10.0
-4.0
-2.9399999999999977
-3.0
-17.0
-23.0
-16.0
-20.0
-34.0
-29.0
-158.0
-39.51999999999998
-39.48000000000002
-12.519999999999982
-21.480000000000018
-9.519999999999982
-68.48000000000002
-5.0
-5.0
-28.0
-21.0
-20.0
-9.0
-43.0
-11.0
-18.0
-20.569999999999993
-6.0
-3.0
-15.0
-16.0
-16.0
-17.0
-22.0
-61.0
-32.0
-23.0
-15.0
-15.0
-4.960000000000036
-18.960000000000036
-7.840000000000032
-2.159999999999968
-20.159999999999968
-9.159999999999968
-27.839999999999975
-18.160000000000025
-46.0
-31.0
-18.0
-20.569999999999993
-21.0
-35.0
-33.0
-11.0
-22.0
-50.0
-5.0
-43.0
-34.0
-41.0
-28.0
-7.0
-44.0
-14.0
-1.0
-17.0
-77.0
-88.0
-27.0
-1.0
-35.0
-11.0
-1.0
-9.430000000000007
-10.0
-3.0
-3.0
-4.0
-10.0
-14.0
-7.0
-119.0
-29.0
-16.0
-55.0
-40.0
-3.0
-38.0
-13.0
-35.0
-31.0
-2.0
-5.0
-59.0
-10.0
-5.0
-9.0
-9.430000000000007
-7.5
-13.0
-5.5
-17.5
-28.5
-10.0
-23.5
-21.0
-392.5
-5.0
-17.0
-17.5
-37.0
-35.0
-5.0
-2.5
-10.039999999999992
-1.0
-19.0
-23.0
-1.0
-18.0
-22.0
-11.939999999999998
-4.0
-1.0
-10.0
-1.0
-9.0
-15.0
-35.5
-12.0
-0.0
-23.0
-28.0
-30.0
-24.0
-19.0
-37.0
-6.0
-32.0
-1.0
-9.0
-23.0
-2.0
-6.0
-3.0
-4.939999999999998
-4.0
-1.0
-12.0
-7.5
-4.5
-9.0
-27.0
-23.0
-14.0
-53.0
-35.5
-55.56
-33.0
-13.0
-4.0
-24.0
-51.0
-45.0
-26.0
-40.0
-27.0
-319.0
-3.0
-4.939999999999998
-4.0
-27.0
-37.0
-44.0
-32.0
-16.0
-47.0
-177.0
-15.0
-91.0
-10.440000000000055
-26.559999999999945
-31.0
-28.0
-53.0
-54.0
-29.0
-41.0
-128.0
-15.0
-110.0
-16.0
-8.0
-9.430000000000007
-9.0
-29.0
-25.0
-18.0
-15.0
-9.0
-22.0
-0.0
-45.0
-11.0
-48.0
-14.0
-9.0
-31.0
-14.0
-4.0
-32.0
-40.0
-48.0
-1.0
-115.0
-8.0
-17.0
-14.569999999999993
-29.0
-43.0
-38.0
-8.0
-19.0
-6.0
-12.0
-29.0
-14.0
-71.0
-19.0
-7.0
-34.0
-41.0
-19.0
-3.4400000000000546
-22.559999999999945
-61.0
-80.0
-3.0
-93.0
-7.0
-38.0
-7.430000000000007
-3.0
-5.0
-12.0
-4.0
-8.0
-12.0
-17.0
-139.0
-26.0
-46.0
-36.0
-14.0
-23.0
-40.0
-16.0
-7.0
-102.0
-47.0
-63.0
-55.0
-17.0
-22.0
-2.0
-20.569999999999993
-15.0
-25.0
-11.0
-21.0
-12.0
-7.0
-15.0
-3.0
-28.0
-67.0
-7.0
-44.0
-35.0
-25.0
-20.0
-27.0
-76.0
-12.0
-54.0
-26.0
-92.04000000000002
-13.95999999999998
-31.0
-9.430000000000007
-5.0
-3.0
-2.0
-2.0
-6.0
-19.0
-27.0
-23.0
-168.0
-49.0
-86.0
-4.0
-112.0
-55.0
-5.0
-25.0
-8.0
-21.0
-9.0
-13.0
-13.0
-4.0
-30.0
-3.0600000000000023
-32.0
-29.0
-25.0
-6.0
-51.0
-54.0
-63.0
-27.0
-15.0
-31.0
-19.0
-13.0
-21.0
-24.0
-4.0
-25.0
-11.0
-15.0
-6.0
-26.0
-25.0
-24.0
-33.0
-36.94
-41.0
-16.0
-7.0
-6.0
-14.5
-6.0
-20.0
-98.0
-354.0
-88.0
-35.0
-84.0
-72.0
-12.0
-5.0
-34.0
-60.0
-3.0
-58.0
-120.0
-111.0
-25.0
-9.0
-20.569999999999993
-0.0
-42.0
-42.0
-4.0
-8.0
-5.0
-10.0
-29.0
-15.0
-41.0
-2.0
-47.0
-18.0
-55.0
-62.0
-18.0
-57.0
-29.0
-271.0
-143.0
-3.0
-8.0
-7.0
-9.430000000000007
-9.0
-1.0
-12.0
-20.0
-9.0
-8.0
-28.0
-27.0
-32.0
-1.0
-21.0
-49.559999999999945
-8.559999999999945
-52.0
-45.0
-23.0
-9.0
-2.0
-37.0
-53.0
-58.0
-5.0
-31.0
-63.56999999999999
-19.0
-32.0
-10.0
-23.0
-1.0
-14.0
-39.0
-20.0
-34.0
-40.0
-24.0
-66.0
-18.0
-38.0
-33.0
-3.0
-25.0
-50.0
-84.0
-11.0
-3.0
-16.0
-32.0
-20.569999999999993
-2.0
-1.0
-36.0
-40.0
-31.0
-2.0
-15.0
-145.0
-35.0
-54.0
-3.0
-32.0
-1.0
-29.0
-1.0
-14.0
-22.0
-108.0
-47.0
-13.0
-12.0
-30.0
-10.0
-20.569999999999993
-72.12
-9.0
-77.0
-47.0
-46.0
-6.384999999999991
-4.5
-14.5
-7.5
-20.5
-5.5
-20.0
-22.28
-12.279999999999973
-38.27999999999997
-7.279999999999973
-23.720000000000027
-50.27999999999997
-23.279999999999973
-185.27999999999997
-9.0
-21.120000000000005
-43.0
-30.0
-36.0
-18.0
-2.0
-25.0
-53.0
-37.860000000000014
-20.0
-4.0
-22.0
-36.0
-0.0
-21.0
-0.36000000000001364
-187.0
-49.0
-25.0
-58.0
-20.120000000000005
-4.0
-25.0
-9.0
-12.080000000000041
-24.0
-21.0
-15.0
-36.0
-6.0
-18.0
-7.0
-13.545000000000016
-11.0
-3.0
-3.0
-19.0
-5.0
-16.0
-31.0
-2.0
-20.0
-5.0
-7.0
-52.0
-59.0
-740.0
-16.0
-9.0
-20.0
-5.0
-39.0
-1.0
-0.0
-1.0
-27.0
-34.08500000000001
-7.0
-18.0
-32.0
-9.0
-3.0
-45.0
-22.0
-17.0
-35.0
-19.0
-53.0
-109.0
-13.0
-15.0
-37.0
-41.0
-50.0
-17.5
-2.0
-5.0
-2.0
-21.0
-9.0
-27.085000000000008
-13.0
-26.0
-53.0
-31.0
-9.0
-12.0
-34.0
-20.0
-7.0
-2.0
-8.0
-32.0
-51.0
-13.0
-35.0
-38.0
-20.0
-56.0
-11.0
-2.0
-12.0
-1.0
-8.0
-29.085000000000008
-2.0
-2.0
-9.0
-10.0
-5.0
-12.0
-8.0
-159.0
-32.0
-2.0
-2.0
-103.0
-22.0
-23.0
-24.0
-18.0
-4.0
-186.0
-13.0
-7.0
-44.0
-4.0
-18.0
-13.545000000000016
-2.5
-17.0
-29.0
-29.0
-13.0
-2.0
-10.0
-147.0
-18.0
-76.0
-39.0
-68.0
-34.24000000000001
-777.0
-99.0
-54.0
-54.0
-404.12
-174.0
-50.0
-25.120000000000005
-5.0
-60.0
-47.23000000000002
-2.5
-19.0
-28.0
-46.0
-5.0
-30.0
-0.0
-108.04000000000002
-4.039999999999964
-25.0
-106.0
-72.0
-35.0
-3.0
-12.0
-63.0
-18.0
-43.0
-160.12
-0.0
-4.0
-7.0
-44.0
-4.27000000000001
-21.5
-13.0
-13.0
-34.0
-7.0
-27.0
-41.0
-28.0
-14.0
-4.0
-662.0
-60.0
-33.0
-50.0
-32.0
-28.0
-22.960000000000036
-37.15999999999997
-66.84000000000003
-17.480000000000018
-15.0
-0.0
-46.0
-58.24000000000001
-2.5
-738.0
-22.0
-19.0
-3.0
-5.0
-4.0
-13.920000000000016
-22.0
-52.0
-6.8799999999999955
-53.27999999999997
-6.279999999999973
-46.27999999999997
-16.279999999999973
-40.0
-23.0
-42.120000000000005
-15.0
-19.0
-50.0
-6.0
-2.0
-7.25
-21.5
-6.0
-11.0
-7.0
-20.0
-31.0
-18.0
-14.0
-7.0
-2.0
-38.0
-9.0
-45.0
-607.0
-13.0
-71.0
-20.0
-40.0
-50.0
-57.0
-46.0
-33.0
-26.0
-36.11500000000001
-12.0
-8.0
-22.0
-16.0
-5.5
-19.0
-32.0
-24.5
-5.0
-7.0
-2.0
-39.0
-3.0
-12.0
-6.0
-11.0
-21.0
-18.0
-10.0
-27.0
-8.0
-5.0
-5.0
-34.08500000000001
-10.0
-6.0
-2.0
-1.0
-3.0
-16.0
-18.0
-17.0
-15.0
-5.0
-25.0
-38.0
-2.0
-11.0
-22.0
-3.0
-35.0
-7.0
-24.0
-34.0
-20.5
-4.0
-11.0
-27.085000000000008
-23.0
-20.0
-13.0
-6.0
-35.0
-4.0
-15.0
-169.56
-277.55999999999995
-21.0
-58.0
-68.12
-1.0
-36.0
-37.0
-0.0
-10.0
-45.0
-34.0
-5.0
-24.0
-36.0
-710.0
-8.115000000000009
-784.0
-8.0
-13.0
-23.0
-1.0
-2.0
-47.0
-35.0
-44.0
-34.0
-0.0
-1.8799999999999955
-43.0
-15.0
-1.0
-27.0
-41.0
-12.0
-7.0
-21.0
-50.0
-14.0
-18.0
-6.115000000000009
-8.5
-13.0
-3.0
-15.0
-11.0
-8.0
-7.0
-32.0
-184.0
-48.0
-34.0
-20.0
-14.0
-5.32000000000005
-0.32000000000005
-5.600000000000023
-1.5599999999999454
-13.559999999999945
-43.44
-42.079999999999984
-34.19999999999999
-0.07999999999998408
-36.5
-37.88499999999999
-6.5
-0.0
-3.5
-27.0
-10.0
-13.5
-13.0
-13.839999999999975
-27.159999999999968
-24.08000000000004
-29.0
-24.91999999999996
-51.08000000000004
-2.840000000000032
-14.960000000000036
-41.24000000000001
-7.759999999999991
-25.24000000000001
-112.88
-32.24000000000001
-13.360000000000014
-24.04000000000002
-19.0
-12.115000000000009
-8.5
-16.5
-1.5
-39.0
-3.0
-13.0
-7.0
-7.0
-1.0
-26.0
-31.0
-1.0
-81.0
-47.0
-3.0
-20.0
-37.0
-39.0
-80.0
-9.0
-34.0
-9.0
-32.0
-36.11500000000001
-17.5
-29.0
-16.0
-17.0
-8.0
-1.0
-19.0
-166.0
-7.0
-5.0
-17.0
-18.0
-17.0
-15.0
-23.0
-11.0
-0.5
-23.0
-771.0
-24.0
-11.0
-13.0
-15.0
-34.08500000000001
-8.5
-1.0
-10.0
-14.0
-10.0
-10.0
-10.0
-26.0
-5.0
-35.72
-1.5
-57.72000000000003
-4.279999999999973
-41.28
-13.720000000000027
-28.28
-34.5
-23.0
-29.0
-31.5
-14.5
-13.5
-2.0
-20.085000000000008
-33.5
-35.5
-16.0
-98.0
-85.0
-53.72
-45.72000000000003
-75.27999999999997
-25.720000000000027
-31.720000000000027
-2.2799999999999727
-35.27999999999997
-21.879999999999995
-152.0
-16.0
-25.0
-12.0
-29.0
-91.0
-59.68000000000001
-107.80000000000001
-30.680000000000007
-14.0
-9.02000000000001
-8.5
-3.0
-745.0
-6.5
-8.0
-18.0
-8.0
-26.0
-29.0
-10.0
-15.0
-5.0
-6.0
-8.0
-5.0
-2.0
-36.0
-53.0
-1.0
-2.0
-12.0
-324.0
-3.0
-8.544999999999987
-13.5
-22.0
-25.0
-11.0
-6.5
-13.5
-1.5
-114.0
-12.0
-34.0
-57.0
-26.0
-25.879999999999995
-26.0
-23.0
-58.0
-24.120000000000005
-22.0
-41.0
-5.0
-8.0
-12.0
-24.0
-8.069999999999993
-8.0
-3.0
-19.0
-2.0
-10.0
-9.0
-8.0
-24.0
-9.0
-21.0
-40.0
-35.0
-8.0
-8.0
-6.0
-6.0
-24.0
-21.0
-64.08000000000004
-65.0
-26.0
-40.0
-12.0
-3.0200000000000102
-5.0
-10.0
-35.0
-262.0
-7.5
-39.0
-12.0
-9.0
-22.0
-28.0
-5.080000000000041
-13.0
-22.0
-11.0
-40.0
-80.12
-28.0
-28.0
-19.0
-21.0
-46.0
-5.0
-16.0
-2.930000000000007
-17.5
-33.0
-23.0
-19.0
-1.0
-11.0
-0.0
-26.0
-5.0
-40.0
-42.0
-46.0
-71.0
-31.839999999999975
-25.839999999999975
-49.31999999999999
-7.5
-12.0
-12.0
-0.5
-17.5
-13.5
-3.0
-39.08500000000001
-16.5
-11.0
-23.5
-2.0
-9.0
-13.0
-3.0
-28.0
-19.0
-14.0
-4.0
-50.0
-2.0
-28.0
-40.41999999999999
-42.160000000000025
-2.5
-4.0
-35.0
-8.5
-7.5
-14.0
-23.0
-29.085000000000008
-2.0
-27.0
-19.0
-20.0
-19.0
-13.0
-1.0
-159.12
-12.960000000000036
-7.960000000000036
-10.0
-115.0
-9.0
-111.0
-33.0
-48.48000000000002
-42.48000000000002
-21.0
-76.0
-43.0
-12.0
-31.0
-6.0
-14.860000000000014
-32.0
-1.0
-30.0
-4.0
-19.0
-26.0
-65.0
-59.0
-41.0
-29.879999999999995
-62.0
-40.0
-37.0
-51.0
-5.0
-4.0
-8.0
-46.0
-11.879999999999995
-25.0
-28.0
-48.0
-6.0
-14.139999999999986
-23.0
-3.0
-11.0
-12.0
-5.0
-3.0
-18.0
-138.0
-44.0
-56.120000000000005
-136.0
-19.0
-66.0
-31.0
-15.879999999999995
-128.0
-25.0
-124.0
-4.0
-24.0
-30.0
-734.0
-18.0
-9.865000000000009
-27.0
-7.0
-15.0
-15.0
-7.0
-0.0
-39.0
-12.0
-11.0
-8.0
-30.0
-2.0
-50.0
-32.0
-1.0
-51.0
-1.0
-1.0
-5.0
-32.0
-15.0
-8.0
-13.0
-20.085000000000008
-5.0
-26.0
-20.0
-1.0
-16.0
-6.0
-42.0
-80.0
-5.0
-6.0
-6.0
-15.0
-23.0
-10.0
-34.0
-4.0
-28.0
-8.0
-12.0
-36.0
-3.0
-23.0
-26.0
-29.085000000000008
-15.0
-31.0
-18.0
-18.0
-10.0
-12.0
-23.0
-43.0
-0.0
-36.0
-16.0
-87.0
-5.0
-87.0
-23.0
-56.0
-68.0
-58.0
-49.0
-75.0
-46.0
-48.0
-73.0
-87.08500000000001
-74.5
-5.0
-8.0
-800.0
-20.0
-27.0
-33.0
-15.0
-16.0
-7.0
-28.0
-29.0
-1.0
-34.0
-26.0
-34.0
-662.0
-30.0
-19.0
-6.0
-53.0
-1.0
-56.0
-29.085000000000008
-18.0
-34.0
-22.0
-27.0
-28.0
-46.47999999999999
-27.5
-18.0
-17.0
-34.0
-18.0
-42.0
-14.0
-12.0
-27.0
-6.0
-4.0
-26.0
-7.0
-17.0
-14.0
-4.0
-2.0
-29.085000000000008
-24.0
-2.0
-16.0
-29.0
-37.0
-18.0
-24.0
-2.0
-32.0
-11.0
-11.0
-33.0
-31.0
-60.0
-1.0
-23.0
-9.0
-18.0
-19.0
-2.0
-22.0
-34.0
-10.0
-29.085000000000008
-33.0
-27.0
-21.0
-25.0
-34.0
-45.0
-26.0
-654.0
-24.0
-31.0
-18.0
-40.0
-8.0
-42.0
-24.0
-19.0
-16.0
-32.0
-23.0
-29.0
-15.5
-26.0
-49.0
-23.05000000000001
-16.0
-34.0
-9.0
-4.0
-21.0
-40.0
-4.0
-135.0
-46.0
-44.0
-33.0
-25.0
-567.0
-46.0
-22.0
-33.0
-48.0
-19.200000000000045
-8.0
-12.0
-49.0
-21.0
-45.0
-52.86500000000001
-26.0
-25.0
-6.0
-14.0
-0.0
-39.0
-27.0
-35.0
-82.0
-153.0
-3.919999999999959
-95.0
-1.0
-5.0
-3.0
-14.0
-7.0
-15.0
-7.0
-32.0
-17.0
-14.0
-2.0
-4.134999999999991
-8.0
-13.0
-16.0
-35.0
-6.0
-33.0
-39.0
-56.0
-195.0
-25.0
-27.0
-95.88
-63.0
-34.91999999999996
-32.0
-20.0
-15.0
-42.0
-7.0
-35.0
-45.0
-22.0
-47.0
-93.86500000000001
-7.0
-5.0
-553.0
-12.0
-6.0
-11.0
-2.0
-26.0
-29.0
-51.0
-31.0
-47.0
-72.0
-35.0
-11.0
-26.0
-20.0
-38.0
-21.0
-9.0
-2.0
-11.0
-31.0
-5.5
-6.0
-43.0
-3.0
-5.0
-18.0
-14.0
-8.0
-116.0
-60.0
-18.0
-5.0
-17.0
-30.0
-7.0
-18.0
-24.0
-23.0
-11.0
-32.59
-8.0
-5.0
-31.0
-4.0
-4.0
-5.0
-0.0
-9.0
-14.0
-37.0
-43.0
-31.0
-23.0
-0.03999999999999204
-25.04000000000002
-27.0
-7.0
-33.0
-23.0
-10.0
-10.0
-1.0
-2.0
-28.590000000000003
-2.0
-11.0
-18.0
-20.0
-6.0
-4.0
-29.0
-152.0
-11.0
-24.0
-59.0
-46.0
-28.0
-31.0
-22.0
-41.120000000000005
-40.0
-85.0
-22.0
-22.0
-143.0
-50.0
-5.0
-3.5900000000000034
-0.0
-31.0
-5.0
-32.0
-23.0
-13.0
-28.0
-3.0
-30.0
-23.0
-20.0
-19.0
-44.879999999999995
-1.0
-1.0
-26.0
-18.0
-24.0
-111.12
-10.0
-48.0
-0.0
-9.0
-3.5900000000000034
-28.0
-41.0
-9.0
-40.0
-15.0
-13.0
-8.0
-136.0
-28.0
-58.0
-49.0
-18.0
-9.039999999999964
-58.039999999999964
-20.0
-30.0
-14.0
-12.0
-15.0
-15.0
-53.0
-19.0
-4.0
-3.5900000000000034
-18.0
-6.0
-10.0
-1.0
-7.0
-10.0
-36.0
-166.0
-2.0
-53.0
-72.0
-97.0
-16.0
-2.8799999999999955
-60.0
-7.0
-6.1200000000000045
-20.0
-13.120000000000005
-33.0
-69.0
-0.0
-11.0
-3.5900000000000034
-31.0
-22.0
-28.0
-12.0
-5.0
-2.0
-7.0
-147.0
-66.0
-79.0
-85.0
-47.0
-12.0
-32.0
-39.0
-12.080000000000041
-18.879999999999995
-59.0
-2.0
-0.12000000000000455
-3.0
-60.0
-26.0
-3.5900000000000034
-19.0
-15.0
-19.0
-15.0
-17.0
-6.0
-9.0
-117.0
-14.0
-22.0
-17.0
-22.0
-24.0
-4.0
-30.0
-33.0
-43.0
-29.0
-2.0
-1.0
-7.0
-6.0
-2.0
-35.59
-5.0
-0.0
-10.0
-7.0
-13.0
-20.0
-11.0
-7.0
-5.0
-15.0
-36.0
-30.0
-3.0
-13.0
-15.0
-829.0
-2.0
-17.0
-6.5
-9.0
-37.0
-31.0
-23.0
-2.4099999999999966
-34.0
-14.0
-23.0
-15.0
-10.0
-26.0
-27.0
-18.0
-19.0
-4.0
-3.0
-13.039999999999992
-6.0
-10.0
-5.0
-541.0
-24.0
-13.0
-6.5
-6.0
-7.0
-1.0
-15.0
-21.590000000000003
-19.0
-1.0
-8.0
-22.0
-7.0
-5.0
-0.0
-174.0
-98.0
-35.0
-56.0
-94.0
-1.0
-44.0
-40.0
-42.0
-13.080000000000041
-23.0
-35.0
-3.0
-27.0
-23.0
-9.0
-3.5900000000000034
-29.0
-45.0
-8.0
-16.0
-15.0
-5.0
-21.0
-166.0
-76.84000000000003
-8.039999999999964
-30.840000000000032
-3.840000000000032
-66.84000000000003
-38.84000000000003
-8.279999999999973
-12.639999999999986
-103.63999999999999
-54.360000000000014
-61.639999999999986
-63.639999999999986
-10.639999999999986
-10.639999999999986
-23.0
-3.5900000000000034
-36.0
-51.0
-40.0
-0.5
-9.5
-5.0
-15.0
-4.0
-64.0
-15.0
-76.0
-65.0
-15.0
-5.0
-15.0
-53.0
-23.0
-57.0
-147.0
-7.0
-15.0
-743.0
-10.0
-3.5900000000000034
-24.0
-9.0
-43.0
-0.0
-24.0
-7.0
-15.0
-22.0
-77.88
-20.120000000000005
-17.91999999999996
-7.8799999999999955
-25.879999999999995
-6.8799999999999955
-14.559999999999945
-253.55999999999995
-22.0
-57.0
-92.0
-74.0
-165.0
-26.0
-29.0
-21.409999999999997
-39.0
-18.0
-38.0
-56.0
-14.0
-16.0
-56.0
-233.0
-414.0
-64.0
-41.0
-41.0
-1.0
-67.0
-34.0
-59.0
-28.0
-13.039999999999992
-41.5
-2.0
-4.0
-32.0
-1.0
-36.120000000000005
-2.0
-11.0
-12.0
-1.0
-6.0
-4.0
-17.0
-34.0
-15.0
-39.0
-54.0
-34.0
-51.0
-4.0
-32.0
-15.0
-17.0
-38.0
-4.0
-11.0
-6.0
-9.0
-43.0
-9.085000000000008
-10.0
-7.0
-4.0
-3.0
-6.0
-12.0
-37.0
-98.0
-15.120000000000005
-22.159999999999968
-25.159999999999968
-69.27999999999997
-45.84000000000003
-31.840000000000032
-2.840000000000032
-18.0
-10.0
-12.0
-47.0
-49.0
-9.0
-40.0
-9.0
-459.1
-0.0
-11.0
-32.0
-26.0
-1.0
-26.0
-15.0
-11.0
-69.0
-20.120000000000005
-31.110000000000014
-65.0
-38.0
-73.0
-4.0
-21.0
-28.0
-17.0
-21.0
-2.0
-31.0
-26.120000000000005
-33.0
-1.8100000000000023
-42.0
-18.0
-22.0
-24.0
-23.0
-8.0
-1.0
-80.0
-9.0
-19.0
-47.0
-5.0
-50.0
-45.0
-25.0
-41.0
-57.0
-33.0
-18.0
-51.0
-7.0
-24.0
-51.0
-1.8100000000000023
-10.0
-23.5
-22.5
-4.0
-15.0
-6.0
-13.0
-7.0
-21.120000000000005
-5.0
-48.0
-26.0
-41.0
-23.0
-30.91999999999996
-48.0
-21.0
-30.0
-71.0
-17.0
-43.0
-105.0
-4.0
-3.280000000000001
-12.0
-17.0
-11.0
-43.0
-13.0
-17.0
-16.0
-7.0
-50.0
-27.0
-34.0
-40.0
-20.0
-6.0
-31.0
-6.8799999999999955
-20.0
-7.0
-30.0
-48.0
-58.0
-14.0
-12.0
-6.639999999999986
-53.0
-4.0
-12.5
-3.0
-11.0
-2.0
-2.0
-1.0
-65.0
-84.0
-80.0
-28.0
-83.0
-33.0
-17.0
-25.0
-49.0
-66.0
-2.0
-1.0
-44.0
-15.0
-20.0
-39.08500000000001
-25.0
-27.0
-23.0
-26.0
-3.0
-3.0
-9.0
-35.0
-51.0
-115.0
-46.0
-59.0
-12.0
-7.0
-26.0
-9.0
-3.0
-20.0
-19.0
-50.0
-61.0
-42.0
-43.0
-76.08500000000001
-28.0
-4.0
-17.0
-2.0
-9.0
-10.0
-22.0
-181.0
-37.0
-86.0
-26.0
-5.0
-71.48000000000002
-32.51999999999998
-59.879999999999995
-51.0
-101.51999999999998
-69.48000000000002
-89.44000000000005
-60.44
-8.560000000000002
-24.75999999999999
-2.0
-6.639999999999986
-17.0
-7.5
-8.5
-2.5
-7.0
-7.5
-46.599999999999994
-7.600000000000023
-5.600000000000023
-128.39999999999998
-63.39999999999998
-14.0
-88.0
-39.0
-14.0
-30.0
-10.0
-77.0
-21.0
-19.0
-13.0
-10.0
-4.0
-6.639999999999986
-14.0
-5.0
-18.0
-11.0
-5.0
-2.0
-45.0
-67.0
-9.0
-16.0
-14.0
-13.0
-29.120000000000005
-56.0
-39.0
-23.91999999999996
-37.0
-79.88
-19.600000000000023
-21.399999999999977
-71.0
-16.0
-23.0
-6.639999999999986
-22.0
-2.0
-0.0
-46.0
-1.0
-25.0
-16.0
-166.0
-28.0
-7.0
-21.0
-69.0
-35.0
-35.0
-50.0
-49.0
-27.0
-77.0
-25.0
-24.0
-1.0
-25.0
-3.0
-6.639999999999986
-25.0
-45.0
-9.0
-13.0
-41.0
-22.0
-72.0
-36.0
-47.0
-42.0
-127.0
-10.879999999999995
-27.0
-36.0
-35.0
-40.0
-13.0
-101.0
-105.0
-10.0
-33.0
-11.0
-27.0
-6.639999999999986
-13.0
-1.0
-4.0
-12.0
-5.0
-17.0
-135.0
-141.0
-16.0
-4.0
-2.0
-111.0
-0.0
-14.0
-28.0
-18.0
-15.0
-18.0
-28.0
-14.0
-33.0
-28.0
-42.0
-59.08500000000001
-5.0
-42.0
-42.0
-51.0
-55.0
-9.0
-56.0
-58.0
-5.0
-30.0
-31.0
-11.0
-3.0
-8.0
-1.0
-27.0
-6.0
-9.0
-25.0
-1.0
-30.0
-12.0
-23.0
-9.085000000000008
-3.0
-20.0
-15.0
-16.0
-12.0
-8.0
-17.0
-130.0
-37.0
-30.0
-51.0
-98.0
-25.879999999999995
-31.0
-4.0
-35.0
-25.0
-24.0
-32.0
-104.0
-28.0
-57.0
-9.0
-16.639999999999986
-7.0
-25.0
-57.0
-38.0
-37.0
-21.0
-37.0
-2.0
-65.0
-6.0
-32.120000000000005
-58.0
-1.0
-21.120000000000005
-22.0
-6.0
-24.0
-75.0
-0.0
-15.120000000000005
-48.0
-439.0
-1.0
-6.639999999999986
-7.0
-14.0
-8.0
-1.0
-77.0
-11.0
-20.0
-28.0
-74.0
-182.0
-99.0
-90.0
-44.0
-34.0
-30.0
-1.0
-73.0
-38.0
-33.08000000000004
-27.0
-35.0
-20.0
-3.0
-9.360000000000014
-4.0
-17.0
-3.0
-11.0
-26.0
-40.0
-17.0
-7.0
-10.0
-1.0
-63.0
-23.0
-101.08000000000004
-53.0
-57.0
-47.0
-51.0
-34.0
-19.0
-42.120000000000005
-19.0
-13.0
-7.0
-10.0
-23.0
-11.0
-1.0
-1.0
-26.0
-19.0
-22.0
-37.0
-20.0
-43.0
-31.0
-16.0
-16.0
-62.91999999999996
-39.0
-32.0
-30.0
-26.0
-41.0
-1.0
-17.0
-28.0
-11.0
-0.9700000000000273
-55.0
-18.0
-5.0
-1.0
-37.0
-11.0
-9.0
-20.0
-13.0
-24.0
-41.0
-42.0
-30.0
-73.0
-56.0
-67.0
-34.0
-29.0
-261.0
-6.0
-28.0
-10.0
-10.0
-47.08500000000001
-18.0
-39.0
-39.0
-2.0
-13.0
-28.0
-3.0
-36.0
-17.0
-1.0
-3.0
-88.0
-27.0
-45.5
-64.0
-29.0
-18.0
-6.0
-17.0
-11.0
-16.0
-7.0
-14.0
-3.914999999999992
-36.0
-15.0
-26.0
-21.0
-15.0
-20.0
-3.0
-120.0
-329.0
-33.0
-23.0
-112.0
-20.0
-28.0
-80.0
-27.0
-77.12
-42.0
-4.0
-61.0
-215.0
-1.0
-48.0
-16.970000000000027
-6.0
-19.0
-17.0
-26.0
-16.0
-25.0
-6.0
-39.0
-1.0
-2.1200000000000045
-17.0
-42.11999999999989
-7.0
-19.0
-37.0
-21.0
-64.0
-10.0
-11.0
-52.0
-8.0
-21.0
-13.0
-0.9700000000000273
-0.0
-4.0
-31.0
-16.0
-2.0
-9.0
-4.0
-27.0
-15.0
-19.0
-26.0
-49.059999999999945
-3.0
-20.0
-53.120000000000005
-59.0
-17.0
-33.0
-15.879999999999995
-46.0
-21.0
-27.0
-5.0
-15.970000000000027
-3.0
-12.0
-12.0
-9.0
-9.0
-24.0
-46.0
-25.0
-4.0
-24.0
-13.0
-56.0
-6.0
-8.879999999999995
-97.0
-80.12
-60.0
-86.0
-37.0
-35.0
-7.0
-10.0
-0.0
-15.970000000000027
-24.0
-15.0
-5.0
-6.0
-11.0
-27.0
-12.0
-41.0
-25.0
-15.0
-22.0
-43.0
-36.0
-3.0
-5.0
-48.91999999999996
-7.0
-47.0
-104.0
-264.0
-92.0
-16.0
-19.0
-8.029999999999973
-68.0
-10.0
-6.0
-2.0
-4.0
-3.0
-1.0
-23.0
-1.5500000000000114
-25.0
-18.0
-18.0
-9.0
-569.0
-18.0
-11.0
-21.0
-7.0
-37.0
-68.0
-11.0
-59.0
-27.0
-36.0
-47.0
-23.0
-1.0
-24.0
-10.0
-49.0
-1.0
-32.0
-33.07499999999999
-13.0
-8.0
-23.0
-2.0
-25.0
-1.0
-41.0
-10.0
-8.0
-6.0
-5.0
-1.0
-51.0
-46.0
-43.0
-33.0
-36.0
-45.0
-48.0
-48.0
-31.0
-50.0
-15.0
-33.07499999999999
-34.0
-40.0
-3.0
-8.0
-24.0
-19.0
-22.0
-135.0
-124.0
-67.0
-57.0
-26.0
-17.480000000000018
-24.519999999999982
-48.879999999999995
-79.67999999999995
-4.32000000000005
-88.55999999999995
-216.12
-18.0
-0.0
-11.120000000000005
-14.0
-13.449999999999989
-686.0
-7.0
-14.0
-7.0
-27.0
-9.0
-12.0
-11.0
-256.0
-53.200000000000045
-91.20000000000005
-36.200000000000045
-8.200000000000045
-35.200000000000045
-34.75999999999999
-23.75999999999999
-15.759999999999991
-11.240000000000009
-187.0
-46.0
-22.0
-25.0
-7.0
-463.55
-22.0
-2.0
-5.0
-11.0
-1.0
-41.0
-14.0
-63.0
-38.0
-15.0
-89.0
-65.0
-26.0
-17.0
-14.0
-66.0
-44.879999999999995
-4.0
-84.0
-9.0
-5.0
-12.0
-5.0
-13.449999999999989
-23.0
-2.0
-16.0
-11.0
-13.0
-5.0
-4.0
-76.0
-7.480000000000018
-36.48000000000002
-22.0
-47.0
-71.0
-2.080000000000041
-5.0
-86.0
-46.0
-125.51999999999998
-160.51999999999998
-28.0
-15.0
-3.0
-13.0
-21.44999999999999
-19.0
-23.0
-15.0
-3.0
-22.0
-9.0
-48.0
-27.0
-16.0
-3.0
-25.0
-19.0
-25.0
-19.0
-48.0
-20.0
-23.0
-25.0
-5.0
-18.0
-41.0
-39.0
-2.0
-6.030000000000001
-6.0
-3.0
-12.0
-25.0
-10.0
-31.0
-13.0
-13.0
-0.0
-23.0
-4.0
-3.0
-5.0
-1.0
-3.0
-15.0
-23.0
-6.0
-11.0
-16.0
-3.0
-4.0
-0.0
-4.545000000000044
-12.0
-1.0
-10.0
-10.0
-12.0
-33.0
-8.0
-21.0
-19.0
-12.0
-21.0
-15.0
-15.0
-38.0
-19.0
-21.0
-8.0
-20.0
-6.0
-31.5
-23.0
-17.0
-19.0
-3.0600000000000023
-14.0
-5.0
-21.0
-4.0
-16.0
-6.0
-3.0
-123.0
-20.0
-46.0
-76.0
-75.0
-82.0
-12.0
-19.0
-9.799999999999955
-26.0
-65.0
-91.0
-40.0
-57.0
-4.079999999999984
-10.0
-1.5500000000000114
-21.0
-2.0
-14.0
-15.0
-1.0
-25.0
-12.0
-58.0
-12.0
-3.0
-71.88
-50.0
-16.0
-23.0
-28.0
-33.0
-37.0
-34.0
-46.0
-41.120000000000005
-14.0
-9.0
-10.0
-1.5500000000000114
-19.0
-1.0
-5.0
-5.0
-13.0
-19.0
-7.0
-0.0
-6.0
-50.0
-3.8799999999999955
-12.0
-11.0
-10.0
-26.0
-28.0
-12.0
-12.0
-70.0
-26.0
-29.0
-7.0
-33.0
-1.5500000000000114
-26.0
-9.0
-6.0
-1.0
-17.0
-13.0
-6.0
-66.0
-18.0
-41.0
-132.0
-36.0
-24.0
-41.0
-43.120000000000005
-26.0
-14.0
-15.0
-30.0
-31.0
-44.120000000000005
-12.0
-34.0
-10.980000000000018
-1.0
-3.5
-15.0
-15.5
-68.61000000000001
-46.610000000000014
-7.5
-12.240000000000009
-43.59000000000003
-107.83000000000004
-23.91999999999996
-10.080000000000041
-20.91999999999996
-38.91999999999996
-38.60000000000002
-7.399999999999977
-10.399999999999977
-28.399999999999977
-7.600000000000023
-10.600000000000023
-7.600000000000023
-9.399999999999977
-6.0
-16.420000000000016
-38.0
-8.0
-16.0
-5.0
-23.0
-43.0
-6.0
-14.0
-8.0
-63.0
-70.0
-9.0
-1.0
-39.0
-88.0
-1.0
-52.0
-47.0
-15.0
-30.5
-23.0
-0.0
-10.0
-40.59
-9.0
-29.0
-15.0
-3.0
-14.0
-27.0
-5.0
-13.0
-28.0
-19.0
-16.0
-30.0
-2.0
-32.0
-13.0
-34.0
-4.0
-12.0
-18.0
-22.0
-30.0
-32.0
-18.0
-39.59
-30.0
-20.0
-17.0
-23.0
-11.0
-27.0
-14.0
-114.0
-44.0
-5.0
-53.0
-16.0
-64.0
-48.0
-29.0
-14.0
-20.0
-5.919999999999959
-54.0
-27.0
-20.0
-10.0
-24.0
-2.579999999999984
-4.0
-7.0
-34.0
-7.0
-8.0
-22.0
-41.0
-4.0
-24.0
-42.0
-71.0
-73.88
-29.0
-68.0
-13.0
-23.0
-26.0
-10.879999999999995
-92.0
-18.0
-19.0
-8.0
-28.0
-4.420000000000016
-5.0
-16.0
-3.0
-11.0
-5.0
-10.0
-48.0
-22.0
-22.0
-11.0
-103.0
-9.0
-23.0
-27.0
-73.0
-69.0
-0.8799999999999955
-5.0
-83.0
-8.0
-16.0
-12.0
-2.0
-16.420000000000016
-3.0
-12.0
-4.0
-0.0
-7.0
-13.0
-32.0
-40.0
-6.0
-16.0
-22.0
-6.0
-7.0
-50.0
-11.0
-11.0
-36.0
-32.0
-92.0
-68.12
-2.0
-16.0
-48.0
-28.579999999999984
-12.0
-11.0
-1.0
-17.0
-9.0
-4.0
-2.0
-34.0
-35.0
-53.0
-90.91999999999996
-1.0
-22.0
-441.0
-24.0
-6.0
-4.0
-24.0
-56.0
-13.0
-52.0
-14.0
-31.0
-16.420000000000016
-3.0
-13.0
-6.0
-2.0
-6.0
-42.0
-11.0
-90.0
-38.0
-111.0
-0.0
-74.0
-61.0
-17.04000000000002
-54.04000000000002
-61.0
-65.0
-40.0
-4.0
-3.0
-6.0
-31.0
-8.0
-45.59
-41.0
-17.0
-37.0
-4.0
-19.0
-10.0
-576.0
-1.0
-13.0
-46.0
-49.0
-53.0
-17.0
-24.0
-57.51999999999998
-14.519999999999982
-40.0
-7.0
-2.0
-41.0
-6.0
-46.0
-65.0
-32.59
-4.0
-26.0
-20.0
-3.0
-21.0
-4.0
-2.0
-171.0
-282.0
-138.12
-16.120000000000005
-36.0
-15.0
-58.0
-425.0
-19.0
-21.0
-17.0
-92.0
-40.0
-11.0
-5.0
-71.0
-83.86000000000001
-58.0
-56.0
-66.0
-44.0
-57.0
-54.0
-12.0
-8.0
-32.0
-28.0
-31.0
-6.0
-18.0
-14.0
-51.0
-5.0
-7.0
-18.0
-67.0
-3.0
-31.0
-42.120000000000005
-35.0
-8.664999999999992
-24.0
-22.0
-33.0
-4.0
-15.0
-12.0
-46.0
-47.0
-4.0
-10.0
-36.0
-18.0
-44.0
-9.0
-21.0
-16.91999999999996
-11.0
-25.0
-116.0
-23.0
-5.0
-0.0
-9.0
-12.664999999999992
-2.0
-6.0
-3.0
-13.0
-5.0
-16.0
-77.0
-6.0
-51.67999999999995
-68.32000000000005
-47.0
-18.0
-15.0
-44.0
-40.0
-1.8799999999999955
-21.0
-35.0
-75.0
-2.0
-3.0
-29.0
-1.0
-12.664999999999992
-47.0
-28.0
-14.0
-15.0
-29.0
-750.0
-5.0
-6.0
-361.0
-5.8799999999999955
-76.0
-8.0
-8.0
-45.0
-30.0
-59.0
-95.0
-50.0
-19.0
-54.0
-1.0
-28.0
-76.0
-12.664999999999992
-6.0
-22.0
-32.0
-2.0
-13.0
-17.0
-30.0
-25.0
-105.0
-494.0
-24.0
-16.0
-34.0
-31.0
-20.0
-38.0
-35.0
-40.0
-8.0
-1.0
-3.0
-13.0
-44.0
-23.590000000000003
-10.0
-1.0
-7.0
-18.0
-4.0
-4.0
-24.0
-17.0
-18.0
-1.0
-51.0
-26.0
-11.0
-56.0
-41.0
-47.0
-49.0
-12.0
-25.0
-29.0
-16.0
-47.0
-1.0
-21.590000000000003
-65.0
-0.0
-3.0
-3.0
-15.0
-1.0
-33.0
-121.0
-26.0
-16.0
-0.0
-17.0
-3.919999999999959
-5.0
-7.0
-61.0
-45.0
-10.120000000000005
-84.0
-99.0
-13.0
-23.0
-4.0
-8.664999999999992
-5.0
-19.0
-10.0
-33.0
-7.0
-2.0
-14.0
-5.0
-5.0
-47.0
-107.0
-16.0
-8.0
-67.08000000000004
-62.0
-17.0
-17.0
-19.0
-100.0
-86.0
-53.0
-7.0
-8.0
-8.664999999999992
-2.5
-30.0
-16.0
-3.0
-10.0
-25.0
-23.0
-69.0
-1.8799999999999955
-60.0
-65.0
-7.0
-7.0
-7.8799999999999955
-7.0
-14.0
-31.0
-10.0
-73.0
-18.0
-23.0
-34.0
-14.0
-4.810000000000002
-6.0
-3.0
-5.0
-9.0
-13.0
-32.0
-24.0
-11.0
-31.0
-9.0
-31.0
-15.0
-73.0
-16.0
-28.879999999999995
-2.0
-51.0
-17.0
-132.0
-41.0
-71.80000000000001
-56.0
-3.0
-4.875
-17.0
-5.0
-26.0
-14.0
-20.0
-1.0
-34.0
-34.0
-52.0
-73.0
-78.0
-5.0
-4.0
-22.0
-11.0
-27.0
-14.0
-18.0
-33.0
-54.0
-42.120000000000005
-39.0
-7.0
-728.06
-45.0
-12.0
-7.0
-27.0
-6.0
-6.0
-102.0
-25.0
-334.0
-291.0
-461.0
-63.0
-25.0
-48.0
-37.0
-54.0
-46.120000000000005
-18.0
-25.0
-36.0
-27.0
-29.0
-4.0
-45.59
-15.0
-25.0
-27.0
-2.0
-25.0
-8.0
-28.0
-2.0
-17.0
-19.0
-12.0
-39.0
-37.0
-15.0
-15.0
-60.0
-5.0
-11.0
-25.0
-54.0
-4.0
-28.0
-2.0
-21.590000000000003
-12.0
-11.0
-12.0
-24.0
-14.0
-2.0
-21.0
-132.0
-7.0
-16.0
-19.0
-128.0
-4.0
-57.0
-18.0
-18.0
-14.0
-50.120000000000005
-39.0
-3.0
-53.0
-17.0
-4.0
-17.090000000000003
-4.0
-14.0
-6.0
-19.0
-30.0
-3.0
-15.0
-61.0
-55.0
-5.0
-11.879999999999995
-59.0
-14.879999999999995
-3.0
-25.0
-15.0
-11.0
-13.0
-61.0
-8.0
-65.0
-17.0
-16.0
-2.569999999999993
-12.0
-1.0
-10.0
-11.0
-3.0
-22.0
-30.0
-41.0
-39.0
-21.0
-39.0
-3.0
-48.0
-11.0
-32.0
-16.0
-26.0
-27.0
-31.0
-49.0
-116.0
-8.0
-6.0
-3.0500000000000114
-15.0
-7.0
-5.0
-5.0
-13.0
-14.0
-38.0
-79.0
-318.0
-42.879999999999995
-1.0
-27.0
-24.0
-7.0
-28.0
-32.0
-4.0
-31.120000000000005
-47.0
-50.0
-19.0
-9.0
-36.0
-14.080000000000013
-5.0
-2.0
-7.0
-28.0
-6.0
-26.0
-18.0
-29.0
-3.0
-64.12
-35.0
-85.0
-17.0
-64.0
-7.0
-20.0
-14.0
-8.0
-13.0
-9.0
-23.0
-2.0
-8.0
-38.0
-17.0
-4.0
-22.0
-10.0
-16.120000000000005
-27.0
-10.0
-24.0
-20.0
-20.0
-26.0
-8.0
-78.0
-189.0
-113.03999999999996
-159.96000000000004
-132.0
-207.0
-306.0
-71.0
-59.0
-108.0
-13.0
-129.0
-39.0
-1.0
-32.0
-37.0
-60.0
-7.0
-11.0
-24.0
-3.0
-14.0
-10.0
-26.0
-10.0
-1.0
-26.0
-47.0
-13.0
-56.0
-8.0
-6.0
-30.0
-5.0
-2.0
-21.0
-30.0
-34.0
-6.0
-11.5
-8.0
-12.0
-9.0
-3.0
-4.0
-4.0
-15.0
-143.0
-60.0
-18.0
-10.0
-24.0
-39.0
-89.0
-155.0
-18.879999999999995
-0.0
-39.0
-37.0
-16.0
-0.0
-34.0
-4.0
-1.134999999999991
-6.0
-19.0
-9.0
-7.0
-26.0
-11.5
-9.0
-70.0
-32.0
-64.0
-68.0
-16.0
-45.0
-7.0
-10.0
-9.0
-32.0
-152.0
-44.0
-18.0
-11.0
-27.0
-44.0
-4.134999999999991
-4.0
-18.0
-8.0
-5.0
-9.0
-7.0
-6.0
-36.0
-41.0
-14.120000000000005
-46.0
-47.0
-24.0
-20.0
-28.0
-29.0
-5.0
-32.0
-6.0
-42.120000000000005
-21.0
-4.0
-22.0
-8.870000000000005
-12.0
-12.0
-12.0
-3.0
-2.0
-8.0
-3.0
-56.0
-53.0
-6.0
-59.0
-2.0
-11.0
-11.0
-19.0
-38.0
-12.0
-23.120000000000005
-26.0
-47.0
-30.0
-37.0
-23.0
-0.10500000000001819
-21.0
-23.0
-25.0
-8.0
-12.0
-7.0
-6.0
-3.0
-46.0
-67.0
-18.0
-49.0
-6.0
-10.0
-11.0
-31.0
-16.0
-22.0
-148.0
-11.0
-37.0
-5.1200000000000045
-3.0
-19.894999999999982
-29.0
-25.0
-15.0
-12.0
-28.0
-6.0
-11.0
-20.0
-19.0
-3.0
-19.0
-6.0
-1.0
-11.0
-18.0
-0.0
-5.0
-26.0
-2.0
-23.0
-2.0
-33.0
-50.0
-0.5
-13.0
-13.0
-14.0
-15.0
-6.0
-1.0
-3.0
-12.0
-74.0
-47.0
-29.0
-38.0
-30.0
-10.0
-40.0
-45.0
-32.0
-7.0
-19.0
-20.0
-28.0
-14.0
-51.0
-10.5
-3.0
-18.0
-8.0
-8.0
-11.0
-6.0
-16.0
-123.0
-6.0
-600.0
-32.0
-19.0
-52.879999999999995
-12.0
-18.0
-48.0
-42.0
-30.0
-39.0
-6.0
-60.0
-20.0
-10.0
-0.10500000000001819
-25.0
-17.0
-38.0
-19.5
-1.0
-0.0
-1.0
-35.0
-19.0
-11.0
-15.0
-33.0
-15.0
-10.0
-12.0
-30.0
-9.080000000000041
-54.0
-47.0
-1.0
-42.0
-40.0
-10.0
-3.0800000000000125
-6.0
-6.0
-6.0
-12.0
-0.0
-24.0
-27.0
-36.0
-50.0
-10.0
-16.0
-46.08000000000004
-73.0
-11.0
-5.0
-17.0
-59.0
-7.0
-5.0
-19.0
-41.0
-3.0
-13.0
-9.60499999999999
-34.0
-59.0
-11.0
-2.0
-56.0
-17.0
-11.0
-16.0
-58.0
-62.0
-19.0
-36.0
-11.0
-72.0
-43.0
-4.0
-48.0
-19.0
-47.0
-45.0
-11.0
-2.0
-25.0
-5.1299999999999955
-8.0
-20.0
-10.0
-172.0
-2.0
-8.0
-2.0
-9.0
-21.0
-32.0
-2.0
-13.0
-15.879999999999995
-140.0
-18.0
-29.0
-4.0
-18.0
-20.0
-35.0
-60.0
-58.0
-25.0
-33.13499999999999
-8.0
-36.0
-15.0
-1.0
-11.0
-9.0
-15.0
-223.0
-7.0
-30.0
-43.0
-46.0
-1.0
-59.0
-30.0
-23.0
-33.0
-26.0
-37.0
-38.0
-17.0
-12.0
-2.0
-11.5
-13.0
-10.0
-29.120000000000005
-1.0
-9.0
-24.5
-55.5
-8.0
-13.0
-57.0
-21.0
-9.740000000000009
-10.5
-11.5
-6.0
-49.0
-31.0
-15.0
-26.0
-21.0
-19.0
-1.0
-6.0
-10.5
-10.0
-10.0
-10.0
-0.0
-290.0
-7.0
-13.0
-109.0
-291.0
-42.0
-26.0
-14.0
-3.0
-16.0
-51.0
-157.0
-180.0
-5.1200000000000045
-47.0
-3.0
-63.120000000000005
-86.0
-1.0
-6.134999999999991
-15.5
-8.0
-28.0
-11.0
-9.0
-14.0
-5.0
-126.0
-5.0
-14.0
-51.0
-9.0
-21.0
-14.0
-9.0
-29.0
-16.0
-50.0
-3.0
-23.0
-44.0
-25.0
-99.0
-7.139999999999986
-34.0
-4.0
-6.0
-12.0
-12.0
-10.0
-35.0
-11.879999999999995
-9.0
-46.0
-21.0
-32.0
-17.0
-26.0
-11.0
-15.0
-16.0
-36.0
-0.12000000000000455
-77.0
-82.0
-33.0
-21.0
-1.0500000000000114
-4.0
-19.0
-1.0
-1.0
-38.0
-7.0
-59.0
-13.639999999999986
-62.48000000000002
-6.0
-724.0
-31.32000000000005
-19.32000000000005
-19.32000000000005
-259.0
-0.0
-65.0
-21.0
-14.0
-36.0
-18.0
-27.0
-9.120000000000005
-9.884999999999991
-18.519999999999982
-8.0
-23.0
-47.0
-16.0
-3.0
-38.0
-5.0
-66.0
-21.91999999999996
-8.0
-20.899999999999977
-11.0
-19.0
-17.120000000000005
-12.0
-15.0
-1.0
-30.0
-27.0
-32.0
-28.0
-26.0
-9.884999999999991
-2.0
-14.0
-47.0
-24.0
-16.0
-4.0
-12.0
-83.0
-25.0
-61.0
-51.0
-37.51999999999998
-13.5
-8.0
-24.0
-18.0
-11.0
-6.0
-18.5
-10.0
-2.0
-0.5
-10.0
-5.5
-8.0
-0.5
-9.5
-2.0
-38.5
-23.5
-24.5
-24.0
-6.0
-49.0
-21.0
-20.25999999999999
-3.5
-14.5
-4.0
-38.0
-43.5
-11.0
-7.5
-22.5
-4.5
-11.5
-2.0
-32.5
-5.0
-3.0
-16.0
-20.0
-5.0
-12.0
-36.0
-137.0
-54.0
-16.0
-27.0
-2.0
-86.0
-12.0
-31.879999999999995
-88.0
-36.0
-0.0
-47.0
-59.0
-25.0
-6.0
-19.0
-9.884999999999991
-13.0
-20.0
-14.0
-33.0
-11.0
-13.0
-5.0
-1.0
-51.0
-27.0
-21.0
-11.0
-22.0
-47.0
-62.0
-30.0
-6.8799999999999955
-10.0
-76.0
-55.0
-1.0
-6.0
-36.0
-9.884999999999991
-5.0
-40.0
-117.0
-14.0
-17.0
-5.0
-3.0
-174.0
-25.0
-7.0
-63.0
-12.0
-4.0
-36.0
-15.0
-11.0
-0.0
-27.08000000000004
-24.519999999999982
-72.51999999999998
-56.0
-14.0
-39.0
-20.819999999999993
-1.0
-5.0
-14.0
-30.0
-30.0
-14.0
-14.0
-39.0
-18.0
-9.0
-72.0
-15.0
-4.0
-5.0
-11.0
-0.0
-14.120000000000005
-46.0
-96.0
-160.0
-66.0
-8.0
-32.0
-17.319999999999993
-9.0
-2.0
-6.0
-21.0
-15.0
-12.0
-33.0
-26.0
-19.0
-30.0
-5.0
-21.0
-28.0
-8.0
-0.0
-38.0
-5.0
-10.0
-40.0
-7.0
-32.0
-32.0
-33.0
-2.319999999999993
-16.0
-5.0
-13.0
-15.0
-15.0
-22.0
-12.0
-30.0
-3.0
-22.0
-43.0
-17.0
-26.0
-82.0
-77.0
-60.0
-38.0
-5.0
-14.0
-9.0
-34.0
-23.0
-11.0
-0.5
-35.0
-42.5
-26.5
-9.0
-19.0
-25.0
-8.0
-3.0
-56.0
-49.0
-28.0
-90.0
-85.0
-26.0
-66.0
-30.0
-30.0
-8.0
-23.0
-16.0
-42.0
-3.0
-21.0
-32.5
-33.0
-11.0
-2.0
-19.0
-2.0
-31.0
-24.0
-106.0
-237.12
-76.0
-9.0
-5.0
-64.0
-1.0
-76.0
-54.0
-36.08000000000004
-8.0
-77.0
-59.0
-7.0
-30.0
-33.0
-13.180000000000007
-4.0
-3.0
-9.0
-1.0
-15.0
-3.0
-28.0
-8.0
-53.0
-13.0
-49.0
-27.0
-28.0
-2.0
-11.0
-44.0
-20.0
-14.0
-42.0
-30.0
-16.0
-46.0
-12.0
-8.680000000000007
-4.0
-6.0
-4.0
-7.0
-18.0
-5.0
-2.0
-29.120000000000005
-28.0
-19.0
-8.0
-5.0
-30.0
-28.0
-5.0
-4.0
-9.0
-27.0
-44.0
-76.0
-15.0
-17.0
-11.0
-11.319999999999993
-5.0
-27.0
-21.0
-7.0
-8.0
-12.0
-10.0
-133.0
-26.0
-25.0
-17.91999999999996
-30.0
-4.8799999999999955
-6.0
-6.0
-4.0
-15.0
-54.0
-19.0
-6.0
-42.0
-8.0
-11.0
-5.680000000000007
-13.0
-41.0
-21.0
-18.0
-1.0
-1.0
-11.0
-52.0
-33.0
-22.039999999999964
-20.960000000000036
-15.0
-67.0
-29.0
-9.0
-19.0
-19.0
-4.0
-30.0
-16.0
-13.0
-19.0
-12.0
-64.68
-9.0
-12.0
-11.0
-4.0
-8.0
-20.0
-3.0
-107.0
-46.0
-108.0
-7.0
-51.0
-36.0
-78.0
-87.0
-18.0
-38.0
-44.0
-75.0
-50.0
-37.0
-34.0
-1.0
-12.5
-35.0
-13.0
-3.0
-18.0
-51.0
-7.0
-11.0
-5.0
-15.0
-9.0
-2.0
-53.0
-25.0
-40.0
-13.0
-23.0
-14.0
-27.0
-9.0
-30.0
-2.0
-13.0
-4.0
-10.5
-22.0
-17.0
-2.0
-3.0
-43.0
-7.0
-18.0
-126.0
-24.0
-23.0
-12.0
-16.0
-33.0
-5.0
-31.0
-1.0
-18.0
-5.0
-14.0
-18.0
-14.0
-19.0
-40.0
-29.319999999999993
-10.0
-21.0
-16.0
-14.0
-18.0
-6.0
-30.0
-15.0
-13.0
-16.0
-9.0
-21.0
-4.0
-52.0
-4.0
-8.0
-44.0
-36.0
-13.0
-23.0
-18.0
-2.0
-4.0
-8.680000000000007
-13.0
-1.0
-12.0
-15.0
-0.0
-38.0
-41.0
-21.0
-79.0
-1.0
-77.0
-26.0
-1.0
-20.0
-23.0
-63.0
-66.0
-143.0
-48.0
-45.0
-24.0
-6.0
-46.0
-66.32
-19.0
-14.0
-8.0
-1.0
-18.0
-10.0
-21.0
-133.0
-68.0
-8.0
-22.0
-25.0
-16.0
-0.0
-23.0
-17.0
-37.0
-8.0
-17.0
-30.0
-38.0
-2.0
-25.0
-18.819999999999993
-1.0
-1.0
-10.0
-4.0
-10.0
-23.0
-34.0
-7.0
-63.0
-132.0
-20.0
-23.0
-88.0
-18.0
-41.0
-59.0
-181.0
-468.0
-250.0
-95.0
-29.0
-22.920000000000016
-30.5
-41.474999999999994
-805.0
-7.0
-9.0
-4.0
-26.0
-8.0
-17.0
-24.0
-12.0
-96.0
-16.0
-2.0
-14.0
-20.0
-34.0
-18.0
-123.0
-33.0
-63.0
-13.0
-57.379999999999995
-14.60499999999999
-175.51999999999998
-33.47999999999999
-25.819999999999993
-75.0
-4.0
-51.0
-33.0
-52.0
-14.0
-35.0
-8.0
-40.0
-40.0
-17.0
-15.0
-9.0
-6.0
-30.0
-1.0
-38.0
-14.0
-11.0
-31.0
-15.129999999999995
-59.30000000000001
-463.24
-36.639999999999986
-13.0
-11.0
-32.0
-61.639999999999986
-31.0
-25.5
-22.0
-7.5
-36.5
-31.0
-16.0
-1.5
-5.5
-10.0
-15.5
-16.5
-14.0
-26.0
-21.0
-24.5
-40.129999999999995
-32.0
-7.0
-33.0
-61.84000000000003
-237.41
-50.24000000000001
-0.009999999999990905
-51.0
-44.0
-108.0
-65.0
-171.0
-47.0
-26.0
-428.0
-542.5
-585.0
-298.0
-273.0
-17.0
-23.0
-35.0
-20.0
-16.39500000000001
-21.090000000000003
-14.0
-22.099999999999994
-101.0
-22.590000000000003
-48.0
-10.009999999999991
-77.60000000000002
-637.0
-41.0
-165.0
-289.0
-571.0
-590.0899999999998
-18.0
-163.0
-539.0
-198.0
-38.0
-12.0
-42.0
-39.0
-14.0
-16.39500000000001
-89.18
-62.18000000000001
-68.19999999999999
-43.18000000000001
-56.18000000000001
-52.18000000000001
-79.18
-135.8
-10.17999999999995
-93.82000000000005
-104.17999999999995
-548.18
-380.20000000000005
-164.17999999999995
-199.82000000000005
-171.82000000000005
-216.18
-102.19999999999999
-268.17999999999995
-358.82
-132.0
-59.0
-69.0
-9.60499999999999
-73.30000000000001
-38.0
-26.0
-19.0
-28.0
-25.0
-55.0
-67.0
-56.0
-21.0
-91.0
-15.0
-5.0
-80.0
-53.0
-67.0
-62.0
-89.0
-82.0
-78.0
-23.0
-16.0
-3.0
-36.16
-40.91999999999999
-10.0
-36.0
-15.0
-8.0
-32.0
-21.0
-37.0
-16.0
-3.0
-73.0
-2.0
-28.0
-30.0
-26.0
-30.0
-4.0
-55.0
-27.0
-50.0
-14.0
-28.0
-52.0
-49.61500000000001
-43.91999999999999
-22.0
-39.0
-29.0
-29.0
-46.0
-47.0
-49.0
-39.0
-8.0
-7.0
-13.0
-7.0
-18.0
-2.0
-22.0
-6.0
-18.0
-1.0
-9.0
-26.0
-8.0
-7.0
-35.06999999999999
-26.0
-4.0
-47.0
-33.0
-20.0
-35.0
-9.0
-82.0
-46.0
-96.0
-185.0
-183.0
-100.0
-12.0
-79.0
-33.0
-21.0
-45.0
-16.0
-196.0
-236.0
-23.0
-7.0
-21.930000000000007
-18.0
-27.0
-8.0
-39.0
-7.0
-7.0
-26.0
-16.0
-356.0
-276.0
-301.0
-134.0
-477.0
-275.0
-444.0
-49.0
-49.0
-0.0
-20.0
-67.0
-38.0
-8.5
-220.0
-49.59
-57.0
-0.0
-208.0
-111.0
-174.5
-31.0
-73.0
-18.0
-38.0
-1.0
-6.0
-59.0
-33.0
-519.0
-162.0
-153.0
-95.0
-212.0
-396.0
-14.0
-55.0
-11.0
-12.0
-32.59
-52.0
-53.0
-19.0
-17.0
-19.0
-10.0
-11.0
-32.0
-219.0
-151.0
-276.0
-62.0
-319.0
-497.0
-500.0
-7.0
-54.0
-23.0
-4.0
-16.0
-13.0
-38.0
-4.0
-27.590000000000003
-59.0
-52.0
-16.0
-4.0
-2.0
-19.0
-8.0
-30.0
-121.0
-103.0
-74.0
-21.0
-105.0
-8.0
-108.0
-138.0
-65.0
-56.0
-23.0
-102.0
-15.0
-50.0
-608.0
-45.59
-49.0
-60.0
-36.0
-66.0
-62.0
-40.0
-44.0
-44.0
-129.0
-51.0
-55.0
-70.0
-101.0
-17.0
-3.0
-3.0
-103.0
-14.0
-63.0
-115.0
-75.0
-6.0
-4.0
-10.409999999999997
-5.0
-12.0
-10.0
-9.0
-23.0
-23.0
-35.0
-40.0
-31.0
-27.0
-12.0
-3.0
-17.0
-47.0
-37.0
-31.0
-26.0
-21.0
-42.0
-35.0
-19.0
-19.0
-5.5
-22.579999999999956
-7.0
-13.0
-2.0
-36.5
-17.0
-2.0
-33.0
-22.0
-10.0
-40.0
-21.0
-62.0
-9.0
-87.0
-28.0
-61.0
-59.0
-36.0
-13.0
-49.0
-12.0
-7.0
-8.0
-14.090000000000003
-24.0
-19.0
-6.0
-21.0
-7.0
-69.0
-6.0
-141.0
-116.0
-118.0
-93.0
-57.0
-51.0
-0.0
-37.0
-15.0
-25.0
-90.0
-20.0
-19.0
-56.0
-3.0
-30.0
-10.409999999999997
-8.0
-17.0
-7.0
-4.0
-34.0
-15.0
-37.0
-67.0
-35.0
-0.0
-79.0
-21.0
-46.0
-70.0
-38.0
-53.0
-96.0
-62.0
-42.0
-179.0
-57.0
-3.0
-65.0
-10.409999999999997
-0.0
-1.0
-1.0
-38.0
-31.0
-13.0
-11.0
-57.0
-77.0
-106.0
-7.0
-9.0
-11.0
-12.0
-77.0
-80.0
-87.0
-78.0
-54.0
-121.0
-25.0
-3.0
-32.0
-51.59
-19.0
-2.0
-17.0
-20.0
-13.0
-27.0
-2.0
-37.0
-99.0
-20.0
-35.0
-30.0
-75.0
-17.0
-17.0
-0.0
-68.0
-20.0
-4.0
-8.0
-48.0
-20.0
-26.0
-27.590000000000003
-1.0
-21.0
-37.0
-794.0
-32.0
-52.5
-8.0
-58.0
-93.0
-38.0
-8.0
-13.0
-80.0
-3.0
-59.0
-73.0
-193.0
-39.0
-34.0
-73.0
-59.0
-420.0
-24.0
-39.110000000000014
-9.0
-25.0
-1.0
-15.5
-16.0
-50.0
-52.0
-47.0
-76.0
-73.0
-102.0
-74.0
-93.44
-83.44
-80.0
-72.0
-97.0
-80.0
-345.0
-30.0
-1.0
-7.0
-32.0
-896.13
-25.0
-28.0
-7.0
-21.0
-29.0
-50.0
-56.5
-50.0
-38.0
-8.0
-43.0
-33.0
-56.0
-67.0
-50.0
-44.0
-44.0
-18.0
-27.0
-26.0
-1.0
-24.0
-25.0
-14.159999999999997
-58.96000000000001
-48.96000000000001
-52.0
-58.0
-47.0
-50.0
-46.0
-60.0
-53.0
-35.0
-55.0
-71.0
-57.0
-40.0
-31.0
-46.0
-22.0
-45.0
-39.0
-9.0
-15.0
-21.0
-24.0
-5.1200000000000045
-28.0
-24.0
-53.0
-38.0
-48.0
-50.0
-68.0
-61.0
-51.0
-36.0
-7.0
-18.0
-121.0
-134.0
-159.0
-24.5
-36.0
-1.0
-34.0
-36.0
-34.0
-29.0
-37.0
-35.139999999999986
-39.0
-41.0
-15.0
-77.0
-21.0
-50.5
-20.0
-72.0
-61.91999999999999
-7.0800000000000125
-27.0
-47.0
-23.0
-44.0
-32.0
-2.0
-11.0
-18.0
-23.0
-12.0
-41.0
-15.0
-22.0
-33.099999999999994
-15.0
-36.0
-611.0
-32.0
-12.0
-37.0
-37.0
-46.0
-38.0
-1.0
-16.0
-73.0
-69.0
-37.0
-28.0
-31.0
-17.0
-26.0
-250.0
-3.0
-35.0
-6.0
-32.0
-2.819999999999993
-41.5
-69.0
-11.0
-38.0
-15.0
-57.0
-29.5
-32.0
-21.0
-28.0
-18.0
-81.0
-8.0
-10.0
-40.0
-27.0
-31.0
-41.0
-53.5
-2.9199999999999875
-10.0
-10.0
-22.0
-11.129999999999995
-25.0
-24.0
-19.0
-21.0
-28.0
-24.0
-16.0
-35.5
-143.44
-79.0
-168.0
-97.0
-200.0
-37.0
-150.0
-139.0
-131.0
-49.0
-97.0
-49.0
-85.0
-4.0
-532.0
-72.11000000000001
-8.0
-30.0
-0.0
-6.0
-11.0
-24.0
-22.0
-46.0
-176.0
-83.0
-85.0
-11.0
-126.0
-400.0
-388.0
-48.0
-147.0
-129.0
-122.0
-45.0
-60.0
-28.0
-13.0
-72.11000000000001
-38.0
-16.0
-19.0
-11.0
-260.0
-22.960000000000008
-50.0
-43.0
-7.0
-182.79999999999995
-51.60000000000002
-17.600000000000023
-0.6000000000000227
-38.60000000000002
-61.60000000000002
-50.799999999999955
-62.200000000000045
-3.7999999999999545
-52.80000000000001
-30.80000000000001
-0.19999999999998863
-35.68000000000001
-15.0
-39.110000000000014
-7.5
-18.47999999999999
-16.5
-12.0
-16.0
-36.0
-16.0
-206.0
-166.0
-84.0
-37.0
-3.0
-178.0
-25.0
-24.0
-29.0
-77.0
-2.0
-78.0
-62.0
-69.0
-55.0
-15.0
-522.11
-18.0
-9.0
-5.0
-6.0
-14.0
-4.0
-13.0
-22.0
-202.0
-101.75999999999999
-52.75999999999999
-79.24000000000001
-0.7599999999999909
-73.0
-59.15999999999997
-96.15999999999997
-73.15999999999997
-43.15999999999997
-93.16000000000003
-88.83999999999997
-11.0
-22.0
-13.0
-72.11000000000001
-28.0
-32.0
-15.0
-28.0
-10.0
-33.0
-24.0
-204.0
-13.0
-54.0
-53.0
-21.519999999999982
-223.51999999999998
-31.0
-39.0
-45.0
-92.0
-34.0
-24.0
-1.0
-31.0
-15.0
-14.0
-72.11000000000001
-46.0
-49.47999999999999
-12.5
-17.0
-30.0
-28.0
-30.0
-65.0
-4.0
-147.0
-5.0
-29.0
-67.0
-13.0
-36.0
-42.0
-92.0
-10.0
-249.0
-2.0
-36.0
-18.0
-21.0
-39.110000000000014
-13.0
-17.0
-18.0
-17.0
-29.0
-15.0
-70.0
-27.0
-58.620000000000005
-20.0
-31.0
-57.0
-22.5
-28.5
-65.0
-78.0
-73.0
-85.0
-105.0
-113.0
-1.0
-9.0
-18.0
-13.639999999999986
-0.0
-6.0
-0.0
-16.0
-41.0
-19.47999999999999
-29.5
-30.24000000000001
-45.24000000000001
-34.5
-27.0
-25.5
-22.5
-20.5
-22.0
-17.0
-12.0
-7.0
-62.0
-27.0
-14.0
-14.0
-11.0
-13.639999999999986
-2.0
-7.0
-25.0
-47.0
-10.5
-18.0
-28.0
-85.0
-157.0
-602.0
-114.0
-85.0
-134.0
-63.0
-68.0
-38.0
-67.0
-42.0
-36.0
-80.0
-71.0
-36.0
-10.0
-72.11000000000001
-3.0600000000000023
-15.5
-9.0
-37.0
-8.5
-9.5
-12.5
-96.60000000000002
-5.600000000000023
-86.39999999999998
-53.39999999999998
-66.39999999999998
-28.399999999999977
-49.39999999999998
-40.39999999999998
-47.39999999999998
-76.60000000000002
-116.60000000000002
-180.60000000000002
-53.60000000000002
-16.600000000000023
-0.6000000000000227
-14.0
-72.11000000000001
-36.120000000000005
-4.0
-5.0
-5.0
-10.0
-12.0
-8.0
-96.0
-8.0
-19.0
-55.0
-76.0
-63.0
-2.0
-18.0
-130.0
-127.0
-31.0
-55.0
-50.0
-33.0
-34.0
-39.0
-39.110000000000014
-13.560000000000002
-8.0
-21.0
-16.0
-6.0
-38.5
-105.0
-93.0
-4.0
-30.0
-5.0
-150.0
-65.0
-13.0
-11.0
-281.0
-16.0
-31.0
-12.0
-19.0
-23.0
-32.0
-32.0
-39.110000000000014
-11.560000000000002
-15.0
-10.0
-2.0
-1.0
-17.5
-16.0
-11.0
-5.0
-44.0
-20.485000000000014
-26.0
-10.0
-50.0
-12.0
-35.0
-26.0
-22.0
-14.0
-24.0
-244.0
-48.0
-6.0
-9.0
-107.12
-89.0
-91.0
-52.0
-52.0
-45.0
-78.0
-45.0
-55.0
-5.0
-31.485000000000014
-23.0
-37.0
-11.0
-4.0
-49.0
-19.0
-5.0
-70.0
-49.120000000000005
-77.0
-74.0
-24.0
-24.0
-61.0
-43.0
-40.0
-28.0
-8.0
-24.0
-26.0
-6.0
-25.0
-7.0
-47.07499999999999
-2.0
-2.0
-20.0
-4.0
-1.0
-389.0
-53.0
-51.0
-4.0
-10.0
-1.0
-19.0
-14.0
-27.0
-5.0
-23.0
-38.0
-31.0
-27.0
-3.0
-15.0
-3.0
-48.0
-32.07499999999999
-4.0
-48.0
-45.0
-33.0
-66.0
-1.0
-12.0
-85.0
-12.0
-46.0
-4.0
-19.0
-36.0
-26.0
-18.0
-15.0
-34.0
-38.0
-76.0
-19.0
-24.0
-27.0
-33.0
-14.485000000000014
-37.0
-43.0
-18.0
-52.0
-27.5
-39.5
-9.0
-7.0
-18.0
-86.0
-27.0
-8.0
-39.0
-6.8799999999999955
-4.0
-42.91999999999996
-5.0
-26.0
-68.12
-42.0
-21.0
-6.0
-32.0
-12.919999999999987
-16.0
-1.0
-25.0
-22.0
-47.0
-33.0
-6.0
-20.0
-5.0
-62.0
-16.0
-25.0
-5.0
-45.0
-25.0
-16.0
-9.0
-10.0
-8.0
-0.0
-26.0
-8.0
-51.0
-1.5500000000000114
-36.0
-20.0
-30.0
-30.0
-31.0
-32.0
-3.0
-32.0
-13.0
-63.0
-12.0
-31.0
-3.0
-60.0
-68.88
-11.0
-6.0
-26.0
-41.0
-96.0
-37.0
-9.0
-15.0
-1.5500000000000114
-8.0
-37.0
-23.0
-29.0
-61.0
-25.0
-26.0
-141.0
-55.0
-76.0
-47.0
-13.0
-26.879999999999995
-40.0
-39.120000000000005
-27.0
-3.0
-55.0
-6.0
-11.0
-30.0
-16.0
-28.0
-36.44999999999999
-35.0
-24.0
-23.0
-12.0
-16.0
-379.0
-20.0
-88.0
-46.0
-76.0
-78.0
-12.0
-6.0
-12.0
-21.0
-74.0
-50.0
-35.0
-10.0
-24.0
-15.0
-11.0
-2.0
-35.07499999999999
-19.0
-1.0
-16.0
-2.0
-14.0
-1.0
-10.0
-1.0
-4.0
-6.0
-5.0
-47.0
-11.0
-14.0
-34.0
-34.0
-31.0
-22.0
-19.0
-19.0
-17.0
-36.0
-45.0
-59.07499999999999
-23.0
-51.0
-6.0
-10.0
-22.0
-22.0
-2.0
-44.0
-15.0
-67.0
-34.0
-72.0
-9.519999999999982
-15.519999999999982
-0.8799999999999955
-10.67999999999995
-73.32000000000005
-28.559999999999945
-111.12
-41.0
-0.0
-8.120000000000005
-18.0
-18.44999999999999
-17.0
-20.0
-21.0
-1.0
-41.0
-17.0
-11.0
-20.0
-28.0
-100.20000000000005
-0.7999999999999545
-36.200000000000045
-10.200000000000045
-68.79999999999995
-3.759999999999991
-7.240000000000009
-15.240000000000009
-31.24000000000001
-26.0
-7.0
-22.0
-32.0
-38.0
-1.5500000000000114
-14.0
-22.0
-11.0
-5.0
-17.0
-65.0
-72.0
-7.0
-31.0
-40.0
-81.0
-65.0
-6.0
-5.0
-14.0
-35.0
-13.879999999999995
-4.0
-12.0
-44.0
-27.0
-18.0
-56.0
-60.44999999999999
-43.0
-13.0
-19.0
-11.0
-595.0
-22.0
-9.0
-20.0
-39.51999999999998
-36.48000000000002
-35.0
-26.0
-51.0
-26.91999999999996
-27.0
-112.0
-106.0
-146.51999999999998
-6.480000000000018
-21.0
-12.0
-6.0
-18.0
-18.44999999999999
-13.0
-11.0
-5.0
-17.0
-42.0
-2.0
-37.0
-18.0
-49.0
-3.0
-47.0
-41.0
-60.0
-54.0
-64.0
-36.0
-92.0
-45.0
-40.0
-53.0
-76.0
-62.0
-12.0
-16.03
-19.0
-3.0
-12.0
-2.0
-13.0
-19.0
-1.0
-17.0
-25.0
-37.0
-4.0
-22.0
-31.0
-26.0
-40.0
-22.0
-3.0
-20.0
-4.0
-16.0
-15.0
-8.0
-10.0
-4.545000000000044
-18.0
-1.0
-20.0
-12.0
-9.0
-43.0
-121.0
-24.0
-6.0
-13.0
-10.0
-25.0
-4.0
-22.0
-3.0
-12.0
-1.0
-11.0
-15.0
-9.5
-1.0
-6.0
-4.0
-3.0600000000000023
-18.0
-5.0
-9.0
-4.0
-36.0
-18.0
-9.0
-135.0
-27.0
-46.0
-20.0
-102.0
-22.0
-36.0
-85.0
-94.20000000000005
-22.0
-5.0
-6.0
-168.0
-6.0
-1.079999999999984
-5.0
-18.44999999999999
-273.0
-7.0
-33.0
-11.0
-25.0
-12.0
-13.0
-12.0
-35.0
-28.0
-0.12000000000000455
-9.0
-18.0
-30.0
-48.0
-12.0
-6.0
-34.0
-5.0
-68.12
-14.0
-8.0
-5.0
-10.550000000000011
-59.0
-7.0
-7.0
-3.0
-15.0
-25.0
-7.0
-69.0
-6.0
-7.0
-53.120000000000005
-9.0
-9.0
-35.0
-2.0
-28.0
-12.0
-12.0
-75.0
-27.0
-4.0
-10.0
-37.0
-18.44999999999999
-0.0
-9.0
-2.0
-3.0
-13.0
-26.0
-6.0
-74.0
-18.0
-16.0
-37.0
-15.0
-4.0
-36.0
-43.120000000000005
-26.0
-14.0
-208.0
-115.0
-58.0
-12.120000000000005
-394.0
-52.0
-1.9800000000000182
-5.0
-1.5
-11.0
-17.5
-37.610000000000014
-61.610000000000014
-5.5
-14.759999999999991
-126.40999999999997
-132.83000000000004
-23.91999999999996
-10.080000000000041
-77.91999999999996
-16.08000000000004
-6.399999999999977
-7.399999999999977
-10.399999999999977
-28.399999999999977
-206.39999999999998
-37.60000000000002
-77.60000000000002
-57.39999999999998
-20.0
-39.420000000000016
-7.0
-4.0
-12.0
-697.0
-4.0
-16.0
-21.0
-193.0
-59.0
-65.0
-73.0
-85.0
-101.0
-12.0
-56.0
-11.0
-25.0
-24.0
-12.0
-28.5
-24.0
-5.0
-8.0
-35.59
-10.0
-18.0
-11.0
-18.0
-18.0
-27.0
-21.0
-6.0
-6.0
-19.0
-16.0
-27.0
-2.0
-3.0
-33.0
-27.0
-24.0
-32.0
-26.0
-22.0
-14.0
-0.0
-1.0
-13.590000000000003
-27.0
-28.0
-2.0
-4.0
-12.0
-1.0
-11.0
-135.0
-3.0
-5.0
-3.0
-16.0
-40.0
-27.0
-32.0
-7.0
-23.0
-5.919999999999959
-37.0
-50.0
-88.0
-11.0
-39.0
-17.579999999999984
-11.0
-38.0
-3.0
-11.0
-4.0
-31.0
-17.0
-4.0
-17.0
-15.0
-1.0
-73.88
-31.0
-75.0
-18.0
-23.0
-26.0
-10.879999999999995
-29.0
-35.0
-19.0
-11.0
-11.0
-54.420000000000016
-20.0
-18.0
-5.0
-8.0
-0.0
-29.0
-32.0
-4.0
-15.0
-14.0
-31.0
-12.0
-3.0
-18.0
-28.0
-69.0
-0.8799999999999955
-25.0
-11.0
-61.0
-16.0
-9.0
-6.0
-71.42000000000002
-35.0
-14.0
-0.0
-4.0
-11.0
-14.0
-31.0
-13.0
-6.0
-9.0
-35.0
-58.0
-5.0
-5.0
-17.0
-43.0
-36.0
-32.0
-41.0
-15.120000000000005
-128.0
-17.0
-22.0
-39.420000000000016
-18.0
-15.0
-3.0
-21.0
-5.0
-25.0
-2.0
-43.0
-28.0
-21.0
-18.91999999999996
-1.0
-24.0
-42.0
-21.0
-6.0
-4.0
-24.0
-5.0
-13.0
-85.0
-11.0
-23.0
-8.420000000000016
-1.0
-11.0
-10.0
-18.0
-1.0
-51.0
-27.0
-108.0
-7.0
-64.0
-89.0
-99.0
-68.0
-43.04000000000002
-31.04000000000002
-38.0
-38.0
-13.0
-589.0
-31.0
-22.0
-59.0
-13.0
-23.590000000000003
-19.0
-5.0
-45.0
-4.0
-20.0
-22.0
-7.0
-2.0
-6.0
-46.0
-28.0
-39.0
-93.0
-10.0
-43.51999999999998
-14.519999999999982
-40.0
-7.0
-18.0
-0.0
-95.0
-14.0
-49.0
-1.4099999999999966
-3.0
-55.0
-32.0
-32.0
-18.0
-8.0
-1.0
-198.0
-466.0
-27.120000000000005
-16.120000000000005
-67.0
-15.0
-58.0
-6.0
-2.0
-27.0
-3.0
-1.0
-40.0
-7.0
-5.0
-6.0
-8.139999999999986
-14.0
-12.0
-22.0
-0.0
-13.0
-38.0
-46.0
-8.0
-32.0
-28.0
-31.0
-46.0
-18.0
-7.0
-51.0
-16.0
-7.0
-18.0
-5.0
-3.0
-31.0
-22.120000000000005
-22.0
-8.664999999999992
-26.0
-31.0
-43.0
-5.0
-15.0
-20.0
-37.0
-20.0
-4.0
-35.0
-8.0
-70.0
-44.0
-54.0
-21.0
-4.080000000000041
-11.0
-25.0
-44.0
-12.0
-5.0
-3.0
-15.0
-337.66499999999996
-30.0
-6.0
-4.0
-16.0
-5.0
-30.0
-27.0
-6.0
-51.67999999999995
-62.67999999999995
-19.0
-3.0
-5.0
-760.0
-23.0
-19.120000000000005
-21.0
-35.0
-24.0
-2.0
-3.0
-26.0
-25.0
-29.335000000000008
-5.0
-19.0
-16.0
-13.0
-31.0
-20.0
-5.0
-15.0
-53.0
-5.8799999999999955
-71.0
-10.0
-12.0
-0.0
-37.0
-38.0
-74.0
-50.0
-67.0
-22.0
-7.0
-29.0
-24.0
-23.335000000000008
-6.0
-43.0
-53.0
-39.0
-50.0
-10.0
-41.0
-0.0
-24.0
-4.0
-11.0
-32.0
-10.0
-13.0
-24.0
-1.0
-4.0
-1.0
-22.0
-13.0
-11.0
-2.0
-57.0
-0.4099999999999966
-20.0
-12.0
-17.0
-38.0
-52.0
-60.0
-32.0
-61.0
-22.0
-15.0
-30.0
-40.0
-25.0
-19.0
-5.0
-17.0
-37.0
-19.0
-31.0
-18.0
-11.0
-24.0
-1.0
-13.590000000000003
-16.0
-0.0
-5.0
-5.0
-14.0
-50.0
-58.0
-199.0
-21.0
-16.0
-0.0
-17.0
-3.919999999999959
-5.0
-28.0
-36.0
-16.0
-295.12
-33.0
-41.0
-38.0
-22.0
-104.0
-17.664999999999992
-9.0
-22.0
-7.0
-30.0
-3.0
-29.0
-13.0
-14.0
-5.0
-10.0
-35.0
-5.0
-30.0
-6.919999999999959
-16.0
-17.0
-17.0
-1.0
-14.0
-71.0
-53.0
-7.0
-17.0
-17.664999999999992
-3.5
-7.0
-25.0
-0.0
-13.0
-4.0
-4.0
-42.0
-1.8799999999999955
-134.0
-8.0
-50.0
-8.0
-7.8799999999999955
-7.0
-17.0
-31.0
-10.0
-22.0
-53.0
-55.0
-31.0
-15.0
-10.810000000000002
-3.0
-6.0
-2.0
-18.0
-14.0
-34.0
-24.0
-2.0
-31.0
-9.0
-603.0
-13.0
-5.0
-9.0
-7.8799999999999955
-80.0
-56.0
-9.0
-90.0
-67.12
-1.0
-9.080000000000041
-37.0
-307.0
-21.0
-56.0
-13.0
-25.0
-4.069999999999993
-21.0
-36.0
-48.0
-48.0
-42.0
-36.0
-31.0
-14.0
-15.0
-45.0
-77.12
-150.0
-17.0
-66.08000000000004
-87.0
-29.0
-20.0
-78.0
-63.0
-35.0
-80.0
-20.0
-53.31999999999999
-20.670000000000016
-2.0
-13.0
-30.0
-44.0
-20.0
-50.0
-2.0
-37.0
-7.0
-4.1200000000000045
-70.0
-67.0
-34.0
-83.0
-63.0
-7.0
-21.0
-40.120000000000005
-11.0
-95.0
-62.0
-21.0
-33.0
-18.159999999999997
-59.0
-39.0
-15.0
-2.0
-54.0
-30.0
-2.0
-130.0
-108.0
-216.0
-31.0
-72.0
-40.0
-14.0
-34.0
-47.0
-16.0
-29.0
-25.0
-663.0
-42.0
-21.0
-30.0
-48.09
-12.0
-7.5
-45.5
-54.0
-21.0
-50.0
-27.0
-48.0
-11.0
-34.0
-4.0
-49.0
-39.0
-0.0
-3.0
-15.0
-56.0
-4.0
-23.0
-7.0
-23.0
-0.0
-34.0
-3.9099999999999966
-3.0
-1.0
-8.0
-31.0
-25.0
-10.0
-1.0
-166.0
-28.0
-66.0
-102.11000000000001
-3.0
-76.0
-8.0
-45.91999999999996
-19.0
-27.0
-70.0
-98.0
-58.879999999999995
-30.0
-20.0
-8.0
-9.115000000000009
-21.0
-9.0
-31.0
-3.0
-22.0
-2.0
-11.0
-113.0
-109.0
-121.0
-83.12
-91.0
-9.0
-117.0
-53.0
-59.08000000000004
-29.0
-78.0
-93.12
-127.0
-39.0
-22.0
-1.0
-18.11500000000001
-6.0
-85.0
-37.0
-29.0
-30.0
-39.0
-9.0
-31.0
-45.0
-94.0
-54.0
-79.0
-9.0
-47.0
-53.0
-52.0
-2.0
-61.0
-43.0
-2.0
-237.0
-8.0
-6.0
-9.069999999999993
-15.0
-31.0
-39.0
-29.0
-12.0
-26.0
-20.0
-99.0
-23.0
-63.0
-55.0
-48.0
-43.879999999999995
-9.0
-35.0
-64.0
-16.0
-30.0
-211.0
-12.0
-16.0
-75.0
-16.0
-4.0800000000000125
-8.0
-10.0
-35.0
-16.0
-36.0
-50.0
-22.0
-47.0
-20.0
-46.0
-18.879999999999995
-17.879999999999995
-35.0
-38.0
-68.0
-49.879999999999995
-3.0
-9.0
-10.0
-29.0
-41.0
-29.0
-16.0
-9.074999999999989
-30.0
-38.0
-6.0
-55.0
-27.0
-43.0
-6.0
-114.0
-27.0
-46.0
-34.0
-7.0
-23.0
-17.0
-14.0
-7.0
-12.0
-33.0
-11.0
-56.0
-40.0
-40.0
-43.0
-6.090000000000003
-10.0
-24.0
-7.0
-3.0
-4.0
-44.0
-30.0
-42.0
-28.0
-12.0
-7.0
-20.0
-0.0
-18.0
-1.0
-22.0
-12.0
-28.0
-18.0
-21.0
-17.0
-13.0
-4.0
-3.9099999999999966
-16.0
-27.0
-7.0
-1.0
-8.0
-12.0
-22.0
-169.0
-33.0
-35.0
-116.0
-83.0
-41.0
-109.0
-89.0
-115.0
-95.0
-109.0
-61.0
-49.0
-37.0
-7.0
-9.0
-0.06999999999999318
-12.0
-30.0
-48.0
-33.0
-49.0
-24.0
-29.0
-140.0
-24.0
-23.0
-58.0
-64.0
-56.0
-51.0
-60.120000000000005
-41.879999999999995
-70.0
-16.0
-12.0
-10.0
-119.0
-9.0
-41.0
-37.13499999999999
-18.0
-11.0
-2.0
-16.0
-12.0
-5.0
-13.0
-11.0
-9.0
-98.0
-85.0
-93.0
-66.0
-34.0
-35.0
-19.0
-38.120000000000005
-15.0
-2.0
-5.0
-128.0
-10.0
-6.0
-16.19999999999999
-23.0
-19.0
-15.0
-28.0
-58.0
-38.0
-11.0
-56.0
-25.0
-23.0
-14.0
-47.120000000000005
-60.0
-20.0
-3.0
-29.0
-20.0
-31.0
-45.0
-17.0
-4.0
-4.0
-1.0
-52.17500000000001
-15.0
-24.0
-32.0
-11.0
-15.0
-20.0
-3.0
-110.0
-25.0
-2.0
-4.0
-23.0
-7.0
-68.0
-63.0
-93.0
-19.0
-308.0
-57.0
-35.0
-24.0
-29.0
-19.0
-16.17500000000001
-7.0
-4.0
-15.0
-61.0
-1.0
-9.0
-3.0
-15.0
-4.0
-4.0
-21.0
-10.0
-18.0
-30.0
-86.0
-65.0
-61.0
-71.0
-71.0
-58.0
-33.0
-1.0
-44.0
-26.090000000000003
-4.0
-32.0
-16.0
-4.0
-2.0
-0.0
-1.0
-121.0
-121.0
-263.0
-381.0
-106.0
-108.0
-112.0
-120.0
-141.0
-146.0
-52.0
-55.0
-106.0
-30.0
-21.0
-1.0
-16.82499999999999
-574.0
-296.0
-7.0
-1.0
-9.0
-8.0
-15.0
-128.0
-29.0
-9.0
-53.0
-5.0
-47.0
-19.0
-130.0
-88.20000000000005
-3.7999999999999545
-39.0
-70.0
-49.0
-45.0
-15.0
-42.0
-4.175000000000011
-7.0
-15.0
-18.0
-3.0
-10.0
-13.0
-14.0
-70.0
-203.0
-40.0
-42.0
-105.0
-142.0
-228.0
-134.0
-19.0
-16.0
-25.0
-25.0
-34.0
-19.0
-16.0
-7.0
-22.150000000000006
-184.0
-29.0
-2.0
-38.0
-45.0
-56.0
-14.0
-80.0
-80.0
-59.0
-46.0
-57.0
-66.0
-111.0
-137.0
-84.0
-31.0
-5.0
-22.0
-10.0
-41.0
-22.0
-24.0
-10.139999999999986
-19.0
-27.0
-17.0
-20.0
-26.0
-30.0
-45.0
-60.0
-1.0
-35.0
-33.0
-21.0
-18.0
-44.0
-13.0
-18.0
-17.0
-9.0
-2.0
-13.0
-5.0
-1.0
-154.0
-11.139999999999986
-29.0
-18.0
-7.0
-12.0
-1.0
-4.0
-15.0
-2.0
-4.0
-40.0
-17.0
-10.0
-265.0
-2.0
-13.5
-27.5
-9.0
-4.0
-3.0
-23.0
-12.0
-2.0
-6.0
-43.139999999999986
-15.0
-6.5
-6.0
-27.0
-6.5
-2.0
-37.0
-4.0
-12.0
-38.0
-24.0
-21.0
-8.0
-28.0
-57.0
-37.0
-4.0
-21.0
-4.0
-4.0
-7.0
-3.0
-17.0
-12.139999999999986
-14.0
-19.0
-14.0
-3.0
-14.0
-1.0
-1.0
-9.0
-2.0
-17.0
-1.0
-17.0
-4.0
-10.0
-14.0
-11.0
-4.0
-4.0
-18.0
-6.0
-29.0
-32.0
-21.0
-14.120000000000005
-28.0
-7.0
-0.0
-34.0
-441.0
-9.0
-17.0
-15.0
-9.0
-6.0
-8.5
-20.0
-5.0
-1.0
-2.0
-10.0
-7.0
-25.0
-8.0
-770.0
-18.0
-15.0
-12.0
-7.925000000000011
-5.0
-15.0
-35.0
-17.0
-9.0
-0.0
-16.0
-16.0
-3.0
-46.0
-10.0
-24.0
-5.0
-16.0
-10.0
-15.0
-35.0
-2.0
-36.0
-7.0
-15.0
-15.0
-17.0
-10.074999999999989
-10.0
-34.0
-22.0
-29.0
-20.0
-46.0
-23.0
-75.0
-311.0
-33.0
-27.0
-87.0
-83.0
-104.0
-156.0
-148.0
-11.0
-67.0
-32.0
-21.0
-58.0
-17.0
-72.0
-56.035000000000025
-64.0
-46.0
-43.0
-45.0
-77.0
-66.0
-9.0
-153.0
-146.0
-70.0
-24.0
-74.0
-111.0
-18.879999999999995
-4.0
-67.0
-46.0
-90.0
-18.0
-37.0
-41.0
-53.0
-10.0
-1.035000000000025
-10.0
-9.0
-0.0
-3.0
-1.0
-50.0
-2.0
-147.0
-1.0
-6.0
-8.0
-1.0
-3.0
-79.0
-8.0
-27.0
-48.0
-2.0
-77.0
-48.0
-51.0
-46.0
-66.0
-0.03500000000002501
-8.0
-8.0
-7.0
-11.0
-23.0
-2.0
-6.0
-23.0
-4.0
-54.879999999999995
-18.0
-54.0
-25.0
-20.0
-6.0
-26.0
-22.0
-50.0
-48.0
-15.0
-41.0
-27.0
-11.0
-72.03500000000003
-3.0
-3.0
-3.0
-10.0
-18.0
-5.0
-1.0
-131.0
-7.0
-6.0
-84.0
-86.0
-92.0
-99.0
-88.0
-81.0
-95.84
-85.0
-33.0
-16.0
-11.0
-4.0
-34.0
-23.92500000000001
-65.0
-66.0
-247.0
-67.0
-100.0
-20.5
-78.0
-152.0
-78.15999999999997
-34.15999999999997
-46.15999999999997
-55.15999999999997
-3.159999999999968
-135.27999999999997
-65.15999999999997
-55.15999999999997
-6.159999999999968
-29.840000000000032
-85.15999999999997
-13.839999999999975
-2.839999999999975
-2.160000000000025
-13.0
-39.964999999999975
-17.0
-4.0
-20.0
-19.0
-40.0
-54.0
-4.0
-22.0
-53.0
-2.0
-7.0
-13.0
-28.91999999999996
-44.0
-551.0
-4.0
-23.0
-29.0
-95.0
-7.079999999999984
-9.0
-2.0
-9.0
-46.964999999999975
-49.0
-10.0
-21.0
-1.0
-19.0
-48.0
-13.0
-7.639999999999986
-53.639999999999986
-24.24000000000001
-22.879999999999995
-12.67999999999995
-66.55999999999995
-1.0
-14.480000000000018
-13.480000000000018
-64.96000000000004
-49.039999999999964
-37.559999999999945
-3.4399999999999977
-33.0
-1.0
-45.0
-39.964999999999975
-4.5
-2.0
-17.5
-498.5
-13.0
-18.0
-40.0
-28.69999999999999
-51.83000000000004
-76.29999999999995
-15.67999999999995
-10.919999999999959
-104.08000000000004
-35.91999999999996
-107.03999999999996
-54.08000000000004
-53.08000000000004
-3.919999999999959
-20.91999999999996
-87.92000000000002
-85.92000000000002
-18.920000000000016
-13.0
-46.964999999999975
-37.5
-2.0
-8.5
-4.5
-14.0
-17.0
-38.0
-23.0
-16.0
-62.0
-62.0
-19.0
-6.8799999999999955
-29.67999999999995
-3.32000000000005
-75.67999999999995
-12.840000000000032
-31.720000000000027
-7.7999999999999545
-208.2
-50.19999999999999
-2.0
-7.0
-65.96499999999997
-13.5
-31.0
-4.0
-6.0
-5.0
-2.0
-5.0
-171.0
-3.0
-44.0
-45.0
-20.0
-19.039999999999992
-24.95999999999998
-21.480000000000018
-30.519999999999982
-36.68000000000001
-9.0
-45.68000000000001
-2.5
-14.0
-18.0
-8.0
-53.07499999999999
-29.0
-26.0
-11.0
-0.0
-3.0
-20.0
-31.0
-38.0
-8.0
-25.0
-9.0
-5.0
-28.0
-15.759999999999991
-0.2599999999999909
-6.759999999999991
-21.75999999999999
-8.0
-5.0
-10.0
-23.0
-1.0
-6.0
-42.07499999999999
-23.0
-73.0
-9.0
-6.0
-7.0
-34.0
-28.0
-158.0
-14.0
-27.0
-107.08000000000004
-130.0
-17.0
-30.0
-43.0
-49.0
-21.120000000000005
-135.0
-62.0
-18.0
-7.0
-36.0
-48.0
-39.964999999999975
-37.84
-29.0
-31.75999999999999
-36.72
-31.0
-25.0
-42.0
-9.0
-46.0
-2.0
-125.0
-19.0
-15.0
-44.120000000000005
-19.879999999999995
-77.0
-4.0
-49.0
-23.32000000000005
-15.160000000000025
-15.160000000000025
-32.0
-19.0
-5.779999999999973
-46.68000000000001
-5.0
-68.0
-35.0
-64.0
-65.0
-19.0
-17.0
-89.0
-12.0
-99.0
-1.0
-7.0
-7.0
-8.844999999999999
-23.0
-12.0
-2.0
-9.0
-4.0
-25.0
-27.0
-116.0
-70.0
-4.0
-76.0
-5.0
-130.0
-52.0
-39.0
-14.0
-121.0
-31.0
-25.0
-11.0
-33.0
-16.0
-25.0
-8.844999999999999
-39.0
-36.0
-54.0
-30.0
-16.0
-56.0
-28.0
-3.0
-31.0
-2.0
-66.56
-41.44
-153.0
-136.0
-108.0
-137.0
-145.0
-159.0
-171.0
-170.0
-1.0
-14.0
-4.0
-32.110000000000014
-339.0
-4.0
-20.0
-11.5
-11.0
-4.0
-14.0
-16.0
-14.0
-30.0
-32.0
-45.0
-21.0
-84.0
-1.0
-53.0
-58.0
-13.0
-97.0
-10.0
-35.0
-17.0
-2.0
-13.900000000000006
-2.0
-13.0
-14.0
-38.0
-39.0
-26.0
-11.0
-118.0
-89.0
-209.0
-66.0
-27.0
-16.0
-71.0
-27.0
-85.0
-88.0
-260.0
-461.0
-157.0
-2.0
-38.0
-67.0
-8.844999999999999
-9.0
-36.0
-3.0
-2.0
-5.0
-6.0
-21.0
-77.0
-39.0
-55.0
-57.0
-67.0
-5.0
-49.0
-31.0
-23.0
-44.0
-64.0
-19.0
-2.0
-0.0
-2.0
-14.0
-44.845
-12.0
-8.0
-4.0
-4.0
-2.0
-33.0
-12.0
-71.0
-59.0
-57.0
-29.0
-17.0
-20.0
-14.309999999999945
-4.0
-8.0
-27.0
-81.0
-5.0
-24.0
-21.0
-5.0
-22.0
-44.845
-26.0
-26.0
-19.0
-23.0
-3.0
-28.0
-1.0
-6.0
-76.0
-44.0
-209.0
-461.0
-47.0
-592.655
-265.0
-253.0
-182.0
-212.0
-12.0
-85.0
-467.0
-48.0
-12.0
-28.845
-19.0
-19.0
-25.0
-33.0
-9.0
-26.0
-16.0
-56.0
-37.0
-58.0
-86.0
-14.0
-19.0
-5.0
-30.0
-9.0
-8.0
-19.0
-142.0
-26.0
-152.0
-30.0
-230.0
-28.845
-66.0
-3.0
-36.0
-4.0
-17.0
-29.0
-14.0
-52.0
-14.0
-38.0
-7.0
-11.0
-0.0
-32.0
-43.0
-59.5
-68.5
-231.0
-164.0
-22.0
-71.0
-58.5
-47.0
-75.13
-26.0
-54.0
-12.0
-8.5
-94.0
-429.0
-2.0
-38.0
-0.0
-25.0
-8.0
-55.0
-24.0
-7.0
-25.0
-17.5
-17.5
-151.0
-5.0
-21.0
-66.0
-2.0
-65.0
-37.129999999999995
-14.5
-8.539999999999992
-15.0
-2.5
-595.0
-597.0
-29.0
-129.0
-67.0
-3.0
-108.0
-505.0
-449.0
-237.0
-44.0
-116.0
-313.0
-490.0
-121.0
-112.0
-38.0
-11.5
-204.0
-12.155000000000001
-7.5
-27.460000000000008
-25.0
-38.5
-388.0
-34.0
-21.0
-88.0
-103.0
-16.0
-105.0
-652.0
-70.0
-13.0
-21.0
-53.0
-58.0
-8.0
-121.0
-31.0
-62.0
-15.0
-2.0
-8.844999999999999
-14.5
-48.91999999999999
-28.0
-44.0
-38.0
-47.0
-0.0
-89.0
-98.0
-67.0
-85.0
-86.0
-55.0
-19.0
-29.0
-18.0
-3.0
-9.0
-0.0
-13.0
-23.0
-34.0
-22.0
-8.844999999999999
-16.0
-18.0
-2.0
-6.0
-24.0
-39.0
-3.0
-8.0
-17.0
-33.0
-607.0
-650.0
-72.0
-77.0
-21.0
-45.0
-192.0
-60.0
-5.0
-4.0
-2.0
-64.0
-6.0
-36.845
-15.0
-25.0
-41.0
-34.5
-28.0
-6.0
-6.0
-86.0
-105.0
-117.0
-36.0
-28.0
-9.0
-18.0
-12.0
-16.0
-11.0
-106.0
-40.0
-42.0
-19.0
-14.0
-38.0
-45.845
-8.0
-6.0
-12.0
-26.0
-2.0
-53.0
-19.0
-42.0
-9.0
-90.0
-90.0
-18.0
-71.0
-131.0
-46.0
-17.0
-30.0
-4.0
-4.0
-228.0
-9.0
-15.0
-10.0
-25.129999999999995
-0.0
-2.0
-13.0
-62.0
-28.0
-72.0
-53.0
-546.0
-9.0
-36.0
-47.0
-56.0
-15.0
-58.0
-59.0
-52.0
-63.0
-17.0
-1.0
-48.0
-23.0
-15.0
-15.0
-13.129999999999995
-10.0
-9.0
-3.0
-60.0
-14.0
-52.0
-15.0
-105.0
-278.0
-548.0
-74.0
-76.0
-31.0
-23.0
-16.0
-9.0
-24.0
-111.0
-6.0
-77.0
-19.0
-19.0
-3.0
-3.155000000000001
-20.0
-20.0
-50.47999999999999
-25.5
-9.5
-3.5
-16.0
-74.0
-78.32000000000005
-41.67999999999995
-31.67999999999995
-11.0
-22.0
-11.0
-6.0
-34.0
-7.0
-70.0
-48.0
-13.0
-5.0
-1.0
-26.0
-3.155000000000001
-6.0
-25.0
-16.0
-22.0
-34.0
-15.0
-14.0
-20.0
-102.0
-38.0
-1.0
-11.0
-36.0
-30.0
-68.0
-3.0
-27.0
-3.0
-40.0
-37.0
-18.0
-22.0
-14.0
-5.139999999999986
-19.5
-0.0
-1.5
-54.68000000000001
-10.590000000000003
-30.620000000000005
-60.51999999999998
-81.83999999999997
-83.63999999999999
-42.639999999999986
-21.519999999999982
-16.519999999999982
-11.639999999999986
-47.84000000000003
-36.84000000000003
-60.84000000000003
-46.84000000000003
-11.759999999999991
-1.240000000000009
-64.39999999999998
-10.600000000000023
-40.39999999999998
-38.75999999999999
-27.60499999999999
-47.0
-9.0
-1.5
-51.84000000000003
-40.59
-0.6200000000000045
-55.19999999999999
-102.42000000000002
-417.0
-455.52
-18.75999999999999
-13.740000000000009
-205.0
-117.0
-108.0
-191.0
-571.0
-1.0
-14.0
-33.0
-52.0
-23.0
-30.379999999999995
-4.60499999999999
-148.51999999999998
-11.47999999999999
-26.819999999999993
-72.0
-36.0
-24.0
-54.0
-22.0
-9.0
-77.0
-13.0
-38.0
-48.0
-71.0
-21.0
-79.0
-25.0
-12.0
-21.0
-25.0
-23.0
-38.0
-366.0
-67.13
-75.30000000000001
-75.24000000000001
-26.639999999999986
-29.0
-48.0
-7.0
-11.639999999999986
-64.0
-47.5
-2.0
-9.5
-19.5
-14.0
-12.0
-34.5
-1.5
-7.0
-19.5
-0.5
-1.0
-11.0
-11.0
-14.5
-15.129999999999995
-33.0
-30.0
-866.0
-60.84000000000003
-5.409999999999997
-71.24000000000001
-17.00999999999999
-35.0
-290.0
-160.0
-65.0
-48.0
-47.0
-3.0
-484.0
-266.5
-178.0
-159.0
-1.0
-17.0
-36.0
-16.0
-27.0
-23.39500000000001
-30.090000000000003
-40.0
-26.099999999999994
-108.0
-10.590000000000003
-71.0
-5.009999999999991
-99.60000000000002
-506.0
-178.0
-224.0
-24.0
-564.0
-580.0899999999998
-58.0
-69.0
-152.0
-189.0
-15.0
-68.0
-61.0
-10.0
-36.0
-20.39500000000001
-81.18
-56.18000000000001
-19.19999999999999
-21.180000000000007
-74.18
-95.18
-1.8199999999999932
-299.8
-179.17999999999995
-73.82000000000005
-52.82000000000005
-201.82000000000005
-235.79999999999995
-47.82000000000005
-60.82000000000005
-176.82000000000005
-170.82
-308.2
-289.17999999999995
-58.81999999999999
-157.0
-3.0
-30.0
-9.60499999999999
-46.30000000000001
-50.0
-52.0
-45.0
-9.0
-6.0
-24.0
-28.0
-194.0
-69.0
-70.0
-18.0
-17.0
-92.0
-49.0
-8.0
-30.0
-59.0
-9.0
-56.0
-65.0
-28.0
-15.0
-48.16
-15.919999999999987
-20.0
-46.0
-0.0
-7.0
-8.0
-6.0
-34.0
-8.0
-18.0
-43.0
-33.0
-59.0
-30.0
-3.0
-2.0
-39.0
-13.0
-4.0
-7.0
-14.0
-14.0
-28.0
-46.61500000000001
-15.919999999999987
-6.0
-11.0
-1.0
-1.0
-18.0
-19.0
-9.0
-11.0
-3.0
-16.0
-8.0
-8.0
-4.0
-28.0
-44.0
-37.0
-10.0
-9.0
-13.0
-19.0
-22.0
-8.0
-5.069999999999993
-4.0
-34.0
-13.0
-19.0
-6.0
-1.0
-17.0
-119.0
-280.0
-504.0
-113.0
-106.0
-78.0
-65.0
-100.0
-5.0
-5.0
-154.0
-16.0
-58.0
-5.0
-62.0
-17.0
-67.93
-55.0
-68.0
-22.0
-73.0
-41.0
-52.0
-31.0
-152.0
-38.0
-68.0
-31.0
-219.0
-180.0
-278.0
-136.0
-84.0
-33.0
-0.0
-20.0
-92.0
-77.0
-8.5
-196.0
-38.59
-27.0
-23.0
-233.0
-260.0
-25.5
-31.0
-67.0
-18.0
-38.0
-142.0
-10.0
-1.0
-39.0
-440.0
-126.0
-92.0
-421.0
-34.0
-189.0
-14.0
-55.0
-3.0
-2.0
-9.409999999999997
-9.0
-10.0
-54.0
-2.0
-0.0
-9.0
-8.0
-6.0
-198.0
-440.0
-413.0
-609.0
-151.0
-147.0
-150.0
-4.0
-15.0
-23.0
-4.0
-16.0
-126.0
-21.0
-11.0
-18.409999999999997
-8.0
-7.0
-7.0
-14.0
-8.0
-9.0
-16.0
-45.0
-2.0
-27.0
-2.0
-28.0
-56.0
-3.0
-29.0
-1.0
-11.0
-70.0
-23.0
-26.0
-10.0
-2.0
-12.0
-17.590000000000003
-2.0
-22.0
-2.0
-28.0
-24.0
-2.0
-29.0
-77.0
-119.0
-13.0
-19.0
-22.0
-103.0
-21.0
-14.0
-8.0
-49.0
-28.0
-11.0
-24.0
-1.0
-40.0
-27.0
-18.409999999999997
-3.0
-7.0
-9.0
-28.0
-11.0
-38.0
-50.0
-22.0
-31.0
-5.0
-7.0
-16.0
-2.0
-24.0
-18.0
-24.0
-16.0
-50.0
-9.0
-16.0
-28.0
-19.0
-5.5
-22.579999999999956
-15.0
-22.0
-11.0
-35.5
-22.0
-282.0
-5.0
-6.0
-22.0
-23.0
-57.0
-76.0
-5.0
-35.0
-55.0
-69.0
-54.0
-16.0
-19.0
-19.0
-16.0
-8.0
-7.0
-13.090000000000003
-23.0
-34.0
-3.0
-18.0
-10.0
-19.0
-9.0
-113.0
-418.0
-185.0
-39.0
-57.0
-27.0
-77.0
-90.0
-15.0
-25.0
-109.0
-20.0
-89.0
-31.0
-28.0
-3.0
-50.59
-16.0
-2.0
-3.0
-13.0
-17.0
-34.0
-18.0
-35.0
-38.0
-40.0
-34.0
-110.0
-46.0
-70.0
-86.0
-42.0
-17.0
-70.0
-42.0
-46.0
-62.0
-22.0
-4.0
-50.59
-8.0
-23.0
-45.0
-5.0
-37.0
-5.0
-17.0
-43.0
-202.0
-47.0
-7.0
-48.0
-9.0
-47.0
-77.0
-33.0
-48.0
-43.0
-32.0
-89.0
-43.0
-0.0
-32.0
-50.59
-49.0
-22.0
-7.0
-21.0
-36.48000000000002
-72.51999999999998
-44.48000000000002
-0.5199999999999818
-1.0
-366.0
-39.0
-0.07999999999998408
-27.079999999999984
-21.0
-19.569999999999993
-32.0
-28.0
-4.0
-17.0
-12.0
-9.0
-4.0
-49.0
-41.0
-17.0
-63.51999999999998
-47.51999999999998
-19.0
-1.0
-18.0
-77.0
-55.0
-26.0
-14.0
-67.0
-20.0
-30.0
-24.0
-53.0
-32.0
-25.0
-11.5
-18.5
-21.5
-4.0
-44.0
-30.0
-64.0
-6.0
-29.0
-28.0
-43.0
-32.0
-20.0
-54.0
-106.0
-23.0
-68.0
-58.0
-26.0
-38.0
-26.0
-31.060000000000002
-2.0
-22.0
-21.0
-14.0
-11.0
-17.0
-22.0
-117.0
-22.0
-15.0
-58.0
-2.0
-36.0
-10.0
-2.0
-50.0
-22.0
-22.0
-23.0
-85.0
-0.0
-6.0
-8.0
-42.06
-11.5
-19.5
-5.5
-5.0
-4.0
-30.0
-53.0
-268.0
-537.0
-51.0
-26.0
-25.0
-54.0
-7.0
-16.0
-4.0
-18.0
-32.0
-15.0
-35.0
-23.0
-48.0
-30.0
-49.16999999999999
-50.0
-2.0
-67.0
-17.0
-14.0
-17.0
-23.0
-52.0
-42.0
-34.0
-52.0
-63.0
-12.0
-65.0
-38.0
-6.0
-56.0
-39.0
-4.0
-19.0
-18.0
-32.0
-35.0
-19.63499999999999
-24.0
-1.0
-76.0
-27.960000000000008
-8.960000000000008
-1.5
-1.0
-121.0
-106.0
-67.0
-66.0
-33.0
-80.0
-65.0
-39.440000000000055
-14.440000000000055
-0.0
-81.0
-12.0
-13.0
-44.0
-10.0
-4.0
-5.939999999999998
-16.0
-13.0
-7.0
-17.0
-18.0
-5.0
-1.0
-62.0
-36.0
-69.0
-13.0
-16.0
-59.0
-45.0
-36.0
-41.0
-49.0
-88.0
-8.0
-23.0
-5.0
-16.0
-29.0
-5.939999999999998
-13.0
-5.0
-13.0
-4.0
-10.0
-6.0
-33.0
-82.0
-18.0
-18.0
-22.0
-5.0
-102.0
-9.0
-40.0
-13.0
-151.0
-48.0
-33.0
-27.0
-6.0
-2.0
-53.0
-2.0600000000000023
-10.0
-7.0
-8.0
-10.0
-12.0
-13.0
-53.0
-77.0
-58.0
-42.0
-15.0
-86.0
-42.0
-6.0
-52.0
-43.0
-27.0
-79.0
-2.0
-31.0
-17.0
-30.0
-10.0
-5.939999999999998
-19.0
-2.0
-46.0
-24.0
-45.0
-47.0
-33.0
-69.0
-54.0
-71.0
-45.0
-5.0
-60.0
-4.0
-15.0
-21.0
-11.0
-422.0
-15.0
-74.0
-34.0
-14.0
-21.0
-5.939999999999998
-11.5
-19.0
-2.0
-12.5
-75.0
-7.0
-23.0
-32.0
-46.0
-43.0
-404.0
-40.0
-95.0
-13.0
-2.0
-77.0
-106.0
-80.0
-40.0
-17.5
-12.0
-10.0
-7.0
-25.099999999999994
-6.0
-9.0
-12.0
-26.0
-37.0
-33.0
-45.0
-31.0
-23.0
-14.0
-11.0
-10.0
-4.0
-12.0
-11.0
-10.0
-15.0
-10.0
-4.0
-12.0
-0.0
-1.0
-27.0
-15.129999999999995
-19.0
-12.5
-18.0
-25.0
-17.0
-21.0
-3.0
-4.0
-41.0
-12.0
-22.0
-7.0
-23.0
-15.5
-35.0
-26.0
-29.0
-22.5
-11.5
-2.5
-9.5
-3.1999999999999886
-12.5
-2.3899999999999864
-30.0
-22.5
-16.0
-12.199999999999989
-4.0
-0.5
-2.1999999999999886
-65.19999999999999
-182.8
-13.200000000000045
-47.0
-47.0
-54.0
-614.0
-70.0
-20.0
-1.0
-43.0
-111.0
-6.0
-36.0
-12.0
-32.0
-5.939999999999998
-15.0
-5.0
-3.0
-17.0
-10.0
-15.0
-14.0
-109.0
-27.32000000000005
-11.32000000000005
-27.0
-1.0
-51.0
-310.0
-28.0
-15.0
-16.0
-42.0
-2.0
-42.0
-26.0
-44.0
-6.0
-5.939999999999998
-3.0
-3.0
-8.0
-19.0
-6.0
-16.0
-120.0
-66.0
-56.0
-58.0
-22.0
-8.0
-110.0
-48.0
-33.0
-24.0
-0.0
-27.0
-91.0
-53.0
-8.0
-0.0
-21.0
-5.939999999999998
-3.0
-9.0
-26.0
-28.0
-47.5
-36.0
-14.0
-49.44
-70.44
-12.480000000000018
-85.48000000000002
-62.48000000000002
-92.84000000000003
-33.84000000000003
-42.84000000000003
-46.51999999999998
-144.48000000000002
-2.67999999999995
-2.680000000000007
-32.0
-36.0
-7.0
-34.0
-2.0600000000000023
-21.0
-15.0
-34.16
-24.5
-24.159999999999997
-18.159999999999997
-28.159999999999997
-20.159999999999997
-62.0
-26.0
-20.0
-30.0
-18.0
-71.0
-55.0
-62.0
-7.0
-15.0
-11.0
-35.0
-9.0
-10.0
-11.0
-0.9099999999999966
-20.0
-9.0
-18.0
-27.0
-7.0
-28.47999999999999
-70.47999999999999
-9.0
-48.31999999999999
-22.11500000000001
-28.61500000000001
-27.61500000000001
-17.5
-26.879999999999995
-37.08000000000001
-12.5
-8.0
-15.0
-17.0
-7.5
-18.0
-10.0
-4.5
-10.100000000000051
-10.52000000000001
-17.47999999999999
-17.47999999999999
-16.47999999999999
-23.0
-2.0
-4.0
-66.0
-303.0
-52.0
-29.0
-37.0
-44.0
-7.0
-90.0
-80.0
-16.0
-15.0
-10.0
-21.0
-5.0
-2.0
-14.0
-30.060000000000002
-31.0
-3.0
-9.0
-0.0
-9.0
-1.0
-7.0
-121.0
-68.0
-42.0
-24.0
-34.0
-52.0
-2.0
-6.0
-5.0
-11.0
-137.0
-21.0
-8.0
-10.0
-25.0
-33.0
-2.0600000000000023
-16.0
-17.0
-3.0
-16.0
-5.0
-4.0
-20.0
-119.0
-52.0
-40.0
-8.0
-51.0
-59.0
-13.0
-11.0
-1.0
-30.0
-0.0
-70.0
-3.519999999999982
-33.51999999999998
-23.0
-27.0
-5.939999999999998
-11.0
-9.0
-17.0
-5.0
-23.0
-8.0
-0.0
-110.0
-60.0
-27.0
-17.0
-69.0
-73.0
-36.0
-11.0
-4.0
-16.0
-34.0
-12.0
-4.0
-14.0
-3.0
-24.0
-0.8799999999999955
-7.0
-8.0
-14.0
-15.0
-6.0
-64.0
-55.0
-60.0
-60.0
-17.0
-32.0
-61.0
-51.0
-33.0
-59.0
-51.0
-89.0
-34.0
-125.0
-10.0
-9.0
-10.0
-15.0
-4.600000000000051
-15.860000000000014
-10.0
-11.5
-21.5
-41.5
-17.74000000000001
-35.24000000000001
-45.5
-66.16
-30.22999999999999
-17.77000000000001
-9.22999999999999
-20.5
-46.24000000000001
-32.839999999999975
-21.5
-42.0
-14.0
-1.0
-3.0
-2.0
-4.0
-7.5
-20.10000000000005
-26.72
-712.0
-9.0
-37.0
-22.0
-50.0
-31.0
-30.0
-55.0
-8.0
-41.0
-0.0
-67.0
-5.0
-9.0
-24.0
-35.0
-16.0
-4.0
-0.0
-4.0
-14.0
-16.0
-1.1000000000000512
-20.75999999999999
-16.0
-21.0
-9.0
-0.0
-2.0
-3.0
-63.0
-205.0
-82.0
-15.0
-5.0
-64.0
-5.0
-93.0
-61.0
-52.0
-82.0
-17.0
-14.0
-35.0
-12.0
-15.0
-4.600000000000051
-13.0
-12.0
-17.0
-11.0
-22.0
-16.0
-5.0
-60.0
-63.0
-11.0
-13.0
-19.0
-110.0
-9.0
-1.0
-8.0
-15.0
-12.0
-82.0
-12.0
-7.0
-21.0
-15.0
-4.600000000000051
-0.0
-7.0
-23.0
-30.0
-18.0
-9.0
-26.0
-59.0
-87.0
-4.0
-68.0
-58.0
-78.0
-36.0
-12.0
-17.0
-17.0
-33.0
-48.0
-148.0
-23.0
-10.0
-12.0
-12.600000000000051
-4.0
-6.0
-1.0
-17.0
-5.0
-10.0
-603.0
-59.0
-81.0
-32.0
-8.0
-38.0
-79.0
-3.0
-4.0
-4.0
-21.0
-39.0
-22.0
-82.0
-23.0
-7.0
-13.0
-4.600000000000051
-18.0
-14.0
-5.0
-7.0
-17.0
-6.0
-4.0
-78.0
-49.0
-27.0
-22.0
-22.0
-76.0
-27.0
-154.0
-160.0
-181.0
-141.0
-56.0
-32.0
-34.0
-10.0
-39.0
-4.600000000000051
-8.0
-6.0
-0.0
-7.0
-60.0
-15.0
-34.0
-605.0
-29.0
-51.0
-39.0
-37.0
-42.0
-6.0
-5.0
-16.0
-25.0
-17.0
-18.0
-5.0
-7.0
-42.0
-21.0
-22.10000000000005
-19.0
-7.0
-20.0
-1.0
-56.0
-37.0
-31.0
-30.0
-24.0
-36.0
-11.0
-10.0
-4.0
-29.0
-24.0
-4.0
-39.0
-1.0
-39.0
-10.0
-4.0
-23.0
-16.0
-10.100000000000051
-2.0
-3.0
-8.0
-29.0
-56.0
-5.0
-24.0
-44.0
-10.0
-12.0
-6.0
-31.0
-19.0
-29.0
-19.0
-44.0
-17.0
-100.0
-19.0
-182.0
-40.0
-1.0
-19.0
-56.60000000000005
-5.0
-7.0
-3.0
-20.0
-16.0
-0.0
-14.0
-59.0
-85.0
-15.0
-18.0
-15.0
-72.0
-36.0
-17.0
-3.0
-16.0
-18.0
-80.0
-2.0
-10.0
-24.0
-5.0
-4.600000000000051
-2.0
-3.0
-28.0
-2.0
-24.0
-42.0
-34.0
-190.0
-68.0
-31.0
-14.0
-49.0
-79.0
-3.0
-13.0
-17.0
-432.0
-26.0
-25.0
-9.0
-30.0
-16.0
-33.0
-4.600000000000051
-3.0
-4.0
-823.0
-8.0
-12.0
-61.0
-12.0
-95.0
-66.0
-39.0
-101.0
-44.0
-67.0
-11.0
-7.0
-21.0
-22.0
-0.0
-72.0
-22.0
-28.0
-33.0
-9.0
-4.600000000000051
-3.0
-5.0
-2.0
-11.0
-8.0
-3.0
-3.0
-83.0
-36.0
-16.0
-4.0
-54.0
-53.0
-14.0
-41.0
-35.0
-71.0
-280.0
-26.0
-7.0
-3.0
-6.0
-25.0
-40.60000000000005
-1.0
-2.0
-17.0
-14.0
-1.0
-58.0
-10.0
-28.0
-49.0
-2.0
-41.0
-27.0
-45.0
-33.0
-22.0
-11.0
-11.0
-17.0
-19.0
-23.0
-26.0
-10.0
-27.0
-45.110000000000014
-2.0
-26.0
-19.0
-36.0
-43.0
-7.0
-19.0
-49.0
-27.0
-8.0
-27.0
-17.0
-12.0
-2.0
-12.0
-3.0
-28.0
-13.0
-15.0
-0.0
-2.0
-15.5
-10.0
-9.129999999999995
-9.5
-15.5
-11.0
-10.0
-1.0
-13.0
-16.0
-12.0
-13.0
-8.0
-32.0
-31.0
-22.0
-170.0
-6.0
-12.0
-41.0
-3.0
-15.0
-3.0
-13.0
-5.0
-29.0
-4.1200000000000045
-31.5
-30.5
-25.0
-2.0
-14.0
-16.0
-14.0
-5.0
-68.0
-61.0
-61.0
-13.0
-5.0
-21.0
-9.0
-15.5
-30.919999999999987
-18.0
-38.0
-23.0
-45.129999999999995
-59.0
-58.0
-536.0
-54.0
-91.0
-57.0
-4.0
-90.5
-253.56
-79.0
-32.0
-21.0
-113.0
-464.0
-74.0
-493.0
-479.0
-103.0
-2.0
-71.0
-59.0
-16.0
-24.0
-31.110000000000014
-2.0
-30.0
-19.0
-13.0
-31.0
-16.0
-14.0
-32.0
-80.0
-43.0
-85.0
-22.0
-11.0
-75.0
-87.0
-63.0
-93.0
-37.0
-122.0
-94.0
-19.0
-34.0
-13.0
-31.110000000000014
-3.0
-185.0
-0.0
-2.0
-12.0
-14.960000000000008
-11.0
-147.0
-4.0
-29.799999999999955
-540.4
-11.399999999999977
-0.6000000000000227
-38.60000000000002
-76.60000000000002
-50.799999999999955
-69.79999999999995
-3.7999999999999545
-52.80000000000001
-15.800000000000011
-0.19999999999998863
-13.680000000000007
-11.0
-31.110000000000014
-161.5
-187.48
-3.5
-8.0
-17.0
-16.0
-8.0
-159.0
-12.0
-44.0
-37.0
-26.0
-24.0
-36.0
-35.0
-40.0
-55.0
-2.0
-78.0
-62.0
-16.0
-33.0
-19.0
-31.110000000000014
-24.0
-10.0
-12.0
-13.0
-16.0
-3.0
-14.0
-168.0
-8.0
-61.75999999999999
-52.75999999999999
-46.75999999999999
-0.7599999999999909
-84.0
-70.15999999999997
-107.15999999999997
-88.15999999999997
-43.15999999999997
-19.160000000000025
-7.160000000000025
-36.0
-41.0
-17.0
-31.110000000000014
-13.0
-22.0
-5.0
-19.0
-24.0
-1.0
-15.0
-46.0
-16.0
-10.0
-64.0
-72.48000000000002
-22.519999999999982
-46.0
-54.0
-60.0
-92.0
-20.0
-98.0
-75.0
-5.0
-2.0
-2.0
-31.110000000000014
-5.0
-15.47999999999999
-4.5
-8.0
-34.0
-8.0
-7.0
-60.0
-7.0
-6.0
-45.0
-58.0
-67.0
-24.0
-47.0
-53.0
-40.0
-10.0
-88.0
-8.0
-10.0
-25.0
-13.0
-31.110000000000014
-5.0
-90.0
-91.0
-27.0
-8.0
-76.0
-31.0
-35.0
-66.62
-31.0
-9.0
-25.0
-12.5
-167.5
-167.0
-180.0
-1.0
-13.0
-35.0
-6.0
-0.0
-0.0
-10.0
-7.639999999999986
-6.0
-7.0
-29.0
-13.0
-10.0
-16.47999999999999
-14.5
-51.24000000000001
-45.24000000000001
-23.5
-33.0
-44.5
-32.5
-26.5
-3.0
-2.0
-16.0
-21.0
-34.0
-7.0
-7.0
-26.0
-10.0
-13.639999999999986
-20.0
-30.0
-16.0
-10.0
-16.5
-12.0
-21.0
-79.0
-31.0
-300.0
-67.0
-5.0
-56.0
-2.0
-44.0
-16.0
-2.0
-28.0
-36.0
-21.0
-25.0
-22.0
-62.0
-31.110000000000014
-2.9399999999999977
-5.5
-9.0
-6.0
-10.5
-9.5
-12.5
-57.60000000000002
-8.600000000000023
-57.39999999999998
-58.39999999999998
-37.39999999999998
-28.399999999999977
-64.39999999999998
-40.39999999999998
-47.39999999999998
-69.39999999999998
-1.3999999999999773
-32.60000000000002
-7.399999999999977
-26.399999999999977
-63.60000000000002
-15.0
-31.110000000000014
-37.120000000000005
-4.0
-5.0
-4.0
-44.0
-46.0
-15.0
-17.0
-11.0
-359.0
-15.0
-18.0
-90.0
-36.0
-3.0
-6.0
-9.0
-31.0
-19.0
-11.0
-33.0
-24.0
-1.0
-31.110000000000014
-5.560000000000002
-2.0
-2.0
-6.0
-6.0
-18.5
-18.0
-50.0
-1.0
-10.0
-5.0
-59.0
-65.0
-2.0
-7.0
-11.0
-16.0
-31.0
-12.0
-42.0
-23.0
-10.0
-16.0
-31.110000000000014
-5.560000000000002
-25.0
-20.0
-351.0
-24.0
-22.5
-11.0
-35.0
-8.0
-15.0
-14.0
-72.0
-60.0
-59.0
-3.0
-0.0
-32.0
-16.0
-67.0
-96.0
-42.0
-27.0
-42.0
-39.110000000000014
-1.0
-10.0
-4.0
-7.0
-21.0
-24.0
-12.0
-57.0
-12.0
-21.0
-26.0
-25.0
-14.0
-20.0
-17.439999999999998
-33.56
-36.0
-3.0
-9.0
-29.0
-7.0
-1.0
-26.0
-9.150000000000006
-26.0
-31.0
-35.0
-14.0
-12.0
-7.0
-11.0
-30.0
-8.0
-3.0
-27.0
-48.0
-227.0
-11.0
-1.0
-28.0
-2.0
-11.0
-23.0
-13.5
-1.0
-30.0
-3.0
-9.634999999999991
-24.0
-0.0
-2.0
-11.0
-4.0
-15.0
-17.0
-79.0
-273.0
-70.0
-583.0
-37.0
-48.0
-3.0
-50.0
-9.0
-17.0
-80.0
-19.0
-9.0
-25.0
-12.0
-0.0
-31.110000000000014
-13.0
-10.0
-10.0
-24.0
-10.0
-15.0
-3.0
-24.0
-10.0
-99.0
-31.0
-54.0
-41.0
-5.0
-0.0
-3.0
-33.0
-36.0
-28.0
-50.0
-34.0
-4.0
-39.0
-31.110000000000014
-25.0
-17.0
-2.0
-14.0
-740.0
-26.0
-11.0
-62.0
-211.0
-112.0
-10.0
-29.0
-65.0
-25.0
-48.0
-51.0
-1.0
-14.0
-54.0
-60.0
-51.0
-35.0
-25.0
-31.110000000000014
-12.0
-2.0
-0.0
-0.0
-13.0
-32.0
-1.0
-40.0
-2.0
-18.91999999999996
-8.919999999999959
-77.0
-53.0
-0.0
-1.0
-58.0
-13.0
-35.0
-82.0
-95.0
-2.0
-24.0
-8.0
-79.11000000000001
-25.0
-0.0
-23.0
-1.0
-29.0
-21.0
-11.0
-44.0
-25.0
-47.0
-0.0
-76.0
-34.0
-18.440000000000055
-36.440000000000055
-43.0
-57.0
-3.0
-1.0
-15.0
-31.0
-42.0
-12.0
-31.110000000000014
-16.0
-6.0
-12.0
-6.0
-30.0
-18.0
-38.0
-40.0
-39.0
-11.0
-4.0
-35.0
-11.0
-20.0
-11.0
-32.0
-7.0
-32.0
-38.0
-15.0
-18.0
-5.0
-9.0
-13.879999999999995
-19.0
-30.0
-12.0
-24.0
-6.0
-8.0
-34.0
-51.0
-14.0
-15.0
-9.0
-5.0
-10.0
-4.0
-18.0
-14.0
-11.0
-8.0
-29.0
-32.0
-19.0
-22.0
-25.0
-31.120000000000005
-27.0
-10.0
-21.0
-17.0
-17.0
-27.0
-9.0
-68.0
-198.0
-73.03999999999996
-13.960000000000036
-1.0
-103.0
-4.0
-42.0
-21.0
-32.0
-58.0
-19.0
-10.0
-1.0
-21.0
-9.0
-238.0
-1.919999999999959
-76.0
-108.0
-24.0
-27.0
-25.360000000000014
-11.0
-49.0
-50.0
-44.0
-17.0
-34.0
-13.0
-50.0
-16.0
-88.0
-81.0
-293.0
-31.08000000000004
-25.0
-10.0
-20.0
-16.0
-34.0
-54.0
-146.12
-95.0
-81.0
-4.0
-52.0
-23.0
-21.0
-26.0
-33.0
-24.0
-4.0
-53.0
-7.0
-14.0
-12.0
-31.0
-16.0
-16.0
-39.91999999999996
-39.0
-32.0
-107.0
-26.0
-113.0
-6.0
-23.0
-19.0
-42.0
-84.97000000000003
-56.0
-14.0
-29.0
-45.0
-56.0
-8.0
-29.0
-91.0
-35.0
-2.0
-35.0
-47.0
-30.0
-86.0
-9.0
-2.0
-34.0
-36.0
-51.0
-20.0
-41.0
-3.0
-23.0
-33.08500000000001
-7.0
-50.0
-2.0
-9.0
-13.0
-2.0
-10.0
-21.0
-21.0
-1.0
-3.0
-101.0
-129.0
-81.5
-14.0
-43.0
-488.0
-28.0
-23.0
-24.0
-3.0
-7.0
-27.0
-7.085000000000008
-50.0
-15.0
-13.0
-32.0
-32.0
-17.0
-26.0
-149.0
-50.0
-90.0
-79.0
-251.0
-64.0
-72.0
-98.0
-45.0
-49.120000000000005
-42.0
-31.0
-76.0
-18.0
-62.0
-38.0
-36.97000000000003
-62.0
-48.0
-44.0
-47.0
-21.0
-25.0
-41.0
-13.0
-5.0
-66.88
-11.0
-42.11999999999989
-15.0
-70.0
-44.0
-28.0
-12.0
-80.0
-67.0
-79.0
-17.0
-40.0
-7.0
-20.970000000000027
-54.0
-37.0
-58.0
-41.0
-34.0
-37.0
-3.0
-3.0
-28.0
-47.0
-26.0
-49.059999999999945
-41.0
-61.0
-15.120000000000005
-24.0
-14.0
-33.0
-93.88
-69.0
-52.0
-89.0
-10.0
-62.97000000000003
-37.0
-45.0
-39.0
-25.0
-20.0
-6.0
-22.0
-1.0
-9.0
-35.0
-26.0
-56.0
-123.0
-39.120000000000005
-66.0
-49.120000000000005
-29.0
-86.0
-2.0
-5.0
-66.0
-4.0
-29.0
-62.97000000000003
-85.0
-39.0
-55.0
-50.0
-43.0
-46.0
-23.0
-15.0
-12.0
-43.0
-9.0
-43.0
-44.0
-51.0
-13.0
-56.91999999999996
-64.0
-47.0
-102.0
-44.0
-54.0
-13.0
-10.0
-62.97000000000003
-3.0
-43.0
-40.0
-42.0
-36.0
-22.0
-47.0
-136.0
-119.0
-9.0
-49.0
-25.0
-31.0
-42.0
-6.0
-14.0
-26.0
-30.0
-28.0
-29.0
-27.0
-8.0
-5.0
-67.08500000000001
-29.0
-12.0
-24.0
-16.0
-41.0
-14.0
-19.0
-25.0
-19.0
-10.0
-4.0
-55.0
-10.0
-4.0
-0.6000000000000227
-12.600000000000023
-1.0
-13.0
-13.0
-19.0
-7.0
-16.0
-15.0
-6.085000000000008
-7.0
-4.0
-41.0
-15.0
-6.0
-2.0
-22.0
-109.0
-11.0
-9.879999999999995
-68.5
-207.0
-116.0
-81.0
-69.0
-22.08000000000004
-31.0
-94.0
-9.0
-444.0
-61.0
-8.0
-279.0
-48.97000000000003
-21.0
-24.0
-76.0
-35.0
-4.0
-10.0
-59.0
-0.0
-39.0
-33.0
-568.0
-72.5
-12.120000000000005
-46.0
-97.0
-38.0
-12.240000000000009
-20.0
-196.0
-29.0
-36.0
-19.0
-23.0
-31.939999999999998
-5.0
-36.0
-32.0
-65.0
-47.0
-51.0
-73.0
-18.0
-34.0
-6.0
-49.879999999999995
-66.0
-26.0
-98.0
-56.24000000000001
-54.0
-21.0
-24.0
-34.0
-46.0
-76.0
-51.0
-18.0
-18.930000000000007
-5.0
-28.0
-309.0
-35.0
-27.0
-11.0
-23.0
-27.0
-30.0
-22.0
-12.0
-65.0
-33.0
-18.0
-18.0
-44.0
-40.0
-98.88
-31.0
-33.0
-41.0
-24.0
-46.0
-23.930000000000007
-4.0
-5.0
-340.0
-29.0
-13.0
-47.0
-1.0
-18.0
-28.0
-40.0
-4.0
-75.0
-13.080000000000041
-9.0
-31.0
-25.0
-39.0
-17.0
-144.0
-36.0
-44.0
-5.0
-50.0
-18.930000000000007
-42.0
-13.0
-17.0
-25.0
-39.0
-19.0
-19.0
-154.0
-44.0
-57.0
-3.0
-37.0
-36.0
-41.0
-51.0
-12.0
-31.0
-52.0
-85.0
-69.0
-1.0
-43.0
-87.0
-67.08500000000001
-53.0
-22.0
-35.0
-21.0
-2.5
-55.5
-53.0
-43.0
-10.5
-19.0
-26.039999999999992
-68.16000000000003
-59.160000000000025
-8.400000000000006
-15.480000000000018
-16.480000000000018
-8.839999999999975
-2.839999999999975
-20.5
-20.5
-44.0
-30.0
-12.0
-7.085000000000008
-12.0
-33.0
-9.0
-20.0
-1.0
-8.0
-8.0
-125.0
-21.0
-85.0
-118.0
-139.0
-67.0
-111.0
-101.0
-66.0
-17.0
-55.0
-122.0
-27.0
-11.0
-2.0
-69.0
-10.919999999999987
-20.0
-3.0
-17.0
-7.0
-34.0
-4.0
-14.0
-45.0
-62.0
-36.0
-58.0
-65.11999999999989
-8.0
-16.0
-11.0
-36.0
-6.0
-88.0
-40.0
-44.0
-107.0
-7.0
-28.0
-9.409999999999997
-14.0
-40.0
-47.0
-19.0
-35.0
-12.0
-27.0
-24.0
-106.0
-17.879999999999995
-51.0
-76.7199999999998
-43.0
-125.0
-73.12
-57.0
-54.0
-12.0
-58.0
-24.0
-133.0
-33.0
-38.0
-9.409999999999997
-17.0
-6.0
-36.0
-8.0
-4.0
-34.0
-4.0
-28.0
-274.0
-51.0
-18.0
-68.7199999999998
-25.0
-20.0
-19.91999999999996
-25.0
-32.0
-99.0
-0.08000000000004093
-34.0
-33.0
-29.0
-27.0
-9.409999999999997
-28.0
-24.0
-5.0
-16.0
-18.0
-38.0
-12.0
-31.0
-106.0
-6.0
-564.0
-68.7199999999998
-8.67999999999995
-1.32000000000005
-16.120000000000005
-24.0
-15.0
-48.0
-25.0
-46.0
-49.0
-36.0
-6.0
-9.409999999999997
-42.0
-41.0
-23.0
-31.0
-3.0
-13.0
-36.0
-107.0
-22.5
-16.0
-41.079999999999984
-20.080000000000013
-87.63999999999999
-32.30000000000001
-34.74000000000001
-45.04000000000002
-12.039999999999992
-56.0
-15.5
-8.5
-24.0
-0.5
-7.0
-33.08500000000001
-4.0
-16.0
-3.0
-33.0
-26.0
-41.0
-10.0
-6.0
-6.0
-45.0
-13.0
-12.0
-66.12
-5.0
-2.0
-17.0
-4.0
-39.0
-61.0
-25.0
-56.0
-2.0
-18.0
-7.085000000000008
-5.0
-40.0
-24.0
-26.0
-40.0
-36.0
-38.0
-239.0
-17.0
-178.32000000000005
-161.32000000000005
-209.31999999999994
-16.0
-31.399999999999977
-1.6000000000000227
-19.399999999999977
-43.51999999999998
-7.399999999999977
-19.120000000000005
-87.0
-115.0
-20.0
-19.0
-9.409999999999997
-13.0
-33.0
-45.0
-3.0
-5.0
-11.0
-4.0
-10.0
-16.799999999999955
-61.32000000000005
-604.32
-65.11999999999989
-26.120000000000005
-296.12
-27.559999999999945
-4.559999999999945
-40.559999999999945
-29.440000000000055
-70.44000000000005
-66.36000000000001
-26.0
-30.0
-37.0
-42.41
-48.5
-23.0
-42.0
-53.5
-23.0
-19.0
-25.0
-36.0
-27.0
-11.0
-18.0
-111.0
-4.0
-5.919999999999959
-21.08000000000004
-4.1200000000000045
-31.0
-32.0
-46.0
-26.0
-16.0
-2.0
-16.0
-7.900000000000006
-28.0
-43.0
-21.0
-12.0
-1.0
-30.0
-32.0
-80.0
-48.0
-66.0
-23.0
-62.0
-46.0
-27.0
-11.759999999999991
-59.0
-34.0
-24.0
-1.0
-41.0
-40.0
-78.0
-14.0
-5.905000000000001
-27.0
-33.0
-50.0
-31.0
-17.0
-2.0
-38.0
-84.0
-10.0
-59.0
-83.0
-99.0
-47.0
-21.0
-90.0
-100.0
-12.0
-7.0
-6.0
-43.0
-26.0
-37.0
-5.0
-5.905000000000001
-50.0
-23.0
-36.0
-49.0
-52.0
-8.0
-54.5
-31.0
-30.0
-39.0
-43.0
-47.51999999999998
-7.52000000000001
-82.0
-22.0
-46.0
-28.0
-22.0
-21.0
-3.0
-0.0
-7.0
-9.0
-27.085000000000008
-33.0
-6.0
-17.0
-3.0
-6.0
-9.0
-28.0
-15.0
-22.0
-8.0
-14.0
-80.0
-32.0
-19.0
-18.0
-41.0
-8.0
-5.0
-22.0
-37.0
-25.0
-34.0
-3.0
-27.085000000000008
-19.0
-9.0
-4.0
-9.0
-18.0
-10.0
-17.0
-116.0
-22.0
-215.0
-35.0
-73.0
-16.0
-15.879999999999995
-15.0
-29.0
-40.0
-13.0
-35.0
-32.160000000000025
-22.0
-28.0
-23.0
-5.905000000000001
-29.24000000000001
-2.5
-73.24000000000001
-16.0
-68.24000000000001
-22.0
-27.5
-7.759999999999991
-5.759999999999991
-146.76
-85.0
-151.0
-38.0
-74.0
-15.0
-22.0
-21.0
-51.0
-1.0
-22.0
-81.0
-1.0
-26.0
-5.905000000000001
-9.379999999999995
-23.0
-30.0
-39.0
-6.0
-5.0
-23.0
-73.0
-49.0
-46.0
-6.0
-125.0
-18.0
-40.0
-36.0
-17.0
-2.0
-2.0
-9.0
-36.0
-76.0
-18.0
-0.0
-5.905000000000001
-9.379999999999995
-23.0
-37.0
-53.0
-1.0
-1.0
-19.0
-37.0
-68.0
-35.0
-4.0
-124.24000000000001
-25.0
-21.0
-32.0
-18.159999999999968
-29.0
-5.0
-21.0
-10.0
-58.120000000000005
-0.0
-5.0
-5.905000000000001
-28.620000000000005
-32.0
-9.0
-0.5
-1.0
-13.0
-27.0
-79.0
-31.0
-31.0
-43.0
-54.0
-71.0
-25.0
-35.0
-15.0
-29.0
-0.0
-26.0
-36.0
-23.0
-10.0
-14.0
-43.905
-1.0
-12.0
-21.0
-15.0
-39.0
-26.0
-40.0
-17.0
-35.0
-91.0
-55.0
-52.0
-1.0
-6.0
-10.0
-10.0
-74.0
-40.0
-20.0
-7.0
-0.0
-1.0
-44.0
-27.085000000000008
-11.0
-24.0
-0.0
-8.0
-15.0
-8.0
-18.0
-39.0
-10.0
-3.0
-44.0
-34.0
-24.0
-12.0
-6.0
-12.0
-14.0
-5.0
-17.0
-18.0
-44.0
-20.0
-10.0
-5.914999999999992
-21.0
-5.0
-6.0
-15.0
-40.0
-23.0
-19.0
-167.0
-24.0
-219.0
-27.0
-17.0
-25.0
-12.120000000000005
-30.0
-46.0
-94.0
-18.0
-23.0
-13.0
-43.0
-13.879999999999995
-2.0
-5.905000000000001
-42.0
-22.0
-10.0
-26.0
-6.0
-1.0
-9.0
-1.0
-25.0
-3.0
-3.0
-65.0
-8.0
-14.0
-21.120000000000005
-22.0
-14.0
-45.0
-54.0
-8.0
-16.0
-6.0
-4.0
-5.905000000000001
-26.0
-40.0
-21.0
-12.0
-16.0
-14.0
-64.0
-21.0
-13.0
-10.0
-102.0
-140.0
-16.0
-40.0
-20.0
-40.0
-12.0
-88.79999999999995
-35.0
-7.0
-25.0
-1.0
-11.409999999999997
-16.0
-28.0
-30.0
-17.0
-7.0
-5.0
-29.0
-172.0
-0.0
-20.0
-49.0
-16.0
-97.0
-34.0
-52.0
-22.0
-16.0
-22.0
-50.0
-42.0
-11.0
-8.0
-20.0
-11.409999999999997
-20.0
-25.0
-7.0
-30.0
-2.0
-29.0
-23.0
-29.0
-10.0
-10.879999999999995
-26.120000000000005
-6.0
-53.0
-34.0
-60.0
-19.0
-35.0
-51.0
-36.0
-50.0
-49.0
-29.0
-1.0
-11.409999999999997
-5.0
-2.0
-17.0
-6.0
-22.0
-3.0
-10.0
-45.0
-38.120000000000005
-5.0
-1.0
-46.0
-37.48000000000002
-26.24000000000001
-21.0
-56.0
-44.0
-41.0
-68.0
-10.0
-34.0
-31.0
-19.0
-34.59
-28.0
-31.0
-46.0
-12.0
-30.0
-12.0
-3.0
-5.0
-11.0
-7.0
-14.0
-31.0
-9.0
-13.960000000000008
-11.04000000000002
-13.0
-21.0
-10.0
-18.0
-20.0
-6.0
-8.0
-38.0
-0.4099999999999966
-30.0
-51.0
-18.0
-2.0
-14.0
-1.0
-37.0
-115.0
-31.0
-34.0
-31.0
-20.0
-67.0
-31.0
-37.0
-34.120000000000005
-40.0
-85.0
-40.0
-17.0
-17.0
-41.0
-20.0
-11.409999999999997
-11.0
-33.0
-31.0
-28.0
-758.0
-9.0
-12.0
-27.0
-37.0
-54.0
-21.0
-11.0
-93.88
-48.0
-52.0
-85.0
-41.0
-242.0
-66.12
-13.0
-48.0
-0.0
-24.0
-11.409999999999997
-14.0
-52.0
-2.0
-44.0
-8.0
-6.0
-2.0
-100.0
-22.0
-73.0
-46.0
-11.0
-83.03999999999996
-44.960000000000036
-34.0
-37.0
-73.0
-12.0
-39.0
-42.0
-100.0
-14.0
-23.0
-11.409999999999997
-22.0
-12.0
-11.0
-2.0
-15.0
-32.0
-10.0
-77.0
-152.0
-35.0
-5.0
-26.0
-69.0
-28.120000000000005
-111.0
-35.0
-52.879999999999995
-64.0
-107.88
-42.0
-45.0
-5.0
-4.0
-11.409999999999997
-2.0
-22.0
-34.0
-18.0
-5.0
-18.0
-19.0
-64.0
-66.0
-83.0
-13.0
-4.0
-73.0
-39.0
-46.0
-46.91999999999996
-77.88
-59.0
-43.0
-66.88
-0.0
-12.0
-11.0
-11.409999999999997
-10.0
-16.0
-44.0
-19.0
-13.0
-34.0
-49.0
-10.0
-18.0
-52.0
-44.0
-49.0
-11.0
-17.0
-30.0
-7.0
-24.0
-10.0
-9.0
-5.0
-13.0
-13.0
-9.0
-28.590000000000003
-2.0
-27.0
-3.0
-0.0
-9.0
-7.0
-18.0
-14.0
-4.0
-8.0
-43.0
-40.0
-17.0
-12.0
-10.0
-41.0
-5.0
-23.0
-5.5
-36.0
-6.0
-20.0
-10.0
-30.590000000000003
-16.0
-19.0
-14.0
-18.0
-8.0
-24.0
-11.0
-32.0
-10.0
-3.0
-22.0
-2.960000000000008
-22.0
-26.0
-11.0
-32.0
-8.0
-20.0
-0.5
-13.0
-14.0
-6.0
-8.0
-28.590000000000003
-25.0
-8.0
-15.0
-31.0
-7.0
-14.0
-25.0
-167.0
-51.0
-7.0
-41.0
-68.0
-1.0
-44.0
-5.0
-73.0
-44.08000000000004
-23.0
-0.0
-60.0
-16.0
-10.0
-9.0
-45.41
-18.0
-2.0
-5.0
-3.0
-7.0
-11.0
-41.0
-155.0
-82.84000000000003
-19.960000000000036
-10.159999999999968
-11.840000000000032
-18.159999999999968
-2.159999999999968
-22.279999999999973
-15.639999999999986
-3.6399999999999864
-28.360000000000014
-79.63999999999999
-103.63999999999999
-87.36000000000001
-6.639999999999986
-56.0
-11.409999999999997
-20.0
-11.0
-35.0
-38.5
-18.5
-11.0
-26.0
-151.0
-64.0
-43.0
-48.0
-57.0
-22.0
-28.0
-15.0
-7.0
-29.0
-93.0
-187.0
-457.0
-40.0
-23.0
-28.0
-16.409999999999997
-9.0
-5.0
-39.0
-4.0
-20.0
-11.0
-7.0
-106.0
-77.88
-48.120000000000005
-17.91999999999996
-0.12000000000000455
-51.120000000000005
-68.12
-65.55999999999995
-28.440000000000055
-24.0
-57.0
-24.0
-69.0
-11.0
-55.0
-37.0
-11.409999999999997
-29.0
-13.0
-7.0
-50.0
-9.0
-41.0
-56.0
-267.0
-564.0
-89.0
-11.0
-4.0
-27.0
-67.0
-34.0
-58.0
-28.0
-25.039999999999992
-6.5
-25.0
-4.0
-20.0
-6.0
-36.120000000000005
-24.0
-3.0
-16.0
-54.0
-31.0
-27.0
-49.0
-62.0
-31.0
-23.0
-3.0
-28.0
-32.0
-4.0
-0.0
-1.0
-15.0
-28.0
-3.0
-11.0
-38.0
-15.0
-20.0
-7.085000000000008
-3.0
-5.0
-2.0
-3.0
-6.0
-8.0
-40.0
-110.0
-24.879999999999995
-5.840000000000032
-43.15999999999997
-25.279999999999973
-52.84000000000003
-445.15999999999997
-16.840000000000032
-224.0
-45.0
-32.0
-14.0
-26.0
-34.0
-36.0
-16.0
-21.899999999999977
-3.0
-11.0
-22.0
-20.0
-7.0
-4.0
-16.0
-27.0
-82.0
-10.879999999999995
-31.110000000000014
-57.0
-31.0
-77.0
-48.0
-14.0
-10.0
-27.0
-3.0
-5.0
-13.0
-60.120000000000005
-31.0
-0.18999999999999773
-20.0
-29.0
-33.0
-20.0
-12.0
-19.0
-31.0
-140.0
-3.0
-19.0
-6.0
-5.0
-20.0
-42.0
-70.0
-48.0
-46.0
-33.0
-68.0
-5.0
-84.0
-20.0
-681.0
-37.81
-19.0
-19.5
-42.5
-6.0
-11.0
-16.0
-52.0
-23.0
-34.120000000000005
-5.0
-7.0
-26.0
-10.0
-60.0
-75.91999999999996
-41.0
-56.0
-74.0
-101.0
-576.0
-68.0
-75.0
-2.0
-31.72
-28.0
-13.0
-22.0
-39.0
-9.0
-13.0
-2.0
-9.0
-57.0
-4.0
-6.0
-48.0
-27.0
-38.0
-31.0
-6.8799999999999955
-27.0
-2.0
-65.0
-83.0
-64.0
-41.0
-32.0
-13.360000000000014
-0.0
-16.0
-14.5
-5.0
-5.0
-14.0
-8.0
-28.0
-104.0
-40.0
-36.0
-55.0
-48.0
-39.0
-42.0
-50.0
-24.0
-48.0
-23.0
-1.0
-15.0
-35.0
-50.0
-9.085000000000008
-20.0
-27.0
-27.0
-30.0
-4.0
-3.0
-9.0
-19.0
-14.0
-58.0
-72.0
-166.0
-119.0
-100.0
-10.0
-27.0
-17.0
-84.0
-23.0
-21.0
-32.0
-33.0
-24.0
-9.085000000000008
-39.0
-8.0
-21.0
-6.0
-13.0
-10.0
-22.0
-183.0
-10.0
-6.0
-44.0
-46.0
-122.48000000000002
-87.48000000000002
-20.879999999999995
-112.0
-106.51999999999998
-69.48000000000002
-6.440000000000055
-47.44
-8.560000000000002
-9.240000000000009
-0.0
-8.360000000000014
-13.0
-11.5
-4.5
-6.5
-11.0
-5.5
-34.599999999999994
-7.600000000000023
-5.600000000000023
-128.39999999999998
-91.39999999999998
-42.0
-103.0
-15.0
-7.0
-32.0
-79.0
-97.0
-24.0
-27.0
-35.0
-16.0
-2.0
-456.64
-8.0
-21.0
-40.0
-33.0
-17.0
-32.0
-10.0
-125.0
-189.0
-58.0
-102.0
-31.0
-103.12
-41.0
-13.0
-12.919999999999959
-67.0
-79.88
-34.39999999999998
-92.39999999999998
-20.0
-16.0
-38.0
-8.360000000000014
-36.0
-27.0
-14.0
-39.0
-15.0
-31.0
-102.0
-86.0
-208.0
-95.0
-49.0
-14.0
-57.0
-41.0
-88.0
-84.0
-8.0
-121.0
-8.0
-22.0
-8.0
-19.0
-12.0
-8.360000000000014
-30.0
-72.0
-36.0
-3.0
-19.0
-58.0
-84.0
-11.0
-47.0
-46.0
-55.0
-2.8799999999999955
-65.0
-77.0
-101.0
-29.0
-29.0
-145.0
-102.0
-1.0
-33.0
-7.0
-29.0
-46.360000000000014
-12.0
-0.0
-4.0
-12.0
-6.0
-21.0
-14.0
-15.0
-11.0
-27.0
-25.0
-24.0
-0.0
-32.0
-46.0
-6.0
-69.0
-63.0
-9.0
-2.0
-14.0
-28.0
-11.0
-34.08500000000001
-5.0
-11.0
-11.0
-4.0
-0.0
-9.0
-3.0
-10.0
-12.0
-10.0
-36.0
-18.0
-3.0
-22.0
-29.0
-16.0
-22.0
-29.0
-32.0
-37.0
-53.0
-11.0
-5.0
-27.085000000000008
-4.0
-0.0
-5.0
-12.0
-4.0
-6.0
-14.0
-174.0
-57.0
-2.0
-794.0
-72.0
-25.879999999999995
-31.0
-22.0
-16.0
-4.0
-20.0
-3.0
-11.0
-101.0
-28.0
-17.0
-8.360000000000014
-26.0
-45.0
-59.0
-40.0
-14.0
-21.0
-0.0
-32.0
-71.0
-543.0
-35.120000000000005
-58.0
-13.0
-344.12
-22.0
-6.0
-24.0
-49.0
-33.0
-30.879999999999995
-44.0
-3.0
-553.0
-8.360000000000014
-22.0
-10.0
-12.0
-28.0
-23.0
-43.0
-17.0
-115.0
-81.0
-179.0
-109.0
-90.0
-44.0
-78.0
-37.0
-1.0
-14.0
-38.0
-271.91999999999996
-46.0
-106.0
-16.0
-10.0
-25.360000000000014
-1.0
-44.0
-21.0
-20.0
-28.0
-35.0
-35.0
-19.0
-10.0
-1.0
-35.0
-31.0
-40.91999999999996
-12.0
-3.0
-13.0
-9.0
-36.0
-324.0
-28.879999999999995
-1.0
-28.0
-2.0
-5.0
-4.0
-2.0
-23.0
-8.0
-35.0
-9.0
-15.0
-7.0
-20.0
-15.0
-31.0
-24.0
-16.0
-42.08000000000004
-46.0
-32.0
-12.0
-46.0
-95.0
-83.0
-20.0
-34.0
-13.0
-15.970000000000027
-25.0
-6.0
-19.0
-25.0
-28.0
-5.0
-25.0
-8.0
-18.0
-2.0
-16.0
-20.0
-30.0
-63.0
-9.0
-2.0
-24.0
-14.0
-15.0
-16.0
-35.0
-3.0
-5.0
-47.08500000000001
-0.0
-41.0
-2.0
-2.0
-41.0
-26.0
-2.0
-37.0
-21.0
-1.0
-4.0
-102.0
-17.0
-45.5
-14.0
-7.0
-10.0
-22.0
-24.0
-51.0
-3.0
-7.0
-5.0
-2.914999999999992
-29.0
-40.0
-13.0
-11.0
-32.0
-34.0
-40.0
-124.0
-57.0
-5.0
-41.0
-86.0
-20.0
-28.0
-54.0
-7.0
-2.8799999999999955
-28.0
-392.0
-71.0
-77.0
-28.0
-24.0
-20.970000000000027
-2.0
-29.0
-41.0
-27.0
-3.0
-6.0
-18.0
-165.0
-1.0
-2.1200000000000045
-17.0
-50.11999999999989
-6.0
-19.0
-30.0
-14.0
-57.0
-36.0
-24.0
-6.0
-133.0
-17.0
-10.0
-3.9700000000000273
-7.0
-25.0
-7.0
-11.0
-27.085000000000008
-3.0
-11.0
-3.0
-11.0
-19.0
-31.0
-21.0
-98.0
-69.0
-41.0
-3.0
-73.0
-21.0
-15.879999999999995
-7.0
-37.0
-48.0
-13.0
-35.0
-14.160000000000025
-22.0
-24.0
-11.0
-5.905000000000001
-56.24000000000001
-2.5
-50.24000000000001
-7.0
-41.24000000000001
-27.0
-6.5
-139.24
-0.2400000000000091
-164.76
-3.0
-69.0
-17.0
-29.0
-7.0
-23.0
-10.0
-51.0
-1.0
-15.0
-88.0
-1.0
-14.0
-6.094999999999999
-9.379999999999995
-4.0
-6.0
-5.0
-21.0
-30.0
-11.0
-4.0
-56.0
-5.0
-63.0
-88.0
-6.0
-8.0
-36.0
-17.0
-61.0
-2.0
-143.0
-34.0
-4.0
-18.0
-17.0
-5.905000000000001
-4.3799999999999955
-4.0
-18.0
-41.0
-1.0
-1.0
-15.0
-184.0
-68.0
-6.0
-4.0
-79.24000000000001
-47.0
-27.0
-32.0
-18.159999999999968
-99.0
-49.0
-74.0
-43.0
-55.120000000000005
-5.0
-12.0
-6.094999999999999
-7.6200000000000045
-1.0
-23.0
-32.5
-26.0
-40.0
-22.0
-157.0
-31.0
-18.0
-43.0
-54.0
-58.0
-25.0
-2.0
-1.0
-29.0
-0.0
-26.0
-36.0
-23.0
-18.0
-17.0
-5.905000000000001
-5.0
-8.0
-25.0
-19.0
-37.0
-24.0
-16.0
-2.0
-35.0
-34.0
-36.0
-57.0
-6.0
-6.0
-41.0
-10.0
-64.0
-16.0
-224.0
-15.0
-8.0
-7.0
-16.0
-39.08500000000001
-23.0
-10.0
-34.0
-13.0
-15.0
-1.0
-18.0
-7.0
-52.0
-26.0
-2.0
-38.0
-64.0
-12.0
-34.0
-52.0
-26.0
-35.0
-12.0
-17.0
-30.0
-20.0
-10.0
-34.08500000000001
-15.0
-22.0
-23.0
-6.0
-41.0
-9.0
-11.0
-175.0
-84.0
-37.0
-11.0
-17.0
-12.0
-49.120000000000005
-7.0
-9.0
-43.0
-18.0
-23.0
-13.0
-86.0
-8.879999999999995
-16.0
-6.094999999999999
-28.0
-8.0
-9.0
-27.0
-2.0
-1.0
-3.0
-541.0
-24.0
-31.0
-44.0
-65.0
-16.0
-14.0
-13.120000000000005
-36.0
-28.0
-19.0
-1.0
-17.0
-27.0
-2.0
-4.0
-7.905000000000001
-6.0
-25.0
-21.0
-12.0
-11.0
-23.0
-16.0
-7.0
-0.0
-16.0
-23.0
-74.51999999999998
-5.480000000000018
-26.0
-13.0
-4.0
-1.0
-38.0
-31.0
-142.0
-22.0
-0.0
-23.0
-6.094999999999999
-26.0
-6.0
-17.0
-23.0
-22.0
-49.0
-26.0
-139.0
-75.0
-59.0
-74.0
-64.11999999999989
-1.0
-16.0
-45.0
-3.0
-14.0
-20.0
-12.0
-8.0
-6.0
-46.0
-14.0
-3.9099999999999966
-2.0
-24.0
-17.0
-15.0
-3.0
-29.0
-4.0
-7.0
-9.0
-24.120000000000005
-31.120000000000005
-43.0
-10.0
-12.0
-3.0
-42.0
-15.0
-2.0
-68.0
-6.0
-22.0
-36.0
-4.0
-7.384999999999991
-37.0
-36.0
-20.0
-2.0
-3.0
-18.0
-11.0
-112.0
-11.0
-26.0
-47.0
-40.0
-7.0
-99.0
-13.0
-11.0
-40.0
-32.0
-9.0
-2.0
-14.0
-14.0
-32.0
-9.085000000000008
-17.0
-23.0
-29.0
-0.0
-26.0
-28.0
-15.0
-5.0
-18.0
-4.0
-13.0
-88.0
-16.0
-5.0
-40.0
-13.0
-38.0
-34.0
-7.0
-42.0
-55.0
-24.0
-4.0
-27.085000000000008
-16.0
-11.0
-1.0
-18.0
-11.0
-23.0
-18.0
-134.0
-76.0
-34.0
-70.12
-46.639999999999986
-23.0
-16.0
-21.0
-10.919999999999959
-32.0
-0.0
-13.879999999999995
-503.0
-24.0
-43.0
-12.0
-7.384999999999991
-9.5
-12.5
-5.5
-18.5
-4.5
-19.0
-0.7199999999999989
-580.72
-31.279999999999973
-23.720000000000027
-23.720000000000027
-50.27999999999997
-11.279999999999973
-32.27999999999997
-9.0
-7.1200000000000045
-9.0
-30.0
-19.0
-70.0
-16.0
-24.0
-14.0
-1.1399999999999864
-25.0
-36.0
-10.0
-32.0
-2.0
-19.0
-10.639999999999986
-71.0
-42.0
-34.0
-45.0
-28.120000000000005
-40.0
-26.0
-29.0
-12.080000000000041
-24.0
-319.0
-60.0
-37.0
-1.0
-1.0
-20.0
-19.545000000000016
-8.0
-23.0
-7.0
-14.0
-4.0
-8.0
-102.0
-17.0
-4.0
-13.0
-25.0
-56.0
-12.0
-65.0
-11.0
-14.0
-25.0
-27.0
-20.0
-31.0
-6.0
-12.0
-0.0
-6.085000000000008
-27.0
-4.0
-1.0
-11.0
-16.0
-41.0
-12.0
-24.0
-30.0
-1.0
-30.0
-78.0
-57.0
-7.0
-28.0
-18.0
-3.0
-8.5
-2.0
-33.0
-26.0
-21.0
-12.0
-7.085000000000008
-16.0
-16.0
-43.0
-21.0
-13.0
-381.0
-24.0
-16.0
-2.0
-4.0
-634.0
-20.0
-42.0
-20.0
-30.0
-21.0
-32.0
-39.0
-11.0
-4.0
-12.0
-1.0
-8.0
-29.085000000000008
-3.0
-2.0
-13.0
-12.0
-15.0
-10.0
-1.0
-154.0
-52.0
-653.0
-54.0
-77.0
-48.0
-0.0
-48.0
-33.0
-6.0
-31.0
-111.0
-564.0
-39.0
-3.0
-4.0
-19.545000000000016
-7.5
-15.0
-27.0
-25.0
-12.0
-3.0
-4.0
-127.0
-18.0
-15.0
-2.0
-76.0
-674.24
-97.0
-64.0
-40.0
-40.0
-62.120000000000005
-76.0
-55.0
-39.879999999999995
-22.0
-14.0
-18.230000000000018
-6.5
-16.0
-25.0
-43.0
-9.0
-27.0
-71.0
-41.04000000000002
-17.039999999999964
-75.0
-6.0
-72.0
-35.0
-12.0
-3.0
-63.0
-18.0
-17.0
-127.12
-0.0
-14.0
-24.0
-27.0
-4.27000000000001
-21.5
-13.0
-18.0
-31.0
-10.0
-24.0
-57.0
-2.0
-7.0
-24.0
-25.0
-60.0
-3.0
-7.0
-48.0
-21.0
-15.960000000000036
-11.159999999999968
-33.84000000000003
-17.480000000000018
-33.0
-17.0
-16.0
-3.759999999999991
-38.5
-10.0
-9.0
-6.0
-8.0
-0.0
-12.0
-16.079999999999984
-22.0
-11.0
-34.120000000000005
-53.27999999999997
-29.720000000000027
-2.7200000000000273
-2.2799999999999727
-20.0
-36.0
-62.120000000000005
-3.0
-18.0
-41.0
-8.0
-11.0
-3.75
-38.5
-3.0
-6.0
-2.0
-20.0
-32.0
-5.0
-21.0
-20.0
-89.0
-79.0
-14.0
-4.0
-16.0
-99.0
-61.0
-14.0
-40.0
-18.0
-5.0
-31.0
-19.0
-15.0
-4.884999999999991
-53.0
-4.0
-5.0
-15.0
-0.5
-13.0
-16.0
-8.5
-17.0
-23.0
-33.0
-7.0
-4.0
-63.0
-49.0
-32.0
-64.0
-23.0
-9.0
-42.0
-167.0
-42.0
-31.0
-34.08500000000001
-4.0
-3.0
-0.0
-1.0
-2.0
-11.0
-13.0
-12.0
-6.0
-4.0
-30.0
-43.0
-38.0
-25.0
-21.0
-40.0
-8.0
-40.0
-23.0
-13.0
-37.5
-4.0
-4.0
-1.914999999999992
-16.0
-1.0
-6.0
-10.0
-14.0
-18.0
-11.0
-196.56
-18.440000000000055
-36.0
-30.0
-86.12
-50.0
-12.0
-35.0
-0.0
-11.0
-19.0
-225.0
-10.0
-29.0
-19.0
-44.0
-7.115000000000009
-24.0
-10.0
-13.0
-23.0
-1.0
-25.0
-39.0
-18.0
-33.0
-62.0
-69.0
-6.1200000000000045
-2.0
-19.0
-3.0
-24.0
-11.0
-12.0
-61.0
-52.0
-27.0
-14.0
-21.0
-7.115000000000009
-19.5
-20.0
-18.0
-30.0
-11.0
-9.0
-4.0
-3.0
-14.0
-2.0
-38.0
-20.0
-25.0
-12.32000000000005
-13.67999999999995
-12.600000000000023
-19.440000000000055
-22.559999999999945
-25.439999999999998
-30.920000000000016
-42.80000000000001
-3.920000000000016
-11.5
-9.115000000000009
-19.5
-3.0
-5.5
-42.0
-7.0
-11.5
-0.0
-21.160000000000025
-40.15999999999997
-24.08000000000004
-182.0
-32.91999999999996
-89.08000000000004
-16.840000000000032
-28.960000000000036
-41.24000000000001
-18.75999999999999
-25.24000000000001
-44.879999999999995
-32.24000000000001
-81.36000000000001
-38.04000000000002
-16.0
-9.115000000000009
-18.5
-3.5
-1.5
-39.0
-8.0
-19.0
-8.0
-23.0
-5.0
-12.0
-62.0
-1.0
-14.0
-19.0
-32.0
-39.0
-48.0
-83.0
-62.0
-85.0
-60.0
-10.0
-9.0
-7.115000000000009
-14.5
-16.0
-18.0
-16.0
-5.0
-5.0
-3.0
-21.0
-9.0
-23.0
-7.0
-28.0
-3.0
-0.0
-28.0
-6.0
-4.5
-9.0
-14.0
-24.0
-11.0
-13.0
-21.0
-34.08500000000001
-13.5
-6.0
-10.0
-12.0
-40.0
-10.0
-10.0
-21.0
-9.0
-33.72
-27.5
-78.72000000000003
-45.72000000000003
-8.719999999999999
-0.2799999999999727
-10.280000000000001
-16.5
-15.0
-29.0
-60.5
-7.5
-0.5
-397.0
-27.085000000000008
-20.5
-0.5
-10.0
-4.0
-9.0
-40.28
-34.27999999999997
-178.72000000000003
-65.72000000000003
-25.279999999999973
-95.27999999999997
-74.27999999999997
-17.120000000000005
-61.0
-2.0
-25.0
-12.0
-41.0
-56.0
-26.680000000000007
-2.8000000000000114
-26.680000000000007
-23.0
-7.97999999999999
-11.5
-840.0
-3.0
-1.5
-3.0
-38.0
-15.0
-10.0
-36.0
-10.0
-26.0
-5.0
-1.0
-4.0
-12.0
-9.0
-16.0
-33.0
-17.0
-9.0
-6.0
-11.0
-0.0
-5.5449999999999875
-18.5
-25.0
-4.0
-14.0
-12.5
-19.5
-17.5
-125.0
-19.0
-4.0
-22.0
-82.0
-32.879999999999995
-14.0
-9.0
-30.0
-10.879999999999995
-22.0
-127.0
-12.0
-26.0
-16.0
-54.0
-6.930000000000007
-20.0
-1.0
-16.0
-5.0
-10.0
-49.0
-11.0
-6.0
-22.0
-17.0
-1.0
-87.0
-49.0
-4.0
-8.0
-1.0
-28.0
-41.0
-163.91999999999996
-65.0
-36.0
-26.0
-14.0
-13.97999999999999
-7.0
-32.0
-30.0
-10.0
-7.5
-40.0
-2.0
-7.0
-35.0
-21.0
-5.080000000000041
-65.0
-27.0
-23.0
-54.0
-74.12
-49.0
-8.0
-49.0
-52.0
-45.0
-5.0
-23.0
-37.93000000000001
-26.5
-29.0
-8.0
-34.0
-1.0
-17.0
-40.0
-3.0
-21.0
-17.0
-19.0
-28.0
-48.0
-24.160000000000025
-22.839999999999975
-6.680000000000007
-48.5
-8.0
-16.0
-56.5
-20.5
-14.5
-3.0
-33.08500000000001
-58.5
-2.0
-0.5
-4.0
-3.0
-7.0
-8.0
-24.0
-23.0
-58.0
-10.0
-44.0
-30.0
-62.440000000000055
-28.440000000000055
-2.0
-40.0
-14.0
-32.0
-7.0
-85.0
-35.0
-25.0
-5.0
-12.384999999999991
-4.0
-22.0
-12.0
-14.0
-11.0
-9.0
-2.0
-77.0
-16.0
-45.0
-7.0
-17.0
-35.0
-2.0
-6.0
-19.0
-24.0
-50.0
-88.0
-110.0
-16.0
-37.0
-6.0
-46.38499999999999
-15.0
-5.0
-15.0
-12.0
-1.0
-16.0
-12.0
-137.0
-7.0
-12.0
-18.0
-23.0
-23.0
-25.0
-6.0
-13.0
-42.0
-45.0
-48.0
-43.0
-82.0
-42.0
-2.0
-12.384999999999991
-23.0
-9.0
-4.0
-10.0
-12.0
-5.0
-10.0
-124.0
-48.0
-30.0
-6.0
-204.03999999999996
-152.03999999999996
-9.039999999999964
-50.039999999999964
-104.03999999999996
-37.039999999999964
-77.96000000000004
-84.04000000000002
-134.04000000000002
-15.04000000000002
-7.5
-7.5
-46.38499999999999
-11.0
-30.17500000000001
-35.68000000000001
-7.0
-33.67500000000001
-39.18000000000001
-39.68000000000001
-5.5
-20.5
-3.960000000000008
-41.95999999999998
-2.0
-13.0
-10.0
-17.0
-12.0
-7.0
-13.0
-24.0
-29.0
-56.0
-27.0
-73.0
-20.085000000000008
-10.0
-28.349999999999994
-21.360000000000014
-12.0
-79.35
-77.36000000000001
-80.36000000000001
-24.5
-19.5
-52.48000000000002
-43.98000000000002
-24.5
-33.0
-22.0
-38.0
-33.0
-16.0
-13.0
-29.0
-28.0
-15.0
-9.0
-9.0
-7.0800000000000125
-12.960000000000008
-10.0
-34.0
-46.0
-51.0
-55.0
-22.0
-80.0
-313.0
-23.0
-107.0
-38.0
-64.0
-52.0
-70.0
-52.0
-43.0
-81.0
-155.0
-38.0
-21.0
-35.0
-10.0
-46.38499999999999
-25.47999999999999
-27.0
-8.0
-15.0
-2.0
-1.0
-12.0
-128.0
-66.0
-12.0
-13.0
-29.0
-53.0
-27.0
-49.0
-6.0
-14.0
-68.0
-84.0
-48.0
-3.0
-2.0
-29.0
-14.384999999999991
-0.0
-3.0
-6.0
-2.0
-15.0
-19.0
-15.0
-116.0
-26.0
-22.0
-7.0
-13.0
-16.0
-108.0
-30.0
-37.0
-3.0
-40.0
-33.0
-63.0
-11.0
-25.0
-22.0
-14.384999999999991
-9.0
-0.0
-7.0
-1.0
-14.0
-39.0
-242.0
-108.0
-46.0
-62.0
-1.0
-6.0
-38.0
-23.0
-3.0
-44.0
-17.0
-41.0
-52.0
-47.0
-33.0
-18.0
-25.0
-14.384999999999991
-31.0
-6.0
-2.0
-0.0
-3.0
-9.0
-6.0
-18.0
-13.0
-31.0
-14.0
-1.0
-2.0
-1.0
-10.0
-9.0
-53.0
-71.0
-96.0
-29.0
-102.0
-58.0
-3.0
-17.38499999999999
-448.0
-10.0
-5.0
-9.0
-2.0
-1.0
-26.0
-44.0
-82.0
-30.0
-82.0
-43.0
-35.0
-39.0
-36.0
-27.720000000000027
-17.720000000000027
-13.199999999999989
-59.19999999999999
-12.5
-3.0
-19.0
-18.0
-61.610000000000014
-15.0
-7.0
-1.0
-9.0
-1.0
-24.0
-6.0
-24.0
-29.0
-40.0
-33.44
-45.44
-51.44
-66.44
-81.44
-45.44
-52.44
-24.0
-34.0
-45.0
-9.0
-16.0
-13.0
-10.610000000000014
-20.0
-20.0
-6.0
-26.0
-4.0
-0.0
-43.0
-102.0
-81.0
-26.0
-35.0
-23.0
-96.0
-20.0
-4.0
-8.0
-2.0
-18.0
-5.0
-76.0
-41.0
-47.0
-18.0
-14.384999999999991
-19.0
-28.0
-33.0
-11.0
-31.0
-13.0
-19.5
-24.480000000000018
-2.0
-23.0
-3.0
-45.0
-16.0
-34.0
-59.0
-29.0
-32.0
-21.0
-40.0
-12.0
-30.0
-23.0
-3.0
-45.38499999999999
-4.0
-8.0
-2.0
-10.0
-783.0
-15.0
-32.0
-30.0
-0.0
-29.0
-6.0
-6.0
-6.0
-23.0
-13.0
-36.0
-10.0
-46.0
-88.0
-36.0
-25.0
-16.0
-32.0
-12.384999999999991
-206.07999999999998
-184.07999999999998
-220.07999999999998
-216.07999999999998
-163.07999999999998
-161.07999999999998
-183.07999999999998
-91.07999999999998
-53.91999999999996
-6.159999999999968
-195.84000000000003
-232.91999999999996
-71.91999999999996
-124.91999999999996
-4.0
-64.15999999999997
-115.84000000000003
-461.0
-68.0
-44.0
-95.0
-51.0
-9.0
-250.615
-12.0
-40.0
-22.0
-22.0
-8.0
-20.0
-15.0
-154.0
-2.0
-24.0
-59.0
-4.0
-51.0
-62.0
-13.0
-8.0
-9.0
-223.0
-72.0
-533.0
-24.0
-179.0
-21.0
-45.38499999999999
-15.0
-4.0
-19.0
-25.0
-6.0
-3.0
-23.0
-36.0
-9.0
-23.0
-41.0
-52.0
-16.0
-51.0
-16.0
-0.0
-53.0
-48.0
-32.0
-10.0
-19.0
-17.0
-36.0
-38.610000000000014
-13.0
-43.0
-18.0
-11.0
-25.0
-11.0
-5.0
-43.5
-13.5
-22.0
-12.0
-5.0
-37.0
-45.0
-26.0
-9.0
-46.0
-44.0
-8.0
-6.0
-5.0
-21.0
-1.0
-18.610000000000014
-1.0
-15.0
-0.0
-6.0
-10.0
-14.0
-40.0
-107.0
-4.0
-37.0
-8.0
-95.0
-77.0
-5.0
-18.0
-51.0
-12.0
-78.0
-27.0
-44.0
-9.0
-16.0
-6.0
-12.384999999999991
-16.0
-1.0
-4.0
-10.0
-9.0
-33.0
-12.0
-16.0
-41.0
-46.0
-15.0
-0.0
-41.0
-79.0
-42.0
-8.0
-20.0
-32.0
-13.0
-29.0
-48.0
-19.0
-8.0
-14.384999999999991
-4.5
-2.5
-10.0
-6.5
-15.5
-1.0
-6.0
-35.0
-1.0
-52.0
-34.0
-33.0
-4.0
-32.0
-13.0
-10.919999999999959
-34.91999999999996
-48.0
-53.0
-1.0
-21.0
-31.0
-3.0
-14.384999999999991
-5.5
-8.0
-20.0
-27.0
-16.0
-17.0
-4.0
-20.0
-193.0
-5.0
-13.0
-0.0
-5.0
-3.0
-11.0
-14.0
-12.0
-71.0
-74.0
-48.0
-12.0
-6.0
-26.0
-14.384999999999991
-32.5
-23.0
-25.0
-42.0
-2.0
-29.0
-10.0
-86.0
-82.0
-13.0
-25.0
-13.0
-25.0
-15.0
-47.0
-6.0
-63.0
-68.0
-89.0
-85.0
-1.0
-4.0
-45.0
-45.38499999999999
-5.0
-6.0
-18.0
-21.0
-9.0
-9.0
-38.0
-39.0
-30.0
-35.0
-31.0
-43.0
-2.0
-13.0
-46.0
-13.0
-647.0
-26.0
-14.0
-32.0
-17.0
-25.0
-28.0
-3.1399999999999864
-5.0
-7.0
-1.0
-14.0
-15.0
-13.0
-29.0
-32.0
-38.0
-0.0
-11.0
-23.0
-11.0
-10.0
-6.0
-1.0
-4.0
-14.0
-3.0
-23.0
-7.0
-19.0
-6.0
-21.120000000000005
-2.0
-2.0
-21.0
-13.0
-14.0
-0.5
-17.0
-76.0
-54.0
-191.0
-79.0
-1.0
-38.0
-47.0
-35.0
-16.0
-46.0
-102.0
-57.0
-85.0
-19.0
-21.0
-5.0
-14.384999999999991
-9.0
-23.0
-1.0
-10.5
-30.0
-6.0
-8.0
-53.0
-46.0
-14.0
-10.0
-61.0
-16.0
-7.0
-39.0
-8.0
-66.0
-61.0
-6.0
-69.0
-11.0
-5.0
-25.0
-51.38499999999999
-4.0
-1.0
-2.0
-15.0
-6.0
-17.0
-7.0
-54.0
-226.0
-2.0
-20.0
-1.0
-46.0
-27.0
-33.0
-7.0
-18.0
-72.0
-12.0
-22.0
-0.0
-0.0
-9.0
-12.384999999999991
-12.0
-15.0
-52.0
-0.0
-65.0
-38.0
-4.0
-71.0
-66.0
-32.0
-40.0
-12.0
-81.0
-12.0
-40.0
-81.0
-6.0
-81.0
-166.0
-56.0
-6.0
-474.0
-749.0
-81.82999999999998
-69.0
-13.0
-16.0
-39.0
-4.0
-3.0
-38.0
-132.0
-81.0
-30.0
-8.0
-28.0
-48.0
-29.0
-35.0
-21.0
-162.0
-288.0
-59.0
-48.0
-2.0
-51.0
-33.0
-8.844999999999999
-23.0
-0.0
-15.0
-24.0
-12.0
-32.0
-38.0
-35.0
-38.0
-37.0
-41.0
-15.0
-32.0
-7.0
-53.0
-51.0
-49.0
-7.0
-18.0
-25.0
-20.0
-6.0
-35.0
-26.11500000000001
-8.0
-7.0
-5.0
-1.0
-15.0
-2.0
-52.0
-23.0
-13.0
-27.0
-24.0
-23.0
-2.0
-22.0
-41.0
-26.0
-46.0
-29.0
-19.0
-11.0
-29.0
-13.0
-1.0
-34.11500000000001
-2.0
-5.0
-40.0
-21.0
-39.0
-6.0
-27.0
-123.0
-37.0
-12.0
-40.0
-23.0
-25.0
-72.0
-28.0
-28.0
-43.48000000000002
-107.48000000000002
-22.0
-55.0
-6.0
-32.0
-1.0
-19.155
-38.0
-21.0
-10.0
-15.0
-16.0
-20.0
-15.0
-83.0
-51.0
-62.0
-26.0
-52.0
-54.0
-69.0
-33.0
-21.0
-5.0
-29.0
-61.0
-63.0
-13.0
-15.0
-19.0
-22.155
-20.0
-15.0
-14.0
-6.0
-6.0
-12.5
-20.0
-80.0
-79.0
-57.0
-12.0
-74.0
-51.0
-44.0
-35.0
-25.0
-31.0
-66.0
-26.0
-111.0
-1.0
-9.0
-31.0
-8.844999999999999
-35.0
-18.0
-9.0
-17.0
-2.0
-11.0
-1.0
-67.0
-1.0
-36.0
-11.0
-31.0
-55.0
-64.0
-14.0
-27.0
-17.0
-32.0
-30.0
-19.0
-4.0
-7.0
-26.0
-22.155
-24.0
-20.0
-4.0
-17.0
-4.0
-20.0
-2.0
-52.0
-64.0
-78.0
-76.0
-12.0
-72.0
-30.0
-26.0
-10.0
-180.0
-28.0
-49.0
-94.0
-28.0
-62.0
-58.0
-4.155000000000001
-34.0
-16.0
-598.0
-33.0
-19.0
-36.0
-52.0
-4.0
-20.0
-2.0
-26.560000000000002
-26.560000000000002
-74.0
-13.0
-15.0
-14.0
-22.0
-27.0
-39.0
-38.0
-65.0
-8.0
-4.0
-31.110000000000014
-2.0
-25.0
-19.0
-11.5
-33.0
-0.0
-73.0
-52.0
-27.0
-16.0
-67.0
-60.0
-16.0
-70.0
-60.0
-56.0
-61.0
-48.0
-53.0
-9.0
-5.0
-13.0
-33.0
-21.099999999999994
-32.0
-24.0
-26.0
-6.0
-38.0
-2.0
-70.0
-59.0
-42.0
-209.0
-66.0
-12.0
-31.0
-98.0
-30.0
-5.0
-70.0
-415.0
-578.0
-49.0
-28.0
-41.0
-34.0
-7.155000000000001
-22.0
-23.0
-21.0
-16.0
-35.0
-33.0
-2.319999999999993
-7.0
-29.0
-2.0
-6.0
-5.0
-6.0
-16.0
-179.0
-8.0
-33.0
-1.0
-13.0
-55.0
-26.0
-31.0
-31.0
-35.0
-2.0
-64.0
-41.0
-32.0
-17.0
-5.0
-6.5
-1.0
-6.5
-29.5
-1.0
-9.0
-10.0
-9.0
-2.0
-35.0
-22.0
-10.0
-64.0
-59.0
-93.0
-84.0
-45.0
-63.0
-40.0
-11.0
-0.0
-38.0
-43.0
-14.0
-33.5
-33.0
-4.0
-15.0
-18.0
-21.0
-1.0
-4.0
-83.0
-58.879999999999995
-4.0
-9.0
-56.0
-46.0
-14.0
-37.0
-2.0
-10.919999999999959
-8.0
-95.0
-19.0
-25.0
-29.0
-11.0
-13.180000000000007
-6.0
-3.0
-9.0
-1.0
-15.0
-3.0
-14.0
-39.0
-53.0
-38.0
-45.0
-24.0
-28.0
-5.0
-13.0
-49.0
-73.0
-6.0
-173.0
-23.0
-9.0
-9.0
-9.0
-5.680000000000007
-10.0
-25.0
-2.0
-16.0
-38.0
-7.0
-494.0
-3.1200000000000045
-28.0
-6.0
-67.0
-33.0
-30.0
-18.0
-43.0
-25.0
-53.0
-27.0
-95.0
-85.0
-10.0
-8.0
-6.0
-5.680000000000007
-10.0
-26.0
-6.0
-20.0
-21.0
-21.0
-16.0
-15.0
-74.0
-0.0
-17.08000000000004
-29.0
-43.879999999999995
-16.0
-9.0
-39.0
-77.0
-36.0
-37.0
-68.0
-67.0
-36.0
-26.0
-6.319999999999993
-19.0
-61.0
-24.0
-21.0
-5.0
-2.0
-0.0
-9.0
-20.0
-47.039999999999964
-9.039999999999964
-44.0
-13.0
-22.0
-6.0
-45.0
-8.0
-4.0
-21.0
-15.0
-13.0
-22.0
-3.0
-11.319999999999993
-1.0
-11.0
-7.0
-3.0
-7.0
-4.0
-27.0
-2.0
-19.0
-75.0
-60.0
-126.0
-35.0
-43.0
-52.0
-45.0
-5.0
-15.0
-53.0
-28.0
-7.0
-14.0
-31.0
-17.5
-11.0
-11.0
-0.0
-14.0
-52.0
-27.0
-23.0
-129.0
-30.0
-9.0
-18.0
-53.0
-37.0
-46.0
-25.0
-14.0
-6.0
-18.0
-3.0
-8.0
-1.0
-3.0
-8.0
-5.5
-15.0
-4.0
-2.0
-18.0
-17.0
-2.0
-9.0
-120.0
-23.0
-30.0
-26.0
-35.0
-64.0
-10.0
-31.0
-1.0
-39.0
-7.0
-65.0
-35.0
-21.0
-20.0
-55.0
-8.680000000000007
-30.0
-51.0
-31.0
-44.0
-19.0
-43.0
-0.0
-41.0
-7.0
-19.0
-16.0
-17.0
-96.0
-52.0
-49.0
-37.0
-55.0
-36.0
-55.0
-16.0
-7.0
-10.0
-5.0
-8.680000000000007
-22.0
-8.0
-15.0
-19.0
-4.0
-42.0
-17.0
-47.0
-73.0
-26.0
-35.0
-77.0
-111.0
-13.0
-50.0
-24.0
-66.0
-11.0
-3.0
-54.0
-1.0
-51.0
-39.0
-5.680000000000007
-45.0
-40.0
-21.0
-7.0
-19.0
-9.0
-26.0
-16.0
-61.0
-17.0
-15.0
-13.0
-16.0
-10.0
-8.0
-43.0
-26.0
-26.0
-68.0
-37.0
-63.0
-43.0
-18.0
-1.1800000000000068
-8.0
-5.0
-12.0
-23.0
-13.0
-21.0
-14.0
-20.0
-57.0
-47.0
-13.0
-61.0
-127.0
-56.0
-61.0
-59.0
-34.0
-166.0
-39.0
-33.0
-67.0
-24.920000000000016
-15.5
-12.474999999999994
-42.0
-15.0
-1.0
-1.0
-21.0
-13.0
-23.0
-72.0
-35.0
-97.0
-52.0
-43.0
-15.0
-27.0
-34.0
-18.0
-24.120000000000005
-33.0
-31.0
-3.0
-16.0
-10.0
-14.0
-46.5
-32.0
-41.0
-60.0
-62.0
-17.0
-15.0
-32.0
-24.0
-9.0
-13.0
-14.0
-59.0
-1.0
-19.0
-10.0
-22.0
-25.0
-18.0
-33.0
-41.0
-13.0
-30.0
-26.0
-5.5
-12.0
-27.0
-19.0
-32.0
-4.0
-23.0
-15.0
-108.0
-38.0
-20.0
-6.0
-19.0
-52.0
-10.0
-9.0
-1.0
-45.0
-37.0
-57.0
-98.0
-7.0
-44.0
-6.0
-7.474999999999994
-0.0
-385.0
-16.0
-10.5
-7.0
-4.5
-1.0
-52.95999999999998
-13.0
-22.0
-9.0
-72.0
-65.0
-64.0
-21.0
-13.0
-11.0
-6.0
-156.0
-36.0
-9.0
-20.0
-10.0
-13.870000000000005
-0.0
-16.0
-32.0
-729.0
-4.0
-18.0
-3.0
-40.0
-36.0
-9.67999999999995
-26.559999999999945
-36.67999999999995
-12.0
-575.0
-26.0
-20.440000000000055
-4.440000000000055
-11.080000000000041
-126.08000000000004
-11.95999999999998
-18.560000000000002
-8.560000000000002
-9.0
-29.805000000000007
-4.0
-25.0
-10.0
-10.0
-57.0
-7.0
-17.0
-36.0
-7.0
-2.0
-39.0
-6.0
-52.0
-19.0
-13.0
-12.0
-6.0
-17.0
-72.0
-8.0
-37.0
-34.0
-0.0
-12.805000000000007
-17.75999999999999
-6.0
-8.5
-11.5
-13.5
-25.0
-6.0
-54.0
-184.0
-55.0
-48.0
-13.0
-49.0
-5.0
-4.0
-77.0
-12.0
-19.0
-77.0
-13.0
-85.0
-24.0
-7.0
-10.805000000000007
-53.0
-39.5
-0.5
-9.5
-21.0
-6.5
-17.0
-149.0
-26.25999999999999
-53.920000000000016
-32.920000000000016
-56.920000000000016
-36.08000000000001
-11.019999999999982
-0.9200000000000159
-9.079999999999984
-43.920000000000016
-7.9199999999999875
-23.919999999999987
-37.22000000000003
-5.5
-37.5
-32.5
-0.5
-11.0
-7.5
-24.5
-14.5
-14.0
-21.5
-16.0
-19.0
-57.25999999999999
-51.22000000000003
-6.439999999999998
-99.44
-28.95999999999998
-62.01999999999998
-39.44
-91.98000000000002
-45.44
-61.95999999999998
-26.439999999999998
-29.439999999999998
-7.5
-1.5
-3.5
-7.5
-38.75999999999999
-33.0
-32.5
-12.5
-37.5
-46.5
-7.5
-140.92000000000002
-23.91999999999996
-76.91999999999996
-89.08000000000004
-35.08000000000004
-57.08000000000004
-73.08000000000004
-54.08000000000004
-75.08000000000004
-63.08000000000004
-20.91999999999996
-93.91999999999996
-34.920000000000016
-38.920000000000016
-23.920000000000016
-9.0
-24.805000000000007
-17.75999999999999
-2.0
-1.0
-21.0
-5.0
-20.0
-49.0
-147.0
-19.0
-16.91999999999996
-12.159999999999968
-50.72000000000003
-25.279999999999973
-31.75999999999999
-68.0
-6.0
-1.0
-2.32000000000005
-81.32000000000005
-48.31999999999999
-19.0
-0.0
-9.0
-12.805000000000007
-32.75999999999999
-53.56
-25.939999999999998
-18.439999999999998
-15.439999999999998
-33.44
-41.68000000000001
-76.88
-7.8799999999999955
-17.120000000000005
-40.879999999999995
-71.12
-0.6399999999999864
-87.50999999999999
-64.12
-52.110000000000014
-98.88
-65.88
-102.88999999999999
-59.60000000000002
-3.3999999999999773
-71.61000000000001
-40.60000000000002
-53.48000000000002
-19.519999999999982
-20.220000000000027
-2.0600000000000023
-9.560000000000002
-46.44
-42.44
-40.879999999999995
-409.44
-23.399999999999977
-83.20000000000005
-17.200000000000045
-78.20000000000005
-36.200000000000045
-52.200000000000045
-23.200000000000045
-18.799999999999955
-77.79999999999995
-0.7999999999999545
-45.799999999999955
-6.199999999999989
-22.80000000000001
-70.80000000000001
-31.80000000000001
-69.07
-23.28
-26.879999999999995
-54.879999999999995
-59.879999999999995
-42.879999999999995
-46.879999999999995
-35.879999999999995
-19.879999999999995
-33.120000000000005
-35.120000000000005
-35.120000000000005
-65.72000000000003
-117.72000000000003
-100.72000000000003
-46.72000000000003
-0.7200000000000273
-53.120000000000005
-14.919999999999959
-23.75999999999999
-67.75999999999999
-41.24000000000001
-27.079999999999984
-34.879999999999995
-0.11000000000001364
-22.0
-2.5
-4.5
-14.5
-209.0
-7.5
-11.0
-292.0
-72.51999999999998
-53.51999999999998
-74.51999999999998
-131.0
-25.0
-41.04000000000002
-46.04000000000002
-99.04000000000002
-51.04000000000002
-28.0
-30.0
-34.0
-0.0
-22.0
-4.0
-17.5
-11.0
-2.5
-22.5
-1.5
-21.0
-14.5
-31.0
-15.0
-47.75999999999999
-66.75999999999999
-22.560000000000002
-110.56
-11.560000000000002
-34.56
-49.56
-25.560000000000002
-86.56
-49.56
-23.0
-23.0
-31.0
-6.0
-4.5
-6.5
-71.72000000000003
-103.92000000000002
-26.95999999999998
-58.95999999999998
-23.95999999999998
-107.95999999999998
-70.95999999999998
-165.95999999999998
-27.039999999999964
-61.039999999999964
-24.039999999999964
-645.96
-55.039999999999964
-1.9600000000000364
-22.039999999999964
-64.03999999999996
-41.039999999999964
-26.039999999999964
-119.96000000000004
-183.96000000000004
-61.95999999999998
-37.95999999999998
-39.95999999999998
-68.86000000000001
-30.860000000000014
-8.0
-12.47999999999999
-21.480000000000018
-6.97999999999999
-44.97999999999999
-26.47999999999999
-111.0
-11.0
-61.0
-47.0
-18.0
-78.0
-43.0
-26.0
-33.0
-41.0
-61.0
-156.0
-40.0
-40.0
-55.0
-42.0
-35.44
-19.0
-20.0
-15.0
-17.0
-5.0
-5.0
-20.0
-22.0
-3.0
-21.0
-63.0
-15.0
-45.0
-55.0
-25.0
-13.0
-1.0
-11.0
-88.0
-29.0
-23.0
-13.0
-10.0
-79.44
-52.0
-17.0
-5.0
-2.0
-21.0
-8.0
-33.0
-22.0
-2.0
-32.0
-31.0
-48.0
-31.0
-28.0
-10.0
-29.0
-43.0
-4.0
-53.0
-31.0
-11.519999999999982
-26.480000000000018
-14.0
-2.019999999999982
-4.5
-4.0
-18.0
-0.0
-2.5
-2.0
-39.75999999999999
-17.0
-36.0
-77.0
-7.0
-12.0
-45.0
-14.0
-43.0
-35.0
-68.75999999999999
-296.24
-21.24000000000001
-28.24000000000001
-2.519999999999982
-13.480000000000018
-52.0
-13.960000000000008
-35.0
-18.0
-23.0
-5.0
-3.0
-6.0
-25.0
-13.0
-22.0
-32.0
-27.0
-14.0
-11.0
-51.0
-12.0
-44.0
-14.0
-32.0
-8.0
-16.0
-6.0
-2.0
-33.0
-5.5
-46.0
-8.0
-5.0
-14.0
-17.0
-27.0
-33.0
-4.0
-34.0
-21.0
-59.0
-85.0
-3.0
-24.0
-7.0
-19.0
-1.0
-67.0
-42.0
-39.0
-16.0
-32.0
-58.0
-7.5
-19.0
-1.0
-16.0
-23.0
-0.0
-73.0
-4.0
-198.0
-64.0
-41.0
-102.0
-8.0
-32.0
-5.0
-8.0
-29.0
-11.0
-4.0
-36.0
-19.0
-33.0
-5.0
-29.0
-11.099999999999994
-238.27999999999997
-208.27999999999997
-236.27999999999997
-216.27999999999997
-215.27999999999997
-217.27999999999997
-227.27999999999997
-41.72000000000003
-8.720000000000027
-49.27999999999997
-211.72000000000003
-185.72000000000003
-173.72000000000003
-201.72000000000003
-244.72000000000003
-207.72000000000003
-119.72000000000003
-221.72000000000003
-91.72000000000003
-84.0
-59.0
-17.0
-29.0
-11.379999999999995
-6.0
-19.0
-21.0
-11.0
-10.0
-25.0
-42.0
-234.0
-34.0
-36.0
-26.0
-11.0
-44.0
-44.0
-38.0
-35.0
-37.0
-9.0
-3.0
-31.0
-26.0
-31.0
-32.0
-13.379999999999995
-25.0
-4.0
-34.0
-3.0
-35.0
-5.0
-21.0
-13.0
-11.0
-19.0
-20.0
-53.0
-26.0
-31.0
-18.0
-36.0
-12.0
-248.0
-31.0
-11.0
-36.0
-4.0
-11.160000000000025
-0.6200000000000045
-7.0
-21.0
-18.0
-37.0
-7.0
-16.0
-10.0
-7.0
-4.0
-41.0
-19.0
-27.0
-39.0
-15.0
-8.0
-8.0
-21.5
-2.0
-4.0
-7.0
-0.5
-25.5
-24.5
-27.5
-36.80000000000001
-41.5
-35.610000000000014
-8.0
-7.5
-1.0
-3.1999999999999886
-5.0
-8.5
-22.80000000000001
-90.19999999999999
-176.8
-19.200000000000045
-81.0
-92.0
-178.0
-30.0
-41.0
-77.0
-66.0
-43.0
-16.0
-160.0
-6.0
-12.0
-5.0
-0.060000000000002274
-9.0
-11.0
-7.0
-27.0
-17.0
-40.0
-39.0
-125.0
-27.32000000000005
-91.67999999999995
-17.0
-1.0
-100.0
-45.0
-529.0
-39.0
-16.0
-87.0
-2.0
-52.0
-23.0
-1.0
-18.0
-46.06
-4.0
-4.0
-18.0
-26.0
-13.0
-41.0
-33.0
-20.0
-157.0
-119.0
-58.0
-38.0
-112.0
-44.0
-29.0
-24.0
-0.0
-13.0
-84.0
-44.0
-11.0
-0.0
-20.0
-0.060000000000002274
-49.0
-28.0
-27.0
-40.0
-44.5
-37.0
-5.0
-56.44
-70.44
-12.480000000000018
-28.519999999999982
-60.51999999999998
-148.84000000000003
-22.840000000000032
-31.840000000000032
-35.51999999999998
-115.51999999999998
-47.67999999999995
-97.68
-75.0
-39.0
-12.0
-24.0
-0.060000000000002274
-14.0
-1.0
-18.159999999999997
-17.5
-17.159999999999997
-11.159999999999997
-43.16
-20.159999999999997
-49.0
-39.0
-39.0
-34.0
-26.0
-41.0
-25.0
-32.0
-21.0
-13.0
-5.0
-4.0
-3.0
-22.0
-10.0
-20.090000000000003
-27.0
-11.0
-18.0
-27.0
-7.0
-68.47999999999999
-83.47999999999999
-50.0
-66.32
-22.11500000000001
-39.61500000000001
-38.61500000000001
-28.5
-30.120000000000005
-48.08000000000001
-23.5
-0.0
-16.0
-10.0
-14.5
-7.0
-15.0
-20.5
-23.10000000000005
-17.47999999999999
-27.47999999999999
-18.47999999999999
-559.48
-24.0
-17.0
-45.0
-48.0
-98.0
-118.0
-89.0
-660.0
-129.0
-87.0
-15.0
-34.0
-35.0
-15.0
-105.0
-7.0
-66.0
-7.0
-44.0
-0.060000000000002274
-25.0
-2.0
-10.0
-24.0
-15.0
-29.0
-30.0
-3.0
-58.0
-2.0
-64.0
-74.0
-33.0
-21.0
-9.0
-14.0
-11.0
-5.0
-39.0
-26.0
-39.0
-30.0
-13.0
-46.06
-30.0
-33.0
-19.0
-32.0
-21.0
-20.0
-34.0
-119.0
-52.0
-0.0
-0.0
-32.0
-67.0
-149.0
-136.0
-137.0
-117.0
-14.0
-25.0
-57.48000000000002
-4.519999999999982
-18.0
-19.0
-0.060000000000002274
-25.0
-160.0
-38.0
-12.0
-46.0
-21.0
-34.0
-117.0
-60.0
-13.0
-57.0
-109.0
-54.0
-40.0
-4.0
-0.0
-16.0
-20.0
-12.0
-57.0
-18.0
-2.0
-22.0
-5.1200000000000045
-1.0
-24.0
-2.0
-31.0
-22.0
-22.0
-21.0
-97.0
-104.0
-31.0
-40.0
-62.0
-83.0
-22.0
-67.0
-89.0
-57.0
-48.0
-46.0
-20.0
-20.0
-15.0
-45.0
-10.600000000000051
-67.86000000000001
-19.0
-20.5
-28.5
-18.5
-40.74000000000001
-58.24000000000001
-8.5
-53.16
-41.22999999999999
-8.22999999999999
-11.22999999999999
-53.5
-33.75999999999999
-13.839999999999975
-58.5
-0.0
-14.0
-73.0
-48.0
-47.0
-50.0
-37.5
-22.89999999999995
-16.28
-34.0
-13.0
-16.0
-16.0
-26.0
-46.0
-13.0
-83.0
-6.0
-22.0
-14.0
-45.0
-19.0
-17.0
-40.0
-36.0
-17.0
-27.0
-8.0
-3.0
-20.0
-16.0
-1.1000000000000512
-1.759999999999991
-6.0
-2.0
-9.0
-13.0
-4.0
-4.0
-105.0
-152.0
-118.0
-133.0
-49.0
-5.0
-428.0
-18.0
-15.0
-22.0
-23.0
-3.0
-1.0
-53.0
-7.0
-43.0
-10.600000000000051
-0.0
-29.0
-17.0
-16.0
-27.0
-23.0
-28.0
-9.0
-63.0
-29.0
-5.0
-64.0
-24.0
-20.0
-9.0
-11.0
-0.0
-2.0
-2.0
-42.0
-11.0
-26.0
-43.0
-10.600000000000051
-6.0
-8.0
-32.0
-30.0
-18.0
-40.0
-7.0
-23.0
-39.0
-36.0
-2.0
-25.0
-59.0
-40.0
-27.0
-21.0
-2.0
-19.0
-48.0
-60.0
-6.0
-5.0
-34.0
-10.600000000000051
-40.0
-23.0
-8.0
-22.0
-10.0
-35.0
-19.0
-36.0
-125.0
-365.0
-51.0
-97.0
-12.0
-22.0
-12.0
-15.0
-6.0
-25.0
-22.0
-40.0
-26.0
-12.0
-2.0
-10.600000000000051
-34.0
-15.0
-4.0
-17.0
-22.0
-35.0
-19.0
-15.0
-49.0
-13.0
-37.0
-81.0
-10.0
-35.0
-139.0
-145.0
-248.0
-88.0
-32.0
-62.0
-73.0
-15.0
-33.0
-10.600000000000051
-2.0
-4.0
-3.0
-18.0
-27.0
-15.0
-14.0
-29.0
-5.0
-37.0
-7.0
-39.0
-12.0
-24.0
-15.0
-14.0
-5.0
-18.0
-13.0
-28.0
-9.0
-21.0
-21.0
-1.1000000000000512
-11.0
-7.0
-13.0
-11.0
-11.0
-6.0
-7.0
-217.0
-5.0
-65.0
-5.0
-10.0
-2.0
-2.0
-11.0
-2.0
-110.0
-21.0
-32.0
-21.0
-17.0
-36.0
-25.0
-1.1000000000000512
-4.0
-3.0
-8.0
-11.0
-20.0
-13.0
-6.0
-143.0
-34.0
-129.0
-68.0
-35.0
-27.0
-77.0
-11.0
-2.0
-2.0
-41.0
-33.0
-61.0
-11.0
-4.0
-36.0
-87.60000000000005
-31.0
-47.0
-13.0
-49.0
-45.0
-29.0
-37.0
-24.0
-101.0
-55.0
-36.0
-15.0
-53.0
-10.0
-9.0
-12.0
-1.0
-4.0
-0.0
-75.0
-35.0
-19.0
-41.0
-10.600000000000051
-8.0
-17.0
-35.0
-5.0
-47.0
-60.0
-23.0
-31.0
-58.0
-31.0
-54.0
-60.0
-41.0
-14.0
-21.0
-25.0
-2.0
-12.0
-25.0
-64.0
-26.0
-11.0
-21.0
-10.600000000000051
-8.0
-11.0
-3.0
-8.0
-4.0
-35.0
-18.0
-26.0
-120.0
-39.0
-81.0
-39.0
-0.0
-11.0
-15.0
-40.0
-7.0
-14.0
-8.0
-95.0
-24.0
-28.0
-37.0
-85.60000000000005
-2.0
-3.0
-9.0
-24.0
-4.0
-27.0
-32.0
-37.0
-150.0
-16.0
-4.0
-54.0
-156.0
-3.0
-49.0
-43.0
-56.0
-23.0
-26.0
-66.0
-7.0
-1.0
-30.0
-71.60000000000005
-32.0
-4.0
-19.0
-21.0
-29.0
-58.0
-34.0
-137.0
-38.0
-47.0
-53.0
-39.0
-45.0
-48.0
-37.0
-46.0
-33.0
-27.0
-13.0
-7.0
-659.0
-14.0
-6.0
-24.110000000000014
-1.0
-25.0
-11.0
-15.0
-10.0
-3.0
-15.0
-25.0
-23.0
-16.0
-5.0
-15.0
-10.0
-24.0
-19.0
-1.0
-4.0
-20.0
-38.0
-7.0
-10.0
-3.5
-2.0
-21.129999999999995
-2.5
-27.5
-23.0
-2.0
-13.0
-25.0
-12.0
-11.0
-12.0
-19.0
-10.0
-41.0
-53.0
-32.0
-14.0
-17.0
-20.0
-4.0
-22.0
-11.0
-6.0
-17.0
-2.0
-16.120000000000005
-4.5
-2.5
-2.0
-11.0
-42.5
-21.5
-10.5
-122.32
-17.680000000000007
-224.67999999999995
-276.67999999999995
-24.0
-69.0
-73.0
-0.0
-12.0
-8.0
-25.0
-45.0
-12.0
-8.0
-261.0
-76.0
-19.39999999999995
-40.0
-16.0
-4.0
-2.0
-11.0
-3.5
-13.0
-49.0
-58.0
-23.0
-71.0
-36.0
-43.0
-14.0
-29.0
-6.0
-6.0
-32.0
-1.0
-30.0
-8.0
-6.0
-41.0
-10.600000000000051
-3.0
-20.0
-14.0
-9.0
-23.0
-26.5
-10.0
-11.0
-19.0
-61.0
-47.0
-36.0
-12.0
-53.0
-56.0
-50.0
-26.0
-37.0
-17.0
-34.0
-2.0
-24.0
-6.0
-10.600000000000051
-8.0
-13.0
-9.0
-17.0
-11.0
-8.0
-17.0
-11.0
-54.0
-64.0
-16.0
-2.0
-16.0
-20.0
-9.0
-11.0
-74.0
-42.0
-4.0
-43.0
-16.0
-62.0
-32.0
-13.919999999999987
-2.0
-35.0
-19.0
-34.0
-39.0
-31.0
-12.0
-72.0
-29.0
-39.0
-45.0
-65.0
-33.0
-69.0
-52.0
-48.0
-41.0
-6.0
-11.0
-8.0
-21.0
-42.0
-32.0
-35.06999999999999
-11.0
-6.0
-0.0
-4.0
-12.0
-37.0
-15.0
-63.0
-26.0
-5.0
-34.0
-14.0
-9.0
-17.0
-5.0
-3.0
-29.0
-19.0
-20.0
-1.0
-17.0
-19.0
-31.0
-19.61500000000001
-43.0
-25.0
-22.0
-58.0
-30.0
-29.0
-21.0
-63.0
-12.0
-293.0
-110.0
-23.0
-73.0
-670.0
-18.0
-29.0
-39.0
-49.0
-24.0
-9.0
-25.0
-36.0
-16.0
-22.039999999999992
-29.0
-22.0
-19.0
-12.0
-20.0
-12.0
-24.0
-13.0
-8.0
-61.0
-27.0
-51.0
-276.0
-29.0
-10.0
-3.0
-16.0
-25.0
-15.0
-21.0
-1.0
-38.0
-4.0
-22.039999999999992
-12.0
-8.0
-15.0
-10.0
-5.0
-13.0
-26.0
-8.0
-74.0
-33.0
-5.0
-24.0
-25.0
-3.0
-3.0
-1.0
-26.0
-7.0
-67.0
-84.0
-27.0
-13.0
-18.0
-12.960000000000008
-1.0
-3.0
-27.0
-19.0
-16.5
-47.360000000000014
-32.5
-7.639999999999986
-9.360000000000014
-35.0
-22.399999999999977
-24.399999999999977
-52.39999999999998
-5.399999999999977
-6.399999999999977
-7.0
-37.48000000000002
-26.519999999999982
-20.0
-19.0
-10.0
-31.0
-17.0
-30.039999999999992
-37.0
-28.0
-15.0
-5.0
-36.0
-35.0
-41.0
-54.0
-52.0
-40.0
-9.0
-35.0
-49.0
-8.0
-4.0
-15.0
-14.0
-4.0
-57.0
-92.0
-20.0
-15.0
-3.0
-21.039999999999992
-5.0
-4.0
-13.0
-3.0
-10.0
-22.0
-24.0
-22.0
-57.0
-23.5
-36.0
-40.0
-44.0
-29.5
-30.5
-34.5
-0.5
-24.0
-14.0
-11.0
-9.0
-22.0
-15.0
-20.61500000000001
-12.099999999999994
-0.0
-8.0
-29.0
-10.0
-18.0
-23.47999999999999
-9.5
-19.0
-1.0
-51.0
-5.0
-30.0
-23.0
-33.0
-27.0
-13.0
-14.0
-3.0
-10.0
-9.0
-22.0
-1.0
-20.61500000000001
-29.0
-40.0
-17.879999999999995
-44.0
-62.0
-29.0
-36.0
-5.0
-30.879999999999995
-80.0
-17.0
-31.0
-8.0
-2.0
-92.42000000000002
-45.0
-43.0
-30.0
-38.0
-30.0
-31.0
-64.0
-31.0
-15.0
-80.0
-55.0
-47.0
-23.0
-11.0
-32.0
-41.0
-24.879999999999995
-23.0
-62.0
-9.0
-34.0
-12.0
-7.0
-49.420000000000016
-13.0
-8.0
-30.0
-34.0
-41.0
-10.0
-26.0
-13.0
-120.0
-41.0
-15.0
-32.0
-8.0
-20.0
-7.0
-19.0
-57.0
-32.0
-92.0
-15.120000000000005
-146.0
-20.0
-28.0
-21.420000000000016
-2.0
-1.0
-2.0
-16.0
-21.0
-20.0
-39.0
-8.0
-22.0
-70.0
-11.919999999999959
-4.0
-37.0
-10.0
-31.0
-59.0
-7.0
-42.0
-56.0
-14.0
-82.0
-19.0
-38.0
-49.420000000000016
-31.0
-47.0
-28.0
-36.0
-28.0
-54.0
-30.0
-78.0
-79.0
-118.0
-5.0
-70.0
-13.0
-47.04000000000002
-31.04000000000002
-38.0
-42.0
-17.0
-57.0
-5.0
-14.0
-23.0
-4.0
-792.59
-19.0
-5.0
-21.0
-9.0
-21.0
-30.0
-7.0
-2.0
-40.0
-31.0
-8.0
-59.0
-3.0
-4.0
-30.519999999999982
-8.519999999999982
-40.0
-7.0
-12.0
-6.0
-5.0
-11.0
-22.0
-19.590000000000003
-30.0
-10.0
-11.0
-2.0
-26.0
-1.0
-7.0
-178.0
-37.0
-55.120000000000005
-21.879999999999995
-23.0
-31.0
-42.0
-20.0
-16.0
-11.0
-1.0
-17.0
-6.0
-54.0
-25.0
-15.0
-30.139999999999986
-13.0
-11.0
-21.0
-1.0
-12.0
-11.0
-19.0
-35.0
-38.0
-22.0
-27.0
-9.0
-27.0
-36.0
-27.0
-8.0
-14.0
-0.0
-46.0
-4.0
-13.0
-13.120000000000005
-8.0
-8.335000000000008
-2.0
-26.0
-37.0
-25.0
-44.0
-22.0
-56.0
-6.0
-10.0
-6.0
-20.0
-15.0
-44.0
-9.0
-3.0
-19.91999999999996
-32.0
-7.0
-95.0
-12.0
-13.0
-0.0
-12.0
-11.335000000000008
-7.0
-13.0
-3.0
-23.0
-15.0
-22.0
-39.0
-66.0
-57.67999999999995
-99.32000000000005
-12.0
-77.0
-24.0
-28.0
-10.0
-4.8799999999999955
-42.0
-35.0
-75.0
-2.0
-28.0
-18.0
-22.0
-35.33500000000001
-1.0
-21.0
-15.0
-25.0
-19.0
-32.0
-2.0
-20.0
-12.0
-34.879999999999995
-41.0
-11.0
-23.0
-13.0
-15.0
-27.0
-63.0
-68.0
-19.0
-23.0
-12.0
-26.0
-90.0
-35.33500000000001
-6.0
-31.0
-41.0
-27.0
-38.0
-44.0
-0.0
-109.0
-23.0
-0.0
-26.0
-18.0
-34.0
-4.0
-20.0
-38.0
-718.0
-40.0
-8.0
-7.0
-5.0
-31.0
-7.0
-35.59
-21.0
-29.0
-8.0
-3.0
-14.0
-22.0
-6.0
-23.0
-17.0
-17.0
-10.0
-20.0
-5.0
-12.0
-3.0
-3.0
-1.0
-17.0
-17.0
-2.0
-11.0
-5.0
-15.0
-30.590000000000003
-19.0
-3.0
-25.0
-18.0
-7.0
-12.0
-8.0
-161.0
-35.0
-12.0
-38.0
-42.0
-24.08000000000004
-53.0
-56.0
-5.0
-22.0
-7.8799999999999955
-51.0
-41.0
-5.0
-22.0
-13.0
-39.33500000000001
-9.0
-55.0
-18.0
-61.0
-28.0
-8.0
-20.0
-35.0
-11.0
-19.0
-7.0
-19.0
-37.0
-38.08000000000004
-27.0
-38.0
-28.0
-10.0
-65.0
-123.0
-35.0
-13.0
-9.0
-35.33500000000001
-0.5
-3.0
-8.0
-5.0
-18.0
-35.0
-33.0
-16.0
-4.1200000000000045
-31.0
-36.0
-1.0
-7.0
-10.120000000000005
-11.0
-14.0
-42.0
-1.0
-73.0
-28.0
-30.0
-13.0
-10.0
-34.81
-28.0
-28.0
-4.0
-0.0
-4.0
-36.0
-31.0
-20.0
-31.0
-19.0
-38.0
-36.0
-24.0
-16.0
-2.1200000000000045
-31.0
-18.0
-3.0
-132.0
-41.0
-9.800000000000011
-39.0
-13.0
-33.875
-10.0
-575.0
-21.0
-7.0
-26.0
-5.0
-24.0
-8.0
-58.0
-10.0
-37.0
-51.0
-11.0
-4.0
-68.0
-3.0
-35.0
-0.0
-33.0
-152.0
-67.12
-45.0
-26.0
-8.060000000000002
-3.0
-16.0
-7.0
-23.0
-19.0
-19.0
-1.0
-24.0
-62.0
-90.0
-27.0
-72.0
-34.0
-86.0
-75.0
-81.0
-84.12
-56.0
-24.0
-12.0
-17.0
-26.0
-39.0
-24.409999999999997
-21.0
-12.0
-22.0
-6.0
-15.0
-8.0
-43.0
-17.0
-14.0
-52.0
-34.0
-7.0
-9.0
-13.0
-14.0
-9.0
-19.0
-35.0
-5.0
-3.0
-6.0
-52.0
-7.0
-30.590000000000003
-18.0
-2.0
-17.0
-29.0
-9.0
-0.0
-54.0
-130.0
-105.0
-12.0
-19.0
-38.0
-31.0
-72.0
-20.0
-7.0
-24.0
-32.120000000000005
-57.0
-48.0
-116.0
-17.0
-5.0
-34.91
-3.0
-11.0
-10.0
-19.0
-30.0
-38.0
-17.0
-133.0
-61.0
-54.0
-29.120000000000005
-67.0
-41.120000000000005
-54.0
-55.0
-48.0
-22.0
-114.0
-147.0
-8.0
-104.0
-54.0
-6.0
-37.43000000000001
-13.0
-8.0
-12.0
-16.0
-3.0
-20.0
-4.0
-15.0
-45.0
-7.0
-61.0
-59.0
-8.0
-7.0
-40.0
-22.0
-5.0
-9.0
-82.0
-101.0
-19.0
-8.0
-23.0
-0.05000000000001137
-11.0
-3.0
-9.0
-9.0
-17.0
-18.0
-42.0
-151.0
-1.0
-16.120000000000005
-55.0
-27.0
-38.0
-3.0
-25.0
-11.0
-25.0
-11.120000000000005
-4.0
-49.0
-1.0
-18.0
-76.0
-28.919999999999987
-4.0
-23.0
-59.0
-38.0
-40.0
-30.0
-22.0
-3.0
-3.0
-575.12
-31.0
-29.0
-37.0
-15.0
-18.0
-28.0
-57.0
-316.0
-29.0
-12.0
-7.0
-6.0
-20.0
-40.41
-13.0
-1.0
-16.0
-4.0
-43.0
-2.0
-8.0
-141.0
-12.0
-26.0
-53.0
-4.0
-12.0
-16.0
-18.0
-1.0
-17.120000000000005
-31.0
-16.0
-34.0
-28.0
-9.0
-1.0
-40.59
-26.0
-3.0
-38.5
-8.5
-28.0
-4.5
-26.0
-4.0
-28.939999999999998
-50.360000000000014
-62.80000000000001
-94.48000000000002
-60.48000000000002
-17.480000000000018
-36.48000000000002
-46.48000000000002
-32.48000000000002
-48.0
-13.0
-52.0
-16.0
-31.0
-50.0
-7.409999999999997
-15.0
-3.0
-13.0
-8.0
-12.0
-14.0
-8.0
-128.0
-17.0
-27.0
-9.0
-18.0
-17.91999999999996
-53.0
-1.0
-8.0
-32.0
-15.0
-72.0
-34.0
-72.0
-26.0
-18.0
-50.41
-6.0
-1.0
-24.0
-35.0
-15.0
-22.0
-8.0
-13.0
-9.0
-52.0
-2.080000000000041
-17.0
-10.0
-1.0
-83.0
-24.0
-20.0
-13.0
-99.12
-48.0
-42.0
-16.0
-9.0
-50.41
-11.0
-11.0
-3.0
-16.0
-9.0
-38.0
-3.0
-20.0
-19.0
-10.0
-77.0
-18.0
-3.0
-26.0
-13.0
-15.0
-2.0
-6.0
-88.20000000000005
-35.0
-36.0
-20.0
-15.0
-40.41
-46.0
-15.0
-17.0
-16.0
-23.0
-9.0
-3.0
-6.0
-0.0
-36.0
-14.0
-32.0
-6.0
-48.0
-0.0
-53.0
-22.0
-48.0
-50.0
-78.0
-54.0
-20.0
-41.0
-25.590000000000003
-43.0
-38.0
-11.0
-61.0
-29.0
-49.0
-21.0
-12.0
-10.0
-48.120000000000005
-54.120000000000005
-6.0
-77.0
-42.0
-8.0
-26.0
-24.0
-77.0
-36.0
-5.0
-49.0
-18.0
-3.0
-9.409999999999997
-30.0
-27.0
-13.0
-10.0
-25.0
-6.0
-29.0
-158.0
-1.8799999999999955
-12.0
-13.0
-34.0
-314.48
-11.759999999999991
-17.0
-18.0
-6.0
-8.0
-5.0
-30.0
-61.0
-11.0
-1.0
-7.590000000000003
-32.0
-32.0
-33.0
-12.0
-31.0
-10.0
-27.0
-11.0
-27.0
-50.0
-1.0
-17.0
-9.0
-13.960000000000008
-25.04000000000002
-13.0
-13.0
-4.0
-2.0
-15.0
-35.0
-49.0
-26.0
-4.590000000000003
-4.0
-13.0
-16.0
-8.0
-20.0
-1.0
-24.0
-178.0
-31.0
-52.0
-31.0
-12.0
-28.0
-39.0
-22.0
-41.120000000000005
-40.0
-252.0
-40.0
-8.0
-60.0
-69.0
-2.0
-25.590000000000003
-1.0
-24.0
-3.0
-25.0
-16.0
-12.0
-24.0
-27.0
-37.0
-16.0
-21.0
-37.0
-6.1200000000000045
-34.0
-8.0
-2.0
-3.0
-22.0
-66.12
-55.0
-91.0
-14.0
-26.0
-9.409999999999997
-16.0
-22.0
-11.0
-39.0
-14.0
-3.0
-0.0
-13.0
-22.0
-1.0
-11.0
-15.0
-9.039999999999964
-37.039999999999964
-29.0
-1.0
-35.0
-12.0
-6.0
-24.0
-72.0
-14.0
-33.0
-0.5900000000000034
-13.0
-12.0
-5.0
-4.0
-9.0
-11.0
-14.0
-17.0
-5.0
-25.0
-30.0
-22.0
-16.0
-36.120000000000005
-32.0
-0.0
-14.879999999999995
-18.0
-21.879999999999995
-33.0
-45.0
-0.0
-16.0
-0.5900000000000034
-7.0
-31.0
-37.0
-21.0
-16.0
-17.0
-15.0
-64.0
-73.0
-9.0
-37.0
-44.0
-12.0
-2.0
-9.0
-133.91999999999996
-42.879999999999995
-77.0
-10.0
-75.88
-8.0
-60.0
-6.0
-39.41
-20.0
-8.0
-19.0
-7.0
-1.0
-5.0
-15.0
-44.0
-15.0
-23.0
-6.0
-11.0
-22.0
-6.0
-72.0
-49.0
-6.0
-8.0
-9.0
-6.0
-2.0
-11.0
-30.0
-30.590000000000003
-5.0
-31.0
-18.0
-2.0
-15.0
-15.0
-20.0
-10.0
-22.0
-32.0
-41.0
-337.0
-48.0
-45.0
-47.0
-16.0
-3.0
-12.0
-11.5
-14.0
-16.0
-24.0
-16.0
-4.590000000000003
-27.0
-4.0
-12.0
-13.0
-18.0
-2.0
-20.0
-16.0
-36.0
-5.0
-27.0
-43.03999999999999
-16.0
-20.0
-35.0
-48.0
-16.0
-18.0
-11.5
-11.0
-12.0
-15.0
-29.0
-7.590000000000003
-33.0
-13.0
-6.0
-49.0
-10.0
-18.0
-1.0
-5.0
-68.0
-48.0
-32.0
-19.0
-27.0
-3.844999999999999
-21.0
-29.0
-5.0
-1.0
-1.0
-8.0
-14.0
-3.0
-17.0
-41.0
-595.0
-659.0
-10.0
-22.0
-70.0
-23.0
-176.0
-46.0
-161.0
-1.0
-27.0
-6.0
-10.0
-28.155
-10.0
-10.0
-6.0
-8.5
-4.0
-6.0
-4.0
-7.0
-43.0
-10.0
-53.0
-44.0
-51.0
-27.0
-57.0
-61.0
-26.0
-15.0
-102.0
-52.0
-15.0
-26.0
-12.0
-7.844999999999999
-9.0
-1.0
-4.0
-10.0
-16.0
-16.0
-20.0
-113.0
-49.0
-92.0
-35.0
-18.0
-35.0
-2.0
-38.0
-2.0
-15.0
-11.0
-82.0
-91.0
-111.0
-18.0
-13.0
-22.129999999999995
-22.0
-2.0
-32.0
-10.0
-6.0
-27.0
-8.0
-3.0
-14.0
-35.0
-39.0
-56.0
-4.0
-58.0
-66.0
-60.0
-71.0
-53.0
-3.0
-36.0
-16.0
-25.0
-12.0
-40.129999999999995
-17.0
-18.0
-24.0
-8.0
-6.0
-0.0
-15.0
-105.0
-93.0
-38.0
-112.0
-122.0
-16.0
-6.0
-4.0
-11.0
-45.0
-30.0
-6.0
-17.0
-88.0
-72.0
-733.0
-13.844999999999999
-3.0
-15.0
-28.52000000000001
-53.5
-40.5
-55.5
-69.0
-3.0
-47.67999999999995
-14.67999999999995
-71.32000000000005
-61.0
-20.0
-50.0
-39.0
-20.0
-47.0
-56.0
-48.0
-4.0
-66.0
-47.0
-38.0
-3.844999999999999
-18.0
-8.0
-17.0
-11.0
-1.0
-27.0
-19.0
-15.0
-96.0
-2.0
-10.0
-18.0
-29.0
-16.0
-68.0
-5.0
-35.0
-11.0
-40.0
-57.0
-22.0
-22.0
-19.0
-36.139999999999986
-12.5
-1.0
-8.5
-68.68
-47.59
-34.620000000000005
-85.51999999999998
-184.16000000000003
-4.639999999999986
-42.639999999999986
-45.48000000000002
-35.51999999999998
-103.36000000000001
-55.84000000000003
-44.84000000000003
-68.84000000000003
-54.84000000000003
-2.240000000000009
-15.240000000000009
-36.39999999999998
-52.39999999999998
-40.39999999999998
-66.75999999999999
-9.60499999999999
-6.0
-15.0
-4.5
-61.84000000000003
-16.590000000000003
-31.620000000000005
-50.19999999999999
-78.42000000000002
-338.0
-420.52
-58.75999999999999
-33.74000000000001
-299.0
-363.0
-231.0
-144.0
-106.0
-133.0
-134.0
-35.0
-3.0
-56.0
-42.379999999999995
-13.39500000000001
-166.51999999999998
-18.47999999999999
-13.819999999999993
-85.0
-1.0
-26.0
-29.0
-60.0
-42.0
-46.0
-31.0
-22.0
-21.0
-22.0
-9.0
-15.0
-14.0
-25.0
-1.0
-8.0
-2.0
-18.0
-71.0
-47.129999999999995
-57.30000000000001
-330.24
-43.639999999999986
-6.0
-5.0
-13.0
-39.639999999999986
-40.0
-27.5
-15.0
-14.5
-58.5
-38.0
-48.0
-14.5
-22.5
-17.0
-20.5
-21.5
-8.0
-2.0
-2.0
-3.5
-25.129999999999995
-7.0
-9.0
-14.0
-55.84000000000003
-26.590000000000003
-39.24000000000001
-10.009999999999991
-67.0
-35.0
-2.0
-31.0
-79.0
-20.0
-30.0
-482.0
-462.5
-227.0
-76.0
-49.0
-50.0
-11.0
-69.0
-36.0
-37.39500000000001
-21.090000000000003
-13.0
-38.099999999999994
-111.0
-41.59
-59.0
-6.990000000000009
-86.60000000000002
-383.0
-121.0
-216.0
-131.0
-513.0
-570.0899999999998
-77.0
-28.0
-241.0
-189.0
-15.0
-39.0
-49.0
-39.0
-5.0
-3.6049999999999898
-86.18
-8.180000000000007
-48.19999999999999
-50.18000000000001
-82.18
-77.18
-1.8199999999999932
-179.8
-256.17999999999995
-62.82000000000005
-6.17999999999995
-239.82000000000005
-98.79999999999995
-70.82000000000005
-79.82000000000005
-195.82000000000005
-170.82
-107.19999999999999
-273.17999999999995
-134.82
-197.0
-113.0
-19.0
-8.60499999999999
-85.30000000000001
-43.0
-51.0
-41.0
-18.0
-13.0
-12.0
-28.0
-89.0
-10.0
-51.0
-1.0
-71.0
-4.0
-3.0
-28.0
-14.0
-50.0
-22.0
-39.0
-56.0
-3.0
-10.0
-23.159999999999997
-13.919999999999987
-7.0
-21.0
-0.0
-7.0
-17.0
-6.0
-33.0
-13.0
-18.0
-34.0
-58.0
-84.0
-2.0
-30.0
-5.0
-39.0
-16.0
-1.0
-5.0
-17.0
-11.0
-13.0
-33.61500000000001
-15.919999999999987
-15.0
-20.0
-10.0
-10.0
-27.0
-28.0
-21.0
-23.0
-2.0
-10.0
-23.0
-2.0
-5.0
-16.0
-35.0
-7.0
-27.0
-15.0
-4.0
-1.0
-7.0
-4.0
-20.069999999999993
-11.0
-19.0
-22.0
-7.0
-6.0
-22.0
-5.0
-98.0
-108.0
-66.0
-24.0
-8.0
-78.0
-39.0
-44.0
-35.0
-25.0
-31.0
-16.0
-26.0
-29.0
-44.0
-15.0
-29.930000000000007
-17.0
-16.0
-26.0
-70.0
-0.0
-11.0
-64.0
-42.0
-48.0
-17.0
-43.0
-249.0
-752.0
-174.0
-75.0
-94.0
-22.0
-59.0
-20.0
-215.0
-158.0
-8.5
-198.0
-29.590000000000003
-22.0
-0.0
-208.0
-250.0
-23.5
-36.0
-68.0
-10.0
-30.0
-97.0
-10.0
-61.0
-74.0
-498.0
-187.0
-153.0
-472.0
-149.0
-195.0
-3.0
-19.0
-24.0
-23.0
-50.59
-17.0
-19.0
-58.0
-11.0
-2.0
-11.0
-10.0
-53.0
-121.0
-115.0
-307.0
-198.0
-80.0
-32.0
-16.0
-12.0
-8.0
-9.0
-176.0
-26.0
-66.0
-50.0
-30.0
-2.4099999999999966
-24.0
-5.0
-19.0
-2.0
-4.0
-12.0
-0.0
-41.0
-2.0
-13.0
-149.0
-28.0
-37.0
-11.0
-37.0
-7.0
-19.0
-56.0
-335.0
-35.0
-56.0
-14.0
-19.0
-29.590000000000003
-14.0
-25.0
-28.0
-2.0
-2.0
-24.0
-9.0
-252.0
-151.0
-13.0
-11.0
-22.0
-12.0
-2.0
-22.0
-16.0
-38.0
-14.0
-63.0
-85.0
-6.0
-33.0
-21.0
-2.4099999999999966
-13.0
-17.0
-19.0
-16.0
-25.0
-2.0
-23.0
-1.0
-27.0
-53.0
-12.0
-21.0
-22.0
-77.0
-47.0
-41.0
-36.0
-11.0
-4.0
-3.0
-19.0
-5.0
-14.5
-31.579999999999956
-24.0
-31.0
-10.0
-45.5
-1.0
-1.0
-33.0
-3.0
-21.0
-40.0
-28.0
-56.0
-11.0
-35.0
-39.0
-56.0
-38.0
-12.0
-1.0
-39.0
-1.0
-30.0
-16.0
-22.090000000000003
-32.0
-27.0
-16.0
-45.0
-3.0
-46.0
-2.0
-73.0
-39.0
-13.0
-68.0
-12.0
-72.0
-29.0
-58.0
-60.0
-70.0
-76.0
-20.0
-28.0
-56.0
-37.0
-11.0
-238.59
-36.0
-7.0
-16.0
-13.0
-10.0
-39.0
-30.0
-93.0
-183.0
-27.0
-26.0
-11.0
-19.0
-11.0
-19.0
-34.0
-9.0
-70.0
-42.0
-55.0
-95.0
-7.0
-10.0
-33.59
-44.0
-16.0
-0.0
-18.0
-23.0
-25.0
-27.0
-90.0
-165.0
-20.0
-82.0
-23.0
-80.0
-33.0
-63.0
-25.0
-41.0
-54.0
-32.0
-16.0
-68.0
-5.0
-32.0
-19.590000000000003
-33.0
-52.0
-2.0
-40.0
-6.0
-3.0
-36.0
-113.0
-228.0
-7.0
-54.0
-54.0
-14.0
-17.0
-48.0
-19.0
-3.0
-112.0
-11.0
-10.0
-45.0
-9.0
-30.0
-19.590000000000003
-39.0
-6.0
-39.0
-14.0
-6.0
-33.5
-13.0
-26.0
-134.0
-65.0
-16.0
-20.0
-12.0
-68.0
-124.0
-92.0
-212.0
-180.0
-33.0
-32.0
-18.0
-30.0
-47.0
-47.110000000000014
-10.0
-14.0
-0.0
-14.5
-51.0
-42.0
-39.0
-34.0
-59.0
-43.0
-30.0
-20.0
-39.44
-29.439999999999998
-26.0
-18.0
-43.0
-26.0
-30.0
-65.0
-1.0
-7.0
-32.0
-15.129999999999995
-25.0
-28.0
-7.0
-21.0
-29.0
-14.0
-31.5
-25.0
-13.0
-28.0
-20.0
-10.0
-33.0
-44.0
-11.0
-21.0
-21.0
-5.0
-27.0
-3.0
-1.0
-34.0
-35.0
-1.1599999999999966
-22.960000000000008
-22.960000000000008
-17.0
-32.0
-19.0
-33.0
-70.0
-32.0
-12.0
-6.0
-5.0
-55.0
-22.0
-19.0
-28.0
-13.0
-37.0
-59.0
-55.0
-25.0
-53.0
-28.0
-24.0
-5.1200000000000045
-28.0
-61.0
-53.0
-15.0
-26.0
-66.0
-68.0
-61.0
-67.0
-8.0
-16.0
-9.0
-1.0
-12.0
-37.0
-16.5
-5.0
-19.0
-16.0
-8.0
-11.0
-16.0
-24.0
-22.139999999999986
-242.0
-28.0
-2.0
-27.0
-20.0
-42.5
-37.0
-60.0
-49.91999999999999
-12.080000000000013
-32.0
-52.0
-20.0
-3.0
-22.0
-12.0
-1.0
-21.0
-20.0
-1.0
-38.0
-12.0
-9.0
-20.099999999999994
-3.0
-23.0
-13.0
-19.0
-12.0
-31.0
-31.0
-49.0
-24.0
-1.0
-21.0
-55.0
-32.0
-21.0
-22.0
-19.0
-1.0
-24.0
-0.0
-23.0
-42.0
-26.0
-52.0
-17.180000000000007
-16.5
-44.0
-11.0
-27.0
-36.0
-54.0
-24.5
-41.0
-21.0
-28.0
-18.0
-81.0
-39.0
-21.0
-9.0
-17.0
-52.0
-15.0
-2.5
-12.919999999999987
-0.0
-20.0
-32.0
-21.129999999999995
-26.0
-25.0
-19.0
-20.0
-28.0
-40.0
-13.0
-47.5
-214.56
-135.0
-41.0
-15.0
-65.0
-131.0
-73.0
-84.0
-70.0
-63.0
-97.0
-362.0
-51.0
-39.0
-19.0
-25.110000000000014
-4.0
-18.0
-6.0
-12.0
-5.0
-3.0
-1.0
-47.0
-249.0
-244.0
-79.0
-105.0
-78.0
-113.0
-125.0
-101.0
-82.0
-129.0
-115.0
-37.0
-32.0
-63.0
-5.0
-47.110000000000014
-13.0
-4.0
-12.0
-4.0
-1.0
-18.960000000000008
-2.0
-71.0
-243.0
-29.799999999999955
-84.60000000000002
-36.60000000000002
-134.60000000000002
-42.60000000000002
-114.60000000000002
-54.799999999999955
-73.79999999999995
-17.799999999999955
-52.80000000000001
-118.19999999999999
-377.8
-40.68000000000001
-10.0
-47.110000000000014
-2.5
-23.47999999999999
-7.5
-18.0
-9.0
-3.0
-5.0
-59.0
-250.0
-44.0
-31.0
-22.0
-110.0
-44.0
-43.0
-48.0
-78.0
-12.0
-78.0
-91.0
-67.0
-49.0
-19.0
-47.110000000000014
-8.0
-16.0
-20.0
-19.0
-11.0
-14.0
-29.0
-26.0
-66.0
-81.88
-194.0
-81.0
-46.0
-42.0
-79.0
-13.0
-50.0
-31.0
-63.86500000000001
-3.0
-17.0
-21.0
-21.0
-10.0
-34.0
-79.0
-11.0
-8.0
-32.0
-12.0
-16.0
-47.0
-43.0
-4.0
-14.0
-1.0
-8.0
-15.0
-2.0
-19.0
-38.0
-11.0
-22.085000000000008
-3.0
-28.0
-11.0
-10.0
-9.0
-18.0
-26.0
-11.0
-32.0
-6.0
-19.0
-2.0
-6.0
-10.0
-34.0
-3.0
-21.0
-1.0
-5.0
-24.0
-10.0
-43.0
-44.0
-15.914999999999992
-30.0
-14.0
-27.0
-27.0
-26.0
-1.0
-12.0
-30.0
-11.0
-20.0
-29.0
-47.0
-18.0
-47.0
-3.0
-16.0
-16.0
-26.0
-35.0
-10.0
-38.0
-17.0
-8.0
-6.085000000000008
-18.5
-17.0
-6.0
-27.0
-18.0
-9.0
-2.0
-27.0
-29.0
-16.0
-5.0
-52.0
-29.0
-3.0
-18.0
-31.0
-16.0
-14.0
-42.0
-50.0
-9.0
-14.0
-12.0
-20.914999999999992
-32.0
-16.0
-28.0
-23.0
-22.0
-3.5200000000000102
-16.5
-13.0
-13.0
-66.0
-10.0
-35.0
-47.0
-21.0
-36.0
-39.0
-41.0
-36.0
-22.0
-52.0
-26.0
-31.0
-32.0
-2.914999999999992
-9.0
-39.0
-18.0
-18.0
-24.0
-12.0
-10.0
-7.0
-27.0
-9.0
-2.0
-17.0
-40.0
-10.0
-30.0
-52.0
-19.0
-19.0
-35.0
-17.0
-9.0
-3.0
-29.0
-20.914999999999992
-17.0
-23.0
-29.0
-25.0
-16.0
-19.0
-0.0
-18.0
-2.0
-1.0
-19.0
-71.0
-28.0
-8.0
-4.0
-28.0
-31.0
-15.0
-24.0
-18.0
-31.5
-21.0
-17.0
-6.050000000000011
-10.0
-14.0
-50.0
-2.0
-12.0
-31.0
-7.0
-140.0
-1.0
-12.0
-23.0
-25.0
-62.0
-8.0
-43.0
-33.0
-119.0
-17.200000000000045
-53.0
-63.0
-109.0
-29.0
-39.0
-41.86500000000001
-15.0
-14.0
-4.0
-4.0
-33.0
-72.0
-11.0
-66.0
-78.0
-178.0
-24.08000000000004
-54.0
-1.0
-33.0
-49.0
-63.0
-31.0
-13.0
-11.0
-14.0
-0.0
-6.0
-9.0
-3.134999999999991
-34.0
-30.0
-11.0
-30.0
-26.0
-38.0
-23.0
-26.0
-33.0
-0.0
-20.0
-47.879999999999995
-48.0
-10.919999999999959
-8.0
-23.0
-15.0
-42.0
-14.0
-86.0
-23.0
-28.0
-83.0
-27.86500000000001
-3.0
-11.0
-7.0
-6.0
-7.0
-12.0
-9.0
-33.0
-23.0
-2.0
-4.0
-25.0
-37.0
-0.0
-7.0
-30.0
-45.0
-42.0
-61.0
-29.0
-38.0
-29.0
-11.0
-36.5
-34.0
-13.0
-34.0
-23.0
-5.0
-1.0
-1.0
-127.0
-40.0
-10.0
-10.0
-35.0
-3.0
-54.0
-16.0
-18.879999999999995
-10.0
-41.0
-88.0
-28.0
-105.0
-16.0
-14.0
-8.865000000000009
-24.0
-21.0
-11.0
-5.0
-26.0
-15.5
-8.0
-29.0
-32.0
-7.0
-33.0
-19.0
-47.0
-14.0
-31.0
-33.0
-56.0
-10.0
-9.0
-27.0
-3.0
-13.0
-26.0
-20.86500000000001
-26.0
-35.0
-25.0
-22.0
-26.0
-14.0
-5.0
-45.0
-41.0
-39.120000000000005
-4.0
-12.0
-33.0
-14.0
-4.0
-5.0
-29.0
-12.0
-24.0
-3.8799999999999955
-29.0
-4.0
-44.0
-30.870000000000005
-25.0
-14.0
-16.0
-12.0
-3.0
-9.0
-1.0
-26.0
-53.0
-19.0
-9.0
-57.0
-40.0
-28.0
-12.0
-31.0
-12.0
-32.120000000000005
-44.0
-33.0
-3.0
-17.0
-53.0
-24.894999999999982
-10.0
-20.0
-6.0
-2.0
-1.0
-0.0
-2.0
-23.0
-40.0
-42.0
-32.0
-52.0
-29.0
-45.0
-24.0
-66.0
-86.0
-33.0
-0.0
-2.0
-39.0
-49.120000000000005
-30.0
-45.89499999999998
-21.0
-18.0
-22.0
-11.0
-6.0
-16.0
-11.0
-27.0
-25.0
-48.0
-9.0
-18.0
-25.0
-4.0
-132.0
-114.0
-47.0
-83.0
-22.0
-36.0
-15.0
-38.0
-1.0
-10.5
-20.0
-38.0
-16.0
-53.0
-3.0
-15.0
-5.0
-8.0
-12.0
-59.0
-61.0
-5.0
-16.0
-550.0
-10.0
-57.0
-32.0
-7.0
-24.0
-14.0
-5.0
-81.0
-86.0
-42.5
-70.0
-55.0
-65.0
-60.0
-79.0
-0.0
-26.0
-158.0
-41.0
-25.0
-32.0
-50.0
-21.879999999999995
-2.0
-13.0
-17.0
-32.0
-12.0
-12.0
-32.0
-42.0
-67.0
-43.0
-0.8949999999999818
-2.0
-9.0
-13.0
-0.5
-22.0
-11.0
-27.0
-151.0
-13.0
-125.0
-20.0
-41.0
-14.0
-24.0
-43.0
-1.0
-11.919999999999959
-36.0
-4.0
-10.0
-29.0
-40.0
-43.0
-20.919999999999987
-11.0
-1.0
-11.0
-17.0
-5.0
-19.0
-84.0
-10.0
-50.0
-15.0
-23.0
-43.08000000000004
-17.0
-35.0
-1.0
-7.0
-6.0
-11.0
-13.0
-72.0
-33.0
-15.0
-11.0
-4.60499999999999
-37.0
-28.0
-14.0
-1.0
-6.0
-13.0
-17.0
-10.0
-52.0
-12.0
-12.0
-33.0
-14.0
-32.0
-74.0
-4.0
-15.0
-21.0
-29.0
-45.0
-28.0
-26.0
-20.0
-7.1299999999999955
-7.0
-8.0
-14.0
-14.0
-3.0
-21.0
-17.0
-35.0
-21.0
-7.0
-9.0
-10.0
-15.879999999999995
-11.0
-14.0
-25.0
-25.0
-38.0
-20.0
-26.0
-49.0
-49.0
-4.0
-25.86500000000001
-14.0
-33.0
-4.0
-3.0
-8.0
-1.0
-7.0
-17.0
-47.0
-14.0
-21.0
-55.0
-6.0
-16.0
-6.0
-18.0
-28.0
-2.0
-86.0
-34.0
-48.0
-13.0
-27.0
-25.5
-35.0
-4.0
-30.120000000000005
-0.0
-16.0
-0.5
-7.5
-2.0
-19.0
-63.0
-57.0
-4.259999999999991
-3.5
-2.5
-50.0
-12.0
-12.0
-4.0
-25.0
-0.0
-42.0
-11.0
-7.0
-21.5
-22.0
-1.0
-4.0
-24.0
-18.0
-18.0
-31.0
-122.0
-28.0
-95.0
-26.0
-45.0
-7.0
-26.0
-8.0
-4.0
-19.0
-7.1200000000000045
-65.0
-27.0
-204.12
-8.0
-19.0
-5.134999999999991
-27.5
-23.0
-9.0
-8.0
-8.0
-6.0
-13.0
-9.0
-1.0
-39.0
-13.0
-60.0
-19.0
-6.0
-37.0
-50.0
-39.0
-30.0
-54.0
-32.0
-97.0
-25.0
-122.0
-105.13999999999999
-24.0
-6.0
-15.0
-3.0
-30.0
-21.0
-42.0
-114.12
-3.0
-21.0
-14.0
-35.0
-39.0
-33.0
-13.0
-9.0
-5.0
-18.0
-51.120000000000005
-31.0
-118.0
-8.0
-1.0
-3.0500000000000114
-15.0
-21.0
-12.0
-21.0
-31.0
-17.0
-37.0
-4.639999999999986
-15.480000000000018
-19.0
-11.0
-28.32000000000005
-30.67999999999995
-16.32000000000005
-3.0
-7.0
-32.0
-1.0
-37.0
-10.0
-67.0
-4.0
-7.1200000000000045
-7.884999999999991
-51.51999999999998
-1.0
-9.0
-15.0
-16.0
-4.0
-19.0
-31.0
-46.0
-3.080000000000041
-1.0
-71.89999999999998
-13.0
-26.0
-41.120000000000005
-12.0
-9.0
-21.0
-21.0
-36.0
-24.0
-81.0
-31.0
-41.88499999999999
-7.0
-5.0
-17.0
-2.0
-10.0
-4.0
-19.0
-92.0
-190.0
-70.0
-46.0
-29.480000000000018
-6.5
-1.0
-0.0
-16.0
-18.0
-23.0
-18.5
-0.0
-5.0
-6.5
-3.0
-6.5
-17.0
-0.5
-8.5
-1.0
-10.5
-1.5
-0.5
-12.0
-18.0
-61.0
-54.0
-6.259999999999991
-10.5
-0.5
-10.0
-38.0
-43.5
-11.0
-6.5
-8.5
-23.5
-7.5
-27.0
-36.5
-9.0
-7.0
-16.0
-20.0
-20.0
-8.0
-28.0
-122.0
-34.0
-12.0
-4.0
-57.0
-58.0
-21.0
-21.879999999999995
-21.0
-26.0
-2.0
-14.0
-68.0
-76.0
-11.0
-21.0
-7.884999999999991
-0.0
-21.0
-6.0
-16.0
-9.0
-24.0
-31.0
-42.0
-45.0
-2.0
-14.0
-8.0
-51.0
-19.0
-21.0
-33.0
-30.879999999999995
-10.0
-76.0
-64.0
-26.0
-8.0
-11.0
-10.884999999999991
-8.0
-47.0
-3.0
-13.0
-14.0
-2.0
-10.0
-5.0
-19.0
-18.0
-35.0
-9.0
-25.0
-8.0
-67.0
-35.0
-11.0
-27.08000000000004
-42.51999999999998
-81.51999999999998
-81.0
-0.0
-22.0
-23.819999999999993
-17.0
-4.0
-21.0
-0.0
-37.0
-1.0
-28.0
-8.0
-12.0
-16.0
-37.0
-12.0
-33.0
-23.0
-4.0
-7.0
-6.8799999999999955
-26.0
-188.0
-114.0
-105.0
-25.0
-34.0
-731.6800000000001
-10.0
-3.0
-12.0
-15.0
-21.0
-8.0
-26.0
-17.0
-13.0
-45.0
-12.0
-38.0
-41.0
-20.0
-18.0
-31.0
-19.0
-8.0
-273.0
-16.0
-39.0
-15.0
-33.0
-68.32
-11.0
-6.0
-4.0
-10.0
-19.0
-18.0
-8.0
-37.0
-0.0
-18.0
-4.0
-23.0
-14.0
-43.0
-50.0
-89.0
-71.0
-10.0
-28.0
-5.0
-20.0
-19.0
-7.0
-8.5
-1.0
-36.5
-28.5
-4.0
-1.0
-17.0
-1.0
-9.0
-51.0
-86.0
-67.0
-129.0
-21.0
-116.0
-86.0
-72.0
-60.0
-38.0
-11.0
-36.0
-34.0
-8.0
-16.0
-24.5
-33.0
-9.0
-14.0
-27.0
-15.0
-8.0
-18.0
-99.0
-199.12
-33.0
-31.0
-5.0
-36.0
-53.0
-26.0
-1.0
-13.919999999999959
-10.0
-95.0
-35.0
-69.0
-79.0
-16.0
-13.180000000000007
-9.0
-2.0
-4.0
-4.0
-14.0
-4.0
-17.0
-8.0
-47.0
-38.0
-7.0
-24.0
-30.0
-50.0
-66.0
-37.0
-35.0
-6.0
-60.0
-16.0
-8.0
-46.0
-14.0
-10.680000000000007
-6.0
-21.0
-21.0
-19.0
-13.0
-9.0
-6.0
-23.0
-162.0
-55.0
-2.0
-19.0
-37.0
-46.879999999999995
-30.0
-30.879999999999995
-51.0
-8.0
-46.0
-29.0
-7.0
-47.0
-12.0
-1.0
-13.449999999999989
-24.0
-31.0
-23.0
-58.0
-21.0
-8.0
-7.0
-88.0
-15.0
-43.0
-45.0
-12.0
-27.0
-15.0
-34.0
-45.0
-10.0
-35.0
-10.0
-14.0
-15.0
-26.0
-21.0
-35.07499999999999
-4.0
-145.0
-18.0
-7.0
-5.0
-11.0
-0.0
-27.0
-8.0
-6.0
-40.0
-1.0
-37.0
-33.0
-11.0
-21.0
-18.0
-9.0
-31.0
-3.0
-1.0
-20.0
-17.0
-25.07499999999999
-45.0
-38.0
-5.0
-21.0
-15.0
-21.0
-25.0
-128.0
-32.0
-70.0
-12.0
-72.0
-52.48000000000002
-22.480000000000018
-69.88
-79.67999999999995
-62.67999999999995
-112.44000000000005
-111.12
-48.0
-34.0
-8.879999999999995
-6.0
-34.44999999999999
-0.0
-3.0
-10.0
-19.0
-1.0
-17.0
-4.0
-54.0
-22.0
-53.200000000000045
-49.200000000000045
-29.200000000000045
-10.200000000000045
-19.799999999999955
-27.75999999999999
-16.75999999999999
-8.759999999999991
-11.240000000000009
-242.0
-0.0
-30.0
-19.0
-28.0
-34.44999999999999
-21.0
-1.0
-6.0
-13.0
-4.0
-31.0
-4.0
-11.0
-230.0
-65.0
-2.0
-68.0
-76.0
-53.0
-27.0
-59.0
-10.120000000000005
-15.0
-63.0
-113.0
-3.0
-2.0
-50.0
-0.5500000000000114
-32.0
-2.0
-24.0
-19.0
-3.0
-25.0
-7.0
-46.0
-1.4800000000000182
-36.48000000000002
-15.0
-6.0
-71.0
-19.91999999999996
-27.0
-136.0
-37.0
-9.480000000000018
-45.51999999999998
-47.0
-5.0
-22.0
-32.0
-34.44999999999999
-6.0
-8.0
-0.0
-22.0
-47.0
-1.0
-47.0
-1.0
-43.0
-36.0
-31.0
-25.0
-24.0
-18.0
-16.0
-16.0
-14.0
-9.0
-8.0
-21.0
-28.0
-50.0
-8.0
-3.030000000000001
-6.0
-9.0
-6.0
-8.0
-7.0
-44.0
-37.0
-24.0
-11.0
-23.0
-4.0
-8.0
-5.0
-12.0
-14.0
-4.0
-4.0
-5.0
-28.0
-27.0
-19.0
-26.0
-22.0
-13.454999999999956
-15.0
-20.0
-11.0
-11.0
-3.0
-42.0
-7.0
-32.0
-28.0
-23.0
-12.0
-55.0
-30.0
-10.0
-2.0
-10.0
-27.0
-9.0
-41.0
-10.5
-14.0
-4.0
-22.0
-24.060000000000002
-17.0
-16.0
-24.0
-17.0
-1.0
-3.0
-12.0
-114.0
-27.0
-242.0
-20.0
-8.0
-72.0
-2.0
-9.0
-0.20000000000004547
-16.0
-248.0
-46.0
-10.0
-82.0
-13.079999999999984
-2.0
-13.449999999999989
-8.0
-2.0
-61.0
-39.0
-53.0
-17.0
-8.0
-23.0
-6.0
-3.0
-7.1200000000000045
-6.0
-45.0
-3.0
-31.0
-33.0
-5.0
-14.0
-46.0
-4.8799999999999955
-6.0
-20.0
-19.0
-13.449999999999989
-16.0
-2.0
-0.0
-10.0
-14.0
-20.0
-12.0
-26.0
-41.0
-7.0
-3.1200000000000045
-15.0
-40.0
-62.0
-29.0
-7.0
-33.0
-30.0
-112.0
-20.0
-21.0
-18.0
-35.0
-0.5500000000000114
-5.0
-4.0
-7.0
-2.0
-14.0
-21.0
-10.0
-31.0
-24.0
-16.0
-30.0
-95.0
-26.0
-60.0
-11.879999999999995
-2.0
-35.0
-3.0
-72.0
-15.0
-20.120000000000005
-65.0
-24.0
-25.980000000000018
-8.0
-10.5
-16.0
-16.5
-38.610000000000014
-53.610000000000014
-1.5
-23.75999999999999
-37.59000000000003
-107.83000000000004
-16.91999999999996
-17.08000000000004
-49.91999999999996
-16.08000000000004
-45.60000000000002
-28.399999999999977
-31.399999999999977
-48.39999999999998
-7.600000000000023
-19.600000000000023
-23.600000000000023
-21.600000000000023
-24.0
-16.420000000000016
-17.0
-9.0
-14.0
-7.0
-3.0
-10.0
-17.0
-150.0
-16.0
-64.0
-42.0
-9.0
-8.0
-19.0
-85.0
-4.0
-32.0
-26.0
-38.0
-7.5
-59.0
-8.0
-46.0
-32.59
-15.0
-24.0
-17.0
-5.0
-460.0
-20.0
-7.0
-17.0
-28.0
-31.0
-16.0
-15.0
-26.0
-11.0
-27.0
-1.0
-22.0
-9.0
-20.0
-19.0
-251.0
-262.0
-7.0
-7.590000000000003
-1.0
-20.0
-6.0
-30.0
-0.0
-9.0
-1.0
-145.0
-3.0
-27.0
-35.0
-43.0
-1.0
-66.0
-39.0
-21.0
-62.0
-3.919999999999959
-88.0
-57.0
-79.0
-17.0
-19.0
-2.420000000000016
-37.0
-9.0
-30.0
-36.0
-3.0
-15.0
-25.0
-13.0
-11.0
-15.0
-8.0
-17.879999999999995
-38.0
-48.0
-6.0
-1.0
-37.0
-28.879999999999995
-122.0
-28.0
-5.0
-39.0
-20.0
-2.420000000000016
-32.0
-471.0
-12.0
-4.0
-12.0
-11.0
-2.0
-31.0
-9.0
-14.0
-24.0
-44.0
-32.0
-45.0
-1.0
-69.0
-10.120000000000005
-23.0
-62.0
-62.0
-8.0
-3.0
-0.0
-14.420000000000016
-14.0
-7.0
-12.0
-5.0
-10.0
-21.0
-24.0
-120.0
-0.0
-9.0
-15.0
-59.0
-362.0
-30.0
-35.0
-67.0
-57.0
-50.0
-92.0
-1.1200000000000045
-61.0
-5.0
-17.0
-2.420000000000016
-29.0
-10.0
-4.0
-22.0
-4.0
-11.0
-6.0
-8.0
-447.0
-118.0
-11.919999999999959
-52.0
-51.0
-35.0
-48.0
-30.0
-25.0
-42.0
-23.0
-59.0
-17.0
-17.0
-29.0
-14.420000000000016
-34.0
-83.0
-14.0
-6.0
-23.0
-20.0
-3.0
-143.0
-46.0
-59.0
-60.0
-58.0
-25.0
-2.0400000000000205
-66.95999999999998
-60.0
-55.0
-30.0
-4.0
-13.0
-85.0
-17.0
-13.0
-23.590000000000003
-6.0
-20.0
-17.0
-13.0
-20.0
-31.0
-18.0
-9.0
-10.0
-46.0
-0.0
-25.0
-11.0
-10.0
-43.51999999999998
-82.51999999999998
-62.0
-29.0
-10.0
-28.0
-6.0
-16.0
-76.0
-8.590000000000003
-17.0
-32.0
-22.0
-9.0
-8.0
-0.0
-19.0
-179.0
-117.0
-55.120000000000005
-16.120000000000005
-23.0
-56.0
-17.0
-25.0
-26.0
-14.0
-1.0
-71.0
-6.0
-23.0
-17.0
-8.0
-4.860000000000014
-9.0
-11.0
-10.0
-12.0
-9.0
-6.0
-16.0
-18.0
-307.0
-19.0
-27.0
-763.0
-20.0
-11.0
-27.0
-36.0
-14.0
-0.0
-13.0
-4.0
-207.0
-33.120000000000005
-12.0
-4.335000000000008
-5.0
-29.0
-25.0
-33.0
-14.0
-21.0
-45.0
-54.0
-279.0
-26.0
-1.0
-15.0
-73.0
-6.0
-3.0
-19.91999999999996
-0.0
-5.0
-62.0
-56.0
-13.0
-25.0
-7.0
-4.335000000000008
-37.0
-16.0
-15.0
-12.0
-3.0
-21.0
-31.0
-46.0
-57.67999999999995
-61.32000000000005
-12.0
-21.0
-24.0
-53.0
-1.0
-697.12
-10.0
-17.0
-75.0
-141.0
-62.0
-38.0
-13.0
-7.664999999999992
-18.0
-20.0
-22.0
-14.0
-0.0
-14.0
-0.0
-3.0
-53.0
-55.879999999999995
-41.0
-45.0
-17.0
-27.0
-64.0
-41.0
-50.0
-68.0
-135.0
-13.0
-72.0
-17.0
-57.0
-34.33500000000001
-5.0
-32.0
-38.0
-9.0
-20.0
-20.0
-8.0
-1.0
-10.0
-29.0
-20.0
-1.0
-334.0
-32.0
-21.0
-16.0
-13.0
-18.0
-122.0
-15.0
-3.0
-13.0
-10.0
-7.590000000000003
-13.0
-8.0
-16.0
-16.0
-540.0
-16.0
-35.0
-13.0
-0.0
-15.0
-65.0
-16.0
-3.0
-6.0
-9.0
-11.0
-23.0
-17.0
-17.0
-4.0
-7.0
-38.0
-27.0
-19.590000000000003
-5.0
-21.0
-2.0
-6.0
-20.0
-19.0
-11.0
-130.0
-21.0
-16.0
-0.0
-48.0
-3.080000000000041
-12.0
-38.0
-33.0
-53.0
-7.8799999999999955
-51.0
-48.0
-72.0
-5.0
-6.0
-7.664999999999992
-12.0
-11.0
-25.0
-19.0
-15.0
-14.0
-20.0
-35.0
-5.0
-95.0
-28.0
-37.0
-57.0
-2.919999999999959
-8.0
-41.0
-28.0
-19.0
-32.0
-78.0
-27.0
-7.0
-10.0
-7.664999999999992
-19.5
-2.0
-9.0
-23.0
-17.0
-41.0
-2.0
-33.0
-1.8799999999999955
-126.0
-15.0
-49.0
-85.0
-42.879999999999995
-0.0
-7.0
-93.0
-10.0
-73.0
-28.0
-47.0
-43.0
-23.0
-3.8100000000000023
-18.0
-15.0
-13.0
-9.0
-13.0
-10.0
-31.0
-20.0
-25.0
-48.0
-38.0
-12.0
-87.0
-13.0
-10.120000000000005
-39.0
-148.0
-1.0
-99.0
-27.0
-17.80000000000001
-84.0
-5.0
-2.875
-8.0
-18.0
-21.0
-38.0
-8.0
-13.0
-0.0
-8.0
-52.0
-81.0
-30.0
-51.0
-2.0
-15.0
-21.0
-3.0
-35.0
-2.0
-33.0
-8.0
-50.120000000000005
-25.0
-7.0
-29.060000000000002
-2.0
-17.0
-8.0
-22.0
-5.0
-5.0
-23.0
-86.0
-47.0
-11.0
-27.0
-20.0
-18.0
-30.0
-19.0
-36.0
-28.120000000000005
-0.0
-32.0
-26.0
-36.0
-34.0
-21.0
-23.590000000000003
-32.0
-41.0
-19.0
-10.0
-7.0
-4.0
-47.0
-13.0
-2.0
-10.0
-3.0
-26.0
-9.0
-41.0
-14.0
-10.0
-17.0
-1.0
-17.0
-19.0
-13.0
-0.0
-38.0
-0.4099999999999966
-16.0
-33.0
-12.0
-24.0
-0.0
-2.0
-25.0
-2.0
-27.0
-16.0
-19.0
-128.0
-76.0
-61.0
-51.0
-35.0
-24.0
-32.120000000000005
-57.0
-60.0
-19.0
-17.0
-5.0
-4.909999999999997
-21.0
-10.0
-2.0
-11.0
-22.0
-5.0
-162.0
-104.0
-414.0
-33.0
-36.120000000000005
-59.0
-31.120000000000005
-44.0
-66.0
-45.0
-19.0
-569.0
-112.0
-32.0
-7.0
-17.0
-24.0
-7.430000000000007
-5.0
-27.0
-5.0
-3.0
-5.0
-7.0
-177.0
-194.0
-45.0
-27.0
-40.0
-168.0
-65.0
-74.0
-29.0
-13.0
-5.0
-9.0
-49.0
-56.0
-74.0
-8.0
-19.0
-9.949999999999989
-16.0
-8.0
-10.0
-10.0
-18.0
-19.0
-15.0
-70.0
-7.0
-36.120000000000005
-34.0
-29.0
-18.0
-41.0
-4.0
-11.0
-7.0
-219.32000000000005
-48.67999999999995
-65.60000000000002
-8.32000000000005
-99.67999999999995
-32.32000000000005
-14.67999999999995
-12.67999999999995
-47.67999999999995
-13.67999999999995
-6.67999999999995
-10.319999999999993
-5.319999999999993
-7.319999999999993
-5.319999999999993
-63.26999999999998
-19.319999999999993
-32.31999999999999
-61.31999999999999
-40.31999999999999
-63.31999999999999
-93.32
-46.31999999999999
-3.680000000000007
-53.67999999999995
-29.0
-41.0
-54.120000000000005
-99.0
-17.0
-64.0
-28.0
-33.0
-12.0
-12.0
-7.0
-39.879999999999995
-91.0
-164.0
-16.94999999999999
-32.0
-15.0
-14.0
-21.0
-7.0
-1.0
-16.0
-29.0
-58.0
-47.0
-63.0
-27.0
-21.0
-43.120000000000005
-51.0
-18.0
-30.0
-70.0
-49.0
-20.0
-86.0
-50.0
-14.0
-3.930000000000007
-3.0
-23.0
-32.0
-34.0
-45.0
-9.0
-25.0
-26.0
-51.08000000000004
-81.0
-25.0
-11.0
-13.120000000000005
-71.0
-59.0
-48.0
-0.12000000000000455
-58.0
-7.0
-121.0
-99.0
-19.0
-8.0
-14.889999999999986
-4.0
-4.0
-39.0
-32.0
-19.0
-18.0
-22.0
-21.0
-23.0
-62.0
-94.0
-84.0
-56.0
-100.0
-80.0
-74.0
-72.0
-42.0
-16.0
-23.0
-23.0
-4.0
-5.0
-26.090000000000003
-10.0
-24.0
-5.0
-32.0
-3.0
-0.0
-4.0
-12.0
-46.5
-37.0
-24.0
-19.0
-34.0
-27.0
-39.0
-32.0
-42.0
-23.0
-27.0
-27.0
-3.0
-9.0
-22.0
-45.09
-24.0
-20.0
-33.0
-12.0
-49.0
-11.0
-13.0
-115.0
-52.0
-702.0
-61.0
-104.0
-69.0
-84.0
-119.0
-52.0
-100.0
-95.0
-78.0
-18.0
-45.0
-34.879999999999995
-16.0
-24.889999999999986
-326.0
-2.0
-16.0
-60.0
-2.0
-15.0
-21.0
-2.0
-34.0
-76.12
-82.20000000000005
-20.200000000000045
-127.20000000000005
-78.20000000000005
-40.200000000000045
-92.0
-84.0
-76.0
-23.0
-21.0
-6.0
-4.0
-72.0
-37.85000000000002
-11.0
-11.0
-18.0
-18.0
-13.0
-6.0
-27.0
-8.0
-39.0
-43.0
-46.0
-1.0
-33.0
-108.0
-46.120000000000005
-43.0
-40.08000000000004
-653.0
-49.0
-25.0
-43.0
-14.0
-23.0
-2.930000000000007
-64.0
-52.0
-43.0
-43.0
-30.0
-24.0
-9.0
-21.0
-150.0
-93.0
-43.120000000000005
-123.0
-31.0
-45.08000000000004
-66.0
-43.0
-65.0
-80.0
-28.0
-5.0
-19.0
-6.0
-66.32
-42.670000000000016
-15.0
-9.0
-18.0
-32.0
-12.0
-9.0
-14.0
-2.0
-7.0
-42.120000000000005
-67.0
-78.0
-45.0
-94.0
-74.0
-49.0
-52.0
-42.120000000000005
-24.0
-32.0
-75.0
-3.0
-26.0
-5.840000000000003
-25.0
-22.0
-15.0
-2.0
-9.0
-11.0
-4.0
-41.0
-56.0
-72.0
-13.0
-17.0
-11.0
-1.0
-27.0
-46.0
-9.0
-4.0
-0.0
-61.0
-28.0
-6.0
-6.0
-0.9099999999999966
-9.0
-4.5
-3.5
-5.0
-8.0
-52.0
-159.0
-26.0
-6.0
-7.0
-4.0
-80.0
-90.0
-0.0
-3.0
-12.0
-29.0
-23.0
-4.0
-20.0
-4.0
-27.0
-7.0
-9.909999999999997
-18.0
-28.0
-13.0
-14.0
-25.0
-17.0
-26.0
-166.0
-28.0
-98.0
-102.11000000000001
-87.0
-100.0
-8.0
-35.91999999999996
-19.0
-35.0
-130.0
-102.0
-54.879999999999995
-3.0
-20.0
-69.0
-51.88499999999999
-24.0
-9.0
-19.0
-15.0
-10.0
-34.0
-9.0
-151.0
-62.0
-121.0
-87.12
-34.0
-54.0
-145.0
-67.0
-73.08000000000004
-60.0
-80.0
-111.12
-81.0
-36.0
-22.0
-71.0
-51.88499999999999
-22.0
-34.0
-36.0
-21.0
-22.0
-53.0
-8.0
-18.0
-47.0
-94.0
-53.0
-78.0
-19.0
-77.0
-83.0
-47.0
-3.0
-63.0
-61.0
-32.0
-39.0
-8.0
-7.0
-8.069999999999993
-10.0
-3.0
-27.0
-1.0
-16.0
-25.0
-19.0
-1.0
-23.0
-48.0
-85.0
-3.0
-29.879999999999995
-50.0
-18.0
-15.0
-5.0
-32.0
-270.0
-51.0
-24.0
-35.0
-10.0
-10.080000000000013
-5.0
-38.0
-22.0
-6.0
-1.0
-14.0
-26.0
-2.0
-22.0
-62.0
-29.120000000000005
-25.879999999999995
-7.0
-45.0
-43.0
-32.120000000000005
-157.0
-11.0
-25.0
-36.0
-15.0
-29.0
-34.0
-10.925000000000011
-10.0
-7.0
-2.0
-30.0
-2.0
-18.0
-8.0
-140.0
-11.0
-35.0
-25.0
-7.0
-41.0
-16.0
-36.0
-7.0
-27.0
-21.0
-1.0
-44.0
-28.0
-34.0
-15.0
-0.9099999999999966
-17.0
-21.0
-7.0
-14.0
-11.0
-46.0
-41.0
-109.0
-123.0
-31.0
-56.0
-28.0
-33.0
-37.0
-4.0
-25.0
-40.0
-14.0
-4.0
-15.0
-32.0
-1.0
-9.0
-500.90999999999997
-14.0
-19.0
-7.0
-29.0
-22.0
-4.0
-22.0
-161.0
-82.0
-172.0
-78.0
-24.0
-13.0
-19.0
-247.0
-204.0
-19.0
-111.0
-26.0
-36.0
-50.0
-7.0
-15.0
-6.069999999999993
-25.0
-2.0
-49.0
-5.0
-21.0
-2.0
-7.0
-20.0
-24.0
-56.0
-65.0
-7.0
-22.0
-102.0
-57.120000000000005
-40.120000000000005
-49.0
-56.0
-23.0
-40.0
-44.0
-23.0
-22.0
-12.865000000000009
-5.0
-11.0
-4.0
-12.0
-0.0
-1.0
-14.0
-15.0
-9.0
-83.0
-4.0
-44.0
-16.0
-10.0
-21.0
-26.0
-144.12
-15.0
-37.0
-35.0
-60.0
-10.0
-15.0
-9.199999999999989
-41.0
-9.0
-11.0
-12.0
-7.0
-11.0
-11.0
-145.0
-25.0
-23.0
-34.0
-11.879999999999995
-3.0
-76.0
-34.0
-8.0
-41.0
-29.0
-27.0
-29.0
-107.0
-21.0
-19.0
-32.17500000000001
-18.0
-9.0
-23.0
-22.0
-18.0
-18.0
-2.0
-36.0
-421.0
-2.0
-2.0
-9.0
-29.0
-39.0
-65.0
-235.0
-72.0
-160.0
-32.0
-46.0
-7.0
-58.0
-35.0
-32.17500000000001
-16.0
-8.0
-11.0
-20.0
-9.0
-24.0
-30.0
-8.0
-77.0
-49.0
-21.0
-10.0
-18.0
-30.0
-39.0
-15.0
-11.0
-21.0
-30.0
-17.0
-39.0
-37.0
-8.0
-26.090000000000003
-40.0
-4.0
-14.0
-32.0
-25.0
-27.0
-26.0
-94.0
-123.0
-238.0
-256.0
-62.0
-64.0
-64.0
-72.0
-137.0
-156.0
-38.0
-102.0
-54.0
-54.0
-19.0
-20.0
-20.82499999999999
-17.0
-6.0
-723.0
-34.0
-16.0
-33.0
-18.0
-109.0
-94.0
-384.0
-281.0
-301.0
-249.0
-221.0
-221.0
-179.20000000000005
-128.20000000000005
-131.0
-222.0
-15.0
-59.0
-21.0
-28.0
-9.175000000000011
-22.0
-18.0
-15.0
-30.0
-23.0
-2.0
-23.0
-40.0
-187.0
-335.0
-345.0
-258.0
-164.0
-248.0
-59.0
-300.0
-342.0
-9.0
-73.0
-25.0
-8.0
-11.0
-7.0
-631.15
-23.0
-18.0
-5.0
-13.0
-169.0
-33.0
-8.0
-61.0
-80.0
-59.0
-46.0
-393.0
-49.0
-28.0
-54.0
-40.0
-22.0
-20.0
-19.0
-2.0
-27.0
-299.0
-10.0
-22.139999999999986
-5.0
-16.0
-29.0
-6.0
-12.0
-25.0
-40.0
-49.0
-14.0
-24.0
-28.0
-16.0
-39.0
-39.0
-34.0
-39.0
-38.0
-30.0
-6.0
-9.0
-16.0
-24.0
-16.0
-15.139999999999986
-33.0
-2.0
-11.0
-25.0
-18.0
-13.0
-19.0
-37.0
-39.0
-37.0
-40.0
-26.0
-49.0
-39.0
-17.5
-39.5
-21.0
-8.0
-9.0
-13.0
-2.0
-11.0
-6.0
-23.139999999999986
-27.0
-18.5
-18.0
-42.0
-21.5
-14.0
-32.0
-11.0
-7.0
-33.0
-21.0
-16.0
-3.0
-37.0
-9.0
-41.0
-4.0
-44.0
-1.0
-9.0
-5.0
-15.0
-8.0
-24.139999999999986
-11.0
-31.0
-16.0
-9.0
-11.0
-29.0
-32.0
-16.0
-39.0
-58.0
-14.0
-82.0
-11.0
-51.0
-29.0
-33.0
-18.0
-26.0
-4.0
-16.0
-7.0
-13.0
-1.0
-18.120000000000005
-6.0
-3.0
-17.0
-17.0
-10.0
-51.0
-77.0
-75.0
-69.0
-66.0
-50.5
-40.0
-38.0
-60.0
-7.0
-3.0
-20.0
-12.0
-11.0
-8.0
-1.0
-4.0
-1.0
-5.074999999999989
-8.0
-2.0
-524.0
-4.0
-4.0
-13.0
-3.0
-17.0
-10.0
-27.0
-9.0
-5.0
-4.0
-15.0
-9.0
-4.0
-16.0
-1.0
-17.0
-6.0
-14.0
-16.0
-5.0
-14.074999999999989
-22.0
-4.0
-34.0
-1.0
-10.0
-4.0
-7.0
-97.0
-285.0
-118.0
-209.0
-201.0
-144.0
-123.0
-175.0
-167.0
-249.0
-53.0
-115.0
-55.0
-4.0
-53.0
-42.0
-26.035000000000025
-34.0
-16.0
-30.0
-32.0
-77.0
-66.0
-28.0
-124.0
-193.0
-10.0
-74.0
-89.0
-136.0
-97.88
-71.0
-88.0
-42.0
-63.0
-4.0
-28.0
-14.0
-5.0
-22.0
-1.035000000000025
-10.0
-9.0
-0.0
-8.0
-6.0
-21.0
-6.0
-33.0
-5.0
-15.0
-2.0
-49.0
-32.0
-54.0
-8.0
-27.0
-37.0
-20.0
-13.0
-39.0
-22.0
-21.0
-51.0
-10.964999999999975
-9.0
-8.0
-6.0
-7.0
-51.0
-35.0
-4.0
-56.0
-2.0
-68.88
-12.0
-6.0
-47.0
-50.0
-64.0
-4.0
-44.0
-89.0
-66.0
-47.0
-50.0
-2.0
-16.0
-26.964999999999975
-3.0
-3.0
-1.0
-6.0
-14.0
-6.0
-5.0
-70.0
-21.0
-22.0
-25.0
-23.0
-17.0
-10.0
-21.0
-35.0
-20.159999999999997
-31.0
-35.0
-8.0
-6.0
-45.0
-29.0
-14.074999999999989
-27.0
-28.0
-22.0
-29.0
-62.0
-14.5
-30.0
-153.0
-72.84000000000003
-44.15999999999997
-15.159999999999968
-3.840000000000032
-24.840000000000032
-50.27999999999997
-57.15999999999997
-62.15999999999997
-0.8400000000000318
-42.15999999999997
-153.15999999999997
-8.839999999999975
-8.160000000000025
-2.160000000000025
-12.0
-19.964999999999975
-65.0
-43.0
-20.0
-40.0
-7.569999999999993
-29.0
-42.0
-17.0
-28.0
-31.0
-2.0
-24.0
-12.0
-35.0
-50.0
-103.0
-140.0
-79.0
-22.0
-32.0
-17.0
-2.0
-108.0
-5.0
-24.0
-12.0
-34.0
-23.0
-14.569999999999993
-5.0
-7.0
-4.0
-12.0
-17.0
-16.0
-26.0
-15.0
-48.0
-54.0
-82.0
-44.0
-0.0
-51.0
-52.0
-42.0
-45.0
-22.0
-19.0
-89.0
-11.0
-21.0
-17.0
-7.060000000000002
-30.0
-14.0
-1.0
-29.0
-27.0
-2.0
-24.0
-17.0
-23.0
-57.0
-69.0
-95.0
-160.0
-106.0
-28.0
-22.0
-30.0
-8.0
-46.0
-37.0
-30.0
-14.0
-6.0
-15.060000000000002
-9.0
-20.0
-16.0
-23.0
-11.0
-3.0
-30.0
-2.0
-141.0
-73.0
-133.0
-43.0
-18.0
-108.0
-63.0
-77.0
-52.0
-62.0
-28.0
-40.0
-10.0
-45.0
-13.0
-24.569999999999993
-21.0
-36.0
-28.0
-30.0
-36.0
-35.0
-9.0
-135.0
-23.0
-90.0
-54.0
-11.0
-62.0
-57.0
-61.0
-40.0
-15.0
-61.0
-10.0
-112.0
-17.0
-1.0
-15.0
-33.56999999999999
-34.0
-1.0
-37.0
-10.0
-39.0
-7.0
-2.0
-22.0
-216.0
-84.0
-69.0
-389.0
-13.0
-62.0
-68.0
-65.0
-8.0
-42.0
-43.0
-55.0
-58.0
-13.0
-21.0
-36.56999999999999
-34.0
-23.0
-4.0
-14.0
-13.0
-11.0
-3.0
-64.04000000000002
-134.96000000000004
-86.0
-53.0
-47.0
-16.0
-3.0
-57.0
-40.0
-15.0
-72.0
-34.0
-27.0
-24.0
-1.0
-35.0
-36.56999999999999
-1.0
-10.0
-11.0
-18.0
-32.0
-21.0
-57.0
-31.0
-31.0
-87.0
-17.0
-6.0
-26.0
-92.0
-39.0
-28.0
-6.0
-99.0
-70.0
-18.0
-56.0
-24.0
-48.0
-14.569999999999993
-5.0
-9.0
-5.0
-1.0
-16.0
-3.0
-9.0
-91.0
-84.0
-78.56
-72.56
-43.0
-82.0
-38.0
-53.0
-50.0
-54.0
-23.0
-13.0
-34.0
-3.0
-50.0
-4.0
-7.060000000000002
-8.0
-10.0
-4.0
-9.0
-15.0
-18.0
-43.0
-8.0
-64.0
-118.0
-52.0
-90.0
-244.0
-64.0
-32.0
-53.0
-43.0
-128.0
-118.0
-6.0
-22.0
-14.0
-43.0
-7.060000000000002
-40.0
-45.0
-5.0
-43.0
-28.0
-27.0
-19.0
-163.0
-168.0
-114.0
-80.0
-57.0
-80.0
-8.0
-118.0
-86.0
-69.0
-92.0
-53.0
-25.0
-39.0
-45.0
-11.0
-64.57
-10.0
-4.0
-1.0
-12.0
-10.0
-13.0
-4.0
-21.0
-39.0
-17.0
-120.0
-70.0
-59.0
-1.0
-1.0
-32.0
-11.0
-22.0
-27.0
-39.0
-45.0
-23.0
-22.0
-33.56999999999999
-8.0
-5.0
-2.0
-13.0
-8.0
-17.0
-14.0
-60.0
-48.0
-100.0
-72.0
-47.0
-16.0
-42.0
-47.0
-59.0
-88.0
-19.0
-40.0
-53.0
-17.0
-25.0
-68.0
-64.57
-10.0
-3.0
-21.0
-12.0
-5.0
-19.0
-0.0
-10.0
-24.0
-62.0
-55.0
-22.0
-25.0
-34.0
-28.0
-45.0
-14.0
-5.0
-43.0
-7.0
-48.0
-7.0
-6.0
-33.56999999999999
-12.0
-20.0
-11.0
-11.0
-18.0
-6.0
-43.0
-30.0
-16.0
-80.0
-19.0
-61.0
-36.0
-30.0
-3.0
-13.0
-37.0
-133.0
-55.0
-42.0
-16.0
-2.0
-8.0
-9.430000000000007
-17.0
-5.0
-9.0
-9.0
-2.0
-4.0
-51.0
-25.0
-114.0
-149.0
-54.0
-12.0
-39.0
-88.0
-96.0
-98.0
-70.0
-88.0
-3.0
-19.0
-14.0
-25.0
-23.0
-15.060000000000002
-41.0
-0.0
-21.0
-13.0
-25.0
-25.0
-2.0
-66.0
-13.0
-80.56
-52.44
-87.0
-60.0
-27.0
-75.0
-610.0
-75.0
-9.0
-8.0
-4.0
-35.0
-24.0
-21.0
-19.939999999999998
-9.0
-7.0
-1.0
-35.0
-5.0
-35.0
-29.0
-150.0
-4.0
-6.0
-2.0
-6.0
-4.0
-17.0
-17.0
-3.0
-87.0
-58.0
-21.0
-31.0
-53.0
-19.0
-4.0
-14.430000000000007
-7.0
-26.0
-14.0
-22.0
-404.0
-12.0
-31.0
-217.0
-44.0
-17.0
-16.0
-24.0
-13.0
-18.0
-19.0
-6.0
-14.0
-114.0
-10.0
-58.0
-5.0
-27.0
-4.0
-11.430000000000007
-25.0
-11.0
-14.0
-2.0
-23.0
-4.0
-50.0
-194.0
-23.0
-80.0
-65.0
-55.0
-76.0
-20.0
-34.0
-37.0
-81.0
-194.0
-125.0
-19.0
-15.0
-19.0
-46.0
-8.430000000000007
-4.0
-2.0
-13.0
-6.0
-7.0
-44.0
-40.0
-203.0
-52.0
-135.96000000000004
-26.960000000000036
-17.0
-23.0
-57.0
-91.0
-311.0
-34.0
-81.0
-87.0
-44.0
-8.0
-1.0
-14.0
-8.430000000000007
-11.0
-15.0
-7.0
-15.0
-19.0
-11.0
-55.0
-128.0
-117.0
-120.0
-123.0
-121.0
-105.0
-116.0
-202.0
-232.0
-68.0
-180.0
-44.0
-49.0
-21.0
-21.0
-6.0
-8.430000000000007
-21.0
-5.0
-24.0
-28.0
-3.0
-14.0
-7.0
-76.0
-221.0
-107.0
-366.0
-386.0
-51.0
-27.0
-58.0
-86.0
-16.0
-44.0
-36.0
-7.0
-11.0
-12.0
-33.0
-35.43000000000001
-8.0
-26.0
-38.0
-9.0
-13.0
-13.0
-59.0
-55.0
-97.0
-89.0
-89.0
-88.0
-70.0
-79.0
-33.0
-19.0
-6.0
-26.0
-11.0
-5.0
-4.0
-3.0
-14.0
-39.94
-11.439999999999998
-8.439999999999998
-8.0
-1.0
-7.0
-11.0
-17.0
-18.0
-19.400000000000006
-62.400000000000006
-1.0
-46.0
-57.0
-63.0
-56.0
-69.0
-49.0
-17.0
-3.0
-25.0
-7.0
-8.0
-28.0
-10.169999999999987
-6.0
-20.0
-807.0
-9.0
-12.0
-3.0
-21.0
-28.0
-11.0
-14.0
-30.0
-21.0
-9.0
-5.0
-0.960000000000008
-3.960000000000008
-1.0
-12.0
-2.0
-10.0
-4.0
-25.0
-1.0
-5.810000000000002
-7.0
-25.0
-0.0
-6.0
-14.0
-11.0
-13.0
-3.0
-7.0
-24.0
-13.0
-3.0
-2.0
-12.0
-0.0
-2.0
-13.0
-28.0
-20.0
-13.0
-10.0
-19.0
-889.0
-27.189999999999998
-19.0
-20.0
-17.0
-0.0
-0.0
-2.0
-8.0
-1.0
-9.0
-4.0
-10.0
-10.0
-9.5
-16.0
-16.0
-5.0
-16.0
-3.0
-8.0
-10.0
-6.0
-13.0
-13.0
-17.879999999999995
-1.0
-3.0
-43.0
-71.0
-46.0
-63.0
-2.0
-14.0
-17.0
-370.0
-11.0
-8.0
-4.0
-17.0
-38.28
-9.0
-0.0
-14.0
-9.0
-8.0
-8.0
-12.0
-12.0
-9.889999999999986
-2.0
-14.0
-8.0
-10.0
-1.4399999999999977
-2.5600000000000023
-12.0
-1.0
-5.0
-2.0
-446.0
-0.0
-60.0
-1.0
-21.28
-11.0
-7.0
-18.0
-11.0
-5.0
-8.0
-15.0
-16.0
-4.150000000000006
-17.0
-3.0
-2.0
-9.0
-2.0
-4.039999999999992
-12.039999999999992
-124.0
-85.0
-1.0
-257.0
-415.0
-102.0
-201.0
-209.0
-184.0
-66.48000000000002
-7.519999999999982
-3.0
-29.560000000000002
-34.0
-42.0
-14.5
-55.43000000000001
-35.0
-12.0
-8.0
-10.5
-32.0
-50.0
-11.52000000000001
-109.51999999999998
-332.0
-54.0
-58.0
-117.0
-15.0
-4.0
-1.0
-22.0
-37.0
-31.0
-97.0
-43.0
-67.0
-29.0
-0.0
-14.430000000000007
-9.0
-12.0
-5.0
-3.0
-6.0
-25.0
-70.0
-85.0
-39.0
-29.08000000000004
-13.080000000000041
-11.0
-9.0
-46.0
-44.0
-15.0
-2.0
-54.0
-125.0
-82.0
-95.0
-11.0
-51.0
-14.430000000000007
-15.0
-25.0
-7.0
-27.0
-8.0
-25.0
-23.0
-211.92000000000002
-17.91999999999996
-22.840000000000032
-22.840000000000032
-0.15999999999996817
-17.159999999999968
-14.159999999999968
-16.0
-41.75999999999999
-7.759999999999991
-26.24000000000001
-54.24000000000001
-31.19999999999999
-1.8000000000000114
-22.75999999999999
-17.5
-7.569999999999993
-10.5
-5.5
-3.0
-7.5
-21.5
-8.0
-14.0
-105.0
-38.0
-4.0
-19.0
-78.0
-27.0
-29.0
-49.0
-1.0
-21.0
-36.0
-68.0
-48.0
-29.0
-21.0
-16.0
-19.569999999999993
-6.0
-17.0
-7.0
-14.0
-7.0
-0.0
-37.0
-105.0
-24.0
-46.0
-17.0
-35.0
-17.0
-9.0
-2.0
-13.0
-25.0
-78.0
-45.44
-6.560000000000002
-7.0
-18.0
-15.0
-19.569999999999993
-10.0
-32.0
-15.0
-24.0
-13.0
-20.0
-7.0
-1.0
-6.0
-57.0
-8.0
-20.0
-54.0
-19.0
-15.560000000000002
-16.0
-58.0
-5.0
-10.0
-8.0
-25.0
-16.0
-16.0
-22.659999999999997
-27.5
-32.5
-17.0
-1.0
-12.5
-6.0
-59.0
-51.0
-25.0
-6.0
-10.0
-22.0
-45.0
-23.0
-1.0
-6.0
-18.0
-41.0
-32.0
-18.0
-21.0
-20.0
-1.0
-28.659999999999997
-34.0
-10.0
-2.0
-32.0
-20.5
-3.0
-41.0
-97.0
-222.0
-79.0
-30.0
-23.0
-55.0
-15.0
-21.0
-46.0
-11.0
-15.0
-51.0
-19.0
-9.0
-63.0
-23.0
-19.569999999999993
-43.0
-19.0
-8.0
-3.0
-27.0
-15.0
-13.0
-190.0
-60.0
-46.0
-43.0
-8.0
-3.0
-2.0
-0.0
-5.0
-43.0
-3.0
-50.0
-60.0
-73.0
-28.0
-1.0
-7.569999999999993
-20.0
-1.0
-13.0
-7.0
-18.0
-5.0
-4.0
-153.0
-40.0
-29.0
-6.0
-49.0
-26.0
-24.0
-27.0
-2.0
-30.0
-0.0
-74.0
-33.0
-38.0
-29.0
-10.0
-14.569999999999993
-13.5
-7.0
-1.0
-7.5
-10.0
-15.0
-2.5
-136.48000000000002
-70.50999999999999
-42.0
-54.0
-1.0
-3.0
-28.04000000000002
-14.039999999999964
-45.0
-654.0
-47.0
-2.0
-17.0
-19.0
-48.0
-15.0
-0.0
-34.0
-81.0
-93.0
-13.0
-16.0
-7.569999999999993
-25.0
-14.0
-11.0
-2.0
-26.0
-34.0
-6.0
-191.0
-25.0
-52.0
-17.0
-6.0
-2.0
-0.0
-328.0
-28.0
-32.0
-27.0
-33.0
-18.0
-61.0
-24.0
-20.0
-7.569999999999993
-8.0
-9.0
-3.0
-1.0
-18.0
-1.0
-22.0
-91.0
-84.0
-83.56
-21.560000000000002
-70.0
-60.0
-46.0
-61.0
-58.0
-62.0
-31.0
-54.0
-9.0
-27.0
-43.0
-25.0
-14.060000000000002
-8.0
-18.0
-24.0
-9.0
-14.0
-3.0
-28.0
-8.0
-45.0
-83.0
-52.0
-21.0
-291.0
-19.0
-32.0
-148.0
-138.0
-101.0
-213.0
-3.0
-17.0
-22.0
-22.0
-13.939999999999998
-21.0
-28.0
-14.0
-15.0
-28.0
-100.0
-4.0
-159.0
-168.0
-114.0
-111.0
-57.0
-12.0
-37.0
-35.0
-58.0
-34.0
-92.0
-319.0
-25.0
-39.0
-45.0
-11.0
-14.569999999999993
-12.0
-6.0
-1.0
-30.0
-28.0
-31.0
-4.0
-21.0
-39.0
-17.0
-48.0
-14.0
-18.0
-1.0
-6.0
-1.0
-11.0
-22.0
-27.0
-29.0
-36.0
-35.0
-4.0
-7.569999999999993
-30.0
-5.0
-16.0
-9.0
-4.0
-26.0
-4.0
-52.0
-42.0
-50.0
-103.0
-47.0
-62.0
-17.0
-47.0
-31.0
-18.0
-19.0
-40.0
-24.0
-58.0
-25.0
-18.0
-14.569999999999993
-13.0
-0.0
-8.0
-8.0
-3.0
-6.0
-0.0
-58.0
-24.0
-21.0
-55.0
-22.0
-14.0
-34.0
-3.0
-53.0
-14.0
-5.0
-11.0
-12.0
-34.0
-44.0
-6.0
-14.569999999999993
-10.0
-18.0
-2.0
-11.0
-22.0
-6.0
-8.0
-30.0
-10.0
-80.0
-50.0
-117.0
-71.0
-13.0
-3.0
-25.0
-1.0
-6.0
-55.0
-108.0
-30.0
-12.0
-8.0
-7.569999999999993
-17.0
-5.0
-10.0
-9.0
-2.0
-1.0
-25.0
-25.0
-57.0
-101.0
-54.0
-135.0
-14.0
-35.0
-156.0
-4.0
-130.0
-60.0
-31.0
-4.0
-14.0
-8.0
-5.0
-15.060000000000002
-41.0
-24.0
-19.0
-30.0
-42.0
-17.0
-556.0
-0.0
-13.0
-68.56
-67.56
-172.0
-60.0
-54.0
-75.0
-231.0
-179.0
-59.0
-31.0
-28.0
-46.0
-7.0
-4.0
-2.9399999999999977
-0.0
-16.0
-1.0
-1.0
-7.0
-22.0
-58.0
-23.0
-149.0
-6.0
-2.0
-63.0
-4.0
-17.0
-17.0
-3.0
-87.0
-58.0
-21.0
-12.0
-5.0
-38.0
-4.0
-21.569999999999993
-5.0
-29.0
-28.0
-36.0
-22.0
-22.0
-27.0
-84.0
-44.0
-46.0
-57.0
-24.0
-24.0
-18.0
-19.0
-6.0
-14.0
-25.0
-10.0
-39.0
-13.0
-27.0
-4.0
-11.430000000000007
-22.0
-8.0
-16.0
-3.0
-24.0
-3.0
-67.0
-71.0
-23.0
-80.0
-10.0
-55.0
-43.0
-20.0
-4.0
-1.0
-43.0
-55.0
-45.0
-89.0
-15.0
-12.0
-15.0
-21.569999999999993
-7.0
-5.0
-15.0
-6.0
-7.0
-14.0
-36.0
-88.0
-52.0
-106.96000000000004
-128.03999999999996
-138.0
-18.0
-114.0
-148.0
-136.0
-34.0
-75.0
-88.0
-77.0
-16.0
-2.0
-15.0
-9.430000000000007
-10.0
-20.0
-2.0
-6.0
-40.0
-24.0
-34.0
-66.0
-214.0
-334.0
-379.0
-97.0
-41.0
-30.0
-7.0
-37.0
-163.0
-92.0
-44.0
-104.0
-18.0
-31.0
-33.0
-63.43000000000001
-26.0
-39.0
-45.0
-20.0
-27.0
-7.0
-6.0
-30.0
-54.0
-97.0
-64.0
-64.0
-51.0
-27.0
-96.0
-28.0
-16.0
-46.0
-19.0
-29.0
-29.0
-30.0
-41.0
-27.430000000000007
-8.0
-1.0
-38.0
-9.0
-34.0
-34.0
-61.0
-30.0
-49.0
-41.0
-41.0
-45.0
-27.0
-43.0
-33.0
-23.0
-25.0
-32.0
-11.0
-5.0
-17.0
-3.0
-1.0
-37.94
-11.439999999999998
-10.439999999999998
-10.0
-1.0
-9.0
-13.0
-19.0
-20.0
-34.400000000000006
-22.400000000000006
-16.0
-7.0
-18.0
-24.0
-17.0
-34.0
-14.0
-17.0
-3.0
-25.0
-7.0
-8.0
-28.0
-16.169999999999987
-0.0
-7.0
-9.0
-4.0
-1.0
-10.0
-8.0
-15.0
-2.0
-1.0
-17.0
-8.0
-4.0
-8.0
-0.960000000000008
-3.960000000000008
-1.0
-12.0
-2.0
-10.0
-4.0
-25.0
-1.0
-5.810000000000002
-7.0
-25.0
-0.0
-6.0
-14.0
-11.0
-13.0
-3.0
-7.0
-24.0
-13.0
-3.0
-15.0
-1.0
-13.0
-32.0
-4.0
-19.0
-11.0
-7.0
-4.0
-13.0
-4.0
-8.189999999999998
-13.0
-1.0
-4.0
-0.0
-850.0
-11.0
-21.0
-14.0
-22.0
-9.0
-3.0
-10.0
-3.5
-3.0
-3.0
-8.0
-3.0
-9.0
-5.0
-3.0
-7.0
-0.0
-30.0
-17.879999999999995
-1.0
-3.0
-17.0
-11.0
-14.0
-3.0
-2.0
-14.0
-17.0
-10.0
-11.0
-8.0
-9.0
-4.0
-51.28
-9.0
-0.0
-14.0
-9.0
-8.0
-5.0
-12.0
-12.0
-3.1100000000000136
-21.0
-5.0
-27.0
-9.0
-20.439999999999998
-16.439999999999998
-31.0
-20.0
-14.0
-17.0
-16.0
-0.0
-60.0
-1.0
-51.28
-11.0
-23.0
-12.0
-19.0
-25.0
-8.0
-15.0
-16.0
-4.150000000000006
-17.0
-3.0
-28.0
-21.0
-28.0
-25.960000000000008
-17.960000000000008
-94.0
-70.0
-55.0
-462.0
-54.0
-107.0
-131.0
-139.0
-160.0
-66.48000000000002
-7.519999999999982
-3.0
-53.56
-31.0
-32.0
-11.5
-29.430000000000007
-33.0
-8.0
-8.0
-10.5
-49.0
-24.0
-11.52000000000001
-135.51999999999998
-154.0
-224.0
-20.0
-117.0
-15.0
-4.0
-1.0
-16.0
-37.0
-21.0
-97.0
-1.0
-34.0
-17.0
-23.0
-62.43000000000001
-28.0
-7.0
-5.0
-3.0
-14.0
-17.0
-3.0
-51.0
-39.0
-29.08000000000004
-54.08000000000004
-45.0
-34.0
-21.0
-11.0
-15.0
-2.0
-54.0
-75.0
-8.0
-34.0
-5.0
-26.0
-62.43000000000001
-13.0
-31.0
-13.0
-7.0
-8.0
-48.0
-28.0
-217.92000000000002
-17.91999999999996
-18.159999999999968
-22.840000000000032
-438.84000000000003
-19.840000000000032
-40.84000000000003
-16.0
-3.240000000000009
-7.759999999999991
-122.75999999999999
-0.2400000000000091
-12.199999999999989
-11.199999999999989
-22.75999999999999
-10.5
-26.430000000000007
-0.5
-8.5
-5.0
-5.5
-13.5
-8.0
-6.0
-447.0
-352.0
-4.0
-19.0
-34.0
-51.0
-77.0
-18.0
-53.0
-33.0
-284.0
-18.0
-29.0
-15.0
-37.0
-32.0
-26.430000000000007
-6.0
-17.0
-2.0
-41.0
-5.0
-0.0
-14.0
-26.0
-24.0
-26.0
-17.0
-35.0
-23.0
-30.0
-2.0
-34.0
-14.0
-61.0
-45.44
-67.56
-21.0
-18.0
-11.0
-11.430000000000007
-13.0
-35.0
-7.0
-26.0
-15.0
-23.0
-44.0
-42.0
-6.0
-13.0
-11.0
-15.0
-18.0
-2.0
-27.560000000000002
-37.0
-32.0
-26.0
-5.0
-3.0
-2.0
-31.0
-31.0
-37.66
-3.5
-10.5
-10.0
-15.0
-12.5
-21.0
-37.0
-51.0
-0.0
-27.0
-10.0
-22.0
-11.0
-27.0
-17.0
-6.0
-34.0
-3.0
-15.0
-9.0
-36.0
-20.0
-14.0
-13.659999999999997
-32.0
-14.0
-7.0
-23.0
-1.5
-9.0
-8.0
-147.0
-5.0
-63.0
-29.0
-23.0
-107.0
-15.0
-31.0
-46.0
-11.0
-13.0
-51.0
-9.0
-123.0
-9.0
-17.0
-25.430000000000007
-2.0
-19.0
-7.0
-2.0
-26.0
-14.0
-13.0
-38.0
-60.0
-46.0
-43.0
-8.0
-50.0
-61.0
-0.0
-26.0
-22.0
-3.0
-46.0
-24.0
-53.0
-6.0
-8.0
-7.569999999999993
-20.0
-520.0
-17.0
-3.0
-10.0
-4.0
-6.0
-7.0
-301.0
-6.0
-25.0
-7.0
-385.0
-15.0
-19.0
-6.0
-30.0
-18.0
-74.0
-12.0
-20.0
-9.0
-186.0
-1.4300000000000068
-13.5
-1.0
-2.0
-7.5
-8.0
-18.0
-7.5
-37.51999999999998
-190.49
-57.0
-54.0
-6.0
-58.0
-0.0
-8.0
-1.0
-14.0
-2.0
-20.0
-5.0
-7.0
-52.0
-32.0
-1.4300000000000068
-12.5
-14.0
-24.0
-4.0
-588.0
-34.0
-1.0
-252.0
-62.0
-66.03999999999996
-20.039999999999964
-1.0
-7.0
-32.0
-10.0
-29.0
-19.0
-15.0
-86.0
-29.0
-124.0
-7.0
-6.0
-7.569999999999993
-9.5
-17.0
-15.0
-6.0
-10.0
-4.5
-50.5
-134.0
-68.0
-41.0
-55.0
-52.0
-13.0
-53.0
-46.0
-45.0
-42.0
-3.0
-37.0
-45.0
-36.0
-8.0
-12.0
-66.66
-17.5
-36.0
-21.0
-5.0
-13.0
-21.0
-19.5
-5.0
-24.0
-44.0
-25.0
-27.0
-35.0
-14.0
-22.519999999999982
-21.519999999999982
-2.0
-14.0
-8.0
-6.0
-6.0
-15.0
-22.0
-37.66
-48.0
-24.0
-16.0
-32.0
-15.0
-6.0
-68.0
-189.0
-76.0
-55.0
-42.0
-19.0
-76.0
-14.0
-6.0
-15.0
-11.0
-46.0
-4.0
-19.0
-1.0
-23.0
-4.0
-25.430000000000007
-1.0
-3.0
-13.0
-7.0
-6.0
-18.0
-7.0
-130.0
-21.0
-8.0
-41.0
-19.0
-81.0
-24.0
-10.0
-17.0
-8.0
-30.0
-14.0
-0.0
-152.0
-16.0
-212.0
-9.569999999999993
-1.0
-16.0
-23.0
-2.0
-15.0
-0.0
-17.0
-32.0
-49.0
-14.0
-13.0
-16.0
-26.0
-17.0
-9.0
-3.0
-53.0
-95.0
-8.0
-27.0
-11.0
-4.0
-17.0
-29.0
-2.0
-36.0
-8.0
-15.0
-16.0
-50.0
-38.0
-57.0
-19.0
-17.0
-28.0
-47.0
-30.0
-24.0
-37.0
-28.0
-3.0
-8.0
-35.0
-15.060000000000002
-9.0
-20.0
-2.0
-5.0
-7.0
-22.0
-5.0
-174.0
-10.0
-111.0
-80.0
-43.0
-34.0
-18.0
-25.0
-77.0
-14.0
-60.0
-28.0
-53.0
-41.0
-2.0
-4.0
-7.569999999999993
-20.0
-5.0
-5.0
-3.0
-3.0
-32.0
-52.0
-24.0
-23.0
-49.0
-33.0
-11.0
-28.0
-50.0
-9.0
-108.0
-15.0
-59.0
-10.0
-28.0
-4.0
-13.0
-24.0
-7.569999999999993
-1.0
-36.0
-9.0
-18.0
-15.0
-7.0
-20.0
-26.0
-5.0
-43.0
-18.0
-29.0
-13.0
-62.0
-40.0
-37.0
-8.0
-42.0
-43.0
-29.0
-17.0
-27.0
-50.0
-7.569999999999993
-37.0
-26.0
-1.0
-10.0
-11.0
-19.0
-13.0
-50.04000000000002
-14.039999999999964
-45.0
-84.0
-47.0
-2.0
-17.0
-26.0
-9.0
-15.0
-2.0
-34.0
-48.0
-27.0
-1.0
-10.0
-7.569999999999993
-25.0
-19.0
-13.0
-6.0
-8.0
-28.0
-23.0
-17.0
-25.0
-52.0
-73.0
-6.0
-51.0
-0.0
-60.0
-49.0
-32.0
-29.0
-33.0
-37.0
-47.0
-18.0
-3.0
-7.569999999999993
-18.0
-30.0
-2.0
-2.0
-19.0
-0.0
-19.0
-25.0
-43.0
-81.56
-64.56
-65.0
-26.0
-83.0
-98.0
-108.0
-112.0
-81.0
-18.0
-30.0
-24.0
-28.0
-14.0
-7.060000000000002
-1.0
-7.0
-13.0
-9.0
-14.0
-14.0
-11.0
-38.0
-6.0
-93.0
-68.0
-167.0
-91.0
-19.0
-32.0
-53.0
-43.0
-113.0
-118.0
-19.0
-11.0
-14.0
-43.0
-7.060000000000002
-19.0
-21.0
-12.0
-13.0
-28.0
-35.0
-30.0
-189.0
-23.0
-407.0
-80.0
-485.0
-12.0
-8.0
-10.0
-89.0
-34.0
-92.0
-53.0
-99.0
-49.0
-25.0
-27.0
-1.4300000000000068
-22.0
-16.0
-0.0
-20.0
-6.0
-7.0
-6.0
-15.0
-39.0
-17.0
-8.0
-14.0
-35.0
-1.0
-1.0
-6.0
-11.0
-4.0
-27.0
-58.0
-4.0
-17.0
-4.0
-1.4300000000000068
-11.0
-6.0
-9.0
-13.0
-8.0
-17.0
-20.0
-44.0
-42.0
-50.0
-16.0
-47.0
-30.0
-28.0
-40.0
-24.0
-18.0
-21.0
-83.0
-43.0
-9.0
-79.0
-2.0
-1.4300000000000068
-23.0
-3.0
-13.0
-8.0
-9.0
-6.0
-10.0
-10.0
-24.0
-21.0
-1.0
-22.0
-14.0
-73.0
-10.0
-7.0
-24.0
-5.0
-10.0
-16.0
-101.0
-13.0
-13.0
-7.569999999999993
-0.0
-32.0
-23.0
-7.0
-22.0
-6.0
-24.0
-6.0
-10.0
-45.0
-106.0
-117.0
-50.0
-13.0
-3.0
-25.0
-1.0
-6.0
-128.0
-13.0
-30.0
-157.0
-24.0
-1.4300000000000068
-11.0
-1.0
-4.0
-10.0
-1.0
-2.0
-9.0
-133.0
-73.0
-36.0
-54.0
-65.0
-14.0
-52.0
-2.0
-4.0
-78.0
-103.0
-12.0
-19.0
-0.0
-8.0
-5.0
-7.060000000000002
-33.0
-1.0
-19.0
-25.0
-13.0
-25.0
-34.0
-0.0
-25.0
-27.439999999999998
-113.44
-36.0
-60.0
-54.0
-75.0
-26.0
-47.0
-20.0
-8.0
-50.0
-0.0
-7.0
-4.0
-34.94
-32.0
-11.0
-1.0
-1.0
-7.0
-35.0
-37.0
-180.0
-4.0
-6.0
-2.0
-6.0
-4.0
-161.0
-3.0
-17.0
-24.0
-58.0
-42.0
-2.0
-63.0
-38.0
-12.0
-11.430000000000007
-10.0
-29.0
-15.0
-23.0
-9.0
-25.0
-6.0
-20.0
-44.0
-17.0
-16.0
-48.0
-24.0
-18.0
-19.0
-6.0
-14.0
-25.0
-10.0
-39.0
-2.0
-34.0
-12.0
-1.4300000000000068
-19.0
-22.0
-28.0
-10.0
-37.0
-7.0
-26.0
-29.0
-23.0
-130.0
-26.0
-55.0
-38.0
-18.0
-4.0
-1.0
-43.0
-77.0
-139.0
-30.0
-4.0
-26.0
-38.0
-1.4300000000000068
-12.0
-0.0
-20.0
-3.0
-10.0
-14.0
-5.0
-20.0
-52.0
-56.960000000000036
-26.960000000000036
-17.0
-42.0
-76.0
-55.0
-67.0
-34.0
-19.0
-177.0
-71.0
-17.0
-1.0
-14.0
-8.430000000000007
-11.0
-21.0
-18.0
-2.0
-2.0
-24.0
-47.0
-104.0
-135.0
-144.0
-99.0
-97.0
-41.0
-30.0
-7.0
-37.0
-68.0
-24.0
-83.0
-5.0
-24.0
-7.0
-28.0
-33.43000000000001
-7.0
-5.0
-7.0
-10.0
-3.0
-14.0
-20.0
-66.0
-54.0
-199.0
-74.0
-64.0
-51.0
-27.0
-96.0
-6.0
-30.0
-60.0
-49.0
-317.0
-53.0
-12.0
-26.0
-42.43000000000001
-25.0
-1.0
-38.0
-9.0
-0.0
-60.0
-26.0
-51.0
-70.0
-62.0
-62.0
-66.0
-60.0
-76.0
-25.0
-26.0
-28.0
-35.0
-11.0
-8.0
-48.0
-62.0
-66.0
-12.060000000000002
-76.44
-60.44
-60.0
-51.0
-59.0
-63.0
-69.0
-70.0
-84.4
-20.400000000000006
-14.0
-5.0
-16.0
-22.0
-15.0
-28.0
-8.0
-11.0
-3.0
-19.0
-1.0
-2.0
-22.0
-16.169999999999987
-0.0
-7.0
-9.0
-4.0
-1.0
-10.0
-8.0
-15.0
-2.0
-1.0
-17.0
-8.0
-4.0
-8.0
-0.960000000000008
-3.960000000000008
-1.0
-1.0
-11.0
-3.0
-17.0
-12.0
-14.0
-7.189999999999998
-20.0
-12.0
-13.0
-19.0
-1.0
-2.0
-13.0
-3.0
-7.0
-24.0
-13.0
-3.0
-2.0
-12.0
-0.0
-2.0
-9.0
-6.0
-2.0
-6.0
-9.0
-0.0
-4.0
-21.189999999999998
-13.0
-14.0
-4.0
-13.0
-13.0
-11.0
-21.0
-14.0
-22.0
-9.0
-3.0
-23.0
-9.5
-16.0
-16.0
-5.0
-3.0
-3.0
-5.0
-3.0
-7.0
-0.0
-0.0
-17.879999999999995
-220.0
-3.0
-17.0
-11.0
-14.0
-3.0
-2.0
-1.0
-17.0
-3.0
-24.0
-21.0
-4.0
-17.0
-38.28
-6.0
-15.0
-14.0
-9.0
-8.0
-10.0
-14.0
-1.0
-9.889999999999986
-2.0
-14.0
-8.0
-10.0
-1.4399999999999977
-12.439999999999998
-27.0
-16.0
-5.0
-2.0
-16.0
-13.0
-47.0
-1.0
-38.28
-11.0
-10.0
-1.0
-6.0
-12.0
-5.0
-2.0
-3.0
-17.150000000000006
-4.0
-10.0
-11.0
-4.0
-11.0
-8.960000000000008
-12.039999999999992
-105.0
-70.0
-7.0
-77.0
-44.0
-44.0
-10.0
-2.0
-19.0
-66.48000000000002
-7.519999999999982
-3.0
-24.439999999999998
-11.0
-50.0
-1.5
-29.430000000000007
-9.0
-8.0
-12.0
-9.5
-29.0
-75.0
-12.47999999999999
-100.51999999999998
-200.0
-54.0
-20.0
-117.0
-15.0
-88.0
-1.0
-22.0
-37.0
-31.0
-76.0
-1.0
-38.0
-5.0
-12.0
-9.430000000000007
-33.0
-12.0
-10.0
-8.0
-31.0
-0.0
-4.0
-51.0
-39.0
-29.08000000000004
-13.080000000000041
-11.0
-23.0
-169.0
-22.0
-26.0
-2.0
-54.0
-92.0
-53.0
-61.0
-5.0
-35.0
-1.4300000000000068
-21.0
-10.0
-9.0
-11.0
-24.0
-27.0
-18.0
-176.92000000000002
-17.91999999999996
-2.840000000000032
-22.840000000000032
-0.15999999999996817
-23.159999999999968
-51.84000000000003
-16.0
-28.75999999999999
-7.759999999999991
-26.24000000000001
-0.2400000000000091
-40.19999999999999
-51.19999999999999
-29.75999999999999
-1.5
-1.4300000000000068
-16.5
-8.5
-22.0
-14.5
-3.5
-5.0
-4.0
-20.0
-44.0
-4.0
-19.0
-34.0
-41.0
-34.0
-18.0
-22.0
-10.0
-36.0
-7.0
-29.0
-15.0
-2.0
-32.0
-9.569999999999993
-4.0
-22.0
-24.0
-19.0
-2.0
-0.0
-14.0
-20.0
-24.0
-26.0
-17.0
-21.0
-37.0
-83.0
-2.0
-34.0
-14.0
-78.0
-20.439999999999998
-31.439999999999998
-21.0
-37.0
-34.0
-1.4300000000000068
-1.0
-20.0
-0.0
-19.0
-8.0
-26.0
-44.0
-165.0
-6.0
-13.0
-11.0
-15.0
-51.0
-26.0
-15.560000000000002
-49.0
-50.0
-8.0
-2.0
-3.0
-5.0
-4.0
-4.0
-1.3400000000000034
-7.5
-4.5
-10.0
-8.0
-5.5
-6.0
-59.0
-4.0
-25.0
-7.0
-3.0
-13.0
-11.0
-11.0
-1.0
-6.0
-18.0
-16.0
-32.0
-26.0
-38.0
-26.0
-16.0
-11.659999999999997
-34.0
-16.0
-19.0
-49.0
-21.5
-25.0
-5.0
-14.0
-5.0
-63.0
-29.0
-23.0
-107.0
-15.0
-59.0
-46.0
-11.0
-15.0
-51.0
-27.0
-44.0
-39.0
-7.0
-9.569999999999993
-22.0
-16.0
-2.0
-6.0
-30.0
-9.0
-3.0
-32.0
-54.0
-46.0
-13.0
-8.0
-50.0
-2.0
-0.0
-12.0
-16.0
-1.0
-71.0
-68.0
-60.0
-0.0
-8.0
-7.569999999999993
-10.0
-9.0
-33.0
-3.0
-22.0
-1.0
-6.0
-7.0
-40.0
-37.0
-81.0
-49.0
-2.0
-48.0
-12.0
-37.0
-30.0
-0.0
-33.0
-12.0
-2.0
-19.0
-3.0
-7.569999999999993
-8.5
-15.0
-1.0
-8.5
-7.0
-10.0
-2.5
-71.51999999999998
-64.50999999999999
-28.0
-54.0
-50.0
-5.0
-0.0
-8.0
-1.0
-17.0
-4.0
-20.0
-5.0
-11.0
-32.0
-16.0
-14.569999999999993
-8.5
-19.0
-6.0
-4.0
-2.0
-1.0
-9.0
-27.0
-62.0
-66.03999999999996
-35.960000000000036
-1.0
-7.0
-71.0
-10.0
-2.0
-19.0
-3.0
-107.0
-29.0
-32.0
-61.0
-27.0
-6.430000000000007
-19.5
-7.0
-461.0
-9.0
-7.0
-7.5
-40.5
-17.0
-33.0
-111.0
-55.0
-52.0
-33.0
-53.0
-46.0
-45.0
-66.0
-106.0
-178.0
-13.0
-48.0
-12.0
-56.0
-8.0
-62.0
-64.0
-21.0
-76.0
-6.0
-123.0
-49.0
-28.0
-15.0
-38.59
-7.0
-10.0
-13.0
-23.0
-7.0
-42.0
-4.0
-133.0
-129.0
-24.0
-49.0
-11.0
-0.0
-35.0
-19.0
-34.0
-9.0
-62.0
-128.0
-134.0
-50.0
-26.0
-25.0
-29.590000000000003
-25.0
-10.0
-45.0
-9.0
-45.0
-27.0
-28.0
-28.0
-87.0
-67.0
-16.0
-23.0
-19.0
-20.0
-10.0
-13.0
-18.0
-78.0
-39.0
-221.0
-25.0
-6.0
-39.0
-38.59
-6.0
-15.0
-30.0
-27.0
-26.0
-29.0
-2.0
-31.0
-76.0
-4.0
-44.0
-2.0
-11.0
-9.0
-393.0
-19.0
-22.0
-119.0
-10.0
-124.0
-58.0
-8.0
-30.0
-19.590000000000003
-29.0
-21.0
-4.0
-8.0
-10.0
-49.5
-24.0
-29.0
-147.0
-62.0
-16.0
-36.0
-12.0
-2.0
-87.0
-73.0
-47.0
-45.0
-49.0
-37.0
-8.0
-1.0
-64.0
-79.11000000000001
-11.0
-39.0
-28.0
-44.5
-53.0
-58.0
-68.0
-46.0
-84.0
-68.0
-55.0
-45.0
-61.44
-51.44
-48.0
-33.0
-58.0
-41.0
-18.0
-48.0
-6.0
-2.0
-27.0
-10.129999999999995
-20.0
-23.0
-2.0
-16.0
-24.0
-9.0
-26.5
-20.0
-8.0
-33.0
-25.0
-26.0
-38.0
-49.0
-9.0
-15.0
-26.0
-19.0
-41.0
-17.0
-13.0
-19.0
-20.0
-3.8400000000000034
-17.960000000000008
-7.960000000000008
-11.0
-17.0
-19.0
-33.0
-40.0
-32.0
-12.0
-6.0
-5.0
-374.0
-41.0
-24.0
-15.0
-30.0
-6.0
-15.0
-11.0
-19.0
-10.0
-16.0
-19.0
-0.12000000000000455
-23.0
-18.0
-23.0
-23.0
-34.0
-36.0
-38.0
-18.0
-24.0
-8.0
-11.0
-36.0
-44.0
-31.0
-6.0
-16.5
-5.0
-19.0
-16.0
-8.0
-6.0
-11.0
-19.0
-17.139999999999986
-21.0
-23.0
-3.0
-37.0
-30.0
-643.5
-28.0
-30.0
-19.919999999999987
-0.9199999999999875
-19.0
-52.0
-44.0
-27.0
-37.0
-3.0
-16.0
-23.0
-5.0
-16.0
-23.0
-3.0
-4.0
-15.099999999999994
-3.0
-18.0
-8.0
-14.0
-6.0
-18.0
-18.0
-40.0
-32.0
-9.0
-8.0
-14.0
-10.0
-22.0
-19.0
-19.0
-14.0
-11.0
-13.0
-11.0
-30.0
-14.0
-638.0
-7.819999999999993
-8.5
-19.0
-5.0
-8.0
-9.0
-27.0
-11.5
-14.0
-16.0
-33.0
-10.0
-86.0
-38.0
-20.0
-10.0
-44.0
-40.0
-30.0
-17.5
-10.919999999999987
-2.0
-784.0
-17.0
-21.129999999999995
-35.0
-34.0
-13.0
-15.0
-35.0
-18.0
-22.0
-90.5
-112.56
-79.0
-171.0
-38.0
-170.0
-94.0
-66.0
-94.0
-80.0
-103.0
-91.0
-18.0
-30.0
-13.0
-24.0
-66.11000000000001
-22.0
-5.0
-7.0
-1.0
-67.0
-52.0
-10.0
-34.0
-13.0
-107.0
-109.0
-30.0
-20.0
-82.0
-70.0
-94.0
-64.0
-81.0
-116.0
-22.0
-10.0
-33.0
-8.0
-66.11000000000001
-32.0
-47.0
-12.0
-4.0
-29.0
-31.960000000000008
-7.0
-58.0
-4.0
-93.79999999999995
-65.60000000000002
-36.60000000000002
-110.60000000000002
-232.60000000000002
-80.39999999999998
-91.20000000000005
-130.79999999999995
-114.20000000000005
-45.80000000000001
-46.19999999999999
-29.19999999999999
-5.319999999999993
-14.0
-71.11000000000001
-23.5
-49.47999999999999
-33.5
-15.0
-33.0
-57.0
-4.0
-12.0
-12.0
-44.0
-111.0
-22.0
-55.0
-121.0
-122.0
-117.0
-87.0
-120.0
-71.0
-23.0
-14.0
-57.0
-16.0
-71.11000000000001
-52.0
-23.0
-20.0
-6.0
-84.0
-813.0
-10.0
-21.0
-36.0
-125.75999999999999
-126.75999999999999
-54.75999999999999
-134.76
-73.0
-86.84000000000003
-49.84000000000003
-68.84000000000003
-74.84000000000003
-87.16000000000003
-34.839999999999975
-13.0
-17.0
-13.0
-72.11000000000001
-28.0
-22.0
-16.0
-1.0
-8.0
-33.0
-19.0
-20.0
-16.0
-10.0
-72.0
-88.48000000000002
-87.48000000000002
-30.0
-106.0
-97.0
-102.0
-34.0
-92.0
-3.0
-35.0
-7.0
-42.0
-55.110000000000014
-352.0
-45.47999999999999
-34.5
-5.0
-62.0
-49.0
-3.0
-76.0
-7.0
-58.0
-53.0
-10.0
-98.0
-32.0
-110.0
-104.0
-102.0
-24.0
-82.0
-18.0
-40.0
-12.0
-19.0
-79.11000000000001
-35.0
-33.0
-34.0
-2.0
-43.0
-29.0
-72.0
-96.0
-108.62
-14.0
-21.0
-64.0
-19.5
-1.5
-17.0
-30.0
-3.0
-15.0
-35.0
-43.0
-27.0
-19.0
-10.0
-7.639999999999986
-6.0
-12.0
-44.0
-17.0
-41.0
-1.4799999999999898
-17.5
-18.24000000000001
-10.240000000000009
-71.5
-53.0
-15.5
-3.5
-2.5
-32.0
-37.0
-42.0
-47.0
-54.0
-27.0
-19.0
-19.0
-3.0
-7.639999999999986
-20.0
-2.0
-12.0
-10.0
-16.5
-6.0
-16.0
-112.0
-45.0
-283.0
-76.0
-35.0
-159.0
-55.0
-2.0
-8.0
-21.0
-28.0
-50.0
-27.0
-30.0
-38.0
-33.0
-95.11000000000001
-20.060000000000002
-40.5
-16.0
-0.0
-38.5
-43.5
-9.5
-70.60000000000002
-117.39999999999998
-259.6
-292.6
-85.39999999999998
-2.6000000000000227
-92.60000000000002
-49.39999999999998
-56.39999999999998
-72.60000000000002
-170.60000000000002
-26.600000000000023
-69.60000000000002
-52.60000000000002
-39.60000000000002
-8.0
-79.11000000000001
-33.120000000000005
-806.0
-20.0
-31.0
-5.0
-45.0
-3.0
-171.0
-96.0
-53.0
-7.0
-34.0
-71.0
-17.0
-14.0
-6.0
-9.0
-41.0
-13.0
-8.0
-3.0
-31.0
-23.0
-88.11000000000001
-28.560000000000002
-35.0
-27.0
-19.0
-22.0
-85.5
-23.0
-71.0
-127.0
-10.0
-13.0
-75.0
-45.0
-14.0
-153.0
-11.0
-126.0
-27.0
-6.0
-39.0
-61.0
-15.0
-30.0
-74.11000000000001
-48.56
-12.0
-4.0
-29.0
-29.0
-51.5
-18.0
-54.0
-8.0
-15.0
-22.0
-24.0
-50.0
-5.0
-2.0
-4.0
-36.0
-134.0
-1.0
-78.0
-34.0
-574.0
-33.0
-67.11000000000001
-39.0
-34.0
-20.0
-31.0
-34.0
-58.0
-8.0
-1.0
-42.0
-33.0
-171.0
-191.0
-201.0
-195.0
-166.44
-31.560000000000002
-117.0
-150.0
-174.0
-4.0
-20.0
-16.0
-15.0
-50.150000000000006
-15.0
-53.0
-57.0
-30.0
-47.0
-42.0
-69.0
-25.0
-66.0
-61.0
-31.0
-45.0
-26.0
-6.0
-20.0
-45.0
-28.0
-50.0
-16.0
-19.5
-34.0
-9.0
-18.0
-5.365000000000009
-3.0
-15.0
-17.0
-4.0
-19.0
-0.0
-36.0
-106.0
-12.0
-32.0
-45.0
-96.0
-11.0
-49.0
-4.0
-17.0
-25.0
-111.0
-33.0
-6.0
-5.0
-3.0
-25.0
-104.11000000000001
-64.0
-14.0
-24.0
-9.0
-2.0
-49.0
-5.0
-22.0
-10.0
-56.0
-39.0
-21.0
-69.0
-11.0
-72.0
-58.0
-22.0
-32.0
-40.0
-5.0
-5.0
-18.0
-18.0
-72.11000000000001
-22.0
-22.0
-37.0
-21.0
-52.0
-21.0
-36.0
-94.0
-100.0
-43.0
-2.0
-46.0
-46.0
-5.0
-49.0
-21.0
-1.0
-10.0
-48.0
-59.0
-21.0
-28.0
-32.0
-102.11000000000001
-59.0
-39.0
-15.0
-50.0
-71.0
-43.0
-25.0
-72.0
-47.0
-13.080000000000041
-33.91999999999996
-29.0
-37.0
-5.0
-6.0
-47.0
-13.0
-21.0
-76.0
-47.0
-23.0
-10.0
-8.0
-67.11000000000001
-19.0
-25.0
-2.0
-24.0
-2.0
-27.0
-8.0
-72.0
-149.0
-7.0
-8.0
-1.0
-65.0
-2.4400000000000546
-120.55999999999995
-47.0
-46.0
-17.0
-5.0
-34.0
-2.0
-28.0
-12.0
-71.11000000000001
-3.0
-7.0
-3.0
-5.0
-46.0
-31.0
-34.0
-66.0
-46.0
-1.0
-41.0
-18.0
-80.0
-5.0
-9.0
-17.0
-5.0
-30.0
-7.0
-58.0
-15.0
-27.0
-18.0
-19.879999999999995
-13.0
-44.0
-6.0
-37.0
-41.0
-8.0
-29.0
-46.0
-17.0
-12.0
-6.0
-12.0
-27.0
-22.0
-16.0
-12.0
-9.0
-15.0
-3.0
-12.0
-14.0
-4.0
-8.0
-1.8799999999999955
-9.0
-8.0
-6.0
-2.0
-2.0
-8.0
-10.0
-74.0
-195.0
-132.03999999999996
-36.960000000000036
-9.0
-17.0
-52.0
-25.0
-40.0
-40.0
-9.0
-35.0
-36.0
-36.0
-79.0
-30.0
-8.0
-2.080000000000041
-19.0
-33.0
-81.0
-102.0
-54.879999999999995
-43.0
-35.0
-28.0
-10.884999999999991
-50.0
-28.0
-64.0
-68.0
-42.0
-31.0
-2.0
-141.0
-62.0
-121.0
-87.12
-34.0
-2.0
-574.0
-53.0
-59.08000000000004
-98.0
-98.0
-58.120000000000005
-127.0
-23.0
-20.0
-35.0
-54.11500000000001
-10.0
-2.0
-29.0
-21.0
-22.0
-107.0
-126.0
-95.0
-31.0
-179.0
-3.0
-22.0
-18.0
-49.0
-46.0
-54.0
-3.0
-81.0
-172.0
-32.0
-20.0
-6.0
-39.0
-15.930000000000007
-10.0
-8.0
-27.0
-17.0
-0.0
-25.0
-115.0
-156.0
-23.0
-129.0
-2.0
-3.0
-32.879999999999995
-48.0
-77.0
-72.0
-43.0
-32.0
-122.0
-18.0
-35.0
-35.0
-34.0
-13.919999999999987
-46.0
-64.0
-55.0
-10.0
-1.0
-26.0
-16.0
-2.0
-16.0
-120.0
-26.879999999999995
-25.879999999999995
-4.0
-10.0
-44.0
-5.8799999999999955
-10.0
-9.0
-25.0
-82.0
-60.0
-1.0
-33.0
-26.92500000000001
-3.0
-33.0
-29.0
-55.0
-27.0
-19.0
-18.0
-154.0
-21.0
-27.0
-78.0
-6.0
-121.0
-40.0
-43.0
-64.0
-61.0
-40.0
-62.0
-17.0
-33.0
-12.0
-3.0
-17.090000000000003
-1.0
-1.0
-11.0
-7.0
-6.0
-46.0
-101.0
-17.0
-31.0
-17.0
-42.0
-21.0
-16.0
-2.0
-17.0
-65.0
-33.0
-8.0
-36.0
-64.0
-2.0
-35.0
-9.0
-45.09
-31.0
-36.0
-24.0
-46.0
-39.0
-21.0
-13.0
-134.0
-118.0
-225.0
-26.0
-24.0
-13.0
-109.0
-82.0
-39.0
-19.0
-109.0
-26.0
-95.0
-9.0
-5.0
-43.0
-12.930000000000007
-25.0
-43.0
-43.0
-29.0
-45.0
-23.0
-17.0
-128.0
-24.0
-13.0
-9.0
-7.0
-22.0
-46.0
-22.120000000000005
-2.1200000000000045
-11.0
-56.0
-23.0
-40.0
-15.0
-11.0
-23.0
-28.86500000000001
-16.0
-10.0
-1.0
-15.0
-0.0
-5.0
-25.0
-15.0
-1.0
-17.0
-52.0
-44.0
-57.0
-4.0
-35.0
-26.0
-146.12
-13.0
-37.0
-35.0
-40.0
-22.0
-30.0
-19.80000000000001
-65.0
-2.0
-16.0
-12.0
-31.0
-20.0
-1.0
-15.0
-31.0
-9.0
-22.0
-11.879999999999995
-3.0
-86.0
-4.0
-30.0
-41.0
-11.0
-6.0
-29.0
-62.0
-9.0
-35.0
-16.17500000000001
-5.0
-14.0
-22.0
-1.0
-5.0
-15.0
-10.0
-36.0
-19.0
-27.0
-39.0
-5.0
-1.0
-14.0
-10.0
-56.0
-15.0
-21.0
-15.0
-31.0
-7.0
-24.0
-19.0
-11.175000000000011
-16.0
-13.0
-4.0
-27.0
-7.0
-47.0
-7.0
-71.0
-37.0
-51.0
-56.0
-36.0
-44.0
-56.0
-61.0
-69.0
-20.0
-30.0
-3.0
-17.0
-12.0
-10.0
-63.0
-49.09
-13.0
-23.0
-42.0
-21.0
-21.0
-41.0
-42.0
-162.0
-50.0
-76.0
-73.0
-62.0
-64.0
-64.0
-26.0
-5.0
-14.0
-128.0
-1.0
-39.0
-10.0
-1.0
-1.0
-1.1750000000000114
-13.0
-6.0
-11.0
-32.0
-41.0
-4.0
-19.0
-67.0
-73.0
-123.0
-145.0
-26.0
-162.0
-12.0
-12.0
-53.799999999999955
-3.7999999999999545
-69.0
-66.0
-118.0
-5.0
-20.0
-15.0
-1.1750000000000114
-12.0
-28.0
-15.0
-30.0
-23.0
-39.0
-12.0
-168.0
-54.0
-127.0
-240.0
-140.0
-8.0
-126.0
-32.0
-83.0
-49.0
-22.0
-4.0
-13.0
-25.0
-23.0
-4.0
-35.150000000000006
-23.0
-128.0
-29.0
-12.0
-10.0
-46.0
-8.0
-87.0
-105.0
-42.0
-119.0
-130.0
-139.0
-118.0
-56.0
-1.0
-11.0
-3.0
-2.0
-15.0
-10.0
-2.0
-7.0
-5.139999999999986
-12.0
-1.0
-1.0
-11.0
-5.0
-1.0
-1.0
-16.0
-19.0
-4.0
-2.0
-10.0
-13.0
-13.0
-8.0
-0.0
-12.0
-9.0
-3.0
-18.0
-10.0
-4.0
-12.0
-6.139999999999986
-24.0
-24.0
-2.0
-3.0
-9.0
-4.0
-10.0
-9.0
-11.0
-4.0
-1.0
-2.0
-21.0
-11.0
-8.5
-22.5
-4.0
-9.0
-8.0
-4.0
-15.0
-3.0
-11.0
-6.139999999999986
-10.0
-1.5
-1.0
-22.0
-11.5
-16.0
-32.0
-2.0
-6.0
-20.0
-8.0
-3.0
-10.0
-10.0
-4.0
-19.0
-9.0
-3.0
-14.0
-9.0
-12.0
-2.0
-9.0
-5.860000000000014
-19.0
-1.0
-14.0
-21.0
-6.0
-12.0
-12.0
-14.0
-2.0
-17.0
-1.0
-17.0
-4.0
-10.0
-14.0
-11.0
-4.0
-4.0
-18.0
-6.0
-29.0
-9.0
-21.0
-3.8799999999999955
-28.0
-25.0
-8.0
-26.0
-1.0
-1.0
-25.0
-23.0
-17.0
-14.0
-1.5
-12.0
-12.0
-8.0
-5.0
-3.0
-1.0
-25.0
-8.0
-21.0
-18.0
-15.0
-12.0
-7.925000000000011
-5.0
-15.0
-35.0
-2.0
-6.0
-0.0
-16.0
-2.0
-3.0
-33.0
-15.0
-11.0
-10.0
-21.0
-15.0
-2.0
-22.0
-7.0
-23.0
-12.0
-20.0
-10.0
-4.0
-5.074999999999989
-5.0
-21.0
-17.0
-16.0
-7.0
-4.0
-23.0
-661.0
-93.0
-149.0
-51.0
-43.0
-59.0
-18.0
-137.0
-36.0
-11.0
-121.0
-53.0
-46.0
-21.0
-36.0
-66.0
-30.035000000000025
-38.0
-40.0
-37.0
-39.0
-71.0
-7.0
-31.0
-128.0
-149.0
-104.0
-5.0
-20.0
-61.0
-11.120000000000005
-50.0
-67.0
-23.0
-63.0
-250.0
-83.0
-1.0
-517.0
-4.0
-780.9649999999999
-15.0
-14.0
-5.0
-3.0
-1.0
-15.0
-6.0
-27.0
-5.0
-35.0
-43.0
-29.0
-11.0
-202.0
-39.0
-58.0
-37.0
-117.0
-4.0
-94.0
-11.0
-33.0
-60.0
-5.964999999999975
-58.0
-57.0
-12.0
-11.0
-23.0
-2.0
-2.0
-52.0
-2.0
-89.88
-53.0
-47.0
-17.0
-50.0
-61.0
-41.0
-24.0
-50.0
-6.0
-14.0
-30.0
-14.0
-0.0
-10.964999999999975
-5.0
-15.0
-2.0
-5.0
-6.0
-7.0
-5.0
-206.0
-6.0
-6.0
-62.0
-60.0
-10.0
-3.0
-5.0
-2.0
-45.84
-37.0
-32.0
-47.0
-10.0
-22.0
-8.0
-42.07499999999999
-1.0
-37.0
-6.0
-1.0
-34.0
-14.5
-12.0
-130.0
-78.15999999999997
-44.15999999999997
-43.84000000000003
-3.840000000000032
-45.15999999999997
-120.27999999999997
-89.15999999999997
-94.15999999999997
-69.15999999999997
-40.15999999999997
-136.15999999999997
-16.160000000000025
-75.83999999999997
-18.160000000000025
-42.0
-26.964999999999975
-5.0
-4.0
-8.0
-7.0
-28.0
-1.0
-0.0
-58.0
-43.0
-118.0
-15.0
-135.0
-34.08000000000004
-39.0
-31.0
-56.0
-16.0
-61.0
-83.0
-37.079999999999984
-82.0
-18.0
-15.0
-19.964999999999975
-29.0
-27.0
-4.0
-18.0
-2.0
-12.0
-9.0
-1.6399999999999864
-43.639999999999986
-23.75999999999999
-30.879999999999995
-134.67999999999995
-77.55999999999995
-115.0
-107.51999999999998
-108.51999999999998
-12.960000000000036
-49.039999999999964
-2.5599999999999454
-26.560000000000002
-106.0
-17.0
-74.0
-219.96499999999997
-23.5
-4.0
-10.5
-4.5
-4.0
-12.0
-7.0
-4.699999999999989
-57.83000000000004
-53.700000000000045
-63.67999999999995
-69.91999999999996
-45.08000000000004
-37.91999999999996
-19.039999999999964
-4.919999999999959
-1.080000000000041
-23.91999999999996
-14.080000000000041
-41.920000000000016
-64.07999999999998
-34.920000000000016
-30.0
-63.964999999999975
-18.5
-6.0
-0.5
-4.5
-4.0
-13.0
-5.0
-2.0
-16.0
-127.0
-18.0
-11.0
-6.8799999999999955
-32.67999999999995
-3.32000000000005
-16.67999999999995
-5.840000000000032
-63.27999999999997
-42.799999999999955
-14.199999999999989
-95.80000000000001
-68.0
-9.0
-10.964999999999975
-21.5
-14.0
-13.0
-3.0
-22.0
-10.0
-9.0
-15.0
-1.0
-43.0
-48.0
-30.0
-30.039999999999992
-51.04000000000002
-54.51999999999998
-49.51999999999998
-27.680000000000007
-18.0
-38.68000000000001
-6.5
-9.0
-22.0
-13.0
-42.07499999999999
-11.0
-22.0
-15.0
-10.0
-1.0
-4.0
-24.0
-31.0
-13.0
-30.0
-63.0
-1.0
-14.0
-15.759999999999991
-19.25999999999999
-25.75999999999999
-40.75999999999999
-21.0
-32.0
-4.0
-49.0
-50.0
-34.0
-14.074999999999989
-34.0
-49.0
-42.0
-38.0
-35.0
-38.0
-40.0
-151.0
-14.0
-37.0
-69.08000000000004
-40.0
-27.0
-60.0
-38.0
-44.0
-16.120000000000005
-25.0
-202.0
-44.0
-25.0
-52.0
-14.0
-19.964999999999975
-16.840000000000003
-12.0
-26.75999999999999
-31.72
-14.0
-20.0
-9.0
-151.0
-46.0
-47.0
-3.0
-19.0
-4.0
-33.120000000000005
-17.120000000000005
-25.0
-11.0
-69.0
-11.67999999999995
-69.83999999999997
-14.160000000000025
-101.0
-52.0
-28.220000000000027
-51.68000000000001
-21.0
-37.52000000000001
-9.0
-43.0
-34.0
-2.0
-207.36
-53.48000000000002
-10.200000000000045
-32.51999999999998
-16.399999999999977
-18.32000000000005
-31.0
-13.840000000000032
-6.279999999999973
-32.120000000000005
-69.88
-4.1200000000000045
-68.0
-28.0
-42.0
-80.0
-35.15499999999997
-14.840000000000003
-12.0
-19.75999999999999
-17.5
-25.5
-40.0
-8.0
-92.0
-12.279999999999973
-2.7200000000000273
-51.960000000000036
-36.960000000000036
-2.9600000000000364
-19.960000000000036
-26.960000000000036
-51.960000000000036
-26.960000000000036
-34.039999999999964
-19.960000000000036
-102.04000000000002
-2.9599999999999795
-50.04000000000002
-24.0
-35.15499999999997
-14.840000000000003
-27.0
-17.0
-20.0
-32.0
-18.0
-21.0
-5.0
-5.0
-60.0
-8.0
-5.8799999999999955
-31.0
-39.0
-30.0
-50.0
-86.0
-3.0
-2.0
-23.120000000000005
-7.0
-50.0
-24.0
-18.845000000000027
-1.5
-13.0
-4.5
-6.0
-5.0
-2.5
-6.5
-87.5
-0.5
-18.0
-73.0
-69.0
-38.0
-38.0
-39.74000000000001
-14.519999999999982
-38.52000000000001
-51.0
-38.0
-76.0
-28.0
-66.0
-81.0
-46.07499999999999
-28.5
-7.0
-9.5
-1.0
-10.0
-2.5
-12.5
-152.5
-4.5
-38.0
-14.5
-19.0
-5.5
-3.240000000000009
-19.25999999999999
-11.740000000000009
-22.24000000000001
-18.840000000000003
-20.0
-9.0
-41.5
-16.0
-1.0
-46.07499999999999
-36.84
-64.66
-52.0
-7.5
-34.5
-13.0
-0.0
-2.0
-5.0
-19.0
-28.0
-14.0
-37.0
-145.08000000000004
-40.0
-11.0
-25.0
-38.0
-44.0
-16.120000000000005
-25.0
-188.0
-73.0
-6.0
-52.0
-24.0
-73.96499999999997
-37.16
-42.0
-22.75999999999999
-54.72
-22.0
-394.0
-9.0
-9.0
-46.0
-12.0
-3.0
-19.0
-1.0
-47.120000000000005
-31.120000000000005
-25.0
-11.0
-49.0
-11.67999999999995
-69.83999999999997
-36.839999999999975
-48.0
-43.0
-30.220000000000027
-53.68000000000001
-12.0
-37.52000000000001
-9.0
-43.0
-40.0
-5.0
-76.36000000000001
-37.48000000000002
-69.20000000000005
-32.51999999999998
-16.399999999999977
-25.32000000000005
-24.0
-6.840000000000032
-6.279999999999973
-32.120000000000005
-67.88
-4.1200000000000045
-58.0
-1.0
-32.0
-80.0
-356.845
-12.840000000000003
-21.0
-19.75999999999999
-17.5
-28.5
-20.0
-8.0
-21.0
-28.279999999999973
-5.720000000000027
-51.960000000000036
-36.960000000000036
-2.9600000000000364
-12.960000000000036
-26.960000000000036
-51.960000000000036
-26.960000000000036
-54.039999999999964
-19.960000000000036
-83.04000000000002
-2.9599999999999795
-57.04000000000002
-17.0
-28.154999999999973
-28.840000000000003
-41.0
-24.0
-15.0
-3.0
-18.0
-21.0
-5.0
-5.0
-60.0
-8.0
-5.8799999999999955
-21.0
-39.0
-30.0
-57.0
-86.0
-3.0
-2.0
-23.120000000000005
-27.0
-31.0
-24.0
-44.15499999999997
-14.5
-25.0
-7.5
-8.0
-3.0
-2.5
-3.5
-99.5
-0.5
-47.0
-45.0
-41.0
-50.0
-6.0
-4.259999999999991
-44.48000000000002
-26.52000000000001
-8.0
-697.0
-17.0
-31.0
-7.0
-22.0
-46.07499999999999
-28.5
-7.0
-20.5
-1.0
-10.0
-2.5
-12.5
-92.5
-3.5
-24.0
-14.5
-19.0
-5.5
-3.240000000000009
-3.259999999999991
-30.74000000000001
-22.24000000000001
-18.840000000000003
-20.0
-9.0
-27.5
-29.0
-16.0
-42.07499999999999
-51.84
-72.66
-35.0
-43.5
-14.5
-28.5
-7.0
-86.0
-42.0
-193.0
-51.559999999999945
-2.32000000000005
-49.440000000000055
-8.67999999999995
-11.67999999999995
-89.67999999999995
-13.840000000000032
-27.159999999999968
-37.15999999999997
-215.15999999999997
-112.16000000000003
-75.16000000000003
-46.0
-28.154999999999973
-28.840000000000003
-16.659999999999997
-11.0
-20.0
-14.0
-12.0
-24.0
-12.0
-22.0
-30.0
-20.0
-11.600000000000023
-69.67999999999995
-3.3999999999999773
-3.0
-30.559999999999945
-10.559999999999945
-82.55999999999995
-34.440000000000055
-76.44
-17.439999999999998
-15.439999999999998
-7.0
-33.089999999999975
-7.840000000000003
-13.319999999999993
-2.0
-34.0
-53.0
-41.0
-3.0
-70.0
-61.08000000000004
-90.0
-20.0
-31.0
-1.0
-41.0
-1.0
-55.0
-34.0
-22.0
-3.0
-152.0
-15.0
-53.0
-2.0
-15.97999999999999
-12.840000000000003
-7.0
-18.0
-25.0
-33.0
-13.0
-23.0
-56.0
-52.0
-10.0
-8.0
-44.0
-73.88
-1.0
-9.0
-48.0
-28.0
-4.0
-39.0
-89.0
-29.0
-36.0
-46.0
-11.39500000000001
-40.84
-28.0
-2.0
-20.0
-5.0
-27.0
-0.0
-6.0
-44.0
-39.120000000000005
-8.480000000000018
-41.48000000000002
-64.48000000000002
-17.480000000000018
-21.879999999999995
-5.0
-41.879999999999995
-24.32000000000005
-51.67999999999995
-176.68
-16.0
-4.0
-35.0
-16.39500000000001
-14.5
-36.0
-2.5
-19.0
-12.0
-1.0
-3.5
-152.5
-147.0
-30.0
-82.0
-40.0
-38.0
-16.0
-110.0
-42.0
-23.0
-30.0
-3.0
-34.0
-40.5
-23.0
-0.0
-42.07499999999999
-13.5
-34.0
-4.0
-23.0
-2.0
-6.0
-29.0
-157.0
-4.0
-17.0
-12.0
-23.0
-7.0
-7.0
-18.0
-21.0
-9.0
-9.0
-3.0
-10.0
-33.0
-18.0
-0.0
-42.07499999999999
-40.84
-4.0
-13.0
-8.0
-13.0
-16.0
-4.0
-137.0
-116.0
-44.0
-17.0
-1.0
-6.0
-4.0
-21.0
-2.0
-24.0
-37.0
-4.0
-239.88
-59.0
-29.0
-7.0
-16.39500000000001
-26.0
-5.0
-17.0
-20.0
-7.0
-7.0
-33.0
-5.0
-3.0
-24.0
-15.0
-28.0
-26.879999999999995
-44.0
-5.0
-25.879999999999995
-17.0
-1.0
-11.120000000000005
-71.0
-23.0
-23.0
-29.0
-32.81
-7.0
-38.920000000000016
-52.920000000000016
-44.920000000000016
-4.5
-48.920000000000016
-61.920000000000016
-43.079999999999984
-240.07999999999998
-274.0
-54.0
-42.0
-10.0
-24.0
-4.0
-35.0
-132.0
-80.0
-13.0
-113.0
-22.879999999999995
-75.0
-6.0
-26.939999999999998
-4.0
-34.0
-20.0
-22.0
-28.0
-14.0
-24.0
-23.0
-7.0
-6.0
-19.0
-3.1200000000000045
-60.0
-6.0
-57.0
-16.0
-33.0
-1.080000000000041
-40.0
-112.0
-14.0
-27.0
-30.0
-23.860000000000014
-8.0
-9.0
-9.0
-18.0
-20.0
-29.0
-7.0
-31.0
-12.0
-36.0
-5.0
-66.0
-13.0
-7.0
-27.0
-25.0
-14.0
-17.0
-64.0
-3.0
-10.0
-38.0
-22.0
-24.345000000000027
-17.0
-44.0
-8.0
-3.0
-776.0
-4.0
-7.0
-102.0
-67.0
-41.0
-27.0
-28.0
-46.0
-27.0
-49.0
-44.0
-31.0
-41.0
-48.0
-26.0
-11.0
-14.0
-14.0
-42.07499999999999
-10.0
-17.0
-15.0
-7.0
-20.0
-7.0
-11.0
-11.0
-9.0
-17.0
-46.0
-10.0
-6.0
-6.0
-46.0
-23.0
-44.0
-13.0
-17.0
-28.0
-12.0
-694.0
-21.0
-16.07499999999999
-8.0
-13.0
-3.0
-9.0
-11.0
-23.0
-30.0
-134.0
-38.0
-24.0
-69.91999999999996
-20.0
-17.0
-54.200000000000045
-20.0
-36.0
-2.0
-13.0
-57.0
-116.0
-17.0
-41.0
-9.0
-45.34500000000003
-1.0
-0.0
-6.0
-19.0
-0.5
-8.0
-30.0
-23.0
-52.0
-35.0
-63.0
-31.0
-56.0
-9.0
-60.0
-99.0
-109.0
-8.0
-18.0
-67.24000000000001
-80.0
-20.0
-10.0
-40.34500000000003
-43.0
-24.0
-2.0
-2.0
-15.0
-27.0
-7.0
-119.0
-131.0
-25.0
-52.0
-31.0
-75.0
-17.0
-24.879999999999995
-2.0
-30.0
-44.0
-19.0
-71.0
-82.0
-60.0
-51.0
-12.170000000000016
-20.0
-51.0
-23.0
-22.0
-10.0
-17.0
-49.0
-10.0
-68.0
-26.0
-22.0
-13.0
-26.0
-5.0
-24.0
-40.0
-17.0
-16.0
-45.0
-3.0
-13.0
-13.0
-8.0
-2.8799999999999955
-58.0
-37.0
-1.0
-6.0
-5.0
-16.0
-13.0
-130.12
-51.0
-15.0
-71.0
-20.0
-75.88
-10.0
-22.0
-37.0
-49.0
-36.0
-42.0
-9.0
-100.0
-73.0
-86.0
-35.46500000000003
-38.0
-17.0
-4.0
-4.0
-23.0
-3.0
-16.0
-63.0
-15.0
-1.0
-20.0
-36.0
-502.0
-22.0
-16.0
-14.0
-11.0
-26.0
-8.0
-2.0
-3.0
-18.0
-39.0
-27.07499999999999
-9.0
-31.0
-5.0
-24.0
-25.0
-4.0
-28.0
-12.0
-38.0
-90.0
-8.0
-24.0
-15.0
-1.0
-4.0
-27.0
-18.0
-0.0
-35.0
-13.0
-20.0
-15.0
-33.0
-5.074999999999989
-6.0
-5.0
-4.0
-13.0
-7.0
-25.0
-45.0
-20.0
-36.0
-69.0
-84.0
-14.0
-0.0
-10.0
-15.0
-7.0
-39.0
-11.0
-1.0
-10.0
-12.0
-1.0
-30.0
-27.07499999999999
-4.0
-16.0
-33.0
-21.0
-19.0
-32.0
-27.0
-9.0
-199.0
-113.0
-40.0
-30.0
-33.0
-1.8799999999999955
-64.0
-14.080000000000041
-12.0
-40.0
-11.080000000000041
-93.0
-44.0
-36.0
-495.0
-46.46500000000003
-45.0
-4.0
-4.0
-5.0
-5.0
-18.0
-9.0
-109.0
-13.0
-11.0
-31.0
-1.0
-52.0
-18.0
-16.879999999999995
-0.0
-8.0
-14.0
-32.0
-29.0
-28.0
-41.0
-11.0
-37.46500000000003
-29.5
-2.0
-9.5
-1.0
-15.0
-38.0
-30.0
-52.0
-52.0
-14.0
-1.0
-16.0
-61.0
-25.0
-12.0
-10.0
-19.0
-2.0
-35.0
-62.0
-51.0
-91.0
-3.079999999999984
-6.534999999999968
-60.0
-35.0
-7.5
-6.0
-6.0
-29.0
-8.0
-25.0
-49.0
-46.0
-48.0
-52.0
-59.0
-79.0
-46.0
-31.0
-33.879999999999995
-91.0
-80.0
-36.0
-28.0
-39.0
-21.0
-30.465000000000032
-60.0
-58.0
-9.0
-38.0
-31.0
-31.0
-18.0
-130.0
-7.0
-46.0
-70.0
-25.0
-12.0
-17.0
-29.0
-5.0
-20.0
-17.0
-5.0
-15.0
-39.0
-6.0
-14.0
-27.07499999999999
-4.0
-25.0
-14.0
-13.0
-7.0
-4.0
-29.0
-2.0
-3.4399999999999977
-6.0
-4.0
-3.0
-9.0
-23.0
-27.0
-5.0
-51.0
-9.0
-22.0
-44.0
-40.0
-30.0
-15.0
-5.074999999999989
-4.0
-30.0
-1.0
-31.0
-13.0
-4.0
-1.0
-131.0
-395.0
-16.879999999999995
-123.0
-60.0
-20.0
-14.0
-42.0
-83.12
-52.0
-64.0
-54.0
-47.0
-17.0
-56.0
-292.0
-56.46500000000003
-7.0
-0.0
-24.0
-14.0
-3.0
-19.0
-2.0
-48.0
-23.0
-52.960000000000036
-18.039999999999964
-53.0
-22.0
-64.0
-7.080000000000041
-29.0
-45.0
-12.0
-12.0
-54.0
-62.120000000000005
-59.0
-495.0
-30.465000000000032
-0.0
-45.0
-21.0
-20.0
-3.0
-11.0
-17.0
-39.0
-187.0
-62.0
-35.0
-1.0
-4.0
-36.0
-33.0
-36.0
-3.0
-39.0
-51.0
-63.0
-14.0
-55.0
-10.0
-168.95
-16.5
-10.0
-3.0
-1.0
-14.0
-25.0
-5.0
-48.0
-24.0
-18.0
-25.0
-30.0
-61.0
-12.879999999999995
-15.879999999999995
-1.0
-37.0
-6.2000000000000455
-19.0
-42.0
-47.0
-46.0
-35.0
-13.485000000000014
-33.0
-1.0
-10.0
-13.0
-36.0
-27.0
-23.0
-39.0
-18.0
-48.0
-48.0
-6.0
-16.0
-19.879999999999995
-38.0
-46.0
-73.0
-32.0
-45.0
-60.0
-16.0
-33.0
-16.0
-20.485000000000014
-4.0
-18.0
-3.0
-18.0
-7.0
-20.0
-15.0
-79.0
-34.879999999999995
-70.0
-17.0
-107.0
-11.0
-24.0
-56.0
-69.0
-50.0
-50.0
-31.0
-33.0
-13.0
-3.0
-1.0
-59.07499999999999
-26.0
-39.0
-17.0
-33.0
-36.0
-11.0
-0.0
-4.0
-19.0
-5.0
-35.0
-19.0
-4.0
-12.0
-44.0
-16.0
-31.0
-8.0
-20.0
-13.0
-11.0
-0.6800000000000068
-21.5
-17.0
-33.0
-59.0
-4.0
-10.0
-75.0
-26.0
-52.0
-49.48000000000002
-40.48000000000002
-23.0
-3.0
-341.44000000000005
-22.559999999999945
-7.440000000000055
-30.559999999999945
-50.559999999999945
-104.56
-35.56
-33.56
-3.840000000000032
-40.0
-44.68000000000001
-42.5
-51.5
-16.5
-21.0
-45.0
-58.0
-41.48000000000005
-38.0
-3.0
-11.0
-16.0
-31.0
-5.0
-32.0
-24.0
-49.0
-83.0
-44.0
-1.0
-5.0
-38.0
-4.0
-6.0
-27.620000000000005
-17.5
-26.5
-21.5
-26.0
-15.0
-28.0
-12.480000000000047
-20.0
-5.0
-62.0
-46.0
-57.5
-19.5
-53.5
-44.5
-42.5
-48.5
-56.5
-1.0
-13.0
-1.0
-5.0
-26.0
-7.3799999999999955
-19.5
-10.0
-33.0
-9.5
-13.5
-13.5
-31.0
-79.72000000000003
-64.68
-109.32000000000005
-63.32000000000005
-18.32000000000005
-23.67999999999995
-5.32000000000005
-45.32000000000005
-92.32000000000005
-3.32000000000005
-37.67999999999995
-34.68000000000001
-1.6800000000000068
-85.68
-0.6800000000000068
-40.68000000000001
-8.319999999999993
-12.5
-11.0
-56.0
-42.5
-3.5
-8.5
-12.0
-85.51999999999998
-17.480000000000018
-45.48000000000002
-63.48000000000002
-53.48000000000002
-5.519999999999982
-10.480000000000018
-16.480000000000018
-31.480000000000018
-16.480000000000018
-80.48000000000002
-4.519999999999982
-4.480000000000018
-31.519999999999982
-45.51999999999998
-41.84
-19.319999999999993
-1.5
-11.0
-1.0
-14.5
-10.5
-9.5
-12.0
-31.0
-24.0
-46.0
-85.0
-8.0
-34.0
-17.0
-1.0
-6.0
-33.0
-68.0
-62.0
-52.0
-6.0
-22.0
-21.0
-8.319999999999993
-14.0
-20.0
-18.0
-41.0
-25.0
-39.0
-23.0
-0.0
-32.0
-282.0
-70.0
-20.0
-29.0
-55.0
-44.0
-31.0
-40.0
-5.0
-34.0
-42.0
-5.0
-7.0
-0.0
-2.680000000000007
-17.0
-5.0
-12.0
-15.0
-10.0
-18.0
-11.0
-30.0
-29.0
-44.0
-13.0
-10.0
-1.0
-5.0
-30.440000000000055
-58.440000000000055
-79.0
-61.0
-89.0
-70.0
-32.0
-16.0
-8.0
-36.120000000000005
-15.0
-40.0
-9.0
-3.0
-8.0
-46.0
-31.0
-122.0
-6.0
-17.0
-5.0
-3.0
-58.0
-22.0
-12.0
-4.0
-18.0
-96.0
-74.0
-80.0
-79.0
-21.0
-2.0
-10.620000000000005
-15.0
-6.0
-2.0
-15.0
-21.0
-70.0
-8.0
-34.0
-46.0
-10.0
-17.0
-34.0
-31.0
-10.0
-60.0
-39.0
-46.0
-66.0
-28.0
-17.0
-10.0
-23.0
-0.0
-18.090000000000003
-4.0
-1.0
-11.0
-5.0
-7.0
-4.0
-9.0
-154.0
-50.0
-14.0
-7.0
-27.0
-85.0
-40.0
-13.0
-8.0
-117.0
-14.0
-23.0
-12.0
-15.0
-2.0
-16.0
-8.590000000000003
-4.0
-9.0
-48.0
-55.0
-27.0
-10.0
-11.0
-36.0
-179.0
-1.0
-17.0
-95.0
-29.0
-5.0
-8.0
-15.0
-41.0
-19.0
-2.0
-28.0
-26.0
-5.0
-17.0
-13.590000000000003
-15.0
-2.0
-7.0
-1.0
-17.0
-17.0
-13.0
-11.0
-46.0
-15.0
-8.0
-72.0
-9.0
-11.0
-9.0
-4.0
-52.0
-41.0
-131.0
-17.0
-36.0
-7.0
-16.0
-10.939999999999998
-13.0
-18.0
-12.0
-0.0
-10.0
-9.0
-9.0
-14.0
-60.0
-20.0
-12.0
-88.0
-46.0
-5.0
-1.0
-21.0
-33.0
-47.0
-94.0
-9.0
-28.0
-66.0
-24.0
-45.38499999999999
-30.0
-21.0
-15.0
-26.0
-12.0
-31.0
-7.0
-9.0
-14.0
-40.0
-7.0
-76.0
-30.0
-28.0
-10.0
-53.0
-71.0
-25.0
-123.0
-14.0
-4.0
-10.0
-1.0
-33.38499999999999
-44.0
-40.0
-39.0
-9.0
-15.0
-8.0
-29.0
-115.0
-14.0
-53.0
-34.0
-21.560000000000002
-28.439999999999998
-30.0
-11.0
-34.0
-5.0
-17.0
-10.0
-32.0
-30.0
-10.0
-10.0
-21.085000000000008
-8.0
-20.0
-2.0
-2.0
-1.0
-19.0
-1.0
-3.0
-37.0
-7.0
-6.0
-8.0
-3.0
-20.5
-21.519999999999982
-3.0
-20.0
-42.0
-45.0
-42.0
-152.0
-13.0
-5.0
-1.085000000000008
-5.0
-4.0
-29.0
-20.0
-12.0
-11.0
-24.0
-117.0
-124.0
-5.0
-1.4400000000000546
-43.440000000000055
-26.0
-38.0
-2.0
-7.0
-7.0
-414.0
-196.0
-8.0
-43.0
-28.0
-21.0
-44.38499999999999
-10.0
-13.0
-13.0
-6.0
-24.0
-28.0
-3.0
-219.0
-36.0
-29.0
-8.0
-45.0
-52.440000000000055
-4.440000000000055
-38.0
-11.0
-18.0
-34.0
-32.0
-39.0
-75.0
-22.0
-15.0
-22.38499999999999
-7.0
-19.0
-15.0
-19.0
-3.0
-811.0
-3.0
-217.0
-10.0
-82.0
-32.0
-34.0
-35.0
-42.0
-34.0
-11.0
-56.0
-32.0
-36.0
-64.0
-47.0
-25.0
-1.0
-22.38499999999999
-4.0
-13.0
-4.0
-1.0
-7.0
-18.0
-7.0
-50.0
-1.0
-9.0
-314.0
-95.0
-23.0
-15.0
-14.0
-31.0
-42.0
-45.0
-6.0
-14.0
-12.0
-11.0
-1.0
-22.38499999999999
-3.0
-15.0
-2.0
-11.0
-13.0
-26.0
-12.0
-96.0
-42.0
-9.0
-15.0
-153.03999999999996
-122.03999999999996
-9.960000000000036
-1.0399999999999636
-19.039999999999964
-32.039999999999964
-52.960000000000036
-37.04000000000002
-50.04000000000002
-24.95999999999998
-17.5
-0.5
-57.38499999999999
-5.0
-24.17500000000001
-16.680000000000007
-12.0
-27.67500000000001
-33.18000000000001
-49.68000000000001
-6.5
-32.5
-28.039999999999992
-10.04000000000002
-39.0
-5.0
-47.0
-15.0
-1.0
-20.0
-15.0
-26.0
-4.0
-21.0
-5.0
-35.0
-18.085000000000008
-8.0
-30.349999999999994
-19.360000000000014
-12.0
-31.349999999999994
-24.360000000000014
-15.360000000000014
-10.5
-8.5
-41.48000000000002
-35.98000000000002
-24.5
-46.0
-12.0
-4.0
-13.0
-4.0
-12.0
-4.0
-7.0
-35.0
-4.0
-14.0
-26.080000000000013
-31.960000000000008
-29.0
-15.0
-27.0
-32.0
-31.0
-3.0
-103.0
-109.0
-34.0
-54.0
-15.0
-26.0
-23.0
-4.0
-52.0
-5.0
-320.0
-90.0
-32.0
-25.0
-33.0
-6.0
-57.38499999999999
-14.47999999999999
-0.0
-3.0
-20.0
-3.0
-3.0
-17.0
-43.0
-60.0
-69.0
-22.0
-11.0
-14.0
-48.0
-31.0
-23.0
-43.0
-71.0
-235.0
-3.0
-59.0
-12.0
-21.0
-22.38499999999999
-11.0
-11.0
-5.0
-10.0
-4.0
-20.0
-8.0
-16.0
-20.0
-7.0
-18.0
-47.0
-16.0
-15.0
-64.0
-8.0
-44.0
-42.0
-21.0
-17.0
-64.0
-22.0
-16.0
-38.38499999999999
-22.0
-6.0
-1.0
-22.0
-21.0
-1.0
-8.0
-37.0
-40.0
-5.0
-26.0
-14.0
-38.0
-1.0
-3.0
-15.0
-30.0
-41.0
-2.0
-6.0
-53.0
-7.0
-28.0
-17.38499999999999
-19.0
-17.0
-13.0
-11.0
-9.0
-2.0
-1.0
-63.0
-141.0
-10.0
-39.0
-9.0
-2.0
-46.0
-24.0
-9.0
-53.0
-80.0
-42.0
-0.0
-32.0
-9.0
-4.0
-24.38499999999999
-17.0
-25.0
-10.0
-14.0
-21.0
-24.0
-27.0
-12.0
-41.0
-7.0
-29.0
-35.0
-153.0
-149.0
-150.0
-160.27999999999997
-3.7200000000000273
-53.80000000000001
-33.19999999999999
-37.5
-22.0
-19.0
-1.0
-43.610000000000014
-18.0
-3.0
-16.0
-8.0
-1.0
-9.0
-9.0
-9.0
-6.0
-26.0
-47.44
-72.44
-64.44
-79.44
-101.44
-95.44
-130.44
-58.0
-26.0
-37.0
-15.0
-16.0
-5.0
-26.610000000000014
-4.0
-29.0
-7.0
-9.0
-11.0
-0.0
-39.0
-12.0
-26.0
-1.0
-57.0
-15.0
-24.0
-9.0
-59.0
-41.0
-40.0
-24.0
-49.0
-11.0
-50.0
-10.0
-11.0
-22.38499999999999
-41.0
-10.0
-5.0
-27.0
-7.0
-15.0
-17.5
-35.51999999999998
-2.0
-2.0
-24.0
-11.0
-23.0
-26.0
-17.0
-0.0
-17.0
-3.0
-14.0
-21.0
-6.0
-20.0
-8.0
-17.38499999999999
-3.0
-10.0
-0.0
-12.0
-0.0
-37.0
-27.0
-30.0
-0.0
-8.0
-27.0
-14.0
-33.0
-79.0
-5.0
-7.0
-5.0
-4.0
-19.0
-45.0
-1.0
-34.0
-44.0
-24.38499999999999
-178.07999999999998
-202.07999999999998
-198.07999999999998
-201.07999999999998
-201.07999999999998
-199.07999999999998
-130.07999999999998
-116.07999999999998
-25.91999999999996
-127.84000000000003
-273.15999999999997
-292.08000000000004
-58.91999999999996
-111.91999999999996
-175.0
-174.15999999999997
-137.15999999999997
-13.0
-248.0
-68.0
-98.0
-78.0
-6.0
-17.38499999999999
-59.0
-40.0
-6.0
-35.0
-5.0
-33.0
-21.0
-154.0
-17.0
-33.0
-32.0
-17.0
-12.0
-66.0
-5.0
-10.0
-41.0
-14.0
-18.0
-39.0
-45.0
-27.0
-14.0
-24.38499999999999
-22.0
-6.0
-21.0
-27.0
-18.0
-26.0
-46.0
-73.0
-1.0
-14.0
-12.0
-15.0
-21.0
-42.0
-11.0
-14.0
-32.0
-27.0
-4.0
-39.0
-71.0
-0.0
-9.0
-16.610000000000014
-7.0
-16.0
-1.0
-15.0
-8.0
-11.0
-823.0
-4.5
-127.5
-10.0
-45.0
-38.0
-34.0
-70.0
-85.0
-68.0
-64.0
-62.0
-26.0
-544.0
-30.0
-8.0
-7.0
-24.610000000000014
-15.0
-2.0
-13.0
-31.0
-35.0
-11.0
-8.0
-108.0
-52.0
-8.0
-30.0
-5.0
-32.0
-67.0
-45.0
-2.0
-12.0
-32.0
-6.0
-40.0
-2.0
-42.0
-11.0
-1.615000000000009
-16.0
-5.0
-3.0
-17.0
-15.0
-9.0
-7.0
-11.0
-2.0
-7.0
-6.0
-56.0
-11.0
-31.0
-24.0
-6.0
-31.0
-50.0
-13.0
-20.0
-29.0
-38.0
-28.0
-19.61500000000001
-51.5
-44.5
-17.0
-13.5
-3.5
-5.0
-1.0
-16.0
-1.0
-31.0
-5.0
-5.0
-13.0
-24.0
-24.0
-25.91999999999996
-10.919999999999959
-6.0
-1.0
-85.0
-14.0
-36.0
-0.0
-22.38499999999999
-5.5
-8.0
-9.0
-16.0
-5.0
-7.0
-11.0
-32.0
-22.0
-24.0
-38.0
-24.0
-0.0
-22.0
-4.0
-16.0
-4.099999999999994
-15.0
-15.0
-16.0
-3.0
-35.0
-53.0
-15.0
-144.0
-6.0
-33.0
-44.0
-27.0
-59.0
-24.0
-30.0
-5.0
-36.0
-371.0
-428.0
-63.0
-110.0
-1.0
-24.0
-29.155
-15.0
-7.0
-30.0
-9.0
-16.0
-10.0
-25.0
-98.0
-338.0
-19.0
-29.0
-73.0
-3.0
-10.0
-39.0
-31.0
-10.0
-75.0
-16.0
-9.0
-7.0
-3.0
-24.0
-29.155
-12.0
-1.0
-15.0
-7.0
-9.0
-34.0
-11.0
-66.0
-59.0
-17.0
-25.0
-31.0
-12.0
-40.690000000000055
-73.0
-0.0
-19.0
-40.0
-30.0
-136.0
-30.0
-10.0
-16.0
-3.155000000000001
-7.0
-14.0
-7.0
-7.0
-3.0
-50.0
-3.0
-52.0
-70.0
-41.0
-203.0
-90.0
-55.0
-546.655
-74.0
-21.0
-314.0
-266.0
-42.0
-184.0
-32.0
-36.0
-10.0
-7.844999999999999
-2.0
-20.0
-21.0
-17.0
-11.0
-26.0
-35.0
-59.0
-347.0
-106.0
-54.0
-2.0
-0.0
-79.0
-57.0
-56.0
-38.0
-33.0
-33.0
-10.0
-161.0
-78.0
-203.0
-1.8449999999999989
-39.0
-30.0
-63.0
-12.0
-27.0
-0.0
-23.0
-33.0
-47.0
-19.0
-15.0
-19.0
-7.0
-42.0
-50.0
-69.5
-62.5
-225.0
-87.0
-152.0
-15.0
-97.5
-53.0
-51.129999999999995
-27.0
-60.0
-27.0
-21.5
-70.0
-381.0
-21.0
-44.0
-20.0
-53.0
-27.0
-31.0
-69.0
-28.0
-7.0
-60.5
-78.5
-194.0
-47.0
-29.0
-69.0
-6.0
-51.0
-27.129999999999995
-13.5
-3.539999999999992
-27.0
-39.5
-557.0
-575.0
-109.0
-92.0
-126.0
-3.0
-108.0
-633.0
-446.0
-237.0
-61.0
-64.0
-125.0
-181.0
-253.0
-123.0
-58.0
-29.5
-198.0
-1.8449999999999989
-31.5
-32.46000000000001
-28.0
-37.5
-359.0
-563.0
-5.0
-67.0
-26.0
-58.0
-77.0
-2.0
-266.0
-74.0
-13.0
-16.0
-2.0
-137.0
-48.0
-1.0
-62.0
-1.0
-13.0
-12.155000000000001
-31.5
-30.919999999999987
-10.0
-38.0
-20.0
-1.0
-31.0
-28.0
-51.0
-58.0
-239.0
-56.0
-12.0
-11.0
-48.0
-17.0
-2.0
-5.0
-35.0
-5.0
-16.0
-8.0
-6.0
-29.155
-4.0
-26.0
-18.0
-14.0
-20.0
-12.0
-24.0
-3.0
-17.0
-41.0
-605.0
-685.0
-10.0
-53.0
-9.0
-47.0
-321.0
-283.0
-161.0
-4.0
-16.0
-6.0
-32.0
-30.845
-7.0
-3.0
-10.0
-3.5
-7.0
-13.0
-0.0
-10.0
-194.0
-39.0
-36.0
-20.0
-10.0
-83.0
-53.0
-49.0
-22.0
-15.0
-69.0
-23.0
-30.0
-19.0
-49.0
-29.155
-17.0
-3.0
-17.0
-3.0
-29.0
-41.0
-7.0
-16.0
-27.0
-55.0
-84.0
-39.0
-35.0
-59.0
-45.0
-9.0
-72.0
-46.0
-2.0
-114.0
-32.0
-38.0
-33.0
-2.1299999999999955
-13.0
-15.0
-5.0
-30.0
-1.0
-27.0
-19.0
-41.0
-8.0
-46.0
-2.0
-19.0
-23.0
-23.0
-22.0
-28.0
-17.0
-17.0
-9.0
-12.0
-23.0
-17.0
-16.0
-12.129999999999995
-11.0
-10.0
-4.0
-7.0
-13.0
-7.0
-15.0
-125.0
-7.0
-38.0
-52.0
-31.0
-12.0
-3.0
-4.0
-17.0
-16.0
-30.0
-97.0
-103.0
-47.0
-24.0
-29.0
-11.844999999999999
-8.0
-2.0
-731.48
-3.5
-16.5
-7.5
-4.0
-0.0
-1.32000000000005
-43.32000000000005
-53.32000000000005
-37.0
-41.0
-50.0
-14.0
-12.0
-39.0
-56.0
-13.0
-21.0
-582.0
-13.0
-14.0
-6.844999999999999
-11.0
-5.0
-4.0
-22.0
-10.0
-34.0
-7.0
-15.0
-25.0
-22.0
-7.0
-66.0
-34.0
-40.0
-2.0
-19.0
-220.0
-11.0
-133.0
-14.0
-11.0
-27.0
-12.0
-25.139999999999986
-1.5
-5.0
-12.5
-81.68
-60.59
-31.620000000000005
-89.51999999999998
-175.16000000000003
-54.360000000000014
-66.63999999999999
-2.480000000000018
-7.480000000000018
-98.36000000000001
-31.840000000000032
-30.840000000000032
-54.84000000000003
-70.84000000000003
-2.240000000000009
-15.240000000000009
-4.600000000000023
-28.600000000000023
-35.39999999999998
-59.75999999999999
-6.60499999999999
-25.0
-4.0
-12.5
-67.84000000000003
-35.59
-5.6200000000000045
-76.19999999999999
-71.42000000000002
-279.0
-428.52
-6.240000000000009
-58.74000000000001
-347.0
-486.0
-245.0
-173.0
-92.0
-9.0
-181.0
-23.0
-71.0
-29.0
-9.379999999999995
-42.60499999999999
-188.51999999999998
-20.47999999999999
-21.819999999999993
-77.0
-11.0
-42.0
-55.0
-42.0
-10.0
-35.0
-37.0
-25.0
-13.0
-10.0
-53.0
-22.0
-2.0
-22.0
-31.0
-239.0
-6.0
-104.0
-23.0
-77.13
-72.30000000000001
-361.24
-28.639999999999986
-0.0
-61.0
-14.0
-26.639999999999986
-58.0
-113.5
-71.0
-12.5
-25.5
-4.0
-25.0
-66.5
-11.5
-17.0
-101.5
-10.5
-9.0
-24.0
-19.0
-22.5
-15.129999999999995
-24.0
-21.0
-8.0
-69.84000000000003
-11.590000000000003
-70.24000000000001
-20.00999999999999
-29.0
-272.0
-2.0
-31.0
-79.0
-23.0
-109.0
-567.0
-545.5
-227.0
-171.0
-53.0
-97.0
-18.0
-21.0
-2.0
-1.6049999999999898
-12.090000000000003
-14.0
-13.099999999999994
-130.0
-13.590000000000003
-68.0
-19.99000000000001
-9.399999999999977
-592.0
-70.0
-98.0
-535.0
-512.0
-563.0899999999998
-175.0
-131.0
-152.0
-154.0
-39.0
-63.0
-12.0
-36.0
-10.0
-1.6049999999999898
-79.18
-76.18
-70.19999999999999
-52.18000000000001
-67.18
-71.18
-68.18
-228.8
-18.82000000000005
-204.82000000000005
-126.82000000000005
-180.82000000000005
-141.79999999999995
-46.82000000000005
-65.82000000000005
-181.82000000000005
-170.82
-154.2
-269.17999999999995
-271.82
-160.0
-29.0
-38.0
-17.39500000000001
-64.30000000000001
-48.0
-18.0
-11.0
-20.0
-17.0
-16.0
-57.0
-56.0
-27.0
-45.0
-2.0
-46.0
-121.0
-23.0
-37.0
-23.0
-59.0
-52.0
-1.0
-18.0
-11.0
-12.0
-8.159999999999997
-11.919999999999987
-20.0
-6.0
-2.0
-22.0
-310.0
-14.0
-7.0
-1.0
-10.0
-26.0
-50.0
-76.0
-29.0
-22.0
-3.0
-31.0
-8.0
-9.0
-3.0
-9.0
-9.0
-15.0
-25.61500000000001
-13.919999999999987
-8.0
-4.0
-1.0
-8.0
-25.0
-26.0
-9.0
-11.0
-0.0
-12.0
-4.0
-26.0
-7.0
-21.0
-47.0
-19.0
-1.0
-27.0
-16.0
-1.0
-7.0
-8.0
-20.069999999999993
-11.0
-19.0
-22.0
-7.0
-6.0
-10.0
-17.0
-110.0
-338.0
-66.0
-134.0
-21.0
-124.0
-20.0
-6.0
-3.0
-67.0
-110.0
-137.0
-65.0
-13.0
-10.0
-20.0
-34.93000000000001
-22.0
-31.0
-11.0
-36.0
-4.0
-15.0
-27.0
-20.0
-46.0
-22.0
-54.0
-221.0
-622.0
-246.0
-13.0
-21.0
-16.0
-94.0
-55.0
-62.0
-84.0
-25.5
-198.0
-21.590000000000003
-13.0
-17.0
-235.0
-262.0
-23.5
-33.0
-71.0
-26.0
-27.0
-10.0
-26.0
-26.0
-46.0
-357.0
-113.0
-321.0
-234.0
-315.0
-326.0
-103.0
-25.0
-2.0
-35.0
-14.409999999999997
-4.0
-22.0
-32.0
-2.0
-0.0
-2.0
-20.0
-23.0
-197.0
-370.0
-307.0
-48.0
-37.0
-25.0
-40.0
-12.0
-8.0
-9.0
-166.0
-41.0
-6.0
-25.0
-12.0
-15.409999999999997
-28.0
-21.0
-1.0
-28.0
-314.0
-3.0
-15.0
-77.0
-164.0
-112.0
-83.0
-44.0
-21.0
-49.0
-18.0
-12.0
-0.0
-56.0
-12.0
-83.0
-28.0
-25.0
-19.0
-5.590000000000003
-22.0
-13.0
-9.0
-39.0
-35.0
-13.0
-30.0
-44.0
-92.0
-13.0
-80.0
-70.0
-15.0
-22.0
-2.0
-3.0
-38.0
-14.0
-47.0
-6.0
-73.0
-6.0
-13.0
-1.5900000000000034
-17.0
-21.0
-23.0
-42.0
-1.0
-32.0
-44.0
-6.0
-75.0
-27.0
-69.0
-49.0
-74.0
-57.0
-60.0
-54.0
-49.0
-2.0
-55.0
-20.0
-23.0
-15.0
-1.5
-8.579999999999956
-12.0
-5.0
-2.0
-31.5
-174.0
-154.0
-12.0
-158.0
-134.0
-89.0
-29.0
-57.0
-14.0
-36.0
-36.0
-70.0
-35.0
-24.0
-37.0
-21.0
-6.0
-22.0
-5.0
-8.090000000000003
-11.0
-6.0
-3.0
-18.0
-10.0
-47.0
-2.0
-106.0
-22.0
-93.0
-65.0
-12.0
-67.0
-62.0
-81.0
-79.0
-71.0
-65.0
-15.0
-57.0
-49.0
-16.0
-48.0
-5.590000000000003
-4.0
-1.0
-11.0
-14.0
-3.0
-52.0
-3.0
-28.0
-252.0
-40.0
-42.0
-21.0
-430.0
-83.0
-67.0
-263.0
-57.0
-62.0
-7.0
-80.0
-38.0
-10.0
-30.0
-24.590000000000003
-482.0
-3.0
-34.0
-5.0
-27.0
-9.0
-23.0
-7.0
-2.0
-92.0
-64.0
-9.0
-73.0
-82.0
-28.0
-13.0
-18.0
-78.0
-3.0
-96.0
-155.0
-36.0
-58.0
-19.590000000000003
-25.0
-14.0
-1.0
-8.0
-7.0
-10.0
-36.0
-94.0
-51.0
-36.0
-92.0
-55.0
-11.0
-53.0
-22.0
-5.0
-22.0
-20.0
-31.0
-38.0
-30.0
-10.0
-30.0
-14.590000000000003
-5.0
-3.0
-19.0
-5.0
-25.0
-47.5
-20.0
-15.0
-93.0
-2.0
-139.0
-68.0
-50.0
-60.0
-116.0
-130.0
-250.0
-248.0
-2.0
-59.0
-25.0
-23.0
-40.0
-55.110000000000014
-18.0
-52.0
-38.0
-52.5
-53.0
-22.0
-69.0
-60.0
-117.0
-78.0
-56.0
-46.0
-65.44
-55.44
-52.0
-63.0
-69.0
-14.0
-18.0
-48.0
-17.0
-21.0
-50.0
-33.129999999999995
-43.0
-46.0
-25.0
-39.0
-47.0
-32.0
-49.5
-43.0
-27.0
-33.0
-7.0
-6.0
-11.0
-9.0
-15.0
-39.0
-67.0
-50.0
-10.0
-7.0
-4.0
-36.0
-2.0
-102.0
-66.0
-30.0
-22.0
-18.0
-64.11000000000001
-17.0
-47.0
-14.0
-14.0
-47.0
-20.0
-27.0
-24.0
-60.0
-12.0
-51.0
-22.0
-21.0
-18.0
-11.560000000000002
-2.4399999999999977
-24.0
-9.0
-809.0
-23.0
-11.0
-14.0
-11.0
-24.150000000000006
-11.0
-25.0
-29.0
-2.0
-19.0
-23.0
-14.0
-25.0
-11.0
-6.0
-24.0
-10.0
-19.0
-42.0
-8.0
-45.0
-36.0
-27.0
-7.0
-3.5
-11.0
-9.0
-18.0
-5.365000000000009
-3.0
-15.0
-17.0
-4.0
-3.0
-22.0
-14.0
-88.0
-283.0
-19.0
-119.0
-62.0
-40.0
-5.0
-12.0
-34.0
-42.0
-21.0
-33.0
-6.0
-16.0
-28.0
-28.0
-51.110000000000014
-5.0
-8.0
-18.0
-12.0
-6.0
-45.0
-6.0
-13.0
-68.0
-24.0
-23.0
-70.0
-93.0
-6.0
-11.0
-3.0
-41.0
-22.0
-63.0
-12.0
-32.0
-36.0
-8.0
-30.110000000000014
-21.0
-12.0
-3.0
-21.0
-49.0
-9.0
-11.0
-6.0
-75.0
-11.0
-18.0
-45.0
-22.0
-5.0
-25.0
-37.0
-20.0
-0.0
-55.0
-22.0
-10.0
-2.0
-20.0
-90.11000000000001
-16.0
-2.0
-0.0
-12.0
-1.0
-1.0
-17.0
-14.0
-184.0
-18.91999999999996
-0.9199999999999591
-518.0
-45.0
-0.0
-1.0
-10.0
-32.0
-21.0
-27.0
-59.0
-11.0
-10.0
-8.0
-55.110000000000014
-9.0
-8.0
-50.0
-26.0
-32.0
-24.0
-47.0
-39.0
-156.0
-7.0
-103.0
-92.0
-100.0
-7.440000000000055
-25.440000000000055
-47.0
-46.0
-17.0
-37.0
-417.0
-13.0
-54.0
-4.0
-38.110000000000014
-3.0
-7.0
-23.0
-6.0
-21.0
-10.0
-43.0
-31.0
-22.0
-10.0
-41.0
-18.0
-99.0
-27.0
-25.0
-63.0
-29.0
-39.0
-38.0
-11.0
-15.0
-1.0
-5.0
-6.8799999999999955
-4.0
-21.0
-3.0
-18.0
-22.0
-8.0
-37.0
-54.0
-25.0
-4.0
-2.0
-4.0
-19.0
-5.0
-27.0
-48.0
-37.0
-33.0
-5.0
-12.0
-1.0
-9.0
-3.0
-3.1200000000000045
-14.0
-3.0
-11.0
-7.0
-7.0
-26.0
-8.0
-74.0
-170.0
-217.03999999999996
-113.96000000000004
-100.0
-68.0
-1.0
-9.0
-40.0
-40.0
-1.0
-33.0
-99.0
-143.0
-66.0
-54.0
-11.0
-16.0
-10.0
-5.5
-27.0
-7.0
-17.0
-19.0
-11.0
-6.0
-38.0
-51.0
-15.0
-55.0
-51.0
-19.0
-46.0
-39.0
-52.0
-0.0
-27.0
-9.0
-593.0
-0.9000000000000057
-10.0
-10.0
-16.0
-6.0
-38.0
-35.0
-14.0
-115.0
-6.0
-33.0
-44.0
-86.0
-3.0
-52.0
-58.0
-23.0
-18.0
-274.0
-546.0
-142.0
-139.0
-31.0
-24.0
-7.844999999999999
-2.0
-3.0
-23.0
-5.0
-12.0
-10.0
-22.0
-12.0
-290.0
-19.0
-137.0
-57.0
-72.0
-0.0
-101.0
-26.0
-33.0
-57.0
-16.0
-9.0
-7.0
-30.0
-2.0
-3.155000000000001
-8.0
-20.0
-6.0
-14.0
-12.0
-21.0
-6.0
-9.0
-18.0
-46.0
-43.0
-31.0
-26.0
-82.30999999999995
-45.0
-38.0
-403.0
-40.0
-30.0
-46.0
-28.0
-37.0
-10.0
-20.845
-6.0
-10.0
-14.0
-14.0
-3.0
-29.0
-0.0
-8.0
-1.0
-60.0
-251.0
-589.0
-55.0
-655.655
-74.0
-315.0
-51.0
-406.0
-26.0
-32.0
-131.0
-41.0
-42.0
-7.844999999999999
-36.0
-23.0
-13.0
-11.0
-4.0
-23.0
-15.0
-2.0
-233.0
-65.0
-166.0
-2.0
-28.0
-63.0
-57.0
-44.0
-0.0
-269.0
-159.0
-6.0
-159.0
-56.0
-239.0
-19.155
-75.0
-6.0
-27.0
-5.0
-6.0
-21.0
-15.0
-87.0
-15.0
-13.0
-35.0
-31.0
-43.0
-33.0
-31.0
-60.5
-102.5
-210.0
-86.0
-5.0
-42.0
-128.5
-100.0
-30.129999999999995
-17.0
-33.0
-19.0
-2.5
-99.0
-732.0
-29.0
-42.0
-0.0
-28.0
-10.0
-33.0
-24.0
-14.0
-67.0
-30.5
-35.5
-80.0
-47.0
-109.0
-108.0
-13.0
-62.0
-19.129999999999995
-16.5
-3.460000000000008
-4.0
-21.5
-601.0
-501.0
-27.0
-92.0
-126.0
-94.0
-146.0
-521.0
-458.0
-4.0
-64.0
-52.0
-536.0
-95.0
-215.0
-33.0
-26.0
-71.5
-199.0
-19.155
-24.5
-34.46000000000001
-33.0
-21.5
-406.0
-34.0
-11.0
-91.0
-26.0
-32.0
-133.0
-198.0
-14.0
-79.0
-128.0
-16.0
-4.0
-8.0
-27.0
-1.0
-22.0
-28.0
-57.0
-14.155000000000001
-7.5
-26.919999999999987
-6.0
-83.0
-29.0
-29.0
-39.0
-70.0
-21.0
-58.0
-102.0
-56.0
-20.0
-56.0
-26.0
-17.0
-90.0
-5.0
-35.0
-5.0
-16.0
-55.0
-10.0
-3.155000000000001
-0.0
-5.0
-3.0
-42.0
-36.0
-51.0
-15.0
-81.0
-15.0
-52.0
-630.0
-530.0
-72.0
-53.0
-95.0
-42.0
-47.0
-46.0
-300.0
-4.0
-20.0
-32.0
-6.0
-20.845
-3.0
-7.0
-15.0
-16.5
-17.0
-23.0
-6.0
-10.0
-146.0
-50.0
-36.0
-20.0
-75.0
-26.0
-4.0
-54.0
-3.0
-15.0
-69.0
-23.0
-6.0
-2.0
-23.0
-7.844999999999999
-30.0
-16.0
-2.0
-16.0
-23.0
-55.0
-20.0
-11.0
-51.0
-28.0
-35.0
-18.0
-35.0
-9.0
-45.0
-9.0
-28.0
-2.0
-34.0
-19.0
-39.0
-19.0
-14.0
-21.129999999999995
-4.0
-6.0
-5.0
-5.0
-39.0
-27.0
-18.0
-14.0
-9.0
-62.0
-51.0
-68.0
-575.0
-57.0
-17.0
-52.0
-63.0
-17.0
-9.0
-20.0
-44.0
-26.0
-7.0
-21.129999999999995
-2.0
-1.0
-14.0
-7.0
-13.0
-15.0
-42.0
-81.0
-203.0
-38.0
-52.0
-22.0
-16.0
-3.0
-24.0
-17.0
-73.0
-220.0
-8.0
-480.0
-1.0
-7.0
-3.0
-3.155000000000001
-25.0
-19.0
-11.47999999999999
-13.5
-0.5
-5.5
-5.0
-11.0
-1.32000000000005
-69.32000000000005
-79.32000000000005
-37.0
-13.0
-54.0
-36.0
-50.0
-1.0
-83.0
-13.0
-13.0
-13.0
-13.0
-14.0
-3.155000000000001
-11.0
-1.0
-28.0
-15.0
-3.0
-27.0
-7.0
-18.0
-25.0
-149.0
-112.0
-19.0
-26.0
-40.0
-2.0
-19.0
-11.0
-11.0
-28.0
-14.0
-5.0
-10.0
-39.0
-16.139999999999986
-7.5
-8.0
-0.5
-60.68000000000001
-13.590000000000003
-35.620000000000005
-59.51999999999998
-154.16000000000003
-25.360000000000014
-128.64
-10.480000000000018
-31.480000000000018
-106.36000000000001
-118.84000000000003
-25.840000000000032
-49.84000000000003
-35.84000000000003
-2.240000000000009
-15.240000000000009
-32.39999999999998
-7.399999999999977
-38.39999999999998
-26.75999999999999
-7.39500000000001
-9.0
-12.0
-4.5
-88.84000000000003
-43.59
-27.620000000000005
-63.19999999999999
-97.42000000000002
-308.0
-372.52
-55.24000000000001
-111.74000000000001
-224.0
-517.0
-473.0
-173.0
-154.0
-9.0
-21.0
-32.0
-63.0
-43.0
-4.6200000000000045
-6.60499999999999
-146.51999999999998
-20.47999999999999
-48.81999999999999
-92.0
-38.0
-28.0
-31.0
-24.0
-54.0
-20.0
-42.0
-30.0
-68.0
-45.0
-43.0
-37.0
-53.0
-77.0
-86.0
-93.0
-106.0
-103.0
-123.0
-132.13
-27.69999999999999
-51.24000000000001
-128.64
-74.0
-116.0
-88.0
-26.639999999999986
-20.0
-0.5
-42.0
-19.5
-56.5
-4.0
-16.0
-7.5
-11.5
-17.0
-11.5
-10.5
-9.0
-6.0
-1.0
-3.5
-16.129999999999995
-7.0
-17.0
-9.0
-88.84000000000003
-114.41
-67.24000000000001
-27.99000000000001
-84.0
-4.0
-77.0
-44.0
-48.0
-39.0
-65.0
-454.0
-420.5
-122.0
-120.0
-15.0
-21.0
-18.0
-11.0
-39.0
-11.39500000000001
-34.09
-6.0
-32.099999999999994
-83.0
-13.590000000000003
-68.0
-2.009999999999991
-234.39999999999998
-509.0
-9.0
-84.0
-286.0
-480.0
-0.08999999999980446
-34.0
-383.0
-106.0
-298.0
-124.0
-30.0
-39.0
-31.0
-15.0
-7.39500000000001
-68.18
-15.180000000000007
-9.199999999999989
-11.180000000000007
-88.18
-69.18
-94.82
-361.8
-18.82000000000005
-33.82000000000005
-183.82000000000005
-201.82000000000005
-141.79999999999995
-51.82000000000005
-60.82000000000005
-176.82000000000005
-306.82
-158.2
-324.17999999999995
-197.82
-136.0
-22.0
-38.0
-26.60499999999999
-83.30000000000001
-28.0
-3.0
-28.0
-1.0
-4.0
-5.0
-8.0
-44.0
-27.0
-60.0
-8.0
-25.0
-115.0
-14.0
-20.0
-38.0
-2.0
-5.0
-54.0
-8.0
-1.0
-1.0
-32.16
-12.919999999999987
-4.0
-30.0
-851.0
-2.0
-26.0
-180.0
-18.0
-1.0
-20.0
-36.0
-60.0
-84.0
-11.0
-4.0
-7.0
-41.0
-18.0
-1.0
-7.0
-19.0
-20.0
-4.0
-24.61500000000001
-24.919999999999987
-3.0
-20.0
-10.0
-10.0
-27.0
-28.0
-877.0
-20.0
-9.0
-21.0
-14.0
-35.0
-7.0
-30.0
-49.0
-19.0
-10.0
-29.0
-18.0
-1.0
-9.0
-10.0
-54.06999999999999
-45.0
-15.0
-7.0
-16.0
-3.0
-19.0
-8.0
-101.0
-297.0
-141.0
-81.0
-54.0
-100.0
-74.0
-27.0
-18.0
-36.0
-31.0
-30.0
-17.0
-191.0
-69.0
-11.0
-25.930000000000007
-35.0
-65.0
-23.0
-70.0
-17.0
-35.0
-51.0
-20.0
-94.0
-146.0
-121.0
-267.0
-210.0
-144.0
-19.0
-20.0
-20.0
-0.0
-34.0
-74.0
-25.0
-35.5
-164.0
-45.59
-47.0
-44.0
-268.0
-228.0
-47.5
-60.0
-44.0
-47.0
-103.0
-42.0
-26.0
-4.0
-6.0
-514.0
-85.0
-469.0
-67.0
-154.0
-241.0
-103.0
-25.0
-2.0
-18.0
-38.59
-5.0
-6.0
-2.0
-12.0
-10.0
-19.0
-20.0
-23.0
-248.0
-162.0
-367.0
-48.0
-127.0
-4.0
-40.0
-29.0
-25.0
-9.0
-10.0
-85.0
-113.0
-10.0
-5.0
-23.590000000000003
-22.0
-3.0
-17.0
-4.0
-2.0
-1.0
-52.0
-44.0
-65.0
-101.0
-399.0
-9.0
-21.0
-49.0
-54.0
-17.0
-5.0
-56.0
-91.0
-41.0
-8.0
-34.0
-15.0
-23.590000000000003
-18.0
-5.0
-19.0
-11.0
-16.0
-6.0
-35.0
-40.0
-43.0
-13.0
-27.0
-70.0
-15.0
-18.0
-22.0
-8.0
-33.0
-14.0
-5.0
-13.0
-14.0
-6.0
-5.0
-7.409999999999997
-8.0
-12.0
-14.0
-33.0
-8.0
-41.0
-36.0
-6.0
-32.0
-27.0
-25.0
-24.0
-10.0
-32.0
-35.0
-29.0
-24.0
-23.0
-23.0
-30.0
-33.0
-5.0
-8.5
-4.420000000000044
-12.0
-5.0
-16.0
-9.5
-25.0
-5.0
-20.0
-9.0
-32.0
-13.0
-47.0
-100.0
-60.0
-60.0
-10.0
-107.0
-11.0
-22.0
-6.0
-6.0
-3.0
-30.0
-15.0
-8.909999999999997
-1.0
-4.0
-7.0
-8.0
-20.0
-9.0
-25.0
-79.0
-83.0
-93.0
-10.0
-12.0
-56.0
-70.0
-33.0
-14.0
-4.0
-76.0
-6.0
-71.0
-13.0
-2.0
-11.0
-64.59
-13.0
-10.0
-7.0
-5.0
-25.0
-24.0
-3.0
-28.0
-84.0
-16.0
-42.0
-64.0
-0.0
-3.0
-19.0
-17.0
-8.0
-62.0
-28.0
-147.0
-14.0
-10.0
-10.0
-64.59
-5.0
-20.0
-12.0
-22.0
-21.0
-0.0
-3.0
-25.0
-103.0
-47.0
-36.0
-9.0
-57.0
-65.0
-95.0
-25.0
-1.0
-78.0
-18.0
-62.0
-61.0
-16.0
-13.0
-64.59
-19.0
-2.0
-17.0
-14.0
-13.0
-16.0
-3.0
-27.0
-156.0
-36.0
-47.0
-2.0
-5.0
-94.0
-94.0
-0.0
-22.0
-20.0
-10.0
-4.0
-85.0
-118.0
-26.0
-23.590000000000003
-11.0
-3.0
-34.0
-12.0
-8.0
-47.5
-20.0
-92.0
-93.0
-2.0
-0.0
-17.0
-4.0
-22.0
-78.0
-92.0
-188.0
-45.0
-146.0
-84.0
-5.0
-5.0
-19.0
-36.110000000000014
-0.0
-24.0
-0.0
-31.5
-62.0
-49.0
-32.0
-116.0
-85.0
-69.0
-86.0
-76.0
-95.44
-85.44
-82.0
-38.0
-35.0
-49.0
-38.0
-34.0
-19.0
-43.0
-7.0
-2.0
-3.0
-47.66
-10.0
-6.0
-10.0
-17.0
-4.0
-8.0
-24.0
-58.0
-76.0
-34.0
-1.0
-33.0
-2.0
-63.0
-60.0
-98.0
-127.0
-245.0
-10.0
-36.0
-27.0
-30.0
-6.0
-21.569999999999993
-39.0
-1.0
-38.0
-3.0
-12.0
-20.0
-52.0
-49.0
-119.0
-58.51999999999998
-20.519999999999982
-71.51999999999998
-6.480000000000018
-16.480000000000018
-16.519999999999982
-16.91999999999996
-28.08000000000004
-4.080000000000041
-100.08000000000004
-95.83999999999997
-45.160000000000025
-15.839999999999975
-13.0
-21.569999999999993
-32.0
-9.5
-29.5
-20.5
-27.0
-5.5
-35.5
-213.36
-126.32000000000005
-111.67999999999995
-10.67999999999995
-52.0
-32.0
-27.0
-1.0
-13.0
-11.0
-16.0
-12.0
-50.0
-34.0
-2.480000000000018
-16.519999999999982
-1.4300000000000068
-1.0
-7.0
-11.0
-12.0
-10.0
-9.5
-35.5
-146.0
-165.0
-13.0
-18.0
-1.0
-17.0
-60.0
-33.48000000000002
-7.519999999999982
-56.0
-61.0
-26.0
-46.0
-62.0
-15.0
-2.0
-1.4300000000000068
-12.0
-10.0
-24.0
-9.0
-4.0
-16.5
-35.5
-60.0
-156.0
-2.0
-24.0
-21.0
-42.0
-42.0
-42.0
-23.0
-33.0
-49.0
-7.0
-8.0
-49.0
-3.0
-10.0
-1.4300000000000068
-16.0
-12.0
-18.0
-9.0
-19.0
-11.0
-19.0
-15.0
-16.0
-31.0
-232.0
-227.0
-12.0
-14.0
-86.0
-77.0
-0.0
-34.0
-31.0
-55.0
-51.0
-9.0
-11.0
-20.659999999999997
-6.5
-14.5
-10.5
-15.0
-3.5
-42.0
-2.0
-1.0
-18.0
-6.0
-0.0
-19.0
-2.0
-11.0
-33.0
-3.0
-36.0
-28.0
-19.0
-1.0
-36.0
-31.0
-14.0
-21.659999999999997
-21.0
-21.0
-6.0
-2.0
-13.0
-46.5
-40.5
-102.56
-3.0
-56.0
-65.0
-27.0
-83.0
-28.0
-89.0
-88.0
-108.0
-0.67999999999995
-34.31999999999999
-29.319999999999993
-179.0
-8.0
-16.0
-9.569999999999993
-12.0
-10.0
-10.5
-2.0
-4.0
-5.5
-48.0
-46.0
-22.0
-675.0
-59.0
-73.0
-50.0
-14.519999999999982
-13.519999999999982
-1.5199999999999818
-97.51999999999998
-197.0
-20.0
-64.0
-16.079999999999984
-39.079999999999984
-11.0
-1.4300000000000068
-1.0
-8.0
-18.0
-3.0
-1.0
-9.0
-52.0
-149.0
-54.0
-21.0
-34.51999999999998
-19.519999999999982
-32.0
-39.0
-10.0
-2.0
-101.0
-33.0
-0.0
-2.0
-36.0
-14.0
-38.0
-37.0
-12.0
-5.0
-8.5
-1.5
-1.5
-3.0
-28.0
-132.0
-120.0
-5.0
-0.0
-56.0
-56.0
-13.0
-12.0
-5.0
-108.0
-41.0
-54.0
-5.0
-69.0
-6.0
-9.0
-42.06
-9.0
-26.0
-27.0
-3.0
-8.0
-4.0
-28.0
-48.0
-55.0
-26.0
-29.0
-53.0
-49.0
-17.0
-35.0
-25.0
-21.0
-40.0
-49.0
-32.0
-3.0
-38.0
-8.0
-42.06
-21.5
-2.5
-5.5
-14.0
-5.0
-32.0
-33.0
-16.0
-4.0
-67.0
-14.0
-52.0
-82.0
-59.0
-56.0
-59.0
-45.0
-16.0
-28.0
-8.0
-20.0
-5.0
-21.0
-1.8300000000000125
-1.0
-21.0
-45.0
-33.0
-3.0
-51.0
-40.0
-33.0
-11.0
-53.0
-37.0
-82.0
-2.0
-97.0
-48.0
-30.0
-76.0
-9.0
-28.0
-14.0
-61.0
-34.0
-37.0
-3.365000000000009
-1.0
-22.0
-29.0
-0.03999999999999204
-19.039999999999992
-10.5
-8.0
-114.0
-59.0
-18.0
-104.0
-72.0
-18.0
-73.0
-18.559999999999945
-14.559999999999945
-70.0
-79.0
-2.0
-24.0
-17.0
-22.0
-3.0
-42.06
-17.0
-24.0
-4.0
-21.0
-27.0
-16.0
-10.0
-93.0
-6.0
-45.0
-42.0
-36.0
-24.0
-10.0
-36.0
-52.0
-10.0
-44.0
-43.0
-53.0
-56.0
-16.0
-17.0
-42.06
-11.0
-2.0
-12.0
-10.0
-10.0
-1.0
-10.0
-8.0
-12.0
-85.0
-51.0
-33.0
-40.0
-21.0
-51.0
-24.0
-11.0
-34.0
-68.0
-16.0
-37.0
-14.0
-48.0
-7.060000000000002
-20.0
-17.0
-1.0
-18.0
-20.0
-2.0
-9.0
-93.0
-28.0
-58.0
-44.0
-45.0
-1.0
-20.0
-48.0
-39.0
-12.0
-53.0
-16.0
-7.0
-30.0
-42.0
-32.0
-37.06
-3.0
-14.0
-31.0
-9.0
-30.0
-32.0
-7.0
-85.0
-52.0
-47.0
-74.0
-42.0
-41.0
-1.0
-26.0
-10.0
-35.0
-6.0
-83.0
-59.0
-37.0
-13.0
-14.0
-10.060000000000002
-27.5
-29.0
-12.0
-22.5
-43.0
-12.0
-39.0
-32.0
-47.0
-74.0
-64.0
-54.0
-61.0
-48.0
-27.0
-11.0
-105.0
-14.0
-3.0
-25.5
-27.0
-5.0
-3.0
-4.900000000000006
-4.0
-1.0
-2.0
-4.0
-7.0
-3.0
-10.0
-4.0
-0.0
-9.0
-4.0
-33.0
-35.0
-11.0
-34.0
-23.0
-28.0
-23.0
-9.0
-35.0
-13.0
-9.0
-17.0
-4.8700000000000045
-1.0
-7.5
-8.0
-5.0
-3.0
-11.0
-3.0
-1.0
-18.0
-10.0
-35.0
-1.0
-17.0
-15.5
-4.0
-5.0
-2.0
-8.5
-6.5
-7.5
-22.5
-0.8000000000000114
-16.5
-10.610000000000014
-17.0
-3.5
-3.0
-0.8000000000000114
-14.0
-17.5
-21.80000000000001
-81.19999999999999
-2.1999999999999886
-135.79999999999995
-22.0
-11.0
-90.0
-61.0
-21.0
-7.0
-4.0
-101.0
-2.0
-21.0
-18.0
-0.0
-31.0
-11.060000000000002
-2.0
-12.0
-8.0
-28.0
-21.0
-26.0
-38.0
-109.0
-128.32000000000005
-96.32000000000005
-56.0
-36.0
-16.0
-30.0
-4.0
-9.0
-23.0
-28.0
-33.0
-23.0
-23.0
-13.0
-11.0
-27.060000000000002
-21.0
-21.0
-32.0
-43.0
-30.0
-35.0
-14.0
-94.0
-54.0
-56.0
-60.0
-29.0
-44.0
-9.0
-6.0
-20.0
-23.0
-13.0
-18.0
-15.0
-11.0
-12.0
-44.0
-27.060000000000002
-5.0
-26.0
-9.0
-14.0
-4.5
-22.0
-14.0
-5.560000000000002
-68.44
-12.480000000000018
-3.480000000000018
-23.519999999999982
-57.84000000000003
-57.84000000000003
-67.84000000000003
-70.51999999999998
-86.51999999999998
-11.32000000000005
-70.68
-87.0
-39.0
-0.0
-17.0
-8.939999999999998
-12.0
-3.0
-16.159999999999997
-15.5
-15.159999999999997
-9.159999999999997
-35.16
-8.159999999999997
-62.0
-19.0
-73.0
-78.0
-27.0
-26.0
-37.0
-44.0
-43.0
-12.0
-32.0
-8.0
-24.0
-5.0
-4.0
-6.090000000000003
-8.0
-0.0
-6.0
-15.0
-5.0
-16.47999999999999
-51.47999999999999
-18.0
-34.31999999999999
-41.11500000000001
-29.61500000000001
-28.61500000000001
-18.5
-20.120000000000005
-10.080000000000013
-13.5
-37.0
-18.0
-27.0
-2.5
-20.0
-10.0
-4.5
-10.100000000000051
-5.47999999999999
-15.47999999999999
-6.47999999999999
-5.47999999999999
-12.0
-8.0
-7.0
-100.0
-39.0
-37.0
-11.0
-1.0
-47.0
-4.0
-1.0
-366.0
-11.0
-15.0
-4.0
-3.0
-13.0
-5.0
-33.0
-11.060000000000002
-15.0
-21.0
-9.0
-9.0
-18.0
-11.0
-3.0
-117.0
-114.0
-2.0
-32.0
-12.0
-17.0
-3.0
-5.0
-5.0
-28.0
-5.0
-47.0
-3.0
-101.0
-18.0
-52.0
-11.060000000000002
-6.0
-8.0
-6.0
-7.0
-4.0
-5.0
-20.0
-54.0
-52.0
-0.0
-16.0
-5.0
-51.0
-22.0
-0.0
-34.0
-54.0
-14.0
-43.0
-28.480000000000018
-57.48000000000002
-30.0
-17.0
-11.060000000000002
-14.0
-9.0
-1.0
-4.0
-7.0
-18.0
-1.0
-88.0
-60.0
-13.0
-25.0
-23.0
-38.0
-1.0
-35.0
-4.0
-7.0
-20.0
-26.0
-14.0
-2.0
-10.0
-14.0
-16.120000000000005
-10.0
-1.0
-23.0
-6.0
-3.0
-3.0
-27.0
-12.0
-66.0
-17.0
-24.0
-25.0
-67.0
-22.0
-48.0
-35.0
-61.0
-48.0
-60.0
-42.0
-4.0
-3.0
-15.0
-18.60000000000005
-12.860000000000014
-11.0
-9.5
-1.5
-2.5
-7.740000000000009
-44.24000000000001
-3.5
-119.16
-21.22999999999999
-7.77000000000001
-4.77000000000001
-34.5
-5.759999999999991
-14.160000000000025
-30.5
-10.0
-11.0
-32.0
-35.0
-36.0
-33.0
-45.5
-0.10000000000005116
-1.7199999999999989
-16.0
-19.0
-10.0
-24.0
-13.0
-33.0
-5.0
-30.0
-416.0
-31.0
-24.0
-55.0
-10.0
-20.0
-35.0
-27.0
-27.0
-29.0
-10.0
-24.0
-1.0
-3.0
-14.100000000000051
-14.759999999999991
-7.0
-15.0
-4.0
-0.0
-8.0
-0.0
-87.0
-40.0
-7.0
-76.0
-41.0
-56.0
-8.0
-2.0
-32.0
-2.0
-23.0
-3.0
-11.0
-17.0
-19.0
-8.0
-21.60000000000005
-14.0
-12.0
-10.0
-11.0
-11.0
-7.0
-5.0
-109.0
-15.0
-29.0
-21.0
-27.0
-75.0
-25.0
-10.0
-8.0
-1.0
-2.0
-70.0
-20.0
-11.0
-14.0
-32.0
-21.60000000000005
-3.0
-12.0
-13.0
-4.0
-16.0
-6.0
-26.0
-14.0
-9.0
-36.0
-14.0
-12.0
-43.0
-1.0
-13.0
-18.0
-1.0
-19.0
-62.0
-2.0
-6.0
-15.0
-17.0
-21.60000000000005
-31.0
-9.0
-27.0
-6.0
-6.0
-1.0
-14.0
-15.0
-3.0
-8.0
-277.0
-8.0
-39.0
-38.0
-7.0
-4.0
-5.0
-25.0
-36.0
-44.0
-10.0
-0.0
-18.0
-41.60000000000005
-4.0
-15.0
-26.0
-13.0
-23.0
-13.0
-26.0
-18.0
-19.0
-11.0
-14.0
-24.0
-41.0
-138.0
-143.0
-157.0
-146.0
-156.0
-70.0
-19.0
-21.0
-5.0
-22.0
-21.60000000000005
-18.0
-5.0
-17.0
-27.0
-7.0
-15.0
-19.0
-21.0
-29.0
-27.0
-13.0
-32.0
-50.0
-34.0
-25.0
-24.0
-15.0
-24.0
-23.0
-40.0
-36.0
-48.0
-14.0
-8.100000000000051
-25.0
-11.0
-8.0
-10.0
-0.0
-8.0
-3.0
-385.0
-424.0
-96.0
-88.0
-65.0
-26.0
-62.0
-18.0
-15.0
-33.0
-105.88
-110.0
-9.0
-106.0
-3.0
-27.0
-28.930000000000007
-30.0
-31.0
-3.0
-26.0
-13.0
-27.0
-27.0
-4.0
-163.0
-60.0
-96.0
-75.0
-27.08000000000004
-53.0
-14.0
-34.0
-32.0
-29.0
-112.0
-78.0
-155.0
-26.0
-55.0
-28.930000000000007
-16.0
-3.0
-23.0
-10.0
-4.0
-18.0
-28.0
-88.0
-8.0
-10.0
-64.0
-16.0
-17.0
-38.0
-57.0
-5.0
-19.0
-21.0
-3.0
-3.0
-10.0
-13.0
-1.0
-34.08500000000001
-22.0
-28.0
-40.0
-17.0
-40.5
-35.5
-12.0
-24.0
-11.5
-23.0
-7.039999999999992
-54.160000000000025
-8.160000000000025
-42.599999999999994
-21.519999999999982
-34.51999999999998
-28.160000000000025
-34.160000000000025
-20.5
-44.5
-60.0
-36.0
-27.0
-7.914999999999992
-7.0
-39.0
-665.0
-24.0
-37.0
-30.0
-30.0
-173.0
-86.0
-56.0
-87.0
-41.0
-31.0
-31.0
-315.0
-7.0
-42.0
-251.0
-40.0
-78.0
-3.0
-23.0
-5.0
-20.919999999999987
-15.0
-18.0
-4.0
-14.0
-8.0
-36.0
-58.0
-16.0
-64.0
-95.0
-117.0
-65.11999999999989
-67.0
-16.0
-11.0
-74.0
-84.0
-70.0
-126.0
-11.0
-83.0
-14.0
-46.0
-19.409999999999997
-40.0
-14.0
-6.0
-7.0
-9.0
-37.0
-6.0
-5.0
-183.0
-69.12
-138.0
-68.7199999999998
-50.0
-73.0
-21.120000000000005
-5.0
-5.0
-82.0
-5.0
-9.0
-67.0
-8.0
-36.0
-19.409999999999997
-9.0
-20.0
-5.0
-18.0
-2.0
-21.0
-76.0
-1.0
-76.0
-36.0
-105.0
-68.7199999999998
-34.0
-20.0
-19.91999999999996
-34.0
-32.0
-79.0
-79.08000000000004
-1.0
-114.0
-8.0
-32.0
-19.409999999999997
-8.0
-3.0
-16.0
-5.0
-3.0
-2.0
-70.0
-2.0
-100.0
-65.0
-87.0
-68.7199999999998
-22.67999999999995
-9.32000000000005
-16.120000000000005
-24.0
-74.0
-41.0
-50.0
-79.0
-45.0
-17.0
-22.0
-30.409999999999997
-16.0
-15.0
-18.0
-5.0
-3.0
-24.0
-10.0
-0.0
-3.5
-26.0
-11.920000000000016
-16.080000000000013
-84.63999999999999
-6.699999999999989
-19.74000000000001
-30.04000000000002
-2.960000000000008
-21.0
-28.5
-21.5
-37.0
-12.5
-20.0
-34.08500000000001
-11.0
-11.0
-18.0
-21.0
-14.0
-5.0
-36.0
-27.0
-15.0
-39.0
-7.0
-39.0
-82.12
-40.0
-73.0
-7.0
-31.0
-54.0
-48.0
-46.0
-65.0
-22.0
-36.0
-2.085000000000008
-9.0
-45.0
-3.0
-5.0
-28.0
-45.0
-47.0
-135.0
-112.0
-153.32000000000005
-238.32000000000005
-72.31999999999994
-24.0
-68.39999999999998
-204.39999999999998
-11.399999999999977
-15.480000000000018
-79.39999999999998
-147.12
-72.0
-120.0
-4.0
-55.0
-30.409999999999997
-13.0
-7.0
-9.0
-23.0
-1.0
-28.0
-29.0
-36.0
-87.79999999999995
-82.32000000000005
-127.32000000000005
-65.11999999999989
-103.12
-58.120000000000005
-27.559999999999945
-117.44000000000005
-3.4400000000000546
-143.44000000000005
-145.44000000000005
-8.639999999999986
-3.0
-26.0
-42.0
-30.409999999999997
-5.5
-12.0
-7.0
-13.5
-17.0
-8.0
-1.0
-10.0
-111.0
-66.0
-82.0
-66.0
-10.0
-13.919999999999959
-23.91999999999996
-57.120000000000005
-83.0
-78.0
-46.0
-422.0
-2.0
-23.0
-575.0
-28.900000000000006
-2.0
-17.0
-0.0
-9.0
-12.0
-9.0
-6.0
-10.0
-101.0
-52.0
-77.0
-62.0
-13.0
-17.0
-86.24000000000001
-39.0
-77.0
-48.0
-74.0
-74.0
-51.0
-59.0
-7.0
-31.905
-22.0
-16.0
-24.0
-5.0
-23.0
-26.0
-12.0
-124.0
-33.0
-22.0
-54.0
-47.0
-95.0
-29.0
-70.0
-28.0
-66.0
-9.0
-48.0
-76.0
-23.0
-3.0
-5.0
-31.905
-1.0
-3.0
-10.0
-28.0
-26.0
-16.0
-28.5
-2.0
-6.0
-6.0
-29.0
-26.480000000000018
-45.47999999999999
-11.0
-310.0
-6.0
-3.0
-25.0
-12.0
-4.0
-6.0
-16.0
-15.0
-40.08500000000001
-55.0
-40.0
-17.0
-13.0
-10.0
-25.0
-34.0
-21.0
-44.0
-14.0
-9.0
-58.0
-48.0
-54.0
-6.0
-25.0
-42.0
-29.0
-1.0
-24.0
-12.0
-52.0
-33.0
-2.085000000000008
-6.0
-14.0
-9.0
-14.0
-16.0
-38.0
-11.0
-162.0
-117.0
-100.0
-563.0
-65.0
-24.0
-703.12
-115.0
-37.0
-48.0
-59.0
-35.0
-123.16000000000003
-8.0
-40.0
-13.0
-31.905
-78.24000000000001
-14.5
-38.24000000000001
-19.0
-62.24000000000001
-9.0
-1.5
-36.75999999999999
-71.24000000000001
-136.76
-214.0
-120.0
-21.0
-16.0
-7.0
-37.0
-10.0
-166.0
-1.0
-131.0
-5.0
-4.0
-10.0
-26.905
-39.620000000000005
-19.0
-50.0
-18.0
-5.0
-14.0
-49.0
-25.0
-151.0
-54.0
-122.0
-180.0
-32.0
-40.0
-47.0
-70.0
-61.0
-44.0
-44.0
-11.0
-74.0
-34.0
-7.0
-26.905
-39.620000000000005
-9.0
-5.0
-8.0
-5.0
-19.0
-8.0
-8.0
-146.0
-65.0
-104.0
-131.24
-32.0
-21.0
-27.0
-25.159999999999968
-29.0
-51.0
-74.0
-3.0
-31.120000000000005
-0.0
-2.0
-31.905
-16.620000000000005
-15.0
-26.0
-16.5
-5.0
-24.0
-1.0
-19.0
-126.0
-69.0
-57.0
-46.0
-43.0
-17.0
-43.0
-64.0
-20.0
-46.0
-79.0
-62.0
-1.0
-13.0
-7.0
-31.905
-13.0
-0.0
-38.0
-32.0
-50.0
-37.0
-24.0
-7.0
-14.0
-55.0
-21.0
-20.0
-72.0
-46.0
-41.0
-41.0
-49.0
-15.0
-27.0
-14.0
-7.0
-44.0
-17.0
-2.085000000000008
-32.0
-15.0
-9.0
-12.0
-17.0
-1.0
-3.0
-22.0
-40.0
-2.0
-38.0
-11.0
-43.0
-2.0
-23.0
-25.0
-1.0
-24.0
-12.0
-11.0
-24.0
-31.0
-38.0
-7.914999999999992
-10.0
-10.0
-11.0
-12.0
-29.0
-3.0
-16.0
-163.0
-71.0
-22.0
-11.0
-9.0
-95.0
-141.12
-70.0
-54.0
-26.0
-26.0
-23.0
-78.0
-16.0
-29.879999999999995
-8.0
-31.905
-38.0
-18.0
-22.0
-14.0
-13.0
-13.0
-31.0
-141.0
-35.0
-135.0
-56.0
-109.0
-85.0
-6.0
-103.12
-67.0
-21.0
-89.0
-1.0
-32.0
-43.0
-22.0
-25.0
-26.905
-0.0
-13.0
-4.0
-5.0
-10.0
-21.0
-44.0
-8.0
-3.0
-93.0
-123.0
-74.51999999999998
-32.51999999999998
-26.0
-13.0
-10.0
-6.0
-34.0
-84.0
-44.0
-48.0
-0.0
-45.0
-26.905
-20.0
-20.0
-9.0
-3.0
-1.0
-47.0
-2.0
-83.0
-103.0
-73.0
-70.0
-56.11999999999989
-15.0
-29.0
-59.0
-11.0
-21.0
-66.0
-12.0
-8.0
-76.0
-46.0
-24.0
-24.909999999999997
-28.0
-12.0
-10.0
-3.0
-9.0
-40.0
-29.0
-22.0
-1.0
-83.12
-90.12
-35.0
-48.0
-33.0
-17.0
-56.0
-8.0
-48.0
-68.0
-6.0
-48.0
-33.0
-0.0
-28.38499999999999
-11.0
-24.0
-19.0
-14.0
-9.0
-4.0
-3.0
-141.0
-10.0
-42.0
-107.0
-8.0
-142.0
-104.0
-42.0
-66.0
-39.0
-46.0
-46.0
-35.0
-21.0
-7.0
-1.0
-40.08500000000001
-35.0
-42.0
-7.0
-5.0
-21.0
-0.0
-9.0
-27.0
-23.0
-24.0
-16.0
-59.0
-29.0
-70.0
-40.0
-0.0
-10.0
-1.0
-21.0
-11.0
-24.0
-12.0
-44.0
-56.08500000000001
-16.0
-13.0
-25.0
-29.0
-34.0
-44.0
-18.0
-119.0
-75.0
-34.0
-70.12
-38.639999999999986
-31.0
-64.0
-121.0
-41.08000000000004
-20.0
-44.0
-13.879999999999995
-94.0
-26.0
-43.0
-34.0
-28.38499999999999
-1.5
-4.5
-2.5
-10.5
-12.5
-3.0
-55.28
-13.279999999999973
-194.27999999999997
-53.27999999999997
-76.27999999999997
-94.27999999999997
-25.279999999999973
-12.720000000000027
-23.0
-21.120000000000005
-16.0
-30.0
-34.0
-25.0
-2.0
-21.0
-38.0
-31.860000000000014
-19.0
-28.0
-2.0
-24.0
-4.0
-0.0
-29.639999999999986
-116.0
-39.0
-71.0
-42.0
-20.120000000000005
-37.0
-34.0
-9.0
-51.08000000000004
-25.0
-19.0
-113.0
-37.0
-15.0
-12.0
-24.0
-40.545000000000016
-4.0
-7.0
-13.0
-26.0
-5.0
-2.0
-28.0
-7.0
-17.0
-8.0
-62.0
-19.0
-4.0
-52.0
-32.0
-15.0
-26.0
-52.0
-29.0
-56.0
-6.0
-20.0
-4.0
-4.914999999999992
-39.0
-16.0
-9.0
-7.0
-2.0
-22.0
-21.0
-18.0
-36.0
-18.0
-20.0
-91.0
-62.0
-118.0
-4.0
-5.0
-44.0
-26.5
-20.0
-25.0
-34.0
-18.0
-23.0
-2.914999999999992
-27.0
-27.0
-46.0
-6.0
-8.0
-20.0
-24.0
-10.0
-1.0
-14.0
-2.0
-4.0
-15.0
-19.0
-1.0
-2.0
-16.0
-8.0
-17.0
-8.0
-18.0
-34.0
-37.0
-3.085000000000008
-36.0
-32.0
-25.0
-24.0
-27.0
-11.0
-7.0
-160.0
-99.0
-234.0
-16.0
-69.0
-56.0
-90.0
-52.0
-41.0
-44.0
-31.0
-32.0
-34.0
-23.0
-34.0
-11.0
-35.545000000000016
-9.5
-2.0
-14.0
-12.0
-13.0
-25.0
-52.0
-156.0
-31.0
-64.0
-98.0
-68.0
-36.24000000000001
-97.0
-78.0
-54.0
-47.0
-108.12
-76.0
-80.0
-15.879999999999995
-2.0
-38.0
-28.230000000000018
-0.5
-9.0
-18.0
-36.0
-2.0
-76.0
-59.0
-41.04000000000002
-137.96000000000004
-71.0
-134.0
-72.0
-24.0
-12.0
-3.0
-63.0
-18.0
-29.0
-74.12
-7.0
-12.0
-0.0
-16.0
-20.27000000000001
-5.5
-3.0
-2.0
-19.0
-22.0
-27.0
-100.0
-27.0
-4.0
-81.0
-103.0
-60.0
-35.0
-7.0
-11.0
-28.0
-22.960000000000036
-34.84000000000003
-19.159999999999968
-46.51999999999998
-31.0
-7.0
-88.0
-15.0
-3.0
-14.0
-58.0
-46.0
-7.0
-4.0
-36.0
-2.0
-61.0
-59.0
-30.0
-20.0
-11.0
-35.110000000000014
-7.0
-13.0
-14.0
-15.0
-13.0
-16.0
-21.0
-27.0
-44.0
-12.0
-8.0
-12.0
-2.0
-8.0
-35.56
-8.560000000000002
-24.0
-6.0
-12.0
-4.0
-17.0
-10.0
-7.0
-9.150000000000006
-26.0
-19.0
-48.0
-21.0
-30.0
-42.0
-8.0
-3.0
-38.0
-33.0
-13.0
-67.0
-2.0
-21.0
-9.0
-62.0
-41.0
-50.0
-16.0
-14.5
-29.0
-9.0
-18.0
-5.365000000000009
-3.0
-15.0
-17.0
-12.0
-19.0
-0.0
-36.0
-106.0
-14.0
-101.0
-45.0
-122.0
-40.0
-5.0
-12.0
-34.0
-25.0
-21.0
-33.0
-44.0
-16.0
-19.0
-9.0
-48.110000000000014
-21.0
-7.0
-3.0
-12.0
-19.0
-38.0
-6.0
-82.0
-86.0
-24.0
-134.0
-74.0
-77.0
-11.0
-40.0
-2.0
-17.0
-22.0
-63.0
-12.0
-16.0
-8.0
-27.0
-48.110000000000014
-20.0
-12.0
-3.0
-21.0
-15.0
-21.0
-11.0
-38.0
-93.0
-223.0
-18.0
-49.0
-30.0
-29.0
-44.0
-2.0
-1.0
-0.0
-34.0
-22.0
-38.0
-42.0
-15.0
-67.11000000000001
-1.0
-15.0
-17.0
-26.0
-13.0
-16.0
-17.0
-71.0
-152.0
-18.91999999999996
-111.91999999999996
-66.0
-45.0
-29.0
-30.0
-10.0
-13.0
-21.0
-27.0
-40.0
-20.0
-36.0
-1.0
-55.110000000000014
-8.0
-8.0
-15.0
-6.0
-12.0
-12.0
-2.0
-42.0
-71.0
-7.0
-11.0
-96.0
-84.0
-21.559999999999945
-3.5599999999999454
-42.0
-41.0
-17.0
-154.0
-40.0
-40.0
-54.0
-28.0
-48.110000000000014
-7.0
-17.0
-32.0
-14.0
-38.0
-23.0
-43.0
-12.0
-41.0
-10.0
-41.0
-18.0
-63.0
-12.0
-21.0
-6.0
-10.0
-87.0
-5.0
-21.0
-5.0
-1.0
-1.0
-0.8799999999999955
-4.0
-8.0
-11.0
-1.0
-5.0
-9.0
-23.0
-29.0
-28.0
-4.0
-21.0
-15.0
-31.0
-17.0
-52.0
-35.0
-32.0
-41.0
-8.0
-14.0
-9.0
-259.0
-3.0
-1.8799999999999955
-9.0
-8.0
-6.0
-2.0
-2.0
-8.0
-10.0
-78.0
-133.0
-318.03999999999996
-53.960000000000036
-212.0
-68.0
-1.0
-9.0
-16.0
-16.0
-1.0
-33.0
-20.0
-19.0
-33.0
-21.0
-14.0
-51.0
-60.0
-401.0
-22.0
-20.0
-41.0
-59.0
-9.0
-8.0
-8.919999999999959
-92.0
-5.0
-9.0
-65.0
-11.0
-27.0
-8.0
-27.335000000000008
-1.0
-10.0
-0.0
-20.0
-12.0
-16.0
-53.0
-74.0
-41.67999999999995
-22.32000000000005
-9.0
-77.0
-30.0
-38.0
-10.0
-6.1200000000000045
-24.0
-15.0
-11.0
-40.0
-13.0
-2.0
-18.0
-27.335000000000008
-8.0
-422.0
-7.0
-22.0
-2.0
-45.0
-21.0
-46.0
-53.0
-108.12
-20.0
-13.0
-23.0
-13.0
-22.0
-51.0
-77.0
-50.0
-102.0
-22.0
-96.0
-14.0
-47.0
-27.335000000000008
-33.0
-4.0
-14.0
-0.0
-5.0
-20.0
-5.0
-32.0
-26.0
-34.0
-17.0
-16.0
-18.0
-1.0
-5.0
-662.0
-10.0
-15.0
-6.0
-32.0
-30.0
-6.0
-29.0
-13.590000000000003
-20.0
-12.0
-4.0
-7.0
-21.0
-10.0
-27.0
-2.0
-8.0
-7.0
-36.0
-36.0
-21.0
-8.0
-19.0
-23.0
-21.0
-3.0
-24.0
-5.0
-26.0
-32.0
-12.0
-10.590000000000003
-14.0
-13.0
-7.0
-28.0
-11.0
-6.0
-16.0
-96.0
-162.0
-155.0
-38.0
-448.0
-3.919999999999959
-5.0
-56.0
-70.0
-60.0
-9.879999999999995
-105.0
-105.0
-3.0
-65.0
-9.0
-27.335000000000008
-12.0
-19.0
-10.0
-27.0
-0.0
-2.0
-492.0
-50.0
-5.0
-47.0
-7.0
-5.0
-43.0
-9.919999999999959
-3.0
-30.0
-120.0
-19.0
-21.0
-124.0
-26.0
-14.0
-28.0
-27.335000000000008
-26.5
-30.0
-16.0
-3.0
-10.0
-23.0
-41.0
-13.0
-11.879999999999995
-3.0
-8.0
-73.0
-8.0
-7.8799999999999955
-11.0
-4.0
-28.0
-10.0
-13.0
-28.0
-3.0
-28.0
-8.0
-26.810000000000002
-21.0
-1.0
-2.0
-2.0
-14.0
-36.0
-50.0
-105.0
-41.0
-9.0
-59.0
-36.0
-73.0
-6.0
-10.120000000000005
-39.0
-0.0
-3.0
-46.0
-48.0
-7.800000000000011
-53.0
-49.0
-25.875
-8.0
-2.0
-19.0
-5.0
-23.0
-24.0
-2.0
-74.0
-42.0
-42.0
-6.0
-75.0
-88.0
-22.0
-10.0
-14.0
-40.0
-2.0
-53.0
-8.0
-42.120000000000005
-85.0
-24.0
-24.939999999999998
-21.0
-40.0
-10.0
-51.0
-17.0
-6.0
-31.0
-49.0
-85.0
-557.0
-66.0
-111.0
-16.0
-28.0
-17.0
-91.0
-35.120000000000005
-7.0
-25.0
-27.0
-59.0
-41.0
-28.0
-16.590000000000003
-14.0
-23.0
-25.0
-4.0
-4.0
-7.0
-44.0
-114.0
-35.0
-1.0
-7.0
-21.0
-36.0
-15.0
-1.0
-20.0
-9.0
-7.0
-9.0
-26.0
-8.0
-18.0
-34.0
-1.4099999999999966
-20.0
-29.0
-18.0
-31.0
-8.0
-10.0
-18.0
-149.0
-122.0
-90.0
-19.0
-38.0
-4.0
-54.0
-41.0
-52.0
-62.0
-30.120000000000005
-4.0
-22.0
-21.0
-69.0
-26.0
-27.909999999999997
-10.0
-3.0
-3.0
-16.0
-57.0
-7.0
-11.0
-21.0
-45.0
-26.0
-60.120000000000005
-59.0
-7.8799999999999955
-2.0
-20.0
-17.0
-16.0
-13.0
-105.0
-1.0
-33.0
-10.0
-7.0
-30.430000000000007
-21.0
-16.0
-5.0
-3.0
-5.0
-7.0
-35.0
-14.0
-29.0
-21.0
-33.0
-83.0
-2.0
-11.0
-22.0
-24.0
-23.0
-7.0
-4.0
-56.0
-1.0
-22.0
-19.0
-32.94999999999999
-18.0
-10.0
-2.0
-2.0
-20.0
-7.0
-6.0
-119.0
-9.0
-11.879999999999995
-27.0
-27.0
-24.0
-7.0
-15.0
-19.0
-7.0
-11.120000000000005
-82.0
-4.0
-19.0
-39.0
-60.0
-21.919999999999987
-3.0
-14.0
-14.0
-35.0
-13.0
-24.0
-26.0
-26.0
-13.0
-42.879999999999995
-7.0
-5.0
-76.0
-40.0
-25.0
-17.0
-18.0
-54.0
-82.0
-43.0
-88.0
-15.0
-29.0
-32.41
-16.0
-2.0
-27.0
-7.0
-16.0
-8.0
-13.0
-16.0
-26.0
-64.0
-51.0
-5.0
-21.0
-17.0
-28.0
-0.0
-27.120000000000005
-2.0
-17.0
-71.0
-95.0
-36.0
-26.0
-23.590000000000003
-9.0
-4.0
-4.5
-8.5
-24.0
-14.5
-26.0
-33.0
-17.060000000000002
-70.36000000000001
-63.80000000000001
-98.48000000000002
-64.48000000000002
-47.48000000000002
-40.48000000000002
-66.48000000000002
-33.48000000000002
-43.0
-64.0
-6.0
-29.0
-4.0
-30.0
-15.590000000000003
-8.0
-19.0
-17.0
-12.0
-8.0
-4.0
-36.0
-122.0
-30.0
-45.0
-705.0
-18.0
-3.080000000000041
-35.0
-30.0
-98.0
-17.0
-13.0
-49.0
-34.0
-54.0
-14.0
-32.0
-32.41
-21.0
-9.0
-4.0
-20.0
-16.0
-9.0
-5.0
-155.0
-7.0
-59.0
-4.919999999999959
-41.0
-10.0
-33.0
-10.0
-32.0
-2.0
-13.0
-21.879999999999995
-3.0
-26.0
-0.0
-16.0
-32.41
-8.0
-4.0
-20.0
-5.0
-8.0
-4.0
-9.0
-49.0
-257.0
-18.0
-49.0
-62.0
-50.0
-8.0
-5.0
-26.0
-16.0
-6.0
-32.799999999999955
-10.0
-34.0
-20.0
-5.0
-32.41
-5.0
-26.0
-24.0
-10.0
-3.0
-14.0
-19.0
-23.0
-10.0
-8.0
-597.0
-24.0
-8.0
-38.0
-28.0
-61.0
-40.0
-24.0
-3.0
-33.0
-52.0
-3.0
-18.0
-32.41
-16.0
-11.0
-5.0
-34.0
-2.0
-63.0
-42.0
-17.0
-0.0
-20.120000000000005
-85.12
-6.0
-39.0
-42.0
-1.0
-19.0
-32.0
-5.0
-89.0
-5.0
-74.0
-24.0
-3.0
-9.409999999999997
-3.0
-0.0
-15.0
-8.0
-14.0
-5.0
-35.0
-92.0
-39.120000000000005
-5.0
-33.0
-57.0
-56.48000000000002
-14.759999999999991
-20.0
-17.0
-4.0
-2.0
-4.0
-21.0
-21.0
-20.0
-45.0
-4.590000000000003
-11.0
-33.0
-29.0
-5.0
-13.0
-42.0
-24.0
-17.0
-10.0
-1.0
-14.0
-41.0
-26.0
-10.039999999999992
-25.04000000000002
-24.0
-56.0
-4.0
-33.0
-20.0
-6.0
-8.0
-26.0
-35.59
-9.0
-18.0
-21.0
-23.0
-15.0
-5.0
-30.0
-135.0
-126.0
-163.0
-31.0
-12.0
-49.0
-51.0
-53.0
-34.120000000000005
-89.0
-15.0
-66.0
-101.0
-24.0
-46.0
-2.0
-6.409999999999997
-32.0
-10.0
-46.0
-17.0
-8.0
-12.0
-41.0
-2.0
-27.0
-23.0
-52.0
-19.0
-42.879999999999995
-0.0
-4.0
-26.0
-72.0
-24.0
-13.120000000000005
-29.0
-7.0
-21.0
-45.0
-32.41
-7.0
-31.0
-19.0
-12.0
-18.0
-12.0
-21.0
-126.0
-38.0
-58.0
-18.0
-39.0
-19.960000000000036
-27.039999999999964
-108.0
-9.0
-17.0
-12.0
-92.0
-31.0
-56.0
-53.0
-19.0
-6.409999999999997
-1.0
-0.0
-7.0
-22.0
-9.0
-8.0
-35.0
-12.0
-5.0
-7.0
-23.0
-34.0
-1.0
-18.120000000000005
-21.0
-11.0
-3.1200000000000045
-20.0
-107.88
-176.0
-72.0
-34.0
-2.0
-6.409999999999997
-0.0
-24.0
-10.0
-6.0
-299.0
-24.0
-15.0
-13.0
-63.0
-48.0
-13.0
-68.0
-3.0
-16.0
-1.0
-649.08
-21.879999999999995
-79.0
-96.0
-64.88
-3.0
-14.0
-13.0
-32.41
-8.0
-9.0
-2.0
-1.0
-6.0
-13.0
-23.0
-35.0
-18.0
-54.0
-58.0
-81.0
-48.0
-6.0
-2.0
-39.0
-49.0
-35.0
-61.0
-20.0
-28.0
-28.0
-8.0
-13.590000000000003
-15.0
-42.0
-32.0
-23.0
-32.0
-0.0
-17.0
-37.0
-25.0
-15.0
-20.0
-21.0
-54.0
-57.0
-55.0
-86.0
-17.0
-5.0
-28.5
-31.0
-1.0
-35.0
-27.0
-1.4099999999999966
-16.0
-13.0
-1.0
-2.0
-7.0
-29.0
-5.0
-10.0
-11.0
-4.0
-22.0
-44.03999999999999
-6.0
-0.0
-36.0
-7.0
-24.0
-19.0
-12.5
-12.0
-13.0
-7.0
-33.0
-29.590000000000003
-37.0
-22.0
-15.0
-16.0
-1.0
-1.0
-12.0
-182.0
-51.0
-63.0
-41.0
-60.0
-47.0
-4.0
-16.0
-14.0
-61.08000000000004
-49.0
-105.0
-79.0
-14.0
-31.0
-36.0
-32.41
-1.0
-15.0
-22.0
-1.0
-3.0
-13.0
-15.0
-1.0
-66.84000000000003
-39.039999999999964
-18.159999999999968
-3.840000000000032
-14.159999999999968
-10.159999999999968
-11.279999999999973
-22.639999999999986
-10.639999999999986
-17.639999999999986
-154.64
-70.63999999999999
-165.36
-14.360000000000014
-77.0
-32.41
-9.0
-6.0
-15.0
-2.5
-7.5
-13.0
-150.0
-3.0
-54.0
-16.0
-107.0
-57.0
-8.0
-76.0
-26.0
-21.0
-36.0
-15.0
-105.0
-35.0
-15.0
-23.0
-37.0
-23.409999999999997
-8.0
-12.0
-22.0
-21.0
-3.0
-16.0
-1.0
-21.0
-67.88
-10.879999999999995
-25.91999999999996
-0.12000000000000455
-37.120000000000005
-76.12
-14.559999999999945
-17.559999999999945
-25.0
-55.0
-50.0
-44.0
-78.0
-39.0
-41.0
-32.41
-18.0
-14.0
-44.0
-52.0
-39.0
-46.0
-226.0
-242.0
-548.0
-29.0
-19.0
-59.0
-28.0
-82.0
-61.0
-54.0
-8.0
-13.039999999999992
-18.5
-25.0
-38.0
-27.0
-19.0
-11.120000000000005
-3.0
-4.0
-7.0
-307.0
-0.0
-4.0
-54.0
-50.0
-36.0
-18.0
-45.0
-44.0
-42.0
-17.0
-20.0
-35.0
-35.0
-41.0
-7.0
-12.0
-42.0
-2.0
-12.0
-15.085000000000008
-5.0
-13.0
-23.0
-16.0
-25.0
-18.0
-31.0
-35.0
-110.88
-107.15999999999997
-43.15999999999997
-17.279999999999973
-41.84000000000003
-5.159999999999968
-36.15999999999997
-15.0
-18.0
-12.0
-37.0
-68.0
-20.0
-52.0
-14.0
-42.89999999999998
-8.0
-0.0
-11.0
-9.0
-18.0
-29.0
-14.0
-12.0
-66.0
-20.120000000000005
-103.11000000000001
-57.0
-31.0
-21.0
-48.0
-28.0
-53.0
-19.0
-54.0
-121.0
-31.0
-10.0
-3.0
-18.0
-15.0
-7.0
-7.0
-2.0
-38.0
-36.0
-9.960000000000036
-2.0399999999999636
-36.0
-42.0
-32.0
-36.0
-6.0
-71.0
-16.0
-63.0
-30.0
-14.0
-9.0
-1.0
-27.319999999999993
-5.0
-15.0
-9.0
-7.0
-11.0
-15.0
-29.0
-49.0
-45.0
-70.0
-12.0
-40.0
-2.0
-6.0
-65.0
-96.0
-19.0
-43.0
-10.0
-16.0
-9.0
-9.0
-8.0
-5.5
-29.0
-12.0
-16.0
-4.0
-50.0
-12.0
-2.0
-26.0
-53.0
-12.0
-33.0
-38.0
-48.0
-25.0
-0.0
-7.0
-14.0
-45.0
-3.0
-1.0
-26.0
-15.0
-4.0
-5.5
-47.0
-1.0
-34.0
-13.0
-10.0
-1.0
-12.0
-131.0
-23.0
-2.0
-26.0
-43.0
-43.0
-43.0
-0.0
-2.0
-42.0
-5.0
-19.0
-77.0
-35.0
-16.0
-42.0
-4.319999999999993
-7.0
-14.0
-13.0
-7.0
-56.0
-32.0
-2.0
-25.0
-23.0
-26.0
-9.0
-38.0
-85.0
-42.0
-38.0
-26.0
-41.0
-16.0
-48.0
-65.0
-7.0
-42.0
-18.0
-1.3199999999999932
-26.0
-12.0
-19.0
-15.0
-41.0
-79.0
-36.0
-19.0
-239.0
-31.0
-42.0
-5.0
-34.0
-23.0
-8.0
-48.0
-7.0
-9.0
-83.0
-45.0
-96.0
-50.0
-24.0
-4.319999999999993
-23.0
-3.0
-1.0
-4.0
-22.0
-7.0
-27.0
-40.0
-16.0
-40.0
-22.0
-46.0
-31.0
-0.0
-16.0
-4.0
-40.0
-8.0
-18.0
-12.0
-11.0
-42.0
-3.0
-11.819999999999993
-26.0
-39.0
-48.0
-4.0
-10.0
-23.0
-13.0
-62.0
-16.0
-161.0
-20.0
-82.0
-135.0
-90.0
-108.0
-126.0
-46.0
-100.0
-3.0
-35.0
-19.0
-28.920000000000016
-5.5
-5.474999999999994
-40.0
-4.0
-12.0
-1.0
-23.0
-11.0
-148.0
-149.0
-9.0
-49.0
-7.0
-25.0
-5.0
-7.0
-72.0
-8.0
-128.12
-19.0
-34.0
-4.0
-8.0
-23.0
-7.0
-5.5
-14.0
-26.0
-7.0
-8.0
-17.0
-15.0
-36.0
-28.0
-42.0
-18.0
-9.0
-22.0
-27.0
-6.0
-16.0
-16.0
-19.0
-11.0
-27.0
-40.0
-20.0
-52.0
-16.0
-27.5
-34.0
-28.0
-18.0
-6.0
-2.0
-15.0
-2.0
-106.0
-417.0
-17.0
-32.0
-19.0
-62.0
-38.0
-104.0
-19.0
-4.0
-17.0
-6.0
-49.0
-131.0
-3.0
-8.0
-5.474999999999994
-32.0
-2.0
-7.0
-1.5
-5.0
-0.5
-3.0
-66.95999999999998
-19.0
-6.0
-19.0
-44.0
-51.0
-36.0
-11.0
-3.0
-11.0
-6.0
-53.0
-36.0
-7.0
-1.0
-3.0
-0.8700000000000045
-19.0
-20.0
-26.0
-4.0
-7.0
-1.0
-15.0
-55.0
-20.0
-16.67999999999995
-75.55999999999995
-36.67999999999995
-27.0
-5.0
-8.0
-25.559999999999945
-38.440000000000055
-31.08000000000004
-23.08000000000004
-11.95999999999998
-59.56
-14.560000000000002
-1.0
-45.80500000000001
-8.0
-21.0
-3.0
-23.0
-48.0
-24.0
-29.0
-60.0
-9.0
-26.0
-69.0
-6.0
-42.0
-9.0
-5.0
-22.0
-12.0
-17.0
-14.0
-8.0
-4.0
-37.0
-10.0
-34.80500000000001
-36.75999999999999
-13.0
-3.5
-28.5
-3.5
-8.0
-16.0
-83.0
-29.0
-2.0
-41.0
-5.0
-21.0
-5.0
-4.0
-38.0
-6.0
-1.0
-24.0
-32.0
-34.0
-1.0
-19.0
-34.80500000000001
-13.0
-4.5
-11.5
-26.5
-20.0
-12.5
-29.0
-83.0
-13.259999999999991
-9.920000000000016
-4.079999999999984
-50.920000000000016
-41.08000000000001
-43.01999999999998
-19.079999999999984
-9.920000000000016
-42.920000000000016
-2.0800000000000125
-14.919999999999987
-28.220000000000027
-15.5
-14.5
-9.5
-5.5
-6.0
-14.5
-7.5
-2.5
-4.0
-4.5
-34.0
-9.0
-5.259999999999991
-52.22000000000003
-33.44
-40.44
-55.95999999999998
-55.01999999999998
-32.44
-84.98000000000002
-25.560000000000002
-60.95999999999998
-26.439999999999998
-22.439999999999998
-14.5
-36.5
-31.5
-5.5
-55.75999999999999
-6.0
-25.5
-5.5
-30.5
-39.5
-7.5
-97.92000000000002
-23.91999999999996
-50.91999999999996
-37.08000000000004
-35.08000000000004
-18.08000000000004
-40.91999999999996
-67.91999999999996
-19.08000000000004
-7.080000000000041
-20.91999999999996
-7.919999999999959
-37.079999999999984
-24.920000000000016
-23.920000000000016
-19.0
-19.805000000000007
-21.75999999999999
-15.0
-14.0
-34.0
-23.0
-52.0
-36.0
-153.0
-29.0
-23.91999999999996
-18.840000000000032
-8.279999999999973
-13.720000000000027
-21.75999999999999
-10.0
-14.0
-32.0
-2.32000000000005
-4.67999999999995
-48.31999999999999
-5.0
-0.0
-19.0
-22.805000000000007
-26.75999999999999
-46.56
-18.939999999999998
-21.439999999999998
-18.439999999999998
-31.439999999999998
-69.68
-15.120000000000005
-8.120000000000005
-45.120000000000005
-12.879999999999995
-12.120000000000005
-39.639999999999986
-63.50999999999999
-22.120000000000005
-80.11000000000001
-10.120000000000005
-65.88
-51.889999999999986
-66.60000000000002
-25.600000000000023
-56.610000000000014
-80.60000000000002
-46.48000000000002
-50.51999999999998
-41.22000000000003
-18.939999999999998
-6.439999999999998
-3.4399999999999977
-70.44
-65.88
-32.44
-39.39999999999998
-90.20000000000005
-24.200000000000045
-19.200000000000045
-65.20000000000005
-52.200000000000045
-60.200000000000045
-20.200000000000045
-31.200000000000045
-2.7999999999999545
-47.799999999999955
-19.80000000000001
-51.80000000000001
-1.8000000000000114
-25.80000000000001
-50.06999999999999
-39.28
-30.879999999999995
-46.879999999999995
-46.879999999999995
-29.879999999999995
-103.88
-40.879999999999995
-19.120000000000005
-37.879999999999995
-63.120000000000005
-63.120000000000005
-6.720000000000027
-54.72000000000003
-23.720000000000027
-59.72000000000003
-13.720000000000027
-63.120000000000005
-14.919999999999959
-6.240000000000009
-59.24000000000001
-12.240000000000009
-32.079999999999984
-46.879999999999995
-9.889999999999986
-3.0
-5.5
-1.5
-26.5
-5.0
-6.5
-18.0
-322.0
-43.51999999999998
-71.51999999999998
-12.519999999999982
-69.0
-23.0
-105.04000000000002
-108.04000000000002
-136.04000000000002
-113.04000000000002
-88.0
-49.0
-41.0
-7.0
-1.0
-9.0
-37.5
-26.0
-52.5
-50.5
-199.5
-32.0
-4.5
-6.0
-9.0
-3.240000000000009
-8.759999999999991
-12.439999999999998
-62.56
-5.439999999999998
-59.56
-74.56
-50.56
-79.56
-42.56
-32.0
-32.0
-10.0
-5.0
-19.5
-30.5
-70.72000000000003
-99.92000000000002
-70.95999999999998
-103.04000000000002
-120.04000000000002
-100.04000000000002
-46.04000000000002
-112.95999999999998
-27.039999999999964
-216.96000000000004
-53.960000000000036
-11.039999999999964
-133.03999999999996
-92.96000000000004
-22.039999999999964
-32.039999999999964
-93.03999999999996
-24.039999999999964
-66.96000000000004
-56.960000000000036
-131.95999999999998
-21.95999999999998
-44.95999999999998
-78.86000000000001
-23.860000000000014
-8.0
-28.47999999999999
-37.48000000000002
-22.97999999999999
-70.97999999999999
-24.47999999999999
-44.0
-82.0
-4.0
-25.0
-26.0
-20.0
-47.0
-72.0
-26.0
-86.0
-61.0
-24.0
-47.0
-42.0
-37.0
-6.0
-0.5600000000000023
-35.0
-1.0
-6.0
-10.0
-7.0
-17.0
-45.0
-17.0
-19.0
-10.0
-9.0
-23.0
-25.0
-55.0
-13.0
-25.0
-89.0
-22.0
-2.0
-29.0
-6.0
-8.0
-8.0
-45.44
-46.0
-8.0
-2.0
-5.0
-24.0
-29.0
-4.0
-88.0
-18.0
-39.0
-3.0
-32.0
-7.0
-28.0
-10.0
-21.0
-22.0
-14.0
-31.0
-96.0
-2.480000000000018
-21.480000000000018
-24.0
-12.019999999999982
-16.5
-11.0
-11.0
-2.0
-33.5
-28.0
-69.75999999999999
-46.0
-20.0
-84.0
-14.0
-12.0
-30.0
-4.0
-43.0
-27.0
-3.759999999999991
-36.24000000000001
-72.24000000000001
-31.24000000000001
-2.519999999999982
-13.480000000000018
-42.0
-41.96000000000001
-4.0
-9.0
-26.0
-8.0
-23.0
-23.0
-33.0
-37.0
-9.0
-37.0
-20.0
-30.0
-12.0
-19.0
-58.0
-12.0
-1.0
-17.0
-13.0
-29.0
-3.0
-48.0
-17.0
-25.5
-568.0
-29.0
-15.0
-6.0
-8.0
-23.0
-3.0
-21.0
-34.0
-21.0
-45.0
-71.0
-19.0
-0.0
-17.0
-35.0
-17.0
-4.0
-29.0
-18.0
-55.0
-51.0
-28.0
-27.5
-6.0
-24.0
-21.0
-21.0
-20.0
-38.0
-13.0
-167.0
-214.0
-13.0
-46.0
-8.0
-21.0
-16.0
-19.0
-18.0
-45.0
-14.0
-39.0
-84.0
-8.0
-18.0
-42.0
-1.9000000000000057
-269.28
-253.27999999999997
-252.27999999999997
-267.28
-266.28
-253.27999999999997
-263.28
-321.72
-247.72000000000003
-189.72000000000003
-184.72000000000003
-148.72000000000003
-136.72000000000003
-48.72000000000003
-91.72000000000003
-54.72000000000003
-61.27999999999997
-60.27999999999997
-11.279999999999973
-75.0
-36.0
-112.0
-39.0
-44.379999999999995
-51.0
-29.0
-22.0
-28.0
-29.0
-19.0
-69.0
-176.0
-130.0
-25.0
-19.0
-91.0
-15.0
-26.0
-39.0
-46.0
-23.0
-2.0
-83.0
-24.0
-12.0
-8.0
-44.0
-6.3799999999999955
-64.0
-13.0
-57.0
-26.0
-58.0
-15.0
-14.0
-79.0
-21.0
-9.0
-20.0
-53.0
-2.0
-14.0
-11.0
-29.0
-6.0
-45.0
-1.0
-56.0
-18.0
-9.0
-21.160000000000025
-36.620000000000005
-0.0
-14.0
-9.0
-40.0
-19.0
-41.0
-2.0
-73.0
-143.0
-48.0
-26.0
-3.0
-54.0
-2.0
-11.0
-98.0
-4.8799999999999955
-97.0
-88.0
-2.0
-34.0
-32.0
-24.0
-9.379999999999995
-17.0
-2.0
-2.0
-5.0
-5.0
-21.0
-5.0
-112.0
-7.0
-9.0
-44.0
-14.0
-8.0
-16.0
-17.0
-3.0
-3.0
-27.0
-19.0
-17.0
-3.0
-8.0
-16.0
-15.5
-15.0
-34.0
-17.0
-16.0
-17.0
-19.0
-17.0
-5.0
-31.0
-17.0
-3.0
-25.0
-26.0
-18.0
-23.0
-11.0
-42.0
-25.0
-44.0
-44.0
-24.0
-40.0
-27.0
-70.05000000000001
-35.5
-50.0
-30.0
-49.0
-40.0
-65.0
-23.0
-168.0
-65.0
-156.0
-65.0
-32.0
-10.0
-34.0
-33.0
-17.0
-28.0
-65.08000000000004
-26.0
-48.0
-27.0
-28.0
-22.0
-9.379999999999995
-13.0
-16.0
-19.0
-5.0
-8.0
-2.0
-4.0
-35.0
-11.0
-13.0
-17.0
-46.0
-26.0
-3.2000000000000455
-56.799999999999955
-22.200000000000045
-27.799999999999955
-21.200000000000045
-6.759999999999991
-46.75999999999999
-77.24000000000001
-2.240000000000009
-31.0
-16.860000000000014
-10.0
-30.0
-8.0
-23.0
-26.0
-0.0
-52.0
-116.0
-57.0
-33.0
-7.0
-36.0
-18.0
-29.0
-6.919999999999959
-14.0
-17.0
-5.0
-1.0
-93.0
-43.0
-14.0
-50.0
-11.430000000000007
-2.5
-11.0
-23.0
-35.0
-18.0
-14.0
-7.0
-94.0
-17.0
-3.0
-23.0
-26.0
-6.0
-16.0
-47.0
-8.0
-5.0
-26.0
-11.0
-7.0
-110.0
-327.0
-53.0
-63.0
-65.0
-95.0
-17.519999999999982
-1.4800000000000182
-66.0
-78.0
-86.0
-62.0
-8.0
-2.0
-47.0
-17.0
-35.315
-64.68
-57.68000000000001
-40.68000000000001
-18.72
-39.68000000000001
-58.68000000000001
-45.19999999999999
-178.2
-23.32000000000005
-396.67999999999995
-27.67999999999995
-43.32000000000005
-10.67999999999995
-29.67999999999995
-15.67999999999995
-6.67999999999995
-6.32000000000005
-99.32000000000005
-26.319999999999993
-28.680000000000007
-25.319999999999993
-26.680000000000007
-42.68000000000001
-20.629999999999995
-84.44
-58.44
-68.44
-70.44
-51.44
-104.44
-55.44
-114.44
-110.55999999999995
-19.559999999999945
-5.440000000000055
-50.559999999999945
-12.559999999999945
-1.4400000000000546
-2.5599999999999454
-18.559999999999945
-18.559999999999945
-71.55999999999995
-98.56
-15.439999999999998
-38.56
-32.44
-100.44
-93.75999999999999
-1.0
-4.0
-1.0
-25.0
-1.0
-6.0
-23.0
-155.0
-153.0
-105.0
-44.0
-49.0
-50.0
-7.0
-31.0
-44.0
-40.0
-51.0
-20.0
-15.0
-34.0
-27.0
-3.0
-14.680000000000007
-2.5
-24.0
-4.0
-7.0
-5.0
-9.0
-6.0
-30.0
-19.0
-77.48000000000002
-40.48000000000002
-23.0
-40.0
-15.440000000000055
-14.559999999999945
-2.5599999999999454
-12.559999999999945
-30.559999999999945
-135.56
-35.56
-34.44
-46.84000000000003
-25.0
-18.319999999999993
-39.5
-43.5
-38.5
-43.0
-37.0
-50.0
-34.48000000000005
-6.0
-0.0
-16.0
-43.0
-54.0
-7.0
-17.0
-25.0
-24.0
-54.0
-51.0
-22.0
-16.0
-59.0
-32.0
-31.0
-11.620000000000005
-1.5
-10.5
-5.5
-10.0
-4.0
-3.0
-12.519999999999953
-40.0
-20.0
-47.0
-3.0
-8.5
-29.5
-63.5
-6.5
-83.5
-83.5
-68.5
-37.0
-5.0
-29.0
-33.0
-7.0
-11.620000000000005
-35.5
-26.0
-20.0
-6.5
-41.5
-14.5
-31.0
-81.72000000000003
-201.68
-425.67999999999995
-5.32000000000005
-18.32000000000005
-77.32000000000005
-44.32000000000005
-47.32000000000005
-140.32000000000005
-3.32000000000005
-83.32000000000005
-54.31999999999999
-17.319999999999993
-1.3199999999999932
-53.68000000000001
-40.68000000000001
-8.319999999999993
-12.5
-22.0
-20.0
-6.5
-10.5
-10.5
-47.0
-64.51999999999998
-40.51999999999998
-18.519999999999982
-30.519999999999982
-53.48000000000002
-5.519999999999982
-51.51999999999998
-40.51999999999998
-25.519999999999982
-95.48000000000002
-60.48000000000002
-25.480000000000018
-4.519999999999982
-54.48000000000002
-18.480000000000018
-21.840000000000003
-20.319999999999993
-2.5
-7.0
-4.0
-6.5
-10.5
-10.5
-11.0
-4.0
-118.0
-68.0
-57.0
-8.0
-20.0
-103.0
-56.0
-63.0
-90.0
-48.0
-57.0
-43.0
-55.0
-15.0
-10.0
-17.680000000000007
-9.0
-15.0
-18.0
-41.0
-25.0
-39.0
-24.0
-65.0
-14.0
-88.0
-24.0
-20.0
-83.0
-12.0
-12.0
-41.0
-40.0
-29.0
-6.0
-48.0
-5.0
-20.0
-12.0
-14.680000000000007
-4.0
-4.0
-13.0
-27.0
-22.0
-30.0
-11.0
-59.0
-42.0
-72.0
-41.0
-31.0
-44.0
-19.0
-48.440000000000055
-86.44000000000005
-68.0
-61.0
-86.0
-43.0
-41.0
-30.0
-28.0
-37.120000000000005
-23.0
-16.0
-11.0
-15.0
-4.0
-95.0
-79.0
-8.0
-12.0
-44.0
-34.0
-40.0
-21.0
-59.0
-49.0
-41.0
-55.0
-24.0
-37.0
-52.0
-66.0
-65.0
-88.0
-96.62
-33.0
-24.0
-3.0
-14.0
-10.0
-11.0
-14.0
-29.0
-40.0
-7.0
-6.0
-25.0
-8.0
-31.0
-58.0
-32.0
-9.0
-5.0
-7.0
-20.0
-43.0
-37.0
-33.0
-21.090000000000003
-10.0
-19.0
-7.0
-4.0
-7.0
-10.0
-5.0
-120.0
-2.0
-29.0
-53.0
-653.0
-62.0
-41.0
-13.0
-8.0
-2.0
-34.0
-28.0
-26.0
-19.0
-28.0
-12.0
-8.590000000000003
-9.0
-4.0
-15.0
-4.0
-5.0
-10.0
-8.0
-71.0
-1.0
-29.0
-11.0
-67.0
-5.0
-19.0
-32.0
-17.0
-23.0
-37.0
-51.0
-24.0
-53.0
-11.0
-6.0
-3.5900000000000034
-2.0
-11.0
-11.0
-3.0
-4.0
-18.0
-10.0
-57.0
-3.0
-13.0
-20.0
-44.0
-3.0
-31.0
-33.0
-18.0
-34.0
-41.0
-47.0
-35.0
-7.0
-33.0
-2.0
-3.0600000000000023
-6.0
-5.0
-1.0
-13.0
-23.0
-14.0
-6.0
-20.0
-266.0
-2.0
-34.0
-42.0
-52.0
-47.0
-1.0
-21.0
-15.0
-29.0
-45.0
-9.0
-26.0
-63.0
-11.0
-43.38499999999999
-25.0
-14.0
-9.0
-2.0
-9.0
-32.0
-6.0
-84.0
-29.0
-68.0
-35.0
-30.0
-36.0
-4.0
-10.0
-53.0
-48.0
-43.0
-4.0
-6.0
-52.0
-63.0
-22.0
-43.38499999999999
-34.0
-25.0
-11.0
-31.0
-37.0
-2.0
-26.0
-20.0
-17.0
-19.0
-43.0
-104.56
-30.439999999999998
-7.0
-11.0
-34.0
-5.0
-20.0
-18.0
-9.0
-11.0
-25.0
-7.0
-55.08500000000001
-21.0
-2.0
-20.0
-7.0
-4.0
-18.0
-22.0
-8.0
-4.0
-21.0
-3.0
-54.0
-65.0
-21.5
-71.48000000000002
-8.0
-9.0
-76.0
-21.0
-18.0
-35.0
-21.0
-35.0
-6.914999999999992
-15.0
-7.0
-7.0
-15.0
-12.0
-13.0
-22.0
-115.0
-2.0
-88.0
-61.440000000000055
-43.440000000000055
-17.0
-27.0
-20.0
-40.0
-10.0
-46.0
-78.0
-27.0
-16.0
-14.0
-13.0
-44.38499999999999
-23.0
-26.0
-37.0
-30.0
-48.0
-8.0
-3.0
-157.0
-7.0
-17.0
-12.0
-45.0
-38.440000000000055
-4.440000000000055
-34.0
-25.0
-0.0
-34.0
-4.0
-30.0
-32.0
-18.0
-3.0
-38.38499999999999
-40.0
-52.0
-10.0
-332.0
-9.0
-8.0
-0.0
-61.0
-33.0
-6.0
-28.0
-55.0
-11.0
-2.0
-6.0
-50.0
-38.0
-32.0
-85.0
-45.0
-3.0
-5.0
-13.0
-43.38499999999999
-18.0
-3.0
-7.0
-10.0
-14.0
-2.0
-10.0
-180.0
-42.0
-27.0
-39.0
-95.0
-1.0
-25.0
-6.0
-45.0
-24.0
-47.0
-45.0
-0.0
-53.0
-42.0
-6.0
-38.38499999999999
-3.0
-15.0
-2.0
-11.0
-13.0
-26.0
-12.0
-167.0
-1.0
-9.0
-15.0
-212.03999999999996
-68.03999999999996
-38.960000000000036
-27.960000000000036
-14.039999999999964
-146.03999999999996
-225.96000000000004
-29.04000000000002
-85.95999999999998
-2.0400000000000205
-5.5
-11.5
-33.38499999999999
-29.0
-48.17500000000001
-53.68000000000001
-6.0
-20.67500000000001
-26.180000000000007
-26.680000000000007
-11.5
-7.5
-28.039999999999992
-10.04000000000002
-19.0
-27.0
-27.0
-33.0
-31.0
-57.0
-27.0
-33.0
-11.0
-12.0
-4.0
-29.0
-24.085000000000008
-2.0
-52.349999999999994
-41.360000000000014
-6.0
-33.349999999999994
-26.360000000000014
-73.36000000000001
-5.5
-20.5
-32.48000000000002
-46.98000000000002
-35.5
-30.0
-11.0
-27.0
-11.0
-15.0
-12.0
-11.0
-16.0
-48.0
-0.0
-0.0
-10.080000000000013
-15.960000000000008
-30.0
-14.0
-22.0
-33.0
-33.0
-38.0
-64.0
-268.0
-59.0
-114.0
-97.0
-13.0
-25.0
-7.0
-61.0
-67.0
-83.0
-20.0
-5.0
-8.0
-7.0
-16.0
-43.38499999999999
-28.47999999999999
-9.0
-11.0
-17.0
-34.0
-17.0
-14.0
-78.0
-17.0
-23.0
-24.0
-11.0
-25.0
-97.0
-17.0
-9.0
-86.0
-50.0
-81.0
-17.0
-45.0
-0.0
-33.0
-38.38499999999999
-3.0
-25.0
-9.0
-24.0
-13.0
-21.0
-13.0
-31.0
-23.0
-107.0
-14.0
-37.0
-1.0
-15.0
-30.0
-22.0
-26.0
-22.0
-30.0
-63.0
-8.0
-18.0
-12.0
-7.384999999999991
-16.0
-6.0
-1.0
-22.0
-21.0
-19.0
-11.0
-41.0
-56.0
-51.0
-40.0
-66.0
-14.0
-1.0
-36.0
-29.0
-68.0
-43.0
-49.0
-40.0
-34.0
-30.0
-18.0
-38.38499999999999
-30.0
-6.0
-0.0
-2.0
-4.0
-11.0
-4.0
-48.0
-36.0
-38.0
-7.0
-71.0
-26.0
-11.0
-10.0
-41.0
-21.0
-80.0
-93.0
-0.0
-11.0
-16.0
-10.0
-38.38499999999999
-6.0
-14.0
-11.0
-15.0
-22.0
-13.0
-28.0
-56.0
-38.0
-20.0
-81.0
-56.0
-21.0
-34.0
-24.0
-22.720000000000027
-12.720000000000027
-25.19999999999999
-33.19999999999999
-11.5
-4.0
-1.0
-13.0
-38.610000000000014
-12.0
-16.0
-10.0
-5.0
-2.0
-12.0
-559.0
-1.0
-41.0
-26.0
-33.44
-45.44
-37.44
-52.44
-67.44
-45.44
-52.44
-22.0
-10.0
-44.0
-7.0
-1.0
-24.0
-7.610000000000014
-20.0
-23.0
-3.0
-22.0
-8.0
-3.0
-31.0
-119.0
-214.0
-15.0
-55.0
-15.0
-48.0
-20.0
-7.0
-11.0
-36.0
-20.0
-56.0
-15.0
-17.0
-7.0
-682.0
-10.384999999999991
-19.0
-10.0
-5.0
-27.0
-13.0
-5.0
-61.5
-41.51999999999998
-47.0
-30.0
-4.0
-69.0
-8.0
-34.0
-7.0
-14.0
-3.0
-39.0
-91.0
-21.0
-74.0
-17.0
-2.0
-38.38499999999999
-3.0
-9.0
-1.0
-11.0
-21.0
-4.0
-86.0
-67.0
-99.0
-10.0
-27.0
-66.0
-18.0
-1.0
-669.0
-21.0
-19.0
-46.0
-32.0
-7.0
-2.0
-19.0
-30.0
-10.384999999999991
-164.07999999999998
-159.07999999999998
-155.07999999999998
-158.07999999999998
-158.07999999999998
-187.07999999999998
-136.07999999999998
-127.07999999999998
-53.91999999999996
-62.15999999999997
-58.15999999999997
-225.08000000000004
-131.08000000000004
-143.91999999999996
-143.0
-17.159999999999968
-95.15999999999997
-199.0
-68.0
-77.0
-6.0
-78.0
-10.0
-24.38499999999999
-15.0
-13.0
-5.0
-24.0
-6.0
-22.0
-8.0
-128.0
-294.0
-13.0
-28.0
-63.0
-27.0
-4.0
-19.0
-24.0
-9.0
-30.0
-69.0
-1.0
-48.0
-33.0
-6.0
-44.38499999999999
-22.0
-6.0
-21.0
-27.0
-18.0
-27.0
-25.0
-69.0
-4.0
-83.0
-9.0
-15.0
-0.0
-32.0
-50.0
-43.0
-56.0
-29.0
-22.0
-11.0
-3.0
-12.0
-11.0
-50.610000000000014
-21.0
-19.0
-12.0
-2.0
-5.0
-10.0
-4.0
-29.5
-24.5
-11.0
-23.0
-30.0
-34.0
-26.0
-11.0
-28.0
-14.0
-15.0
-9.0
-9.719999999999999
-12.0
-13.0
-7.0
-39.0
-9.0
-13.0
-25.0
-1.0
-104.0
-27.0
-94.0
-40.0
-16.0
-46.0
-31.0
-0.12000000000000455
-36.0
-13.0
-65.0
-41.0
-389.0
-26.0
-58.0
-34.360000000000014
-504.0
-11.0
-7.5
-17.0
-9.0
-0.0
-10.0
-165.0
-68.0
-52.0
-19.0
-40.0
-10.0
-1.0
-6.0
-53.0
-59.0
-83.0
-4.0
-9.0
-5.0
-23.0
-25.0
-34.08500000000001
-5.0
-2.0
-8.0
-17.0
-5.0
-1.0
-13.0
-31.0
-0.0
-61.0
-29.0
-60.0
-11.0
-6.0
-25.0
-8.0
-20.0
-33.0
-6.0
-39.0
-7.0
-6.0
-30.0
-28.085000000000008
-20.0
-17.0
-4.0
-19.0
-12.0
-6.0
-12.0
-188.0
-80.0
-5.0
-58.0
-54.0
-40.48000000000002
-5.480000000000018
-28.879999999999995
-2.0
-7.480000000000018
-49.48000000000002
-32.440000000000055
-112.44
-60.56
-41.75999999999999
-43.0
-39.360000000000014
-12.0
-11.5
-8.5
-6.5
-9.0
-19.5
-38.599999999999994
-33.39999999999998
-95.60000000000002
-51.39999999999998
-63.39999999999998
-14.0
-350.0
-70.0
-62.0
-19.0
-18.0
-77.0
-36.0
-28.0
-35.0
-30.0
-17.0
-39.360000000000014
-12.0
-6.0
-13.0
-6.0
-9.0
-6.0
-37.0
-126.0
-106.0
-27.0
-71.0
-13.0
-18.120000000000005
-17.0
-0.0
-12.919999999999959
-51.0
-79.88
-31.399999999999977
-2.3999999999999773
-87.0
-30.0
-36.0
-6.360000000000014
-13.0
-33.0
-35.0
-24.0
-0.0
-24.0
-8.0
-123.0
-112.0
-18.0
-21.0
-21.0
-20.0
-38.0
-77.0
-7.0
-16.0
-77.0
-5.0
-43.0
-40.0
-19.0
-36.0
-6.360000000000014
-24.0
-35.0
-1.0
-9.0
-19.0
-21.0
-47.0
-30.0
-37.0
-31.0
-27.0
-69.12
-12.0
-5.0
-48.0
-29.0
-21.0
-81.0
-10.0
-42.0
-12.0
-53.0
-14.0
-6.360000000000014
-22.0
-0.0
-2.0
-28.0
-6.0
-61.0
-16.0
-44.0
-41.0
-34.0
-30.0
-56.0
-21.0
-47.0
-7.0
-27.0
-17.0
-24.0
-34.0
-12.0
-31.0
-7.0
-15.0
-55.08500000000001
-26.0
-45.0
-6.0
-3.0
-7.0
-30.0
-8.0
-10.0
-12.0
-16.0
-10.0
-44.0
-13.0
-2.0
-18.0
-5.0
-11.0
-24.0
-43.0
-19.0
-0.0
-17.0
-2.0
-34.08500000000001
-4.0
-5.0
-10.0
-19.0
-9.0
-11.0
-14.0
-88.0
-104.0
-30.0
-17.0
-64.0
-22.120000000000005
-79.0
-26.0
-28.0
-67.0
-26.0
-3.0
-80.0
-39.0
-28.0
-32.0
-6.360000000000014
-14.0
-10.0
-4.0
-15.0
-18.0
-11.0
-5.0
-18.0
-55.0
-37.0
-63.120000000000005
-58.0
-40.0
-17.120000000000005
-22.0
-1.0
-39.0
-15.0
-30.0
-91.12
-23.0
-3.0
-2.0
-6.360000000000014
-10.0
-11.0
-11.0
-4.0
-55.0
-11.0
-10.0
-27.0
-130.0
-105.0
-67.0
-153.0
-97.0
-41.0
-1.0
-1.0
-127.0
-58.0
-54.08000000000004
-9.0
-46.0
-0.0
-26.0
-39.639999999999986
-10.0
-14.0
-6.0
-8.0
-22.0
-28.0
-8.0
-33.0
-0.0
-30.0
-37.0
-23.0
-35.08000000000004
-12.0
-10.0
-20.0
-16.0
-54.0
-2.0
-51.120000000000005
-30.0
-28.0
-46.0
-43.0
-27.0
-9.0
-1.0
-1.0
-28.0
-29.0
-10.0
-21.0
-30.0
-43.0
-41.0
-16.0
-12.0
-2.919999999999959
-46.0
-38.0
-12.0
-26.0
-148.0
-61.0
-44.0
-12.0
-20.0
-41.97000000000003
-13.0
-21.0
-8.0
-2.0
-27.0
-21.0
-23.0
-37.0
-14.0
-51.0
-13.0
-11.0
-9.0
-89.0
-22.0
-57.0
-180.0
-4.0
-27.0
-16.0
-3.0
-20.0
-15.0
-72.08500000000001
-7.0
-14.0
-14.0
-10.0
-57.0
-10.0
-21.0
-4.0
-17.0
-39.0
-35.0
-63.0
-269.0
-42.5
-65.0
-4.0
-1.0
-11.0
-15.0
-1.0
-26.0
-18.0
-6.0
-31.085000000000008
-25.0
-4.0
-15.0
-13.0
-4.0
-11.0
-13.0
-127.0
-57.0
-64.0
-162.0
-78.0
-68.0
-389.0
-91.0
-49.0
-53.120000000000005
-62.0
-31.0
-100.0
-61.0
-5.0
-34.0
-13.970000000000027
-9.0
-12.0
-14.0
-28.0
-9.0
-0.0
-11.0
-78.0
-48.0
-75.12
-65.0
-42.11999999999989
-37.0
-56.0
-30.0
-21.0
-71.0
-80.0
-24.0
-61.0
-3.0
-4.0
-46.0
-32.02999999999997
-25.0
-7.0
-34.0
-10.0
-5.0
-15.0
-21.0
-152.0
-12.0
-12.0
-46.0
-49.059999999999945
-97.0
-16.0
-22.120000000000005
-28.0
-56.0
-11.0
-5.1200000000000045
-51.0
-31.0
-20.0
-3.0
-13.970000000000027
-28.0
-14.0
-14.0
-7.0
-12.0
-5.0
-12.0
-30.0
-7.0
-70.0
-85.0
-56.0
-38.0
-28.120000000000005
-59.0
-49.120000000000005
-29.0
-42.0
-58.0
-37.0
-45.0
-17.0
-22.0
-13.970000000000027
-56.0
-10.0
-25.0
-21.0
-14.0
-24.0
-7.0
-14.0
-28.0
-16.0
-26.0
-43.0
-12.0
-40.0
-32.0
-4.919999999999959
-109.0
-3.0
-46.0
-6.0
-4.0
-40.0
-3.0
-13.970000000000027
-34.0
-13.0
-13.0
-21.0
-15.0
-13.0
-16.0
-60.0
-4.0
-28.0
-101.0
-104.0
-98.0
-30.0
-27.0
-17.0
-25.0
-10.0
-18.0
-19.0
-9.0
-42.0
-10.0
-57.08500000000001
-1.0
-0.0
-1.0
-39.0
-3.0
-3.0
-14.0
-11.0
-5.0
-28.0
-18.0
-16.0
-25.0
-31.0
-11.600000000000023
-23.600000000000023
-12.0
-2.0
-34.0
-11.0
-31.0
-29.0
-60.0
-34.08500000000001
-35.0
-24.0
-5.0
-28.0
-31.0
-26.0
-14.0
-122.0
-11.0
-39.120000000000005
-21.5
-79.0
-78.0
-51.0
-266.0
-22.08000000000004
-152.0
-27.0
-9.0
-94.0
-23.0
-757.0
-33.0
-13.970000000000027
-19.0
-8.0
-44.0
-3.0
-3.0
-10.0
-18.0
-14.0
-23.0
-16.0
-43.0
-72.5
-23.120000000000005
-53.0
-104.0
-31.0
-75.24000000000001
-46.0
-91.0
-36.0
-5.0
-19.0
-16.0
-24.939999999999998
-21.0
-29.0
-1.0
-10.0
-10.0
-34.0
-32.0
-4.0
-18.0
-55.0
-26.120000000000005
-66.0
-33.0
-31.0
-49.24000000000001
-54.0
-14.0
-46.0
-90.0
-35.0
-45.0
-30.0
-11.0
-16.930000000000007
-7.0
-7.0
-11.0
-20.0
-26.0
-41.0
-9.0
-13.0
-14.0
-50.0
-88.0
-65.0
-23.0
-55.0
-716.0
-37.0
-33.0
-59.120000000000005
-87.0
-95.0
-27.0
-3.0
-7.0
-16.930000000000007
-35.0
-36.0
-20.0
-2.0
-15.0
-11.0
-33.0
-11.0
-25.0
-32.0
-44.0
-75.0
-24.08000000000004
-46.0
-42.0
-22.0
-36.0
-17.0
-89.0
-26.0
-19.0
-26.0
-43.0
-16.930000000000007
-11.0
-15.0
-13.0
-5.0
-9.0
-18.0
-22.0
-78.0
-8.0
-74.0
-34.0
-16.0
-3.0
-8.0
-27.0
-14.0
-23.0
-2.0
-18.0
-2.0
-11.0
-31.0
-20.0
-31.085000000000008
-14.0
-1.0
-10.0
-13.0
-10.5
-10.5
-9.0
-1.0
-13.5
-24.0
-54.03999999999999
-33.160000000000025
-10.160000000000025
-40.599999999999994
-26.480000000000018
-32.51999999999998
-19.839999999999975
-13.839999999999975
-41.5
-1.5
-49.0
-3.0
-9.0
-31.085000000000008
-12.0
-9.0
-17.0
-6.0
-7.0
-0.0
-20.0
-53.0
-107.0
-134.0
-35.0
-41.0
-59.0
-76.0
-59.0
-63.0
-14.0
-51.0
-39.0
-68.0
-30.0
-44.0
-62.0
-8.919999999999987
-22.0
-5.0
-19.0
-9.0
-1.0
-37.0
-18.0
-121.0
-116.0
-67.0
-89.0
-65.11999999999989
-53.0
-61.0
-56.0
-29.0
-39.0
-68.0
-40.0
-85.0
-56.0
-14.0
-21.0
-7.409999999999997
-46.0
-8.0
-17.0
-13.0
-3.0
-20.0
-5.0
-10.0
-72.0
-41.120000000000005
-86.0
-68.7199999999998
-43.0
-125.0
-73.12
-57.0
-47.0
-102.0
-61.0
-46.0
-108.0
-8.0
-31.0
-7.409999999999997
-16.0
-27.0
-28.0
-25.0
-5.0
-5.0
-36.0
-1.0
-58.0
-8.0
-53.0
-124.7199999999998
-31.0
-76.0
-36.08000000000004
-31.0
-24.0
-79.0
-56.08000000000004
-56.0
-19.0
-29.0
-20.0
-19.409999999999997
-5.0
-9.0
-28.0
-15.0
-15.0
-5.0
-20.0
-2.0
-41.0
-37.0
-35.0
-68.7199999999998
-19.67999999999995
-42.67999999999995
-68.12
-17.0
-22.0
-41.0
-22.0
-79.0
-24.0
-38.0
-1.0
-7.409999999999997
-10.0
-9.0
-7.0
-1.0
-3.0
-6.0
-4.0
-66.0
-12.5
-53.0
-11.920000000000016
-12.919999999999987
-53.639999999999986
-41.30000000000001
-12.740000000000009
-21.04000000000002
-1.039999999999992
-19.0
-6.5
-0.5
-15.0
-41.5
-2.0
-28.085000000000008
-5.0
-5.0
-24.0
-18.0
-8.0
-11.0
-15.0
-8.0
-6.0
-19.0
-7.0
-23.0
-69.12
-38.0
-29.0
-10.0
-15.0
-28.0
-74.0
-1.0
-543.0
-4.0
-24.0
-3.085000000000008
-3.0
-16.0
-13.0
-11.0
-42.0
-21.0
-23.0
-156.0
-17.0
-47.32000000000005
-24.32000000000005
-72.31999999999994
-32.0
-103.39999999999998
-46.39999999999998
-67.39999999999998
-40.51999999999998
-33.39999999999998
-105.12
-43.0
-120.0
-17.0
-55.0
-59.59
-19.0
-1.0
-15.0
-29.0
-5.0
-11.0
-28.0
-21.0
-0.7999999999999545
-54.32000000000005
-99.32000000000005
-65.11999999999989
-61.120000000000005
-58.120000000000005
-31.440000000000055
-47.440000000000055
-3.4400000000000546
-119.44000000000005
-73.44000000000005
-8.639999999999986
-7.0
-5.0
-37.0
-59.59
-89.5
-7.0
-88.0
-76.5
-78.0
-20.0
-7.0
-10.0
-27.0
-360.0
-30.0
-66.0
-7.0
-42.08000000000004
-32.08000000000004
-15.120000000000005
-27.0
-32.0
-10.0
-7.0
-8.0
-2.0
-12.0
-5.900000000000006
-4.0
-11.0
-11.0
-20.0
-1.0
-3.0
-0.0
-10.0
-48.0
-6.0
-77.0
-62.0
-34.0
-17.0
-40.24000000000001
-11.0
-44.0
-13.0
-2.0
-3.0
-14.0
-16.0
-16.0
-32.0
-6.5
-1.0
-18.129999999999995
-0.5
-24.5
-20.0
-1.0
-10.0
-22.0
-12.0
-33.0
-34.0
-13.0
-11.0
-42.0
-41.0
-8.0
-2.0
-15.0
-8.0
-2.0
-16.0
-13.0
-3.0
-4.0
-10.0
-8.120000000000005
-12.5
-11.5
-6.0
-2.0
-5.5
-21.5
-2.5
-73.32
-143.68
-60.32000000000005
-111.67999999999995
-578.0
-86.0
-22.0
-16.0
-12.0
-8.0
-35.0
-10.0
-128.0
-59.0
-22.0
-36.0
-37.60000000000005
-17.0
-12.0
-42.0
-29.0
-14.0
-21.5
-38.0
-59.0
-222.0
-23.0
-82.0
-84.0
-46.0
-5.0
-10.0
-25.0
-17.0
-153.0
-41.0
-26.0
-44.0
-1.0
-12.0
-24.60000000000005
-11.0
-5.0
-31.0
-4.0
-25.0
-3.5
-10.0
-0.0
-107.0
-61.0
-58.0
-54.0
-15.0
-49.0
-52.0
-46.0
-3.0
-47.0
-25.0
-89.0
-46.0
-34.0
-18.0
-24.60000000000005
-8.0
-2.0
-22.0
-16.0
-15.0
-14.0
-13.0
-0.0
-6.0
-64.0
-61.0
-16.0
-9.0
-51.0
-56.0
-54.0
-7.0
-52.0
-46.0
-98.0
-32.0
-67.0
-8.0
-26.080000000000013
-16.0
-42.0
-50.0
-57.0
-42.0
-25.0
-43.0
-41.0
-70.0
-56.0
-37.0
-17.0
-49.0
-25.0
-49.0
-20.0
-38.0
-15.0
-20.0
-17.0
-30.0
-51.0
-41.0
-49.06999999999999
-54.0
-49.0
-43.0
-47.0
-55.0
-36.0
-15.0
-47.0
-26.0
-2.0
-8.0
-17.0
-6.0
-20.0
-8.0
-6.0
-32.0
-16.0
-21.0
-4.0
-14.0
-16.0
-26.0
-14.615000000000009
-38.0
-19.0
-17.0
-23.0
-22.0
-21.0
-13.0
-54.0
-241.0
-167.0
-50.0
-61.0
-108.0
-47.0
-49.0
-48.0
-40.0
-59.0
-90.0
-34.0
-13.0
-10.0
-2.0
-166.04
-5.0
-12.0
-46.0
-22.0
-12.0
-12.0
-12.0
-24.0
-69.0
-61.0
-50.0
-69.0
-23.0
-53.0
-29.0
-68.0
-7.0
-35.0
-57.0
-30.0
-13.0
-22.0
-17.0
-1.039999999999992
-21.0
-23.0
-41.0
-36.0
-11.0
-7.0
-10.0
-11.0
-72.0
-33.0
-128.0
-72.0
-28.0
-21.0
-21.0
-25.0
-27.0
-17.0
-5.0
-55.0
-48.0
-3.0
-42.0
-40.03999999999999
-28.0
-26.0
-50.0
-35.0
-32.5
-11.360000000000014
-27.5
-50.360000000000014
-26.639999999999986
-35.0
-15.600000000000023
-72.39999999999998
-55.39999999999998
-13.600000000000023
-12.600000000000023
-12.0
-37.48000000000002
-36.51999999999998
-52.0
-9.0
-35.0
-19.0
-12.0
-1.039999999999992
-21.0
-16.0
-36.0
-6.0
-2.0
-9.0
-9.0
-64.0
-3.0
-40.0
-124.0
-83.0
-52.0
-32.0
-23.0
-14.0
-13.0
-14.0
-15.0
-74.0
-41.0
-34.0
-4.0
-14.039999999999992
-32.0
-34.0
-53.0
-1.0
-2.0
-10.0
-12.0
-70.0
-87.0
-53.5
-157.0
-46.0
-45.0
-35.5
-28.5
-24.5
-30.5
-7.0
-14.0
-5.0
-7.0
-6.0
-14.0
-13.615000000000009
-276.1
-7.0
-1.0
-20.0
-3.0
-9.0
-14.47999999999999
-0.5
-16.0
-27.0
-54.0
-10.0
-259.0
-8.0
-21.0
-15.0
-1.0
-30.0
-13.0
-6.0
-7.0
-1.0
-7.0
-14.615000000000009
-23.0
-9.0
-15.0
-13.0
-5.0
-30.0
-4.0
-91.0
-192.51999999999998
-100.48000000000002
-226.0
-59.0
-134.0
-20.0
-1.0
-4.0
-14.0
-30.519999999999982
-80.48000000000002
-3.0
-13.0
-54.0
-34.0
-1.039999999999992
-32.5
-11.0
-13.0
-9.0
-0.0
-12.0
-25.0
-40.0
-139.0
-5.0
-63.0
-582.0
-92.67999999999995
-17.67999999999995
-31.67999999999995
-14.0
-11.0
-13.0
-69.48000000000002
-20.519999999999982
-39.51999999999998
-3.5
-22.0
-1.039999999999992
-20.5
-9.0
-28.0
-6.0
-16.0
-6.0
-16.0
-11.0
-39.48000000000002
-10.519999999999982
-47.48000000000002
-42.51999999999998
-64.48000000000002
-6.519999999999982
-22.0
-15.0
-119.0
-2.0
-56.0
-33.0
-39.0
-7.0
-648.0
-2.960000000000008
-32.5
-5.5
-32.0
-23.0
-18.0
-0.0
-14.5
-12.519999999999982
-106.51999999999998
-84.51999999999998
-49.15999999999997
-61.0
-55.0
-22.0
-9.0
-18.0
-6.0
-36.0
-28.0
-13.0
-63.0
-21.0
-28.0
-1.039999999999992
-632.5
-8.0
-11.0
-3.0
-20.0
-6.0
-29.0
-95.0
-5.0
-13.0
-184.0
-86.96000000000004
-29.960000000000036
-9.0
-4.0
-18.0
-40.0
-21.0
-56.0
-53.0
-37.0
-49.0
-37.0
-40.03999999999999
-10.099999999999994
-11.0
-40.0
-39.0
-3.0
-8.0
-9.0
-5.0
-42.0
-3.0
-5.0
-32.0
-104.0
-33.0
-10.0
-21.0
-75.0
-69.0
-18.0
-19.0
-20.0
-14.0
-12.0
-15.159999999999997
-11.099999999999994
-16.0
-16.0
-7.0
-29.0
-27.0
-24.0
-72.0
-16.0
-7.0
-45.0
-13.0
-21.0
-49.0
-49.0
-14.0
-35.0
-41.0
-0.0
-6.0
-9.0
-27.0
-5.0
-2.5749999999999886
-10.0
-1.0
-10.0
-7.0
-1.0
-15.0
-6.0
-26.0
-41.0
-106.0
-74.44000000000005
-22.440000000000055
-125.0
-41.0
-20.0
-4.0
-11.0
-46.0
-28.0
-10.0
-14.0
-29.0
-23.0
-40.03999999999999
-12.0
-5.0
-28.0
-25.0
-10.0
-10.0
-11.0
-9.0
-15.480000000000018
-43.51999999999998
-103.39999999999998
-86.39999999999998
-36.39999999999998
-21.600000000000023
-6.600000000000023
-4.519999999999982
-36.48000000000002
-38.51999999999998
-14.519999999999982
-3.519999999999982
-65.48000000000002
-24.47999999999999
-15.5
-1.039999999999992
-19.55000000000001
-4.0
-42.5
-2.0
-25.0
-10.0
-17.0
-224.39999999999998
-2.3999999999999773
-28.600000000000023
-82.39999999999998
-87.0
-18.0
-29.0
-21.0
-45.0
-38.0
-31.0
-79.0
-51.0
-41.0
-5.0
-12.0
-1.039999999999992
-40.55000000000001
-35.0
-46.0
-2.0
-20.0
-9.0
-22.0
-4.0
-4.0
-42.0
-85.0
-38.0
-18.0
-57.0
-16.0
-75.0
-23.0
-71.0
-61.0
-24.0
-7.0
-1.0
-32.0
-40.03999999999999
-62.55000000000001
-15.0
-25.0
-10.0
-1.0
-54.0
-20.5
-22.0
-9.0
-43.0
-124.75999999999999
-51.39999999999998
-29.399999999999977
-38.60000000000002
-35.0
-11.0
-52.0
-21.960000000000036
-117.83999999999997
-40.839999999999975
-41.360000000000014
-7.419999999999959
-16.0
-40.03999999999999
-51.19999999999999
-25.5
-6.759999999999991
-14.0
-10.0
-1.5
-58.0
-21.5
-105.0
-57.5
-19.0
-53.0
-95.5
-13.800000000000011
-59.5
-7.199999999999989
-19.80000000000001
-37.0
-6.0
-19.0
-2.0
-224.0
-2.0
-7.574999999999989
-22.599999999999994
-1.0
-5.0
-13.0
-7.0
-8.0
-77.0
-19.0
-26.0
-24.0
-11.0
-0.0
-4.0
-16.0
-11.0
-4.0
-5.0
-16.0
-10.0
-30.0
-12.0
-7.0
-2.0
-6.009999999999991
-10.099999999999994
-19.0
-4.02000000000001
-1.9799999999999898
-8.009999999999991
-25.0
-18.0
-109.0
-113.0
-149.0
-143.0
-9.0
-127.0
-14.0
-27.0
-6.0
-12.840000000000032
-140.84000000000003
-64.83999999999997
-477.84
-24.160000000000025
-11.160000000000025
-27.0
-1.039999999999992
-30.05000000000001
-5.0
-8.0
-10.0
-5.0
-6.0
-18.0
-7.0
-6.0
-64.0
-42.0
-63.0
-5.0
-26.0
-49.0
-8.0
-52.0
-56.0
-13.0
-16.0
-4.0
-14.0
-31.0
-1.039999999999992
-53.05000000000001
-11.0
-11.0
-7.0
-23.0
-15.0
-4.0
-17.0
-6.0
-52.0
-71.0
-58.0
-27.0
-17.0
-52.0
-5.0
-15.0
-14.0
-31.0
-57.0
-4.0
-2.0
-35.0
-28.0
-53.05000000000001
-7.0
-23.0
-22.0
-10.0
-6.0
-2.0
-5.0
-229.0
-82.0
-48.0
-53.0
-17.0
-35.0
-16.67999999999995
-30.67999999999995
-5.67999999999995
-73.0
-34.48000000000002
-20.480000000000018
-8.0
-38.0
-53.5
-29.685000000000002
-53.05000000000001
-1.0
-12.0
-1.5
-2.5
-4.5
-6.0
-9.879999999999995
-232.0
-79.0
-71.0
-42.0
-26.0
-58.0
-7.0
-24.0
-6.0
-54.0
-102.0
-40.0
-54.0
-24.0
-20.0
-51.315
-60.599999999999994
-1.0
-17.0
-6.0
-2.0
-5.0
-28.0
-16.0
-18.0
-52.0
-66.0
-47.0
-48.0
-30.0
-2.0
-95.0
-43.0
-55.0
-8.0
-20.0
-11.0
-31.0
-29.0
-25.045000000000044
-17.599999999999994
-10.0
-6.0
-19.0
-56.0
-21.0
-7.0
-45.0
-8.0
-65.51999999999998
-28.519999999999982
-31.0
-24.0
-51.0
-38.0
-41.0
-43.0
-21.0
-8.0
-17.0
-18.0
-8.0
-23.0
-23.900000000000006
-10.0
-29.0
-11.0
-44.0
-48.0
-23.0
-9.0
-86.0
-37.0
-50.0
-49.0
-94.0
-117.0
-48.0
-54.0
-29.0
-29.0
-93.0
-59.0
-32.0
-3.0
-17.0
-15.0
-0.3149999999999977
-198.92000000000002
-201.92000000000002
-199.92000000000002
-200.92000000000002
-196.92000000000002
-170.92000000000002
-181.92000000000002
-74.92000000000002
-98.08000000000004
-288.08000000000004
-165.91999999999996
-213.91999999999996
-131.91999999999996
-100.08000000000004
-106.08000000000004
-67.08000000000004
-407.0
-137.0
-393.84
-21.160000000000025
-51.0
-54.0
-37.0
-41.315
-78.0
-111.0
-99.0
-7.0
-25.0
-23.0
-23.0
-100.0
-8.0
-19.0
-17.0
-52.0
-130.0
-49.0
-5.0
-1.0
-35.0
-47.0
-77.0
-79.0
-3.0
-64.0
-6.0
-55.315
-35.0
-34.0
-3.0
-38.0
-20.0
-13.0
-20.0
-40.0
-71.0
-54.0
-58.0
-13.0
-39.0
-89.0
-28.0
-29.0
-10.0
-36.0
-53.0
-2.0
-28.0
-32.0
-15.0
-24.099999999999994
-4.0
-2.0
-8.0
-4.0
-3.0
-10.0
-13.0
-1.0
-1.0
-4.0
-74.0
-33.0
-37.0
-40.0
-26.0
-52.0
-29.0
-11.0
-23.0
-16.5
-12.0
-5.0
-1.0
-6.900000000000006
-6.0
-1.0
-6.0
-33.0
-8.0
-29.0
-31.0
-33.0
-15.0
-12.0
-13.0
-19.0
-30.0
-12.0
-3.0
-0.0
-23.0
-5.0
-7.0
-13.0
-12.0
-10.0
-3.0
-0.15000000000000568
-15.0
-4.0
-11.0
-8.0
-22.939999999999998
-10.0
-45.0
-25.0
-26.0
-15.0
-2.0
-7.0
-153.0
-20.0
-204.0
-55.0
-474.0
-1.0
-37.0
-46.0
-51.0
-34.0
-92.0
-132.0
-25.0
-49.0
-31.0
-16.0
-29.430000000000007
-13.0
-19.0
-22.0
-398.0
-6.0
-9.0
-5.0
-1.0
-420.0
-24.0
-8.0
-14.0
-63.0
-44.0
-6.0
-1.0
-1.0
-22.0
-1.0
-49.0
-22.0
-23.0
-2.0
-9.569999999999993
-11.0
-8.0
-5.0
-11.0
-4.0
-13.0
-5.0
-43.0
-423.0
-43.0
-16.0
-47.0
-75.0
-28.0
-78.0
-62.0
-18.0
-25.0
-39.0
-34.0
-27.0
-25.0
-25.0
-29.430000000000007
-12.0
-25.0
-9.0
-9.0
-28.0
-6.0
-28.0
-39.0
-14.0
-14.0
-1.0
-22.0
-84.0
-20.0
-3.0
-35.0
-4.0
-5.0
-17.0
-22.0
-24.0
-23.0
-31.0
-21.569999999999993
-35.0
-43.0
-24.0
-42.0
-22.0
-6.0
-9.0
-14.0
-46.0
-172.0
-50.0
-117.0
-102.0
-54.0
-52.0
-36.0
-135.0
-133.0
-17.0
-23.0
-88.0
-25.0
-13.0
-9.569999999999993
-65.0
-53.0
-2.0
-9.0
-2.0
-9.0
-27.0
-27.0
-62.0
-117.0
-8.0
-124.0
-55.0
-111.0
-101.0
-4.0
-75.0
-122.0
-31.0
-25.0
-7.0
-6.0
-10.0
-22.939999999999998
-3.0
-13.0
-8.0
-0.0
-12.0
-0.0
-19.0
-39.0
-52.0
-96.56
-52.44
-52.0
-43.0
-54.0
-75.0
-76.0
-40.0
-64.0
-36.0
-21.0
-15.0
-5.0
-2.0
-22.939999999999998
-20.0
-4.0
-10.0
-10.0
-4.0
-12.0
-46.0
-27.0
-192.0
-31.0
-2.0
-13.0
-74.0
-61.0
-11.0
-69.0
-71.0
-91.0
-84.0
-21.0
-3.0
-1.0
-1.0
-21.569999999999993
-15.0
-8.0
-50.0
-14.0
-28.0
-16.0
-25.0
-92.0
-106.0
-28.0
-18.0
-24.0
-62.0
-25.0
-62.0
-37.0
-14.0
-96.0
-62.0
-58.0
-22.0
-33.0
-1.0
-9.569999999999993
-40.0
-25.0
-19.0
-3.0
-56.0
-4.0
-15.0
-73.0
-29.0
-137.0
-29.0
-74.0
-35.0
-2.0
-77.0
-15.0
-32.0
-45.0
-96.0
-60.0
-3.0
-12.0
-15.0
-21.569999999999993
-8.0
-38.0
-36.0
-7.0
-7.0
-15.0
-6.0
-191.0
-37.0
-40.960000000000036
-7.960000000000036
-2.0
-23.0
-57.0
-91.0
-79.0
-37.0
-24.0
-15.0
-42.0
-60.0
-17.0
-22.0
-50.43000000000001
-31.0
-21.0
-43.0
-23.0
-7.0
-23.0
-11.0
-32.0
-94.0
-214.0
-104.0
-102.0
-105.0
-116.0
-153.0
-183.0
-54.0
-11.0
-148.0
-197.0
-17.0
-1.0
-3.0
-38.43000000000001
-3.0
-3.0
-32.0
-15.0
-16.0
-26.0
-16.0
-57.0
-99.0
-15.0
-2.0
-188.0
-63.0
-22.0
-84.0
-73.0
-19.0
-42.0
-34.0
-44.0
-12.0
-11.0
-30.0
-38.43000000000001
-25.0
-26.0
-47.0
-64.0
-72.0
-47.0
-65.0
-56.0
-75.0
-67.0
-55.0
-34.0
-16.0
-32.0
-27.0
-28.0
-30.0
-37.0
-0.0
-14.0
-7.0
-21.0
-25.0
-28.939999999999998
-44.44
-4.560000000000002
-5.0
-14.0
-6.0
-2.0
-4.0
-5.0
-19.400000000000006
-7.400000000000006
-20.0
-8.0
-3.0
-9.0
-2.0
-15.0
-5.0
-2.0
-16.0
-6.0
-12.0
-11.0
-9.0
-2.8300000000000125
-19.0
-31.0
-9.0
-4.0
-1.0
-10.0
-8.0
-15.0
-2.0
-1.0
-17.0
-8.0
-4.0
-8.0
-19.960000000000008
-3.960000000000008
-1.0
-12.0
-17.0
-10.0
-4.0
-25.0
-20.0
-5.810000000000002
-7.0
-25.0
-0.0
-6.0
-14.0
-11.0
-13.0
-3.0
-7.0
-24.0
-32.0
-21.0
-26.0
-12.0
-24.0
-26.0
-15.0
-30.0
-22.0
-18.0
-15.0
-24.0
-15.0
-32.19
-0.0
-1.0
-17.0
-0.0
-0.0
-2.0
-8.0
-1.0
-9.0
-4.0
-10.0
-10.0
-3.5
-3.0
-3.0
-8.0
-3.0
-10.0
-5.0
-3.0
-7.0
-24.0
-24.0
-6.1200000000000045
-23.0
-27.0
-7.0
-35.0
-14.0
-3.0
-2.0
-14.0
-17.0
-10.0
-11.0
-8.0
-9.0
-4.0
-51.28
-10.0
-0.0
-25.0
-20.0
-3.0
-19.0
-23.0
-23.0
-14.110000000000014
-26.0
-10.0
-32.0
-645.0
-1.4399999999999977
-2.5600000000000023
-12.0
-1.0
-5.0
-2.0
-16.0
-0.0
-60.0
-56.0
-51.28
-46.0
-23.0
-12.0
-19.0
-25.0
-8.0
-15.0
-16.0
-23.150000000000006
-17.0
-16.0
-22.0
-15.0
-22.0
-19.960000000000008
-11.960000000000008
-100.0
-42.0
-83.0
-111.0
-43.0
-121.0
-155.0
-29.0
-184.0
-56.48000000000002
-117.51999999999998
-58.0
-46.56
-5.0
-46.0
-27.5
-68.43
-48.0
-6.0
-2.0
-4.5
-38.0
-56.0
-19.52000000000001
-18.480000000000018
-247.0
-60.0
-20.0
-55.0
-7.0
-18.0
-40.0
-27.0
-5.0
-34.0
-11.0
-57.0
-46.0
-18.0
-16.0
-29.430000000000007
-13.0
-11.0
-4.0
-2.0
-7.0
-2.0
-1.0
-3.0
-168.0
-27.08000000000004
-6.080000000000041
-35.0
-121.0
-43.0
-41.0
-12.0
-49.0
-54.0
-122.0
-80.0
-45.0
-21.0
-3.0
-29.430000000000007
-18.0
-27.0
-42.0
-27.0
-44.0
-20.0
-13.0
-50.920000000000016
-101.91999999999996
-25.159999999999968
-15.840000000000032
-23.840000000000032
-23.159999999999968
-9.840000000000032
-47.0
-13.240000000000009
-58.75999999999999
-26.24000000000001
-270.24
-2.8000000000000114
-9.199999999999989
-12.759999999999991
-12.5
-9.569999999999993
-34.5
-26.5
-40.0
-13.5
-38.5
-13.0
-709.0
-17.0
-28.0
-35.0
-12.0
-34.0
-27.0
-34.0
-49.0
-4.0
-24.0
-36.0
-42.0
-19.0
-8.0
-14.0
-47.0
-16.430000000000007
-9.0
-17.0
-28.0
-19.0
-5.0
-8.0
-15.0
-17.0
-123.0
-2.0
-14.0
-35.0
-55.0
-9.0
-29.0
-16.0
-28.0
-78.0
-69.44
-6.560000000000002
-9.0
-55.0
-25.0
-29.430000000000007
-12.0
-34.0
-6.0
-59.0
-13.0
-28.0
-29.0
-7.0
-24.0
-31.0
-62.0
-33.0
-9.0
-117.0
-14.439999999999998
-79.0
-10.0
-50.0
-13.0
-16.0
-20.0
-11.0
-11.0
-50.66
-6.5
-27.5
-11.0
-10.0
-64.5
-10.0
-34.0
-26.0
-90.0
-58.0
-62.0
-30.0
-33.0
-11.0
-21.0
-16.0
-4.0
-16.0
-7.0
-72.0
-2.0
-10.0
-5.0
-22.659999999999997
-23.0
-5.0
-8.0
-13.0
-15.5
-22.0
-44.0
-46.0
-95.0
-59.0
-83.0
-23.0
-51.0
-41.0
-25.0
-64.0
-45.0
-13.0
-102.0
-19.0
-4.0
-19.0
-18.0
-9.569999999999993
-11.0
-20.0
-8.0
-3.0
-27.0
-8.0
-14.0
-83.0
-2.0
-39.0
-13.0
-8.0
-43.0
-16.0
-21.0
-16.0
-12.0
-3.0
-22.0
-24.0
-2.0
-37.0
-6.0
-9.569999999999993
-16.0
-5.0
-16.0
-3.0
-41.0
-33.0
-55.0
-36.0
-30.0
-33.0
-81.0
-49.0
-44.0
-16.0
-12.0
-12.0
-16.0
-208.0
-46.0
-40.0
-42.0
-34.0
-5.0
-9.569999999999993
-11.5
-5.0
-2.0
-4.5
-12.0
-12.0
-12.5
-52.51999999999998
-70.50999999999999
-123.0
-47.0
-6.0
-23.0
-14.0
-8.0
-22.0
-7.0
-42.0
-99.0
-5.0
-7.0
-22.0
-21.0
-25.430000000000007
-28.5
-15.0
-12.0
-5.0
-1.0
-31.0
-58.0
-2.0
-0.0
-84.03999999999996
-35.960000000000036
-1.0
-53.0
-25.0
-7.0
-5.0
-9.0
-15.0
-58.0
-29.0
-50.0
-3.0
-46.0
-25.430000000000007
-13.5
-13.0
-14.0
-3.0
-14.0
-23.5
-51.5
-28.0
-22.0
-60.0
-37.0
-177.0
-28.0
-62.0
-91.0
-54.0
-51.0
-12.0
-45.0
-53.0
-12.0
-4.0
-21.0
-33.66
-7.5
-28.0
-1.0
-7.0
-1.0
-32.0
-114.5
-8.0
-24.0
-44.0
-35.0
-68.0
-76.0
-55.0
-22.519999999999982
-21.519999999999982
-1.0
-29.0
-7.0
-7.0
-7.0
-10.0
-3.0
-22.659999999999997
-14.0
-1.0
-15.0
-20.0
-4.0
-15.0
-42.0
-55.0
-112.0
-39.0
-70.0
-33.0
-79.0
-3.0
-40.0
-33.0
-7.0
-46.0
-90.0
-19.0
-1.0
-30.0
-28.0
-33.43000000000001
-14.0
-10.0
-12.0
-20.0
-1.0
-5.0
-12.0
-52.0
-41.0
-47.0
-10.0
-19.0
-81.0
-3.0
-10.0
-32.0
-10.0
-30.0
-61.0
-0.0
-1.0
-21.0
-17.0
-13.430000000000007
-3.0
-17.0
-22.0
-0.0
-13.0
-27.0
-11.0
-12.0
-13.0
-21.0
-18.0
-40.0
-74.0
-14.0
-152.0
-158.0
-35.0
-54.0
-64.0
-27.0
-11.0
-3.0
-6.0
-9.569999999999993
-10.0
-5.0
-22.0
-9.0
-19.0
-15.0
-16.0
-30.0
-46.0
-19.0
-39.0
-21.0
-62.0
-52.0
-125.0
-21.0
-41.0
-68.0
-42.0
-5.0
-32.39999999999998
-28.0
-29.0
-13.430000000000007
-14.0
-7.0
-18.0
-15.0
-8.0
-12.0
-27.0
-179.0
-9.0
-44.0
-18.0
-12.0
-9.0
-5.0
-9.0
-3.0
-21.0
-17.0
-20.0
-8.0
-8.0
-15.0
-21.0
-47.66
-12.0
-20.0
-19.0
-0.0
-3.0
-16.0
-18.0
-1.0
-22.0
-36.0
-9.0
-12.0
-39.0
-13.0
-44.0
-17.0
-30.0
-22.0
-8.0
-7.0
-42.0
-17.0
-16.5
-1.3400000000000034
-39.0
-15.0
-12.0
-15.0
-16.5
-17.5
-23.0
-178.0
-107.0
-11.0
-53.0
-26.0
-49.0
-6.0
-18.0
-8.0
-21.0
-15.0
-22.0
-142.0
-144.0
-59.0
-5.0
-63.0
-34.0
-23.0
-26.0
-13.0
-10.0
-21.0
-33.0
-28.5
-28.0
-5.0
-15.0
-35.59
-12.0
-16.0
-4.0
-16.0
-7.0
-10.0
-26.0
-16.0
-28.0
-19.0
-16.0
-27.0
-23.0
-32.0
-30.0
-9.0
-17.0
-9.0
-15.0
-19.0
-27.0
-22.0
-15.0
-29.590000000000003
-60.0
-9.0
-14.0
-20.0
-10.0
-17.0
-44.0
-150.0
-92.0
-80.0
-25.0
-9.0
-67.0
-0.0
-5.0
-10.0
-4.0
-49.91999999999996
-270.0
-197.0
-36.0
-61.0
-5.0
-26.420000000000016
-9.0
-37.0
-4.0
-11.0
-15.0
-20.0
-76.0
-44.0
-27.0
-4.0
-23.0
-73.88
-44.0
-62.0
-34.0
-20.0
-23.0
-74.88
-73.0
-28.0
-12.0
-8.0
-7.0
-26.420000000000016
-15.0
-12.0
-1.0
-623.0
-19.0
-1.0
-10.0
-92.0
-62.0
-3.0
-55.0
-12.0
-38.0
-21.0
-67.0
-20.0
-31.879999999999995
-23.0
-17.0
-11.0
-161.0
-12.0
-12.0
-26.420000000000016
-13.0
-9.0
-1.0
-23.0
-30.0
-1.0
-44.0
-38.0
-3.0
-2.0
-46.0
-53.0
-8.0
-2.0
-14.0
-40.0
-39.0
-102.0
-47.0
-87.12
-19.0
-20.0
-7.0
-26.420000000000016
-18.0
-14.0
-2.0
-20.0
-14.0
-25.0
-27.0
-131.0
-25.0
-33.0
-42.91999999999996
-60.0
-79.0
-42.0
-4.0
-3.0
-7.0
-42.0
-11.0
-30.0
-82.0
-14.0
-26.0
-11.420000000000016
-1.0
-40.0
-3.0
-25.0
-34.0
-40.0
-18.0
-159.0
-25.0
-6.0
-19.0
-46.0
-114.0
-89.04000000000002
-6.9599999999999795
-80.0
-84.0
-59.0
-14.0
-16.0
-2.0
-15.0
-4.0
-29.590000000000003
-31.0
-1.0
-11.0
-19.0
-3.0
-3.0
-12.0
-21.0
-10.0
-25.0
-28.0
-39.0
-3.0
-10.0
-40.51999999999998
-14.519999999999982
-37.0
-4.0
-0.0
-782.0
-10.0
-19.0
-58.0
-4.590000000000003
-6.0
-36.0
-14.0
-12.0
-2.0
-23.0
-23.0
-210.0
-19.0
-73.12
-38.120000000000005
-29.0
-87.0
-14.0
-9.0
-47.0
-45.0
-1.0
-5.0
-68.0
-11.0
-18.0
-8.0
-4.860000000000014
-14.0
-12.0
-22.0
-0.0
-49.0
-11.0
-3.0
-32.0
-24.0
-29.0
-83.0
-15.0
-33.0
-4.0
-1.0
-36.0
-24.0
-0.0
-1.0
-59.0
-32.0
-18.120000000000005
-12.0
-4.335000000000008
-2.0
-25.0
-37.0
-0.0
-19.0
-30.0
-10.0
-20.0
-6.0
-24.0
-32.0
-39.0
-101.0
-1.0
-124.0
-26.91999999999996
-42.0
-39.0
-50.0
-84.0
-6.0
-10.0
-20.0
-16.335000000000008
-2.0
-7.0
-4.0
-17.0
-28.0
-9.0
-39.0
-46.0
-54.67999999999995
-68.32000000000005
-99.0
-77.0
-30.0
-38.0
-20.0
-16.120000000000005
-24.0
-17.0
-30.0
-61.0
-4.0
-23.0
-18.0
-4.335000000000008
-5.0
-24.0
-10.0
-19.0
-12.0
-5.0
-22.0
-36.0
-9.0
-16.879999999999995
-72.0
-13.0
-58.0
-37.0
-22.0
-37.0
-1.0
-68.0
-61.0
-21.0
-7.0
-14.0
-59.0
-39.33500000000001
-10.0
-27.0
-37.0
-23.0
-15.0
-40.0
-25.0
-9.0
-19.0
-61.0
-35.0
-16.0
-2.0
-1.0
-14.0
-4.0
-1.0
-6.0
-77.0
-6.0
-5.0
-10.0
-38.0
-4.590000000000003
-15.0
-7.0
-1.0
-7.0
-7.0
-15.0
-24.0
-30.0
-11.0
-7.0
-36.0
-59.0
-11.0
-6.0
-9.0
-3.0
-1.0
-31.0
-9.0
-4.0
-40.0
-46.0
-23.0
-0.4099999999999966
-25.0
-1.0
-18.0
-14.0
-0.0
-5.0
-13.0
-121.0
-69.0
-69.0
-22.0
-10.0
-27.91999999999996
-19.0
-4.0
-13.0
-4.0
-7.8799999999999955
-39.0
-137.0
-38.0
-35.0
-21.0
-16.335000000000008
-9.0
-15.0
-14.0
-47.0
-20.0
-0.0
-42.0
-244.0
-4.0
-27.0
-59.0
-5.0
-67.0
-8.080000000000041
-13.0
-20.0
-14.0
-17.0
-20.0
-167.0
-78.0
-7.0
-5.0
-4.335000000000008
-35.5
-39.0
-45.0
-0.0
-6.0
-36.0
-19.0
-2.0
-2.8799999999999955
-49.0
-16.0
-7.0
-85.0
-28.879999999999995
-28.0
-14.0
-0.0
-54.0
-28.0
-28.0
-54.0
-103.0
-20.0
-15.810000000000002
-2.0
-3.0
-2.0
-18.0
-28.0
-34.0
-53.0
-51.0
-32.0
-9.0
-7.0
-44.0
-10.0
-6.0
-20.120000000000005
-49.0
-0.0
-1.0
-87.0
-48.0
-9.199999999999989
-69.0
-26.0
-2.875
-15.0
-28.0
-49.0
-11.0
-43.0
-5.0
-24.0
-6.0
-4.0
-4.0
-86.0
-5.0
-70.0
-387.0
-39.0
-24.0
-17.0
-0.0
-12.0
-97.0
-43.120000000000005
-39.0
-24.0
-1.9399999999999977
-7.0
-13.0
-6.0
-24.0
-13.0
-31.0
-45.0
-30.0
-313.0
-40.0
-58.0
-44.0
-76.0
-64.0
-75.0
-43.0
-34.120000000000005
-7.0
-26.0
-43.0
-2.0
-16.0
-12.0
-35.59
-1.0
-10.0
-12.0
-17.0
-9.0
-20.0
-25.0
-24.0
-49.0
-1.0
-6.0
-21.0
-43.0
-1.0
-2.0
-5.0
-9.0
-9.0
-9.0
-9.0
-8.0
-24.0
-38.0
-32.59
-24.0
-0.0
-23.0
-35.0
-8.0
-10.0
-30.0
-170.0
-26.0
-62.0
-41.0
-90.0
-20.0
-30.0
-17.0
-4.0
-10.0
-32.120000000000005
-45.0
-27.0
-46.0
-17.0
-26.0
-4.909999999999997
-2.0
-15.0
-10.0
-23.0
-57.0
-0.0
-106.0
-21.0
-1.0
-26.0
-19.879999999999995
-59.0
-10.879999999999995
-2.0
-27.0
-14.0
-12.0
-15.0
-67.0
-1.0
-34.0
-17.0
-19.0
-19.430000000000007
-18.0
-4.0
-7.0
-15.0
-36.0
-48.0
-121.0
-1.0
-17.0
-25.0
-47.0
-3.0
-44.0
-35.0
-50.0
-34.0
-23.0
-9.0
-37.0
-56.0
-0.0
-8.0
-19.0
-9.949999999999989
-3.0
-5.0
-3.0
-3.0
-46.0
-7.0
-6.0
-39.0
-0.0
-8.120000000000005
-3.0
-27.0
-90.0
-7.0
-3.0
-23.0
-35.0
-13.120000000000005
-41.0
-88.0
-20.0
-23.0
-46.0
-1.0800000000000125
-3.0
-14.0
-1.0
-20.0
-13.0
-2.0
-26.0
-11.0
-4.0
-3.1200000000000045
-87.0
-5.0
-52.0
-40.0
-114.0
-35.0
-67.0
-52.0
-41.0
-22.0
-2.0
-45.0
-43.0
-32.41
-31.0
-13.0
-27.0
-33.0
-42.0
-4.0
-22.0
-25.0
-10.0
-6.0
-53.0
-2.0
-14.0
-23.0
-21.0
-23.0
-120.12
-34.0
-32.0
-59.0
-34.0
-43.0
-23.0
-6.590000000000003
-8.0
-27.0
-27.5
-25.5
-41.0
-8.5
-33.0
-9.0
-41.06
-56.360000000000014
-68.80000000000001
-100.48000000000002
-66.48000000000002
-49.48000000000002
-42.48000000000002
-52.48000000000002
-38.48000000000002
-48.0
-1.0
-6.0
-65.0
-7.0
-39.0
-6.590000000000003
-1.0
-31.0
-0.0
-1.0
-25.0
-20.0
-42.0
-116.0
-18.0
-138.0
-51.0
-18.0
-20.91999999999996
-11.0
-4.0
-11.0
-35.0
-15.0
-8.0
-34.0
-5.0
-32.0
-20.0
-21.409999999999997
-24.0
-7.0
-7.0
-4.0
-16.0
-9.0
-22.0
-196.0
-2.0
-39.0
-4.919999999999959
-41.0
-10.0
-5.0
-18.0
-42.0
-2.0
-13.0
-19.120000000000005
-3.0
-47.0
-16.0
-62.0
-21.409999999999997
-5.0
-7.0
-23.0
-10.0
-20.0
-7.0
-9.0
-36.0
-12.0
-28.0
-25.0
-18.0
-88.0
-13.0
-26.0
-20.0
-40.0
-6.0
-8.200000000000045
-10.0
-39.0
-20.0
-7.0
-21.409999999999997
-5.0
-26.0
-24.0
-6.0
-13.0
-12.0
-3.0
-8.0
-56.0
-54.0
-14.0
-24.0
-8.0
-38.0
-7.0
-43.0
-12.0
-24.0
-38.0
-33.0
-35.0
-13.0
-30.0
-21.409999999999997
-13.0
-8.0
-2.0
-31.0
-30.0
-17.0
-15.0
-4.0
-9.0
-66.12
-5.1200000000000045
-6.0
-98.0
-17.0
-1.0
-19.0
-4.0
-5.0
-48.0
-69.0
-73.0
-36.0
-11.0
-23.409999999999997
-12.0
-15.0
-0.0
-11.0
-11.0
-2.0
-8.0
-150.0
-37.879999999999995
-14.0
-33.0
-14.0
-3.519999999999982
-14.759999999999991
-58.0
-17.0
-5.0
-11.0
-5.0
-22.0
-22.0
-19.0
-7.0
-56.59
-8.0
-38.0
-23.0
-14.0
-26.0
-23.0
-0.0
-2.0
-11.0
-34.0
-14.0
-41.0
-33.0
-10.039999999999992
-25.04000000000002
-37.0
-7.0
-18.0
-18.0
-3.0
-15.0
-5.0
-31.0
-0.4099999999999966
-27.0
-15.0
-15.0
-20.0
-14.0
-33.0
-11.0
-185.0
-30.0
-52.0
-91.0
-64.0
-25.0
-17.0
-19.0
-38.120000000000005
-37.0
-13.0
-28.0
-82.0
-7.0
-62.0
-14.0
-44.41
-6.0
-16.0
-8.0
-29.0
-20.0
-8.0
-14.0
-13.0
-19.0
-23.0
-28.0
-37.0
-20.120000000000005
-3.0
-1.0
-5.0
-13.0
-55.0
-54.120000000000005
-20.0
-24.0
-58.0
-34.0
-21.409999999999997
-12.0
-26.0
-13.0
-18.0
-7.0
-9.0
-6.0
-110.0
-29.0
-12.0
-42.0
-39.0
-5.960000000000036
-27.039999999999964
-20.0
-9.0
-45.0
-10.0
-51.0
-42.0
-17.0
-19.0
-19.0
-21.409999999999997
-8.0
-26.0
-9.0
-18.0
-5.0
-12.0
-44.0
-3.0
-4.0
-39.0
-1.0
-22.0
-1.0
-18.120000000000005
-63.0
-7.0
-24.879999999999995
-18.0
-28.879999999999995
-71.0
-79.0
-60.0
-16.0
-23.409999999999997
-16.0
-8.0
-14.0
-2.0
-15.0
-8.0
-21.0
-134.0
-17.0
-28.0
-37.0
-44.0
-69.0
-16.0
-19.0
-9.080000000000041
-21.879999999999995
-77.0
-55.0
-15.0
-34.0
-8.0
-4.0
-5.0
-24.0
-1.0
-34.0
-44.120000000000005
-537.0
-23.0
-3.0
-23.0
-23.0
-29.0
-39.0
-45.0
-80.0
-39.0
-12.0
-39.17500000000001
-2.0
-7.0
-15.0
-6.0
-10.0
-3.0
-20.0
-50.0
-81.0
-35.0
-70.0
-23.0
-23.0
-35.0
-31.0
-35.0
-42.0
-8.0
-33.0
-31.0
-102.0
-12.0
-42.0
-39.17500000000001
-32.0
-29.0
-10.0
-41.0
-7.0
-9.0
-10.0
-105.0
-1.0
-69.0
-96.0
-85.0
-93.0
-15.0
-70.0
-49.0
-2.0
-8.0
-8.0
-16.0
-17.0
-10.0
-35.0
-18.090000000000003
-15.0
-23.0
-5.0
-7.0
-7.0
-9.0
-8.0
-112.0
-28.0
-160.0
-24.0
-35.0
-33.0
-33.0
-25.0
-4.0
-160.0
-124.0
-17.0
-139.0
-8.0
-26.0
-24.0
-15.824999999999989
-3.0
-27.0
-12.0
-30.0
-9.0
-8.0
-1.0
-58.0
-103.0
-90.0
-197.0
-25.0
-170.0
-15.0
-15.0
-56.799999999999955
-103.20000000000005
-128.0
-2.0
-16.0
-12.0
-11.0
-32.0
-15.824999999999989
-13.0
-4.0
-1.0
-16.0
-21.0
-36.0
-2.0
-27.0
-177.0
-41.0
-254.0
-192.0
-131.0
-88.0
-182.0
-297.0
-98.0
-19.0
-51.0
-60.0
-20.0
-40.0
-9.0
-20.150000000000006
-16.0
-22.0
-9.0
-16.0
-40.0
-72.0
-30.0
-79.0
-83.0
-62.0
-49.0
-60.0
-51.0
-27.0
-59.0
-12.0
-24.0
-16.0
-15.0
-2.0
-23.0
-11.0
-20.0
-7.860000000000014
-25.0
-14.0
-1.0
-24.0
-18.0
-14.0
-1.0
-16.0
-19.0
-9.0
-11.0
-23.0
-0.0
-0.0
-5.0
-0.0
-1.0
-9.0
-16.0
-31.0
-23.0
-17.0
-25.0
-19.139999999999986
-11.0
-24.0
-11.0
-10.0
-4.0
-9.0
-3.0
-22.0
-24.0
-22.0
-25.0
-11.0
-8.0
-2.0
-4.5
-9.5
-9.0
-22.0
-2.0
-17.0
-28.0
-16.0
-24.0
-12.139999999999986
-3.0
-11.5
-12.0
-9.0
-11.5
-16.0
-19.0
-2.0
-6.0
-39.0
-8.0
-3.0
-10.0
-10.0
-4.0
-19.0
-9.0
-3.0
-14.0
-22.0
-25.0
-15.0
-27.0
-20.139999999999986
-19.0
-1.0
-14.0
-21.0
-19.0
-1.0
-1.0
-14.0
-2.0
-17.0
-1.0
-17.0
-4.0
-10.0
-14.0
-11.0
-4.0
-4.0
-1.0
-20.0
-10.0
-17.0
-2.0
-22.120000000000005
-266.0
-25.0
-5.0
-39.0
-12.0
-14.0
-12.0
-10.0
-4.0
-1.0
-14.5
-25.0
-1.0
-5.0
-8.0
-16.0
-27.0
-25.0
-8.0
-16.0
-18.0
-15.0
-7.0
-2.9250000000000114
-0.0
-11.0
-9.0
-9.0
-4.0
-5.0
-11.0
-3.0
-2.0
-41.0
-28.0
-24.0
-23.0
-34.0
-28.0
-11.0
-35.0
-15.0
-31.0
-20.0
-28.0
-2.0
-12.0
-2.9250000000000114
-3.0
-29.0
-9.0
-24.0
-20.0
-15.0
-3.0
-93.0
-303.0
-123.0
-46.0
-54.0
-58.0
-79.0
-27.0
-5.0
-11.0
-8.0
-114.0
-12.0
-8.0
-31.0
-49.0
-0.964999999999975
-41.0
-10.0
-7.0
-9.0
-53.0
-42.0
-8.0
-162.0
-71.0
-40.0
-33.0
-17.0
-39.0
-33.120000000000005
-26.0
-8.0
-54.0
-89.0
-333.0
-37.0
-12.0
-17.0
-24.0
-33.035000000000025
-42.0
-3.0
-0.0
-11.0
-7.0
-19.0
-9.0
-27.0
-2.0
-44.0
-74.0
-1.0
-28.0
-58.0
-18.0
-9.0
-27.0
-20.0
-49.0
-94.0
-31.0
-22.0
-44.0
-21.964999999999975
-9.0
-8.0
-7.0
-6.0
-18.0
-2.0
-1.0
-39.0
-5.0
-76.88
-60.0
-54.0
-37.0
-71.0
-35.0
-55.0
-7.0
-89.0
-128.0
-58.0
-36.0
-9.0
-23.0
-33.964999999999975
-15.0
-16.0
-22.0
-29.0
-18.0
-18.0
-8.0
-115.0
-25.0
-6.0
-62.0
-20.0
-14.0
-18.0
-7.0
-15.0
-14.840000000000003
-4.0
-9.0
-18.0
-13.0
-37.0
-7.0
-27.07499999999999
-30.0
-31.0
-25.0
-16.0
-35.0
-6.5
-844.0
-30.0
-78.15999999999997
-119.15999999999997
-8.159999999999968
-48.15999999999997
-20.840000000000032
-54.27999999999997
-23.159999999999968
-28.159999999999968
-0.8400000000000318
-42.15999999999997
-167.15999999999997
-16.160000000000025
-1.839999999999975
-18.839999999999975
-19.0
-36.964999999999975
-6.0
-4.0
-19.0
-62.0
-39.0
-161.0
-156.0
-29.0
-52.0
-17.0
-15.0
-69.0
-6.080000000000041
-67.0
-35.0
-60.0
-16.0
-43.0
-38.0
-37.079999999999984
-8.0
-61.0
-27.0
-73.96499999999997
-27.0
-6.0
-16.0
-6.0
-14.0
-9.0
-13.0
-25.360000000000014
-43.639999999999986
-47.75999999999999
-37.879999999999995
-5.67999999999995
-51.440000000000055
-14.0
-21.480000000000018
-20.480000000000018
-12.960000000000036
-194.96000000000004
-43.559999999999945
-26.560000000000002
-32.0
-60.0
-11.0
-73.96499999999997
-4.5
-5.0
-11.5
-1.5
-373.0
-13.0
-4.0
-22.30000000000001
-41.83000000000004
-53.299999999999955
-0.67999999999995
-3.919999999999959
-45.08000000000004
-37.91999999999996
-19.039999999999964
-2.080000000000041
-1.080000000000041
-5.919999999999959
-64.91999999999996
-41.920000000000016
-9.920000000000016
-75.07999999999998
-0.0
-33.964999999999975
-25.5
-6.0
-12.5
-0.5
-8.0
-17.0
-9.0
-25.0
-40.0
-40.0
-25.0
-4.0
-14.120000000000005
-53.67999999999995
-6.32000000000005
-20.67999999999995
-33.84000000000003
-33.72000000000003
-1.7999999999999545
-40.80000000000001
-50.19999999999999
-22.0
-2.0
-21.964999999999975
-10.5
-56.0
-18.0
-20.0
-10.0
-21.0
-5.0
-173.0
-20.0
-47.0
-29.0
-11.0
-14.960000000000008
-217.95999999999998
-127.48000000000002
-66.51999999999998
-49.68000000000001
-4.0
-66.68
-5.5
-8.0
-37.0
-14.0
-41.07499999999999
-9.0
-2.0
-16.0
-34.0
-2.0
-22.0
-6.0
-162.0
-8.0
-25.0
-32.0
-36.0
-49.0
-50.75999999999999
-16.25999999999999
-47.75999999999999
-27.75999999999999
-43.0
-54.0
-26.0
-5.0
-20.0
-4.0
-44.07499999999999
-4.0
-54.0
-15.0
-11.0
-8.0
-34.0
-36.0
-32.0
-15.0
-314.0
-69.08000000000004
-40.0
-7.0
-29.0
-42.0
-48.0
-20.120000000000005
-140.0
-68.0
-11.0
-6.0
-36.0
-54.0
-33.964999999999975
-37.84
-33.0
-26.75999999999999
-31.72
-26.0
-13.0
-6.0
-5.0
-10.0
-53.0
-4.0
-12.0
-20.0
-40.120000000000005
-24.120000000000005
-25.0
-17.0
-51.0
-29.32000000000005
-14.839999999999975
-14.160000000000025
-18.0
-41.0
-28.220000000000027
-51.68000000000001
-32.0
-43.52000000000001
-15.0
-49.0
-28.0
-1.0
-49.360000000000014
-46.48000000000002
-30.799999999999955
-39.51999999999998
-23.399999999999977
-2.67999999999995
-24.0
-6.840000000000032
-6.279999999999973
-32.120000000000005
-69.88
-36.879999999999995
-36.0
-28.0
-12.0
-69.0
-21.154999999999973
-35.84
-33.0
-31.75999999999999
-21.5
-32.5
-24.0
-5.0
-142.0
-15.279999999999973
-72.72000000000003
-58.960000000000036
-43.960000000000036
-30.960000000000036
-8.039999999999964
-26.960000000000036
-51.960000000000036
-1.0399999999999636
-36.039999999999964
-21.039999999999964
-28.04000000000002
-2.9599999999999795
-20.04000000000002
-10.0
-21.154999999999973
-35.84
-48.0
-19.0
-27.0
-15.0
-6.0
-15.0
-30.0
-21.0
-39.0
-8.0
-71.88
-7.0
-18.0
-30.0
-1.0
-30.0
-15.0
-47.0
-31.879999999999995
-44.0
-19.0
-13.0
-68.15499999999997
-14.5
-14.0
-3.5
-7.0
-24.0
-9.5
-0.5
-6.5
-3.5
-5.0
-25.0
-21.0
-2.0
-2.0
-3.740000000000009
-20.519999999999982
-44.52000000000001
-7.0
-22.0
-16.0
-32.0
-6.0
-21.0
-68.07499999999999
-11.5
-16.0
-27.5
-17.0
-16.0
-3.5
-13.5
-92.5
-6.5
-0.0
-9.5
-44.0
-40.5
-31.75999999999999
-18.25999999999999
-25.74000000000001
-6.240000000000009
-40.84
-4.0
-19.0
-17.5
-18.0
-3.0
-44.07499999999999
-85.84
-94.66
-71.0
-32.5
-49.5
-4.5
-1.0
-37.0
-43.0
-23.0
-0.44000000000005457
-54.32000000000005
-81.44000000000005
-12.67999999999995
-15.67999999999995
-17.67999999999995
-9.840000000000032
-25.159999999999968
-47.15999999999997
-90.15999999999997
-41.160000000000025
-55.160000000000025
-32.0
-21.154999999999973
-35.84
-43.66
-22.0
-31.0
-25.0
-37.0
-91.0
-37.0
-84.0
-11.0
-43.0
-18.600000000000023
-34.67999999999995
-3.3999999999999773
-4.0
-26.559999999999945
-45.440000000000055
-12.440000000000055
-22.440000000000055
-21.439999999999998
-17.439999999999998
-9.439999999999998
-23.0
-26.089999999999975
-35.84
-41.31999999999999
-14.0
-31.0
-12.0
-38.0
-6.0
-17.0
-19.91999999999996
-46.0
-83.0
-35.0
-62.0
-100.0
-60.0
-48.0
-24.0
-4.0
-133.0
-55.0
-33.0
-13.0
-44.0
-15.97999999999999
-12.840000000000003
-18.0
-4.0
-26.0
-39.0
-19.0
-20.0
-36.0
-55.0
-2.0
-16.0
-51.0
-3.1200000000000045
-11.0
-68.0
-107.0
-18.0
-6.0
-2.0
-40.0
-29.0
-16.0
-39.0
-1.3950000000000102
-35.84
-23.0
-3.0
-15.0
-0.0
-59.0
-3.0
-20.0
-35.0
-57.120000000000005
-8.480000000000018
-48.48000000000002
-1.5199999999999818
-3.519999999999982
-21.879999999999995
-2.0
-14.120000000000005
-4.32000000000005
-10.67999999999995
-24.680000000000007
-59.0
-24.0
-28.0
-4.39500000000001
-8.5
-25.0
-7.5
-17.0
-51.0
-33.0
-44.5
-6.5
-1.0
-30.0
-46.0
-4.0
-7.0
-24.0
-19.0
-27.0
-46.0
-30.0
-41.0
-17.0
-40.5
-9.0
-0.0
-47.07499999999999
-11.5
-32.0
-1.0
-10.0
-7.0
-11.0
-24.0
-97.0
-4.0
-20.0
-23.0
-33.0
-3.0
-17.0
-15.0
-11.0
-1.0
-22.0
-10.0
-18.0
-28.0
-13.0
-1.0
-47.07499999999999
-64.84
-25.0
-12.0
-8.0
-13.0
-5.0
-4.0
-37.0
-44.0
-44.0
-804.0
-1.0
-2.0
-8.0
-25.0
-32.0
-42.0
-37.0
-6.0
-30.879999999999995
-59.0
-31.0
-14.0
-18.39500000000001
-4.0
-17.0
-13.0
-16.0
-5.0
-12.0
-26.0
-62.0
-163.0
-20.0
-15.0
-35.0
-5.1200000000000045
-34.0
-12.0
-25.879999999999995
-35.0
-1.0
-0.8799999999999955
-9.0
-23.0
-17.0
-2.0
-1.8100000000000023
-1.0
-33.920000000000016
-58.920000000000016
-56.920000000000016
-16.5
-48.920000000000016
-54.920000000000016
-13.079999999999984
-134.92000000000002
-649.0
-26.0
-42.0
-38.0
-24.0
-6.0
-45.0
-122.0
-83.0
-119.0
-122.0
-24.0
-22.0
-55.59
-12.0
-11.0
-4.0
-20.0
-19.0
-22.0
-3.0
-53.0
-139.0
-176.0
-15.0
-55.0
-11.0
-13.0
-18.0
-35.0
-2.0
-1.0
-76.0
-9.0
-30.0
-48.0
-6.0
-55.59
-8.0
-18.0
-16.0
-28.0
-8.0
-47.5
-20.0
-55.0
-141.0
-118.0
-32.0
-17.0
-7.0
-2.0
-54.0
-42.0
-44.0
-162.0
-36.0
-20.0
-25.0
-12.0
-16.0
-30.110000000000014
-3.0
-45.0
-31.0
-45.5
-46.0
-72.0
-81.0
-76.0
-102.0
-86.0
-75.0
-65.0
-84.44
-56.44
-53.0
-45.0
-70.0
-53.0
-0.0
-30.0
-1.0
-7.0
-32.0
-15.129999999999995
-25.0
-28.0
-7.0
-21.0
-29.0
-14.0
-31.5
-25.0
-13.0
-28.0
-20.0
-15.0
-38.0
-49.0
-6.0
-26.0
-21.0
-5.0
-27.0
-3.0
-1.0
-24.0
-25.0
-1.1599999999999966
-22.960000000000008
-12.960000000000008
-16.0
-22.0
-11.0
-25.0
-32.0
-24.0
-17.0
-6.0
-5.0
-55.0
-41.0
-24.0
-15.0
-30.0
-6.0
-15.0
-11.0
-19.0
-10.0
-16.0
-19.0
-0.12000000000000455
-23.0
-18.0
-10.0
-10.0
-21.0
-23.0
-25.0
-18.0
-24.0
-8.0
-11.0
-36.0
-39.0
-5.0
-6.0
-11.5
-0.0
-14.0
-21.0
-13.0
-11.0
-11.0
-19.0
-22.139999999999986
-26.0
-28.0
-2.0
-27.0
-15.0
-20.5
-15.0
-17.0
-6.9199999999999875
-12.080000000000013
-852.0
-52.0
-18.0
-1.0
-37.0
-23.0
-16.0
-31.0
-10.0
-11.0
-23.0
-2.0
-9.0
-20.099999999999994
-2.0
-23.0
-13.0
-19.0
-6.0
-18.0
-18.0
-27.0
-19.0
-4.0
-21.0
-55.0
-25.0
-7.0
-22.0
-7.0
-1.0
-24.0
-0.0
-2.0
-17.0
-1.0
-27.0
-7.819999999999993
-8.5
-19.0
-5.0
-13.0
-14.0
-32.0
-16.5
-19.0
-21.0
-28.0
-18.0
-86.0
-22.0
-4.0
-5.0
-18.0
-40.0
-30.0
-17.5
-2.0800000000000125
-15.0
-5.0
-17.0
-6.1299999999999955
-39.0
-38.0
-32.0
-34.0
-48.0
-44.0
-16.0
-50.5
-73.56
-82.0
-158.0
-135.0
-32.0
-8.0
-58.0
-63.0
-49.0
-42.0
-16.0
-24.0
-103.0
-64.0
-27.0
-38.110000000000014
-9.0
-29.0
-20.0
-12.0
-41.0
-83.0
-81.0
-19.0
-183.0
-202.0
-72.0
-134.0
-19.0
-35.0
-47.0
-23.0
-77.0
-41.0
-50.0
-122.0
-8.0
-27.0
-35.0
-17.110000000000014
-17.0
-4.0
-20.0
-9.0
-22.0
-43.96000000000001
-21.0
-69.0
-1.0
-87.20000000000005
-81.60000000000002
-74.60000000000002
-29.399999999999977
-13.600000000000023
-36.60000000000002
-25.799999999999955
-41.200000000000045
-38.799999999999955
-93.19999999999999
-29.80000000000001
-23.19999999999999
-3.680000000000007
-4.0
-69.11000000000001
-6.5
-42.47999999999999
-26.5
-31.0
-40.0
-39.0
-31.0
-31.0
-95.0
-73.0
-61.0
-60.0
-54.0
-4.0
-5.0
-0.0
-56.0
-1.0
-6.0
-4.0
-53.0
-23.0
-26.0
-69.11000000000001
-6.0
-2.0
-704.0
-1.0
-38.0
-64.0
-81.0
-19.0
-119.0
-55.24000000000001
-104.24000000000001
-92.75999999999999
-29.24000000000001
-44.0
-30.159999999999968
-67.15999999999997
-37.84000000000003
-78.15999999999997
-52.839999999999975
-15.839999999999975
-69.0
-49.0
-55.0
-36.110000000000014
-14.0
-24.0
-13.0
-43.0
-14.0
-66.0
-5.0
-108.0
-62.0
-127.0
-89.0
-35.48000000000002
-52.51999999999998
-6.0
-14.0
-96.0
-15.0
-21.0
-26.0
-9.0
-32.0
-15.0
-48.0
-42.110000000000014
-16.0
-19.47999999999999
-4.5
-13.0
-20.0
-38.0
-17.0
-55.0
-10.0
-123.0
-29.0
-28.0
-97.0
-16.0
-7.0
-13.0
-15.0
-11.0
-16.0
-8.0
-46.0
-18.0
-18.0
-42.110000000000014
-16.0
-13.0
-14.0
-21.0
-19.0
-24.0
-60.0
-53.0
-84.62
-3.0
-67.0
-50.0
-62.5
-68.5
-20.0
-7.0
-326.0
-0.0
-26.0
-34.0
-8.0
-19.0
-10.0
-7.639999999999986
-6.0
-7.0
-20.0
-4.0
-17.0
-20.47999999999999
-0.5
-1.240000000000009
-23.24000000000001
-35.5
-61.0
-40.5
-28.5
-48.5
-19.0
-24.0
-29.0
-34.0
-41.0
-35.0
-32.0
-27.0
-16.0
-12.639999999999986
-15.0
-7.0
-7.0
-15.0
-11.5
-11.0
-1.0
-129.0
-75.0
-126.0
-170.0
-56.0
-159.0
-31.0
-93.0
-56.0
-27.0
-41.0
-36.0
-44.0
-30.0
-3.0
-5.0
-88.11000000000001
-33.06
-20.5
-14.0
-30.0
-45.5
-14.5
-49.5
-117.60000000000002
-69.39999999999998
-377.6
-24.399999999999977
-78.60000000000002
-1.6000000000000227
-24.399999999999977
-15.399999999999977
-22.399999999999977
-78.39999999999998
-223.60000000000002
-30.600000000000023
-21.399999999999977
-34.60000000000002
-8.399999999999977
-19.0
-88.11000000000001
-6.1200000000000045
-9.0
-10.0
-20.0
-38.0
-40.0
-36.0
-62.0
-67.0
-138.0
-31.0
-19.0
-52.0
-31.0
-43.0
-23.0
-20.0
-10.0
-17.0
-40.0
-38.0
-7.0
-11.0
-88.11000000000001
-41.56
-1.0
-9.0
-24.0
-22.0
-47.5
-19.0
-36.0
-2.0
-127.0
-11.0
-22.0
-95.0
-38.0
-36.0
-18.0
-9.0
-30.0
-10.0
-9.0
-3.0
-40.0
-37.0
-67.11000000000001
-22.560000000000002
-21.0
-1.0
-9.0
-29.0
-47.5
-14.0
-54.0
-70.0
-102.0
-26.0
-14.0
-60.0
-19.0
-22.0
-25.0
-7.0
-15.0
-5.0
-30.0
-53.0
-44.0
-4.0
-31.110000000000014
-3.0
-14.0
-0.0
-11.0
-50.0
-53.0
-41.0
-117.0
-60.0
-32.0
-8.0
-28.0
-18.0
-32.0
-4.439999999999998
-23.560000000000002
-2.0
-5.0
-14.0
-34.0
-28.0
-24.0
-21.0
-14.150000000000006
-26.0
-29.0
-33.0
-1.0
-33.0
-37.0
-3.0
-60.0
-19.0
-14.0
-16.0
-37.0
-21.0
-33.0
-12.0
-37.0
-11.0
-20.0
-14.0
-10.5
-15.0
-9.0
-18.0
-5.365000000000009
-16.0
-4.0
-1.0
-15.0
-0.0
-19.0
-17.0
-101.0
-108.0
-129.0
-179.0
-62.0
-56.0
-37.0
-44.0
-31.0
-109.0
-0.0
-53.0
-23.0
-32.0
-38.0
-0.0
-79.11000000000001
-8.0
-7.0
-3.0
-12.0
-1.0
-44.0
-26.0
-43.0
-13.0
-141.0
-55.0
-17.0
-41.0
-35.0
-40.0
-26.0
-7.0
-35.0
-22.0
-43.0
-16.0
-16.0
-12.0
-73.11000000000001
-6.0
-2.0
-17.0
-7.0
-29.0
-7.0
-31.0
-59.0
-6.0
-128.0
-18.0
-8.0
-27.0
-53.0
-73.0
-27.0
-28.0
-21.0
-52.0
-32.0
-10.0
-30.0
-62.0
-132.11
-25.0
-13.0
-15.0
-24.0
-17.0
-14.0
-38.0
-81.0
-43.0
-98.08000000000004
-32.91999999999996
-9.0
-103.0
-29.0
-30.0
-39.0
-16.0
-0.0
-80.0
-21.0
-20.0
-36.0
-45.0
-132.11
-8.0
-7.0
-30.0
-6.0
-12.0
-4.0
-18.0
-63.0
-28.0
-110.0
-24.0
-39.0
-34.0
-21.559999999999945
-3.5599999999999454
-18.0
-51.0
-4.0
-1.0
-40.0
-35.0
-27.0
-16.0
-67.11000000000001
-5.0
-5.0
-15.0
-3.0
-39.0
-18.0
-38.0
-36.0
-34.0
-11.0
-46.0
-2.0
-45.0
-48.0
-24.0
-47.0
-20.0
-24.0
-46.0
-49.0
-19.0
-9.0
-13.0
-19.879999999999995
-17.0
-60.0
-41.0
-28.0
-26.0
-5.0
-39.0
-56.0
-27.0
-2.0
-4.0
-2.0
-19.0
-5.0
-27.0
-23.0
-20.0
-26.0
-20.0
-4.0
-14.0
-4.0
-8.0
-1.8799999999999955
-9.0
-8.0
-6.0
-2.0
-2.0
-827.0
-10.0
-96.0
-345.0
-17.960000000000036
-187.96000000000004
-100.0
-60.0
-33.0
-23.0
-8.0
-124.0
-12.0
-53.0
-61.0
-17.0
-16.0
-74.0
-139.91999999999996
-5.159999999999968
-43.84000000000003
-23.840000000000032
-47.15999999999997
-27.840000000000032
-8.0
-4.759999999999991
-102.75999999999999
-26.24000000000001
-66.24000000000001
-35.80000000000001
-21.19999999999999
-42.24000000000001
-10.5
-7.569999999999993
-7.5
-3.5
-17.0
-13.5
-20.5
-10.0
-16.0
-155.0
-37.0
-9.0
-9.0
-41.0
-27.0
-8.0
-49.0
-32.0
-33.0
-36.0
-80.0
-19.0
-5.0
-11.0
-9.0
-299.57
-8.0
-38.0
-28.0
-35.0
-5.0
-21.0
-8.0
-155.0
-194.0
-18.0
-440.0
-42.0
-23.0
-17.0
-10.0
-26.0
-29.0
-78.0
-69.44
-44.56
-28.0
-28.0
-22.0
-1.4300000000000068
-12.0
-45.0
-5.0
-36.0
-6.0
-15.0
-16.0
-7.0
-17.0
-13.0
-29.0
-33.0
-11.0
-44.0
-19.439999999999998
-84.0
-15.0
-24.0
-30.0
-4.0
-23.0
-16.0
-16.0
-3.6599999999999966
-12.5
-27.5
-8.0
-14.0
-0.5
-10.0
-22.0
-31.0
-0.0
-12.0
-8.0
-40.0
-36.0
-10.0
-20.0
-39.0
-27.0
-21.0
-12.0
-2.0
-19.0
-7.0
-10.0
-30.659999999999997
-15.0
-11.0
-0.0
-30.0
-20.5
-22.0
-750.0
-130.0
-100.0
-63.0
-23.0
-16.0
-51.0
-41.0
-25.0
-12.0
-59.0
-13.0
-15.0
-57.0
-2.0
-74.0
-16.0
-13.430000000000007
-9.0
-0.0
-7.0
-2.0
-7.0
-5.0
-9.0
-72.0
-144.0
-59.0
-43.0
-15.0
-3.0
-2.0
-0.0
-12.0
-12.0
-1.0
-16.0
-122.0
-62.0
-37.0
-9.0
-7.569999999999993
-17.0
-4.0
-17.0
-4.0
-21.0
-11.0
-11.0
-139.0
-30.0
-7.0
-22.0
-56.0
-26.0
-24.0
-27.0
-16.0
-12.0
-0.0
-8.0
-19.0
-40.0
-49.0
-20.0
-9.569999999999993
-11.5
-6.0
-2.0
-4.5
-11.0
-5.0
-19.5
-122.48000000000002
-366.49
-20.0
-75.0
-13.0
-100.0
-21.0
-8.0
-6.0
-7.0
-2.0
-61.0
-2.0
-7.0
-35.0
-6.0
-9.569999999999993
-0.5
-4.0
-23.0
-16.0
-1.0
-6.0
-21.0
-162.0
-55.0
-58.039999999999964
-23.039999999999964
-6.0
-25.0
-32.0
-10.0
-9.0
-9.0
-15.0
-20.0
-36.0
-50.0
-37.0
-4.0
-12.430000000000007
-13.5
-2.0
-14.0
-3.0
-7.0
-7.5
-35.5
-5.0
-22.0
-88.0
-55.0
-52.0
-13.0
-79.0
-48.0
-71.0
-68.0
-29.0
-18.0
-41.0
-29.0
-4.0
-5.0
-59.66
-10.5
-58.0
-19.0
-5.0
-13.0
-5.0
-13.5
-14.0
-11.0
-6.0
-35.0
-37.0
-45.0
-11.0
-19.519999999999982
-21.519999999999982
-2.0
-29.0
-7.0
-7.0
-39.0
-10.0
-3.0
-50.66
-31.0
-11.0
-18.0
-3.0
-39.0
-15.0
-45.0
-156.0
-150.0
-14.0
-10.0
-19.0
-79.0
-3.0
-40.0
-19.0
-221.0
-48.0
-62.0
-22.0
-8.0
-67.0
-13.0
-13.430000000000007
-13.0
-9.0
-11.0
-20.0
-1.0
-21.0
-12.0
-42.0
-14.0
-1.0
-13.0
-61.0
-4.0
-7.0
-29.0
-24.0
-46.0
-32.0
-4.0
-31.0
-88.0
-34.0
-19.0
-7.569999999999993
-14.0
-18.0
-22.0
-1.0
-14.0
-21.0
-11.0
-45.0
-42.0
-45.0
-15.0
-40.0
-32.0
-4.0
-1.0
-5.0
-43.0
-56.0
-1.0
-4.0
-4.0
-116.0
-8.0
-7.569999999999993
-9.0
-4.0
-21.0
-9.0
-26.0
-22.0
-22.0
-96.0
-9.0
-65.0
-15.0
-21.0
-104.0
-52.0
-46.0
-31.0
-41.0
-50.0
-0.0
-26.0
-121.39999999999998
-9.0
-44.0
-7.569999999999993
-5.0
-3.0
-14.0
-4.0
-8.0
-7.0
-1.0
-6.0
-13.0
-43.0
-0.0
-12.0
-9.0
-25.0
-31.0
-43.0
-61.0
-15.0
-20.0
-7.0
-11.0
-34.0
-24.0
-28.659999999999997
-7.0
-1.0
-2.0
-17.0
-10.0
-4.0
-15.0
-34.0
-25.0
-53.0
-6.0
-9.0
-36.0
-10.0
-61.0
-14.0
-35.0
-20.0
-10.0
-5.0
-16.0
-15.0
-15.5
-24.659999999999997
-9.0
-15.0
-12.0
-9.0
-10.5
-14.5
-9.0
-157.0
-20.0
-96.0
-7.0
-26.0
-49.0
-6.0
-18.0
-38.0
-16.0
-37.0
-168.0
-13.0
-23.0
-15.0
-1.0
-7.569999999999993
-7.0
-13.0
-17.0
-13.0
-3.0
-1.0
-27.0
-193.0
-2.0
-2.0
-30.0
-61.0
-18.0
-13.0
-28.0
-59.0
-19.0
-88.0
-22.0
-17.0
-21.0
-35.0
-10.0
-7.569999999999993
-17.0
-23.0
-21.0
-8.0
-27.0
-15.0
-27.0
-37.0
-52.0
-15.0
-75.0
-28.0
-16.0
-3.0
-1.0
-14.0
-12.0
-56.0
-45.0
-46.0
-29.0
-40.0
-13.0
-7.569999999999993
-23.0
-2.0
-11.0
-3.0
-10.0
-2.0
-9.5
-27.439999999999998
-33.0
-21.0
-19.0
-9.0
-28.0
-41.0
-18.0
-12.0
-18.0
-16.0
-87.0
-49.0
-19.0
-50.0
-18.0
-7.569999999999993
-18.0
-18.0
-34.0
-30.5
-1.0
-22.0
-10.0
-35.0
-15.0
-9.0
-26.0
-64.0
-8.0
-3.0
-13.0
-25.0
-5.0
-62.0
-488.0
-12.0
-46.0
-77.0
-33.0
-12.430000000000007
-28.0
-15.0
-28.0
-30.0
-23.0
-23.0
-46.0
-2.0
-7.0
-32.0
-0.0
-20.0
-14.079999999999984
-60.079999999999984
-84.0
-46.0
-54.0
-108.0
-4.0
-11.0
-10.0
-8.0
-11.0
-28.659999999999997
-49.0
-26.0
-14.0
-10.0
-0.0
-8.0
-2.0
-18.0
-15.0
-38.0
-12.0
-6.0
-1.0
-41.0
-9.0
-37.0
-6.0
-22.0
-18.0
-2.0
-6.0
-28.0
-27.0
-30.659999999999997
-7.0
-11.0
-7.0
-0.0
-21.0
-9.0
-41.0
-170.0
-28.0
-88.0
-1.0
-26.0
-50.0
-9.0
-12.0
-15.0
-32.0
-41.0
-31.0
-2.0
-10.0
-14.0
-8.0
-7.569999999999993
-11.0
-4.0
-1.0
-21.0
-22.0
-7.0
-25.0
-16.0
-20.0
-60.48000000000002
-12.519999999999982
-43.51999999999998
-6.480000000000018
-17.519999999999982
-8.519999999999982
-62.91999999999996
-56.91999999999996
-2.080000000000041
-114.08000000000004
-8.839999999999975
-33.839999999999975
-0.160000000000025
-4.0
-7.569999999999993
-4.0
-6.5
-13.5
-4.5
-11.0
-4.5
-21.5
-1.6399999999999864
-25.67999999999995
-7.32000000000005
-38.32000000000005
-63.0
-32.0
-1.0
-7.0
-29.0
-53.0
-102.0
-2.0
-50.0
-18.0
-24.519999999999982
-30.519999999999982
-7.569999999999993
-5.0
-10.0
-4.0
-8.0
-7.0
-11.5
-21.5
-83.0
-17.0
-13.0
-10.0
-27.0
-17.0
-26.0
-41.48000000000002
-6.480000000000018
-22.0
-61.0
-40.0
-8.0
-87.0
-31.0
-2.0
-39.56999999999999
-4.0
-6.0
-8.0
-8.0
-7.0
-8.5
-34.5
-5.0
-63.0
-28.0
-32.0
-7.0
-42.0
-25.0
-8.0
-14.0
-1.0
-69.0
-7.0
-406.0
-42.0
-13.0
-4.0
-7.569999999999993
-1.0
-5.0
-1.0
-6.0
-22.0
-9.0
-19.0
-12.0
-20.0
-63.0
-41.0
-46.0
-14.0
-21.0
-64.0
-17.0
-8.0
-8.0
-25.0
-7.0
-3.0
-9.0
-28.0
-28.659999999999997
-0.5
-8.5
-0.5
-4.0
-14.5
-18.0
-10.0
-32.0
-3.0
-9.0
-16.0
-3.0
-11.0
-5.0
-17.0
-10.0
-4.0
-28.0
-23.0
-32.0
-36.0
-9.0
-15.0
-50.66
-1.0
-27.0
-12.0
-8.0
-19.0
-8.5
-18.5
-37.56
-45.0
-30.0
-65.0
-79.0
-59.0
-19.0
-7.0
-10.0
-3.0
-2.67999999999995
-118.68
-61.68000000000001
-28.0
-22.0
-18.0
-9.569999999999993
-5.0
-7.0
-7.5
-1.0
-13.0
-8.5
-5.0
-19.0
-37.0
-33.0
-10.0
-45.0
-60.0
-4.519999999999982
-5.519999999999982
-11.519999999999982
-41.48000000000002
-21.0
-34.0
-117.0
-0.07999999999998408
-20.920000000000016
-9.0
-7.569999999999993
-4.0
-8.0
-34.0
-13.0
-18.0
-21.0
-3.0
-21.0
-42.0
-5.0
-26.519999999999982
-47.51999999999998
-56.0
-1.0
-18.0
-12.0
-10.0
-33.0
-14.0
-89.0
-6.0
-13.0
-24.0
-46.0
-5.0
-12.0
-25.5
-18.5
-15.5
-27.0
-22.0
-132.0
-61.0
-31.0
-8.0
-28.0
-56.0
-13.0
-20.0
-5.0
-20.0
-43.0
-68.0
-58.0
-1.0
-10.0
-26.0
-51.06
-3.0
-14.0
-15.0
-23.0
-12.0
-13.0
-2.0
-155.0
-19.0
-52.0
-20.0
-25.0
-49.0
-35.0
-43.0
-8.0
-13.0
-78.0
-63.0
-85.0
-24.0
-22.0
-1.0
-51.06
-5.5
-17.5
-25.5
-34.0
-25.0
-52.0
-33.0
-14.0
-3.0
-78.0
-54.0
-11.0
-20.0
-89.0
-15.0
-51.0
-37.0
-10.0
-14.0
-9.0
-3.0
-22.0
-4.0
-23.169999999999987
-6.0
-6.0
-28.0
-16.0
-13.0
-34.0
-36.0
-49.0
-7.0
-37.0
-51.0
-74.0
-15.0
-83.0
-35.0
-17.0
-4.0
-2.0
-1.0
-13.0
-69.0
-42.0
-45.0
-3.365000000000009
-1.0
-22.0
-35.0
-13.960000000000008
-5.039999999999992
-2.5
-16.0
-81.0
-107.0
-73.0
-44.0
-72.0
-34.0
-521.0
-19.559999999999945
-15.559999999999945
-70.0
-39.0
-93.0
-14.0
-8.0
-38.0
-29.0
-83.06
-73.0
-96.0
-76.0
-93.0
-99.0
-88.0
-82.0
-19.0
-80.0
-5.0
-50.0
-64.0
-56.0
-46.0
-55.0
-39.0
-46.0
-23.0
-8.0
-24.0
-14.0
-32.0
-8.0
-51.06
-14.0
-2.0
-24.0
-8.0
-14.0
-5.0
-14.0
-115.0
-111.0
-6.0
-59.0
-52.0
-72.0
-21.0
-40.0
-16.0
-29.0
-47.0
-33.0
-26.0
-11.0
-3.0
-4.0
-31.060000000000002
-47.0
-12.0
-6.0
-95.0
-80.0
-5.0
-42.0
-64.0
-24.0
-46.0
-55.0
-44.0
-50.0
-23.0
-8.0
-75.0
-14.0
-46.0
-8.0
-51.06
-4.0
-16.0
-24.0
-8.0
-14.0
-5.0
-14.0
-68.0
-111.0
-6.0
-59.0
-33.0
-40.0
-21.0
-43.0
-16.0
-29.0
-13.0
-33.0
-22.0
-11.0
-14.0
-4.0
-30.060000000000002
-9.0
-6.0
-38.0
-38.0
-40.0
-10.0
-30.0
-72.0
-194.0
-443.0
-52.0
-40.0
-7.0
-36.0
-43.0
-31.0
-28.0
-32.0
-2.0
-48.0
-7.0
-18.0
-17.0
-30.060000000000002
-8.0
-34.0
-51.0
-10.0
-31.0
-29.0
-8.0
-64.0
-302.0
-36.0
-82.0
-43.0
-25.0
-98.0
-65.0
-18.0
-29.0
-19.0
-21.0
-74.0
-37.0
-2.0
-4.0
-6.939999999999998
-10.5
-12.0
-13.0
-23.5
-44.0
-12.0
-40.0
-30.0
-62.0
-74.0
-64.0
-54.0
-61.0
-48.0
-9.0
-7.0
-22.0
-5.0
-36.0
-13.5
-12.0
-13.0
-3.0
-4.900000000000006
-9.0
-12.0
-15.0
-9.0
-20.0
-16.0
-5.0
-9.0
-13.0
-4.0
-2.0
-20.0
-36.0
-2.0
-21.0
-10.0
-15.0
-10.0
-4.0
-22.0
-0.0
-4.0
-30.0
-9.870000000000005
-12.0
-5.5
-33.0
-30.0
-22.0
-36.0
-15.0
-14.0
-31.0
-3.0
-22.0
-30.0
-14.0
-15.5
-35.0
-26.0
-29.0
-22.5
-11.5
-12.5
-22.5
-13.199999999999989
-2.5
-683.61
-31.0
-9.5
-16.0
-13.800000000000011
-22.0
-25.5
-29.80000000000001
-73.19999999999999
-96.19999999999999
-292.20000000000005
-171.0
-63.0
-186.0
-108.0
-108.0
-103.0
-28.0
-22.0
-151.0
-8.0
-6.0
-0.0
-31.0
-27.060000000000002
-16.0
-6.0
-8.0
-28.0
-21.0
-26.0
-25.0
-113.0
-74.32000000000005
-96.32000000000005
-55.0
-36.0
-16.0
-30.0
-31.0
-268.0
-17.0
-41.0
-2.0
-39.0
-23.0
-47.0
-9.0
-11.060000000000002
-4.0
-8.0
-19.0
-26.0
-13.0
-18.0
-15.0
-88.0
-26.0
-69.0
-51.0
-29.0
-44.0
-49.0
-62.0
-49.0
-25.0
-26.0
-4.0
-53.0
-32.0
-12.0
-14.0
-11.060000000000002
-4.0
-7.0
-28.0
-5.0
-24.5
-17.0
-13.0
-15.439999999999998
-40.44
-137.48000000000002
-0.4800000000000182
-23.519999999999982
-54.84000000000003
-17.840000000000032
-2.840000000000032
-6.519999999999982
-21.519999999999982
-1.67999999999995
-2.680000000000007
-105.0
-21.0
-17.0
-3.0
-6.939999999999998
-14.0
-5.0
-24.159999999999997
-23.5
-23.159999999999997
-17.159999999999997
-30.159999999999997
-20.159999999999997
-85.0
-36.0
-57.0
-62.0
-70.0
-69.0
-15.0
-8.0
-37.0
-21.0
-13.0
-11.0
-5.0
-14.0
-15.0
-25.090000000000003
-24.0
-14.0
-20.0
-17.0
-3.0
-32.47999999999999
-47.47999999999999
-14.0
-24.319999999999993
-59.11500000000001
-23.61500000000001
-22.61500000000001
-12.5
-17.120000000000005
-35.08000000000001
-10.5
-12.0
-9.0
-0.0
-24.5
-28.0
-20.0
-0.5
-14.100000000000051
-8.47999999999999
-18.47999999999999
-22.47999999999999
-21.47999999999999
-15.0
-24.0
-18.0
-25.0
-133.0
-39.0
-85.0
-73.0
-63.0
-36.0
-33.0
-14.0
-13.0
-2.0
-16.0
-21.0
-11.0
-41.0
-19.0
-25.060000000000002
-32.0
-19.0
-11.0
-11.0
-2.0
-9.0
-17.0
-111.0
-71.0
-2.0
-32.0
-12.0
-17.0
-27.0
-10.0
-10.0
-156.0
-8.0
-21.0
-7.0
-53.0
-50.0
-2.0
-7.060000000000002
-9.0
-24.0
-10.0
-23.0
-12.0
-15.0
-21.0
-123.0
-77.0
-64.0
-19.0
-5.0
-51.0
-18.0
-29.0
-150.0
-130.0
-1.0
-25.0
-38.48000000000002
-16.480000000000018
-28.0
-12.0
-5.060000000000002
-0.0
-5.0
-13.0
-4.0
-27.0
-2.0
-21.0
-39.0
-117.0
-13.0
-28.0
-23.0
-38.0
-41.0
-5.0
-1.0
-17.0
-1.0
-12.0
-38.0
-39.0
-7.0
-3.0
-4.1200000000000045
-2.0
-7.0
-3.0
-14.0
-17.0
-17.0
-8.0
-19.0
-110.0
-17.0
-21.0
-25.0
-67.0
-7.0
-19.0
-11.0
-32.0
-35.0
-40.0
-42.0
-17.0
-17.0
-20.0
-3.600000000000051
-14.860000000000014
-2.0
-17.5
-28.5
-18.5
-23.74000000000001
-45.24000000000001
-10.5
-55.16
-4.22999999999999
-1.2299999999999898
-22.77000000000001
-52.5
-37.75999999999999
-50.160000000000025
-5.5
-31.0
-4.0
-5.0
-20.0
-21.0
-8.0
-4.5
-19.10000000000005
-25.72
-34.0
-31.0
-44.0
-18.0
-15.0
-35.0
-7.0
-26.0
-1.0
-11.0
-2.0
-29.0
-2.0
-1.0
-15.0
-24.0
-27.0
-22.0
-3.0
-7.0
-20.0
-22.0
-4.899999999999949
-4.240000000000009
-12.0
-14.0
-3.0
-1.0
-10.0
-11.0
-25.0
-146.0
-9.0
-129.0
-94.0
-24.0
-24.0
-30.0
-33.0
-26.0
-275.0
-71.0
-13.0
-26.0
-19.0
-12.0
-15.600000000000051
-32.0
-3.0
-15.0
-16.0
-27.0
-23.0
-15.0
-19.0
-66.0
-29.0
-21.0
-27.0
-75.0
-49.0
-39.0
-13.0
-25.0
-11.0
-2.0
-30.0
-8.0
-22.0
-28.0
-35.60000000000005
-19.0
-27.0
-29.0
-12.0
-0.0
-26.0
-6.0
-35.0
-9.0
-28.0
-17.0
-12.0
-40.0
-41.0
-28.0
-22.0
-45.0
-32.0
-48.0
-12.0
-20.0
-17.0
-3.0
-21.60000000000005
-13.0
-9.0
-9.0
-26.0
-14.0
-21.0
-6.0
-16.0
-15.0
-8.0
-3.0
-8.0
-36.0
-48.0
-36.0
-33.0
-41.0
-38.0
-22.0
-54.0
-34.0
-17.0
-8.0
-9.600000000000051
-13.0
-4.0
-7.0
-1.0
-26.0
-16.0
-6.0
-13.0
-19.0
-13.0
-11.0
-24.0
-77.0
-11.0
-114.0
-120.0
-23.0
-88.0
-50.0
-55.0
-16.0
-17.0
-40.0
-9.399999999999949
-15.0
-24.0
-4.0
-13.0
-9.0
-25.0
-16.0
-9.0
-44.0
-12.0
-14.0
-32.0
-2.0
-34.0
-25.0
-24.0
-76.0
-53.0
-6.0
-3.0
-1.0
-31.0
-3.0
-25.10000000000005
-19.0
-17.0
-0.0
-17.0
-27.0
-20.0
-16.0
-68.0
-22.0
-40.0
-49.0
-13.0
-1.0
-12.0
-82.0
-35.0
-42.0
-18.0
-7.0
-4.0
-29.0
-10.0
-13.0
-13.100000000000051
-3.0
-7.0
-4.0
-5.0
-27.0
-29.0
-7.0
-6.0
-168.0
-163.0
-105.0
-56.0
-118.0
-10.0
-11.0
-2.0
-249.0
-131.0
-94.0
-1.0
-14.0
-49.0
-4.0
-21.60000000000005
-5.0
-11.0
-22.0
-18.0
-14.0
-2.0
-24.0
-92.0
-88.0
-55.0
-26.0
-22.0
-37.0
-34.0
-33.0
-59.0
-24.0
-17.0
-0.0
-109.0
-19.0
-31.0
-10.0
-21.60000000000005
-1.0
-4.0
-46.0
-2.0
-29.0
-29.0
-21.0
-214.0
-28.0
-31.0
-25.0
-3.0
-41.0
-19.0
-3.0
-23.0
-23.0
-9.0
-25.0
-2.0
-2.0
-23.0
-48.0
-9.600000000000051
-2.0
-13.0
-5.0
-10.0
-6.0
-24.0
-7.0
-221.0
-69.0
-39.0
-73.0
-2.0
-48.0
-3.0
-9.0
-16.0
-18.0
-35.0
-8.0
-23.0
-60.0
-14.0
-7.0
-17.60000000000005
-10.0
-3.0
-6.0
-7.0
-10.0
-1.0
-14.0
-3.0
-42.0
-16.0
-12.0
-17.0
-65.0
-26.0
-1.0
-5.0
-31.0
-10.0
-26.0
-15.0
-4.0
-4.0
-8.0
-9.600000000000051
-0.0
-5.0
-22.0
-13.0
-2.0
-27.0
-9.0
-21.0
-45.0
-40.0
-7.0
-21.0
-3.0
-22.0
-33.0
-24.0
-24.0
-32.0
-13.0
-17.0
-2.0
-19.0
-3.0
-16.110000000000014
-7.0
-17.0
-2.0
-7.0
-19.0
-3.0
-15.0
-19.0
-23.0
-16.0
-27.0
-9.0
-30.0
-4.0
-12.0
-27.0
-28.0
-11.0
-9.0
-9.0
-7.0
-30.5
-1.0
-18.129999999999995
-0.5
-24.5
-20.0
-1.0
-10.0
-22.0
-12.0
-2.0
-3.0
-12.0
-42.0
-65.0
-36.0
-8.0
-3.0
-37.0
-30.0
-1.0
-9.0
-12.0
-22.0
-1.0
-5.0
-13.120000000000005
-7.5
-6.5
-1.0
-7.0
-0.5
-3.5
-13.5
-110.32
-289.68
-90.67999999999995
-185.67999999999995
-188.0
-69.0
-54.0
-0.0
-12.0
-40.0
-4.0
-51.0
-26.0
-8.0
-72.0
-21.0
-9.600000000000051
-11.0
-16.0
-4.0
-4.0
-11.0
-3.5
-25.0
-105.0
-10.0
-41.0
-11.0
-1.0
-46.0
-34.0
-19.0
-30.0
-31.0
-45.0
-1.0
-3.0
-96.0
-1.0
-10.0
-21.60000000000005
-4.0
-10.0
-16.0
-7.0
-25.0
-3.5
-2.0
-17.0
-69.0
-61.0
-35.0
-31.0
-15.0
-30.0
-33.0
-97.0
-33.0
-16.0
-17.0
-33.0
-98.0
-18.0
-40.0
-21.60000000000005
-23.0
-13.0
-9.0
-15.0
-9.0
-8.0
-1.0
-17.0
-102.0
-0.0
-79.0
-69.0
-9.0
-55.0
-21.0
-46.0
-18.0
-21.0
-4.0
-24.0
-120.0
-67.0
-29.0
-15.080000000000013
-1.0
-27.0
-19.0
-38.0
-43.0
-43.0
-24.0
-112.0
-16.0
-42.0
-0.0
-20.0
-12.0
-12.0
-12.0
-8.0
-1.0
-189.0
-5.0
-8.0
-0.0
-21.0
-11.0
-19.069999999999993
-24.0
-19.0
-13.0
-17.0
-25.0
-30.0
-9.0
-41.0
-26.0
-2.0
-8.0
-17.0
-0.0
-20.0
-14.0
-12.0
-38.0
-10.0
-26.0
-10.0
-8.0
-10.0
-25.0
-4.384999999999991
-19.0
-0.0
-2.0
-28.0
-27.0
-20.0
-12.0
-85.0
-43.0
-90.0
-50.0
-61.0
-27.0
-48.0
-28.0
-40.0
-27.0
-62.0
-4.0
-20.0
-54.0
-22.0
-44.0
-51.360000000000014
-72.48000000000002
-18.0
-17.0
-34.67999999999995
-19.67999999999995
-27.32000000000005
-31.0
-24.0
-22.0
-43.0
-7.0
-33.0
-29.0
-24.0
-36.120000000000005
-57.88499999999999
-50.51999999999998
-2.0
-8.0
-16.0
-34.0
-22.0
-38.0
-53.0
-56.0
-33.91999999999996
-12.0
-0.10000000000002274
-26.0
-13.0
-37.120000000000005
-1.0
-46.0
-19.0
-9.0
-24.0
-641.0
-60.0
-21.0
-126.11500000000001
-11.0
-1.0
-16.0
-26.0
-34.0
-9.0
-25.0
-117.0
-16.0
-74.0
-3.0
-2.519999999999982
-0.5
-6.0
-19.0
-27.0
-34.0
-51.0
-3.5
-12.0
-2.0
-0.5
-5.0
-4.5
-34.0
-1.5
-10.5
-3.0
-2.5
-9.5
-2.5
-25.0
-5.0
-48.0
-4.0
-16.25999999999999
-0.5
-11.5
-14.0
-35.0
-40.5
-8.0
-3.5
-11.5
-26.5
-20.5
-11.0
-20.5
-7.0
-9.0
-4.0
-8.0
-7.0
-19.0
-22.0
-125.0
-35.0
-37.0
-34.0
-64.0
-37.0
-6.0
-91.12
-39.0
-64.0
-0.0
-2.0
-59.0
-52.0
-3.0
-9.0
-34.88499999999999
-4.0
-19.0
-37.0
-34.0
-27.0
-41.0
-18.0
-17.0
-48.0
-39.0
-45.0
-55.0
-37.0
-5.0
-56.0
-64.0
-9.879999999999995
-10.0
-46.0
-2.0
-12.0
-6.0
-1.0
-76.88499999999999
-5.0
-63.0
-2.0
-18.0
-6.0
-30.0
-9.0
-46.0
-22.0
-19.0
-63.0
-33.0
-35.0
-18.0
-30.0
-14.0
-3.0
-27.08000000000004
-30.519999999999982
-19.519999999999982
-57.0
-17.0
-32.0
-68.82
-29.0
-1.0
-4.0
-12.0
-35.0
-34.0
-7.0
-38.0
-15.0
-21.0
-24.0
-36.0
-41.0
-37.0
-7.0
-309.0
-11.120000000000005
-26.0
-51.0
-52.0
-63.0
-11.0
-34.0
-38.31999999999999
-3.0
-4.0
-1.0
-26.0
-10.0
-22.0
-5.0
-29.0
-16.0
-8.0
-16.0
-45.0
-14.0
-43.0
-0.0
-10.0
-8.0
-10.0
-19.0
-4.0
-12.0
-32.0
-23.0
-49.31999999999999
-25.0
-2.0
-4.0
-8.0
-1.0
-14.0
-14.0
-86.0
-1.0
-6.0
-28.0
-10.0
-19.0
-8.0
-12.0
-112.0
-28.0
-5.0
-25.0
-39.0
-14.0
-15.0
-9.0
-10.5
-29.0
-36.5
-32.5
-2.0
-12.0
-13.0
-23.0
-1.0
-34.0
-32.0
-13.0
-88.0
-70.0
-68.0
-108.0
-90.0
-72.0
-37.0
-12.0
-29.0
-30.0
-27.0
-3.0
-36.5
-37.0
-48.0
-39.0
-15.0
-40.0
-33.0
-15.0
-98.0
-307.12
-110.0
-22.0
-71.0
-85.0
-4.0
-2.0
-88.0
-48.91999999999996
-8.0
-83.0
-56.0
-4.0
-26.0
-9.0
-30.819999999999993
-6.0
-22.0
-28.0
-20.0
-34.0
-16.0
-38.0
-28.0
-50.0
-1.0
-14.0
-48.0
-315.0
-5.0
-21.0
-34.0
-8.0
-56.0
-63.0
-23.0
-5.0
-32.0
-35.0
-38.31999999999999
-5.0
-10.0
-0.0
-10.0
-34.0
-21.0
-15.0
-44.120000000000005
-25.0
-31.0
-79.0
-26.0
-45.0
-14.0
-34.0
-7.0
-12.0
-7.0
-65.0
-23.0
-4.0
-23.0
-1.0
-1.3199999999999932
-31.0
-52.0
-32.0
-0.0
-13.0
-41.0
-18.0
-167.0
-23.0
-13.0
-10.080000000000041
-36.0
-61.879999999999995
-81.0
-37.0
-32.0
-16.0
-34.0
-40.0
-56.0
-53.0
-9.0
-38.0
-39.31999999999999
-3.0
-38.0
-25.0
-22.0
-2.0
-12.0
-2.0
-23.0
-23.0
-10.039999999999964
-20.039999999999964
-51.0
-52.0
-381.0
-2.0
-16.0
-22.0
-16.0
-56.0
-13.0
-27.0
-19.0
-2.0
-38.31999999999999
-1.0
-11.0
-5.0
-3.0
-1.0
-12.0
-29.0
-22.0
-53.0
-84.0
-69.0
-36.0
-94.0
-13.0
-22.0
-15.0
-27.0
-34.0
-25.0
-41.0
-8.0
-29.0
-46.0
-8.5
-13.0
-9.0
-19.0
-5.0
-33.0
-500.0
-1.0
-12.0
-56.0
-29.0
-36.0
-21.0
-28.0
-8.0
-16.0
-9.0
-17.0
-5.0
-23.0
-15.0
-19.0
-8.0
-3.0
-10.5
-41.0
-4.0
-2.0
-18.0
-57.0
-6.0
-60.0
-84.0
-25.0
-13.0
-26.0
-16.0
-64.0
-29.0
-31.0
-50.0
-46.0
-5.0
-107.0
-15.0
-6.0
-16.0
-28.0
-38.31999999999999
-1.0
-20.0
-7.0
-13.0
-19.0
-37.0
-4.0
-55.0
-10.0
-26.0
-12.0
-45.0
-61.0
-21.0
-35.0
-23.0
-41.0
-36.0
-80.0
-30.0
-58.0
-2.0
-32.0
-18.319999999999993
-22.0
-8.0
-15.0
-39.0
-24.0
-22.0
-35.0
-61.0
-76.0
-11.0
-42.0
-463.0
-58.0
-13.0
-8.0
-48.0
-40.0
-9.0
-27.0
-45.0
-37.0
-3.0
-10.0
-38.31999999999999
-19.0
-14.0
-25.0
-28.0
-2.0
-17.0
-34.0
-37.0
-58.0
-20.0
-22.0
-41.0
-31.0
-42.0
-8.0
-4.0
-40.0
-28.0
-38.0
-80.0
-49.0
-2.0
-3.0
-45.81999999999999
-34.0
-5.0
-14.0
-8.0
-14.0
-15.0
-6.0
-20.0
-60.0
-10.0
-20.0
-89.0
-145.0
-24.0
-67.0
-85.0
-23.0
-120.0
-93.0
-29.0
-22.0
-22.920000000000016
-8.5
-39.474999999999994
-48.0
-0.0
-16.0
-3.0
-13.0
-27.0
-45.0
-139.0
-55.0
-58.0
-64.0
-82.0
-7.0
-58.0
-41.0
-15.0
-16.120000000000005
-6.0
-47.0
-28.0
-70.0
-26.0
-6.0
-46.5
-36.0
-48.0
-13.0
-27.0
-36.0
-34.0
-24.0
-31.0
-45.0
-35.0
-8.0
-5.0
-4.0
-10.0
-36.0
-36.0
-39.0
-5.0
-10.0
-55.0
-36.0
-35.0
-13.0
-10.5
-17.0
-22.0
-787.0
-20.0
-24.0
-9.0
-15.0
-112.0
-10.0
-69.0
-32.0
-40.0
-83.0
-34.0
-40.0
-33.0
-4.0
-17.0
-132.0
-141.0
-22.0
-41.0
-11.0
-2.4749999999999943
-16.0
-5.0
-7.0
-327.5
-5.0
-7.5
-9.0
-11.95999999999998
-76.0
-14.0
-1.0
-44.0
-75.0
-54.0
-3.0
-5.0
-7.0
-14.0
-174.0
-29.0
-20.0
-20.0
-3.0
-33.129999999999995
-16.0
-17.0
-19.0
-15.0
-4.0
-12.0
-15.0
-27.0
-33.0
-3.32000000000005
-16.559999999999945
-43.32000000000005
-45.0
-5.0
-8.0
-17.559999999999945
-14.440000000000055
-11.080000000000041
-79.08000000000004
-18.95999999999998
-32.56
-14.560000000000002
-1.0
-56.80500000000001
-19.0
-10.0
-2.0
-18.0
-21.0
-19.0
-13.0
-8.0
-4.0
-6.0
-10.0
-86.0
-70.0
-19.0
-5.0
-12.0
-6.0
-3.0
-42.0
-1.0
-23.0
-9.0
-10.0
-56.80500000000001
-32.75999999999999
-7.0
-2.5
-17.5
-7.5
-19.0
-0.0
-10.0
-47.0
-18.0
-59.0
-2.0
-3.0
-37.0
-4.0
-38.0
-4.0
-21.0
-101.0
-14.0
-34.0
-47.0
-19.0
-45.80500000000001
-18.0
-9.5
-16.5
-21.5
-15.0
-14.5
-13.0
-105.0
-13.259999999999991
-26.920000000000016
-39.920000000000016
-39.920000000000016
-0.0800000000000125
-9.980000000000018
-20.079999999999984
-30.079999999999984
-6.079999999999984
-42.08000000000001
-15.919999999999987
-44.22000000000003
-30.5
-8.5
-3.5
-4.5
-7.0
-1.5
-5.5
-15.5
-9.0
-8.5
-44.0
-22.0
-17.74000000000001
-29.220000000000027
-17.439999999999998
-24.439999999999998
-39.95999999999998
-39.01999999999998
-16.439999999999998
-68.98000000000002
-248.56
-38.95999999999998
-3.4399999999999977
-6.439999999999998
-30.5
-8.5
-12.5
-8.5
-36.75999999999999
-27.0
-6.5
-13.5
-33.5
-40.5
-14.5
-143.92000000000002
-422.91999999999996
-39.91999999999996
-22.91999999999996
-23.91999999999996
-18.08000000000004
-1.080000000000041
-43.91999999999996
-23.08000000000004
-11.080000000000041
-18.91999999999996
-48.91999999999996
-27.920000000000016
-24.920000000000016
-26.920000000000016
-19.0
-56.80500000000001
-32.75999999999999
-4.0
-9.0
-29.0
-18.0
-8.0
-43.0
-58.0
-16.0
-3.919999999999959
-18.840000000000032
-8.279999999999973
-31.720000000000027
-31.75999999999999
-10.0
-14.0
-17.0
-2.32000000000005
-178.67999999999995
-39.68000000000001
-5.0
-0.0
-777.0
-19.805000000000007
-33.75999999999999
-53.56
-25.939999999999998
-18.439999999999998
-8.439999999999998
-47.44
-39.68000000000001
-5.1200000000000045
-4.8799999999999955
-25.120000000000005
-8.120000000000005
-7.8799999999999955
-37.639999999999986
-53.50999999999999
-30.120000000000005
-52.110000000000014
-10.120000000000005
-45.879999999999995
-124.11000000000001
-59.60000000000002
-25.600000000000023
-56.610000000000014
-80.60000000000002
-60.48000000000002
-40.51999999999998
-41.22000000000003
-18.939999999999998
-11.439999999999998
-8.439999999999998
-21.439999999999998
-38.879999999999995
-50.56
-26.399999999999977
-70.20000000000005
-6.2000000000000455
-40.200000000000045
-51.200000000000045
-28.200000000000045
-36.200000000000045
-20.200000000000045
-31.200000000000045
-0.7999999999999545
-101.79999999999995
-61.80000000000001
-51.80000000000001
-25.80000000000001
-71.80000000000001
-50.06999999999999
-38.28
-41.879999999999995
-52.879999999999995
-51.879999999999995
-34.879999999999995
-40.879999999999995
-33.879999999999995
-72.88
-36.120000000000005
-43.120000000000005
-63.120000000000005
-6.720000000000027
-54.72000000000003
-23.720000000000027
-59.72000000000003
-27.720000000000027
-53.120000000000005
-34.91999999999996
-6.240000000000009
-58.75999999999999
-12.240000000000009
-38.079999999999984
-6.8799999999999955
-6.889999999999986
-18.0
-9.5
-16.5
-26.5
-9.0
-8.5
-7.0
-56.0
-66.51999999999998
-1.4800000000000182
-19.519999999999982
-126.0
-23.0
-33.04000000000002
-41.04000000000002
-64.04000000000002
-46.04000000000002
-16.0
-6.0
-2.0
-36.0
-50.0
-40.0
-43.5
-16.0
-38.5
-14.5
-7.5
-14.0
-11.5
-27.0
-52.0
-10.759999999999991
-22.75999999999999
-33.56
-49.56
-40.56
-43.56
-58.56
-34.56
-63.56
-26.560000000000002
-36.0
-36.0
-14.0
-20.0
-9.5
-20.5
-85.72000000000003
-115.92000000000002
-89.95999999999998
-43.95999999999998
-26.95999999999998
-46.95999999999998
-10.95999999999998
-111.95999999999998
-53.960000000000036
-52.960000000000036
-73.03999999999996
-11.039999999999964
-491.96000000000004
-4.039999999999964
-40.039999999999964
-46.039999999999964
-41.039999999999964
-26.039999999999964
-189.96000000000004
-41.960000000000036
-90.95999999999998
-45.95999999999998
-90.95999999999998
-78.86000000000001
-46.860000000000014
-8.0
-28.47999999999999
-48.48000000000002
-33.97999999999999
-80.97999999999999
-24.47999999999999
-11.0
-8.0
-24.0
-43.0
-30.0
-20.0
-13.0
-30.0
-23.0
-30.0
-61.0
-26.0
-41.0
-69.0
-52.0
-52.0
-59.44
-46.0
-7.0
-12.0
-16.0
-4.0
-6.0
-13.0
-7.0
-6.0
-30.0
-9.0
-57.0
-17.0
-45.0
-13.0
-15.0
-9.0
-2.0
-58.0
-36.0
-122.27999999999997
-46.27999999999997
-67.27999999999997
-54.0
-52.120000000000005
-12.0
-30.0
-22.0
-25.0
-13.0
-24.0
-21.0
-5.860000000000014
-14.0
-34.0
-8.0
-30.0
-0.0
-21.0
-8.639999999999986
-95.0
-52.0
-45.0
-7.0
-100.12
-19.0
-46.0
-9.0
-33.08000000000004
-3.0
-21.0
-57.0
-6.0
-56.0
-2.0
-27.0
-35.545000000000016
-19.0
-12.0
-13.0
-26.0
-2.0
-5.0
-28.0
-10.0
-17.0
-6.0
-42.0
-39.0
-24.0
-36.0
-3.0
-26.0
-9.0
-42.0
-16.0
-29.0
-2.0
-24.0
-4.0
-11.085000000000008
-2.0
-0.0
-5.0
-14.0
-6.0
-42.0
-19.0
-12.0
-28.0
-19.0
-16.0
-75.0
-60.0
-17.0
-0.0
-4.0
-48.0
-17.5
-5.0
-8.0
-13.0
-6.0
-1.0
-19.085000000000008
-7.0
-7.0
-14.0
-710.0
-13.0
-23.0
-27.0
-13.0
-4.0
-5.0
-30.0
-12.0
-31.0
-25.0
-15.0
-18.0
-0.0
-36.0
-27.0
-36.0
-35.0
-3.0
-460.0
-11.085000000000008
-20.0
-16.0
-9.0
-8.0
-11.0
-14.0
-10.0
-154.0
-51.0
-19.0
-76.0
-128.0
-0.0
-48.0
-0.0
-15.0
-28.0
-31.0
-111.0
-37.0
-47.0
-6.0
-23.0
-46.545000000000016
-5.5
-13.0
-25.0
-23.0
-14.0
-1.0
-4.0
-58.0
-15.0
-64.0
-70.0
-124.0
-33.24000000000001
-121.0
-75.0
-85.0
-85.0
-106.12
-117.0
-31.0
-29.879999999999995
-19.0
-11.0
-39.23000000000002
-5.5
-4.0
-13.0
-43.0
-9.0
-27.0
-3.0
-26.04000000000002
-14.039999999999964
-45.0
-124.0
-170.0
-63.0
-110.0
-59.0
-63.0
-39.0
-17.0
-24.120000000000005
-42.0
-23.0
-27.0
-24.0
-5.72999999999999
-5.5
-14.0
-9.0
-30.0
-17.0
-17.0
-44.0
-12.0
-17.0
-55.0
-93.0
-116.0
-74.0
-83.0
-42.0
-59.0
-43.960000000000036
-32.84000000000003
-69.15999999999997
-10.480000000000018
-4.0
-14.0
-14.0
-35.75999999999999
-5.5
-9.0
-3.0
-0.0
-2.0
-6.0
-5.0
-12.920000000000016
-28.0
-40.0
-44.120000000000005
-38.27999999999997
-47.27999999999997
-34.27999999999997
-2.2799999999999727
-36.0
-85.0
-1.8799999999999955
-10.0
-16.0
-12.0
-67.0
-4.0
-29.25
-5.5
-2.0
-456.0
-1.0
-19.0
-30.0
-3.0
-65.0
-17.0
-10.0
-7.0
-86.0
-2.0
-16.0
-54.0
-40.0
-28.0
-20.0
-121.0
-34.0
-2.0
-4.0
-8.0
-39.11500000000001
-9.0
-11.0
-3.0
-17.0
-6.5
-20.0
-23.0
-15.5
-10.0
-10.0
-9.0
-53.0
-16.0
-26.0
-41.0
-5.0
-27.0
-29.0
-47.0
-217.0
-31.0
-28.0
-18.0
-11.085000000000008
-19.0
-15.0
-16.0
-17.0
-24.0
-9.0
-11.0
-10.0
-8.0
-2.0
-48.0
-41.0
-36.0
-3.0
-10.0
-29.0
-44.0
-12.0
-47.0
-37.0
-32.5
-11.0
-19.0
-11.085000000000008
-31.0
-19.0
-29.0
-33.0
-9.0
-5.0
-4.0
-152.56
-76.55999999999995
-1.0
-90.0
-27.120000000000005
-2.0
-36.0
-13.0
-66.0
-14.0
-25.0
-358.0
-91.0
-0.0
-1.0
-4.0
-28.11500000000001
-7.0
-4.0
-7.0
-17.0
-25.0
-19.0
-32.0
-47.0
-43.0
-3.0
-31.0
-98.12
-0.0
-71.0
-3.0
-31.0
-10.0
-12.0
-74.0
-9.0
-2.0
-9.0
-14.0
-2.115000000000009
-7.5
-3.0
-14.0
-2.0
-4.0
-7.0
-2.0
-56.0
-4.0
-11.0
-58.0
-120.0
-7.0
-50.67999999999995
-13.67999999999995
-15.399999999999977
-29.440000000000055
-30.440000000000055
-22.439999999999998
-12.079999999999984
-13.800000000000011
-19.079999999999984
-4.5
-28.11500000000001
-7.5
-15.0
-18.5
-15.0
-0.0
-10.5
-8.0
-74.16000000000003
-37.15999999999997
-516.92
-43.0
-17.91999999999996
-11.919999999999959
-16.840000000000032
-28.960000000000036
-55.24000000000001
-23.24000000000001
-25.24000000000001
-47.879999999999995
-25.24000000000001
-24.360000000000014
-94.04000000000002
-23.0
-19.11500000000001
-7.5
-13.5
-7.5
-33.0
-18.0
-8.0
-19.0
-6.0
-2.0
-25.0
-41.0
-58.0
-14.0
-58.0
-18.0
-17.0
-6.0
-83.0
-59.0
-21.0
-31.0
-10.0
-2.0
-39.11500000000001
-25.5
-1.0
-3.0
-4.0
-5.0
-2.0
-10.0
-14.0
-3.0
-2.0
-28.0
-31.0
-9.0
-7.0
-12.0
-22.0
-25.5
-2.0
-13.0
-23.0
-10.0
-7.0
-8.0
-11.085000000000008
-9.5
-17.0
-8.0
-4.0
-26.0
-28.0
-16.0
-19.0
-12.0
-18.72
-1.5
-52.72000000000003
-42.72000000000003
-72.72
-27.720000000000027
-17.72
-11.5
-18.0
-27.0
-22.5
-10.5
-16.5
-11.0
-11.085000000000008
-22.5
-29.5
-12.0
-18.0
-31.0
-62.28
-19.279999999999973
-140.27999999999997
-6.720000000000027
-11.720000000000027
-18.720000000000027
-30.720000000000027
-17.120000000000005
-61.0
-13.0
-22.0
-15.0
-41.0
-97.0
-35.31999999999999
-31.80000000000001
-35.31999999999999
-18.0
-0.9799999999999898
-7.5
-12.0
-9.0
-10.5
-9.0
-3.0
-17.0
-25.0
-39.0
-21.0
-57.0
-2.0
-29.0
-31.0
-40.0
-19.0
-5.0
-11.0
-4.0
-52.0
-23.0
-71.0
-39.0
-38.45500000000001
-18.5
-19.0
-16.0
-7.0
-0.5
-6.5
-4.5
-70.0
-22.0
-17.0
-6.0
-85.0
-13.120000000000005
-14.0
-9.0
-58.0
-24.120000000000005
-22.0
-46.0
-76.0
-3.0
-76.0
-14.0
-1.9300000000000068
-8.0
-12.0
-4.0
-17.0
-10.0
-2.0
-2.0
-23.0
-413.0
-30.0
-55.0
-28.0
-51.0
-4.0
-8.0
-55.0
-21.0
-21.0
-69.08000000000004
-65.0
-27.0
-88.0
-2.0
-6.97999999999999
-29.0
-31.0
-8.0
-48.0
-30.5
-39.0
-0.0
-8.0
-32.0
-28.0
-36.08000000000004
-6.0
-1.0
-12.0
-19.0
-32.120000000000005
-59.0
-28.0
-62.0
-9.0
-16.0
-24.0
-36.0
-12.930000000000007
-25.5
-3.0
-5.0
-14.0
-1.0
-10.0
-8.0
-35.0
-399.0
-29.0
-7.0
-11.0
-36.0
-9.839999999999975
-3.839999999999975
-53.31999999999999
-16.5
-1.0
-43.0
-23.5
-6.5
-7.5
-3.0
-15.085000000000008
-5.5
-16.0
-17.5
-22.0
-10.0
-5.0
-10.0
-45.0
-26.0
-30.0
-10.0
-44.0
-1.0
-46.0
-31.419999999999987
-20.160000000000025
-5.5
-18.0
-6.0
-13.5
-30.5
-29.0
-21.0
-31.085000000000008
-1.0
-38.0
-50.0
-21.0
-8.0
-11.0
-3.0
-200.12
-6.039999999999964
-12.039999999999964
-38.0
-20.0
-9.0
-16.0
-51.0
-9.480000000000018
-49.48000000000002
-21.0
-70.0
-13.0
-12.0
-77.0
-0.0
-10.860000000000014
-2.0
-42.0
-13.0
-1.0
-19.0
-5.0
-50.0
-8.0
-47.0
-41.879999999999995
-52.0
-61.0
-2.0
-2.0
-8.0
-35.0
-100.0
-46.0
-57.879999999999995
-28.0
-10.0
-54.0
-16.0
-4.139999999999986
-9.0
-12.0
-4.0
-0.0
-17.0
-2.0
-27.0
-43.0
-50.0
-19.120000000000005
-39.0
-34.0
-29.0
-66.0
-46.879999999999995
-131.0
-169.0
-130.0
-49.0
-105.0
-50.0
-20.0
-5.0
-22.86500000000001
-35.0
-24.0
-20.0
-29.0
-51.0
-42.0
-35.0
-8.0
-9.0
-3.0
-19.0
-58.0
-37.0
-4.0
-63.0
-4.0
-14.0
-7.0
-18.0
-23.0
-2.0
-21.0
-1.0
-15.085000000000008
-16.0
-21.0
-4.0
-3.0
-2.0
-12.0
-2.0
-24.0
-2.0
-713.0
-12.0
-9.0
-28.0
-13.0
-4.0
-4.0
-466.0
-8.0
-12.0
-17.0
-22.0
-11.0
-12.0
-15.085000000000008
-1.0
-17.0
-4.0
-4.0
-5.0
-14.0
-25.0
-43.0
-2.0
-33.0
-13.0
-31.0
-14.0
-36.0
-9.0
-16.0
-4.0
-14.0
-23.0
-3.0
-26.0
-8.0
-17.0
-36.08500000000001
-2.5
-2.0
-15.0
-6.0
-19.0
-16.0
-13.0
-2.0
-4.0
-13.0
-8.0
-49.0
-15.0
-15.0
-7.0
-3.0
-13.0
-11.0
-39.0
-21.0
-38.0
-14.0
-15.0
-9.085000000000008
-2.0
-14.0
-2.0
-7.0
-8.0
-26.47999999999999
-7.5
-2.0
-12.0
-32.0
-1.0
-27.0
-10.0
-12.0
-27.0
-6.0
-32.0
-3.0
-28.0
-2.0
-1.0
-6.0
-20.0
-15.085000000000008
-12.0
-9.0
-0.0
-15.0
-21.0
-2.0
-12.0
-6.0
-36.0
-16.0
-5.0
-49.0
-31.0
-1.0
-3.0
-2.0
-7.0
-20.0
-38.0
-17.0
-3.0
-15.0
-7.0
-15.085000000000008
-19.0
-13.0
-7.0
-11.0
-20.0
-25.0
-12.0
-31.0
-26.0
-33.0
-7.0
-65.0
-8.0
-4.0
-24.0
-22.0
-25.0
-9.0
-18.0
-12.0
-25.5
-15.0
-8.0
-12.050000000000011
-5.0
-16.0
-20.0
-7.0
-9.0
-28.0
-10.0
-164.0
-2.0
-24.0
-15.0
-88.0
-23.0
-2.0
-4.0
-30.0
-15.0
-19.200000000000045
-50.0
-20.0
-39.0
-216.0
-2.0
-5.865000000000009
-21.0
-15.0
-4.0
-328.0
-10.0
-29.0
-23.0
-90.0
-77.0
-190.0
-135.08000000000004
-132.0
-38.0
-47.0
-18.0
-35.0
-20.0
-15.0
-92.0
-21.0
-3.0
-34.0
-2.0
-5.865000000000009
-26.0
-4.0
-1.0
-18.0
-6.0
-21.0
-24.0
-108.0
-34.0
-37.0
-48.0
-23.879999999999995
-63.0
-86.91999999999996
-84.0
-41.0
-29.0
-42.0
-44.0
-199.0
-18.0
-16.0
-40.0
-5.865000000000009
-41.0
-48.0
-7.0
-0.0
-13.0
-20.0
-6.0
-30.0
-31.0
-36.0
-11.0
-32.0
-20.0
-19.0
-17.0
-20.0
-7.0
-32.0
-8.0
-39.0
-28.0
-8.0
-12.0
-20.5
-3.0
-24.0
-3.0
-14.0
-16.0
-18.0
-2.0
-126.0
-41.0
-2.0
-48.0
-24.0
-21.0
-12.0
-15.0
-21.879999999999995
-28.0
-39.0
-42.0
-7.0
-11.0
-30.0
-26.0
-5.865000000000009
-398.0
-11.0
-6.0
-35.56
-36.56
-6.159999999999968
-13.0
-17.680000000000007
-75.5
-84.5
-42.5
-107.0
-47.0
-54.0
-38.48000000000005
-44.0
-6.0
-16.0
-36.0
-51.0
-81.0
-93.0
-14.0
-16.0
-31.0
-28.0
-11.0
-16.0
-20.0
-13.0
-14.0
-48.620000000000005
-38.5
-47.5
-16.5
-47.0
-15.0
-28.0
-14.480000000000047
-18.0
-20.0
-47.0
-23.0
-71.5
-33.5
-67.5
-21.5
-59.5
-28.5
-11.5
-46.0
-2.0
-6.0
-2.0
-4.0
-22.620000000000005
-21.5
-15.0
-26.0
-6.5
-10.5
-14.5
-5.0
-103.72000000000003
-210.68
-120.67999999999995
-91.32000000000005
-18.32000000000005
-0.32000000000005
-32.67999999999995
-29.67999999999995
-6.32000000000005
-7.67999999999995
-16.67999999999995
-76.32
-1.6800000000000068
-51.31999999999999
-0.6800000000000068
-14.680000000000007
-8.319999999999993
-12.5
-22.0
-11.0
-12.5
-15.5
-9.5
-347.0
-79.51999999999998
-189.48000000000002
-5.480000000000018
-30.519999999999982
-53.48000000000002
-0.5199999999999818
-38.51999999999998
-32.51999999999998
-17.519999999999982
-10.519999999999982
-39.51999999999998
-25.480000000000018
-57.48000000000002
-39.51999999999998
-11.480000000000018
-4.840000000000003
-0.6800000000000068
-12.5
-10.0
-1.0
-12.5
-9.5
-9.5
-9.0
-52.0
-196.0
-44.0
-106.0
-8.0
-15.0
-55.0
-74.0
-81.0
-16.0
-52.0
-260.0
-14.0
-54.0
-5.0
-5.0
-0.6800000000000068
-14.0
-8.0
-6.0
-29.0
-13.0
-27.0
-24.0
-28.0
-14.0
-204.0
-91.0
-20.0
-67.0
-12.0
-3.0
-8.0
-54.0
-49.0
-6.0
-80.0
-9.0
-13.0
-15.0
-17.680000000000007
-5.0
-5.0
-12.0
-16.0
-11.0
-19.0
-11.0
-58.0
-60.0
-52.0
-128.0
-31.0
-68.0
-5.0
-30.440000000000055
-68.44000000000005
-45.0
-63.0
-86.0
-30.0
-18.0
-70.0
-45.0
-56.120000000000005
-66.0
-39.0
-34.0
-22.0
-33.0
-46.0
-31.0
-42.0
-5.0
-61.0
-34.0
-44.0
-19.0
-21.0
-51.0
-41.0
-55.0
-24.0
-11.0
-24.0
-19.0
-20.0
-3.0
-11.620000000000005
-14.0
-7.0
-3.0
-14.0
-10.0
-11.0
-3.0
-29.0
-22.0
-10.0
-17.0
-5.0
-28.0
-65.0
-3.0
-66.0
-17.0
-3.0
-27.0
-14.0
-7.0
-20.0
-3.0
-21.090000000000003
-7.0
-19.0
-7.0
-13.0
-7.0
-10.0
-25.0
-120.0
-46.0
-40.0
-46.0
-27.0
-44.0
-102.0
-44.0
-31.0
-12.0
-34.0
-28.0
-26.0
-52.0
-18.0
-0.0
-24.590000000000003
-20.0
-15.0
-26.0
-19.0
-37.0
-22.0
-7.0
-120.0
-58.0
-9.0
-9.0
-67.0
-27.0
-19.0
-8.0
-7.0
-33.0
-39.0
-51.0
-146.0
-18.0
-32.0
-9.0
-24.590000000000003
-2.0
-11.0
-17.0
-25.0
-7.0
-18.0
-10.0
-53.0
-62.0
-7.0
-41.0
-44.0
-3.0
-46.0
-30.0
-6.0
-44.0
-61.0
-47.0
-17.0
-21.0
-10.0
-14.0
-8.939999999999998
-0.0
-5.0
-0.0
-19.0
-29.0
-12.0
-10.0
-350.0
-45.0
-28.0
-34.0
-42.0
-52.0
-47.0
-34.0
-21.0
-25.0
-93.0
-68.0
-2.0
-1.0
-8.0
-14.0
-7.384999999999991
-24.0
-10.0
-15.0
-26.0
-13.0
-32.0
-6.0
-19.0
-75.0
-48.0
-35.0
-30.0
-36.0
-4.0
-18.0
-61.0
-15.0
-45.0
-27.0
-9.0
-33.0
-40.0
-10.0
-22.38499999999999
-44.0
-40.0
-39.0
-46.0
-52.0
-14.0
-26.0
-26.0
-22.0
-34.0
-5.0
-41.56
-10.560000000000002
-48.0
-50.0
-32.0
-84.0
-21.0
-18.0
-2.0
-4.0
-32.0
-3.0
-24.085000000000008
-7.0
-19.0
-3.0
-24.0
-13.0
-38.0
-15.0
-27.0
-37.0
-24.0
-6.0
-28.0
-4.0
-33.5
-34.51999999999998
-8.0
-9.0
-29.0
-6.0
-30.0
-13.0
-7.0
-21.0
-7.085000000000008
-1.0
-7.0
-10.0
-4.0
-1.0
-13.0
-22.0
-91.0
-50.0
-31.0
-54.440000000000055
-15.559999999999945
-41.0
-9.0
-21.0
-1.0
-13.0
-46.0
-78.0
-46.0
-21.0
-26.0
-1.0
-45.38499999999999
-23.0
-26.0
-26.0
-19.0
-37.0
-28.0
-3.0
-30.0
-53.0
-9.0
-78.0
-45.0
-38.440000000000055
-5.559999999999945
-43.0
-1.0
-10.0
-34.0
-25.0
-92.0
-11.0
-25.0
-0.0
-7.384999999999991
-6.0
-18.0
-14.0
-7.0
-29.0
-12.0
-0.0
-28.0
-17.0
-32.0
-21.0
-55.0
-11.0
-6.0
-14.0
-11.0
-48.0
-52.0
-85.0
-26.0
-19.0
-41.0
-16.0
-7.384999999999991
-17.0
-2.0
-17.0
-14.0
-6.0
-18.0
-10.0
-7.0
-4.0
-1.0
-11.0
-95.0
-1.0
-20.0
-47.0
-21.0
-34.0
-47.0
-16.0
-52.0
-15.0
-42.0
-9.0
-22.38499999999999
-14.0
-26.0
-13.0
-22.0
-13.0
-26.0
-12.0
-117.0
-47.0
-17.0
-13.0
-132.03999999999996
-73.03999999999996
-14.960000000000036
-3.9600000000000364
-14.039999999999964
-27.039999999999964
-110.96000000000004
-19.04000000000002
-50.04000000000002
-18.04000000000002
-2.5
-14.5
-33.38499999999999
-24.0
-43.17500000000001
-48.68000000000001
-20.0
-40.67500000000001
-26.180000000000007
-26.680000000000007
-12.5
-7.5
-29.960000000000008
-9.95999999999998
-19.0
-42.0
-11.0
-52.0
-9.0
-57.0
-7.0
-13.0
-18.0
-7.0
-9.0
-24.0
-7.085000000000008
-19.0
-19.349999999999994
-8.360000000000014
-23.0
-33.349999999999994
-26.360000000000014
-34.360000000000014
-24.5
-17.5
-50.48000000000002
-49.98000000000002
-35.5
-97.0
-11.0
-24.0
-20.0
-3.0
-5.0
-13.0
-4.0
-34.0
-0.0
-17.0
-27.080000000000013
-32.96000000000001
-30.0
-14.0
-28.0
-33.0
-33.0
-1.0
-103.0
-45.0
-60.0
-107.0
-15.0
-64.0
-61.0
-81.0
-63.0
-54.0
-37.0
-14.0
-9.0
-48.0
-21.0
-3.0
-44.38499999999999
-27.47999999999999
-13.0
-10.0
-6.0
-23.0
-3.0
-14.0
-126.0
-63.0
-49.0
-50.0
-11.0
-29.0
-5.0
-8.0
-0.0
-20.0
-70.0
-52.0
-3.0
-18.0
-12.0
-21.0
-22.38499999999999
-2.0
-24.0
-30.0
-45.0
-39.0
-43.0
-9.0
-9.0
-27.0
-15.0
-14.0
-37.0
-1.0
-27.0
-11.0
-31.0
-3.0
-42.0
-1.0
-17.0
-16.0
-5.0
-2.0
-24.38499999999999
-16.0
-6.0
-1.0
-22.0
-21.0
-1.0
-11.0
-16.0
-47.0
-25.0
-12.0
-21.0
-14.0
-34.0
-50.0
-5.0
-22.0
-43.0
-20.0
-3.0
-17.0
-10.0
-18.0
-7.384999999999991
-30.0
-6.0
-0.0
-2.0
-4.0
-11.0
-2.0
-26.0
-23.0
-18.0
-7.0
-16.0
-26.0
-31.0
-18.0
-17.0
-45.0
-80.0
-64.0
-38.0
-32.0
-56.0
-13.0
-7.384999999999991
-6.0
-14.0
-10.0
-14.0
-21.0
-25.0
-28.0
-6.0
-45.0
-20.0
-68.0
-16.0
-44.0
-32.0
-41.0
-3.7200000000000273
-6.279999999999973
-51.80000000000001
-9.800000000000011
-15.5
-5.0
-2.0
-6.0
-19.610000000000014
-9.0
-22.0
-16.0
-11.0
-4.0
-34.0
-28.0
-10.0
-8.0
-40.0
-24.439999999999998
-36.44
-48.44
-8.439999999999998
-78.44
-56.44
-63.44
-13.0
-16.0
-27.0
-17.0
-1.0
-4.0
-7.610000000000014
-23.0
-23.0
-9.0
-0.0
-14.0
-300.0
-9.0
-97.0
-107.0
-92.0
-57.0
-8.0
-24.0
-44.0
-7.0
-11.0
-16.0
-20.0
-27.0
-26.0
-21.0
-44.0
-13.0
-24.38499999999999
-19.0
-10.0
-5.0
-27.0
-7.0
-15.0
-17.5
-19.519999999999982
-12.0
-30.0
-4.0
-18.0
-14.0
-26.0
-17.0
-23.0
-26.0
-41.0
-14.0
-24.0
-67.0
-3.0
-2.0
-7.384999999999991
-8.0
-9.0
-1.0
-10.0
-2.0
-22.0
-24.0
-22.0
-89.0
-36.0
-22.0
-21.0
-18.0
-34.0
-5.0
-3.0
-29.0
-48.0
-3.0
-48.0
-1.0
-4.0
-42.0
-22.38499999999999
-198.07999999999998
-196.07999999999998
-192.07999999999998
-195.07999999999998
-195.07999999999998
-19.079999999999984
-204.07999999999998
-12.079999999999984
-158.91999999999996
-52.84000000000003
-56.84000000000003
-13.080000000000041
-241.91999999999996
-26.91999999999996
-260.0
-22.159999999999968
-258.15999999999997
-108.0
-17.0
-45.0
-6.0
-21.0
-36.0
-125.38499999999999
-293.0
-12.0
-1.0
-30.0
-0.0
-28.0
-3.0
-177.0
-17.0
-18.0
-20.0
-24.0
-27.0
-20.0
-5.0
-0.0
-0.0
-30.0
-40.0
-42.0
-45.0
-10.0
-51.0
-12.615000000000009
-28.0
-12.0
-27.0
-26.0
-17.0
-33.0
-31.0
-14.0
-3.0
-13.0
-27.0
-35.0
-18.0
-32.0
-50.0
-34.0
-36.0
-31.0
-22.0
-13.0
-22.0
-9.0
-28.0
-35.610000000000014
-16.0
-19.0
-10.0
-8.0
-17.0
-8.0
-4.0
-43.5
-13.5
-27.0
-38.0
-4.0
-48.0
-56.0
-2.0
-22.0
-26.0
-28.0
-64.0
-5.0
-16.0
-13.0
-2.0
-19.610000000000014
-2.0
-19.0
-8.0
-12.0
-32.0
-8.0
-8.0
-132.0
-44.0
-20.0
-30.0
-64.0
-66.0
-19.0
-7.0
-12.0
-6.0
-34.0
-28.0
-1.0
-7.0
-20.0
-27.0
-33.38499999999999
-5.0
-11.0
-16.0
-2.0
-21.0
-3.0
-4.0
-80.0
-44.0
-33.0
-22.0
-63.0
-17.0
-21.0
-34.0
-17.0
-11.0
-52.0
-12.0
-17.0
-22.0
-1.0
-21.0
-12.615000000000009
-25.5
-2.5
-15.0
-11.5
-15.5
-15.0
-4.0
-114.0
-229.0
-39.0
-41.0
-61.0
-19.0
-24.0
-24.0
-16.91999999999996
-1.919999999999959
-50.0
-21.0
-13.0
-5.0
-14.0
-22.0
-4.615000000000009
-54.5
-2.0
-28.0
-28.0
-17.0
-25.0
-12.0
-112.0
-25.0
-32.0
-70.0
-63.0
-44.0
-11.0
-11.0
-5.0
-3.0
-91.0
-75.0
-19.0
-16.0
-11.0
-45.0
-24.38499999999999
-11.5
-29.0
-31.0
-456.0
-32.0
-35.0
-18.0
-85.0
-176.0
-77.0
-19.0
-758.0
-30.0
-23.0
-29.0
-13.0
-8.0
-17.0
-25.0
-12.0
-13.0
-23.5
-5.0
-19.0
-16.0
-8.0
-6.0
-11.0
-59.0
-17.139999999999986
-21.0
-63.0
-37.0
-62.0
-55.0
-20.5
-15.0
-22.0
-11.919999999999987
-7.0800000000000125
-32.0
-16.0
-8.0
-8.0
-37.0
-16.0
-16.0
-36.0
-5.0
-16.0
-23.0
-3.0
-4.0
-15.099999999999994
-27.0
-48.0
-38.0
-44.0
-36.0
-48.0
-48.0
-57.0
-43.0
-20.0
-3.0
-31.0
-27.0
-5.0
-2.0
-31.0
-20.0
-5.0
-19.0
-17.0
-57.0
-41.0
-46.0
-11.180000000000007
-10.5
-38.0
-24.0
-27.0
-28.0
-46.0
-30.5
-33.0
-35.0
-14.0
-4.0
-67.0
-60.0
-42.0
-1.0
-12.0
-8.0
-2.0
-14.5
-29.919999999999987
-15.0
-5.0
-17.0
-6.1299999999999955
-52.0
-51.0
-45.0
-47.0
-54.0
-50.0
-3.0
-58.5
-79.44
-82.0
-158.0
-120.0
-108.0
-45.0
-71.0
-60.0
-61.0
-54.0
-62.0
-79.0
-71.0
-45.0
-29.0
-31.110000000000014
-7.0
-29.0
-18.0
-12.0
-61.0
-14.0
-55.0
-35.0
-143.0
-43.0
-79.0
-68.0
-134.0
-72.0
-84.0
-60.0
-90.0
-72.0
-122.0
-93.0
-52.0
-52.0
-21.0
-48.110000000000014
-2.0
-15.0
-1.0
-7.0
-62.0
-12.960000000000008
-21.0
-59.0
-52.0
-29.799999999999955
-17.600000000000023
-74.60000000000002
-123.60000000000002
-50.60000000000002
-73.60000000000002
-62.799999999999955
-81.79999999999995
-38.799999999999955
-46.80000000000001
-19.80000000000001
-9.199999999999989
-3.680000000000007
-16.0
-73.11000000000001
-28.5
-49.47999999999999
-33.5
-38.0
-47.0
-14.0
-18.0
-50.0
-241.0
-44.0
-21.0
-60.0
-62.0
-4.0
-5.0
-24.0
-54.0
-143.0
-36.0
-67.0
-13.0
-40.0
-1.0
-36.110000000000014
-19.0
-8.0
-4.0
-5.0
-13.0
-5.0
-37.0
-30.0
-132.0
-61.75999999999999
-12.759999999999991
-92.75999999999999
-86.75999999999999
-44.0
-30.159999999999968
-67.15999999999997
-48.15999999999997
-164.15999999999997
-51.160000000000025
-1.160000000000025
-52.0
-67.0
-21.0
-36.110000000000014
-24.0
-8.0
-25.0
-18.0
-26.0
-3.0
-36.0
-162.0
-72.0
-10.0
-48.0
-35.48000000000002
-63.48000000000002
-6.0
-38.0
-20.0
-39.0
-55.0
-56.0
-64.0
-24.0
-0.0
-17.0
-88.11000000000001
-10.0
-13.47999999999999
-2.5
-7.0
-8.0
-6.0
-19.0
-54.0
-89.0
-6.0
-5.0
-28.0
-53.0
-16.0
-31.0
-37.0
-39.0
-11.0
-88.0
-25.0
-8.0
-3.0
-13.0
-88.11000000000001
-42.0
-45.0
-60.0
-26.0
-7.0
-7.0
-41.0
-53.0
-30.620000000000005
-5.0
-46.0
-41.0
-21.5
-18.5
-23.0
-0.0
-5.0
-3.0
-11.0
-25.0
-3.0
-5.0
-9.0
-26.639999999999986
-13.0
-12.0
-18.0
-2.0
-15.0
-25.47999999999999
-27.5
-23.24000000000001
-58.24000000000001
-60.5
-33.0
-31.5
-4.5
-13.5
-16.0
-2.0
-37.0
-1.0
-6.0
-4.0
-4.0
-4.0
-20.0
-43.639999999999986
-16.0
-26.0
-12.0
-34.0
-7.5
-16.0
-26.0
-129.0
-109.0
-126.0
-145.0
-56.0
-64.0
-89.0
-50.0
-56.0
-27.0
-7.0
-72.0
-34.0
-4.0
-12.0
-26.0
-88.11000000000001
-34.06
-52.5
-8.0
-24.0
-7.5
-8.5
-11.5
-70.60000000000002
-87.39999999999998
-57.39999999999998
-53.39999999999998
-123.39999999999998
-148.39999999999998
-61.39999999999998
-6.600000000000023
-22.399999999999977
-44.39999999999998
-89.60000000000002
-0.6000000000000227
-26.600000000000023
-25.600000000000023
-48.60000000000002
-1.0
-88.11000000000001
-0.12000000000000455
-3.0
-4.0
-14.0
-7.0
-9.0
-5.0
-32.0
-67.0
-21.0
-55.0
-19.0
-23.0
-31.0
-19.0
-607.0
-20.0
-31.0
-13.0
-83.0
-4.0
-2.0
-27.0
-88.11000000000001
-10.560000000000002
-7.0
-3.0
-7.0
-9.0
-16.5
-12.0
-102.0
-92.0
-10.0
-11.0
-107.0
-21.0
-38.0
-12.0
-6.0
-15.0
-17.0
-20.0
-65.0
-17.0
-0.0
-40.0
-36.110000000000014
-10.560000000000002
-16.0
-11.0
-3.0
-2.0
-16.5
-17.0
-54.0
-70.0
-15.0
-26.0
-14.0
-26.0
-19.0
-44.0
-47.0
-44.0
-2.0
-25.0
-85.0
-3.0
-37.0
-27.0
-36.110000000000014
-8.0
-19.0
-5.0
-16.0
-19.0
-22.0
-42.0
-48.0
-6.0
-26.0
-60.0
-8.0
-18.0
-5.0
-53.56
-39.56
-42.0
-9.0
-23.0
-34.0
-3.0
-7.0
-10.0
-45.150000000000006
-10.0
-39.0
-43.0
-16.0
-33.0
-57.0
-22.0
-59.0
-41.0
-20.0
-10.0
-43.0
-1.0
-24.0
-10.0
-15.0
-17.0
-2.0
-36.0
-32.5
-18.0
-43.0
-34.0
-46.63499999999999
-33.0
-21.0
-19.0
-32.0
-17.0
-36.0
-0.0
-50.0
-45.0
-127.0
-131.0
-62.0
-56.0
-83.0
-4.0
-31.0
-97.0
-0.0
-23.0
-13.0
-28.0
-2.0
-43.0
-36.110000000000014
-4.0
-1.0
-9.0
-6.0
-13.0
-13.0
-5.0
-65.0
-86.0
-24.0
-111.0
-17.0
-45.0
-35.0
-16.0
-2.0
-17.0
-35.0
-14.0
-327.0
-66.0
-21.0
-27.0
-88.11000000000001
-14.0
-6.0
-9.0
-15.0
-291.0
-15.0
-0.0
-59.0
-96.0
-11.0
-70.0
-77.0
-2.0
-53.0
-73.0
-3.0
-4.0
-0.0
-22.0
-16.0
-22.0
-25.0
-35.0
-105.11000000000001
-7.0
-7.0
-9.0
-18.0
-5.0
-8.0
-18.0
-25.0
-58.0
-18.91999999999996
-7.080000000000041
-9.0
-13.0
-8.0
-52.0
-61.0
-21.0
-21.0
-50.0
-78.0
-62.0
-7.0
-18.0
-105.11000000000001
-0.0
-1.0
-22.0
-2.0
-4.0
-4.0
-10.0
-67.0
-81.0
-7.0
-16.0
-124.0
-52.0
-2.4400000000000546
-25.559999999999945
-4.0
-41.0
-17.0
-466.0
-59.0
-104.0
-37.0
-10.0
-36.110000000000014
-5.0
-5.0
-21.0
-3.0
-27.0
-12.0
-41.0
-36.0
-35.0
-4.0
-17.0
-2.0
-45.0
-5.0
-17.0
-25.0
-13.0
-38.0
-6.0
-40.0
-33.0
-9.0
-13.0
-14.879999999999995
-4.0
-8.0
-11.0
-20.0
-24.0
-10.0
-34.0
-51.0
-0.0
-16.0
-22.0
-70.0
-13.0
-1.0
-286.0
-21.0
-18.0
-6.0
-26.0
-4.0
-9.0
-9.0
-3.0
-3.1200000000000045
-14.0
-3.0
-56.0
-52.0
-52.0
-58.0
-40.0
-64.0
-172.0
-136.03999999999996
-139.96000000000004
-100.0
-187.0
-118.0
-14.0
-24.0
-21.0
-8.0
-23.0
-47.0
-8.0
-16.0
-7.0
-51.0
-31.0
-10.0
-4.0
-70.0
-13.0
-1.0
-21.0
-29.0
-14.0
-20.0
-5.0
-4.0
-9.0
-9.0
-3.0
-3.1200000000000045
-14.0
-3.0
-11.0
-7.0
-21.0
-27.0
-9.0
-77.0
-172.0
-15.960000000000036
-139.96000000000004
-100.0
-60.0
-15.0
-14.0
-24.0
-24.0
-12.0
-23.0
-44.0
-8.0
-16.0
-19.0
-136.32
-81.32
-17.680000000000007
-50.67999999999995
-21.0
-52.0
-8.879999999999995
-106.0
-80.0
-41.0
-21.0
-54.0
-527.0
-73.0
-12.0
-20.879999999999995
-22.0
-28.0
-40.94999999999999
-6.0
-20.0
-50.0
-57.0
-50.0
-42.0
-51.0
-58.0
-55.0
-40.0
-31.0
-20.0
-42.0
-29.120000000000005
-51.0
-39.0
-23.0
-70.0
-331.0
-23.0
-89.0
-43.0
-22.0
-0.9300000000000068
-27.0
-46.0
-65.0
-81.0
-78.0
-52.0
-27.0
-20.0
-35.08000000000004
-53.0
-38.0
-4.0
-17.879999999999995
-26.0
-31.0
-41.0
-9.879999999999995
-58.0
-264.0
-36.0
-89.0
-26.0
-18.0
-38.889999999999986
-6.0
-9.0
-27.0
-27.0
-14.0
-25.0
-11.0
-45.0
-0.0
-55.0
-6.0
-4.0
-13.0
-38.0
-18.0
-9.0
-7.0
-14.0
-12.0
-20.0
-3.0
-13.0
-12.0
-43.09
-7.0
-7.0
-3.0
-30.0
-1.0
-0.0
-6.0
-10.0
-44.5
-53.0
-7.0
-47.0
-17.0
-13.0
-1.0
-8.0
-42.0
-23.0
-55.0
-15.0
-30.0
-24.0
-18.0
-48.09
-22.0
-20.0
-2.0
-10.0
-9.0
-32.0
-5.0
-132.0
-2.0
-47.0
-61.0
-101.0
-3.0
-70.0
-53.0
-49.0
-34.0
-93.0
-110.0
-25.0
-26.0
-2.1200000000000045
-5.0
-52.889999999999986
-16.0
-30.0
-46.0
-62.0
-41.0
-3.0
-7.0
-31.0
-31.0
-69.12
-11.799999999999955
-13.200000000000045
-85.20000000000005
-36.200000000000045
-64.20000000000005
-50.0
-77.0
-74.0
-108.0
-55.0
-45.0
-21.0
-54.0
-19.850000000000023
-24.0
-22.0
-61.0
-10.0
-56.0
-6.0
-13.0
-37.0
-42.0
-36.0
-10.0
-8.0
-68.0
-132.0
-46.120000000000005
-15.0
-30.08000000000004
-33.0
-48.0
-18.0
-8.0
-51.0
-35.0
-14.930000000000007
-69.0
-57.0
-48.0
-48.0
-42.0
-36.0
-31.0
-50.0
-18.0
-45.0
-12.879999999999995
-60.0
-17.0
-31.08000000000004
-52.0
-43.0
-83.0
-78.0
-216.0
-48.0
-32.0
-17.0
-43.31999999999999
-54.670000000000016
-27.0
-44.0
-30.0
-44.0
-24.0
-21.0
-8.0
-27.0
-10.0
-2.8799999999999955
-11.0
-15.0
-18.0
-83.0
-77.0
-94.0
-42.0
-40.120000000000005
-61.0
-13.0
-56.0
-20.0
-16.0
-0.8400000000000034
-40.0
-18.0
-19.0
-2.0
-21.0
-1.0
-2.0
-12.0
-27.0
-43.0
-25.0
-72.0
-28.0
-11.0
-48.0
-51.0
-34.0
-47.0
-620.0
-51.0
-18.0
-5.0
-4.0
-6.090000000000003
-2.0
-31.5
-32.5
-41.0
-27.0
-56.0
-99.0
-67.0
-27.0
-9.0
-24.0
-24.0
-2.0
-24.0
-27.0
-1.0
-16.0
-4.0
-3.0
-19.0
-3.0
-26.0
-6.0
-62.91
-62.0
-1.0
-13.0
-40.0
-43.0
-16.0
-19.0
-86.0
-27.0
-86.0
-64.11000000000001
-31.0
-24.0
-12.0
-27.91999999999996
-16.0
-53.0
-50.0
-74.0
-40.879999999999995
-51.0
-0.0
-44.0
-26.88499999999999
-9.0
-9.0
-31.0
-3.0
-53.0
-2.0
-42.0
-22.0
-79.0
-115.0
-31.120000000000005
-27.0
-78.0
-169.0
-140.0
-146.08000000000004
-102.0
-78.0
-143.12
-38.0
-26.0
-15.0
-20.0
-0.8849999999999909
-15.0
-39.0
-41.0
-33.0
-34.0
-39.0
-9.0
-173.0
-31.0
-1.0
-10.0
-15.0
-23.0
-35.0
-41.0
-54.0
-43.0
-61.0
-93.0
-11.0
-12.0
-29.0
-4.0
-0.9300000000000068
-10.0
-31.0
-39.0
-29.0
-12.0
-26.0
-20.0
-176.0
-13.0
-6.0
-9.0
-4.0
-11.120000000000005
-3.0
-32.0
-26.0
-15.0
-32.0
-59.0
-70.0
-27.0
-58.0
-1.0
-1.0800000000000125
-5.0
-51.0
-35.0
-22.0
-13.0
-27.0
-28.0
-189.0
-6.0
-14.0
-33.879999999999995
-32.879999999999995
-6.0
-3.0
-15.0
-1.1200000000000045
-18.0
-9.0
-15.0
-88.0
-52.0
-12.0
-9.0
-15.925000000000011
-5.0
-35.0
-0.0
-32.0
-4.0
-20.0
-6.0
-37.0
-33.0
-39.0
-3.0
-7.0
-48.0
-44.0
-26.0
-47.0
-43.0
-7.0
-29.0
-1.0
-15.0
-5.0
-8.0
-6.090000000000003
-10.0
-1.0
-0.0
-4.0
-5.0
-8.0
-53.0
-30.0
-43.0
-31.0
-56.0
-2.0
-7.0
-25.0
-11.0
-32.0
-22.0
-2.0
-25.0
-31.0
-18.0
-15.0
-2.0
-6.090000000000003
-6.0
-1.0
-13.0
-9.0
-2.0
-12.0
-23.0
-170.0
-32.0
-24.0
-78.0
-80.0
-69.0
-89.0
-86.0
-46.0
-75.0
-109.0
-66.0
-55.0
-1.0
-104.0
-6.0
-2.930000000000007
-41.0
-30.0
-48.0
-33.0
-126.0
-24.0
-29.0
-20.0
-27.0
-30.0
-68.0
-49.0
-15.0
-39.0
-231.12
-9.120000000000005
-39.0
-54.0
-17.0
-83.0
-34.0
-26.0
-14.0
-2.865000000000009
-0.0
-17.0
-8.0
-16.0
-12.0
-5.0
-13.0
-53.0
-12.0
-61.0
-31.0
-51.0
-29.0
-4.0
-59.0
-34.0
-7.1200000000000045
-13.0
-3.0
-87.0
-2.0
-13.0
-13.0
-2.8000000000000114
-52.0
-19.0
-15.0
-16.0
-35.0
-15.0
-11.0
-65.0
-15.0
-1.0
-29.0
-18.879999999999995
-3.0
-86.0
-3.0
-16.0
-51.0
-31.0
-40.0
-14.0
-70.0
-16.0
-9.0
-42.17500000000001
-9.0
-18.0
-26.0
-6.0
-10.0
-20.0
-3.0
-60.0
-35.0
-35.0
-67.0
-23.0
-63.0
-53.0
-24.0
-90.0
-151.0
-21.0
-3.0
-31.0
-24.0
-27.0
-57.0
-11.175000000000011
-12.0
-9.0
-10.0
-22.0
-7.0
-22.0
-28.0
-126.0
-1.0
-11.0
-13.0
-24.0
-16.0
-20.0
-25.0
-4.0
-0.0
-10.0
-10.0
-10.0
-12.0
-17.0
-28.0
-10.090000000000003
-20.0
-16.0
-0.0
-5.0
-14.0
-16.0
-8.0
-112.0
-272.0
-73.0
-218.0
-352.0
-112.0
-112.0
-120.0
-141.0
-163.0
-128.0
-86.0
-82.0
-38.0
-9.0
-7.0
-31.82499999999999
-23.0
-29.0
-24.0
-32.0
-22.0
-39.0
-8.0
-30.0
-64.0
-155.0
-111.0
-91.0
-133.0
-83.0
-83.0
-41.200000000000045
-137.20000000000005
-141.0
-77.0
-43.0
-31.0
-30.0
-34.0
-17.82499999999999
-15.0
-16.0
-13.0
-28.0
-21.0
-4.0
-5.0
-53.0
-25.0
-204.0
-206.0
-223.0
-260.0
-101.0
-59.0
-26.0
-16.0
-45.0
-21.0
-30.0
-25.0
-12.0
-29.0
-27.150000000000006
-23.0
-48.0
-17.0
-50.0
-46.0
-57.0
-15.0
-70.0
-53.0
-3.0
-16.0
-5.0
-4.0
-17.0
-9.0
-7.0
-3.0
-5.0
-6.0
-28.0
-3.0
-11.0
-20.0
-7.860000000000014
-25.0
-14.0
-1.0
-24.0
-13.0
-9.0
-6.0
-21.0
-14.0
-4.0
-6.0
-18.0
-5.0
-5.0
-0.0
-5.0
-4.0
-4.0
-11.0
-26.0
-18.0
-12.0
-20.0
-1.8600000000000136
-16.0
-19.0
-6.0
-11.0
-1.0
-4.0
-2.0
-1.0
-3.0
-1.0
-4.0
-10.0
-13.0
-3.0
-0.5
-14.5
-4.0
-17.0
-16.0
-12.0
-23.0
-11.0
-19.0
-1.8600000000000136
-2.0
-6.5
-7.0
-14.0
-6.5
-11.0
-24.0
-3.0
-30.0
-78.0
-13.0
-8.0
-5.0
-15.0
-1.0
-24.0
-4.0
-8.0
-9.0
-17.0
-20.0
-10.0
-17.0
-0.8600000000000136
-14.0
-6.0
-9.0
-16.0
-19.0
-1.0
-1.0
-14.0
-2.0
-17.0
-1.0
-17.0
-4.0
-10.0
-14.0
-11.0
-4.0
-4.0
-18.0
-1.0
-24.0
-4.0
-16.0
-1.1200000000000045
-23.0
-20.0
-0.0
-34.0
-7.0
-9.0
-17.0
-15.0
-9.0
-6.0
-9.5
-20.0
-18.0
-14.0
-3.0
-3.0
-58.0
-6.0
-11.0
-2.0
-1.0
-4.0
-7.0
-11.074999999999989
-14.0
-4.0
-16.0
-2.0
-4.0
-5.0
-11.0
-3.0
-2.0
-41.0
-23.0
-19.0
-18.0
-29.0
-23.0
-10.0
-30.0
-15.0
-31.0
-20.0
-28.0
-2.0
-12.0
-2.9250000000000114
-3.0
-2.0
-28.0
-7.0
-16.0
-1.0
-13.0
-105.0
-338.0
-260.0
-442.0
-320.0
-36.0
-66.0
-113.0
-255.0
-20.0
-109.0
-0.0
-15.0
-22.0
-36.0
-36.0
-20.035000000000025
-40.0
-22.0
-19.0
-21.0
-53.0
-42.0
-36.0
-76.0
-25.0
-104.0
-2.0
-36.0
-1.0
-73.12
-58.0
-41.0
-23.0
-55.0
-18.0
-31.0
-3.0
-6.0
-47.0
-4.964999999999975
-3.0
-2.0
-7.0
-23.0
-25.0
-51.0
-2.0
-9.0
-133.0
-44.0
-50.0
-1.0
-32.0
-12.0
-0.0
-37.0
-60.0
-22.0
-50.0
-37.0
-7.0
-33.0
-20.0
-5.964999999999975
-2.0
-1.0
-0.0
-1.0
-18.0
-2.0
-6.0
-682.0
-1.0
-134.88
-88.0
-54.0
-60.0
-387.0
-68.0
-88.0
-40.0
-63.0
-84.0
-47.0
-48.0
-21.0
-5.0
-5.964999999999975
-10.0
-10.0
-4.0
-41.0
-18.0
-2.0
-30.0
-122.0
-2.0
-1.0
-25.0
-27.0
-61.0
-16.0
-5.0
-2.0
-64.84
-34.0
-63.0
-18.0
-4.0
-11.0
-19.0
-42.07499999999999
-1.0
-0.0
-6.0
-1.0
-34.0
-5.5
-12.0
-105.0
-77.15999999999997
-24.840000000000032
-8.159999999999968
-127.15999999999997
-3.159999999999968
-54.27999999999997
-23.159999999999968
-24.159999999999968
-3.159999999999968
-280.15999999999997
-90.15999999999997
-26.839999999999975
-23.839999999999975
-5.160000000000025
-24.0
-5.964999999999975
-11.0
-1.0
-13.0
-19.0
-40.0
-1.0
-4.0
-55.0
-43.0
-70.0
-22.0
-6.0
-21.91999999999996
-43.0
-31.0
-56.0
-44.0
-41.0
-37.0
-5.920000000000016
-30.0
-36.0
-6.430000000000007
-14.0
-14.0
-23.0
-19.0
-15.0
-13.0
-39.0
-50.0
-11.0
-2.0
-57.0
-61.0
-42.0
-5.0
-20.0
-8.0
-36.0
-88.0
-20.0
-59.0
-26.0
-12.0
-4.0
-6.430000000000007
-9.0
-18.0
-16.0
-2.0
-26.0
-23.0
-4.0
-40.0
-39.0
-15.0
-75.0
-28.0
-40.0
-7.0
-7.0
-32.0
-2.0
-58.0
-9.0
-4.0
-56.0
-7.0
-24.0
-6.430000000000007
-29.0
-4.0
-17.0
-3.0
-16.0
-14.0
-10.5
-48.56
-46.0
-21.0
-47.0
-9.0
-4.0
-31.0
-26.0
-20.0
-18.0
-16.0
-6.0
-37.0
-40.0
-33.0
-55.0
-6.430000000000007
-13.0
-13.0
-20.0
-16.5
-1.0
-15.0
-17.0
-56.0
-15.0
-9.0
-5.0
-64.0
-32.0
-5.0
-5.0
-16.0
-5.0
-62.0
-6.0
-62.0
-16.0
-21.0
-19.0
-6.430000000000007
-39.0
-26.0
-39.0
-36.0
-9.0
-9.0
-45.0
-26.0
-7.0
-46.0
-31.0
-22.0
-18.920000000000016
-27.079999999999984
-54.0
-16.0
-24.0
-45.0
-30.0
-11.0
-10.0
-8.0
-16.0
-55.66
-49.0
-31.0
-44.0
-12.0
-22.0
-23.0
-29.0
-23.0
-41.0
-12.0
-23.0
-41.0
-34.0
-24.0
-6.0
-20.0
-9.0
-5.0
-10.0
-5.0
-51.0
-42.0
-41.0
-3.6599999999999966
-260.0
-19.0
-15.0
-25.0
-4.0
-37.0
-5.0
-109.0
-28.0
-56.0
-60.0
-61.0
-26.0
-15.0
-12.0
-62.0
-10.0
-41.0
-12.0
-5.0
-14.0
-23.0
-22.0
-7.430000000000007
-17.0
-5.0
-21.0
-7.0
-15.0
-0.0
-32.0
-42.0
-33.0
-60.48000000000002
-12.519999999999982
-63.51999999999998
-30.480000000000018
-25.519999999999982
-16.519999999999982
-16.91999999999996
-38.91999999999996
-2.080000000000041
-33.08000000000004
-50.839999999999975
-16.160000000000025
-22.839999999999975
-27.0
-6.430000000000007
-27.0
-7.5
-12.5
-2.5
-42.0
-10.5
-15.5
-4.639999999999986
-21.67999999999995
-552.68
-76.32000000000005
-44.0
-54.0
-41.0
-1.0
-22.0
-2.0
-18.0
-79.0
-53.0
-41.0
-4.519999999999982
-44.51999999999998
-6.430000000000007
-11.0
-16.0
-18.0
-2.0
-13.0
-10.5
-15.5
-7.0
-26.0
-13.0
-10.0
-60.0
-39.0
-36.0
-0.4800000000000182
-16.519999999999982
-22.0
-63.0
-4.0
-5.0
-8.0
-43.0
-16.0
-6.430000000000007
-11.0
-7.0
-7.0
-14.0
-19.0
-20.5
-15.5
-53.0
-17.0
-28.0
-52.0
-7.0
-64.0
-33.0
-8.0
-14.0
-87.0
-51.0
-74.0
-11.0
-45.0
-61.0
-18.0
-6.430000000000007
-7.0
-5.0
-1.0
-6.0
-34.0
-21.0
-19.0
-95.0
-41.0
-22.0
-10.0
-15.0
-4.0
-31.0
-64.0
-27.0
-2.0
-35.0
-31.0
-10.0
-3.0
-9.0
-28.0
-59.66
-25.5
-14.5
-6.5
-2.0
-7.5
-30.0
-37.0
-34.0
-19.0
-6.0
-1.0
-6.0
-4.0
-10.0
-32.0
-26.0
-19.0
-11.0
-2.0
-12.0
-9.0
-4.0
-20.0
-55.66
-6.0
-6.0
-14.0
-18.0
-7.0
-5.5
-13.5
-37.56
-45.0
-30.0
-5.0
-86.0
-63.0
-29.0
-41.0
-0.0
-481.0
-0.67999999999995
-12.319999999999993
-11.680000000000007
-52.0
-66.0
-32.0
-6.430000000000007
-11.0
-13.0
-27.5
-19.0
-19.0
-10.5
-1.0
-3.0
-33.0
-53.0
-31.0
-42.0
-60.0
-13.480000000000018
-46.51999999999998
-1.5199999999999818
-41.48000000000002
-21.0
-47.0
-67.0
-3.079999999999984
-17.920000000000016
-6.0
-7.430000000000007
-11.0
-15.0
-35.0
-14.0
-13.0
-21.0
-3.0
-12.0
-51.0
-5.0
-6.519999999999982
-39.48000000000002
-56.0
-9.0
-23.0
-35.0
-13.0
-35.0
-67.0
-39.0
-26.0
-7.0
-9.0
-32.0
-11.0
-18.0
-31.5
-24.5
-21.5
-26.0
-28.0
-25.0
-65.0
-31.0
-28.0
-28.0
-56.0
-23.0
-21.0
-28.0
-20.0
-43.0
-110.0
-1.0
-25.0
-13.0
-6.0
-36.06
-20.0
-37.0
-22.0
-29.0
-20.0
-21.0
-21.0
-48.0
-23.0
-35.0
-1.0
-25.0
-73.0
-6.0
-2.0
-8.0
-212.0
-42.0
-18.0
-26.0
-3.0
-20.0
-14.0
-36.06
-47.5
-17.5
-31.5
-2.0
-7.0
-20.0
-21.0
-38.0
-2.0
-72.0
-27.0
-13.0
-18.0
-36.0
-24.0
-36.0
-60.0
-54.0
-41.0
-11.0
-1.0
-24.0
-6.0
-25.169999999999987
-26.0
-6.0
-4.0
-16.0
-5.0
-34.0
-36.0
-54.0
-7.0
-39.0
-29.0
-50.0
-12.0
-76.0
-71.0
-53.0
-36.0
-45.0
-10.0
-13.0
-42.0
-15.0
-18.0
-23.63499999999999
-4.0
-5.0
-37.0
-30.960000000000008
-11.960000000000008
-0.5
-18.0
-79.0
-107.0
-44.0
-135.0
-12.0
-34.0
-57.0
-35.559999999999945
-42.559999999999945
-57.0
-81.0
-24.0
-86.0
-32.0
-38.0
-17.0
-37.06
-11.0
-12.0
-8.0
-9.0
-15.0
-4.0
-2.0
-103.0
-6.0
-45.0
-19.0
-64.0
-29.0
-96.0
-41.0
-57.0
-45.0
-44.0
-34.0
-2.0
-35.0
-32.0
-23.0
-37.06
-8.0
-4.0
-12.0
-4.0
-2.0
-7.0
-2.0
-123.0
-12.0
-58.0
-28.0
-33.0
-8.0
-61.0
-56.0
-29.0
-29.0
-34.0
-9.0
-11.0
-26.0
-28.0
-19.0
-37.06
-9.0
-6.0
-7.0
-7.0
-9.0
-10.0
-11.0
-19.0
-28.0
-82.0
-67.0
-40.0
-23.0
-36.0
-53.0
-44.0
-23.0
-53.0
-40.0
-7.0
-17.0
-15.0
-31.0
-37.06
-17.0
-35.0
-52.0
-2.0
-19.0
-52.0
-8.0
-11.0
-102.0
-71.0
-37.0
-42.0
-41.0
-85.0
-377.0
-5.0
-5.0
-6.0
-57.0
-68.0
-37.0
-12.0
-32.0
-0.9399999999999977
-16.5
-18.0
-1.0
-11.5
-32.0
-6.0
-40.0
-50.0
-10.0
-34.0
-6.0
-16.0
-8.0
-14.0
-14.0
-59.0
-27.0
-27.0
-16.0
-38.5
-40.0
-18.0
-8.0
-9.900000000000006
-9.0
-6.0
-3.0
-9.0
-2.0
-2.0
-10.0
-27.0
-31.0
-5.0
-2.0
-19.0
-22.0
-3.0
-34.0
-23.0
-28.0
-23.0
-9.0
-35.0
-13.0
-9.0
-17.0
-4.8700000000000045
-1.0
-796.5
-8.0
-5.0
-3.0
-11.0
-2.0
-1.0
-32.0
-4.0
-21.0
-29.0
-4.0
-14.5
-53.0
-25.0
-28.0
-21.5
-24.5
-30.5
-27.5
-18.19999999999999
-2.5
-8.389999999999986
-36.0
-17.5
-11.0
-13.199999999999989
-5.0
-1.5
-2.8000000000000114
-78.19999999999999
-171.2
-135.79999999999995
-130.0
-63.0
-148.0
-444.0
-5.0
-26.0
-9.0
-22.0
-58.0
-43.0
-27.0
-14.0
-19.0
-0.9399999999999977
-10.0
-0.0
-4.0
-16.0
-9.0
-14.0
-45.0
-87.0
-2.67999999999995
-35.32000000000005
-64.0
-36.0
-21.0
-46.0
-44.0
-18.0
-7.0
-28.0
-44.0
-18.0
-46.0
-24.0
-3.0
-37.06
-28.0
-28.0
-7.0
-18.0
-5.0
-10.0
-3.0
-20.0
-26.0
-56.0
-28.0
-29.0
-33.0
-25.0
-21.0
-12.0
-12.0
-26.0
-38.0
-10.0
-11.0
-28.0
-15.0
-0.9399999999999977
-2.0
-19.0
-16.0
-7.0
-12.5
-5.0
-25.0
-154.44
-118.44
-12.480000000000018
-4.519999999999982
-23.519999999999982
-60.15999999999997
-17.840000000000032
-26.840000000000032
-30.519999999999982
-45.51999999999998
-1.67999999999995
-56.68000000000001
-113.0
-19.0
-40.0
-29.0
-0.9399999999999977
-20.0
-5.0
-24.159999999999997
-23.5
-23.159999999999997
-17.159999999999997
-20.159999999999997
-42.16
-19.0
-0.0
-6.0
-25.0
-17.0
-6.0
-10.0
-3.0
-4.0
-4.0
-45.0
-2.0
-37.0
-18.0
-17.0
-12.090000000000003
-11.0
-3.0
-9.0
-18.0
-2.0
-24.47999999999999
-51.47999999999999
-18.0
-34.31999999999999
-25.11500000000001
-42.61500000000001
-2.384999999999991
-12.5
-33.120000000000005
-51.08000000000001
-17.5
-38.0
-11.0
-2.0
-26.5
-7.0
-412.0
-6.5
-21.10000000000005
-15.47999999999999
-25.47999999999999
-16.47999999999999
-15.47999999999999
-36.0
-3.0
-68.0
-89.0
-20.0
-156.0
-163.0
-73.0
-39.0
-12.0
-9.0
-10.0
-24.0
-6.0
-52.0
-54.0
-25.0
-19.0
-9.0
-0.9399999999999977
-26.0
-361.0
-1.0
-1.0
-10.0
-3.0
-17.0
-43.0
-28.0
-2.0
-32.0
-12.0
-15.0
-27.0
-34.0
-34.0
-12.0
-5.0
-21.0
-3.0
-16.0
-3.0
-23.0
-0.9399999999999977
-17.0
-16.0
-2.0
-15.0
-4.0
-3.0
-11.0
-97.0
-22.0
-24.0
-103.0
-5.0
-19.0
-18.0
-5.0
-6.0
-14.0
-1.0
-17.0
-23.480000000000018
-27.519999999999982
-7.0
-6.0
-0.9399999999999977
-6.0
-1.0
-7.0
-4.0
-15.0
-10.0
-11.0
-95.0
-30.0
-13.0
-25.0
-23.0
-6.0
-65.0
-5.0
-25.0
-4.0
-33.0
-30.0
-23.0
-5.0
-27.0
-3.0
-4.1200000000000045
-2.0
-7.0
-15.0
-14.0
-5.0
-5.0
-2.0
-19.0
-36.0
-47.0
-24.0
-25.0
-59.0
-17.0
-43.0
-35.0
-56.0
-35.0
-4.0
-71.0
-54.0
-12.0
-51.0
-9.600000000000051
-20.860000000000014
-8.0
-9.5
-20.5
-10.5
-15.740000000000009
-35.24000000000001
-8.5
-60.16
-40.22999999999999
-37.22999999999999
-40.22999999999999
-10.5
-30.24000000000001
-14.160000000000025
-7.5
-164.0
-28.0
-29.0
-4.0
-3.0
-6.0
-0.5
-4.899999999999949
-1.7199999999999989
-11.0
-5.0
-18.0
-18.0
-19.0
-27.0
-11.0
-36.0
-3.0
-25.0
-18.0
-7.0
-7.0
-5.0
-13.0
-40.0
-5.0
-0.0
-7.0
-5.0
-12.0
-10.0
-27.10000000000005
-27.75999999999999
-20.0
-28.0
-17.0
-13.0
-28.0
-20.0
-81.0
-146.0
-126.0
-220.0
-94.0
-48.0
-24.0
-5.0
-21.0
-8.0
-27.0
-107.0
-18.0
-19.0
-3.0
-6.0
-31.0
-38.0
-10.0
-21.0
-32.0
-6.0
-7.0
-31.0
-2.519999999999982
-18.480000000000018
-53.0
-41.01999999999998
-17.5
-11.0
-11.0
-1.0
-2.5
-3.0
-38.75999999999999
-9.0
-20.0
-64.0
-14.0
-12.0
-6.0
-14.0
-35.0
-27.0
-24.24000000000001
-38.24000000000001
-34.24000000000001
-31.24000000000001
-25.519999999999982
-9.519999999999982
-2.0
-34.96000000000001
-14.0
-9.0
-4.0
-15.0
-11.0
-8.0
-26.0
-65.0
-21.0
-1.0
-87.0
-40.0
-25.0
-6.0
-33.0
-3.0
-12.0
-6.0
-52.0
-6.0
-22.0
-16.0
-17.0
-8.5
-13.0
-5.0
-2.0
-11.0
-14.0
-11.0
-11.0
-1.0
-31.0
-24.0
-21.0
-26.0
-7.0
-12.0
-5.0
-23.0
-5.0
-43.0
-23.0
-29.0
-9.0
-39.0
-13.0
-0.5
-12.0
-2.0
-1.0
-1.0
-13.0
-5.0
-7.0
-121.0
-16.0
-13.0
-106.0
-64.0
-21.0
-26.0
-19.0
-22.0
-3.0
-4.0
-68.0
-55.0
-84.0
-15.0
-39.0
-30.900000000000006
-259.28
-81.27999999999997
-80.27999999999997
-264.28
-263.28
-127.27999999999997
-137.27999999999997
-74.27999999999997
-377.28
-282.72
-38.27999999999997
-74.27999999999997
-171.72000000000003
-224.27999999999997
-91.72000000000003
-54.72000000000003
-51.27999999999997
-19.720000000000027
-67.27999999999997
-34.0
-7.0
-69.0
-13.0
-9.379999999999995
-28.0
-2.0
-15.0
-3.0
-2.0
-12.0
-67.0
-111.0
-130.0
-86.0
-5.0
-4.0
-37.0
-2.0
-27.0
-46.0
-5.0
-16.0
-43.0
-12.0
-74.0
-31.0
-84.0
-49.379999999999995
-35.0
-13.0
-27.0
-4.0
-28.0
-12.0
-46.0
-157.0
-12.0
-9.0
-46.0
-11.0
-26.0
-3.0
-28.0
-10.0
-22.0
-45.0
-15.0
-13.0
-61.0
-32.0
-50.160000000000025
-38.379999999999995
-0.0
-14.0
-9.0
-30.0
-14.0
-9.0
-4.0
-15.0
-3.0
-28.0
-50.0
-17.0
-54.0
-53.0
-11.0
-52.0
-18.120000000000005
-25.0
-48.0
-10.0
-63.0
-9.0
-16.0
-37.379999999999995
-17.0
-2.0
-2.0
-5.0
-5.0
-4.0
-6.0
-170.0
-1.0
-29.0
-3.0
-13.0
-35.0
-11.0
-12.0
-5.0
-35.0
-17.0
-71.0
-16.0
-4.0
-34.0
-36.0
-10.5
-11.0
-8.0
-2.0
-1.0
-2.0
-4.0
-850.0
-34.0
-16.0
-45.0
-44.0
-40.0
-25.0
-5.0
-1.0
-11.0
-10.0
-2.0
-21.0
-9.0
-16.0
-7.0
-10.0
-51.05000000000001
-11.5
-16.0
-15.0
-27.0
-1.0
-31.0
-22.0
-144.0
-17.0
-37.0
-5.0
-24.0
-44.0
-8.0
-1.0
-17.0
-24.0
-47.08000000000004
-10.0
-45.0
-2.0
-25.0
-51.0
-38.379999999999995
-14.0
-16.0
-12.0
-2.0
-4.0
-10.0
-5.0
-2.0
-24.0
-7.0
-21.0
-4.0
-2.0
-14.799999999999955
-46.799999999999955
-16.799999999999955
-17.799999999999955
-19.200000000000045
-9.240000000000009
-43.75999999999999
-48.24000000000001
-20.75999999999999
-2.0
-45.860000000000014
-11.0
-37.0
-15.0
-16.0
-38.0
-12.0
-3.0
-143.0
-66.0
-33.0
-80.0
-2.0
-42.0
-19.0
-37.91999999999996
-743.0
-7.0
-7.0
-17.0
-1.0
-9.0
-44.0
-48.0
-9.569999999999993
-2.5
-18.0
-25.0
-256.0
-6.0
-26.0
-6.0
-36.0
-26.0
-23.0
-15.0
-16.0
-174.0
-44.0
-8.0
-38.0
-33.0
-26.0
-32.0
-44.0
-5.319999999999993
-20.319999999999993
-31.0
-7.430000000000007
-4.5
-0.0
-11.0
-15.0
-40.0
-1.5
-15.0
-23.24000000000001
-10.759999999999991
-65.27999999999997
-529.72
-3.2799999999999727
-95.72000000000003
-49.0
-43.75999999999999
-32.75999999999999
-90.75999999999999
-72.75999999999999
-52.0
-91.0
-49.0
-12.0
-8.0
-13.430000000000007
-4.5
-12.0
-23.0
-10.0
-17.0
-25.0
-19.0
-71.0
-5.0
-61.0
-12.0
-28.0
-88.48000000000002
-36.51999999999998
-16.0
-41.160000000000025
-16.160000000000025
-13.839999999999975
-33.5
-5.0
-20.0
-21.0
-9.0
-0.9399999999999977
-12.0
-18.0
-22.0
-0.0
-16.0
-16.0
-2.0
-18.0
-4.0
-4.0
-36.0
-7.0
-16.0
-17.0
-17.0
-31.0
-10.0
-41.0
-5.0
-7.0
-2.0
-3.0
-6.0
-4.060000000000002
-10.0
-26.0
-8.0
-1.0
-1.0
-2.0
-7.0
-163.0
-8.480000000000018
-7.480000000000018
-57.51999999999998
-62.48000000000002
-38.48000000000002
-10.519999999999982
-29.0
-13.0
-28.0
-19.0
-33.0
-1.0
-16.0
-12.0
-4.0
-7.430000000000007
-5.0
-0.0
-3.0
-15.0
-13.0
-11.0
-15.0
-23.0
-26.0
-58.0
-15.0
-2.0
-61.960000000000036
-18.960000000000036
-23.159999999999968
-33.15999999999997
-51.15999999999997
-9.159999999999968
-18.160000000000025
-21.160000000000025
-27.0
-8.0
-16.0
-7.430000000000007
-25.0
-4.0
-2.0
-6.0
-19.0
-41.0
-26.0
-42.0
-28.0
-53.0
-28.0
-24.0
-44.0
-8.0
-71.0
-72.0
-74.0
-51.0
-73.0
-29.0
-630.0
-32.0
-13.0
-6.430000000000007
-14.0
-6.0
-6.0
-4.0
-10.0
-31.0
-31.0
-32.0
-23.0
-34.0
-55.0
-46.0
-63.0
-69.0
-90.0
-112.0
-34.0
-3.0
-6.0
-43.0
-31.0
-1.0
-8.0
-6.430000000000007
-19.5
-13.0
-5.5
-17.5
-11.5
-21.0
-1.5
-64.0
-62.5
-8.0
-50.0
-20.5
-23.0
-21.0
-37.0
-27.5
-35.03999999999999
-24.0
-2.0
-3.0
-25.0
-18.0
-22.0
-0.9399999999999977
-7.0
-12.0
-1.0
-3.0
-1.0
-33.0
-0.5
-3.0
-28.0
-14.0
-17.0
-21.0
-17.0
-10.0
-28.0
-23.0
-6.0
-37.0
-9.0
-23.0
-2.0
-6.0
-14.0
-0.9399999999999977
-15.0
-3.0
-14.0
-3.5
-6.5
-28.0
-1.0
-42.0
-14.0
-27.0
-19.5
-39.56
-15.0
-24.0
-34.0
-24.0
-35.0
-3.0
-14.0
-29.0
-25.0
-2.0
-7.0
-0.9399999999999977
-7.0
-10.0
-0.0
-7.0
-3.0
-47.0
-38.0
-138.0
-4.0
-43.0
-502.55999999999995
-72.55999999999995
-1.0
-43.0
-34.0
-72.0
-47.0
-43.0
-70.0
-211.0
-9.0
-17.0
-19.0
-18.430000000000007
-0.0
-4.0
-0.0
-7.0
-8.0
-16.0
-16.0
-174.0
-35.0
-13.0
-10.0
-48.0
-14.0
-14.0
-42.0
-13.0
-32.0
-30.0
-2.0
-49.0
-19.0
-12.0
-0.0
-18.430000000000007
-8.0
-18.0
-17.0
-4.0
-9.0
-16.0
-222.0
-38.0
-4.0
-59.0
-15.0
-49.0
-7.0
-3.0
-71.0
-17.559999999999945
-22.559999999999945
-41.0
-22.0
-0.0
-8.0
-3.0
-21.0
-18.430000000000007
-4.0
-15.0
-9.0
-9.0
-13.0
-2.0
-11.0
-51.0
-16.0
-34.0
-2.0
-56.0
-0.0
-23.0
-1.0
-10.0
-25.0
-27.0
-17.0
-52.0
-3.0
-3.0
-15.0
-6.430000000000007
-18.0
-7.0
-7.0
-3.0
-11.0
-1.0
-9.0
-2.0
-18.0
-11.0
-41.0
-78.0
-12.0
-8.0
-3.0
-6.0
-1.0
-14.0
-8.0
-4.0
-8.95999999999998
-9.04000000000002
-14.0
-6.430000000000007
-8.0
-13.0
-8.0
-7.0
-22.0
-2.0
-21.0
-94.0
-1.0
-15.0
-12.0
-5.0
-19.0
-331.0
-2.0
-39.0
-6.0
-8.0
-20.0
-4.0
-18.0
-9.0
-24.0
-2.9399999999999977
-2.0
-5.0
-20.0
-19.0
-4.0
-19.0
-82.0
-46.0
-17.0
-10.0
-4.0
-36.0
-44.0
-19.0
-4.0
-33.0
-0.0
-15.0
-26.0
-66.0
-21.0
-13.0
-3.0
-0.9399999999999977
-5.0
-8.0
-1.0
-20.0
-6.5
-2.0
-16.0
-187.0
-7.0
-72.0
-53.0
-106.0
-16.0
-91.0
-3.0
-27.0
-36.0
-75.0
-12.0
-31.0
-20.0
-6.0
-6.0
-7.430000000000007
-1.0
-18.0
-18.0
-8.0
-15.0
-12.0
-7.0
-28.0
-253.0
-41.0
-70.0
-40.0
-41.0
-3.0
-45.0
-15.0
-430.0
-41.0
-37.0
-54.0
-27.0
-15.0
-20.0
-7.430000000000007
-7.0
-11.0
-22.0
-8.0
-16.0
-15.0
-7.0
-29.0
-22.0
-50.0
-13.0
-91.55999999999995
-31.559999999999945
-49.0
-28.0
-20.0
-30.0
-74.0
-5.0
-41.0
-1.0
-24.0
-25.0
-7.569999999999993
-2.0
-18.0
-7.0
-18.0
-4.0
-11.0
-18.0
-36.0
-24.0
-16.0
-58.0
-100.0
-15.0
-35.0
-16.0
-14.0
-46.0
-20.0
-38.0
-24.0
-13.0
-17.0
-15.0
-7.430000000000007
-2.0
-11.0
-4.0
-0.0
-9.0
-5.0
-12.0
-162.0
-25.0
-42.0
-37.0
-74.0
-24.0
-12.0
-16.0
-31.0
-53.0
-108.0
-48.0
-17.0
-36.0
-11.0
-17.0
-6.430000000000007
-12.0
-7.0
-4.0
-8.0
-2.0
-35.0
-26.0
-178.0
-19.0
-99.0
-59.0
-44.0
-114.0
-84.0
-30.0
-42.0
-60.0
-54.0
-13.0
-9.0
-42.0
-3.0
-10.0
-2.9399999999999977
-12.0
-4.0
-41.0
-12.0
-19.0
-9.0
-8.0
-14.0
-23.0
-13.0
-15.0
-14.0
-9.0
-4.0
-18.0
-6.0
-23.0
-23.0
-36.0
-27.0
-4.0
-9.0
-22.0
-2.9399999999999977
-9.0
-2.0
-2.0
-5.0
-7.0
-6.0
-33.0
-135.0
-9.0
-396.0
-73.0
-99.0
-22.0
-74.0
-25.0
-39.0
-18.0
-62.0
-68.0
-50.0
-15.0
-25.0
-33.0
-6.430000000000007
-10.0
-5.0
-10.0
-8.0
-2.0
-2.0
-28.0
-132.0
-13.0
-42.0
-9.0
-53.0
-7.0
-61.0
-51.0
-30.0
-5.0
-59.0
-30.0
-71.0
-39.0
-4.0
-53.0
-6.430000000000007
-6.0
-17.0
-16.0
-11.0
-18.0
-4.0
-17.0
-114.0
-5.0
-36.0
-24.0
-22.0
-30.0
-45.0
-23.0
-20.0
-2.0
-42.0
-3.0
-38.0
-51.0
-59.0
-16.0
-4.0
-62.0
-56.0
-1.0
-21.0
-8.0
-49.0
-29.0
-34.0
-1.0
-63.0
-1.0
-38.38499999999999
-30.0
-9.0
-14.0
-25.0
-19.0
-0.0
-16.0
-16.0
-21.0
-48.0
-59.0
-8.0
-46.0
-4.0
-10.0
-20.0
-15.0
-45.0
-12.0
-18.0
-11.0
-60.0
-6.0
-76.38499999999999
-32.0
-28.0
-27.0
-34.0
-40.0
-2.0
-32.0
-82.0
-11.0
-50.0
-26.0
-8.560000000000002
-20.439999999999998
-17.0
-19.0
-42.0
-11.0
-14.0
-18.0
-7.0
-11.0
-25.0
-3.0
-28.085000000000008
-10.0
-2.0
-20.0
-7.0
-8.0
-9.0
-19.0
-1.0
-37.0
-7.0
-20.0
-7.0
-4.0
-33.5
-34.51999999999998
-29.0
-46.0
-29.0
-4.0
-9.0
-8.0
-14.0
-0.0
-24.085000000000008
-16.0
-10.0
-7.0
-21.0
-18.0
-14.0
-30.0
-143.0
-77.0
-31.0
-1.4400000000000546
-68.55999999999995
-59.0
-78.0
-54.0
-32.0
-20.0
-44.0
-49.0
-40.0
-23.0
-40.0
-27.0
-38.38499999999999
-29.0
-25.0
-25.0
-18.0
-36.0
-4.0
-29.0
-6.0
-43.0
-78.0
-22.0
-7.0
-70.44000000000005
-5.559999999999945
-43.0
-34.0
-23.0
-32.0
-25.0
-33.0
-32.0
-5.0
-32.0
-22.38499999999999
-11.0
-17.0
-13.0
-6.0
-3.0
-20.0
-6.0
-8.0
-17.0
-32.0
-0.0
-17.0
-33.0
-12.0
-47.0
-29.0
-15.0
-52.0
-101.0
-67.0
-40.0
-17.0
-15.0
-38.38499999999999
-23.0
-1.0
-16.0
-13.0
-5.0
-40.0
-11.0
-7.0
-8.0
-1.0
-11.0
-57.0
-69.0
-72.0
-42.0
-21.0
-34.0
-45.0
-16.0
-55.0
-12.0
-19.0
-22.0
-38.38499999999999
-9.0
-21.0
-1.0
-10.0
-19.0
-32.0
-18.0
-16.0
-45.0
-70.0
-13.0
-170.03999999999996
-60.039999999999964
-222.96000000000004
-9.039999999999964
-27.039999999999964
-40.039999999999964
-277.96000000000004
-49.04000000000002
-50.04000000000002
-4.9599999999999795
-19.5
-16.5
-38.38499999999999
-24.0
-36.17500000000001
-41.68000000000001
-6.0
-8.675000000000011
-14.180000000000007
-16.680000000000007
-13.5
-14.5
-10.039999999999992
-9.95999999999998
-21.0
-27.0
-16.0
-28.0
-14.0
-33.0
-0.0
-6.0
-11.0
-40.0
-24.0
-57.0
-24.085000000000008
-2.0
-36.349999999999994
-15.360000000000014
-16.0
-6.349999999999994
-0.6399999999999864
-26.360000000000014
-17.5
-43.5
-76.48000000000002
-113.98000000000002
-38.5
-10.0
-51.0
-67.0
-31.0
-14.0
-3.0
-1.0
-14.0
-48.0
-14.0
-14.0
-3.9199999999999875
-1.960000000000008
-1.0
-45.0
-3.0
-37.0
-6.0
-28.0
-130.0
-150.0
-57.0
-114.0
-15.0
-64.0
-19.0
-11.0
-53.0
-62.0
-81.0
-14.0
-41.0
-45.0
-16.0
-49.0
-76.38499999999999
-33.47999999999999
-12.0
-22.0
-26.0
-9.0
-29.0
-13.0
-25.0
-67.0
-38.0
-52.0
-96.0
-76.0
-5.0
-8.0
-0.0
-20.0
-68.0
-52.0
-3.0
-18.0
-23.0
-4.0
-38.38499999999999
-1.0
-23.0
-7.0
-22.0
-15.0
-20.0
-14.0
-27.0
-27.0
-15.0
-14.0
-1.0
-1.0
-5.0
-11.0
-31.0
-3.0
-40.0
-1.0
-21.0
-31.0
-5.0
-28.0
-38.38499999999999
-10.0
-0.0
-2.0
-21.0
-11.0
-0.0
-12.0
-17.0
-43.0
-25.0
-12.0
-28.0
-36.0
-8.0
-8.0
-38.0
-11.0
-41.0
-20.0
-3.0
-38.0
-7.0
-9.0
-50.38499999999999
-36.0
-5.0
-1.0
-1.0
-3.0
-10.0
-5.0
-8.0
-14.0
-20.0
-7.0
-33.0
-4.0
-49.0
-38.0
-1.0
-63.0
-80.0
-64.0
-0.0
-32.0
-4.0
-19.0
-38.38499999999999
-12.0
-163.0
-10.0
-14.0
-21.0
-24.0
-27.0
-46.0
-45.0
-56.0
-68.0
-74.0
-64.0
-40.0
-41.0
-28.720000000000027
-18.720000000000027
-5.800000000000011
-75.19999999999999
-53.5
-5.0
-2.0
-10.0
-35.610000000000014
-13.0
-9.0
-15.0
-20.0
-4.0
-10.0
-28.0
-10.0
-6.0
-26.0
-24.439999999999998
-36.44
-28.439999999999998
-26.439999999999998
-41.44
-16.439999999999998
-23.439999999999998
-48.0
-22.0
-27.0
-9.0
-11.0
-8.0
-23.610000000000014
-7.0
-7.0
-3.0
-16.0
-18.0
-7.0
-25.0
-60.0
-346.0
-11.0
-62.0
-8.0
-24.0
-44.0
-56.0
-15.0
-12.0
-18.0
-18.0
-17.0
-21.0
-30.0
-4.0
-50.38499999999999
-13.0
-4.0
-1.0
-21.0
-13.0
-21.0
-11.5
-1.5199999999999818
-3.0
-180.0
-4.0
-89.0
-14.0
-44.0
-16.0
-23.0
-26.0
-39.0
-8.0
-17.0
-50.0
-6.0
-1.0
-50.38499999999999
-9.0
-3.0
-7.0
-17.0
-5.0
-22.0
-24.0
-22.0
-7.0
-18.0
-1.0
-28.0
-6.0
-1.0
-16.0
-3.0
-29.0
-48.0
-48.0
-7.0
-45.0
-4.0
-59.0
-39.38499999999999
-204.07999999999998
-190.07999999999998
-186.07999999999998
-189.07999999999998
-94.07999999999998
-92.07999999999998
-111.07999999999998
-91.07999999999998
-103.91999999999996
-43.84000000000003
-47.84000000000003
-128.08000000000004
-131.08000000000004
-57.91999999999996
-250.0
-105.15999999999997
-95.15999999999997
-55.0
-148.0
-7.0
-38.0
-18.0
-1.0
-39.38499999999999
-86.0
-35.0
-37.0
-29.0
-7.0
-10.0
-9.0
-132.0
-60.0
-73.0
-20.0
-24.0
-49.0
-18.0
-28.0
-0.0
-33.0
-30.0
-40.0
-1.0
-86.0
-10.0
-1.0
-38.38499999999999
-27.0
-12.0
-27.0
-21.0
-24.0
-33.0
-7.0
-42.0
-3.0
-44.0
-4.0
-35.0
-13.0
-14.0
-36.0
-20.0
-20.0
-8.0
-16.0
-51.0
-29.0
-7.0
-26.0
-33.610000000000014
-14.0
-1.0
-24.0
-4.0
-11.0
-17.0
-23.0
-9.5
-11.5
-2.0
-26.0
-4.0
-8.0
-0.0
-2.0
-19.0
-23.0
-11.0
-47.0
-28.0
-21.0
-9.0
-6.0
-160.61
-14.0
-7.0
-10.0
-12.0
-16.0
-39.0
-14.0
-138.0
-44.0
-20.0
-30.0
-2.0
-42.0
-19.0
-17.0
-12.0
-22.0
-32.0
-73.0
-61.0
-27.0
-52.0
-16.0
-22.38499999999999
-6.0
-4.0
-9.0
-5.0
-14.0
-10.0
-11.0
-10.0
-48.0
-35.0
-22.0
-14.0
-17.0
-21.0
-45.0
-17.0
-44.0
-520.0
-12.0
-17.0
-22.0
-63.0
-14.0
-22.38499999999999
-10.5
-7.5
-10.0
-6.5
-15.5
-27.0
-36.0
-9.0
-4.0
-39.0
-41.0
-12.0
-43.0
-35.0
-24.0
-49.91999999999996
-1.919999999999959
-50.0
-21.0
-28.0
-26.0
-14.0
-5.0
-39.38499999999999
-10.5
-9.0
-21.0
-35.0
-24.0
-18.0
-724.0
-66.0
-29.0
-32.0
-70.0
-24.0
-20.0
-35.0
-22.0
-5.0
-3.0
-91.0
-161.0
-19.0
-8.0
-16.0
-18.0
-39.38499999999999
-10.5
-22.0
-24.0
-41.0
-20.0
-23.0
-6.0
-16.0
-54.0
-37.0
-32.0
-50.0
-40.0
-15.0
-15.0
-20.0
-54.0
-66.0
-90.0
-34.0
-21.0
-14.0
-7.0
-38.38499999999999
-32.0
-43.0
-18.0
-21.0
-27.0
-1.0
-34.0
-51.0
-24.0
-15.0
-19.0
-10.0
-1.0
-16.0
-1.0
-11.0
-465.0
-5.0
-1.0
-14.0
-1.0
-7.0
-14.0
-2.1399999999999864
-7.0
-7.0
-1.0
-14.0
-11.0
-9.0
-14.0
-32.0
-35.0
-3.0
-2.0
-29.0
-5.0
-16.0
-12.0
-5.0
-7.0
-11.0
-2.0
-5.0
-36.0
-11.0
-35.0
-51.120000000000005
-28.0
-25.0
-44.0
-10.0
-36.0
-23.5
-7.0
-78.0
-66.0
-57.0
-19.0
-59.0
-4.0
-13.0
-22.0
-41.0
-5.0
-56.0
-25.0
-129.0
-42.0
-7.0
-29.0
-38.38499999999999
-0.0
-29.0
-21.0
-3.5
-99.0
-6.0
-2.0
-34.0
-53.0
-51.0
-29.0
-5.0
-31.0
-682.0
-50.0
-2.0
-12.0
-60.0
-7.0
-30.0
-55.0
-15.0
-1.0
-38.38499999999999
-34.0
-29.0
-2.0
-15.0
-14.0
-18.0
-6.0
-45.0
-50.0
-48.0
-59.0
-25.0
-61.0
-5.0
-16.0
-50.0
-39.0
-49.0
-11.0
-7.0
-62.0
-10.0
-1.0
-38.38499999999999
-20.0
-17.0
-22.0
-30.0
-101.0
-33.0
-22.0
-45.0
-23.0
-18.0
-97.0
-6.0
-11.0
-7.0
-81.0
-66.0
-71.0
-83.0
-167.0
-33.0
-2.0
-479.0
-145.0
-19.170000000000016
-134.0
-12.0
-21.0
-37.0
-21.0
-7.0
-44.0
-6.0
-100.0
-20.0
-3.0
-91.0
-133.0
-30.0
-74.0
-27.0
-103.0
-84.0
-225.0
-19.0
-91.0
-29.0
-47.0
-1.8449999999999989
-13.0
-4.0
-21.0
-12.0
-26.0
-4.0
-10.0
-55.0
-13.0
-49.0
-4.0
-18.0
-32.0
-50.0
-72.0
-70.0
-72.0
-30.0
-5.0
-15.0
-4.0
-11.0
-1.0
-49.11500000000001
-9.0
-5.0
-9.0
-10.0
-6.0
-7.0
-18.0
-20.0
-10.0
-18.0
-46.0
-34.0
-28.0
-6.0
-13.0
-52.0
-36.0
-25.0
-21.0
-13.0
-5.0
-48.0
-36.0
-0.8849999999999909
-33.0
-33.0
-20.0
-15.0
-3.0
-33.0
-28.0
-170.0
-38.0
-49.0
-18.0
-37.0
-40.0
-6.0
-34.0
-34.0
-69.48000000000002
-26.519999999999982
-22.0
-7.0
-9.0
-5.0
-3.0
-2.844999999999999
-17.0
-18.0
-757.0
-1.0
-30.0
-9.0
-38.0
-23.0
-38.0
-12.0
-64.0
-4.0
-39.0
-7.0
-59.0
-49.0
-52.0
-112.0
-29.0
-17.0
-35.0
-32.0
-21.0
-1.8449999999999989
-24.0
-12.0
-3.0
-17.0
-17.0
-4.5
-26.0
-14.0
-187.0
-7.0
-628.0
-15.0
-36.0
-12.0
-18.0
-45.0
-36.0
-7.0
-46.0
-20.0
-4.0
-19.0
-33.0
-36.80000000000001
-76.19999999999999
-20.5
-5.0
-2.0
-10.0
-1.6100000000000136
-24.0
-28.0
-22.0
-17.0
-18.0
-8.0
-28.0
-10.0
-361.0
-61.0
-24.439999999999998
-36.44
-8.439999999999998
-26.439999999999998
-41.44
-99.44
-26.439999999999998
-36.0
-4.0
-15.0
-19.0
-1.0
-8.0
-23.610000000000014
-7.0
-7.0
-7.0
-12.0
-18.0
-7.0
-56.0
-47.0
-22.0
-11.0
-62.0
-8.0
-24.0
-96.0
-7.0
-11.0
-12.0
-18.0
-27.0
-26.0
-7.0
-47.0
-4.0
-39.38499999999999
-24.0
-16.0
-4.0
-26.0
-13.0
-21.0
-55.5
-1.5199999999999818
-1.0
-12.0
-42.0
-31.0
-16.0
-37.0
-16.0
-23.0
-26.0
-39.0
-8.0
-17.0
-6.0
-6.0
-1.0
-10.384999999999991
-31.0
-8.0
-7.0
-5.0
-2.0
-22.0
-68.0
-4.0
-3.0
-18.0
-1.0
-28.0
-48.0
-1.0
-16.0
-51.0
-25.0
-46.0
-48.0
-7.0
-1.0
-1.0
-53.0
-7.384999999999991
-76.07999999999998
-196.07999999999998
-18.079999999999984
-58.079999999999984
-58.079999999999984
-171.07999999999998
-96.07999999999998
-131.07999999999998
-28.08000000000004
-88.15999999999997
-84.15999999999997
-307.08000000000004
-310.08000000000004
-109.08000000000004
-396.0
-118.15999999999997
-95.15999999999997
-183.0
-17.0
-625.0
-38.0
-18.0
-13.0
-38.38499999999999
-9.0
-19.0
-1.0
-30.0
-0.0
-28.0
-2.0
-123.0
-78.0
-484.0
-20.0
-24.0
-69.0
-4.0
-5.0
-0.0
-0.0
-28.0
-40.0
-1.0
-72.0
-30.0
-28.0
-10.384999999999991
-28.0
-12.0
-20.0
-26.0
-17.0
-26.0
-24.0
-91.0
-3.0
-44.0
-4.0
-2.0
-13.0
-14.0
-32.0
-34.0
-20.0
-29.0
-30.0
-25.0
-27.0
-7.0
-26.0
-33.610000000000014
-14.0
-9.0
-16.0
-2.0
-9.0
-2.0
-22.0
-9.5
-11.5
-2.0
-24.0
-17.0
-28.0
-20.0
-96.0
-19.0
-23.0
-15.0
-21.0
-10.0
-23.0
-20.0
-35.0
-52.610000000000014
-43.0
-26.0
-12.0
-16.0
-20.0
-6.0
-12.0
-112.0
-44.0
-20.0
-30.0
-2.0
-42.0
-29.0
-17.0
-58.0
-4.0
-32.0
-28.0
-51.0
-43.0
-11.0
-8.0
-1.615000000000009
-10.0
-11.0
-9.0
-5.0
-14.0
-47.0
-11.0
-50.0
-44.0
-35.0
-22.0
-14.0
-17.0
-24.0
-34.0
-38.0
-10.0
-89.0
-12.0
-58.0
-14.0
-22.0
-1.0
-10.384999999999991
-39.5
-4.5
-10.0
-11.5
-22.5
-4.0
-5.0
-9.0
-4.0
-39.0
-79.0
-12.0
-19.0
-0.0
-9.0
-16.91999999999996
-1.919999999999959
-48.0
-50.0
-63.0
-31.0
-6.0
-7.0
-24.38499999999999
-10.5
-3.0
-21.0
-28.0
-17.0
-18.0
-5.0
-7.0
-25.0
-32.0
-70.0
-24.0
-20.0
-35.0
-11.0
-16.0
-3.0
-91.0
-75.0
-5.0
-36.0
-1.0
-1.0
-39.38499999999999
-11.5
-22.0
-19.0
-36.0
-20.0
-23.0
-11.0
-16.0
-54.0
-50.0
-56.0
-37.0
-40.0
-15.0
-6.0
-20.0
-54.0
-53.0
-90.0
-20.0
-1.0
-1.0
-35.0
-1.615000000000009
-32.0
-36.0
-18.0
-21.0
-27.0
-1.0
-8.0
-5.0
-24.0
-16.0
-19.0
-10.0
-1.0
-29.0
-1.0
-15.0
-3.0
-7.0
-2.0
-16.0
-1.0
-10.0
-0.0
-16.139999999999986
-7.0
-21.0
-13.0
-28.0
-25.0
-23.0
-14.0
-57.0
-61.0
-3.0
-0.0
-34.0
-5.0
-16.0
-12.0
-5.0
-2.0
-14.0
-17.0
-24.0
-48.0
-23.0
-47.0
-63.120000000000005
-40.0
-44.0
-63.0
-29.0
-4.0
-8.5
-21.0
-106.0
-66.0
-136.0
-19.0
-59.0
-4.0
-19.0
-0.0
-41.0
-5.0
-56.0
-25.0
-20.0
-2.0
-24.0
-30.0
-38.38499999999999
-0.0
-29.0
-39.0
-21.5
-29.0
-2.0
-3.0
-6.0
-49.0
-51.0
-29.0
-43.0
-31.0
-25.0
-6.0
-2.0
-33.0
-61.0
-71.0
-30.0
-33.0
-40.0
-0.0
-1.615000000000009
-33.0
-28.0
-24.0
-15.0
-14.0
-18.0
-6.0
-5.0
-46.0
-48.0
-59.0
-25.0
-4.0
-27.0
-16.0
-33.0
-23.0
-49.0
-89.0
-7.0
-21.0
-14.0
-23.0
-1.615000000000009
-19.0
-21.0
-22.0
-30.0
-101.0
-33.0
-1.0
-45.0
-23.0
-18.0
-46.0
-6.0
-29.0
-55.0
-12.0
-4.0
-63.0
-81.0
-89.0
-8.0
-1.0
-444.0
-136.0
-22.170000000000016
-114.0
-12.0
-21.0
-51.0
-21.0
-15.0
-50.0
-6.0
-100.0
-20.0
-49.0
-4.0
-542.0
-30.0
-113.0
-27.0
-52.0
-153.0
-81.0
-14.0
-299.0
-240.0
-50.0
-1.8449999999999989
-24.0
-1.0
-13.0
-22.0
-34.0
-56.0
-62.0
-1.0
-13.0
-8.0
-4.0
-18.0
-32.0
-39.0
-37.0
-23.0
-37.0
-17.0
-5.0
-15.0
-2.0
-1.0
-25.0
-32.11500000000001
-9.0
-12.0
-7.0
-6.0
-22.0
-9.0
-8.0
-20.0
-8.0
-37.0
-65.0
-34.0
-9.0
-6.0
-88.0
-73.0
-8.0
-39.0
-21.0
-13.0
-17.0
-8.0
-4.0
-39.11500000000001
-7.0
-7.0
-20.0
-13.0
-5.0
-7.0
-12.0
-47.0
-38.0
-49.0
-18.0
-37.0
-40.0
-6.0
-25.0
-34.0
-48.48000000000002
-26.519999999999982
-22.0
-7.0
-15.0
-7.0
-26.0
-1.8449999999999989
-11.0
-13.0
-10.0
-33.0
-2.0
-37.0
-12.0
-23.0
-38.0
-12.0
-11.0
-4.0
-4.0
-7.0
-16.0
-26.0
-10.0
-110.0
-29.0
-17.0
-293.0
-43.0
-21.0
-26.155
-23.0
-32.0
-3.0
-23.0
-23.0
-29.5
-2.0
-14.0
-16.0
-7.0
-18.0
-15.0
-1.0
-12.0
-18.0
-32.0
-39.0
-16.0
-46.0
-6.0
-4.0
-4.0
-4.0
-12.155000000000001
-35.0
-2.0
-20.0
-3.0
-42.0
-6.0
-31.0
-1.0
-49.0
-14.0
-28.0
-13.0
-5.0
-2.0
-10.0
-1.0
-22.0
-32.0
-12.0
-24.0
-37.0
-55.0
-74.0
-12.155000000000001
-23.0
-34.0
-13.0
-26.0
-22.0
-6.0
-3.0
-14.0
-25.0
-28.0
-82.0
-25.0
-20.0
-0.0
-31.0
-22.0
-311.0
-245.0
-23.0
-29.0
-69.0
-5.0
-22.0
-27.845
-36.0
-17.0
-39.0
-34.0
-20.0
-37.0
-29.0
-30.0
-23.0
-7.0
-37.56
-37.56
-5.0
-1.0
-29.0
-0.0
-8.0
-1.0
-6.0
-5.0
-15.0
-14.0
-10.0
-37.110000000000014
-24.0
-38.0
-32.0
-23.5
-45.0
-10.0
-0.0
-33.0
-1.0
-36.0
-32.0
-41.0
-21.0
-73.0
-64.0
-35.0
-40.0
-57.0
-65.0
-17.0
-14.0
-4.0
-24.0
-12.099999999999994
-23.0
-23.0
-24.0
-14.0
-10.0
-32.0
-44.0
-85.0
-126.0
-59.0
-44.0
-26.0
-46.0
-9.0
-24.0
-11.0
-16.0
-265.0
-522.0
-85.0
-7.0
-3.0
-36.0
-2.844999999999999
-22.0
-14.0
-33.0
-16.0
-3.0
-2.0
-21.0
-96.0
-50.0
-95.0
-144.0
-25.0
-40.0
-14.0
-5.0
-3.0
-24.0
-75.0
-62.0
-19.0
-16.0
-3.0
-7.0
-12.155000000000001
-24.0
-8.0
-5.0
-0.0
-2.0
-14.0
-12.0
-45.0
-36.0
-33.0
-53.0
-31.0
-10.0
-10.309999999999945
-22.0
-34.0
-32.0
-49.0
-5.0
-8.0
-37.0
-33.0
-1.0
-14.155000000000001
-10.0
-26.0
-0.0
-0.0
-10.0
-9.0
-22.0
-12.0
-19.0
-20.0
-200.0
-522.0
-15.0
-516.655
-571.0
-90.0
-11.0
-45.0
-12.0
-29.0
-220.0
-27.0
-46.0
-37.845
-28.0
-41.0
-35.0
-26.0
-2.0
-5.0
-24.0
-2.0
-82.0
-54.0
-66.0
-14.0
-22.0
-12.0
-13.0
-21.0
-51.0
-33.0
-113.0
-97.0
-168.0
-71.0
-232.0
-1.8449999999999989
-25.0
-8.0
-37.0
-2.0
-2.0
-28.0
-13.0
-35.0
-4.0
-4.0
-72.0
-32.0
-7.0
-25.0
-69.0
-52.5
-0.5
-163.0
-27.0
-84.0
-6.0
-35.5
-75.0
-49.129999999999995
-70.0
-40.0
-2.0
-10.5
-107.0
-22.0
-27.0
-27.0
-9.0
-18.0
-14.0
-34.0
-21.0
-18.0
-21.0
-40.5
-44.5
-80.0
-16.0
-73.0
-110.0
-13.0
-54.0
-73.13
-16.5
-3.460000000000008
-4.0
-8.5
-609.0
-635.0
-110.0
-2.0
-88.0
-332.0
-108.0
-521.0
-494.0
-96.0
-438.0
-43.0
-83.0
-180.0
-78.0
-135.0
-58.0
-20.5
-202.0
-29.155
-22.5
-9.460000000000008
-22.0
-34.5
-328.0
-29.0
-147.0
-107.0
-104.0
-211.0
-85.0
-14.0
-22.0
-4.0
-78.0
-50.0
-63.0
-129.0
-143.0
-28.0
-71.0
-2.0
-13.0
-69.155
-16.5
-17.919999999999987
-28.0
-45.0
-7.0
-16.0
-31.0
-13.0
-3.0
-8.0
-61.0
-56.0
-52.0
-2.0
-26.0
-23.0
-2.0
-5.0
-0.0
-19.0
-31.0
-6.0
-25.0
-33.845
-9.0
-1.0
-7.0
-11.0
-5.0
-20.0
-16.0
-24.0
-31.0
-9.0
-642.0
-548.0
-4.0
-3.0
-71.0
-48.0
-30.0
-59.0
-17.0
-48.0
-63.0
-73.0
-25.0
-12.155000000000001
-16.0
-0.0
-10.0
-2.5
-8.0
-2.0
-1.0
-46.0
-190.0
-11.0
-42.0
-20.0
-12.0
-17.0
-38.0
-14.0
-3.0
-15.0
-34.0
-23.0
-99.0
-16.0
-32.0
-7.844999999999999
-4.0
-214.0
-8.0
-22.0
-4.0
-28.0
-6.0
-33.0
-5.0
