216.0
197.0
230.0
196.0
171.0
192.0
181.0
221.0
216.0
237.0
239.0
224.0
213.0
219.0
216.0
218.0
217.0
192.0
218.0
196.0
192.0
171.0
201.0
197.0
202.0
197.0
192.0
187.0
187.0
353.0
611.0
925.0
943.0
993.0
866.0
951.0
944.0
947.0
928.0
734.0
531.0
378.0
285.0
239.0
222.0
227.0
194.0
201.0
187.0
210.0
195.0
199.0
225.0
369.0
655.0
936.0
967.0
966.0
891.0
914.0
931.0
926.0
922.0
753.0
534.0
401.0
375.0
272.0
242.0
220.0
214.0
220.0
212.0
220.0
258.0
227.0
218.0
343.0
629.0
889.0
915.0
923.0
868.0
883.0
925.0
885.0
896.0
766.0
506.0
427.0
349.0
263.0
216.0
214.0
220.0
220.0
230.0
220.0
227.0
188.0
225.0
317.0
610.0
904.0
943.0
941.0
858.0
934.0
925.0
897.0
899.0
775.0
558.0
461.0
351.0
272.0
242.0
220.0
220.0
220.0
194.0
213.0
228.0
202.0
225.0
369.0
642.0
941.0
941.0
993.0
889.0
951.0
910.0
932.0
906.0
766.0
532.0
406.0
349.0
272.0
240.0
221.0
202.0
227.0
220.0
220.0
220.0
215.0
225.0
187.0
249.0
300.0
327.0
301.0
262.0
325.0
301.0
298.0
301.0
271.0
249.0
245.0
243.0
216.0
216.0
171.0
192.0
223.0
206.0
216.0
216.0
218.0
192.0
192.0
255.0
249.0
277.0
269.0
275.0
270.0
275.0
263.0
257.0
272.0
249.0
216.0
229.0
190.0
187.0
156.0
211.0
188.0
197.0
197.0
218.0
195.0
219.0
359.0
639.0
925.0
951.0
961.0
906.0
931.0
892.0
884.0
869.0
707.0
462.0
375.0
308.0
246.0
215.0
220.0
190.0
194.0
187.0
199.0
199.0
181.0
227.0
343.0
629.0
889.0
943.0
962.0
863.0
899.0
934.0
901.0
870.0
747.0
453.0
364.0
335.0
246.0
256.0
220.0
220.0
194.0
193.0
214.0
206.0
199.0
220.0
348.0
629.0
863.0
926.0
941.0
811.0
899.0
884.0
892.0
832.0
707.0
449.0
380.0
334.0
260.0
242.0
214.0
206.0
220.0
189.0
220.0
199.0
199.0
216.0
343.0
635.0
835.0
889.0
915.0
825.0
847.0
874.0
840.0
839.0
715.0
453.0
373.0
275.0
273.0
190.0
225.0
197.0
197.0
193.0
194.0
192.0
199.0
193.0
187.0
229.0
244.0
255.0
283.0
249.0
249.0
262.0
233.0
239.0
239.0
231.0
221.0
181.0
214.0
193.0
160.0
197.0
192.0
197.0
198.0
171.0
197.0
192.0
171.0
197.0
244.0
225.0
230.0
243.0
227.0
254.0
216.0
249.0
246.0
230.0
192.0
217.0
201.0
191.0
163.0
192.0
191.0
189.0
186.0
197.0
189.0
197.0
204.0
646.0
895.0
924.0
948.0
866.0
918.0
918.0
906.0
895.0
750.0
545.0
401.0
323.0
265.0
258.0
220.0
194.0
186.0
204.0
201.0
199.0
199.0
217.0
369.0
603.0
863.0
915.0
941.0
832.0
879.0
874.0
839.0
844.0
710.0
454.0
335.0
289.0
272.0
216.0
223.0
217.0
194.0
194.0
207.0
199.0
199.0
216.0
343.0
665.0
889.0
915.0
941.0
853.0
885.0
904.0
896.0
870.0
713.0
453.0
375.0
358.0
272.0
239.0
230.0
185.0
212.0
189.0
213.0
194.0
199.0
210.0
362.0
636.0
887.0
915.0
945.0
903.0
929.0
925.0
897.0
900.0
743.0
506.0
427.0
349.0
278.0
216.0
221.0
198.0
191.0
200.0
188.0
220.0
187.0
220.0
343.0
629.0
889.0
910.0
915.0
837.0
899.0
876.0
859.0
872.0
714.0
506.0
375.0
334.0
234.0
230.0
220.0
194.0
194.0
181.0
194.0
194.0
199.0
173.0
187.0
195.0
275.0
249.0
281.0
275.0
301.0
301.0
301.0
296.0
248.0
216.0
218.0
232.0
209.0
188.0
177.0
192.0
199.0
192.0
197.0
182.0
197.0
197.0
192.0
204.0
234.0
242.0
249.0
249.0
249.0
249.0
249.0
249.0
249.0
216.0
224.0
230.0
192.0
191.0
171.0
192.0
197.0
197.0
206.0
192.0
197.0
195.0
197.0
635.0
887.0
925.0
967.0
857.0
919.0
931.0
918.0
895.0
710.0
459.0
409.0
308.0
243.0
242.0
220.0
194.0
220.0
220.0
220.0
204.0
222.0
225.0
354.0
629.0
907.0
901.0
957.0
837.0
903.0
899.0
866.0
870.0
740.0
519.0
425.0
354.0
272.0
249.0
220.0
208.0
189.0
221.0
210.0
220.0
199.0
225.0
317.0
629.0
840.0
889.0
915.0
809.0
903.0
904.0
866.0
844.0
740.0
500.0
375.0
334.0
261.0
268.0
220.0
230.0
193.0
220.0
220.0
200.0
190.0
225.0
343.0
602.0
860.0
902.0
916.0
843.0
857.0
847.0
864.0
878.0
724.0
452.0
376.0
334.0
272.0
257.0
225.0
230.0
194.0
213.0
191.0
200.0
199.0
225.0
343.0
622.0
837.0
881.0
915.0
811.0
873.0
866.0
854.0
844.0
714.0
453.0
363.0
334.0
279.0
257.0
220.0
226.0
220.0
220.0
194.0
220.0
199.0
199.0
197.0
229.0
262.0
301.0
301.0
299.0
291.0
301.0
327.0
285.0
240.0
249.0
226.0
223.0
216.0
197.0
158.0
191.0
189.0
197.0
197.0
198.0
197.0
173.0
172.0
218.0
249.0
239.0
249.0
249.0
255.0
269.0
249.0
249.0
249.0
233.0
214.0
209.0
224.0
192.0
159.0
211.0
223.0
192.0
197.0
197.0
192.0
221.0
313.0
587.0
838.0
899.0
902.0
848.0
866.0
892.0
895.0
866.0
773.0
531.0
366.0
360.0
272.0
242.0
220.0
214.0
191.0
194.0
194.0
194.0
199.0
225.0
317.0
629.0
835.0
893.0
939.0
811.0
904.0
899.0
902.0
872.0
745.0
442.0
349.0
298.0
265.0
216.0
211.0
230.0
194.0
176.0
194.0
193.0
188.0
210.0
343.0
591.0
863.0
915.0
958.0
806.0
899.0
872.0
892.0
875.0
743.0
453.0
349.0
326.0
279.0
216.0
194.0
220.0
194.0
202.0
194.0
199.0
199.0
199.0
317.0
561.0
837.0
872.0
915.0
811.0
873.0
877.0
859.0
870.0
719.0
505.0
375.0
329.0
272.0
216.0
167.0
220.0
194.0
194.0
184.0
197.0
195.0
199.0
345.0
596.0
837.0
898.0
915.0
814.0
882.0
834.0
866.0
844.0
717.0
448.0
375.0
297.0
254.0
212.0
168.0
189.0
188.0
194.0
161.0
186.0
170.0
173.0
161.0
188.0
261.0
275.0
275.0
249.0
308.0
275.0
270.0
281.0
238.0
187.0
155.0
192.0
171.0
197.0
171.0
171.0
197.0
168.0
179.0
171.0
145.0
176.0
171.0
192.0
241.0
275.0
275.0
249.0
276.0
282.0
275.0
275.0
249.0
216.0
182.0
216.0
199.0
197.0
171.0
171.0
197.0
145.0
165.0
161.0
202.0
171.0
171.0
509.0
847.0
816.0
871.0
785.0
834.0
814.0
829.0
811.0
698.0
453.0
375.0
331.0
250.0
242.0
161.0
194.0
168.0
194.0
168.0
175.0
177.0
199.0
259.0
509.0
786.0
836.0
842.0
748.0
821.0
795.0
814.0
781.0
652.0
449.0
349.0
336.0
276.0
242.0
173.0
194.0
178.0
168.0
191.0
174.0
199.0
164.0
308.0
535.0
785.0
816.0
855.0
750.0
829.0
821.0
788.0
792.0
662.0
431.0
349.0
304.0
246.0
258.0
173.0
165.0
173.0
179.0
168.0
168.0
164.0
190.0
278.0
509.0
785.0
836.0
836.0
733.0
821.0
813.0
788.0
792.0
688.0
453.0
349.0
299.0
269.0
242.0
161.0
202.0
176.0
194.0
200.0
155.0
173.0
190.0
278.0
498.0
797.0
784.0
853.0
733.0
780.0
795.0
770.0
769.0
636.0
453.0
323.0
279.0
220.0
188.0
167.0
171.0
168.0
155.0
168.0
167.0
155.0
132.0
171.0
171.0
184.0
203.0
197.0
184.0
223.0
197.0
223.0
201.0
192.0
171.0
192.0
189.0
155.0
171.0
177.0
163.0
171.0
171.0
174.0
145.0
180.0
145.0
171.0
171.0
167.0
171.0
206.0
171.0
171.0
197.0
192.0
205.0
183.0
275.0
275.0
259.0
270.0
275.0
256.0
216.0
220.0
197.0
196.0
197.0
164.0
179.0
197.0
171.0
197.0
171.0
171.0
171.0
171.0
197.0
248.0
249.0
249.0
218.0
268.0
275.0
275.0
262.0
216.0
190.0
216.0
194.0
197.0
171.0
171.0
171.0
180.0
184.0
163.0
164.0
171.0
197.0
264.0
483.0
773.0
794.0
847.0
769.0
814.0
802.0
765.0
791.0
672.0
453.0
368.0
308.0
246.0
208.0
196.0
168.0
194.0
194.0
194.0
194.0
196.0
199.0
297.0
504.0
759.0
767.0
810.0
733.0
796.0
769.0
758.0
749.0
629.0
427.0
340.0
308.0
239.0
223.0
197.0
168.0
194.0
156.0
195.0
198.0
182.0
199.0
297.0
531.0
759.0
785.0
836.0
751.0
790.0
795.0
788.0
792.0
636.0
453.0
297.0
265.0
255.0
228.0
190.0
168.0
174.0
168.0
194.0
170.0
169.0
190.0
265.0
535.0
778.0
788.0
836.0
751.0
823.0
813.0
814.0
792.0
687.0
453.0
344.0
331.0
267.0
216.0
194.0
178.0
184.0
194.0
194.0
194.0
155.0
190.0
291.0
519.0
808.0
810.0
836.0
733.0
821.0
795.0
794.0
766.0
636.0
462.0
323.0
277.0
267.0
216.0
194.0
168.0
199.0
168.0
194.0
156.0
178.0
156.0
175.0
185.0
223.0
235.0
275.0
223.0
265.0
249.0
245.0
261.0
216.0
231.0
206.0
190.0
187.0
171.0
172.0
163.0
161.0
177.0
202.0
168.0
200.0
145.0
171.0
171.0
192.0
190.0
192.0
230.0
218.0
218.0
197.0
225.0
192.0
192.0
225.0
181.0
192.0
177.0
171.0
180.0
197.0
178.0
171.0
155.0
145.0
197.0
171.0
509.0
760.0
797.0
872.0
762.0
793.0
820.0
791.0
765.0
646.0
458.0
375.0
288.0
272.0
214.0
202.0
168.0
194.0
194.0
194.0
168.0
164.0
188.0
291.0
533.0
780.0
775.0
845.0
773.0
794.0
788.0
788.0
766.0
667.0
446.0
375.0
292.0
272.0
216.0
194.0
177.0
189.0
188.0
168.0
204.0
197.0
190.0
288.0
536.0
799.0
782.0
836.0
730.0
795.0
795.0
788.0
796.0
662.0
457.0
328.0
286.0
236.0
216.0
220.0
168.0
189.0
198.0
194.0
199.0
201.0
216.0
301.0
522.0
760.0
821.0
836.0
746.0
815.0
828.0
780.0
792.0
688.0
453.0
341.0
284.0
239.0
216.0
242.0
173.0
194.0
160.0
194.0
203.0
165.0
190.0
300.0
525.0
759.0
785.0
862.0
751.0
821.0
780.0
788.0
766.0
636.0
401.0
309.0
252.0
211.0
216.0
256.0
168.0
183.0
174.0
158.0
184.0
158.0
164.0
171.0
206.0
296.0
306.0
275.0
249.0
301.0
280.0
270.0
259.0
242.0
183.0
193.0
205.0
171.0
170.0
155.0
174.0
159.0
171.0
171.0
164.0
177.0
171.0
172.0
201.0
267.0
263.0
275.0
260.0
275.0
250.0
249.0
249.0
208.0
190.0
192.0
192.0
171.0
159.0
164.0
171.0
194.0
155.0
171.0
168.0
162.0
194.0
165.0
483.0
821.0
815.0
899.0
762.0
805.0
851.0
803.0
791.0
665.0
453.0
349.0
302.0
260.0
213.0
244.0
194.0
402.0
402.0
393.0
407.0
437.0
434.0
456.0
493.0
561.0
551.0
584.0
587.0
566.0
535.0
540.0
792.0
649.0
425.0
392.0
298.0
261.0
248.0
239.0
216.0
194.0
202.0
206.0
199.0
196.0
199.0
303.0
509.0
768.0
790.0
836.0
762.0
828.0
795.0
802.0
727.0
555.0
374.0
297.0
251.0
194.0
185.0
258.0
143.0
157.0
171.0
152.0
152.0
172.0
141.0
171.0
171.0
171.0
171.0
229.0
195.0
175.0
171.0
180.0
175.0
136.0
145.0
165.0
145.0
146.0
171.0
142.0
145.0
161.0
154.0
166.0
171.0
145.0
145.0
171.0
177.0
167.0
171.0
249.0
223.0
197.0
192.0
201.0
171.0
171.0
171.0
167.0
171.0
171.0
164.0
164.0
146.0
155.0
171.0
144.0
167.0
145.0
145.0
145.0
171.0
197.0
197.0
197.0
197.0
192.0
197.0
192.0
183.0
171.0
171.0
175.0
171.0
171.0
145.0
171.0
168.0
145.0
132.0
171.0
175.0
171.0
197.0
131.0
509.0
789.0
769.0
766.0
708.0
762.0
762.0
775.0
739.0
646.0
436.0
314.0
261.0
220.0
198.0
138.0
194.0
194.0
179.0
168.0
172.0
172.0
195.0
285.0
525.0
809.0
853.0
836.0
785.0
853.0
814.0
828.0
792.0
686.0
453.0
350.0
298.0
246.0
211.0
242.0
194.0
194.0
189.0
194.0
183.0
173.0
231.0
265.0
535.0
811.0
836.0
889.0
795.0
843.0
825.0
821.0
792.0
691.0
472.0
375.0
357.0
239.0
216.0
242.0
185.0
187.0
202.0
194.0
181.0
173.0
199.0
291.0
534.0
822.0
837.0
889.0
811.0
873.0
838.0
854.0
792.0
688.0
454.0
323.0
293.0
239.0
216.0
242.0
194.0
194.0
185.0
194.0
199.0
173.0
199.0
291.0
535.0
811.0
810.0
867.0
785.0
815.0
821.0
814.0
792.0
688.0
453.0
349.0
307.0
272.0
235.0
239.0
194.0
194.0
187.0
171.0
194.0
173.0
219.0
265.0
523.0
811.0
837.0
902.0
811.0
868.0
849.0
853.0
818.0
724.0
479.0
375.0
265.0
220.0
213.0
242.0
174.0
162.0
168.0
168.0
168.0
159.0
164.0
156.0
197.0
232.0
215.0
188.0
195.0
223.0
225.0
213.0
238.0
216.0
189.0
181.0
155.0
192.0
171.0
171.0
161.0
174.0
164.0
171.0
171.0
171.0
156.0
171.0
197.0
197.0
216.0
216.0
211.0
218.0
218.0
216.0
216.0
211.0
185.0
192.0
197.0
216.0
182.0
171.0
197.0
171.0
197.0
171.0
192.0
171.0
192.0
306.0
494.0
821.0
873.0
925.0
814.0
873.0
840.0
850.0
817.0
724.0
444.0
364.0
309.0
245.0
216.0
242.0
199.0
243.0
246.0
257.0
246.0
251.0
242.0
345.0
509.0
785.0
837.0
863.0
796.0
795.0
769.0
767.0
736.0
662.0
453.0
401.0
343.0
301.0
268.0
266.0
283.0
272.0
298.0
272.0
276.0
303.0
295.0
379.0
509.0
707.0
764.0
837.0
733.0
759.0
769.0
732.0
740.0
665.0
453.0
401.0
343.0
329.0
324.0
291.0
223.0
194.0
220.0
206.0
223.0
199.0
223.0
317.0
531.0
837.0
833.0
934.0
811.0
834.0
849.0
854.0
855.0
714.0
478.0
386.0
315.0
280.0
242.0
220.0
220.0
194.0
220.0
215.0
220.0
225.0
219.0
317.0
559.0
811.0
863.0
917.0
811.0
873.0
873.0
858.0
881.0
714.0
443.0
349.0
282.0
272.0
243.0
220.0
168.0
168.0
168.0
159.0
161.0
173.0
176.0
161.0
197.0
275.0
301.0
301.0
301.0
275.0
271.0
270.0
278.0
279.0
216.0
216.0
197.0
192.0
200.0
171.0
171.0
173.0
171.0
171.0
171.0
171.0
176.0
157.0
194.0
279.0
272.0
301.0
275.0
296.0
301.0
296.0
275.0
270.0
216.0
229.0
191.0
197.0
193.0
171.0
171.0
190.0
197.0
196.0
197.0
197.0
192.0
301.0
483.0
743.0
796.0
833.0
790.0
814.0
814.0
765.0
765.0
672.0
427.0
338.0
289.0
272.0
277.0
215.0
229.0
198.0
220.0
194.0
202.0
206.0
199.0
303.0
540.0
733.0
785.0
848.0
777.0
816.0
795.0
788.0
792.0
679.0
479.0
380.0
320.0
239.0
242.0
215.0
212.0
194.0
217.0
194.0
184.0
205.0
184.0
265.0
502.0
785.0
811.0
897.0
785.0
849.0
821.0
814.0
796.0
688.0
447.0
349.0
308.0
272.0
256.0
210.0
220.0
194.0
197.0
202.0
202.0
199.0
186.0
297.0
500.0
811.0
841.0
913.0
822.0
863.0
847.0
854.0
812.0
726.0
479.0
375.0
343.0
246.0
245.0
220.0
221.0
230.0
194.0
201.0
194.0
199.0
199.0
331.0
594.0
848.0
863.0
915.0
805.0
862.0
847.0
854.0
823.0
717.0
443.0
323.0
282.0
219.0
190.0
160.0
202.0
168.0
159.0
194.0
295.0
222.0
243.0
243.0
191.0
183.0
217.0
191.0
191.0
232.0
195.0
170.0
189.0
196.0
188.0
191.0
218.0
191.0
202.0
216.0
196.0
222.0
222.0
217.0
196.0
222.0
222.0
170.0
200.0
219.0
192.0
195.0
195.0
189.0
202.0
195.0
189.0
221.0
252.0
247.0
241.0
241.0
241.0
221.0
217.0
200.0
215.0
215.0
189.0
203.0
201.0
175.0
227.0
201.0
198.0
201.0
201.0
201.0
201.0
164.0
227.0
201.0
253.0
253.0
227.0
227.0
253.0
240.0
224.0
227.0
219.0
227.0
227.0
190.0
219.0
163.0
215.0
204.0
196.0
163.0
200.0
190.0
189.0
189.0
665.0
943.0
969.0
1041.0
939.0
943.0
943.0
943.0
934.0
820.0
553.0
433.0
345.0
281.0
281.0
255.0
229.0
229.0
186.0
223.0
196.0
196.0
196.0
383.0
683.0
959.0
945.0
995.0
915.0
943.0
917.0
917.0
928.0
787.0
533.0
415.0
377.0
310.0
234.0
249.0
222.0
185.0
232.0
204.0
221.0
196.0
248.0
378.0
694.0
912.0
984.0
1058.0
920.0
970.0
940.0
946.0
901.0
794.0
531.0
428.0
384.0
275.0
260.0
234.0
208.0
229.0
249.0
209.0
222.0
196.0
210.0
378.0
680.0
917.0
943.0
996.0
891.0
929.0
917.0
906.0
907.0
750.0
516.0
397.0
319.0
244.0
218.0
244.0
158.0
192.0
166.0
168.0
161.0
160.0
166.0
166.0
221.0
270.0
239.0
257.0
218.0
270.0
248.0
269.0
256.0
248.0
222.0
232.0
222.0
203.0
222.0
170.0
192.0
194.0
184.0
170.0
169.0
196.0
170.0
187.0
182.0
234.0
260.0
260.0
269.0
234.0
234.0
261.0
260.0
258.0
221.0
193.0
213.0
186.0
184.0
167.0
191.0
167.0
186.0
193.0
179.0
167.0
200.0
326.0
664.0
931.0
919.0
1002.0
903.0
956.0
925.0
960.0
903.0
761.0
494.0
449.0
371.0
298.0
267.0
279.0
219.0
218.0
246.0
219.0
189.0
219.0
222.0
386.0
664.0
924.0
980.0
1040.0
950.0
980.0
951.0
951.0
925.0
795.0
526.0
441.0
369.0
330.0
273.0
277.0
221.0
209.0
219.0
221.0
215.0
221.0
221.0
383.0
611.0
923.0
921.0
990.0
910.0
938.0
912.0
926.0
892.0
770.0
509.0
431.0
379.0
287.0
262.0
272.0
208.0
208.0
218.0
227.0
190.0
182.0
238.0
376.0
635.0
922.0
958.0
964.0
912.0
931.0
893.0
890.0
879.0
749.0
507.0
429.0
367.0
300.0
278.0
242.0
212.0
226.0
226.0
252.0
212.0
212.0
242.0
368.0
654.0
914.0
953.0
999.0
922.0
938.0
948.0
923.0
932.0
764.0
535.0
393.0
353.0
301.0
275.0
252.0
215.0
209.0
190.0
182.0
182.0
186.0
186.0
218.0
212.0
294.0
304.0
323.0
294.0
302.0
297.0
315.0
296.0
275.0
244.0
226.0
240.0
228.0
240.0
159.0
188.0
214.0
214.0
208.0
190.0
182.0
191.0
222.0
248.0
282.0
300.0
353.0
305.0
300.0
281.0
306.0
278.0
274.0
247.0
241.0
240.0
216.0
214.0
162.0
207.0
188.0
214.0
188.0
187.0
188.0
188.0
219.0
609.0
843.0
910.0
920.0
840.0
899.0
894.0
868.0
868.0
738.0
469.0
386.0
350.0
275.0
280.0
250.0
224.0
198.0
224.0
198.0
183.0
232.0
217.0
344.0
622.0
836.0
882.0
905.0
833.0
842.0
842.0
853.0
839.0
709.0
475.0
371.0
324.0
267.0
278.0
236.0
221.0
221.0
230.0
213.0
181.0
221.0
239.0
377.0
642.0
817.0
843.0
917.0
861.0
853.0
875.0
856.0
809.0
705.0
487.0
377.0
327.0
275.0
275.0
252.0
249.0
224.0
213.0
209.0
210.0
235.0
232.0
374.0
642.0
846.0
872.0
920.0
879.0
898.0
851.0
851.0
851.0
709.0
501.0
381.0
313.0
325.0
236.0
255.0
244.0
250.0
224.0
198.0
229.0
221.0
222.0
349.0
664.0
898.0
872.0
946.0
857.0
899.0
842.0
868.0
842.0
723.0
515.0
385.0
318.0
273.0
243.0
247.0
221.0
232.0
221.0
221.0
184.0
221.0
189.0
189.0
201.0
218.0
218.0
218.0
218.0
230.0
213.0
227.0
227.0
222.0
224.0
231.0
190.0
250.0
224.0
172.0
184.0
215.0
224.0
231.0
202.0
194.0
189.0
198.0
198.0
230.0
250.0
282.0
250.0
250.0
229.0
250.0
250.0
218.0
250.0
231.0
244.0
224.0
218.0
176.0
218.0
191.0
182.0
198.0
208.0
195.0
218.0
198.0
663.0
909.0
990.0
1062.0
950.0
995.0
947.0
937.0
929.0
795.0
539.0
435.0
386.0
318.0
260.0
244.0
218.0
244.0
244.0
218.0
209.0
224.0
254.0
371.0
695.0
951.0
984.0
1055.0
941.0
977.0
957.0
951.0
928.0
772.0
509.0
408.0
353.0
301.0
247.0
247.0
222.0
211.0
228.0
207.0
245.0
184.0
208.0
345.0
668.0
927.0
943.0
1021.0
960.0
925.0
933.0
929.0
899.0
787.0
553.0
423.0
384.0
302.0
276.0
250.0
230.0
231.0
214.0
214.0
240.0
255.0
213.0
341.0
627.0
913.0
950.0
1002.0
936.0
948.0
944.0
938.0
919.0
789.0
530.0
399.0
380.0
310.0
251.0
253.0
237.0
228.0
214.0
228.0
254.0
211.0
221.0
341.0
601.0
943.0
956.0
1002.0
929.0
940.0
923.0
891.0
906.0
795.0
539.0
357.0
276.0
239.0
224.0
266.0
232.0
195.0
221.0
221.0
247.0
198.0
221.0
206.0
198.0
243.0
244.0
246.0
244.0
269.0
270.0
261.0
235.0
244.0
273.0
231.0
244.0
218.0
242.0
166.0
205.0
218.0
228.0
222.0
198.0
218.0
192.0
218.0
222.0
222.0
214.0
222.0
265.0
294.0
248.0
248.0
248.0
234.0
242.0
248.0
214.0
222.0
207.0
170.0
222.0
221.0
221.0
201.0
221.0
220.0
222.0
322.0
638.0
952.0
981.0
1050.0
946.0
998.0
1014.0
968.0
980.0
825.0
591.0
429.0
357.0
296.0
270.0
270.0
240.0
240.0
214.0
230.0
230.0
230.0
211.0
383.0
602.0
939.0
991.0
1017.0
965.0
996.0
965.0
955.0
965.0
836.0
557.0
428.0
350.0
299.0
242.0
281.0
255.0
217.0
236.0
218.0
218.0
220.0
230.0
349.0
631.0
924.0
950.0
1024.0
943.0
976.0
959.0
946.0
917.0
787.0
519.0
419.0
356.0
331.0
252.0
283.0
234.0
227.0
214.0
219.0
221.0
222.0
211.0
341.0
646.0
913.0
981.0
1046.0
944.0
974.0
968.0
941.0
932.0
837.0
527.0
416.0
348.0
292.0
266.0
268.0
279.0
230.0
248.0
256.0
222.0
216.0
220.0
380.0
605.0
924.0
949.0
1015.0
948.0
974.0
973.0
948.0
930.0
813.0
527.0
388.0
354.0
272.0
250.0
276.0
226.0
200.0
227.0
219.0
230.0
191.0
224.0
219.0
243.0
243.0
273.0
270.0
261.0
279.0
270.0
270.0
270.0
270.0
255.0
244.0
227.0
218.0
255.0
171.0
210.0
218.0
218.0
211.0
192.0
192.0
201.0
190.0
201.0
216.0
214.0
281.0
238.0
253.0
279.0
262.0
279.0
256.0
244.0
218.0
229.0
231.0
182.0
169.0
166.0
192.0
218.0
157.0
166.0
196.0
192.0
184.0
644.0
852.0
899.0
990.0
943.0
946.0
990.0
938.0
986.0
853.0
578.0
456.0
379.0
299.0
266.0
259.0
209.0
187.0
256.0
231.0
231.0
188.0
226.0
338.0
629.0
925.0
938.0
1059.0
955.0
975.0
1011.0
978.0
948.0
835.0
578.0
448.0
370.0
318.0
266.0
275.0
244.0
252.0
244.0
244.0
231.0
230.0
233.0
364.0
638.0
950.0
950.0
1054.0
950.0
976.0
965.0
950.0
954.0
806.0
618.0
406.0
370.0
344.0
240.0
278.0
235.0
249.0
252.0
226.0
244.0
258.0
226.0
366.0
639.0
949.0
975.0
1050.0
956.0
975.0
948.0
939.0
948.0
822.0
604.0
479.0
370.0
321.0
275.0
273.0
247.0
235.0
218.0
244.0
226.0
221.0
255.0
370.0
679.0
949.0
981.0
1050.0
893.0
903.0
896.0
844.0
760.0
528.0
414.0
348.0
270.0
270.0
244.0
181.0
207.0
244.0
192.0
213.0
226.0
200.0
318.0
552.0
856.0
868.0
903.0
838.0
864.0
838.0
845.0
826.0
708.0
469.0
396.0
344.0
266.0
214.0
237.0
221.0
195.0
222.0
195.0
211.0
205.0
190.0
215.0
237.0
263.0
265.0
327.0
269.0
289.0
263.0
263.0
282.0
246.0
239.0
237.0
226.0
214.0
218.0
161.0
192.0
192.0
192.0
192.0
192.0
185.0
182.0
218.0
218.0
217.0
217.0
217.0
257.0
247.0
217.0
243.0
243.0
240.0
243.0
218.0
209.0
218.0
218.0
168.0
201.0
227.0
222.0
207.0
205.0
227.0
201.0
182.0
617.0
877.0
903.0
948.0
865.0
922.0
904.0
922.0
884.0
801.0
526.0
463.0
351.0
327.0
259.0
249.0
206.0
197.0
195.0
226.0
221.0
221.0
207.0
326.0
611.0
845.0
925.0
940.0
871.0
902.0
902.0
870.0
864.0
784.0
552.0
448.0
351.0
299.0
250.0
235.0
224.0
247.0
209.0
231.0
222.0
221.0
209.0
329.0
609.0
851.0
903.0
912.0
842.0
894.0
864.0
868.0
868.0
764.0
504.0
426.0
374.0
299.0
276.0
244.0
218.0
192.0
218.0
218.0
218.0
218.0
207.0
336.0
610.0
845.0
884.0
927.0
812.0
849.0
842.0
850.0
806.0
717.0
478.0
382.0
311.0
273.0
250.0
254.0
232.0
192.0
186.0
225.0
226.0
195.0
195.0
338.0
669.0
851.0
861.0
903.0
787.0
874.0
869.0
850.0
871.0
721.0
453.0
364.0
312.0
276.0
250.0
238.0
199.0
200.0
203.0
218.0
192.0
195.0
199.0
181.0
208.0
233.0
269.0
267.0
260.0
278.0
262.0
273.0
260.0
256.0
224.0
250.0
195.0
222.0
221.0
176.0
198.0
202.0
189.0
196.0
201.0
202.0
166.0
201.0
227.0
218.0
192.0
218.0
244.0
218.0
246.0
246.0
246.0
246.0
220.0
220.0
220.0
255.0
194.0
168.0
194.0
220.0
199.0
224.0
184.0
200.0
190.0
185.0
574.0
849.0
866.0
892.0
823.0
865.0
849.0
843.0
823.0
728.0
569.0
483.0
348.0
276.0
250.0
250.0
221.0
220.0
215.0
192.0
218.0
185.0
213.0
349.0
575.0
851.0
846.0
874.0
831.0
872.0
872.0
878.0
864.0
758.0
526.0
448.0
377.0
288.0
247.0
242.0
233.0
218.0
218.0
192.0
228.0
218.0
212.0
333.0
589.0
845.0
892.0
896.0
813.0
840.0
876.0
854.0
876.0
746.0
510.0
406.0
348.0
294.0
276.0
258.0
250.0
224.0
184.0
191.0
218.0
187.0
220.0
331.0
603.0
816.0
864.0
868.0
767.0
810.0
818.0
754.0
708.0
604.0
439.0
374.0
300.0
280.0
224.0
249.0
200.0
197.0
193.0
192.0
161.0
156.0
167.0
199.0
167.0
219.0
183.0
193.0
196.0
194.0
188.0
217.0
217.0
217.0
217.0
203.0
199.0
166.0
164.0
174.0
166.0
164.0
190.0
175.0
199.0
174.0
175.0
175.0
201.0
161.0
204.0
186.0
188.0
192.0
201.0
185.0
222.0
192.0
217.0
187.0
203.0
187.0
187.0
173.0
197.0
171.0
191.0
198.0
206.0
129.0
155.0
171.0
169.0
171.0
191.0
161.0
189.0
192.0
192.0
188.0
192.0
202.0
218.0
186.0
194.0
197.0
200.0
169.0
196.0
175.0
195.0
157.0
175.0
201.0
201.0
165.0
591.0
859.0
869.0
892.0
806.0
884.0
871.0
884.0
858.0
754.0
471.0
420.0
359.0
308.0
250.0
245.0
216.0
213.0
228.0
191.0
218.0
212.0
193.0
328.0
613.0
836.0
894.0
920.0
816.0
868.0
891.0
904.0
878.0
800.0
512.0
436.0
362.0
308.0
258.0
237.0
195.0
227.0
226.0
226.0
195.0
192.0
221.0
320.0
606.0
839.0
887.0
923.0
841.0
869.0
902.0
886.0
860.0
729.0
520.0
432.0
337.0
273.0
224.0
250.0
210.0
216.0
220.0
213.0
187.0
189.0
225.0
332.0
631.0
845.0
897.0
897.0
817.0
865.0
893.0
902.0
864.0
760.0
529.0
427.0
344.0
310.0
252.0
273.0
218.0
230.0
192.0
192.0
218.0
225.0
230.0
331.0
579.0
840.0
857.0
892.0
813.0
865.0
899.0
865.0
875.0
748.0
506.0
390.0
353.0
259.0
250.0
275.0
199.0
215.0
182.0
230.0
207.0
223.0
181.0
229.0
215.0
270.0
270.0
270.0
273.0
282.0
299.0
296.0
304.0
248.0
234.0
217.0
243.0
217.0
211.0
162.0
197.0
226.0
183.0
195.0
192.0
199.0
200.0
191.0
181.0
199.0
226.0
251.0
236.0
235.0
209.0
209.0
223.0
225.0
209.0
209.0
247.0
215.0
199.0
165.0
221.0
208.0
199.0
183.0
211.0
199.0
199.0
190.0
579.0
898.0
892.0
942.0
858.0
913.0
910.0
934.0
909.0
766.0
553.0
440.0
384.0
307.0
250.0
282.0
213.0
239.0
230.0
213.0
220.0
218.0
209.0
311.0
600.0
868.0
895.0
929.0
812.0
902.0
892.0
897.0
902.0
746.0
538.0
390.0
348.0
301.0
233.0
265.0
222.0
231.0
226.0
213.0
222.0
222.0
221.0
326.0
609.0
859.0
866.0
927.0
813.0
879.0
907.0
835.0
870.0
752.0
509.0
380.0
348.0
276.0
242.0
270.0
222.0
196.0
222.0
222.0
219.0
196.0
214.0
352.0
609.0
842.0
868.0
926.0
841.0
904.0
902.0
905.0
850.0
720.0
496.0
426.0
358.0
280.0
257.0
272.0
231.0
214.0
220.0
209.0
205.0
204.0
207.0
369.0
596.0
855.0
889.0
924.0
813.0
865.0
861.0
865.0
867.0
709.0
503.0
373.0
350.0
274.0
276.0
283.0
231.0
223.0
232.0
218.0
215.0
218.0
212.0
214.0
271.0
301.0
309.0
348.0
264.0
300.0
287.0
301.0
309.0
269.0
217.0
217.0
217.0
200.0
225.0
161.0
159.0
201.0
213.0
199.0
199.0
223.0
190.0
198.0
223.0
243.0
268.0
270.0
243.0
245.0
279.0
279.0
270.0
247.0
235.0
258.0
209.0
209.0
225.0
166.0
192.0
219.0
199.0
199.0
225.0
199.0
200.0
205.0
578.0
924.0
917.0
941.0
857.0
912.0
922.0
923.0
864.0
758.0
538.0
460.0
331.0
306.0
252.0
239.0
221.0
213.0
239.0
213.0
218.0
221.0
221.0
353.0
646.0
871.0
897.0
923.0
821.0
893.0
905.0
895.0
878.0
753.0
512.0
432.0
384.0
306.0
250.0
240.0
221.0
248.0
256.0
231.0
218.0
192.0
252.0
359.0
612.0
879.0
905.0
946.0
816.0
898.0
904.0
876.0
876.0
773.0
544.0
431.0
373.0
306.0
249.0
234.0
222.0
222.0
222.0
216.0
226.0
191.0
248.0
318.0
623.0
855.0
902.0
930.0
845.0
898.0
907.0
896.0
844.0
766.0
532.0
462.0
384.0
305.0
276.0
250.0
222.0
250.0
198.0
213.0
198.0
208.0
207.0
359.0
601.0
847.0
887.0
921.0
854.0
871.0
871.0
836.0
824.0
720.0
444.0
382.0
321.0
269.0
214.0
247.0
221.0
195.0
160.0
197.0
165.0
163.0
197.0
199.0
189.0
218.0
244.0
270.0
243.0
243.0
238.0
269.0
269.0
269.0
217.0
217.0
213.0
191.0
213.0
175.0
187.0
187.0
173.0
166.0
198.0
187.0
175.0
192.0
192.0
218.0
270.0
270.0
242.0
250.0
239.0
241.0
241.0
216.0
239.0
232.0
232.0
232.0
206.0
167.0
206.0
180.0
195.0
206.0
173.0
180.0
201.0
192.0
596.0
896.0
890.0
955.0
901.0
892.0
921.0
895.0
869.0
775.0
546.0
453.0
380.0
303.0
245.0
245.0
212.0
213.0
181.0
213.0
221.0
198.0
210.0
327.0
608.0
844.0
871.0
931.0
813.0
891.0
891.0
839.0
865.0
734.0
533.0
425.0
379.0
296.0
250.0
252.0
221.0
213.0
213.0
231.0
188.0
218.0
210.0
352.0
599.0
908.0
920.0
953.0
846.0
896.0
896.0
901.0
875.0
753.0
538.0
431.0
332.0
263.0
250.0
250.0
216.0
224.0
218.0
202.0
192.0
195.0
204.0
192.0
195.0
221.0
320.0
545.0
905.0
897.0
923.0
819.0
871.0
825.0
767.0
779.0
642.0
460.0
382.0
322.0
269.0
250.0
247.0
220.0
216.0
184.0
216.0
213.0
201.0
228.0
210.0
207.0
296.0
306.0
322.0
316.0
326.0
332.0
333.0
326.0
296.0
247.0
215.0
257.0
240.0
206.0
232.0
206.0
221.0
195.0
195.0
195.0
195.0
231.0
221.0
192.0
221.0
242.0
247.0
247.0
244.0
258.0
241.0
236.0
241.0
267.0
241.0
215.0
241.0
215.0
215.0
220.0
193.0
213.0
189.0
215.0
191.0
197.0
188.0
589.0
859.0
899.0
965.0
875.0
902.0
888.0
902.0
876.0
798.0
564.0
432.0
369.0
268.0
250.0
250.0
211.0
192.0
218.0
209.0
218.0
218.0
221.0
320.0
571.0
894.0
897.0
959.0
820.0
908.0
898.0
897.0
900.0
768.0
590.0
483.0
355.0
295.0
247.0
247.0
214.0
232.0
197.0
223.0
223.0
225.0
223.0
320.0
642.0
906.0
895.0
947.0
869.0
883.0
907.0
890.0
890.0
774.0
528.0
455.0
346.0
268.0
242.0
283.0
227.0
193.0
219.0
197.0
249.0
201.0
227.0
320.0
614.0
873.0
931.0
947.0
847.0
929.0
903.0
903.0
903.0
777.0
535.0
435.0
351.0
284.0
247.0
263.0
253.0
187.0
227.0
201.0
228.0
225.0
227.0
309.0
557.0
907.0
940.0
938.0
871.0
894.0
889.0
884.0
870.0
740.0
512.0
394.0
325.0
299.0
280.0
273.0
215.0
220.0
206.0
185.0
192.0
192.0
186.0
231.0
221.0
257.0
263.0
305.0
244.0
309.0
272.0
283.0
302.0
255.0
243.0
248.0
212.0
213.0
213.0
213.0
202.0
232.0
185.0
195.0
195.0
195.0
195.0
216.0
209.0
273.0
266.0
263.0
275.0
278.0
265.0
275.0
260.0
267.0
238.0
239.0
214.0
210.0
213.0
213.0
246.0
199.0
207.0
181.0
207.0
207.0
181.0
212.0
591.0
914.0
896.0
948.0
870.0
896.0
922.0
896.0
883.0
800.0
571.0
442.0
381.0
287.0
275.0
273.0
249.0
223.0
223.0
197.0
197.0
219.0
173.0
369.0
580.0
881.0
921.0
935.0
869.0
934.0
895.0
895.0
905.0
769.0
530.0
453.0
348.0
296.0
270.0
270.0
245.0
245.0
258.0
215.0
223.0
233.0
248.0
369.0
614.0
868.0
904.0
924.0
846.0
891.0
879.0
846.0
872.0
774.0
609.0
517.0
383.0
336.0
317.0
271.0
250.0
276.0
246.0
216.0
208.0
254.0
243.0
369.0
588.0
842.0
875.0
889.0
815.0
833.0
824.0
879.0
833.0
776.0
604.0
497.0
380.0
329.0
290.0
279.0
238.0
234.0
276.0
276.0
236.0
253.0
238.0
382.0
587.0
850.0
842.0
895.0
826.0
845.0
817.0
842.0
813.0
734.0
512.0
436.0
345.0
315.0
270.0
250.0
195.0
221.0
195.0
193.0
195.0
183.0
186.0
218.0
248.0
296.0
320.0
356.0
325.0
357.0
357.0
348.0
350.0
323.0
270.0
243.0
231.0
218.0
218.0
218.0
192.0
208.0
192.0
187.0
192.0
182.0
192.0
218.0
244.0
235.0
277.0
305.0
306.0
305.0
305.0
264.0
305.0
269.0
253.0
243.0
232.0
213.0
188.0
229.0
232.0
232.0
284.0
284.0
277.0
310.0
279.0
340.0
291.0
789.0
838.0
875.0
786.0
838.0
854.0
825.0
851.0
786.0
630.0
568.0
358.0
318.0
313.0
331.0
279.0
208.0
246.0
272.0
238.0
244.0
244.0
325.0
611.0
899.0
920.0
945.0
896.0
948.0
948.0
948.0
896.0
780.0
583.0
482.0
380.0
362.0
303.0
279.0
250.0
207.0
220.0
212.0
229.0
227.0
217.0
385.0
615.0
922.0
911.0
959.0
888.0
940.0
914.0
914.0
895.0
758.0
568.0
395.0
348.0
303.0
241.0
270.0
244.0
215.0
232.0
208.0
223.0
191.0
227.0
367.0
605.0
873.0
889.0
940.0
849.0
867.0
895.0
862.0
855.0
760.0
505.0
405.0
356.0
283.0
274.0
236.0
236.0
228.0
213.0
210.0
207.0
225.0
244.0
361.0
629.0
834.0
893.0
928.0
862.0
883.0
888.0
872.0
872.0
732.0
467.0
378.0
325.0
262.0
221.0
254.0
190.0
210.0
210.0
184.0
184.0
182.0
195.0
185.0
217.0
217.0
228.0
210.0
236.0
226.0
236.0
232.0
226.0
236.0
213.0
236.0
226.0
218.0
184.0
218.0
218.0
189.0
200.0
188.0
192.0
184.0
192.0
214.0
175.0
218.0
244.0
270.0
244.0
244.0
246.0
270.0
244.0
270.0
270.0
270.0
251.0
244.0
243.0
229.0
195.0
227.0
232.0
211.0
187.0
213.0
187.0
183.0
623.0
913.0
974.0
1012.0
894.0
952.0
945.0
931.0
895.0
765.0
531.0
457.0
341.0
277.0
244.0
237.0
225.0
478.0
478.0
478.0
470.0
480.0
471.0
523.0
615.0
660.0
660.0
694.0
713.0
692.0
641.0
696.0
688.0
635.0
595.0
437.0
350.0
268.0
283.0
236.0
282.0
232.0
243.0
217.0
228.0
210.0
236.0
374.0
621.0
862.0
914.0
940.0
895.0
901.0
896.0
869.0
896.0
746.0
531.0
392.0
342.0
291.0
271.0
236.0
240.0
226.0
245.0
209.0
244.0
194.0
226.0
381.0
612.0
898.0
898.0
948.0
864.0
890.0
905.0
900.0
866.0
726.0
524.0
413.0
346.0
302.0
272.0
241.0
215.0
212.0
223.0
252.0
195.0
218.0
218.0
367.0
615.0
854.0
878.0
893.0
817.0
892.0
867.0
841.0
863.0
734.0
490.0
369.0
358.0
267.0
221.0
243.0
223.0
220.0
223.0
220.0
223.0
209.0
218.0
167.0
217.0
243.0
217.0
216.0
244.0
227.0
227.0
227.0
253.0
244.0
244.0
244.0
227.0
244.0
257.0
218.0
211.0
192.0
221.0
218.0
218.0
228.0
222.0
192.0
218.0
231.0
187.0
249.0
218.0
247.0
239.0
244.0
244.0
237.0
270.0
250.0
240.0
250.0
220.0
224.0
208.0
217.0
198.0
243.0
217.0
217.0
217.0
201.0
632.0
912.0
945.0
946.0
893.0
898.0
911.0
928.0
887.0
798.0
542.0
421.0
360.0
269.0
262.0
243.0
208.0
249.0
197.0
211.0
227.0
231.0
218.0
342.0
647.0
898.0
925.0
958.0
896.0
896.0
922.0
896.0
896.0
762.0
542.0
420.0
312.0
274.0
221.0
273.0
223.0
256.0
223.0
196.0
223.0
227.0
218.0
340.0
696.0
863.0
915.0
950.0
837.0
889.0
902.0
889.0
895.0
772.0
542.0
401.0
350.0
271.0
265.0
219.0
219.0
227.0
244.0
240.0
187.0
244.0
218.0
374.0
628.0
894.0
923.0
954.0
843.0
893.0
899.0
885.0
873.0
739.0
512.0
373.0
303.0
269.0
240.0
221.0
221.0
217.0
222.0
196.0
216.0
227.0
192.0
323.0
609.0
850.0
884.0
894.0
817.0
872.0
861.0
820.0
805.0
714.0
457.0
338.0
275.0
222.0
221.0
221.0
185.0
195.0
186.0
196.0
196.0
196.0
186.0
204.0
219.0
270.0
273.0
298.0
268.0
314.0
308.0
332.0
289.0
269.0
242.0
244.0
232.0
182.0
224.0
224.0
193.0
198.0
198.0
198.0
184.0
192.0
197.0
184.0
210.0
210.0
257.0
236.0
233.0
234.0
236.0
254.0
254.0
270.0
247.0
244.0
225.0
199.0
228.0
218.0
199.0
204.0
204.0
204.0
218.0
189.0
189.0
192.0
622.0
891.0
910.0
909.0
873.0
895.0
891.0
898.0
873.0
739.0
457.0
370.0
322.0
278.0
217.0
221.0
194.0
230.0
221.0
198.0
223.0
196.0
218.0
326.0
595.0
873.0
893.0
953.0
833.0
893.0
867.0
870.0
843.0
770.0
470.0
386.0
344.0
266.0
247.0
221.0
223.0
225.0
221.0
229.0
196.0
227.0
191.0
354.0
584.0
821.0
867.0
920.0
817.0
878.0
859.0
834.0
849.0
708.0
461.0
369.0
303.0
269.0
243.0
222.0
222.0
189.0
181.0
212.0
201.0
221.0
217.0
352.0
570.0
820.0
841.0
888.0
820.0
846.0
820.0
830.0
791.0
604.0
329.0
573.0
833.0
864.0
934.0
823.0
870.0
846.0
840.0
821.0
714.0
446.0
329.0
277.0
227.0
183.0
156.0
193.0
168.0
163.0
204.0
178.0
171.0
199.0
172.0
194.0
300.0
300.0
290.0
240.0
288.0
291.0
288.0
288.0
268.0
210.0
196.0
202.0
195.0
162.0
169.0
187.0
169.0
159.0
199.0
169.0
169.0
177.0
170.0
182.0
244.0
218.0
250.0
218.0
246.0
233.0
240.0
255.0
223.0
218.0
193.0
192.0
208.0
182.0
170.0
196.0
175.0
183.0
166.0
196.0
161.0
197.0
160.0
565.0
832.0
867.0
950.0
846.0
898.0
872.0
898.0
864.0
734.0
457.0
378.0
303.0
271.0
247.0
225.0
183.0
223.0
196.0
201.0
195.0
199.0
187.0
334.0
558.0
882.0
886.0
950.0
843.0
869.0
898.0
880.0
838.0
734.0
458.0
369.0
297.0
271.0
250.0
224.0
224.0
198.0
183.0
190.0
227.0
198.0
198.0
328.0
570.0
885.0
887.0
951.0
849.0
888.0
889.0
876.0
842.0
708.0
465.0
368.0
287.0
263.0
253.0
253.0
222.0
224.0
222.0
201.0
201.0
198.0
221.0
334.0
568.0
843.0
867.0
956.0
813.0
898.0
898.0
868.0
868.0
708.0
537.0
420.0
341.0
277.0
233.0
239.0
198.0
198.0
201.0
203.0
201.0
165.0
218.0
319.0
555.0
833.0
869.0
918.0
817.0
878.0
869.0
846.0
843.0
714.0
507.0
381.0
329.0
243.0
214.0
248.0
169.0
201.0
206.0
170.0
167.0
167.0
198.0
188.0
192.0
280.0
261.0
300.0
274.0
285.0
300.0
287.0
287.0
272.0
221.0
212.0
222.0
181.0
196.0
161.0
202.0
202.0
169.0
190.0
187.0
175.0
161.0
202.0
196.0
229.0
248.0
251.0
225.0
270.0
270.0
239.0
245.0
208.0
191.0
200.0
188.0
187.0
187.0
177.0
175.0
187.0
187.0
173.0
173.0
170.0
189.0
204.0
567.0
839.0
865.0
959.0
848.0
895.0
869.0
870.0
857.0
721.0
449.0
359.0
303.0
277.0
242.0
258.0
182.0
196.0
201.0
191.0
160.0
190.0
220.0
330.0
566.0
841.0
869.0
946.0
812.0
895.0
895.0
905.0
879.0
730.0
463.0
385.0
298.0
277.0
258.0
258.0
196.0
196.0
201.0
197.0
181.0
201.0
223.0
333.0
614.0
833.0
892.0
952.0
832.0
905.0
898.0
859.0
842.0
721.0
453.0
329.0
277.0
250.0
250.0
250.0
199.0
221.0
193.0
193.0
201.0
190.0
219.0
315.0
614.0
904.0
924.0
966.0
869.0
911.0
902.0
898.0
842.0
734.0
449.0
350.0
299.0
253.0
258.0
258.0
213.0
199.0
227.0
197.0
184.0
191.0
194.0
315.0
562.0
859.0
903.0
922.0
846.0
849.0
764.0
764.0
764.0
596.0
369.0
308.0
265.0
254.0
258.0
252.0
200.0
170.0
177.0
193.0
161.0
161.0
164.0
188.0
219.0
235.0
271.0
235.0
219.0
226.0
236.0
210.0
236.0
210.0
198.0
191.0
173.0
184.0
166.0
172.0
184.0
173.0
175.0
202.0
132.0
171.0
152.0
184.0
218.0
239.0
268.0
277.0
276.0
238.0
213.0
244.0
218.0
193.0
190.0
205.0
224.0
167.0
164.0
169.0
170.0
170.0
196.0
170.0
171.0
170.0
200.0
192.0
548.0
828.0
809.0
898.0
853.0
841.0
843.0
843.0
820.0
695.0
484.0
337.0
303.0
242.0
215.0
247.0
195.0
200.0
193.0
190.0
190.0
221.0
193.0
351.0
557.0
833.0
839.0
912.0
843.0
880.0
842.0
842.0
843.0
675.0
461.0
354.0
303.0
247.0
221.0
247.0
221.0
201.0
192.0
187.0
202.0
201.0
219.0
328.0
562.0
853.0
873.0
947.0
843.0
895.0
877.0
885.0
843.0
713.0
480.0
381.0
295.0
272.0
247.0
256.0
196.0
200.0
223.0
201.0
186.0
222.0
222.0
317.0
568.0
897.0
893.0
951.0
833.0
895.0
902.0
894.0
868.0
713.0
443.0
375.0
317.0
283.0
263.0
239.0
235.0
194.0
218.0
218.0
214.0
190.0
208.0
355.0
602.0
865.0
895.0
951.0
843.0
895.0
895.0
901.0
852.0
708.0
462.0
355.0
284.0
216.0
242.0
243.0
198.0
196.0
195.0
195.0
186.0
190.0
202.0
202.0
254.0
280.0
289.0
308.0
320.0
326.0
326.0
326.0
290.0
248.0
248.0
222.0
222.0
222.0
187.0
161.0
187.0
187.0
196.0
196.0
193.0
183.0
173.0
196.0
257.0
263.0
298.0
296.0
297.0
301.0
309.0
288.0
314.0
277.0
258.0
247.0
218.0
218.0
205.0
155.0
204.0
189.0
192.0
218.0
173.0
192.0
192.0
195.0
574.0
879.0
911.0
989.0
869.0
939.0
913.0
913.0
887.0
745.0
507.0
387.0
321.0
250.0
226.0
250.0
197.0
198.0
215.0
191.0
188.0
201.0
223.0
332.0
616.0
885.0
891.0
962.0
865.0
891.0
870.0
863.0
868.0
720.0
491.0
381.0
291.0
265.0
234.0
247.0
223.0
202.0
220.0
201.0
214.0
202.0
228.0
332.0
622.0
865.0
906.0
951.0
840.0
906.0
880.0
871.0
847.0
722.0
464.0
366.0
321.0
272.0
278.0
252.0
211.0
403.0
403.0
405.0
405.0
398.0
430.0
450.0
497.0
573.0
556.0
641.0
641.0
589.0
874.0
859.0
859.0
718.0
511.0
355.0
305.0
270.0
248.0
235.0
209.0
182.0
211.0
199.0
218.0
197.0
218.0
355.0
604.0
859.0
885.0
937.0
833.0
861.0
873.0
901.0
842.0
743.0
441.0
355.0
283.0
278.0
227.0
252.0
184.0
205.0
191.0
188.0
199.0
188.0
188.0
214.0
215.0
282.0
259.0
303.0
266.0
300.0
306.0
300.0
300.0
277.0
248.0
222.0
248.0
194.0
173.0
161.0
200.0
174.0
183.0
182.0
189.0
167.0
201.0
192.0
213.0
244.0
281.0
277.0
277.0
277.0
280.0
277.0
272.0
275.0
216.0
220.0
217.0
203.0
206.0
171.0
197.0
197.0
197.0
175.0
171.0
197.0
205.0
200.0
593.0
869.0
902.0
951.0
873.0
921.0
913.0
873.0
873.0
745.0
466.0
371.0
305.0
275.0
252.0
237.0
220.0
226.0
200.0
226.0
199.0
227.0
218.0
343.0
568.0
833.0
880.0
916.0
833.0
880.0
906.0
868.0
842.0
721.0
454.0
386.0
314.0
279.0
251.0
257.0
184.0
218.0
201.0
199.0
199.0
219.0
219.0
326.0
613.0
846.0
876.0
933.0
838.0
873.0
873.0
842.0
832.0
721.0
463.0
381.0
331.0
279.0
236.0
247.0
198.0
212.0
201.0
195.0
186.0
190.0
203.0
332.0
589.0
845.0
839.0
920.0
838.0
892.0
868.0
842.0
842.0
709.0
443.0
329.0
283.0
255.0
223.0
248.0
196.0
196.0
196.0
170.0
199.0
200.0
201.0
301.0
560.0
856.0
859.0
946.0
824.0
872.0
844.0
842.0
815.0
681.0
432.0
320.0
295.0
251.0
226.0
235.0
184.0
165.0
199.0
189.0
174.0
174.0
174.0
226.0
244.0
275.0
275.0
295.0
275.0
306.0
302.0
280.0
254.0
228.0
228.0
202.0
228.0
196.0
201.0
172.0
201.0
159.0
194.0
173.0
155.0
156.0
187.0
177.0
177.0
232.0
203.0
255.0
186.0
210.0
219.0
219.0
219.0
201.0
210.0
196.0
176.0
193.0
176.0
176.0
187.0
192.0
169.0
202.0
158.0
192.0
192.0
171.0
548.0
821.0
833.0
911.0
856.0
874.0
868.0
838.0
838.0
716.0
456.0
381.0
329.0
266.0
258.0
253.0
224.0
200.0
221.0
191.0
192.0
187.0
218.0
296.0
554.0
853.0
833.0
938.0
807.0
900.0
832.0
842.0
808.0
708.0
454.0
355.0
305.0
241.0
227.0
241.0
195.0
185.0
188.0
191.0
199.0
199.0
229.0
302.0
560.0
832.0
829.0
928.0
824.0
876.0
811.0
812.0
824.0
682.0
441.0
342.0
285.0
238.0
235.0
248.0
204.0
198.0
170.0
228.0
169.0
167.0
214.0
293.0
534.0
807.0
812.0
890.0
777.0
842.0
815.0
767.0
809.0
690.0
421.0
355.0
299.0
243.0
251.0
280.0
493.0
794.0
781.0
834.0
777.0
829.0
829.0
815.0
789.0
659.0
443.0
343.0
278.0
217.0
191.0
176.0
165.0
135.0
165.0
132.0
138.0
147.0
176.0
136.0
172.0
199.0
200.0
183.0
184.0
223.0
181.0
194.0
220.0
190.0
196.0
186.0
168.0
167.0
175.0
157.0
149.0
175.0
175.0
175.0
136.0
141.0
176.0
141.0
141.0
156.0
171.0
202.0
175.0
196.0
187.0
204.0
201.0
175.0
201.0
189.0
180.0
162.0
138.0
158.0
154.0
158.0
158.0
138.0
149.0
131.0
158.0
132.0
470.0
782.0
807.0
862.0
778.0
815.0
822.0
820.0
789.0
664.0
451.0
347.0
331.0
253.0
227.0
189.0
184.0
188.0
162.0
172.0
183.0
162.0
188.0
310.0
517.0
803.0
815.0
854.0
751.0
829.0
803.0
803.0
753.0
659.0
428.0
356.0
305.0
245.0
208.0
201.0
158.0
201.0
175.0
175.0
203.0
180.0
185.0
280.0
498.0
770.0
769.0
839.0
743.0
768.0
758.0
785.0
756.0
645.0
428.0
292.0
279.0
207.0
253.0
184.0
158.0
184.0
158.0
160.0
173.0
161.0
181.0
263.0
508.0
767.0
778.0
824.0
711.0
777.0
769.0
771.0
730.0
633.0
422.0
346.0
279.0
234.0
208.0
201.0
197.0
205.0
179.0
201.0
173.0
190.0
190.0
306.0
522.0
776.0
757.0
823.0
712.0
803.0
788.0
757.0
741.0
626.0
426.0
303.0
279.0
221.0
210.0
197.0
158.0
170.0
158.0
166.0
173.0
159.0
172.0
161.0
157.0
200.0
199.0
199.0
199.0
219.0
220.0
196.0
224.0
196.0
196.0
196.0
196.0
176.0
176.0
165.0
164.0
190.0
159.0
153.0
157.0
164.0
165.0
175.0
174.0
196.0
210.0
184.0
218.0
218.0
216.0
223.0
218.0
214.0
193.0
198.0
200.0
161.0
181.0
160.0
130.0
185.0
159.0
176.0
159.0
146.0
203.0
284.0
515.0
761.0
760.0
823.0
715.0
794.0
764.0
766.0
760.0
640.0
424.0
357.0
305.0
242.0
216.0
190.0
169.0
155.0
171.0
164.0
159.0
156.0
183.0
250.0
510.0
733.0
751.0
803.0
717.0
751.0
769.0
727.0
707.0
633.0
449.0
351.0
270.0
253.0
210.0
195.0
176.0
197.0
162.0
170.0
199.0
159.0
185.0
263.0
490.0
743.0
742.0
794.0
725.0
756.0
742.0
768.0
751.0
613.0
432.0
349.0
277.0
248.0
187.0
196.0
166.0
193.0
162.0
170.0
181.0
166.0
181.0
272.0
416.0
639.0
736.0
829.0
700.0
765.0
753.0
781.0
771.0
657.0
465.0
340.0
311.0
254.0
211.0
193.0
166.0
206.0
193.0
167.0
185.0
170.0
206.0
265.0
541.0
738.0
796.0
810.0
738.0
769.0
763.0
794.0
741.0
637.0
430.0
326.0
263.0
222.0
201.0
196.0
169.0
184.0
170.0
164.0
176.0
158.0
159.0
169.0
203.0
274.0
275.0
277.0
277.0
280.0
280.0
280.0
273.0
252.0
228.0
225.0
202.0
186.0
206.0
158.0
175.0
189.0
178.0
184.0
159.0
178.0
159.0
176.0
198.0
236.0
236.0
243.0
228.0
266.0
272.0
272.0
272.0
213.0
199.0
229.0
204.0
199.0
168.0
159.0
168.0
178.0
202.0
176.0
168.0
170.0
185.0
281.0
470.0
755.0
798.0
842.0
768.0
820.0
794.0
773.0
794.0
664.0
463.0
384.0
305.0
246.0
209.0
200.0
166.0
190.0
193.0
185.0
184.0
199.0
203.0
295.0
513.0
768.0
757.0
813.0
737.0
790.0
765.0
768.0
742.0
633.0
429.0
345.0
302.0
253.0
211.0
204.0
168.0
193.0
163.0
193.0
199.0
205.0
198.0
295.0
535.0
777.0
798.0
854.0
751.0
798.0
788.0
788.0
797.0
648.0
457.0
293.0
263.0
243.0
219.0
198.0
169.0
167.0
179.0
203.0
160.0
172.0
189.0
261.0
534.0
770.0
792.0
838.0
751.0
810.0
822.0
810.0
779.0
699.0
456.0
342.0
331.0
269.0
222.0
198.0
165.0
200.0
197.0
201.0
199.0
176.0
197.0
298.0
524.0
827.0
808.0
842.0
748.0
816.0
789.0
789.0
768.0
623.0
454.0
319.0
271.0
264.0
231.0
200.0
156.0
196.0
167.0
196.0
173.0
159.0
171.0
170.0
198.0
223.0
244.0
267.0
225.0
270.0
244.0
244.0
273.0
219.0
228.0
202.0
202.0
202.0
176.0
161.0
176.0
158.0
176.0
199.0
160.0
200.0
144.0
177.0
155.0
193.0
202.0
193.0
219.0
219.0
219.0
193.0
219.0
193.0
191.0
219.0
185.0
193.0
166.0
168.0
160.0
187.0
168.0
168.0
168.0
147.0
185.0
166.0
508.0
765.0
787.0
875.0
768.0
789.0
810.0
792.0
773.0
627.0
465.0
377.0
310.0
261.0
208.0
188.0
168.0
194.0
200.0
184.0
170.0
172.0
188.0
295.0
534.0
793.0
767.0
837.0
764.0
790.0
789.0
789.0
764.0
656.0
461.0
377.0
304.0
278.0
219.0
202.0
169.0
193.0
193.0
167.0
188.0
190.0
183.0
287.0
525.0
789.0
787.0
840.0
727.0
790.0
794.0
794.0
794.0
664.0
456.0
326.0
300.0
239.0
222.0
223.0
165.0
193.0
196.0
189.0
199.0
190.0
214.0
294.0
534.0
771.0
821.0
837.0
738.0
811.0
812.0
789.0
789.0
682.0
465.0
346.0
275.0
253.0
212.0
241.0
165.0
206.0
177.0
183.0
199.0
171.0
198.0
295.0
539.0
769.0
788.0
870.0
738.0
824.0
802.0
785.0
772.0
628.0
397.0
299.0
253.0
208.0
225.0
238.0
155.0
196.0
170.0
161.0
204.0
178.0
174.0
173.0
196.0
307.0
299.0
282.0
244.0
300.0
268.0
267.0
266.0
240.0
200.0
183.0
200.0
169.0
164.0
165.0
170.0
170.0
168.0
167.0
176.0
178.0
160.0
180.0
193.0
264.0
266.0
267.0
270.0
274.0
235.0
240.0
243.0
223.0
193.0
203.0
203.0
174.0
168.0
156.0
168.0
194.0
160.0
176.0
161.0
178.0
203.0
177.0
489.0
820.0
823.0
886.0
764.0
819.0
831.0
792.0
782.0
656.0
446.0
351.0
294.0
265.0
231.0
240.0
195.0
393.0
389.0
412.0
395.0
430.0
423.0
446.0
501.0
568.0
563.0
589.0
589.0
563.0
526.0
530.0
789.0
666.0
432.0
391.0
285.0
283.0
237.0
237.0
211.0
200.0
196.0
182.0
196.0
196.0
200.0
291.0
508.0
766.0
797.0
850.0
772.0
824.0
801.0
793.0
749.0
549.0
385.0
296.0
240.0
201.0
203.0
255.0
151.0
170.0
179.0
139.0
136.0
178.0
147.0
178.0
178.0
171.0
171.0
226.0
201.0
158.0
168.0
159.0
168.0
131.0
142.0
165.0
132.0
149.0
163.0
144.0
147.0
175.0
131.0
168.0
179.0
149.0
147.0
170.0
170.0
175.0
177.0
255.0
217.0
199.0
184.0
201.0
169.0
170.0
168.0
170.0
170.0
170.0
170.0
176.0
154.0
158.0
177.0
147.0
175.0
146.0
148.0
135.0
158.0
203.0
200.0
195.0
200.0
187.0
190.0
191.0
188.0
170.0
161.0
168.0
168.0
168.0
149.0
168.0
163.0
149.0
151.0
178.0
155.0
168.0
184.0
144.0
506.0
792.0
771.0
771.0
712.0
766.0
754.0
758.0
729.0
641.0
428.0
329.0
264.0
213.0
184.0
132.0
198.0
193.0
168.0
175.0
171.0
176.0
200.0
310.0
527.0
822.0
849.0
846.0
797.0
832.0
819.0
816.0
798.0
700.0
458.0
351.0
310.0
252.0
217.0
243.0
198.0
200.0
196.0
201.0
201.0
174.0
216.0
284.0
532.0
819.0
849.0
899.0
786.0
838.0
822.0
819.0
786.0
689.0
480.0
369.0
346.0
245.0
213.0
257.0
184.0
197.0
199.0
197.0
192.0
171.0
205.0
304.0
534.0
819.0
836.0
899.0
809.0
867.0
838.0
841.0
789.0
698.0
448.0
330.0
303.0
249.0
224.0
236.0
184.0
193.0
189.0
198.0
197.0
167.0
197.0
304.0
543.0
827.0
823.0
870.0
798.0
805.0
819.0
815.0
780.0
700.0
457.0
351.0
291.0
272.0
233.0
370.0
288.0
239.0
245.0
213.0
225.0
211.0
208.0
218.0
199.0
240.0
324.0
639.0
836.0
894.0
927.0
831.0
897.0
897.0
897.0
845.0
767.0
519.0
456.0
378.0
303.0
261.0
236.0
214.0
236.0
194.0
225.0
192.0
207.0
214.0
346.0
604.0
842.0
900.0
932.0
837.0
857.0
871.0
842.0
819.0
705.0
448.0
379.0
336.0
278.0
219.0
248.0
222.0
196.0
170.0
199.0
167.0
166.0
188.0
206.0
191.0
217.0
243.0
269.0
242.0
243.0
243.0
270.0
274.0
269.0
217.0
212.0
212.0
186.0
228.0
160.0
193.0
198.0
170.0
163.0
187.0
187.0
161.0
193.0
193.0
219.0
271.0
270.0
238.0
244.0
248.0
248.0
248.0
219.0
254.0
214.0
214.0
225.0
199.0
162.0
200.0
173.0
188.0
188.0
173.0
173.0
199.0
188.0
584.0
907.0
901.0
957.0
897.0
896.0
923.0
897.0
871.0
778.0
570.0
443.0
371.0
286.0
234.0
246.0
229.0
215.0
190.0
223.0
219.0
189.0
215.0
321.0
611.0
838.0
871.0
929.0
823.0
897.0
897.0
845.0
865.0
741.0
529.0
429.0
372.0
310.0
258.0
252.0
213.0
217.0
222.0
231.0
188.0
214.0
214.0
343.0
603.0
895.0
923.0
946.0
831.0
908.0
885.0
889.0
865.0
768.0
529.0
422.0
320.0
275.0
248.0
240.0
217.0
217.0
229.0
188.0
206.0
214.0
214.0
315.0
588.0
908.0
915.0
941.0
833.0
889.0
885.0
889.0
871.0
768.0
587.0
482.0
366.0
286.0
272.0
253.0
222.0
217.0
251.0
232.0
225.0
225.0
228.0
372.0
670.0
865.0
888.0
942.0
861.0
890.0
893.0
897.0
867.0
776.0
542.0
456.0
386.0
327.0
271.0
245.0
231.0
193.0
228.0
193.0
199.0
193.0
188.0
263.0
300.0
347.0
330.0
354.0
335.0
334.0
326.0
346.0
326.0
300.0
263.0
269.0
233.0
245.0
219.0
179.0
190.0
224.0
211.0
195.0
198.0
198.0
224.0
198.0
198.0
243.0
223.0
245.0
272.0
238.0
224.0
248.0
247.0
224.0
248.0
250.0
245.0
223.0
223.0
159.0
198.0
227.0
198.0
223.0
198.0
198.0
221.0
359.0
636.0
903.0
916.0
1023.0
896.0
938.0
940.0
919.0
909.0
797.0
529.0
430.0
375.0
313.0
262.0
257.0
222.0
222.0
229.0
248.0
225.0
231.0
215.0
376.0
641.0
933.0
966.0
1039.0
920.0
946.0
938.0
919.0
919.0
795.0
519.0
457.0
413.0
327.0
249.0
243.0
221.0
217.0
221.0
223.0
207.0
208.0
215.0
373.0
652.0
867.0
945.0
998.0
895.0
912.0
912.0
920.0
894.0
768.0
534.0
450.0
368.0
328.0
276.0
250.0
222.0
217.0
225.0
215.0
225.0
201.0
212.0
377.0
609.0
895.0
920.0
935.0
838.0
890.0
888.0
890.0
861.0
762.0
502.0
396.0
376.0
320.0
260.0
248.0
222.0
225.0
222.0
238.0
225.0
211.0
215.0
346.0
610.0
860.0
888.0
932.0
810.0
860.0
872.0
868.0
836.0
708.0
482.0
378.0
313.0
283.0
185.0
242.0
190.0
220.0
206.0
210.0
210.0
175.0
194.0
190.0
217.0
266.0
284.0
310.0
299.0
260.0
284.0
243.0
263.0
255.0
227.0
244.0
201.0
227.0
190.0
179.0
199.0
225.0
209.0
220.0
220.0
194.0
214.0
194.0
238.0
278.0
314.0
359.0
314.0
306.0
310.0
278.0
273.0
269.0
246.0
245.0
256.0
220.0
217.0
157.0
196.0
194.0
206.0
194.0
220.0
194.0
183.0
188.0
591.0
897.0
912.0
961.0
889.0
941.0
928.0
923.0
897.0
779.0
520.0
440.0
329.0
276.0
227.0
244.0
203.0
199.0
182.0
223.0
197.0
202.0
184.0
385.0
618.0
853.0
886.0
960.0
864.0
875.0
896.0
897.0
859.0
742.0
504.0
456.0
354.0
264.0
208.0
235.0
229.0
193.0
205.0
211.0
186.0
209.0
217.0
356.0
644.0
860.0
923.0
947.0
837.0
891.0
897.0
923.0
894.0
756.0
503.0
456.0
355.0
262.0
254.0
243.0
217.0
200.0
193.0
203.0
199.0
198.0
215.0
359.0
618.0
891.0
909.0
941.0
864.0
929.0
921.0
916.0
907.0
794.0
535.0
456.0
342.0
271.0
272.0
244.0
229.0
225.0
222.0
220.0
212.0
246.0
250.0
374.0
644.0
919.0
946.0
988.0
894.0
946.0
920.0
885.0
893.0
768.0
501.0
404.0
332.0
268.0
246.0
257.0
230.0
217.0
220.0
194.0
230.0
199.0
232.0
191.0
246.0
254.0
248.0
269.0
260.0
265.0
269.0
243.0
243.0
243.0
228.0
252.0
223.0
223.0
232.0
165.0
194.0
216.0
220.0
190.0
216.0
199.0
216.0
190.0
225.0
236.0
280.0
263.0
263.0
234.0
265.0
263.0
246.0
246.0
242.0
246.0
225.0
198.0
184.0
159.0
184.0
199.0
181.0
201.0
201.0
201.0
222.0
338.0
626.0
930.0
962.0
1004.0
945.0
956.0
953.0
938.0
950.0
799.0
546.0
445.0
351.0
305.0
257.0
234.0
227.0
233.0
192.0
253.0
227.0
185.0
211.0
373.0
626.0
916.0
954.0
976.0
888.0
917.0
930.0
887.0
887.0
748.0
534.0
420.0
373.0
287.0
263.0
256.0
216.0
245.0
185.0
211.0
199.0
202.0
214.0
358.0
620.0
856.0
903.0
959.0
853.0
888.0
895.0
897.0
871.0
767.0
501.0
404.0
356.0
301.0
266.0
248.0
221.0
217.0
196.0
214.0
201.0
159.0
215.0
371.0
576.0
889.0
916.0
941.0
858.0
894.0
871.0
897.0
867.0
737.0
449.0
366.0
352.0
289.0
243.0
243.0
217.0
190.0
174.0
185.0
216.0
185.0
185.0
372.0
690.0
847.0
896.0
957.0
873.0
887.0
887.0
890.0
838.0
725.0
453.0
344.0
300.0
226.0
242.0
242.0
182.0
184.0
220.0
197.0
184.0
215.0
183.0
173.0
194.0
202.0
199.0
199.0
214.0
191.0
198.0
217.0
191.0
220.0
220.0
209.0
197.0
213.0
223.0
179.0
204.0
223.0
187.0
203.0
197.0
197.0
197.0
205.0
197.0
223.0
241.0
252.0
249.0
249.0
235.0
223.0
213.0
197.0
224.0
223.0
197.0
197.0
194.0
162.0
230.0
182.0
194.0
182.0
194.0
194.0
194.0
175.0
224.0
204.0
249.0
241.0
225.0
228.0
251.0
251.0
221.0
215.0
226.0
221.0
221.0
195.0
210.0
169.0
221.0
206.0
198.0
169.0
189.0
191.0
189.0
201.0
653.0
941.0
962.0
1052.0
939.0
958.0
956.0
953.0
913.0
813.0
560.0
430.0
344.0
267.0
266.0
241.0
232.0
228.0
184.0
222.0
184.0
184.0
203.0
372.0
690.0
945.0
941.0
1011.0
924.0
949.0
923.0
923.0
923.0
804.0
536.0
416.0
378.0
293.0
241.0
241.0
217.0
191.0
213.0
202.0
225.0
183.0
246.0
384.0
697.0
920.0
979.0
1057.0
915.0
962.0
947.0
957.0
897.0
794.0
527.0
430.0
379.0
266.0
266.0
248.0
222.0
222.0
248.0
230.0
220.0
195.0
229.0
373.0
690.0
919.0
948.0
1005.0
893.0
913.0
929.0
887.0
887.0
736.0
508.0
404.0
317.0
242.0
216.0
242.0
158.0
189.0
173.0
171.0
173.0
165.0
165.0
176.0
213.0
284.0
243.0
248.0
223.0
268.0
248.0
283.0
243.0
236.0
217.0
214.0
224.0
191.0
207.0
165.0
194.0
191.0
199.0
156.0
180.0
199.0
176.0
188.0
191.0
240.0
266.0
274.0
266.0
246.0
240.0
283.0
284.0
252.0
214.0
203.0
209.0
186.0
181.0
180.0
191.0
158.0
201.0
195.0
180.0
173.0
185.0
326.0
657.0
919.0
932.0
993.0
889.0
941.0
922.0
947.0
897.0
763.0
503.0
463.0
382.0
294.0
268.0
267.0
216.0
223.0
236.0
223.0
199.0
229.0
229.0
385.0
665.0
921.0
977.0
1050.0
941.0
980.0
954.0
954.0
923.0
796.0
541.0
463.0
371.0
323.0
275.0
267.0
212.0
219.0
219.0
219.0
219.0
229.0
229.0
385.0
609.0
921.0
921.0
1006.0
954.0
817.0
563.0
428.0
366.0
289.0
272.0
217.0
216.0
251.0
225.0
216.0
190.0
229.0
256.0
372.0
635.0
946.0
961.0
1005.0
910.0
1002.0
980.0
940.0
911.0
830.0
560.0
411.0
340.0
316.0
273.0
231.0
257.0
247.0
221.0
230.0
227.0
255.0
255.0
388.0
644.0
960.0
970.0
1025.0
940.0
940.0
946.0
932.0
919.0
763.0
499.0
463.0
381.0
300.0
240.0
217.0
215.0
223.0
210.0
225.0
218.0
195.0
243.0
383.0
647.0
945.0
942.0
994.0
895.0
954.0
913.0
928.0
901.0
778.0
534.0
404.0
344.0
267.0
214.0
210.0
218.0
195.0
221.0
221.0
195.0
209.0
193.0
183.0
246.0
357.0
361.0
347.0
332.0
347.0
357.0
347.0
347.0
333.0
272.0
246.0
254.0
256.0
217.0
220.0
227.0
215.0
219.0
215.0
225.0
203.0
216.0
199.0
247.0
238.0
330.0
343.0
312.0
356.0
338.0
338.0
338.0
362.0
260.0
246.0
220.0
203.0
178.0
220.0
158.0
172.0
194.0
218.0
168.0
199.0
199.0
183.0
550.0
947.0
1008.0
1050.0
915.0
967.0
967.0
935.0
979.0
837.0
598.0
453.0
356.0
281.0
241.0
225.0
199.0
217.0
221.0
195.0
195.0
191.0
216.0
373.0
652.0
920.0
980.0
1006.0
928.0
939.0
928.0
928.0
894.0
778.0
508.0
430.0
344.0
263.0
233.0
215.0
191.0
200.0
210.0
186.0
229.0
195.0
222.0
347.0
652.0
954.0
980.0
1032.0
902.0
938.0
952.0
919.0
911.0
798.0
556.0
424.0
358.0
263.0
219.0
222.0
191.0
213.0
195.0
195.0
219.0
194.0
224.0
358.0
638.0
921.0
973.0
999.0
892.0
946.0
920.0
920.0
901.0
759.0
503.0
387.0
349.0
268.0
238.0
217.0
217.0
220.0
229.0
200.0
234.0
227.0
209.0
373.0
624.0
945.0
939.0
968.0
816.0
890.0
812.0
809.0
791.0
643.0
509.0
377.0
300.0
248.0
244.0
209.0
217.0
221.0
221.0
195.0
221.0
215.0
219.0
224.0
222.0
300.0
409.0
394.0
338.0
391.0
408.0
410.0
385.0
356.0
239.0
220.0
220.0
220.0
203.0
217.0
195.0
205.0
168.0
202.0
171.0
190.0
169.0
185.0
211.0
218.0
346.0
338.0
338.0
340.0
332.0
326.0
326.0
271.0
245.0
247.0
215.0
215.0
215.0
215.0
189.0
206.0
194.0
200.0
205.0
191.0
206.0
359.0
702.0
846.0
877.0
910.0
870.0
879.0
875.0
875.0
855.0
719.0
479.0
355.0
305.0
267.0
241.0
227.0
185.0
184.0
183.0
194.0
184.0
192.0
215.0
345.0
581.0
807.0
838.0
901.0
833.0
842.0
820.0
823.0
791.0
650.0
463.0
329.0
300.0
284.0
241.0
217.0
243.0
224.0
215.0
210.0
211.0
217.0
246.0
353.0
592.0
806.0
780.0
835.0
827.0
783.0
800.0
791.0
774.0
557.0
411.0
329.0
301.0
258.0
272.0
215.0
217.0
225.0
212.0
184.0
210.0
222.0
217.0
347.0
546.0
728.0
776.0
754.0
742.0
720.0
734.0
696.0
668.0
523.0
364.0
303.0
255.0
231.0
215.0
226.0
191.0
199.0
220.0
184.0
223.0
195.0
211.0
313.0
470.0
602.0
637.0
665.0
655.0
646.0
611.0
594.0
552.0
489.0
347.0
271.0
230.0
189.0
189.0
207.0
191.0
160.0
182.0
194.0
188.0
199.0
188.0
310.0
369.0
515.0
473.0
481.0
454.0
384.0
300.0
213.0
198.0
178.0
173.0
159.0
159.0
169.0
161.0
216.0
168.0
173.0
170.0
163.0
163.0
155.0
167.0
163.0
129.0
141.0
137.0
148.0
172.0
146.0
137.0
144.0
151.0
152.0
163.0
159.0
178.0
174.0
175.0
163.0
146.0
163.0
163.0
172.0
170.0
176.0
148.0
148.0
154.0
148.0
163.0
169.0
145.0
138.0
148.0
148.0
172.0
163.0
176.0
150.0
165.0
172.0
146.0
176.0
176.0
146.0
176.0
176.0
167.0
163.0
136.0
136.0
167.0
178.0
146.0
136.0
176.0
172.0
171.0
146.0
175.0
166.0
173.0
160.0
142.0
173.0
173.0
173.0
149.0
173.0
173.0
147.0
173.0
176.0
149.0
149.0
149.0
176.0
149.0
176.0
139.0
176.0
176.0
145.0
176.0
149.0
176.0
176.0
175.0
176.0
171.0
137.0
176.0
176.0
178.0
167.0
176.0
176.0
131.0
176.0
137.0
176.0
176.0
149.0
176.0
146.0
149.0
176.0
143.0
174.0
176.0
163.0
176.0
171.0
166.0
176.0
156.0
137.0
155.0
146.0
167.0
146.0
138.0
176.0
146.0
176.0
153.0
138.0
173.0
138.0
165.0
162.0
176.0
176.0
164.0
176.0
176.0
176.0
176.0
176.0
139.0
166.0
134.0
168.0
149.0
175.0
154.0
166.0
169.0
169.0
138.0
176.0
156.0
176.0
182.0
165.0
158.0
173.0
166.0
169.0
166.0
173.0
173.0
149.0
173.0
173.0
173.0
180.0
177.0
171.0
157.0
130.0
484.0
600.0
641.0
667.0
667.0
628.0
615.0
563.0
563.0
453.0
297.0
278.0
220.0
216.0
197.0
222.0
195.0
195.0
169.0
158.0
199.0
237.0
197.0
292.0
577.0
784.0
823.0
867.0
789.0
811.0
819.0
792.0
788.0
624.0
387.0
304.0
246.0
208.0
216.0
218.0
190.0
195.0
199.0
205.0
205.0
225.0
217.0
328.0
629.0
813.0
878.0
915.0
837.0
870.0
896.0
892.0
865.0
719.0
453.0
329.0
280.0
228.0
203.0
222.0
191.0
195.0
195.0
195.0
223.0
192.0
206.0
197.0
626.0
872.0
918.0
920.0
836.0
902.0
871.0
902.0
875.0
749.0
444.0
381.0
289.0
273.0
214.0
217.0
191.0
221.0
188.0
194.0
217.0
217.0
217.0
350.0
635.0
895.0
921.0
945.0
853.0
897.0
871.0
863.0
845.0
745.0
453.0
354.0
331.0
283.0
248.0
218.0
191.0
226.0
187.0
210.0
202.0
223.0
217.0
382.0
642.0
901.0
928.0
947.0
842.0
902.0
884.0
861.0
849.0
710.0
447.0
355.0
292.0
238.0
213.0
223.0
191.0
169.0
201.0
205.0
201.0
194.0
188.0
188.0
191.0
246.0
254.0
255.0
261.0
248.0
281.0
213.0
269.0
220.0
217.0
217.0
222.0
196.0
196.0
159.0
194.0
196.0
217.0
189.0
222.0
196.0
159.0
189.0
200.0
226.0
227.0
250.0
252.0
226.0
211.0
208.0
230.0
226.0
226.0
191.0
221.0
197.0
195.0
173.0
204.0
188.0
188.0
197.0
189.0
205.0
185.0
346.0
622.0
919.0
945.0
1012.0
860.0
948.0
947.0
947.0
927.0
733.0
539.0
386.0
289.0
237.0
223.0
208.0
201.0
196.0
203.0
224.0
190.0
189.0
212.0
368.0
670.0
954.0
973.0
977.0
901.0
913.0
928.0
932.0
930.0
765.0
535.0
393.0
376.0
263.0
248.0
214.0
225.0
223.0
216.0
226.0
254.0
228.0
217.0
350.0
644.0
903.0
926.0
920.0
867.0
906.0
928.0
886.0
898.0
754.0
509.0
419.0
360.0
263.0
220.0
223.0
223.0
214.0
223.0
228.0
223.0
181.0
211.0
314.0
619.0
895.0
947.0
947.0
869.0
924.0
918.0
901.0
897.0
767.0
546.0
452.0
353.0
263.0
257.0
210.0
223.0
218.0
189.0
217.0
227.0
191.0
230.0
376.0
648.0
957.0
936.0
999.0
889.0
947.0
916.0
909.0
901.0
754.0
543.0
404.0
360.0
274.0
252.0
223.0
182.0
221.0
231.0
216.0
228.0
216.0
216.0
191.0
248.0
306.0
325.0
286.0
284.0
335.0
308.0
308.0
308.0
268.0
246.0
246.0
246.0
222.0
222.0
173.0
196.0
220.0
194.0
222.0
222.0
222.0
206.0
187.0
245.0
242.0
265.0
273.0
262.0
259.0
265.0
265.0
247.0
261.0
248.0
213.0
218.0
192.0
197.0
171.0
218.0
199.0
185.0
192.0
218.0
196.0
232.0
346.0
642.0
924.0
945.0
971.0
893.0
929.0
907.0
887.0
861.0
719.0
456.0
376.0
295.0
245.0
223.0
223.0
197.0
195.0
191.0
187.0
191.0
201.0
217.0
351.0
191.0
242.0
314.0
635.0
845.0
889.0
919.0
856.0
897.0
896.0
908.0
837.0
764.0
520.0
445.0
384.0
289.0
263.0
248.0
222.0
248.0
201.0
209.0
195.0
208.0
229.0
339.0
601.0
845.0
891.0
919.0
836.0
859.0
871.0
845.0
819.0
719.0
463.0
371.0
318.0
281.0
225.0
249.0
225.0
192.0
161.0
194.0
179.0
157.0
188.0
198.0
191.0
221.0
254.0
280.0
247.0
248.0
243.0
273.0
273.0
273.0
218.0
221.0
220.0
203.0
218.0
166.0
204.0
192.0
173.0
158.0
192.0
192.0
160.0
192.0
201.0
218.0
272.0
283.0
239.0
244.0
236.0
243.0
243.0
226.0
243.0
217.0
217.0
217.0
191.0
173.0
202.0
164.0
191.0
184.0
173.0
171.0
196.0
201.0
581.0
896.0
907.0
945.0
905.0
901.0
911.0
892.0
875.0
766.0
554.0
445.0
379.0
298.0
245.0
249.0
214.0
222.0
190.0
208.0
210.0
203.0
216.0
329.0
619.0
831.0
882.0
931.0
820.0
894.0
892.0
852.0
871.0
737.0
520.0
430.0
379.0
298.0
248.0
254.0
219.0
226.0
226.0
226.0
182.0
227.0
226.0
358.0
600.0
902.0
928.0
954.0
846.0
892.0
902.0
902.0
875.0
765.0
535.0
419.0
330.0
263.0
236.0
249.0
221.0
220.0
223.0
190.0
185.0
224.0
220.0
324.0
592.0
896.0
933.0
960.0
849.0
900.0
905.0
904.0
875.0
768.0
580.0
488.0
379.0
293.0
272.0
256.0
223.0
220.0
236.0
217.0
223.0
223.0
220.0
372.0
665.0
871.0
896.0
945.0
860.0
896.0
897.0
892.0
857.0
770.0
543.0
445.0
376.0
324.0
272.0
244.0
223.0
196.0
227.0
194.0
198.0
194.0
188.0
268.0
305.0
358.0
332.0
338.0
316.0
332.0
314.0
361.0
335.0
299.0
278.0
278.0
252.0
251.0
217.0
173.0
191.0
223.0
226.0
200.0
189.0
186.0
213.0
196.0
187.0
239.0
217.0
244.0
265.0
250.0
217.0
239.0
243.0
217.0
254.0
243.0
243.0
217.0
217.0
164.0
192.0
222.0
204.0
226.0
205.0
192.0
213.0
352.0
624.0
894.0
919.0
1026.0
894.0
946.0
954.0
928.0
921.0
790.0
535.0
419.0
379.0
331.0
264.0
249.0
223.0
212.0
210.0
253.0
223.0
227.0
219.0
378.0
637.0
910.0
962.0
1056.0
915.0
939.0
958.0
913.0
932.0
780.0
543.0
445.0
389.0
312.0
240.0
249.0
207.0
219.0
217.0
227.0
219.0
219.0
219.0
374.0
661.0
858.0
936.0
987.0
901.0
913.0
913.0
918.0
901.0
757.0
537.0
449.0
384.0
332.0
275.0
249.0
223.0
231.0
214.0
227.0
217.0
197.0
212.0
377.0
598.0
901.0
910.0
957.0
834.0
892.0
886.0
901.0
865.0
761.0
509.0
393.0
379.0
332.0
275.0
249.0
225.0
214.0
219.0
235.0
223.0
215.0
217.0
339.0
606.0
869.0
896.0
919.0
820.0
865.0
879.0
879.0
853.0
723.0
476.0
372.0
327.0
269.0
197.0
249.0
197.0
214.0
188.0
227.0
223.0
171.0
192.0
190.0
221.0
268.0
259.0
285.0
294.0
271.0
279.0
246.0
268.0
257.0
220.0
243.0
193.0
217.0
202.0
173.0
191.0
217.0
217.0
226.0
219.0
193.0
219.0
193.0
240.0
272.0
324.0
346.0
320.0
297.0
302.0
269.0
276.0
271.0
233.0
243.0
251.0
230.0
232.0
173.0
194.0
188.0
187.0
187.0
222.0
196.0
196.0
184.0
590.0
886.0
910.0
962.0
902.0
941.0
918.0
926.0
899.0
799.0
537.0
419.0
332.0
271.0
223.0
239.0
190.0
192.0
193.0
219.0
206.0
193.0
188.0
370.0
598.0
850.0
902.0
952.0
869.0
876.0
892.0
908.0
864.0
739.0
502.0
445.0
355.0
271.0
219.0
257.0
223.0
202.0
181.0
213.0
197.0
218.0
214.0
355.0
624.0
871.0
933.0
959.0
845.0
900.0
892.0
923.0
897.0
775.0
511.0
456.0
351.0
265.0
249.0
244.0
218.0
188.0
188.0
202.0
192.0
192.0
214.0
346.0
610.0
902.0
919.0
945.0
864.0
919.0
923.0
929.0
889.0
781.0
528.0
445.0
355.0
272.0
271.0
237.0
223.0
208.0
232.0
231.0
217.0
234.0
251.0
375.0
633.0
923.0
944.0
997.0
893.0
948.0
918.0
885.0
892.0
763.0
509.0
407.0
327.0
272.0
245.0
243.0
223.0
219.0
219.0
193.0
211.0
193.0
211.0
188.0
243.0
250.0
244.0
279.0
266.0
269.0
279.0
245.0
245.0
256.0
217.0
249.0
217.0
217.0
218.0
161.0
192.0
218.0
207.0
183.0
214.0
192.0
225.0
186.0
228.0
244.0
271.0
271.0
271.0
244.0
271.0
268.0
239.0
239.0
256.0
243.0
219.0
196.0
191.0
159.0
190.0
205.0
191.0
200.0
201.0
182.0
212.0
359.0
635.0
923.0
979.0
997.0
950.0
943.0
949.0
944.0
949.0
794.0
563.0
445.0
354.0
285.0
245.0
248.0
213.0
246.0
206.0
251.0
232.0
206.0
208.0
364.0
648.0
922.0
936.0
985.0
907.0
933.0
918.0
884.0
890.0
738.0
543.0
431.0
379.0
290.0
266.0
244.0
214.0
246.0
185.0
232.0
206.0
193.0
223.0
360.0
610.0
836.0
895.0
935.0
842.0
896.0
891.0
897.0
868.0
764.0
517.0
400.0
349.0
295.0
265.0
252.0
221.0
219.0
184.0
231.0
201.0
171.0
214.0
364.0
596.0
889.0
921.0
959.0
865.0
906.0
866.0
899.0
867.0
748.0
450.0
368.0
360.0
290.0
240.0
245.0
221.0
187.0
167.0
193.0
227.0
193.0
198.0
380.0
697.0
851.0
895.0
937.0
881.0
884.0
892.0
897.0
842.0
719.0
450.0
339.0
292.0
220.0
240.0
249.0
197.0
197.0
224.0
198.0
197.0
215.0
201.0
165.0
191.0
194.0
192.0
197.0
227.0
186.0
186.0
224.0
181.0
218.0
231.0
228.0
198.0
209.0
224.0
165.0
195.0
224.0
193.0
190.0
198.0
193.0
193.0
193.0
183.0
221.0
250.0
250.0
244.0
245.0
240.0
220.0
216.0
193.0
219.0
217.0
193.0
199.0
193.0
173.0
219.0
195.0
194.0
195.0
190.0
188.0
197.0
173.0
210.0
188.0
250.0
247.0
223.0
221.0
247.0
233.0
221.0
214.0
221.0
218.0
214.0
192.0
219.0
166.0
214.0
192.0
188.0
171.0
188.0
186.0
188.0
187.0
669.0
949.0
978.0
1060.0
956.0
941.0
949.0
949.0
923.0
830.0
553.0
419.0
360.0
265.0
265.0
253.0
219.0
220.0
200.0
224.0
206.0
197.0
184.0
375.0
685.0
942.0
935.0
987.0
922.0
939.0
925.0
929.0
919.0
783.0
537.0
423.0
366.0
291.0
247.0
238.0
223.0
196.0
217.0
191.0
232.0
206.0
240.0
364.0
688.0
930.0
971.0
1063.0
919.0
982.0
955.0
953.0
892.0
789.0
535.0
423.0
379.0
281.0
271.0
248.0
223.0
226.0
250.0
222.0
221.0
189.0
214.0
388.0
682.0
921.0
953.0
999.0
905.0
926.0
931.0
892.0
904.0
750.0
502.0
405.0
313.0
246.0
227.0
254.0
161.0
192.0
174.0
174.0
173.0
155.0
156.0
173.0
211.0
271.0
239.0
250.0
225.0
262.0
243.0
262.0
241.0
240.0
217.0
230.0
218.0
191.0
218.0
173.0
194.0
192.0
192.0
180.0
180.0
189.0
163.0
188.0
188.0
256.0
283.0
265.0
271.0
241.0
247.0
279.0
271.0
244.0
214.0
188.0
214.0
188.0
188.0
173.0
191.0
173.0
189.0
198.0
180.0
170.0
201.0
324.0
666.0
923.0
913.0
1010.0
900.0
941.0
919.0
939.0
887.0
756.0
511.0
445.0
377.0
289.0
284.0
263.0
221.0
228.0
245.0
228.0
200.0
213.0
214.0
366.0
655.0
917.0
971.0
1041.0
952.0
966.0
955.0
955.0
918.0
780.0
535.0
453.0
385.0
331.0
279.0
261.0
223.0
224.0
226.0
226.0
223.0
227.0
227.0
366.0
598.0
929.0
915.0
987.0
914.0
952.0
921.0
914.0
884.0
766.0
511.0
423.0
377.0
520.0
414.0
344.0
271.0
219.0
227.0
171.0
206.0
195.0
191.0
191.0
180.0
189.0
170.0
191.0
191.0
265.0
272.0
272.0
246.0
272.0
272.0
273.0
284.0
237.0
187.0
215.0
203.0
216.0
190.0
173.0
190.0
202.0
192.0
192.0
156.0
196.0
196.0
192.0
198.0
250.0
257.0
277.0
247.0
271.0
271.0
245.0
271.0
228.0
221.0
193.0
173.0
193.0
193.0
173.0
173.0
193.0
166.0
193.0
163.0
165.0
193.0
232.0
480.0
601.0
761.0
817.0
763.0
785.0
793.0
797.0
771.0
661.0
465.0
346.0
297.0
244.0
221.0
171.0
171.0
169.0
172.0
173.0
157.0
203.0
176.0
272.0
542.0
796.0
797.0
836.0
752.0
784.0
785.0
757.0
771.0
643.0
449.0
346.0
325.0
284.0
228.0
171.0
171.0
160.0
180.0
197.0
171.0
180.0
184.0
280.0
500.0
760.0
798.0
810.0
715.0
767.0
757.0
772.0
758.0
626.0
431.0
354.0
299.0
245.0
249.0
171.0
158.0
176.0
171.0
170.0
171.0
180.0
206.0
260.0
500.0
777.0
745.0
823.0
717.0
757.0
764.0
769.0
740.0
647.0
426.0
343.0
331.0
275.0
218.0
171.0
197.0
171.0
188.0
156.0
177.0
171.0
172.0
276.0
482.0
734.0
758.0
801.0
679.0
770.0
751.0
748.0
732.0
619.0
373.0
347.0
305.0
248.0
222.0
175.0
163.0
169.0
166.0
171.0
197.0
176.0
157.0
155.0
160.0
211.0
183.0
218.0
192.0
218.0
215.0
221.0
207.0
218.0
195.0
204.0
167.0
192.0
173.0
170.0
183.0
166.0
166.0
166.0
166.0
166.0
166.0
157.0
158.0
206.0
196.0
192.0
232.0
187.0
192.0
218.0
205.0
192.0
194.0
192.0
179.0
192.0
200.0
166.0
170.0
172.0
157.0
180.0
159.0
180.0
161.0
166.0
166.0
186.0
188.0
232.0
244.0
214.0
214.0
214.0
214.0
214.0
181.0
199.0
201.0
176.0
199.0
166.0
199.0
188.0
192.0
156.0
174.0
192.0
180.0
180.0
469.0
689.0
689.0
785.0
709.0
798.0
800.0
778.0
757.0
671.0
492.0
348.0
269.0
265.0
208.0
164.0
191.0
194.0
163.0
171.0
186.0
190.0
165.0
295.0
508.0
767.0
771.0
807.0
710.0
764.0
766.0
781.0
766.0
626.0
449.0
362.0
297.0
242.0
222.0
170.0
187.0
198.0
172.0
198.0
168.0
204.0
198.0
277.0
493.0
799.0
797.0
836.0
742.0
816.0
792.0
823.0
803.0
652.0
449.0
348.0
301.0
273.0
235.0
158.0
193.0
187.0
198.0
182.0
197.0
194.0
206.0
282.0
516.0
785.0
797.0
844.0
759.0
815.0
819.0
823.0
796.0
652.0
450.0
350.0
277.0
222.0
185.0
171.0
161.0
143.0
171.0
138.0
145.0
131.0
157.0
149.0
160.0
183.0
184.0
188.0
192.0
209.0
183.0
183.0
209.0
183.0
182.0
197.0
159.0
161.0
159.0
166.0
148.0
169.0
180.0
155.0
146.0
144.0
171.0
144.0
146.0
180.0
180.0
203.0
180.0
206.0
206.0
206.0
206.0
164.0
197.0
200.0
155.0
168.0
135.0
169.0
133.0
169.0
171.0
129.0
131.0
144.0
174.0
151.0
469.0
797.0
807.0
859.0
755.0
817.0
819.0
819.0
785.0
664.0
449.0
339.0
325.0
235.0
218.0
190.0
189.0
196.0
157.0
171.0
197.0
173.0
198.0
295.0
516.0
793.0
808.0
839.0
742.0
811.0
790.0
793.0
759.0
672.0
426.0
362.0
308.0
236.0
224.0
191.0
170.0
190.0
179.0
170.0
196.0
171.0
204.0
268.0
508.0
753.0
771.0
843.0
742.0
766.0
759.0
793.0
759.0
626.0
423.0
305.0
272.0
219.0
250.0
196.0
177.0
196.0
167.0
158.0
173.0
171.0
193.0
280.0
514.0
775.0
771.0
823.0
711.0
774.0
755.0
758.0
729.0
626.0
428.0
348.0
271.0
242.0
227.0
190.0
190.0
191.0
176.0
190.0
171.0
200.0
187.0
299.0
523.0
765.0
772.0
825.0
716.0
781.0
803.0
778.0
740.0
626.0
421.0
289.0
272.0
220.0
220.0
186.0
166.0
168.0
168.0
168.0
171.0
165.0
159.0
165.0
165.0
195.0
192.0
202.0
182.0
232.0
221.0
195.0
224.0
195.0
193.0
193.0
193.0
168.0
167.0
163.0
167.0
195.0
166.0
129.0
161.0
167.0
179.0
162.0
167.0
193.0
223.0
193.0
210.0
216.0
219.0
216.0
216.0
220.0
194.0
193.0
193.0
167.0
193.0
169.0
140.0
192.0
175.0
169.0
173.0
141.0
190.0
264.0
517.0
768.0
756.0
829.0
709.0
783.0
761.0
770.0
755.0
632.0
432.0
348.0
299.0
245.0
216.0
190.0
164.0
169.0
170.0
158.0
172.0
170.0
204.0
254.0
495.0
731.0
729.0
796.0
716.0
734.0
762.0
727.0
706.0
631.0
455.0
341.0
273.0
238.0
221.0
192.0
165.0
202.0
176.0
170.0
196.0
171.0
202.0
280.0
482.0
741.0
745.0
784.0
718.0
774.0
748.0
769.0
732.0
615.0
436.0
341.0
265.0
245.0
206.0
202.0
170.0
205.0
170.0
156.0
200.0
176.0
185.0
274.0
432.0
639.0
745.0
823.0
685.0
758.0
773.0
782.0
753.0
667.0
449.0
341.0
319.0
235.0
225.0
189.0
168.0
191.0
191.0
170.0
197.0
171.0
192.0
278.0
540.0
729.0
800.0
817.0
727.0
760.0
774.0
792.0
732.0
624.0
424.0
326.0
265.0
228.0
204.0
195.0
156.0
193.0
165.0
166.0
169.0
171.0
175.0
163.0
191.0
269.0
277.0
284.0
262.0
265.0
262.0
269.0
277.0
254.0
227.0
231.0
201.0
193.0
191.0
162.0
169.0
182.0
169.0
201.0
164.0
178.0
178.0
157.0
186.0
257.0
235.0
237.0
231.0
261.0
261.0
261.0
284.0
221.0
183.0
216.0
189.0
194.0
166.0
167.0
169.0
159.0
194.0
166.0
166.0
166.0
190.0
280.0
491.0
755.0
802.0
849.0
777.0
807.0
779.0
763.0
784.0
661.0
462.0
370.0
298.0
254.0
218.0
196.0
170.0
194.0
198.0
189.0
197.0
198.0
202.0
295.0
502.0
768.0
759.0
807.0
741.0
781.0
777.0
774.0
732.0
647.0
427.0
358.0
296.0
236.0
209.0
192.0
166.0
192.0
160.0
192.0
197.0
192.0
183.0
295.0
520.0
771.0
783.0
838.0
727.0
780.0
785.0
797.0
784.0
637.0
464.0
301.0
265.0
254.0
221.0
195.0
166.0
168.0
172.0
188.0
171.0
176.0
181.0
280.0
535.0
769.0
801.0
831.0
727.0
813.0
824.0
823.0
792.0
689.0
459.0
348.0
325.0
280.0
221.0
196.0
170.0
191.0
191.0
191.0
191.0
176.0
189.0
295.0
535.0
826.0
829.0
848.0
727.0
812.0
800.0
783.0
767.0
626.0
466.0
330.0
265.0
264.0
217.0
198.0
172.0
190.0
156.0
198.0
158.0
172.0
155.0
169.0
191.0
207.0
241.0
279.0
221.0
261.0
253.0
247.0
273.0
220.0
222.0
182.0
193.0
193.0
167.0
167.0
165.0
167.0
167.0
193.0
162.0
203.0
150.0
176.0
156.0
202.0
205.0
199.0
213.0
222.0
222.0
205.0
218.0
184.0
194.0
218.0
201.0
187.0
160.0
160.0
169.0
192.0
169.0
168.0
166.0
136.0
199.0
176.0
514.0
753.0
779.0
875.0
777.0
779.0
814.0
779.0
771.0
644.0
462.0
375.0
299.0
281.0
221.0
181.0
170.0
189.0
198.0
181.0
173.0
171.0
194.0
295.0
524.0
800.0
772.0
837.0
753.0
779.0
791.0
790.0
771.0
662.0
459.0
374.0
305.0
264.0
227.0
191.0
171.0
191.0
191.0
168.0
192.0
195.0
189.0
295.0
535.0
799.0
795.0
856.0
737.0
785.0
785.0
790.0
792.0
665.0
460.0
321.0
298.0
246.0
220.0
217.0
165.0
186.0
181.0
198.0
186.0
192.0
213.0
286.0
539.0
755.0
821.0
843.0
743.0
817.0
824.0
790.0
779.0
694.0
459.0
348.0
282.0
254.0
221.0
243.0
170.0
191.0
170.0
188.0
196.0
177.0
195.0
294.0
520.0
188.0
214.0
316.0
527.0
851.0
837.0
914.0
829.0
849.0
849.0
856.0
849.0
719.0
489.0
374.0
324.0
264.0
246.0
208.0
217.0
191.0
210.0
217.0
225.0
228.0
214.0
330.0
566.0
815.0
875.0
909.0
813.0
863.0
870.0
858.0
864.0
713.0
452.0
339.0
272.0
280.0
254.0
217.0
173.0
176.0
174.0
176.0
173.0
176.0
162.0
169.0
189.0
275.0
296.0
299.0
286.0
271.0
262.0
260.0
277.0
277.0
223.0
211.0
194.0
201.0
188.0
167.0
167.0
164.0
167.0
166.0
166.0
160.0
170.0
160.0
202.0
264.0
264.0
290.0
281.0
290.0
290.0
290.0
267.0
261.0
213.0
218.0
199.0
186.0
205.0
160.0
166.0
187.0
192.0
192.0
197.0
192.0
205.0
302.0
472.0
731.0
789.0
838.0
787.0
817.0
818.0
766.0
760.0
672.0
436.0
348.0
298.0
272.0
272.0
220.0
222.0
206.0
218.0
187.0
191.0
189.0
189.0
295.0
527.0
743.0
797.0
852.0
763.0
824.0
798.0
797.0
804.0
697.0
469.0
383.0
316.0
238.0
239.0
214.0
210.0
203.0
208.0
198.0
195.0
191.0
189.0
280.0
495.0
795.0
817.0
899.0
791.0
855.0
823.0
828.0
788.0
689.0
457.0
342.0
287.0
264.0
237.0
217.0
217.0
187.0
187.0
187.0
192.0
192.0
189.0
294.0
496.0
823.0
846.0
928.0
817.0
863.0
840.0
849.0
816.0
712.0
492.0
374.0
342.0
238.0
241.0
208.0
220.0
213.0
187.0
196.0
185.0
183.0
194.0
320.0
592.0
851.0
875.0
920.0
813.0
869.0
849.0
849.0
815.0
706.0
462.0
333.0
279.0
212.0
186.0
164.0
187.0
164.0
164.0
190.0
173.0
164.0
204.0
169.0
195.0
299.0
303.0
306.0
253.0
299.0
299.0
304.0
299.0
267.0
218.0
187.0
188.0
195.0
169.0
164.0
195.0
173.0
168.0
195.0
174.0
159.0
168.0
160.0
192.0
238.0
213.0
238.0
221.0
247.0
247.0
247.0
247.0
221.0
221.0
182.0
192.0
219.0
192.0
166.0
192.0
166.0
192.0
174.0
192.0
156.0
203.0
172.0
563.0
849.0
871.0
953.0
835.0
886.0
866.0
901.0
875.0
745.0
450.0
370.0
298.0
264.0
243.0
217.0
196.0
223.0
202.0
198.0
197.0
202.0
204.0
315.0
556.0
879.0
899.0
953.0
839.0
871.0
896.0
876.0
847.0
741.0
441.0
385.0
289.0
272.0
245.0
223.0
227.0
190.0
187.0
203.0
222.0
202.0
202.0
333.0
560.0
893.0
890.0
943.0
839.0
902.0
905.0
867.0
838.0
713.0
445.0
382.0
298.0
264.0
241.0
242.0
213.0
220.0
218.0
187.0
196.0
189.0
208.0
321.0
562.0
838.0
869.0
939.0
813.0
891.0
899.0
873.0
864.0
714.0
541.0
431.0
361.0
264.0
234.0
249.0
197.0
198.0
198.0
200.0
198.0
172.0
224.0
315.0
562.0
845.0
876.0
912.0
813.0
857.0
873.0
836.0
838.0
713.0
515.0
380.0
323.0
238.0
213.0
251.0
173.0
187.0
206.0
170.0
173.0
180.0
187.0
181.0
190.0
265.0
272.0
299.0
260.0
306.0
292.0
299.0
291.0
277.0
214.0
213.0
214.0
190.0
194.0
158.0
196.0
202.0
164.0
194.0
199.0
164.0
168.0
204.0
195.0
232.0
258.0
258.0
232.0
273.0
281.0
236.0
247.0
221.0
192.0
184.0
192.0
205.0
195.0
169.0
172.0
194.0
192.0
159.0
166.0
166.0
186.0
199.0
569.0
847.0
867.0
953.0
839.0
894.0
874.0
868.0
864.0
712.0
441.0
357.0
293.0
278.0
246.0
248.0
196.0
196.0
201.0
198.0
173.0
205.0
224.0
331.0
564.0
850.0
865.0
936.0
827.0
902.0
907.0
889.0
877.0
728.0
463.0
376.0
305.0
264.0
247.0
255.0
185.0
200.0
200.0
188.0
206.0
204.0
207.0
312.0
616.0
855.0
895.0
944.0
838.0
887.0
894.0
858.0
839.0
713.0
452.0
318.0
266.0
238.0
247.0
243.0
199.0
226.0
190.0
200.0
196.0
198.0
207.0
332.0
616.0
901.0
929.0
982.0
860.0
933.0
892.0
894.0
850.0
739.0
457.0
341.0
307.0
238.0
247.0
243.0
207.0
196.0
224.0
198.0
196.0
203.0
204.0
311.0
570.0
878.0
900.0
925.0
847.0
837.0
766.0
771.0
755.0
578.0
380.0
285.0
278.0
251.0
251.0
248.0
183.0
170.0
170.0
196.0
164.0
172.0
169.0
185.0
216.0
247.0
266.0
240.0
221.0
221.0
258.0
223.0
247.0
211.0
192.0
195.0
169.0
195.0
165.0
169.0
201.0
162.0
166.0
201.0
134.0
167.0
150.0
196.0
221.0
247.0
272.0
267.0
264.0
247.0
221.0
247.0
213.0
187.0
182.0
196.0
231.0
169.0
167.0
170.0
161.0
180.0
191.0
166.0
166.0
160.0
185.0
183.0
551.0
824.0
825.0
888.0
839.0
839.0
842.0
842.0
816.0
686.0
471.0
351.0
296.0
254.0
228.0
248.0
194.0
193.0
196.0
196.0
196.0
225.0
190.0
337.0
545.0
836.0
843.0
921.0
843.0
864.0
837.0
831.0
846.0
696.0
457.0
349.0
309.0
235.0
221.0
243.0
222.0
196.0
204.0
196.0
206.0
196.0
224.0
318.0
548.0
834.0
860.0
947.0
839.0
902.0
876.0
907.0
838.0
711.0
476.0
380.0
302.0
259.0
247.0
243.0
190.0
199.0
216.0
190.0
187.0
216.0
214.0
323.0
562.0
895.0
897.0
943.0
843.0
895.0
883.0
890.0
877.0
715.0
461.0
379.0
318.0
271.0
277.0
256.0
258.0
199.0
228.0
228.0
222.0
190.0
215.0
351.0
612.0
876.0
895.0
956.0
856.0
903.0
903.0
899.0
851.0
712.0
461.0
354.0
270.0
228.0
239.0
243.0
199.0
196.0
196.0
196.0
196.0
189.0
181.0
200.0
241.0
268.0
293.0
297.0
323.0
332.0
332.0
319.0
286.0
247.0
247.0
213.0
221.0
224.0
192.0
169.0
182.0
187.0
187.0
197.0
197.0
189.0
174.0
197.0
253.0
264.0
301.0
289.0
305.0
304.0
301.0
301.0
316.0
269.0
238.0
242.0
226.0
216.0
195.0
169.0
197.0
190.0
195.0
223.0
164.0
197.0
182.0
202.0
583.0
873.0
927.0
1005.0
861.0
957.0
920.0
931.0
885.0
751.0
515.0
363.0
332.0
249.0
224.0
244.0
192.0
192.0
218.0
192.0
192.0
197.0
232.0
318.0
597.0
883.0
883.0
961.0
857.0
883.0
873.0
879.0
872.0
705.0
478.0
385.0
301.0
271.0
255.0
255.0
225.0
203.0
229.0
203.0
207.0
198.0
207.0
317.0
604.0
869.0
884.0
942.0
835.0
897.0
867.0
882.0
832.0
715.0
463.0
385.0
317.0
271.0
263.0
241.0
232.0
413.0
401.0
407.0
407.0
410.0
419.0
443.0
515.0
585.0
567.0
647.0
647.0
595.0
881.0
860.0
872.0
703.0
515.0
340.0
293.0
263.0
241.0
235.0
216.0
203.0
215.0
196.0
217.0
190.0
229.0
343.0
605.0
880.0
896.0
953.0
839.0
865.0
868.0
894.0
839.0
730.0
457.0
352.0
267.0
282.0
213.0
255.0
196.0
188.0
196.0
196.0
196.0
200.0
181.0
207.0
217.0
277.0
277.0
303.0
264.0
287.0
306.0
306.0
301.0
275.0
236.0
219.0
239.0
190.0
173.0
173.0
195.0
173.0
196.0
188.0
200.0
170.0
199.0
196.0
222.0
236.0
283.0
283.0
282.0
284.0
259.0
273.0
264.0
273.0
221.0
209.0
221.0
186.0
202.0
169.0
195.0
195.0
195.0
173.0
164.0
196.0
196.0
196.0
572.0
872.0
901.0
952.0
866.0
909.0
913.0
861.0
857.0
729.0
457.0
378.0
300.0
260.0
235.0
239.0
213.0
213.0
203.0
224.0
198.0
213.0
213.0
337.0
562.0
853.0
875.0
923.0
848.0
869.0
897.0
870.0
838.0
715.0
458.0
380.0
325.0
271.0
239.0
239.0
187.0
208.0
202.0
202.0
202.0
221.0
213.0
328.0
619.0
850.0
877.0
910.0
833.0
867.0
875.0
845.0
838.0
703.0
457.0
380.0
328.0
186.0
176.0
197.0
183.0
195.0
188.0
188.0
188.0
202.0
188.0
188.0
250.0
249.0
249.0
249.0
241.0
257.0
254.0
249.0
236.0
218.0
219.0
223.0
183.0
201.0
168.0
202.0
186.0
197.0
183.0
197.0
195.0
181.0
194.0
624.0
901.0
927.0
980.0
862.0
918.0
913.0
910.0
887.0
721.0
457.0
405.0
293.0
245.0
241.0
223.0
197.0
223.0
223.0
222.0
194.0
213.0
215.0
362.0
635.0
904.0
895.0
947.0
833.0
899.0
902.0
857.0
864.0
752.0
544.0
424.0
360.0
271.0
254.0
223.0
213.0
203.0
223.0
228.0
228.0
202.0
212.0
332.0
638.0
849.0
901.0
916.0
812.0
887.0
887.0
861.0
838.0
741.0
500.0
363.0
327.0
271.0
271.0
223.0
217.0
202.0
227.0
220.0
188.0
194.0
220.0
349.0
619.0
869.0
900.0
921.0
838.0
864.0
846.0
864.0
864.0
721.0
457.0
384.0
318.0
271.0
246.0
218.0
208.0
196.0
226.0
204.0
204.0
204.0
230.0
348.0
616.0
854.0
859.0
931.0
808.0
879.0
876.0
833.0
844.0
721.0
460.0
379.0
327.0
271.0
255.0
223.0
213.0
226.0
207.0
193.0
219.0
193.0
193.0
184.0
216.0
270.0
303.0
308.0
308.0
306.0
293.0
323.0
301.0
249.0
254.0
223.0
219.0
230.0
196.0
173.0
196.0
196.0
189.0
196.0
196.0
196.0
164.0
158.0
222.0
248.0
255.0
248.0
245.0
248.0
277.0
248.0
254.0
246.0
240.0
226.0
223.0
223.0
188.0
168.0
214.0
214.0
201.0
186.0
188.0
188.0
207.0
316.0
588.0
836.0
905.0
892.0
851.0
877.0
903.0
903.0
868.0
773.0
532.0
379.0
352.0
274.0
256.0
227.0
219.0
187.0
194.0
196.0
190.0
187.0
219.0
328.0
625.0
846.0
902.0
953.0
812.0
898.0
891.0
899.0
881.0
751.0
457.0
353.0
301.0
271.0
223.0
223.0
213.0
196.0
170.0
196.0
196.0
190.0
219.0
354.0
574.0
880.0
913.0
959.0
827.0
905.0
873.0
894.0
875.0
733.0
457.0
346.0
335.0
271.0
223.0
195.0
219.0
197.0
204.0
205.0
187.0
190.0
193.0
311.0
546.0
854.0
869.0
916.0
813.0
867.0
877.0
859.0
870.0
721.0
512.0
379.0
327.0
271.0
223.0
169.0
219.0
200.0
206.0
183.0
188.0
193.0
193.0
354.0
576.0
838.0
901.0
916.0
812.0
864.0
848.0
861.0
836.0
710.0
460.0
363.0
304.0
240.0
228.0
164.0
190.0
198.0
190.0
171.0
189.0
164.0
166.0
155.0
190.0
282.0
284.0
284.0
245.0
296.0
283.0
275.0
275.0
254.0
187.0
173.0
194.0
169.0
188.0
166.0
162.0
186.0
167.0
167.0
179.0
150.0
172.0
155.0
189.0
249.0
280.0
266.0
256.0
274.0
272.0
265.0
266.0
240.0
218.0
197.0
223.0
202.0
188.0
162.0
165.0
204.0
152.0
164.0
171.0
205.0
155.0
160.0
510.0
847.0
821.0
867.0
786.0
836.0
825.0
814.0
821.0
691.0
457.0
372.0
323.0
254.0
249.0
171.0
204.0
173.0
204.0
171.0
164.0
172.0
204.0
278.0
510.0
802.0
854.0
851.0
746.0
820.0
795.0
825.0
795.0
668.0
457.0
340.0
316.0
271.0
234.0
171.0
196.0
171.0
169.0
199.0
173.0
190.0
178.0
295.0
535.0
797.0
828.0
841.0
738.0
816.0
816.0
793.0
795.0
658.0
431.0
362.0
287.0
254.0
238.0
171.0
164.0
172.0
178.0
173.0
174.0
164.0
190.0
265.0
513.0
798.0
845.0
843.0
738.0
816.0
809.0
790.0
796.0
679.0
452.0
357.0
289.0
272.0
248.0
167.0
195.0
169.0
193.0
193.0
162.0
177.0
189.0
273.0
501.0
802.0
802.0
854.0
729.0
801.0
800.0
754.0
774.0
641.0
464.0
328.0
276.0
228.0
195.0
171.0
165.0
172.0
176.0
180.0
167.0
179.0
131.0
157.0
162.0
194.0
196.0
202.0
185.0
210.0
199.0
222.0
186.0
196.0
161.0
182.0
188.0
173.0
173.0
179.0
173.0
161.0
170.0
173.0
150.0
173.0
150.0
162.0
167.0
167.0
167.0
206.0
160.0
169.0
204.0
191.0
195.0
195.0
173.0
193.0
175.0
180.0
176.0
164.0
161.0
168.0
150.0
177.0
161.0
150.0
172.0
179.0
153.0
162.0
198.0
193.0
193.0
203.0
196.0
198.0
195.0
206.0
195.0
195.0
195.0
173.0
179.0
162.0
168.0
161.0
180.0
169.0
179.0
166.0
162.0
160.0
440.0
648.0
820.0
820.0
710.0
828.0
794.0
793.0
758.0
652.0
456.0
352.0
300.0
228.0
228.0
180.0
199.0
164.0
194.0
164.0
179.0
164.0
155.0
273.0
536.0
768.0
830.0
851.0
738.0
826.0
794.0
790.0
764.0
663.0
463.0
326.0
323.0
234.0
221.0
171.0
199.0
196.0
195.0
169.0
160.0
164.0
178.0
275.0
508.0
802.0
830.0
843.0
742.0
807.0
790.0
779.0
773.0
645.0
462.0
362.0
268.0
254.0
214.0
163.0
157.0
190.0
164.0
198.0
177.0
177.0
190.0
286.0
510.0
716.0
778.0
792.0
703.0
755.0
727.0
747.0
703.0
619.0
457.0
354.0
250.0
210.0
195.0
169.0
155.0
172.0
171.0
171.0
165.0
177.0
165.0
174.0
174.0
223.0
232.0
214.0
185.0
227.0
226.0
226.0
213.0
227.0
201.0
173.0
186.0
173.0
173.0
173.0
173.0
163.0
174.0
173.0
173.0
173.0
144.0
167.0
171.0
207.0
245.0
245.0
219.0
219.0
245.0
219.0
204.0
200.0
181.0
184.0
193.0
203.0
167.0
171.0
171.0
165.0
171.0
173.0
177.0
171.0
171.0
158.0
490.0
742.0
796.0
797.0
720.0
769.0
764.0
764.0
771.0
604.0
423.0
354.0
327.0
246.0
217.0
165.0
191.0
201.0
204.0
204.0
204.0
201.0
169.0
304.0
512.0
749.0
798.0
805.0
742.0
764.0
753.0
777.0
777.0
603.0
428.0
354.0
274.0
224.0
183.0
165.0
199.0
170.0
178.0
172.0
170.0
156.0
177.0
279.0
508.0
742.0
783.0
815.0
711.0
753.0
769.0
778.0
732.0
606.0
420.0
327.0
294.0
275.0
193.0
164.0
199.0
190.0
161.0
164.0
166.0
190.0
179.0
300.0
494.0
728.0
795.0
840.0
716.0
790.0
764.0
753.0
753.0
626.0
430.0
326.0
268.0
236.0
185.0
165.0
191.0
165.0
198.0
178.0
172.0
172.0
203.0
272.0
508.0
728.0
742.0
797.0
703.0
735.0
703.0
724.0
703.0
604.0
408.0
331.0
278.0
211.0
227.0
162.0
165.0
166.0
170.0
170.0
170.0
178.0
165.0
157.0
157.0
251.0
253.0
251.0
216.0
235.0
274.0
216.0
249.0
209.0
224.0
201.0
201.0
201.0
166.0
174.0
150.0
167.0
171.0
171.0
160.0
167.0
141.0
193.0
167.0
193.0
226.0
219.0
245.0
219.0
220.0
220.0
219.0
223.0
218.0
197.0
188.0
173.0
157.0
171.0
171.0
174.0
171.0
171.0
171.0
171.0
169.0
160.0
474.0
777.0
746.0
765.0
712.0
771.0
777.0
761.0
771.0
629.0
436.0
361.0
306.0
250.0
226.0
170.0
182.0
156.0
156.0
166.0
166.0
166.0
155.0
277.0
493.0
772.0
788.0
798.0
716.0
790.0
761.0
753.0
758.0
645.0
452.0
315.0
278.0
226.0
229.0
164.0
167.0
198.0
160.0
171.0
192.0
164.0
190.0
277.0
544.0
776.0
772.0
830.0
724.0
802.0
792.0
758.0
769.0
632.0
436.0
357.0
304.0
237.0
215.0
180.0
191.0
170.0
187.0
155.0
166.0
167.0
197.0
277.0
520.0
742.0
776.0
815.0
698.0
776.0
766.0
758.0
732.0
647.0
435.0
330.0
261.0
229.0
212.0
175.0
195.0
169.0
196.0
170.0
166.0
178.0
196.0
281.0
529.0
742.0
737.0
793.0
698.0
730.0
776.0
724.0
636.0
537.0
389.0
355.0
265.0
211.0
214.0
159.0
191.0
196.0
195.0
196.0
160.0
192.0
166.0
183.0
190.0
271.0
263.0
277.0
251.0
275.0
751.0
748.0
797.0
680.0
742.0
758.0
701.0
639.0
535.0
395.0
344.0
267.0
207.0
212.0
180.0
193.0
193.0
182.0
194.0
177.0
192.0
166.0
184.0
185.0
277.0
260.0
277.0
246.0
272.0
272.0
277.0
277.0
246.0
194.0
220.0
194.0
221.0
196.0
165.0
201.0
195.0
195.0
201.0
159.0
182.0
192.0
194.0
192.0
240.0
251.0
267.0
258.0
265.0
260.0
249.0
259.0
213.0
223.0
197.0
157.0
197.0
195.0
166.0
166.0
188.0
171.0
188.0
171.0
162.0
188.0
231.0
472.0
615.0
772.0
821.0
769.0
781.0
793.0
795.0
771.0
674.0
446.0
352.0
289.0
237.0
214.0
170.0
170.0
163.0
164.0
173.0
164.0
186.0
164.0
268.0
528.0
791.0
787.0
843.0
738.0
780.0
786.0
769.0
769.0
639.0
462.0
352.0
331.0
266.0
208.0
164.0
176.0
176.0
163.0
182.0
163.0
155.0
193.0
259.0
504.0
754.0
793.0
817.0
712.0
773.0
775.0
754.0
754.0
623.0
428.0
352.0
300.0
238.0
246.0
170.0
174.0
158.0
163.0
156.0
163.0
180.0
189.0
267.0
502.0
773.0
742.0
826.0
701.0
764.0
773.0
764.0
732.0
648.0
428.0
352.0
333.0
272.0
222.0
167.0
191.0
156.0
196.0
176.0
164.0
172.0
166.0
280.0
484.0
748.0
774.0
789.0
677.0
778.0
729.0
728.0
729.0
619.0
376.0
356.0
304.0
252.0
226.0
172.0
174.0
176.0
168.0
176.0
200.0
169.0
169.0
165.0
180.0
218.0
192.0
218.0
192.0
218.0
218.0
218.0
216.0
218.0
196.0
183.0
171.0
192.0
167.0
167.0
188.0
162.0
162.0
180.0
162.0
165.0
162.0
166.0
162.0
188.0
191.0
200.0
219.0
193.0
193.0
207.0
200.0
200.0
200.0
200.0
167.0
190.0
192.0
167.0
167.0
171.0
171.0
177.0
158.0
162.0
174.0
174.0
162.0
195.0
199.0
215.0
247.0
221.0
221.0
218.0
226.0
221.0
199.0
199.0
199.0
173.0
195.0
167.0
195.0
193.0
193.0
180.0
168.0
193.0
180.0
179.0
492.0
690.0
690.0
793.0
720.0
798.0
798.0
778.0
778.0
657.0
469.0
345.0
267.0
265.0
226.0
172.0
187.0
202.0
176.0
164.0
198.0
202.0
179.0
285.0
514.0
774.0
774.0
808.0
711.0
777.0
754.0
780.0
754.0
626.0
443.0
349.0
293.0
235.0
215.0
166.0
194.0
205.0
168.0
194.0
173.0
201.0
186.0
272.0
508.0
794.0
804.0
849.0
748.0
820.0
792.0
818.0
795.0
668.0
454.0
352.0
300.0
270.0
248.0
159.0
193.0
194.0
198.0
183.0
198.0
198.0
198.0
272.0
511.0
803.0
796.0
849.0
772.0
807.0
818.0
818.0
785.0
663.0
450.0
343.0
260.0
220.0
193.0
170.0
179.0
150.0
168.0
153.0
129.0
129.0
155.0
152.0
180.0
206.0
192.0
192.0
200.0
226.0
200.0
200.0
224.0
192.0
199.0
199.0
169.0
174.0
180.0
167.0
150.0
166.0
173.0
174.0
150.0
148.0
164.0
150.0
146.0
163.0
167.0
186.0
167.0
193.0
193.0
193.0
193.0
173.0
199.0
181.0
171.0
160.0
146.0
167.0
146.0
160.0
160.0
150.0
150.0
141.0
159.0
131.0
468.0
780.0
806.0
876.0
772.0
807.0
826.0
830.0
800.0
657.0
452.0
350.0
318.0
254.0
218.0
192.0
188.0
204.0
178.0
178.0
187.0
177.0
203.0
289.0
505.0
786.0
812.0
854.0
748.0
816.0
799.0
803.0
759.0
661.0
428.0
362.0
303.0
240.0
226.0
190.0
161.0
190.0
170.0
178.0
203.0
178.0
205.0
282.0
496.0
776.0
776.0
854.0
748.0
776.0
769.0
793.0
767.0
641.0
427.0
296.0
271.0
219.0
241.0
192.0
172.0
204.0
178.0
178.0
178.0
158.0
203.0
277.0
508.0
777.0
763.0
812.0
704.0
761.0
754.0
760.0
739.0
641.0
431.0
342.0
266.0
240.0
221.0
202.0
200.0
191.0
156.0
192.0
164.0
202.0
189.0
306.0
538.0
775.0
777.0
820.0
703.0
791.0
796.0
772.0
743.0
632.0
424.0
293.0
266.0
214.0
232.0
190.0
164.0
179.0
172.0
164.0
158.0
172.0
164.0
172.0
174.0
192.0
189.0
193.0
193.0
226.0
226.0
200.0
226.0
189.0
197.0
182.0
197.0
168.0
165.0
157.0
173.0
202.0
173.0
134.0
164.0
164.0
173.0
177.0
168.0
193.0
219.0
199.0
219.0
219.0
219.0
219.0
226.0
226.0
200.0
200.0
200.0
173.0
197.0
180.0
149.0
195.0
168.0
158.0
172.0
146.0
192.0
282.0
494.0
754.0
774.0
820.0
712.0
792.0
757.0
760.0
754.0
629.0
440.0
344.0
291.0
240.0
222.0
190.0
178.0
167.0
178.0
178.0
170.0
178.0
204.0
243.0
511.0
750.0
730.0
798.0
713.0
749.0
754.0
730.0
703.0
632.0
454.0
357.0
266.0
254.0
218.0
190.0
169.0
203.0
176.0
164.0
199.0
164.0
190.0
277.0
490.0
742.0
737.0
782.0
719.0
761.0
735.0
754.0
731.0
613.0
428.0
357.0
262.0
254.0
198.0
198.0
176.0
198.0
172.0
172.0
198.0
172.0
198.0
276.0
422.0
630.0
751.0
817.0
677.0
755.0
762.0
795.0
765.0
655.0
441.0
342.0
317.0
240.0
224.0
202.0
170.0
205.0
196.0
170.0
200.0
170.0
186.0
278.0
537.0
727.0
797.0
811.0
748.0
755.0
773.0
783.0
731.0
643.0
431.0
326.0
265.0
215.0
192.0
181.0
176.0
196.0
176.0
174.0
166.0
165.0
166.0
166.0
194.0
265.0
264.0
282.0
279.0
262.0
268.0
260.0
262.0
246.0
220.0
220.0
194.0
196.0
194.0
161.0
164.0
187.0
177.0
198.0
167.0
167.0
180.0
167.0
197.0
245.0
239.0
245.0
219.0
280.0
265.0
284.0
265.0
220.0
194.0
224.0
200.0
194.0
161.0
161.0
161.0
170.0
197.0
161.0
167.0
167.0
193.0
271.0
469.0
773.0
802.0
852.0
764.0
825.0
789.0
763.0
796.0
656.0
462.0
386.0
308.0
254.0
230.0
181.0
176.0
197.0
204.0
198.0
198.0
198.0
198.0
308.0
514.0
753.0
777.0
826.0
732.0
782.0
764.0
773.0
734.0
643.0
419.0
360.0
308.0
233.0
224.0
194.0
167.0
190.0
176.0
183.0
190.0
190.0
190.0
306.0
537.0
763.0
785.0
837.0
751.0
792.0
792.0
792.0
783.0
632.0
457.0
297.0
260.0
254.0
226.0
199.0
176.0
171.0
176.0
196.0
170.0
170.0
194.0
277.0
537.0
777.0
802.0
848.0
751.0
830.0
818.0
817.0
791.0
687.0
454.0
357.0
317.0
280.0
221.0
190.0
176.0
200.0
190.0
197.0
190.0
170.0
183.0
309.0
528.0
817.0
817.0
836.0
748.0
816.0
804.0
789.0
757.0
639.0
457.0
317.0
260.0
279.0
211.0
190.0
162.0
190.0
164.0
205.0
178.0
178.0
178.0
165.0
194.0
219.0
247.0
268.0
219.0
273.0
236.0
246.0
260.0
218.0
218.0
193.0
190.0
192.0
164.0
164.0
172.0
172.0
162.0
192.0
156.0
192.0
141.0
156.0
176.0
192.0
181.0
191.0
218.0
232.0
228.0
192.0
218.0
197.0
197.0
232.0
194.0
194.0
158.0
170.0
165.0
184.0
161.0
158.0
158.0
150.0
203.0
167.0
494.0
777.0
780.0
880.0
756.0
794.0
818.0
802.0
765.0
637.0
457.0
369.0
291.0
266.0
222.0
181.0
176.0
196.0
196.0
196.0
170.0
175.0
206.0
292.0
539.0
791.0
773.0
843.0
764.0
790.0
790.0
794.0
760.0
667.0
452.0
369.0
300.0
266.0
218.0
192.0
176.0
190.0
186.0
165.0
190.0
189.0
199.0
294.0
525.0
791.0
792.0
833.0
742.0
782.0
792.0
794.0
791.0
663.0
463.0
327.0
296.0
249.0
218.0
229.0
170.0
190.0
197.0
197.0
189.0
185.0
213.0
298.0
537.0
765.0
830.0
843.0
748.0
819.0
815.0
780.0
793.0
689.0
457.0
361.0
279.0
254.0
224.0
248.0
172.0
343.0
308.0
254.0
242.0
236.0
226.0
189.0
214.0
198.0
184.0
198.0
193.0
329.0
553.0
880.0
904.0
909.0
849.0
856.0
767.0
754.0
754.0
589.0
363.0
291.0
279.0
256.0
253.0
255.0
203.0
164.0
164.0
186.0
166.0
173.0
164.0
191.0
220.0
242.0
268.0
242.0
232.0
228.0
241.0
218.0
249.0
214.0
190.0
190.0
164.0
190.0
164.0
164.0
190.0
164.0
164.0
190.0
154.0
164.0
133.0
190.0
218.0
249.0
282.0
265.0
271.0
249.0
222.0
249.0
209.0
197.0
197.0
197.0
223.0
164.0
170.0
170.0
170.0
156.0
204.0
170.0
161.0
170.0
197.0
204.0
565.0
820.0
820.0
898.0
844.0
837.0
844.0
844.0
818.0
690.0
480.0
357.0
294.0
246.0
213.0
255.0
192.0
199.0
192.0
192.0
192.0
220.0
195.0
355.0
553.0
843.0
843.0
916.0
832.0
872.0
852.0
843.0
846.0
696.0
461.0
352.0
301.0
242.0
223.0
240.0
225.0
199.0
198.0
194.0
181.0
197.0
217.0
313.0
549.0
840.0
869.0
955.0
855.0
906.0
870.0
897.0
843.0
715.0
482.0
383.0
305.0
264.0
242.0
242.0
190.0
193.0
223.0
196.0
189.0
219.0
213.0
315.0
560.0
895.0
884.0
938.0
854.0
894.0
895.0
901.0
862.0
715.0
456.0
375.0
335.0
266.0
264.0
257.0
241.0
202.0
215.0
215.0
215.0
189.0
231.0
346.0
618.0
872.0
889.0
949.0
841.0
893.0
888.0
886.0
836.0
715.0
456.0
343.0
260.0
220.0
255.0
241.0
201.0
189.0
189.0
189.0
189.0
198.0
203.0
186.0
244.0
273.0
294.0
304.0
329.0
316.0
318.0
320.0
291.0
249.0
249.0
223.0
216.0
223.0
197.0
164.0
197.0
197.0
181.0
197.0
186.0
191.0
161.0
197.0
240.0
271.0
292.0
292.0
305.0
294.0
293.0
300.0
334.0
279.0
251.0
249.0
223.0
223.0
187.0
161.0
187.0
196.0
182.0
213.0
177.0
187.0
196.0
204.0
572.0
872.0
919.0
992.0
880.0
950.0
914.0
915.0
895.0
734.0
493.0
369.0
317.0
246.0
220.0
233.0
190.0
201.0
220.0
190.0
184.0
190.0
220.0
331.0
606.0
889.0
895.0
964.0
860.0
887.0
869.0
869.0
857.0
724.0
488.0
374.0
305.0
280.0
253.0
244.0
217.0
191.0
217.0
191.0
222.0
199.0
211.0
329.0
597.0
865.0
884.0
949.0
834.0
886.0
868.0
869.0
851.0
713.0
456.0
377.0
312.0
276.0
267.0
256.0
226.0
408.0
407.0
407.0
403.0
405.0
436.0
456.0
498.0
577.0
551.0
625.0
637.0
585.0
877.0
860.0
869.0
712.0
502.0
347.0
300.0
270.0
246.0
250.0
220.0
190.0
212.0
202.0
226.0
186.0
213.0
338.0
606.0
875.0
908.0
942.0
836.0
862.0
869.0
895.0
843.0
739.0
452.0
342.0
264.0
276.0
212.0
252.0
187.0
192.0
192.0
189.0
189.0
189.0
187.0
217.0
213.0
259.0
274.0
308.0
266.0
288.0
300.0
288.0
287.0
277.0
239.0
222.0
244.0
192.0
161.0
161.0
196.0
155.0
189.0
192.0
192.0
171.0
185.0
186.0
219.0
245.0
271.0
277.0
277.0
272.0
271.0
277.0
260.0
271.0
230.0
221.0
207.0
191.0
191.0
165.0
186.0
191.0
195.0
168.0
167.0
188.0
188.0
199.0
595.0
872.0
903.0
940.0
867.0
921.0
921.0
861.0
873.0
734.0
454.0
380.0
303.0
276.0
249.0
241.0
215.0
215.0
189.0
224.0
202.0
225.0
225.0
354.0
554.0
843.0
869.0
909.0
854.0
864.0
895.0
869.0
841.0
716.0
463.0
369.0
331.0
267.0
253.0
239.0
187.0
218.0
191.0
187.0
187.0
219.0
213.0
330.0
607.0
843.0
869.0
916.0
845.0
859.0
862.0
844.0
836.0
724.0
446.0
385.0
334.0
266.0
238.0
244.0
192.0
218.0
189.0
189.0
189.0
189.0
199.0
329.0
589.0
852.0
843.0
912.0
843.0
908.0
860.0
836.0
843.0
713.0
463.0
317.0
260.0
246.0
225.0
239.0
199.0
191.0
199.0
168.0
204.0
189.0
199.0
293.0
564.0
850.0
869.0
937.0
816.0
864.0
844.0
849.0
817.0
678.0
415.0
329.0
305.0
246.0
225.0
252.0
200.0
174.0
199.0
200.0
165.0
174.0
173.0
227.0
255.0
277.0
274.0
296.0
273.0
305.0
290.0
267.0
248.0
230.0
224.0
201.0
222.0
196.0
203.0
167.0
191.0
170.0
196.0
180.0
168.0
170.0
196.0
161.0
167.0
219.0
195.0
245.0
190.0
216.0
216.0
208.0
216.0
198.0
216.0
190.0
159.0
190.0
165.0
176.0
185.0
199.0
167.0
191.0
165.0
197.0
197.0
164.0
552.0
821.0
847.0
925.0
841.0
865.0
870.0
844.0
854.0
717.0
443.0
379.0
327.0
260.0
246.0
246.0
220.0
189.0
226.0
184.0
189.0
188.0
207.0
303.0
553.0
831.0
843.0
953.0
813.0
899.0
844.0
844.0
817.0
726.0
449.0
343.0
306.0
246.0
228.0
248.0
189.0
200.0
200.0
188.0
200.0
199.0
225.0
304.0
563.0
843.0
809.0
930.0
808.0
871.0
817.0
824.0
809.0
691.0
459.0
353.0
307.0
246.0
246.0
246.0
194.0
189.0
174.0
215.0
163.0
163.0
225.0
304.0
537.0
817.0
810.0
895.0
761.0
844.0
818.0
754.0
814.0
698.0
438.0
348.0
286.0
254.0
253.0
271.0
172.0
196.0
204.0
215.0
189.0
198.0
225.0
291.0
540.0
825.0
850.0
890.0
796.0
844.0
811.0
811.0
786.0
632.0
431.0
311.0
298.0
246.0
209.0
224.0
198.0
218.0
192.0
204.0
192.0
166.0
176.0
218.0
220.0
268.0
297.0
297.0
252.0
300.0
300.0
293.0
293.0
252.0
210.0
219.0
188.0
204.0
231.0
163.0
205.0
163.0
186.0
197.0
167.0
191.0
193.0
206.0
221.0
255.0
271.0
271.0
271.0
271.0
271.0
271.0
245.0
246.0
220.0
210.0
220.0
194.0
205.0
166.0
198.0
194.0
164.0
186.0
164.0
171.0
198.0
331.0
591.0
843.0
851.0
892.0
814.0
838.0
818.0
806.0
783.0
624.0
454.0
355.0
296.0
246.0
254.0
220.0
192.0
191.0
184.0
166.0
193.0
166.0
225.0
327.0
563.0
783.0
825.0
903.0
799.0
818.0
812.0
825.0
799.0
669.0
454.0
355.0
298.0
220.0
220.0
220.0
181.0
199.0
174.0
203.0
199.0
166.0
193.0
330.0
537.0
780.0
845.0
895.0
783.0
845.0
818.0
795.0
787.0
652.0
436.0
323.0
305.0
249.0
220.0
214.0
172.0
183.0
191.0
188.0
189.0
189.0
232.0
330.0
564.0
822.0
863.0
915.0
787.0
861.0
844.0
844.0
828.0
688.0
454.0
387.0
299.0
246.0
226.0
223.0
194.0
171.0
191.0
165.0
203.0
191.0
191.0
304.0
560.0
757.0
809.0
853.0
757.0
827.0
781.0
765.0
768.0
615.0
396.0
322.0
269.0
216.0
198.0
217.0
165.0
165.0
161.0
172.0
172.0
167.0
172.0
169.0
191.0
251.0
236.0
253.0
226.0
243.0
266.0
243.0
217.0
224.0
191.0
205.0
168.0
170.0
175.0
136.0
188.0
168.0
162.0
168.0
134.0
168.0
168.0
162.0
188.0
214.0
249.0
276.0
223.0
281.0
266.0
266.0
275.0
271.0
197.0
171.0
186.0
158.0
156.0
156.0
178.0
160.0
170.0
170.0
154.0
170.0
170.0
175.0
495.0
821.0
820.0
898.0
822.0
867.0
867.0
846.0
846.0
354.0
795.0
383.0
325.0
235.0
218.0
220.0
191.0
193.0
200.0
191.0
186.0
206.0
191.0
294.0
563.0
817.0
849.0
928.0
811.0
863.0
863.0
841.0
811.0
690.0
460.0
374.0
303.0
246.0
213.0
224.0
191.0
191.0
198.0
199.0
199.0
173.0
217.0
304.0
563.0
817.0
843.0
895.0
809.0
841.0
815.0
812.0
795.0
678.0
443.0
348.0
269.0
246.0
241.0
229.0
189.0
202.0
203.0
189.0
199.0
199.0
220.0
309.0
528.0
818.0
843.0
225.0
212.0
382.0
644.0
921.0
942.0
1063.0
923.0
968.0
949.0
942.0
894.0
855.0
549.0
422.0
349.0
293.0
248.0
255.0
220.0
198.0
227.0
225.0
225.0
215.0
225.0
381.0
644.0
933.0
942.0
1046.0
942.0
939.0
942.0
914.0
890.0
787.0
519.0
369.0
344.0
292.0
246.0
255.0
218.0
220.0
186.0
225.0
199.0
225.0
199.0
378.0
618.0
903.0
927.0
1020.0
954.0
948.0
914.0
914.0
896.0
766.0
536.0
374.0
317.0
246.0
246.0
255.0
204.0
190.0
186.0
185.0
195.0
186.0
182.0
222.0
220.0
234.0
264.0
281.0
255.0
308.0
278.0
233.0
240.0
240.0
240.0
221.0
214.0
214.0
188.0
162.0
217.0
195.0
188.0
188.0
188.0
183.0
188.0
206.0
198.0
207.0
221.0
244.0
274.0
247.0
247.0
247.0
274.0
246.0
217.0
243.0
230.0
217.0
217.0
171.0
191.0
192.0
184.0
201.0
183.0
188.0
193.0
201.0
646.0
925.0
910.0
1055.0
939.0
951.0
993.0
965.0
939.0
811.0
542.0
448.0
362.0
297.0
235.0
235.0
240.0
188.0
240.0
192.0
222.0
194.0
207.0
337.0
637.0
915.0
953.0
1057.0
942.0
957.0
963.0
941.0
957.0
811.0
563.0
446.0
362.0
299.0
246.0
248.0
254.0
230.0
255.0
227.0
225.0
224.0
226.0
356.0
644.0
917.0
995.0
1057.0
949.0
962.0
957.0
947.0
933.0
824.0
545.0
417.0
374.0
299.0
235.0
238.0
241.0
210.0
230.0
217.0
225.0
225.0
225.0
381.0
685.0
951.0
968.0
1057.0
959.0
958.0
948.0
949.0
921.0
824.0
538.0
394.0
344.0
299.0
246.0
255.0
250.0
250.0
186.0
190.0
225.0
199.0
225.0
381.0
644.0
958.0
940.0
1020.0
922.0
962.0
949.0
956.0
906.0
793.0
486.0
357.0
360.0
282.0
232.0
256.0
194.0
217.0
191.0
184.0
169.0
191.0
202.0
220.0
183.0
277.0
301.0
301.0
292.0
298.0
306.0
291.0
300.0
267.0
246.0
214.0
214.0
214.0
201.0
171.0
188.0
188.0
194.0
194.0
174.0
201.0
193.0
167.0
193.0
221.0
221.0
247.0
267.0
247.0
247.0
247.0
217.0
234.0
218.0
216.0
242.0
216.0
222.0
180.0
190.0
201.0
187.0
190.0
227.0
201.0
201.0
206.0
572.0
903.0
911.0
1007.0
956.0
955.0
942.0
913.0
906.0
783.0
563.0
446.0
327.0
276.0
240.0
255.0
250.0
207.0
195.0
216.0
220.0
191.0
228.0
353.0
607.0
928.0
940.0
996.0
911.0
985.0
968.0
939.0
956.0
837.0
537.0
446.0
344.0
299.0
253.0
253.0
231.0
212.0
225.0
209.0
220.0
225.0
251.0
381.0
618.0
950.0
990.0
1044.0
948.0
1005.0
975.0
943.0
947.0
793.0
526.0
420.0
344.0
299.0
282.0
255.0
241.0
226.0
225.0
225.0
209.0
246.0
220.0
387.0
628.0
931.0
952.0
1056.0
940.0
949.0
956.0
947.0
926.0
818.0
538.0
417.0
387.0
336.0
248.0
235.0
236.0
220.0
229.0
223.0
220.0
246.0
248.0
381.0
644.0
944.0
968.0
1031.0
937.0
936.0
956.0
941.0
925.0
811.0
538.0
420.0
344.0
325.0
250.0
244.0
210.0
249.0
191.0
213.0
228.0
186.0
232.0
239.0
211.0
270.0
300.0
267.0
248.0
287.0
268.0
290.0
300.0
248.0
254.0
247.0
247.0
221.0
221.0
168.0
221.0
247.0
195.0
195.0
226.0
195.0
195.0
221.0
221.0
221.0
221.0
282.0
267.0
251.0
215.0
215.0
241.0
221.0
215.0
215.0
244.0
218.0
232.0
168.0
193.0
193.0
228.0
232.0
193.0
193.0
232.0
348.0
631.0
886.0
1000.0
1026.0
947.0
1002.0
993.0
944.0
950.0
826.0
551.0
446.0
370.0
292.0
282.0
246.0
230.0
217.0
213.0
220.0
191.0
198.0
243.0
374.0
670.0
924.0
957.0
1031.0
940.0
966.0
947.0
926.0
930.0
802.0
512.0
420.0
387.0
323.0
282.0
241.0
237.0
250.0
214.0
257.0
214.0
190.0
216.0
387.0
652.0
924.0
942.0
1004.0
914.0
942.0
916.0
910.0
906.0
776.0
524.0
395.0
322.0
299.0
209.0
238.0
186.0
220.0
203.0
194.0
221.0
211.0
191.0
213.0
187.0
218.0
225.0
275.0
259.0
221.0
275.0
237.0
211.0
237.0
211.0
237.0
217.0
221.0
195.0
172.0
230.0
204.0
195.0
195.0
183.0
162.0
187.0
204.0
218.0
244.0
227.0
237.0
301.0
248.0
222.0
222.0
246.0
222.0
222.0
222.0
226.0
199.0
195.0
164.0
195.0
195.0
230.0
199.0
205.0
195.0
204.0
192.0
204.0
221.0
221.0
255.0
221.0
212.0
247.0
221.0
243.0
228.0
222.0
209.0
209.0
206.0
184.0
165.0
217.0
191.0
191.0
191.0
191.0
191.0
205.0
192.0
671.0
900.0
952.0
1040.0
924.0
942.0
948.0
947.0
895.0
791.0
450.0
375.0
310.0
271.0
244.0
246.0
220.0
215.0
220.0
246.0
182.0
220.0
220.0
371.0
626.0
950.0
983.0
1060.0
948.0
1008.0
974.0
947.0
982.0
851.0
632.0
453.0
388.0
325.0
267.0
281.0
215.0
211.0
237.0
239.0
213.0
245.0
213.0
369.0
644.0
924.0
978.0
1057.0
953.0
1005.0
967.0
969.0
946.0
802.0
625.0
421.0
375.0
307.0
282.0
241.0
228.0
215.0
215.0
241.0
187.0
239.0
239.0
381.0
631.0
957.0
952.0
1056.0
953.0
966.0
940.0
921.0
921.0
787.0
526.0
440.0
362.0
299.0
280.0
255.0
220.0
230.0
220.0
218.0
220.0
189.0
220.0
383.0
644.0
920.0
937.0
1031.0
926.0
972.0
935.0
920.0
904.0
794.0
521.0
434.0
342.0
299.0
249.0
255.0
230.0
220.0
220.0
216.0
220.0
224.0
223.0
383.0
638.0
872.0
931.0
994.0
884.0
907.0
923.0
895.0
878.0
787.0
521.0
369.0
342.0
273.0
241.0
241.0
191.0
200.0
226.0
190.0
195.0
200.0
195.0
195.0
229.0
225.0
225.0
241.0
257.0
231.0
248.0
248.0
222.0
222.0
248.0
221.0
221.0
218.0
192.0
166.0
218.0
192.0
192.0
192.0
231.0
192.0
192.0
201.0
192.0
230.0
244.0
248.0
248.0
241.0
241.0
215.0
255.0
215.0
241.0
254.0
221.0
221.0
221.0
173.0
211.0
221.0
231.0
221.0
189.0
189.0
202.0
202.0
579.0
863.0
942.0
1020.0
925.0
949.0
949.0
930.0
930.0
801.0
533.0
446.0
349.0
281.0
234.0
253.0
213.0
228.0
227.0
228.0
217.0
228.0
254.0
355.0
642.0
894.0
957.0
968.0
888.0
913.0
930.0
904.0
883.0
768.0
494.0
370.0
362.0
273.0
255.0
255.0
228.0
220.0
225.0
214.0
214.0
228.0
219.0
355.0
633.0
895.0
960.0
969.0
888.0
945.0
916.0
918.0
872.0
786.0
512.0
395.0
344.0
299.0
241.0
246.0
215.0
215.0
199.0
213.0
221.0
220.0
207.0
373.0
659.0
924.0
940.0
994.0
888.0
920.0
920.0
890.0
868.0
741.0
521.0
396.0
351.0
299.0
274.0
255.0
217.0
217.0
186.0
246.0
221.0
212.0
214.0
381.0
600.0
905.0
957.0
968.0
888.0
920.0
894.0
894.0
903.0
764.0
493.0
374.0
339.0
273.0
244.0
253.0
209.0
220.0
220.0
212.0
215.0
226.0
190.0
215.0
220.0
220.0
194.0
251.0
246.0
253.0
222.0
248.0
248.0
222.0
221.0
239.0
222.0
229.0
196.0
170.0
201.0
194.0
183.0
188.0
214.0
209.0
191.0
183.0
214.0
240.0
240.0
266.0
266.0
238.0
266.0
236.0
240.0
221.0
240.0
247.0
221.0
221.0
195.0
169.0
224.0
226.0
195.0
195.0
221.0
221.0
283.0
396.0
619.0
864.0
905.0
949.0
898.0
937.0
955.0
950.0
924.0
820.0
611.0
443.0
375.0
297.0
282.0
241.0
211.0
215.0
215.0
215.0
218.0
216.0
217.0
357.0
648.0
929.0
955.0
1012.0
934.0
946.0
934.0
931.0
904.0
781.0
542.0
417.0
370.0
163.0
189.0
185.0
189.0
305.0
551.0
773.0
827.0
851.0
773.0
818.0
786.0
760.0
762.0
604.0
391.0
320.0
268.0
220.0
189.0
215.0
163.0
175.0
170.0
168.0
180.0
176.0
178.0
178.0
191.0
253.0
255.0
255.0
221.0
241.0
280.0
248.0
222.0
221.0
195.0
195.0
169.0
169.0
169.0
140.0
195.0
166.0
169.0
166.0
131.0
155.0
169.0
169.0
195.0
221.0
237.0
266.0
224.0
273.0
266.0
264.0
274.0
269.0
185.0
161.0
196.0
162.0
170.0
162.0
170.0
171.0
175.0
156.0
144.0
166.0
175.0
170.0
513.0
825.0
826.0
893.0
816.0
862.0
881.0
836.0
846.0
352.0
788.0
386.0
325.0
236.0
211.0
220.0
201.0
201.0
188.0
194.0
205.0
195.0
191.0
295.0
555.0
828.0
851.0
918.0
823.0
875.0
871.0
845.0
819.0
676.0
465.0
363.0
310.0
235.0
220.0
217.0
203.0
191.0
191.0
191.0
205.0
165.0
217.0
290.0
552.0
815.0
832.0
893.0
815.0
831.0
819.0
819.0
786.0
691.0
454.0
359.0
270.0
249.0
244.0
218.0
203.0
203.0
204.0
202.0
194.0
194.0
220.0
298.0
537.0
815.0
855.0
851.0
299.0
835.0
807.0
812.0
813.0
665.0
421.0
338.0
300.0
282.0
213.0
218.0
212.0
191.0
194.0
195.0
195.0
184.0
184.0
298.0
544.0
799.0
812.0
875.0
815.0
842.0
809.0
825.0
802.0
692.0
455.0
348.0
293.0
173.0
195.0
217.0
256.0
191.0
175.0
190.0
188.0
174.0
180.0
179.0
201.0
217.0
265.0
240.0
269.0
269.0
243.0
269.0
269.0
276.0
407.0
183.0
274.0
176.0
195.0
165.0
158.0
144.0
181.0
156.0
156.0
130.0
183.0
220.0
197.0
222.0
222.0
251.0
222.0
227.0
248.0
276.0
281.0
281.0
281.0
222.0
144.0
165.0
243.0
177.0
203.0
191.0
191.0
177.0
198.0
292.0
156.0
308.0
275.0
874.0
732.0
354.0
793.0
845.0
818.0
819.0
772.0
651.0
421.0
352.0
274.0
202.0
214.0
221.0
195.0
201.0
182.0
166.0
204.0
197.0
204.0
269.0
509.0
789.0
792.0
873.0
760.0
836.0
816.0
786.0
765.0
600.0
424.0
348.0
270.0
247.0
218.0
221.0
191.0
165.0
191.0
161.0
166.0
166.0
189.0
277.0
506.0
804.0
769.0
854.0
745.0
816.0
760.0
795.0
768.0
610.0
447.0
322.0
296.0
275.0
244.0
218.0
201.0
201.0
174.0
168.0
192.0
166.0
197.0
295.0
529.0
819.0
255.0
871.0
771.0
844.0
810.0
786.0
785.0
664.0
447.0
381.0
326.0
246.0
212.0
210.0
195.0
198.0
169.0
195.0
168.0
184.0
191.0
295.0
511.0
825.0
820.0
892.0
797.0
849.0
810.0
812.0
786.0
652.0
403.0
330.0
272.0
220.0
186.0
212.0
192.0
182.0
175.0
160.0
199.0
155.0
193.0
163.0
196.0
294.0
292.0
318.0
277.0
303.0
303.0
303.0
291.0
292.0
222.0
222.0
196.0
196.0
184.0
163.0
196.0
195.0
171.0
196.0
184.0
163.0
196.0
196.0
222.0
266.0
292.0
318.0
272.0
309.0
318.0
287.0
292.0
266.0
243.0
232.0
217.0
194.0
194.0
168.0
184.0
194.0
168.0
194.0
168.0
206.0
194.0
292.0
529.0
817.0
817.0
895.0
826.0
840.0
840.0
840.0
792.0
660.0
442.0
369.0
306.0
215.0
222.0
228.0
183.0
200.0
174.0
193.0
174.0
199.0
219.0
293.0
535.0
817.0
812.0
864.0
770.0
810.0
838.0
825.0
789.0
684.0
444.0
372.0
324.0
243.0
217.0
218.0
191.0
191.0
199.0
199.0
199.0
199.0
191.0
269.0
503.0
737.0
755.0
838.0
797.0
784.0
786.0
760.0
763.0
607.0
439.0
327.0
270.0
222.0
218.0
167.0
200.0
200.0
204.0
185.0
196.0
174.0
200.0
304.0
471.0
698.0
760.0
749.0
760.0
705.0
737.0
716.0
716.0
606.0
447.0
359.0
325.0
273.0
245.0
195.0
195.0
195.0
195.0
195.0
221.0
160.0
136.0
273.0
152.0
687.0
789.0
819.0
793.0
767.0
741.0
711.0
789.0
626.0
337.0
269.0
244.0
194.0
246.0
199.0
194.0
140.0
179.0
270.0
162.0
244.0
160.0
160.0
206.0
251.0
240.0
271.0
216.0
251.0
242.0
233.0
233.0
223.0
216.0
190.0
190.0
190.0
176.0
166.0
168.0
164.0
176.0
190.0
164.0
190.0
164.0
164.0
176.0
221.0
225.0
246.0
252.0
220.0
220.0
220.0
225.0
183.0
196.0
196.0
170.0
164.0
179.0
164.0
164.0
188.0
164.0
168.0
222.0
158.0
190.0
274.0
201.0
794.0
827.0
866.0
794.0
814.0
820.0
716.0
794.0
650.0
450.0
318.0
299.0
225.0
209.0
188.0
228.0
197.0
216.0
190.0
225.0
147.0
203.0
289.0
947.0
819.0
803.0
855.0
266.0
763.0
798.0
734.0
763.0
639.0
421.0
317.0
291.0
243.0
197.0
197.0
233.0
270.0
244.0
267.0
273.0
249.0
275.0
293.0
512.0
685.0
702.0
703.0
703.0
703.0
711.0
581.0
455.0
512.0
356.0
273.0
269.0
225.0
195.0
185.0
267.0
173.0
169.0
163.0
169.0
173.0
163.0
177.0
162.0
194.0
160.0
188.0
256.0
161.0
189.0
189.0
190.0
164.0
164.0
160.0
161.0
173.0
191.0
134.0
163.0
163.0
132.0
178.0
168.0
144.0
168.0
168.0
167.0
198.0
184.0
231.0
229.0
191.0
191.0
160.0
229.0
204.0
168.0
177.0
186.0
160.0
185.0
153.0
160.0
160.0
160.0
160.0
159.0
147.0
153.0
179.0
175.0
166.0
191.0
185.0
191.0
161.0
191.0
221.0
191.0
155.0
190.0
190.0
166.0
176.0
163.0
134.0
174.0
171.0
145.0
173.0
172.0
171.0
187.0
270.0
500.0
745.0
791.0
808.0
765.0
789.0
823.0
817.0
817.0
659.0
426.0
343.0
329.0
271.0
220.0
258.0
219.0
181.0
188.0
223.0
223.0
225.0
245.0
329.0
577.0
771.0
784.0
844.0
761.0
793.0
858.0
780.0
762.0
638.0
421.0
356.0
289.0
242.0
217.0
199.0
190.0
190.0
195.0
481.0
194.0
245.0
133.0
251.0
250.0
221.0
199.0
239.0
220.0
247.0
685.0
703.0
694.0
603.0
425.0
347.0
305.0
217.0
217.0
191.0
165.0
168.0
166.0
166.0
171.0
166.0
172.0
223.0
187.0
682.0
472.0
812.0
713.0
782.0
784.0
760.0
768.0
643.0
447.0
355.0
301.0
249.0
208.0
197.0
160.0
172.0
191.0
156.0
175.0
198.0
197.0
249.0
456.0
737.0
765.0
830.0
732.0
766.0
763.0
769.0
769.0
691.0
465.0
374.0
317.0
240.0
212.0
192.0
171.0
172.0
198.0
172.0
172.0
198.0
198.0
250.0
420.0
739.0
802.0
848.0
735.0
765.0
760.0
760.0
727.0
638.0
417.0
360.0
270.0
225.0
225.0
199.0
172.0
172.0
174.0
172.0
198.0
172.0
169.0
172.0
190.0
250.0
243.0
270.0
243.0
269.0
269.0
269.0
262.0
208.0
191.0
191.0
191.0
165.0
165.0
165.0
162.0
156.0
162.0
153.0
162.0
191.0
165.0
175.0
194.0
214.0
279.0
266.0
246.0
281.0
269.0
272.0
275.0
249.0
223.0
197.0
180.0
196.0
160.0
179.0
179.0
179.0
158.0
153.0
181.0
149.0
173.0
176.0
422.0
771.0
821.0
901.0
795.0
826.0
811.0
818.0
788.0
704.0
457.0
369.0
343.0
270.0
238.0
184.0
197.0
188.0
165.0
172.0
197.0
179.0
199.0
275.0
471.0
778.0
830.0
875.0
800.0
810.0
790.0
816.0
789.0
678.0
447.0
369.0
343.0
273.0
244.0
192.0
184.0
193.0
156.0
193.0
167.0
191.0
193.0
272.0
523.0
782.0
849.0
901.0
850.0
849.0
816.0
811.0
795.0
690.0
468.0
369.0
343.0
274.0
275.0
197.0
223.0
197.0
197.0
197.0
197.0
197.0
198.0
275.0
483.0
782.0
817.0
868.0
776.0
810.0
802.0
763.0
760.0
638.0
465.0
180.0
159.0
190.0
159.0
190.0
190.0
190.0
190.0
206.0
159.0
198.0
162.0
194.0
166.0
186.0
168.0
194.0
194.0
194.0
194.0
220.0
194.0
220.0
216.0
192.0
166.0
192.0
166.0
166.0
192.0
194.0
166.0
166.0
197.0
192.0
192.0
166.0
188.0
212.0
202.0
192.0
191.0
189.0
206.0
209.0
224.0
165.0
217.0
165.0
171.0
197.0
165.0
202.0
165.0
165.0
161.0
165.0
197.0
197.0
213.0
229.0
243.0
251.0
214.0
249.0
249.0
249.0
223.0
229.0
189.0
182.0
182.0
182.0
171.0
174.0
198.0
182.0
164.0
164.0
181.0
188.0
191.0
164.0
191.0
190.0
249.0
251.0
217.0
217.0
206.0
196.0
190.0
216.0
221.0
201.0
164.0
190.0
164.0
164.0
164.0
190.0
201.0
164.0
177.0
164.0
165.0
183.0
164.0
182.0
214.0
214.0
200.0
182.0
208.0
223.0
197.0
189.0
197.0
223.0
192.0
166.0
158.0
183.0
166.0
197.0
201.0
192.0
174.0
190.0
155.0
604.0
869.0
869.0
941.0
865.0
894.0
868.0
887.0
861.0
742.0
465.0
377.0
287.0
273.0
234.0
234.0
219.0
219.0
219.0
219.0
190.0
208.0
234.0
342.0
614.0
854.0
892.0
939.0
836.0
888.0
875.0
884.0
879.0
742.0
543.0
407.0
355.0
277.0
283.0
251.0
211.0
231.0
225.0
255.0
231.0
251.0
251.0
329.0
589.0
853.0
875.0
900.0
849.0
862.0
849.0
850.0
855.0
704.0
462.0
381.0
329.0
277.0
272.0
241.0
208.0
193.0
219.0
219.0
190.0
199.0
200.0
199.0
199.0
225.0
251.0
279.0
271.0
240.0
231.0
265.0
253.0
279.0
235.0
237.0
246.0
220.0
194.0
220.0
220.0
205.0
220.0
191.0
194.0
185.0
194.0
191.0
589.0
901.0
901.0
956.0
868.0
917.0
920.0
894.0
887.0
780.0
561.0
459.0
369.0
311.0
275.0
236.0
248.0
249.0
223.0
223.0
182.0
182.0
208.0
312.0
546.0
837.0
895.0
895.0
822.0
874.0
873.0
861.0
835.0
769.0
507.0
433.0
343.0
297.0
275.0
249.0
228.0
228.0
229.0
229.0
220.0
194.0
225.0
312.0
572.0
843.0
888.0
938.0
813.0
901.0
893.0
904.0
868.0
763.0
509.0
432.0
387.0
303.0
275.0
262.0
245.0
219.0
219.0
217.0
219.0
182.0
225.0
312.0
558.0
869.0
895.0
921.0
848.0
888.0
867.0
878.0
840.0
768.0
536.0
407.0
352.0
303.0
282.0
249.0
226.0
207.0
228.0
228.0
219.0
225.0
225.0
334.0
563.0
852.0
869.0
905.0
836.0
827.0
844.0
829.0
826.0
716.0
495.0
366.0
317.0
265.0
242.0
243.0
243.0
217.0
191.0
191.0
217.0
194.0
194.0
194.0
221.0
210.0
221.0
251.0
280.0
247.0
247.0
264.0
241.0
267.0
241.0
242.0
221.0
243.0
221.0
221.0
195.0
221.0
221.0
194.0
190.0
194.0
197.0
197.0
197.0
214.0
220.0
246.0
267.0
241.0
246.0
216.0
249.0
220.0
220.0
220.0
194.0
214.0
218.0
218.0
230.0
192.0
192.0
192.0
226.0
179.0
192.0
199.0
575.0
834.0
930.0
953.0
867.0
907.0
888.0
861.0
881.0
769.0
491.0
374.0
355.0
273.0
244.0
243.0
217.0
217.0
191.0
217.0
194.0
223.0
225.0
352.0
553.0
849.0
930.0
953.0
866.0
893.0
893.0
885.0
868.0
768.0
502.0
407.0
355.0
266.0
251.0
251.0
219.0
217.0
222.0
214.0
220.0
225.0
220.0
383.0
586.0
870.0
927.0
939.0
875.0
906.0
895.0
894.0
868.0
768.0
517.0
407.0
329.0
273.0
246.0
246.0
243.0
256.0
217.0
217.0
220.0
220.0
220.0
352.0
547.0
875.0
902.0
939.0
845.0
891.0
902.0
907.0
881.0
776.0
491.0
389.0
355.0
302.0
283.0
243.0
211.0
237.0
215.0
229.0
229.0
198.0
223.0
313.0
547.0
850.0
902.0
952.0
822.0
893.0
861.0
864.0
881.0
742.0
517.0
368.0
355.0
247.0
216.0
237.0
229.0
177.0
229.0
203.0
183.0
203.0
203.0
181.0
214.0
239.0
262.0
240.0
272.0
239.0
246.0
257.0
231.0
240.0
213.0
228.0
188.0
183.0
214.0
214.0
223.0
202.0
171.0
197.0
223.0
197.0
197.0
197.0
220.0
235.0
250.0
246.0
251.0
251.0
246.0
220.0
246.0
223.0
223.0
223.0
218.0
197.0
197.0
218.0
197.0
202.0
166.0
190.0
197.0
197.0
197.0
184.0
581.0
865.0
864.0
951.0
868.0
894.0
900.0
894.0
920.0
769.0
554.0
432.0
382.0
272.0
246.0
246.0
185.0
206.0
232.0
194.0
207.0
198.0
220.0
324.0
610.0
884.0
888.0
929.0
862.0
862.0
906.0
861.0
891.0
787.0
551.0
458.0
347.0
277.0
242.0
251.0
206.0
229.0
225.0
203.0
229.0
225.0
199.0
352.0
610.0
824.0
875.0
908.0
806.0
874.0
894.0
865.0
855.0
780.0
494.0
459.0
354.0
308.0
247.0
243.0
229.0
215.0
217.0
198.0
234.0
213.0
251.0
359.0
558.0
876.0
902.0
956.0
874.0
900.0
894.0
891.0
865.0
761.0
527.0
412.0
381.0
303.0
283.0
266.0
243.0
216.0
232.0
192.0
214.0
214.0
232.0
317.0
552.0
850.0
902.0
906.0
856.0
861.0
893.0
904.0
878.0
765.0
526.0
394.0
316.0
290.0
273.0
279.0
220.0
212.0
183.0
232.0
225.0
196.0
188.0
194.0
210.0
273.0
240.0
252.0
239.0
252.0
248.0
249.0
246.0
254.0
234.0
218.0
223.0
223.0
223.0
226.0
223.0
223.0
197.0
228.0
216.0
187.0
197.0
198.0
232.0
275.0
237.0
252.0
249.0
276.0
249.0
275.0
275.0
238.0
249.0
249.0
223.0
223.0
223.0
223.0
202.0
197.0
198.0
196.0
162.0
201.0
190.0
188.0
594.0
888.0
908.0
914.0
845.0
876.0
880.0
906.0
878.0
769.0
533.0
425.0
377.0
290.0
249.0
267.0
216.0
226.0
191.0
214.0
225.0
216.0
199.0
327.0
565.0
849.0
876.0
940.0
810.0
866.0
906.0
857.0
857.0
767.0
542.0
452.0
364.0
295.0
243.0
266.0
219.0
245.0
226.0
232.0
193.0
214.0
206.0
357.0
578.0
850.0
881.0
960.0
838.0
878.0
906.0
865.0
865.0
787.0
532.0
426.0
370.0
302.0
273.0
275.0
249.0
232.0
232.0
232.0
232.0
215.0
220.0
357.0
599.0
850.0
863.0
942.0
856.0
892.0
894.0
893.0
892.0
769.0
569.0
449.0
381.0
298.0
247.0
276.0
207.0
232.0
232.0
211.0
194.0
194.0
220.0
350.0
575.0
901.0
902.0
948.0
839.0
900.0
894.0
893.0
859.0
757.0
534.0
400.0
328.0
251.0
225.0
267.0
196.0
219.0
219.0
193.0
193.0
183.0
194.0
162.0
220.0
246.0
272.0
246.0
246.0
272.0
268.0
261.0
287.0
303.0
279.0
240.0
229.0
229.0
218.0
218.0
217.0
227.0
218.0
206.0
192.0
192.0
192.0
192.0
218.0
272.0
272.0
262.0
301.0
292.0
321.0
318.0
303.0
299.0
244.0
218.0
217.0
191.0
195.0
218.0
224.0
168.0
181.0
168.0
191.0
191.0
191.0
189.0
555.0
837.0
896.0
916.0
854.0
902.0
927.0
906.0
878.0
769.0
559.0
459.0
355.0
336.0
247.0
238.0
215.0
219.0
219.0
219.0
219.0
220.0
224.0
330.0
558.0
902.0
902.0
940.0
822.0
900.0
893.0
867.0
908.0
761.0
533.0
451.0
342.0
270.0
249.0
249.0
218.0
196.0
217.0
222.0
223.0
220.0
224.0
352.0
558.0
841.0
894.0
931.0
822.0
874.0
893.0
879.0
867.0
778.0
559.0
452.0
368.0
280.0
247.0
243.0
213.0
245.0
219.0
219.0
220.0
220.0
220.0
366.0
584.0
863.0
891.0
959.0
844.0
909.0
885.0
897.0
893.0
794.0
527.0
438.0
374.0
269.0
267.0
248.0
219.0
248.0
248.0
245.0
220.0
194.0
232.0
352.0
558.0
902.0
894.0
952.0
848.0
895.0
168.0
194.0
194.0
272.0
518.0
794.0
792.0
836.0
742.0
829.0
803.0
819.0
801.0
670.0
465.0
351.0
299.0
263.0
251.0
166.0
183.0
196.0
188.0
205.0
188.0
188.0
188.0
263.0
508.0
786.0
784.0
832.0
768.0
811.0
829.0
819.0
789.0
664.0
455.0
352.0
266.0
227.0
192.0
166.0
166.0
141.0
167.0
144.0
154.0
144.0
170.0
134.0
170.0
187.0
194.0
195.0
196.0
211.0
196.0
205.0
213.0
195.0
195.0
185.0
156.0
166.0
166.0
166.0
150.0
176.0
166.0
155.0
149.0
135.0
166.0
144.0
144.0
165.0
165.0
185.0
180.0
202.0
191.0
192.0
197.0
166.0
185.0
192.0
166.0
158.0
144.0
166.0
150.0
166.0
159.0
149.0
149.0
149.0
172.0
144.0
478.0
788.0
816.0
868.0
764.0
819.0
808.0
808.0
790.0
664.0
452.0
348.0
322.0
247.0
210.0
192.0
191.0
200.0
158.0
174.0
196.0
158.0
188.0
292.0
496.0
782.0
811.0
838.0
746.0
811.0
790.0
790.0
768.0
664.0
426.0
351.0
299.0
247.0
218.0
193.0
156.0
200.0
174.0
174.0
193.0
162.0
188.0
265.0
493.0
776.0
753.0
837.0
742.0
757.0
757.0
790.0
768.0
631.0
426.0
296.0
273.0
220.0
248.0
182.0
164.0
192.0
174.0
174.0
156.0
167.0
188.0
261.0
498.0
766.0
776.0
811.0
718.0
757.0
771.0
764.0
742.0
637.0
429.0
351.0
273.0
254.0
231.0
187.0
192.0
195.0
174.0
192.0
178.0
192.0
192.0
301.0
534.0
759.0
769.0
805.0
711.0
797.0
797.0
763.0
738.0
637.0
429.0
302.0
273.0
219.0
218.0
192.0
166.0
174.0
174.0
162.0
166.0
161.0
161.0
161.0
177.0
187.0
183.0
195.0
189.0
226.0
218.0
194.0
221.0
199.0
192.0
183.0
199.0
173.0
166.0
166.0
156.0
199.0
166.0
133.0
163.0
159.0
159.0
159.0
159.0
201.0
211.0
204.0
211.0
211.0
221.0
214.0
210.0
218.0
184.0
200.0
184.0
174.0
185.0
158.0
137.0
184.0
158.0
158.0
158.0
137.0
184.0
264.0
500.0
765.0
756.0
805.0
718.0
793.0
767.0
756.0
765.0
631.0
426.0
346.0
292.0
247.0
225.0
199.0
174.0
174.0
174.0
174.0
162.0
162.0
184.0
240.0
508.0
742.0
732.0
787.0
723.0
737.0
777.0
737.0
709.0
642.0
459.0
355.0
273.0
247.0
223.0
198.0
174.0
182.0
174.0
177.0
193.0
161.0
193.0
265.0
482.0
732.0
742.0
804.0
711.0
763.0
745.0
764.0
742.0
597.0
433.0
356.0
273.0
247.0
184.0
183.0
167.0
193.0
170.0
170.0
199.0
161.0
205.0
279.0
430.0
630.0
742.0
818.0
690.0
763.0
754.0
780.0
775.0
665.0
455.0
343.0
317.0
247.0
210.0
199.0
172.0
193.0
193.0
170.0
187.0
161.0
204.0
279.0
534.0
742.0
790.0
818.0
752.0
763.0
771.0
797.0
735.0
631.0
434.0
311.0
277.0
225.0
205.0
192.0
176.0
200.0
156.0
170.0
157.0
161.0
166.0
172.0
200.0
272.0
273.0
278.0
267.0
272.0
269.0
283.0
270.0
245.0
211.0
225.0
189.0
204.0
199.0
173.0
173.0
199.0
173.0
199.0
173.0
173.0
173.0
175.0
199.0
241.0
252.0
235.0
225.0
279.0
270.0
267.0
279.0
225.0
198.0
225.0
188.0
204.0
173.0
173.0
174.0
166.0
199.0
168.0
173.0
173.0
191.0
264.0
469.0
763.0
789.0
837.0
763.0
828.0
793.0
763.0
789.0
667.0
451.0
377.0
295.0
247.0
220.0
191.0
165.0
197.0
202.0
194.0
186.0
194.0
203.0
300.0
508.0
766.0
766.0
815.0
746.0
789.0
763.0
774.0
742.0
639.0
415.0
351.0
302.0
247.0
225.0
201.0
166.0
200.0
169.0
188.0
188.0
188.0
188.0
292.0
528.0
760.0
782.0
842.0
728.0
782.0
797.0
797.0
790.0
641.0
452.0
288.0
273.0
251.0
225.0
192.0
168.0
174.0
174.0
189.0
162.0
160.0
188.0
266.0
534.0
771.0
798.0
848.0
735.0
814.0
814.0
816.0
790.0
677.0
452.0
358.0
336.0
277.0
224.0
192.0
166.0
198.0
200.0
203.0
200.0
155.0
188.0
293.0
544.0
810.0
820.0
842.0
746.0
814.0
787.0
800.0
754.0
625.0
462.0
328.0
273.0
273.0
229.0
189.0
174.0
200.0
174.0
201.0
164.0
168.0
168.0
161.0
187.0
228.0
248.0
278.0
223.0
278.0
244.0
240.0
265.0
225.0
212.0
199.0
199.0
198.0
166.0
174.0
173.0
173.0
173.0
202.0
173.0
181.0
129.0
165.0
163.0
199.0
199.0
205.0
225.0
210.0
210.0
184.0
210.0
182.0
184.0
210.0
184.0
189.0
158.0
179.0
165.0
191.0
158.0
158.0
158.0
137.0
184.0
162.0
500.0
766.0
785.0
871.0
756.0
793.0
819.0
782.0
778.0
634.0
460.0
377.0
308.0
284.0
220.0
182.0
166.0
200.0
200.0
200.0
175.0
173.0
194.0
305.0
528.0
784.0
764.0
853.0
767.0
788.0
788.0
802.0
761.0
657.0
446.0
377.0
309.0
273.0
225.0
201.0
172.0
200.0
196.0
174.0
193.0
188.0
190.0
305.0
534.0
800.0
784.0
838.0
737.0
802.0
780.0
781.0
784.0
666.0
460.0
334.0
300.0
247.0
220.0
216.0
166.0
200.0
198.0
191.0
193.0
197.0
230.0
305.0
534.0
765.0
822.0
845.0
746.0
828.0
828.0
802.0
797.0
690.0
458.0
360.0
277.0
247.0
220.0
258.0
178.0
200.0
174.0
194.0
193.0
161.0
187.0
291.0
525.0
759.0
799.0
880.0
742.0
822.0
796.0
800.0
771.0
630.0
407.0
302.0
248.0
220.0
220.0
251.0
173.0
200.0
174.0
174.0
192.0
164.0
175.0
161.0
200.0
299.0
291.0
279.0
250.0
291.0
280.0
274.0
273.0
251.0
186.0
191.0
192.0
176.0
168.0
162.0
173.0
173.0
173.0
166.0
166.0
166.0
166.0
166.0
205.0
274.0
274.0
272.0
272.0
272.0
236.0
247.0
246.0
225.0
200.0
189.0
200.0
160.0
173.0
171.0
173.0
199.0
173.0
173.0
173.0
173.0
193.0
163.0
480.0
817.0
808.0
886.0
756.0
813.0
845.0
782.0
801.0
650.0
460.0
350.0
295.0
273.0
215.0
239.0
188.0
408.0
401.0
408.0
391.0
430.0
430.0
458.0
518.0
557.0
561.0
587.0
587.0
561.0
535.0
521.0
786.0
663.0
420.0
401.0
289.0
273.0
251.0
247.0
214.0
199.0
194.0
193.0
194.0
194.0
194.0
299.0
499.0
759.0
783.0
837.0
770.0
811.0
797.0
802.0
732.0
552.0
367.0
288.0
247.0
193.0
201.0
245.0
140.0
174.0
174.0
144.0
146.0
172.0
154.0
175.0
170.0
167.0
170.0
220.0
204.0
158.0
168.0
168.0
178.0
149.0
144.0
172.0
136.0
144.0
178.0
144.0
136.0
166.0
144.0
170.0
170.0
138.0
145.0
170.0
170.0
170.0
180.0
244.0
219.0
184.0
197.0
197.0
168.0
172.0
174.0
174.0
164.0
166.0
179.0
171.0
144.0
173.0
167.0
144.0
167.0
144.0
149.0
142.0
160.0
189.0
193.0
193.0
199.0
189.0
189.0
184.0
205.0
171.0
163.0
163.0
163.0
163.0
144.0
175.0
163.0
149.0
149.0
179.0
163.0
163.0
204.0
140.0
504.0
787.0
756.0
762.0
709.0
756.0
770.0
759.0
735.0
631.0
423.0
318.0
273.0
222.0
195.0
140.0
186.0
198.0
165.0
165.0
171.0
158.0
201.0
301.0
539.0
821.0
847.0
847.0
798.0
846.0
818.0
823.0
793.0
690.0
460.0
355.0
303.0
240.0
221.0
251.0
185.0
187.0
198.0
198.0
189.0
167.0
231.0
265.0
534.0
808.0
850.0
894.0
796.0
850.0
820.0
827.0
789.0
690.0
473.0
377.0
358.0
247.0
221.0
243.0
198.0
200.0
198.0
193.0
189.0
167.0
193.0
297.0
531.0
817.0
831.0
897.0
828.0
874.0
848.0
848.0
796.0
699.0
459.0
327.0
709.0
743.0
725.0
713.0
611.0
446.0
359.0
322.0
266.0
247.0
197.0
194.0
200.0
198.0
193.0
219.0
168.0
140.0
273.0
132.0
687.0
790.0
829.0
795.0
764.0
732.0
712.0
790.0
642.0
351.0
273.0
247.0
194.0
252.0
186.0
186.0
140.0
174.0
273.0
174.0
247.0
168.0
168.0
188.0
254.0
246.0
274.0
224.0
246.0
247.0
247.0
247.0
218.0
218.0
189.0
198.0
187.0
171.0
160.0
160.0
167.0
179.0
205.0
180.0
204.0
179.0
179.0
163.0
215.0
218.0
241.0
252.0
231.0
222.0
231.0
224.0
200.0
194.0
189.0
179.0
177.0
180.0
179.0
165.0
181.0
179.0
179.0
231.0
165.0
200.0
264.0
194.0
798.0
806.0
874.0
782.0
807.0
819.0
715.0
796.0
657.0
443.0
323.0
288.0
213.0
221.0
196.0
209.0
192.0
213.0
194.0
221.0
140.0
189.0
299.0
959.0
824.0
785.0
842.0
270.0
771.0
790.0
742.0
768.0
638.0
418.0
322.0
286.0
250.0
193.0
185.0
251.0
278.0
247.0
274.0
283.0
241.0
274.0
285.0
493.0
687.0
711.0
716.0
719.0
713.0
719.0
579.0
459.0
516.0
348.0
259.0
273.0
228.0
195.0
192.0
279.0
170.0
162.0
166.0
158.0
158.0
169.0
169.0
175.0
195.0
166.0
188.0
239.0
161.0
189.0
193.0
202.0
176.0
168.0
163.0
174.0
163.0
189.0
131.0
163.0
163.0
144.0
162.0
163.0
144.0
163.0
163.0
163.0
200.0
189.0
215.0
215.0
204.0
202.0
178.0
230.0
204.0
180.0
178.0
204.0
165.0
191.0
144.0
164.0
178.0
178.0
171.0
167.0
152.0
144.0
167.0
173.0
166.0
192.0
200.0
193.0
166.0
192.0
229.0
186.0
166.0
192.0
192.0
166.0
166.0
166.0
144.0
166.0
174.0
134.0
166.0
167.0
166.0
185.0
278.0
497.0
738.0
790.0
821.0
763.0
786.0
808.0
817.0
823.0
649.0
434.0
349.0
328.0
277.0
207.0
255.0
207.0
198.0
198.0
229.0
224.0
214.0
240.0
332.0
574.0
760.0
787.0
835.0
760.0
797.0
877.0
796.0
771.0
641.0
424.0
340.0
310.0
251.0
211.0
199.0
198.0
198.0
200.0
467.0
183.0
240.0
144.0
252.0
238.0
224.0
193.0
244.0
219.0
235.0
685.0
705.0
684.0
618.0
436.0
337.0
296.0
219.0
222.0
193.0
160.0
170.0
155.0
174.0
176.0
166.0
164.0
218.0
186.0
687.0
471.0
816.0
723.0
800.0
789.0
772.0
774.0
642.0
443.0
358.0
296.0
254.0
228.0
202.0
173.0
155.0
190.0
164.0
160.0
186.0
186.0
238.0
446.0
748.0
758.0
829.0
742.0
776.0
774.0
774.0
755.0
690.0
442.0
379.0
333.0
248.0
220.0
202.0
169.0
176.0
194.0
170.0
156.0
194.0
194.0
240.0
430.0
745.0
799.0
840.0
742.0
767.0
759.0
774.0
742.0
638.0
420.0
357.0
266.0
220.0
220.0
190.0
178.0
174.0
166.0
175.0
194.0
168.0
168.0
173.0
194.0
251.0
253.0
275.0
244.0
262.0
262.0
262.0
273.0
230.0
182.0
204.0
204.0
172.0
172.0
178.0
173.0
178.0
178.0
147.0
176.0
204.0
167.0
173.0
199.0
226.0
264.0
268.0
252.0
282.0
272.0
269.0
272.0
245.0
230.0
204.0
178.0
204.0
178.0
176.0
176.0
176.0
167.0
152.0
202.0
150.0
176.0
166.0
425.0
765.0
820.0
883.0
790.0
827.0
830.0
827.0
780.0
712.0
463.0
379.0
348.0
274.0
249.0
204.0
190.0
192.0
179.0
166.0
192.0
173.0
182.0
277.0
485.0
771.0
824.0
877.0
790.0
816.0
792.0
816.0
790.0
684.0
461.0
379.0
348.0
274.0
254.0
189.0
186.0
192.0
172.0
194.0
173.0
199.0
201.0
279.0
537.0
799.0
849.0
903.0
845.0
834.0
826.0
816.0
790.0
690.0
483.0
379.0
353.0
270.0
274.0
204.0
207.0
202.0
192.0
192.0
196.0
197.0
203.0
272.0
485.0
801.0
825.0
879.0
761.0
827.0
796.0
753.0
764.0
626.0
446.0
367.0
322.0
275.0
247.0
181.0
182.0
206.0
229.0
192.0
193.0
168.0
196.0
277.0
470.0
747.0
772.0
849.0
765.0
771.0
743.0
701.0
727.0
491.0
377.0
273.0
247.0
220.0
176.0
154.0
172.0
146.0
172.0
143.0
144.0
144.0
140.0
148.0
144.0
141.0
161.0
180.0
141.0
155.0
156.0
172.0
141.0
162.0
166.0
140.0
172.0
154.0
145.0
150.0
141.0
153.0
149.0
131.0
149.0
149.0
149.0
149.0
149.0
177.0
177.0
161.0
177.0
205.0
189.0
177.0
203.0
168.0
144.0
179.0
166.0
142.0
149.0
166.0
149.0
149.0
133.0
149.0
142.0
149.0
149.0
149.0
140.0
162.0
140.0
191.0
192.0
172.0
172.0
192.0
166.0
131.0
131.0
174.0
131.0
140.0
140.0
166.0
148.0
140.0
142.0
140.0
140.0
140.0
140.0
140.0
134.0
140.0
166.0
192.0
192.0
192.0
166.0
166.0
166.0
166.0
153.0
141.0
143.0
148.0
139.0
140.0
135.0
140.0
140.0
140.0
140.0
140.0
140.0
140.0
140.0
162.0
192.0
192.0
192.0
192.0
192.0
166.0
166.0
177.0
131.0
166.0
132.0
166.0
140.0
140.0
166.0
144.0
140.0
153.0
153.0
140.0
151.0
140.0
147.0
178.0
177.0
203.0
203.0
177.0
177.0
177.0
177.0
166.0
166.0
166.0
146.0
166.0
140.0
166.0
167.0
144.0
151.0
140.0
140.0
140.0
140.0
140.0
138.0
203.0
171.0
213.0
226.0
218.0
203.0
204.0
203.0
203.0
177.0
177.0
177.0
140.0
140.0
140.0
140.0
140.0
153.0
153.0
153.0
153.0
191.0
148.0
408.0
678.0
716.0
739.0
645.0
713.0
678.0
713.0
687.0
545.0
350.0
284.0
280.0
219.0
193.0
129.0
173.0
153.0
174.0
167.0
141.0
168.0
177.0
230.0
437.0
685.0
739.0
734.0
633.0
713.0
697.0
702.0
690.0
586.0
351.0
271.0
254.0
243.0
187.0
150.0
169.0
168.0
194.0
172.0
168.0
168.0
158.0
246.0
436.0
714.0
711.0
732.0
633.0
685.0
685.0
705.0
700.0
597.0
389.0
333.0
307.0
237.0
185.0
138.0
203.0
177.0
177.0
177.0
168.0
177.0
177.0
249.0
426.0
698.0
730.0
772.0
671.0
737.0
731.0
742.0
690.0
608.0
367.0
302.0
263.0
265.0
220.0
151.0
193.0
172.0
157.0
172.0
168.0
194.0
157.0
228.0
395.0
661.0
723.0
723.0
633.0
705.0
711.0
711.0
690.0
586.0
355.0
328.0
302.0
273.0
228.0
151.0
203.0
196.0
196.0
177.0
203.0
203.0
203.0
247.0
462.0
749.0
709.0
801.0
659.0
710.0
711.0
705.0
716.0
593.0
360.0
302.0
254.0
218.0
207.0
151.0
169.0
177.0
158.0
177.0
177.0
169.0
178.0
268.0
462.0
749.0
749.0
794.0
720.0
741.0
705.0
705.0
716.0
621.0
367.0
298.0
254.0
248.0
197.0
140.0
158.0
166.0
169.0
159.0
168.0
201.0
152.0
178.0
142.0
230.0
212.0
238.0
248.0
219.0
219.0
224.0
218.0
218.0
192.0
185.0
204.0
177.0
168.0
140.0
168.0
168.0
166.0
161.0
168.0
140.0
168.0
168.0
168.0
255.0
218.0
244.0
244.0
220.0
212.0
194.0
218.0
218.0
218.0
203.0
204.0
192.0
161.0
135.0
161.0
140.0
174.0
140.0
166.0
166.0
166.0
177.0
410.0
741.0
794.0
822.0
722.0
765.0
792.0
798.0
768.0
660.0
426.0
319.0
303.0
280.0
202.0
138.0
155.0
160.0
165.0
158.0
168.0
168.0
168.0
277.0
460.0
745.0
737.0
815.0
711.0
737.0
733.0
718.0
688.0
608.0
378.0
343.0
291.0
263.0
230.0
141.0
177.0
166.0
173.0
163.0
168.0
171.0
177.0
239.0
462.0
740.0
792.0
782.0
720.0
766.0
767.0
768.0
742.0
623.0
430.0
341.0
296.0
284.0
224.0
144.0
167.0
177.0
177.0
196.0
203.0
177.0
170.0
177.0
149.0
156.0
161.0
194.0
203.0
206.0
200.0
217.0
193.0
219.0
194.0
194.0
168.0
194.0
194.0
168.0
155.0
174.0
165.0
175.0
168.0
168.0
151.0
158.0
151.0
158.0
158.0
158.0
158.0
196.0
168.0
157.0
194.0
194.0
183.0
194.0
168.0
194.0
157.0
168.0
166.0
166.0
168.0
158.0
144.0
168.0
168.0
144.0
168.0
168.0
142.0
168.0
191.0
194.0
194.0
194.0
185.0
194.0
194.0
194.0
194.0
194.0
194.0
168.0
168.0
168.0
161.0
168.0
161.0
161.0
161.0
161.0
161.0
177.0
434.0
645.0
820.0
820.0
705.0
824.0
790.0
794.0
773.0
660.0
456.0
346.0
302.0
222.0
216.0
169.0
184.0
172.0
198.0
170.0
169.0
172.0
172.0
259.0
521.0
770.0
822.0
844.0
742.0
825.0
794.0
788.0
768.0
663.0
456.0
328.0
322.0
250.0
217.0
169.0
193.0
184.0
198.0
170.0
170.0
158.0
170.0
278.0
507.0
779.0
818.0
844.0
742.0
818.0
794.0
794.0
768.0
638.0
456.0
350.0
272.0
256.0
213.0
171.0
164.0
192.0
166.0
196.0
179.0
175.0
194.0
291.0
506.0
716.0
766.0
794.0
720.0
775.0
741.0
741.0
716.0
612.0
456.0
350.0
256.0
230.0
194.0
169.0
168.0
168.0
168.0
161.0
176.0
168.0
157.0
168.0
174.0
215.0
212.0
219.0
203.0
214.0
219.0
218.0
218.0
218.0
194.0
168.0
194.0
168.0
165.0
156.0
177.0
168.0
168.0
168.0
168.0
168.0
140.0
168.0
168.0
229.0
244.0
234.0
218.0
217.0
246.0
218.0
194.0
194.0
183.0
192.0
195.0
194.0
168.0
168.0
179.0
168.0
168.0
168.0
168.0
168.0
168.0
155.0
488.0
742.0
794.0
795.0
720.0
764.0
753.0
756.0
768.0
615.0
430.0
350.0
324.0
256.0
230.0
169.0
184.0
203.0
196.0
195.0
195.0
185.0
177.0
297.0
517.0
742.0
801.0
820.0
739.0
776.0
773.0
768.0
768.0
612.0
430.0
360.0
273.0
224.0
198.0
162.0
187.0
166.0
169.0
170.0
175.0
172.0
170.0
277.0
508.0
742.0
792.0
820.0
704.0
767.0
767.0
768.0
742.0
620.0
430.0
324.0
296.0
281.0
185.0
178.0
206.0
196.0
169.0
170.0
169.0
196.0
170.0
297.0
508.0
742.0
792.0
846.0
720.0
799.0
764.0
768.0
768.0
644.0
430.0
321.0
269.0
243.0
191.0
165.0
206.0
165.0
189.0
160.0
168.0
160.0
186.0
268.0
495.0
732.0
732.0
784.0
723.0
741.0
723.0
714.0
711.0
612.0
393.0
321.0
273.0
230.0
208.0
156.0
165.0
160.0
166.0
159.0
169.0
167.0
170.0
162.0
158.0
247.0
248.0
248.0
218.0
248.0
272.0
213.0
244.0
208.0
218.0
192.0
192.0
192.0
161.0
166.0
140.0
174.0
155.0
166.0
166.0
166.0
140.0
190.0
172.0
185.0
212.0
218.0
244.0
218.0
218.0
218.0
218.0
218.0
227.0
181.0
192.0
167.0
168.0
168.0
156.0
177.0
177.0
177.0
177.0
177.0
157.0
169.0
474.0
765.0
734.0
754.0
712.0
772.0
764.0
772.0
772.0
646.0
434.0
337.0
296.0
247.0
230.0
159.0
200.0
174.0
174.0
168.0
160.0
174.0
174.0
272.0
506.0
772.0
792.0
793.0
723.0
793.0
767.0
772.0
772.0
648.0
462.0
324.0
265.0
228.0
217.0
167.0
180.0
192.0
166.0
166.0
206.0
166.0
184.0
272.0
530.0
764.0
777.0
816.0
712.0
793.0
794.0
764.0
764.0
638.0
439.0
350.0
288.0
256.0
207.0
168.0
193.0
170.0
196.0
170.0
174.0
170.0
196.0
278.0
532.0
742.0
768.0
819.0
697.0
767.0
776.0
771.0
742.0
638.0
430.0
324.0
273.0
230.0
229.0
168.0
193.0
170.0
196.0
170.0
168.0
157.0
196.0
264.0
527.0
746.0
738.0
796.0
677.0
736.0
769.0
715.0
627.0
534.0
390.0
350.0
282.0
230.0
224.0
172.0
192.0
192.0
192.0
192.0
163.0
206.0
168.0
194.0
194.0
267.0
272.0
263.0
245.0
276.0
276.0
276.0
276.0
250.0
192.0
220.0
198.0
232.0
198.0
172.0
198.0
198.0
186.0
198.0
158.0
198.0
198.0
198.0
200.0
250.0
244.0
282.0
250.0
274.0
276.0
250.0
282.0
218.0
207.0
192.0
158.0
186.0
192.0
173.0
166.0
196.0
165.0
192.0
161.0
166.0
187.0
217.0
486.0
619.0
763.0
816.0
764.0
790.0
790.0
798.0
764.0
656.0
452.0
359.0
289.0
256.0
219.0
167.0
167.0
166.0
166.0
161.0
166.0
192.0
166.0
276.0
532.0
790.0
790.0
844.0
746.0
792.0
794.0
772.0
772.0
645.0
460.0
360.0
333.0
273.0
219.0
167.0
167.0
178.0
170.0
193.0
165.0
170.0
196.0
271.0
502.0
768.0
792.0
816.0
725.0
754.0
776.0
775.0
768.0
636.0
430.0
337.0
298.0
256.0
245.0
168.0
167.0
163.0
172.0
170.0
172.0
166.0
195.0
274.0
504.0
764.0
743.0
822.0
718.0
767.0
766.0
770.0
737.0
640.0
432.0
355.0
331.0
273.0
221.0
171.0
193.0
166.0
182.0
165.0
166.0
171.0
172.0
276.0
484.0
738.0
764.0
790.0
694.0
771.0
750.0
742.0
738.0
614.0
364.0
341.0
296.0
254.0
220.0
168.0
167.0
166.0
169.0
166.0
199.0
166.0
166.0
168.0
177.0
219.0
198.0
219.0
182.0
218.0
218.0
218.0
220.0
218.0
196.0
197.0
169.0
198.0
172.0
172.0
184.0
172.0
160.0
169.0
172.0
174.0
172.0
165.0
172.0
198.0
190.0
198.0
221.0
198.0
181.0
218.0
196.0
192.0
192.0
192.0
166.0
192.0
192.0
163.0
163.0
166.0
166.0
165.0
161.0
166.0
166.0
166.0
164.0
192.0
195.0
229.0
244.0
217.0
217.0
219.0
218.0
218.0
190.0
188.0
192.0
166.0
203.0
166.0
186.0
200.0
198.0
166.0
162.0
191.0
173.0
164.0
490.0
688.0
691.0
798.0
720.0
790.0
790.0
763.0
758.0
660.0
486.0
337.0
272.0
282.0
215.0
167.0
200.0
200.0
172.0
174.0
187.0
181.0
174.0
297.0
510.0
758.0
766.0
817.0
720.0
767.0
754.0
782.0
772.0
631.0
460.0
360.0
293.0
241.0
219.0
167.0
200.0
200.0
174.0
199.0
174.0
200.0
200.0
278.0
498.0
798.0
798.0
844.0
746.0
810.0
798.0
824.0
798.0
668.0
460.0
352.0
291.0
262.0
245.0
163.0
200.0
181.0
192.0
182.0
200.0
195.0
200.0
275.0
512.0
791.0
798.0
834.0
765.0
810.0
817.0
824.0
798.0
661.0
453.0
349.0
279.0
219.0
193.0
167.0
180.0
151.0
167.0
141.0
141.0
141.0
173.0
141.0
160.0
197.0
193.0
193.0
183.0
220.0
193.0
193.0
219.0
195.0
182.0
193.0
167.0
167.0
167.0
161.0
136.0
167.0
167.0
167.0
132.0
141.0
165.0
141.0
149.0
167.0
167.0
198.0
171.0
193.0
201.0
193.0
188.0
165.0
191.0
191.0
159.0
171.0
140.0
171.0
145.0
171.0
171.0
145.0
147.0
145.0
171.0
132.0
483.0
795.0
813.0
878.0
756.0
821.0
821.0
821.0
795.0
665.0
457.0
356.0
313.0
233.0
214.0
197.0
193.0
197.0
171.0
171.0
197.0
180.0
204.0
301.0
509.0
795.0
821.0
831.0
741.0
807.0
783.0
783.0
756.0
670.0
419.0
357.0
296.0
248.0
217.0
185.0
166.0
185.0
159.0
159.0
185.0
170.0
196.0
272.0
508.0
758.0
755.0
846.0
742.0
757.0
763.0
787.0
758.0
642.0
428.0
295.0
266.0
225.0
247.0
194.0
168.0
194.0
160.0
160.0
160.0
178.0
186.0
272.0
509.0
775.0
766.0
812.0
712.0
776.0
767.0
769.0
743.0
642.0
436.0
347.0
268.0
243.0
224.0
198.0
193.0
192.0
171.0
203.0
171.0
197.0
197.0
298.0
535.0
765.0
765.0
827.0
720.0
802.0
794.0
768.0
742.0
623.0
428.0
157.0
167.0
162.0
166.0
166.0
166.0
157.0
200.0
273.0
512.0
772.0
746.0
821.0
720.0
776.0
771.0
755.0
742.0
642.0
434.0
360.0
322.0
272.0
220.0
174.0
181.0
174.0
200.0
174.0
174.0
172.0
174.0
260.0
486.0
736.0
761.0
798.0
694.0
776.0
738.0
740.0
742.0
616.0
376.0
339.0
285.0
234.0
220.0
165.0
178.0
157.0
174.0
174.0
194.0
174.0
174.0
169.0
169.0
221.0
206.0
219.0
200.0
232.0
222.0
226.0
216.0
216.0
190.0
192.0
174.0
182.0
166.0
166.0
192.0
166.0
166.0
171.0
166.0
155.0
166.0
166.0
172.0
190.0
205.0
190.0
216.0
189.0
190.0
219.0
190.0
190.0
190.0
192.0
166.0
186.0
192.0
166.0
166.0
167.0
166.0
177.0
174.0
166.0
164.0
166.0
155.0
190.0
192.0
228.0
248.0
225.0
223.0
217.0
217.0
215.0
200.0
196.0
193.0
167.0
193.0
167.0
191.0
193.0
193.0
167.0
167.0
187.0
167.0
156.0
471.0
687.0
679.0
797.0
713.0
791.0
780.0
765.0
765.0
667.0
476.0
353.0
260.0
277.0
222.0
178.0
192.0
197.0
157.0
178.0
190.0
199.0
173.0
299.0
517.0
762.0
765.0
818.0
710.0
767.0
772.0
788.0
762.0
634.0
458.0
360.0
304.0
245.0
225.0
168.0
206.0
198.0
158.0
182.0
174.0
200.0
200.0
278.0
512.0
798.0
792.0
844.0
746.0
824.0
790.0
820.0
804.0
671.0
456.0
350.0
296.0
273.0
247.0
170.0
190.0
196.0
190.0
204.0
196.0
191.0
190.0
274.0
508.0
793.0
790.0
831.0
766.0
805.0
820.0
820.0
794.0
668.0
445.0
351.0
273.0
220.0
194.0
168.0
166.0
129.0
165.0
144.0
145.0
151.0
169.0
131.0
169.0
195.0
195.0
195.0
189.0
214.0
189.0
189.0
215.0
189.0
194.0
206.0
173.0
163.0
165.0
163.0
141.0
163.0
163.0
163.0
144.0
133.0
163.0
141.0
141.0
163.0
164.0
200.0
174.0
190.0
190.0
190.0
188.0
164.0
190.0
190.0
164.0
165.0
138.0
164.0
153.0
164.0
164.0
138.0
138.0
133.0
164.0
147.0
471.0
788.0
816.0
866.0
762.0
824.0
816.0
814.0
790.0
671.0
452.0
348.0
311.0
243.0
217.0
192.0
193.0
192.0
170.0
166.0
204.0
171.0
187.0
296.0
504.0
790.0
816.0
836.0
741.0
816.0
790.0
797.0
771.0
671.0
424.0
351.0
296.0
247.0
217.0
196.0
166.0
192.0
173.0
166.0
188.0
166.0
192.0
259.0
508.0
765.0
766.0
840.0
742.0
761.0
753.0
794.0
768.0
645.0
419.0
296.0
260.0
217.0
247.0
196.0
173.0
196.0
170.0
170.0
158.0
170.0
196.0
263.0
508.0
761.0
768.0
814.0
710.0
767.0
763.0
762.0
751.0
631.0
425.0
360.0
275.0
243.0
215.0
190.0
190.0
190.0
177.0
202.0
164.0
190.0
195.0
308.0
528.0
762.0
764.0
814.0
710.0
788.0
784.0
762.0
741.0
642.0
419.0
309.0
277.0
217.0
221.0
190.0
164.0
164.0
164.0
155.0
157.0
179.0
159.0
165.0
169.0
195.0
195.0
195.0
184.0
222.0
222.0
196.0
230.0
186.0
183.0
184.0
196.0
170.0
170.0
170.0
170.0
192.0
170.0
144.0
158.0
166.0
166.0
165.0
167.0
200.0
218.0
194.0
218.0
218.0
221.0
218.0
232.0
216.0
190.0
190.0
190.0
164.0
190.0
164.0
142.0
194.0
156.0
164.0
174.0
138.0
182.0
282.0
504.0
762.0
770.0
829.0
710.0
788.0
762.0
769.0
762.0
632.0
424.0
348.0
308.0
248.0
230.0
192.0
166.0
174.0
174.0
169.0
178.0
174.0
192.0
253.0
503.0
738.0
738.0
779.0
723.0
734.0
754.0
748.0
702.0
639.0
452.0
341.0
268.0
234.0
217.0
192.0
163.0
201.0
170.0
170.0
194.0
172.0
186.0
274.0
489.0
746.0
742.0
794.0
716.0
768.0
750.0
762.0
736.0
612.0
424.0
347.0
260.0
243.0
191.0
190.0
166.0
196.0
164.0
164.0
190.0
174.0
181.0
278.0
424.0
635.0
745.0
826.0
697.0
754.0
754.0
791.0
772.0
668.0
460.0
360.0
332.0
234.0
211.0
195.0
167.0
192.0
192.0
173.0
194.0
174.0
200.0
268.0
527.0
746.0
786.0
814.0
746.0
772.0
777.0
788.0
736.0
642.0
419.0
321.0
260.0
212.0
204.0
199.0
166.0
200.0
169.0
174.0
174.0
174.0
180.0
169.0
195.0
273.0
272.0
272.0
273.0
272.0
264.0
262.0
261.0
257.0
226.0
218.0
192.0
192.0
192.0
166.0
166.0
202.0
176.0
182.0
165.0
165.0
165.0
159.0
192.0
244.0
244.0
244.0
218.0
259.0
270.0
264.0
264.0
218.0
190.0
222.0
201.0
192.0
166.0
162.0
165.0
176.0
191.0
168.0
165.0
165.0
191.0
274.0
471.0
755.0
784.0
836.0
764.0
810.0
784.0
758.0
784.0
669.0
446.0
379.0
285.0
253.0
217.0
186.0
166.0
191.0
186.0
197.0
199.0
186.0
181.0
290.0
498.0
772.0
758.0
821.0
746.0
784.0
758.0
758.0
729.0
642.0
419.0
352.0
285.0
248.0
215.0
186.0
160.0
202.0
160.0
205.0
194.0
194.0
186.0
309.0
524.0
754.0
784.0
836.0
732.0
784.0
798.0
798.0
787.0
642.0
453.0
293.0
274.0
251.0
217.0
200.0
165.0
174.0
174.0
200.0
172.0
169.0
200.0
261.0
538.0
772.0
798.0
849.0
746.0
824.0
824.0
824.0
788.0
694.0
450.0
358.0
332.0
274.0
215.0
190.0
166.0
190.0
197.0
190.0
197.0
164.0
190.0
295.0
531.0
814.0
808.0
845.0
736.0
814.0
788.0
788.0
762.0
639.0
450.0
328.0
274.0
274.0
217.0
190.0
165.0
190.0
164.0
194.0
164.0
169.0
177.0
169.0
195.0
222.0
256.0
268.0
209.0
277.0
242.0
242.0
278.0
216.0
216.0
190.0
190.0
201.0
166.0
164.0
166.0
164.0
166.0
202.0
166.0
203.0
139.0
165.0
166.0
204.0
194.0
196.0
222.0
222.0
222.0
202.0
218.0
196.0
196.0
226.0
196.0
192.0
170.0
168.0
166.0
192.0
170.0
165.0
166.0
144.0
189.0
170.0
512.0
762.0
799.0
866.0
771.0
788.0
814.0
792.0
762.0
626.0
450.0
384.0
309.0
283.0
219.0
190.0
167.0
190.0
190.0
194.0
169.0
169.0
194.0
298.0
532.0
794.0
766.0
837.0
766.0
780.0
792.0
792.0
764.0
668.0
448.0
376.0
309.0
274.0
223.0
185.0
166.0
192.0
192.0
170.0
192.0
192.0
192.0
296.0
530.0
798.0
792.0
846.0
740.0
792.0
792.0
792.0
792.0
662.0
460.0
320.0
306.0
248.0
224.0
213.0
176.0
194.0
194.0
194.0
201.0
194.0
220.0
294.0
532.0
766.0
818.0
835.0
741.0
815.0
819.0
794.0
792.0
688.0
460.0
358.0
274.0
248.0
216.0
248.0
166.0
190.0
174.0
190.0
199.0
174.0
200.0
303.0
539.0
772.0
798.0
870.0
740.0
824.0
796.0
798.0
772.0
648.0
408.0
295.0
251.0
225.0
217.0
252.0
166.0
204.0
178.0
175.0
201.0
169.0
169.0
169.0
200.0
298.0
293.0
260.0
246.0
298.0
269.0
271.0
271.0
252.0
201.0
191.0
193.0
173.0
167.0
158.0
159.0
175.0
165.0
170.0
165.0
173.0
167.0
173.0
193.0
278.0
278.0
282.0
270.0
282.0
245.0
242.0
255.0
222.0
190.0
196.0
196.0
164.0
170.0
166.0
165.0
182.0
166.0
165.0
170.0
170.0
196.0
157.0
486.0
829.0
820.0
905.0
768.0
820.0
842.0
794.0
794.0
652.0
456.0
360.0
308.0
274.0
210.0
249.0
200.0
400.0
400.0
400.0
400.0
426.0
429.0
455.0
507.0
552.0
563.0
589.0
589.0
563.0
537.0
519.0
786.0
660.0
425.0
411.0
285.0
269.0
247.0
246.0
221.0
195.0
195.0
181.0
201.0
195.0
195.0
297.0
501.0
761.0
792.0
845.0
769.0
814.0
803.0
249.0
298.0
275.0
260.0
268.0
249.0
189.0
169.0
192.0
166.0
192.0
162.0
166.0
191.0
165.0
165.0
162.0
136.0
162.0
162.0
188.0
252.0
278.0
278.0
240.0
282.0
259.0
266.0
266.0
254.0
209.0
188.0
214.0
188.0
188.0
162.0
166.0
192.0
139.0
165.0
162.0
188.0
167.0
169.0
512.0
844.0
814.0
866.0
788.0
849.0
816.0
814.0
828.0
684.0
450.0
386.0
321.0
253.0
250.0
173.0
184.0
172.0
195.0
160.0
166.0
179.0
192.0
265.0
510.0
801.0
848.0
845.0
741.0
816.0
790.0
816.0
790.0
660.0
458.0
344.0
334.0
271.0
250.0
177.0
192.0
166.0
156.0
192.0
169.0
192.0
166.0
306.0
534.0
784.0
814.0
844.0
736.0
814.0
814.0
788.0
788.0
658.0
434.0
350.0
299.0
246.0
246.0
166.0
163.0
168.0
168.0
168.0
169.0
155.0
199.0
278.0
504.0
790.0
842.0
848.0
738.0
816.0
828.0
791.0
790.0
686.0
449.0
347.0
296.0
280.0
237.0
166.0
192.0
172.0
205.0
192.0
175.0
166.0
192.0
270.0
504.0
790.0
790.0
842.0
727.0
790.0
783.0
764.0
763.0
640.0
458.0
320.0
266.0
227.0
191.0
178.0
173.0
162.0
162.0
179.0
171.0
175.0
143.0
169.0
168.0
195.0
193.0
190.0
184.0
216.0
190.0
216.0
190.0
190.0
164.0
190.0
190.0
164.0
164.0
164.0
165.0
164.0
171.0
164.0
138.0
164.0
138.0
164.0
164.0
174.0
164.0
190.0
164.0
164.0
192.0
190.0
190.0
190.0
172.0
190.0
164.0
164.0
164.0
164.0
175.0
164.0
138.0
164.0
171.0
138.0
165.0
169.0
133.0
165.0
191.0
192.0
192.0
192.0
192.0
190.0
205.0
199.0
187.0
197.0
198.0
164.0
164.0
164.0
166.0
172.0
156.0
166.0
166.0
165.0
165.0
174.0
422.0
640.0
828.0
814.0
725.0
817.0
796.0
796.0
770.0
666.0
454.0
348.0
296.0
217.0
207.0
168.0
194.0
172.0
183.0
168.0
168.0
168.0
168.0
261.0
536.0
772.0
818.0
844.0
740.0
818.0
792.0
788.0
760.0
667.0
450.0
334.0
334.0
239.0
216.0
164.0
190.0
195.0
195.0
169.0
169.0
178.0
169.0
269.0
499.0
790.0
822.0
850.0
750.0
816.0
785.0
790.0
767.0
648.0
447.0
341.0
273.0
239.0
217.0
178.0
169.0
195.0
169.0
195.0
164.0
178.0
200.0
286.0
499.0
715.0
764.0
794.0
711.0
759.0
734.0
734.0
719.0
622.0
450.0
360.0
251.0
207.0
181.0
164.0
164.0
179.0
164.0
169.0
169.0
178.0
176.0
169.0
169.0
221.0
218.0
218.0
192.0
218.0
218.0
221.0
218.0
211.0
192.0
167.0
192.0
166.0
155.0
179.0
169.0
166.0
166.0
166.0
165.0
165.0
144.0
164.0
165.0
229.0
252.0
241.0
226.0
226.0
248.0
226.0
200.0
189.0
189.0
193.0
204.0
189.0
173.0
164.0
166.0
168.0
166.0
166.0
166.0
165.0
165.0
160.0
478.0
738.0
796.0
790.0
712.0
763.0
764.0
771.0
762.0
606.0
424.0
348.0
322.0
243.0
221.0
160.0
185.0
195.0
198.0
195.0
195.0
200.0
167.0
297.0
507.0
739.0
791.0
817.0
736.0
766.0
762.0
762.0
765.0
606.0
424.0
351.0
277.0
217.0
192.0
169.0
195.0
169.0
170.0
169.0
169.0
167.0
169.0
271.0
505.0
736.0
788.0
817.0
720.0
766.0
762.0
765.0
736.0
606.0
416.0
322.0
294.0
265.0
190.0
169.0
195.0
195.0
169.0
169.0
163.0
193.0
167.0
302.0
502.0
746.0
784.0
836.0
720.0
789.0
765.0
758.0
758.0
628.0
437.0
316.0
279.0
248.0
198.0
159.0
205.0
160.0
186.0
160.0
160.0
171.0
206.0
264.0
498.0
732.0
744.0
784.0
720.0
742.0
708.0
705.0
703.0
612.0
404.0
322.0
277.0
230.0
210.0
166.0
169.0
169.0
169.0
169.0
168.0
171.0
172.0
179.0
168.0
233.0
242.0
242.0
216.0
242.0
268.0
225.0
242.0
216.0
216.0
190.0
193.0
191.0
167.0
179.0
134.0
165.0
165.0
167.0
165.0
165.0
133.0
191.0
157.0
188.0
219.0
219.0
242.0
219.0
219.0
219.0
219.0
219.0
212.0
193.0
193.0
167.0
167.0
167.0
167.0
167.0
166.0
164.0
164.0
164.0
164.0
174.0
483.0
772.0
752.0
762.0
703.0
762.0
762.0
762.0
762.0
632.0
424.0
337.0
296.0
239.0
216.0
167.0
182.0
169.0
169.0
169.0
169.0
161.0
161.0
265.0
499.0
759.0
785.0
785.0
718.0
785.0
759.0
778.0
759.0
629.0
464.0
317.0
265.0
217.0
213.0
161.0
161.0
190.0
161.0
161.0
187.0
161.0
187.0
259.0
525.0
765.0
759.0
821.0
707.0
785.0
788.0
762.0
765.0
632.0
424.0
353.0
294.0
239.0
216.0
164.0
190.0
164.0
195.0
161.0
164.0
164.0
190.0
262.0
525.0
733.0
766.0
811.0
694.0
769.0
769.0
769.0
745.0
639.0
431.0
322.0
259.0
222.0
223.0
169.0
197.0
162.0
199.0
159.0
171.0
167.0
197.0
268.0
528.0
736.0
736.0
788.0
694.0
733.0
760.0
708.0
632.0
530.0
390.0
348.0
263.0
207.0
218.0
166.0
192.0
195.0
195.0
192.0
169.0
193.0
169.0
191.0
192.0
273.0
270.0
270.0
244.0
270.0
277.0
270.0
266.0
244.0
192.0
218.0
192.0
218.0
192.0
166.0
192.0
192.0
192.0
192.0
165.0
192.0
205.0
191.0
186.0
244.0
241.0
270.0
239.0
265.0
274.0
239.0
270.0
212.0
213.0
187.0
161.0
187.0
192.0
161.0
166.0
195.0
163.0
193.0
161.0
161.0
192.0
222.0
486.0
616.0
765.0
817.0
765.0
784.0
784.0
803.0
765.0
661.0
453.0
348.0
296.0
253.0
221.0
169.0
167.0
167.0
166.0
158.0
166.0
198.0
166.0
270.0
530.0
790.0
790.0
844.0
738.0
790.0
790.0
772.0
764.0
634.0
452.0
359.0
323.0
266.0
208.0
162.0
159.0
171.0
165.0
186.0
166.0
169.0
196.0
270.0
504.0
778.0
790.0
808.0
701.0
775.0
762.0
764.0
767.0
631.0
433.0
353.0
301.0
243.0
250.0
171.0
162.0
178.0
169.0
171.0
166.0
171.0
192.0
270.0
504.0
764.0
747.0
821.0
716.0
775.0
761.0
758.0
735.0
628.0
423.0
361.0
322.0
281.0
229.0
171.0
192.0
171.0
197.0
168.0
177.0
177.0
177.0
281.0
489.0
749.0
755.0
801.0
699.0
775.0
749.0
744.0
749.0
619.0
378.0
340.0
286.0
251.0
211.0
166.0
166.0
166.0
166.0
180.0
192.0
166.0
166.0
166.0
173.0
218.0
201.0
232.0
192.0
218.0
214.0
218.0
218.0
218.0
192.0
192.0
166.0
192.0
166.0
178.0
192.0
166.0
166.0
157.0
165.0
165.0
165.0
165.0
165.0
191.0
191.0
191.0
218.0
191.0
191.0
217.0
191.0
193.0
200.0
187.0
167.0
189.0
204.0
160.0
167.0
167.0
167.0
165.0
165.0
165.0
157.0
165.0
165.0
192.0
206.0
229.0
236.0
219.0
219.0
232.0
217.0
219.0
202.0
188.0
193.0
167.0
193.0
167.0
194.0
197.0
194.0
166.0
177.0
193.0
166.0
173.0
471.0
686.0
686.0
790.0
712.0
790.0
790.0
764.0
764.0
658.0
476.0
338.0
268.0
267.0
231.0
157.0
190.0
190.0
164.0
164.0
190.0
190.0
165.0
294.0
517.0
776.0
777.0
814.0
710.0
763.0
763.0
788.0
762.0
632.0
450.0
341.0
303.0
249.0
218.0
173.0
206.0
192.0
158.0
193.0
169.0
183.0
192.0
270.0
504.0
790.0
790.0
845.0
743.0
816.0
803.0
816.0
790.0
660.0
452.0
351.0
291.0
270.0
257.0
166.0
203.0
197.0
191.0
194.0
193.0
193.0
183.0
276.0
509.0
802.0
791.0
840.0
765.0
817.0
821.0
824.0
782.0
665.0
442.0
345.0
279.0
208.0
183.0
165.0
165.0
138.0
171.0
143.0
172.0
171.0
174.0
189.0
197.0
183.0
275.0
268.0
294.0
268.0
286.0
299.0
301.0
294.0
275.0
223.0
231.0
214.0
197.0
184.0
169.0
182.0
181.0
166.0
181.0
181.0
173.0
161.0
203.0
192.0
217.0
243.0
253.0
224.0
269.0
262.0
247.0
243.0
217.0
191.0
191.0
191.0
191.0
191.0
165.0
158.0
191.0
200.0
165.0
165.0
165.0
191.0
192.0
549.0
836.0
868.0
946.0
848.0
883.0
881.0
867.0
874.0
717.0
457.0
351.0
295.0
267.0
241.0
257.0
197.0
205.0
197.0
197.0
171.0
197.0
223.0
327.0
561.0
846.0
879.0
949.0
816.0
893.0
883.0
893.0
871.0
747.0
459.0
377.0
304.0
279.0
243.0
243.0
188.0
183.0
191.0
203.0
191.0
191.0
217.0
325.0
611.0
838.0
905.0
958.0
841.0
893.0
885.0
860.0
854.0
721.0
442.0
321.0
266.0
248.0
249.0
256.0
187.0
213.0
187.0
187.0
184.0
187.0
213.0
317.0
600.0
884.0
931.0
973.0
868.0
933.0
904.0
887.0
841.0
747.0
457.0
352.0
299.0
248.0
244.0
244.0
218.0
182.0
218.0
192.0
199.0
192.0
191.0
322.0
556.0
858.0
884.0
931.0
843.0
854.0
757.0
761.0
764.0
582.0
367.0
295.0
267.0
243.0
243.0
245.0
191.0
171.0
175.0
191.0
176.0
165.0
158.0
193.0
211.0
250.0
271.0
249.0
223.0
228.0
254.0
223.0
249.0
223.0
185.0
193.0
167.0
189.0
167.0
167.0
202.0
176.0
161.0
194.0
139.0
159.0
137.0
185.0
225.0
245.0
272.0
271.0
271.0
235.0
220.0
234.0
218.0
194.0
194.0
190.0
220.0
177.0
159.0
177.0
168.0
168.0
185.0
163.0
176.0
165.0
184.0
196.0
549.0
828.0
818.0
896.0
844.0
856.0
841.0
850.0
818.0
688.0
471.0
350.0
298.0
248.0
220.0
243.0
191.0
190.0
190.0
190.0
190.0
218.0
192.0
348.0
556.0
841.0
832.0
909.0
842.0
858.0
842.0
842.0
842.0
693.0
442.0
356.0
303.0
251.0
209.0
251.0
225.0
199.0
199.0
199.0
199.0
199.0
225.0
322.0
569.0
834.0
867.0
949.0
841.0
893.0
867.0
897.0
844.0
722.0
473.0
364.0
296.0
269.0
248.0
248.0
192.0
192.0
218.0
192.0
190.0
216.0
215.0
317.0
551.0
905.0
889.0
938.0
837.0
883.0
883.0
897.0
871.0
708.0
463.0
364.0
322.0
284.0
264.0
244.0
244.0
192.0
218.0
210.0
218.0
192.0
218.0
348.0
608.0
879.0
901.0
946.0
842.0
893.0
893.0
905.0
845.0
721.0
463.0
345.0
267.0
225.0
241.0
244.0
206.0
194.0
194.0
194.0
187.0
194.0
201.0
194.0
246.0
272.0
298.0
293.0
319.0
331.0
319.0
324.0
299.0
246.0
247.0
220.0
220.0
220.0
194.0
168.0
190.0
192.0
192.0
192.0
192.0
192.0
159.0
185.0
247.0
274.0
306.0
308.0
310.0
295.0
295.0
291.0
321.0
281.0
242.0
237.0
216.0
215.0
185.0
167.0
192.0
192.0
192.0
219.0
166.0
202.0
191.0
196.0
590.0
865.0
917.0
997.0
865.0
945.0
920.0
919.0
906.0
737.0
503.0
374.0
322.0
252.0
217.0
243.0
201.0
202.0
220.0
194.0
194.0
195.0
220.0
323.0
610.0
902.0
893.0
971.0
867.0
888.0
867.0
870.0
870.0
714.0
480.0
376.0
310.0
272.0
239.0
244.0
226.0
204.0
213.0
187.0
229.0
187.0
222.0
317.0
603.0
861.0
889.0
943.0
833.0
893.0
868.0
871.0
845.0
712.0
448.0
374.0
322.0
270.0
269.0
243.0
217.0
399.0
403.0
403.0
396.0
403.0
429.0
455.0
510.0
583.0
557.0
638.0
638.0
582.0
865.0
868.0
868.0
715.0
493.0
348.0
299.0
270.0
251.0
244.0
218.0
199.0
228.0
192.0
218.0
192.0
218.0
348.0
608.0
868.0
894.0
945.0
841.0
867.0
867.0
897.0
851.0
737.0
451.0
347.0
273.0
274.0
215.0
248.0
192.0
192.0
195.0
195.0
195.0
195.0
192.0
218.0
218.0
270.0
270.0
286.0
270.0
299.0
296.0
302.0
299.0
273.0
250.0
208.0
257.0
195.0
169.0
173.0
195.0
169.0
195.0
182.0
182.0
167.0
182.0
182.0
232.0
247.0
283.0
270.0
273.0
273.0
273.0
273.0
273.0
265.0
219.0
218.0
223.0
195.0
202.0
175.0
195.0
195.0
195.0
166.0
157.0
184.0
182.0
187.0
582.0
868.0
894.0
946.0
878.0
920.0
919.0
868.0
873.0
734.0
452.0
374.0
291.0
278.0
235.0
258.0
213.0
213.0
187.0
209.0
187.0
213.0
213.0
346.0
554.0
840.0
866.0
918.0
840.0
867.0
902.0
866.0
840.0
709.0
464.0
374.0
322.0
259.0
244.0
244.0
192.0
219.0
192.0
192.0
192.0
218.0
207.0
322.0
608.0
842.0
868.0
920.0
843.0
867.0
871.0
844.0
843.0
713.0
446.0
375.0
323.0
271.0
245.0
245.0
193.0
219.0
181.0
184.0
193.0
192.0
192.0
322.0
595.0
842.0
842.0
920.0
842.0
893.0
867.0
842.0
847.0
712.0
452.0
322.0
284.0
249.0
213.0
234.0
182.0
187.0
187.0
161.0
187.0
187.0
187.0
298.0
556.0
842.0
863.0
937.0
816.0
867.0
841.0
843.0
817.0
693.0
426.0
320.0
297.0
251.0
219.0
244.0
193.0
167.0
193.0
193.0
179.0
167.0
167.0
219.0
245.0
270.0
278.0
296.0
270.0
292.0
296.0
270.0
244.0
219.0
218.0
186.0
218.0
193.0
192.0
179.0
182.0
173.0
187.0
173.0
156.0
173.0
193.0
180.0
164.0
219.0
193.0
247.0
195.0
219.0
219.0
219.0
219.0
193.0
224.0
194.0
163.0
194.0
168.0
168.0
197.0
194.0
173.0
194.0
173.0
194.0
183.0
166.0
549.0
817.0
844.0
922.0
841.0
870.0
857.0
844.0
844.0
719.0
458.0
374.0
322.0
270.0
244.0
249.0
218.0
192.0
213.0
192.0
197.0
192.0
218.0
296.0
556.0
842.0
832.0
948.0
818.0
893.0
845.0
840.0
814.0
705.0
450.0
346.0
296.0
251.0
215.0
245.0
193.0
183.0
193.0
185.0
193.0
193.0
215.0
297.0
557.0
851.0
807.0
920.0
817.0
867.0
822.0
816.0
820.0
689.0
452.0
348.0
296.0
235.0
245.0
244.0
192.0
201.0
169.0
219.0
166.0
160.0
218.0
294.0
530.0
814.0
816.0
901.0
762.0
839.0
827.0
762.0
815.0
686.0
424.0
346.0
310.0
251.0
235.0
270.0
166.0
192.0
192.0
221.0
192.0
181.0
214.0
296.0
537.0
814.0
856.0
908.0
794.0
841.0
830.0
830.0
789.0
648.0
440.0
336.0
310.0
241.0
216.0
232.0
206.0
232.0
206.0
206.0
206.0
180.0
180.0
232.0
232.0
284.0
310.0
297.0
245.0
297.0
297.0
297.0
297.0
245.0
219.0
216.0
202.0
193.0
231.0
167.0
193.0
159.0
195.0
187.0
173.0
185.0
185.0
181.0
213.0
251.0
277.0
277.0
277.0
276.0
274.0
265.0
251.0
236.0
231.0
213.0
218.0
192.0
199.0
171.0
187.0
187.0
173.0
187.0
173.0
173.0
185.0
321.0
580.0
842.0
856.0
894.0
816.0
839.0
816.0
816.0
801.0
630.0
455.0
355.0
303.0
251.0
251.0
225.0
192.0
199.0
197.0
173.0
192.0
173.0
223.0
312.0
556.0
789.0
830.0
893.0
787.0
813.0
813.0
830.0
804.0
662.0
466.0
337.0
286.0
225.0
211.0
232.0
206.0
193.0
167.0
202.0
193.0
180.0
193.0
323.0
524.0
791.0
851.0
893.0
791.0
841.0
828.0
787.0
791.0
674.0
427.0
321.0
306.0
250.0
228.0
219.0
167.0
193.0
187.0
193.0
193.0
205.0
219.0
323.0
557.0
817.0
869.0
919.0
801.0
867.0
852.0
854.0
828.0
698.0
464.0
386.0
308.0
253.0
215.0
230.0
204.0
166.0
192.0
178.0
182.0
204.0
196.0
308.0
566.0
754.0
807.0
846.0
754.0
809.0
786.0
754.0
754.0
598.0
392.0
208.0
247.0
208.0
208.0
338.0
621.0
936.0
936.0
991.0
919.0
936.0
910.0
884.0
884.0
780.0
520.0
338.0
260.0
247.0
227.0
260.0
231.0
182.0
208.0
208.0
237.0
196.0
208.0
196.0
184.0
234.0
257.0
245.0
245.0
274.0
282.0
260.0
248.0
235.0
268.0
216.0
247.0
227.0
253.0
164.0
193.0
219.0
219.0
219.0
193.0
220.0
194.0
219.0
216.0
228.0
216.0
211.0
273.0
293.0
243.0
247.0
247.0
234.0
247.0
247.0
221.0
221.0
212.0
169.0
231.0
221.0
221.0
182.0
221.0
230.0
221.0
318.0
637.0
948.0
974.0
1052.0
948.0
998.0
1023.0
974.0
969.0
812.0
584.0
428.0
350.0
295.0
272.0
272.0
247.0
246.0
220.0
230.0
221.0
226.0
212.0
372.0
609.0
944.0
989.0
1025.0
974.0
997.0
973.0
947.0
981.0
851.0
565.0
426.0
357.0
296.0
253.0
279.0
247.0
227.0
245.0
215.0
215.0
227.0
216.0
348.0
641.0
925.0
955.0
1022.0
935.0
971.0
955.0
955.0
929.0
789.0
539.0
435.0
357.0
314.0
253.0
281.0
254.0
227.0
227.0
220.0
227.0
207.0
211.0
357.0
643.0
929.0
969.0
1049.0
958.0
971.0
971.0
955.0
929.0
845.0
528.0
428.0
351.0
286.0
272.0
279.0
261.0
228.0
249.0
247.0
231.0
228.0
217.0
376.0
617.0
922.0
946.0
1023.0
959.0
971.0
971.0
946.0
920.0
816.0
530.0
374.0
352.0
273.0
244.0
270.0
210.0
192.0
208.0
220.0
218.0
203.0
218.0
218.0
244.0
244.0
270.0
271.0
271.0
271.0
266.0
271.0
279.0
279.0
236.0
253.0
213.0
213.0
242.0
161.0
217.0
213.0
213.0
232.0
195.0
184.0
202.0
187.0
195.0
213.0
213.0
270.0
247.0
247.0
275.0
275.0
275.0
243.0
249.0
210.0
226.0
218.0
206.0
171.0
171.0
190.0
214.0
171.0
171.0
197.0
197.0
206.0
640.0
847.0
899.0
1003.0
957.0
945.0
997.0
951.0
979.0
847.0
590.0
444.0
388.0
295.0
275.0
275.0
223.0
197.0
249.0
225.0
232.0
193.0
219.0
349.0
635.0
921.0
947.0
1051.0
945.0
971.0
999.0
973.0
947.0
843.0
583.0
459.0
371.0
319.0
267.0
281.0
241.0
241.0
241.0
236.0
207.0
221.0
241.0
375.0
631.0
943.0
960.0
1053.0
945.0
971.0
964.0
938.0
954.0
808.0
600.0
392.0
366.0
349.0
236.0
275.0
242.0
244.0
244.0
218.0
244.0
253.0
209.0
374.0
634.0
946.0
970.0
1050.0
939.0
971.0
949.0
946.0
936.0
817.0
608.0
478.0
374.0
322.0
263.0
270.0
247.0
251.0
225.0
251.0
225.0
232.0
249.0
381.0
691.0
953.0
979.0
1057.0
945.0
1006.0
979.0
951.0
953.0
792.0
589.0
433.0
355.0
296.0
265.0
277.0
221.0
188.0
199.0
227.0
225.0
199.0
199.0
199.0
225.0
251.0
251.0
277.0
262.0
277.0
277.0
251.0
269.0
251.0
225.0
209.0
251.0
199.0
225.0
155.0
187.0
199.0
225.0
199.0
216.0
199.0
203.0
216.0
216.0
216.0
251.0
272.0
275.0
247.0
281.0
275.0
275.0
284.0
249.0
225.0
251.0
225.0
199.0
173.0
199.0
225.0
199.0
199.0
225.0
225.0
215.0
188.0
657.0
932.0
995.0
1016.0
946.0
998.0
982.0
995.0
957.0
822.0
530.0
426.0
356.0
292.0
274.0
250.0
221.0
246.0
220.0
256.0
220.0
246.0
220.0
368.0
636.0
922.0
988.0
1052.0
982.0
1000.0
984.0
948.0
950.0
844.0
584.0
428.0
350.0
286.0
274.0
248.0
247.0
222.0
221.0
221.0
219.0
219.0
219.0
375.0
635.0
947.0
999.0
1051.0
953.0
1002.0
999.0
973.0
973.0
842.0
573.0
427.0
374.0
332.0
270.0
244.0
218.0
247.0
221.0
244.0
210.0
223.0
244.0
374.0
686.0
946.0
972.0
1050.0
942.0
992.0
972.0
946.0
920.0
842.0
530.0
433.0
381.0
328.0
277.0
251.0
211.0
230.0
225.0
211.0
207.0
199.0
225.0
381.0
693.0
927.0
979.0
1049.0
945.0
971.0
975.0
953.0
927.0
823.0
537.0
416.0
338.0
277.0
251.0
251.0
225.0
199.0
199.0
220.0
215.0
189.0
217.0
215.0
215.0
228.0
269.0
247.0
269.0
243.0
269.0
260.0
243.0
215.0
243.0
217.0
243.0
191.0
217.0
165.0
204.0
191.0
191.0
191.0
191.0
217.0
187.0
193.0
213.0
213.0
249.0
269.0
265.0
250.0
276.0
241.0
276.0
219.0
276.0
250.0
250.0
198.0
224.0
172.0
197.0
224.0
198.0
198.0
200.0
198.0
198.0
188.0
630.0
938.0
1005.0
1021.0
953.0
1009.0
977.0
996.0
979.0
842.0
589.0
466.0
355.0
295.0
243.0
242.0
221.0
217.0
217.0
243.0
217.0
221.0
243.0
350.0
646.0
945.0
997.0
1050.0
935.0
997.0
945.0
971.0
955.0
841.0
582.0
426.0
347.0
295.0
269.0
258.0
217.0
207.0
217.0
244.0
244.0
211.0
218.0
371.0
631.0
917.0
943.0
1047.0
925.0
973.0
947.0
954.0
902.0
843.0
554.0
427.0
338.0
292.0
245.0
245.0
219.0
193.0
227.0
219.0
209.0
219.0
219.0
375.0
635.0
920.0
944.0
1057.0
945.0
945.0
945.0
921.0
901.0
797.0
523.0
381.0
355.0
296.0
251.0
250.0
221.0
224.0
198.0
224.0
188.0
224.0
196.0
380.0
614.0
900.0
926.0
1030.0
956.0
935.0
931.0
926.0
907.0
770.0
531.0
370.0
323.0
236.0
245.0
249.0
193.0
193.0
201.0
193.0
193.0
202.0
199.0
227.0
219.0
245.0
271.0
271.0
239.0
297.0
271.0
245.0
245.0
245.0
245.0
219.0
219.0
209.0
182.0
180.0
220.0
202.0
202.0
202.0
204.0
202.0
202.0
202.0
202.0
222.0
219.0
245.0
271.0
245.0
245.0
245.0
271.0
247.0
223.0
245.0
219.0
207.0
215.0
163.0
194.0
189.0
189.0
189.0
189.0
189.0
191.0
191.0
634.0
912.0
927.0
1057.0
958.0
953.0
1005.0
979.0
953.0
823.0
539.0
461.0
353.0
306.0
253.0
240.0
257.0
203.0
245.0
193.0
219.0
193.0
219.0
349.0
635.0
921.0
947.0
1061.0
956.0
956.0
970.0
947.0
947.0
824.0
569.0
461.0
357.0
305.0
253.0
235.0
249.0
223.0
249.0
223.0
214.0
223.0
223.0
357.0
643.0
925.0
1008.0
1056.0
956.0
982.0
956.0
956.0
930.0
826.0
566.0
426.0
385.0
299.0
249.0
254.0
254.0
226.0
228.0
228.0
228.0
228.0
228.0
384.0
686.0
952.0
968.0
1046.0
954.0
956.0
942.0
942.0
916.0
810.0
526.0
396.0
344.0
296.0
240.0
240.0
247.0
240.0
188.0
193.0
219.0
192.0
215.0
371.0
635.0
957.0
947.0
1026.0
925.0
974.0
952.0
948.0
896.0
792.0
480.0
350.0
350.0
272.0
220.0
246.0
194.0
220.0
191.0
191.0
165.0
191.0
191.0
214.0
191.0
269.0
294.0
310.0
295.0
296.0
306.0
295.0
295.0
276.0
243.0
217.0
217.0
217.0
191.0
164.0
201.0
201.0
201.0
201.0
170.0
185.0
193.0
175.0
192.0
218.0
218.0
244.0
270.0
244.0
244.0
244.0
218.0
243.0
220.0
218.0
244.0
218.0
218.0
166.0
192.0
205.0
192.0
192.0
231.0
192.0
192.0
191.0
582.0
894.0
919.0
998.0
945.0
953.0
946.0
919.0
894.0
789.0
555.0
451.0
324.0
269.0
241.0
241.0
241.0
215.0
189.0
215.0
219.0
190.0
216.0
344.0
606.0
922.0
947.0
1005.0
922.0
982.0
974.0
948.0
955.0
844.0
532.0
454.0
345.0
307.0
246.0
247.0
211.0
221.0
221.0
230.0
230.0
215.0
247.0
371.0
605.0
957.0
1012.0
1061.0
946.0
990.0
974.0
938.0
958.0
782.0
532.0
418.0
361.0
296.0
266.0
240.0
247.0
210.0
210.0
207.0
231.0
236.0
210.0
366.0
636.0
912.0
938.0
1064.0
938.0
938.0
957.0
957.0
931.0
824.0
541.0
321.0
551.0
852.0
867.0
893.0
841.0
825.0
841.0
815.0
820.0
725.0
503.0
373.0
316.0
269.0
243.0
238.0
258.0
217.0
191.0
191.0
207.0
191.0
191.0
193.0
219.0
219.0
219.0
253.0
269.0
243.0
242.0
269.0
243.0
269.0
243.0
247.0
221.0
247.0
221.0
221.0
195.0
221.0
221.0
195.0
195.0
197.0
183.0
201.0
195.0
228.0
221.0
247.0
278.0
247.0
242.0
209.0
251.0
218.0
225.0
209.0
188.0
225.0
221.0
216.0
221.0
199.0
192.0
191.0
221.0
160.0
192.0
202.0
582.0
840.0
920.0
946.0
867.0
893.0
893.0
867.0
867.0
756.0
484.0
380.0
354.0
271.0
237.0
251.0
224.0
225.0
194.0
218.0
191.0
217.0
217.0
347.0
555.0
832.0
919.0
949.0
858.0
893.0
893.0
905.0
878.0
775.0
515.0
411.0
359.0
264.0
255.0
247.0
221.0
218.0
218.0
218.0
217.0
217.0
217.0
367.0
581.0
865.0
917.0
939.0
858.0
884.0
893.0
891.0
865.0
758.0
501.0
397.0
329.0
273.0
250.0
250.0
255.0
242.0
218.0
224.0
224.0
224.0
224.0
354.0
562.0
876.0
898.0
952.0
832.0
893.0
900.0
900.0
874.0
770.0
490.0
406.0
354.0
295.0
276.0
235.0
224.0
245.0
219.0
219.0
219.0
193.0
218.0
322.0
547.0
842.0
894.0
957.0
808.0
883.0
876.0
868.0
872.0
738.0
504.0
374.0
348.0
244.0
217.0
243.0
229.0
167.0
223.0
202.0
194.0
193.0
191.0
191.0
217.0
243.0
269.0
243.0
266.0
243.0
254.0
243.0
221.0
244.0
227.0
214.0
191.0
198.0
208.0
221.0
219.0
198.0
172.0
198.0
216.0
198.0
198.0
198.0
230.0
256.0
243.0
250.0
243.0
243.0
254.0
228.0
254.0
207.0
228.0
228.0
207.0
202.0
202.0
215.0
202.0
188.0
176.0
202.0
202.0
202.0
202.0
205.0
595.0
878.0
878.0
953.0
858.0
898.0
901.0
901.0
927.0
771.0
557.0
427.0
373.0
277.0
242.0
246.0
194.0
201.0
219.0
193.0
219.0
193.0
219.0
329.0
609.0
897.0
895.0
920.0
867.0
867.0
883.0
866.0
898.0
790.0
556.0
452.0
347.0
270.0
244.0
244.0
192.0
210.0
218.0
192.0
225.0
226.0
181.0
343.0
608.0
808.0
867.0
886.0
815.0
867.0
888.0
868.0
842.0
780.0
504.0
452.0
347.0
285.0
251.0
251.0
225.0
225.0
214.0
199.0
251.0
216.0
254.0
356.0
561.0
876.0
902.0
943.0
867.0
891.0
902.0
899.0
876.0
764.0
538.0
408.0
382.0
304.0
278.0
276.0
239.0
224.0
224.0
198.0
217.0
217.0
217.0
320.0
552.0
842.0
894.0
896.0
850.0
868.0
892.0
902.0
868.0
764.0
530.0
404.0
322.0
296.0
265.0
270.0
218.0
209.0
192.0
231.0
231.0
192.0
200.0
183.0
211.0
282.0
243.0
256.0
243.0
250.0
256.0
245.0
256.0
256.0
256.0
230.0
224.0
230.0
230.0
214.0
230.0
219.0
198.0
230.0
227.0
198.0
198.0
198.0
224.0
282.0
251.0
243.0
237.0
269.0
243.0
269.0
279.0
243.0
235.0
253.0
227.0
227.0
227.0
227.0
191.0
191.0
191.0
198.0
168.0
198.0
201.0
190.0
585.0
900.0
893.0
919.0
841.0
870.0
867.0
893.0
867.0
763.0
529.0
425.0
373.0
297.0
252.0
268.0
219.0
226.0
188.0
214.0
214.0
214.0
188.0
321.0
552.0
849.0
875.0
953.0
823.0
867.0
891.0
875.0
875.0
771.0
537.0
459.0
373.0
290.0
251.0
271.0
216.0
240.0
214.0
214.0
189.0
215.0
203.0
345.0
579.0
839.0
865.0
943.0
839.0
867.0
891.0
857.0
865.0
787.0
523.0
423.0
369.0
295.0
276.0
266.0
258.0
214.0
214.0
209.0
214.0
214.0
225.0
344.0
607.0
841.0
876.0
954.0
839.0
893.0
893.0
900.0
900.0
770.0
562.0
458.0
386.0
302.0
235.0
276.0
224.0
224.0
231.0
231.0
205.0
205.0
231.0
361.0
595.0
907.0
907.0
959.0
831.0
893.0
884.0
907.0
872.0
777.0
533.0
414.0
336.0
241.0
215.0
267.0
189.0
215.0
228.0
189.0
199.0
201.0
199.0
173.0
225.0
251.0
266.0
251.0
258.0
277.0
277.0
277.0
303.0
303.0
265.0
255.0
225.0
225.0
225.0
225.0
225.0
217.0
220.0
194.0
186.0
201.0
189.0
201.0
221.0
282.0
264.0
264.0
295.0
296.0
330.0
321.0
305.0
305.0
253.0
227.0
226.0
194.0
184.0
229.0
231.0
168.0
200.0
168.0
197.0
197.0
184.0
181.0
558.0
836.0
888.0
914.0
836.0
893.0
919.0
902.0
876.0
772.0
564.0
460.0
347.0
321.0
252.0
242.0
226.0
226.0
226.0
226.0
226.0
226.0
226.0
324.0
564.0
902.0
902.0
957.0
824.0
904.0
894.0
876.0
894.0
772.0
526.0
460.0
338.0
261.0
237.0
252.0
211.0
201.0
227.0
227.0
227.0
227.0
215.0
349.0
553.0
843.0
895.0
921.0
809.0
858.0
884.0
869.0
862.0
757.0
549.0
455.0
375.0
262.0
251.0
251.0
225.0
251.0
210.0
225.0
207.0
225.0
225.0
381.0
589.0
875.0
901.0
949.0
838.0
910.0
904.0
903.0
889.0
799.0
539.0
427.0
363.0
259.0
279.0
236.0
227.0
253.0
242.0
254.0
220.0
201.0
209.0
357.0
565.0
903.0
903.0
955.0
852.0
904.0
903.0
903.0
841.0
747.0
519.0
406.0
351.0
276.0
240.0
250.0
208.0
224.0
224.0
224.0
231.0
198.0
198.0
250.0
276.0
302.0
302.0
353.0
304.0
328.0
330.0
330.0
279.0
278.0
219.0
250.0
252.0
226.0
200.0
224.0
230.0
198.0
198.0
188.0
214.0
194.0
194.0
220.0
190.0
207.0
226.0
256.0
230.0
256.0
256.0
256.0
230.0
256.0
217.0
256.0
230.0
230.0
189.0
208.0
230.0
230.0
230.0
209.0
204.0
216.0
204.0
200.0
581.0
880.0
906.0
958.0
880.0
885.0
906.0
924.0
903.0
773.0
565.0
435.0
347.0
287.0
227.0
248.0
217.0
215.0
189.0
215.0
201.0
225.0
218.0
331.0
617.0
877.0
917.0
955.0
852.0
884.0
900.0
900.0
889.0
770.0
510.0
432.0
354.0
276.0
276.0
250.0
250.0
224.0
224.0
202.0
225.0
173.0
215.0
329.0
542.0
875.0
875.0
901.0
823.0
868.0
878.0
835.0
861.0
757.0
471.0
407.0
355.0
289.0
225.0
241.0
225.0
225.0
211.0
185.0
211.0
208.0
185.0
341.0
549.0
861.0
861.0
939.0
809.0
902.0
861.0
887.0
835.0
731.0
495.0
445.0
384.0
301.0
239.0
239.0
221.0
227.0
201.0
201.0
201.0
182.0
227.0
331.0
545.0
903.0
903.0
929.0
811.0
863.0
814.0
753.0
799.0
625.0
461.0
377.0
325.0
273.0
241.0
247.0
221.0
221.0
195.0
221.0
221.0
195.0
221.0
221.0
221.0
299.0
296.0
320.0
325.0
325.0
334.0
325.0
325.0
299.0
247.0
220.0
246.0
246.0
194.0
220.0
194.0
223.0
194.0
194.0
194.0
194.0
220.0
220.0
194.0
227.0
247.0
250.0
241.0
250.0
250.0
250.0
250.0
250.0
276.0
250.0
224.0
239.0
224.0
220.0
223.0
197.0
224.0
188.0
224.0
201.0
202.0
188.0
581.0
877.0
903.0
961.0
882.0
895.0
894.0
893.0
880.0
790.0
556.0
425.0
369.0
284.0
243.0
243.0
217.0
191.0
217.0
217.0
217.0
217.0
217.0
321.0
585.0
893.0
893.0
945.0
822.0
888.0
900.0
884.0
896.0
767.0
582.0
491.0
347.0
289.0
247.0
235.0
231.0
229.0
205.0
231.0
213.0
231.0
223.0
314.0
647.0
907.0
907.0
952.0
859.0
907.0
907.0
888.0
907.0
758.0
543.0
465.0
361.0
283.0
243.0
283.0
231.0
205.0
231.0
205.0
257.0
205.0
231.0
335.0
621.0
874.0
926.0
954.0
848.0
929.0
900.0
900.0
902.0
757.0
535.0
432.0
358.0
276.0
250.0
172.0
176.0
172.0
198.0
276.0
507.0
788.0
837.0
840.0
736.0
826.0
825.0
799.0
787.0
695.0
461.0
357.0
287.0
279.0
253.0
177.0
201.0
174.0
201.0
185.0
159.0
175.0
197.0
279.0
513.0
799.0
782.0
851.0
747.0
797.0
799.0
761.0
761.0
631.0
449.0
319.0
267.0
215.0
189.0
163.0
166.0
173.0
166.0
166.0
166.0
173.0
147.0
173.0
173.0
199.0
199.0
199.0
199.0
225.0
202.0
225.0
199.0
199.0
173.0
199.0
199.0
177.0
173.0
172.0
172.0
172.0
172.0
172.0
146.0
177.0
138.0
172.0
172.0
172.0
171.0
198.0
172.0
175.0
189.0
191.0
198.0
183.0
172.0
198.0
159.0
169.0
179.0
172.0
167.0
165.0
146.0
169.0
164.0
138.0
164.0
161.0
152.0
162.0
190.0
190.0
190.0
190.0
190.0
196.0
190.0
190.0
190.0
190.0
190.0
164.0
176.0
164.0
161.0
164.0
164.0
164.0
164.0
169.0
164.0
170.0
425.0
632.0
814.0
814.0
710.0
814.0
782.0
788.0
762.0
658.0
450.0
354.0
302.0
224.0
224.0
172.0
198.0
163.0
198.0
172.0
172.0
172.0
178.0
276.0
536.0
754.0
817.0
848.0
752.0
818.0
796.0
796.0
770.0
666.0
458.0
328.0
328.0
243.0
224.0
180.0
202.0
202.0
198.0
172.0
172.0
172.0
171.0
276.0
499.0
781.0
822.0
844.0
740.0
818.0
799.0
796.0
766.0
640.0
458.0
354.0
276.0
250.0
224.0
172.0
172.0
190.0
169.0
190.0
163.0
164.0
190.0
294.0
510.0
718.0
770.0
791.0
721.0
773.0
733.0
747.0
703.0
614.0
458.0
357.0
248.0
224.0
192.0
172.0
172.0
158.0
172.0
172.0
159.0
177.0
161.0
172.0
172.0
221.0
221.0
221.0
195.0
216.0
216.0
216.0
216.0
211.0
191.0
165.0
191.0
165.0
165.0
165.0
165.0
165.0
165.0
178.0
165.0
165.0
134.0
157.0
166.0
220.0
244.0
244.0
224.0
218.0
246.0
214.0
192.0
192.0
202.0
192.0
192.0
192.0
166.0
166.0
166.0
159.0
172.0
172.0
172.0
172.0
164.0
177.0
477.0
736.0
794.0
789.0
718.0
770.0
770.0
770.0
773.0
607.0
432.0
349.0
328.0
247.0
214.0
170.0
190.0
190.0
190.0
190.0
190.0
190.0
171.0
293.0
509.0
743.0
795.0
821.0
746.0
768.0
754.0
769.0
769.0
613.0
431.0
356.0
275.0
222.0
197.0
171.0
197.0
171.0
171.0
158.0
171.0
171.0
163.0
275.0
515.0
743.0
795.0
821.0
717.0
769.0
769.0
776.0
737.0
613.0
431.0
327.0
295.0
275.0
200.0
171.0
197.0
191.0
171.0
171.0
172.0
196.0
175.0
301.0
509.0
736.0
795.0
847.0
717.0
796.0
769.0
769.0
769.0
639.0
431.0
327.0
275.0
242.0
185.0
171.0
197.0
171.0
197.0
171.0
171.0
160.0
197.0
275.0
509.0
751.0
743.0
795.0
721.0
743.0
705.0
710.0
710.0
613.0
401.0
327.0
275.0
223.0
216.0
180.0
164.0
171.0
162.0
177.0
177.0
176.0
156.0
171.0
159.0
249.0
254.0
242.0
223.0
249.0
269.0
224.0
250.0
224.0
221.0
198.0
183.0
189.0
163.0
163.0
137.0
163.0
156.0
160.0
163.0
176.0
137.0
194.0
175.0
194.0
218.0
223.0
249.0
223.0
223.0
225.0
223.0
223.0
226.0
197.0
197.0
172.0
171.0
171.0
158.0
160.0
171.0
171.0
171.0
171.0
173.0
177.0
480.0
769.0
743.0
769.0
717.0
769.0
769.0
777.0
759.0
634.0
426.0
343.0
301.0
249.0
218.0
168.0
192.0
166.0
178.0
166.0
166.0
158.0
178.0
270.0
504.0
764.0
790.0
790.0
712.0
790.0
764.0
764.0
764.0
634.0
452.0
322.0
270.0
218.0
218.0
166.0
166.0
192.0
166.0
166.0
192.0
166.0
204.0
270.0
530.0
762.0
764.0
818.0
714.0
786.0
803.0
755.0
769.0
623.0
431.0
344.0
301.0
249.0
208.0
171.0
197.0
171.0
197.0
171.0
171.0
171.0
197.0
275.0
535.0
743.0
769.0
821.0
691.0
764.0
765.0
765.0
739.0
635.0
428.0
324.0
272.0
220.0
220.0
168.0
195.0
180.0
194.0
168.0
168.0
168.0
194.0
272.0
532.0
740.0
740.0
780.0
688.0
747.0
757.0
709.0
636.0
532.0
402.0
350.0
272.0
220.0
228.0
168.0
190.0
203.0
190.0
198.0
164.0
182.0
177.0
190.0
197.0
275.0
275.0
275.0
249.0
271.0
275.0
274.0
275.0
249.0
197.0
223.0
197.0
223.0
181.0
171.0
197.0
197.0
193.0
194.0
166.0
187.0
194.0
194.0
194.0
249.0
248.0
275.0
249.0
275.0
275.0
249.0
270.0
224.0
224.0
198.0
172.0
198.0
198.0
172.0
172.0
198.0
172.0
198.0
172.0
172.0
194.0
220.0
477.0
614.0
770.0
822.0
756.0
796.0
796.0
796.0
770.0
666.0
458.0
354.0
306.0
244.0
224.0
172.0
172.0
172.0
172.0
172.0
172.0
183.0
172.0
276.0
536.0
796.0
796.0
847.0
744.0
799.0
796.0
761.0
770.0
640.0
458.0
354.0
333.0
276.0
224.0
172.0
175.0
172.0
172.0
198.0
176.0
172.0
198.0
276.0
507.0
754.0
796.0
822.0
718.0
766.0
770.0
762.0
762.0
632.0
424.0
351.0
294.0
242.0
242.0
160.0
159.0
164.0
164.0
164.0
164.0
155.0
192.0
273.0
502.0
762.0
736.0
814.0
721.0
762.0
762.0
762.0
736.0
632.0
424.0
354.0
328.0
276.0
224.0
172.0
198.0
172.0
198.0
166.0
172.0
172.0
164.0
276.0
484.0
744.0
770.0
796.0
695.0
773.0
747.0
744.0
744.0
614.0
380.0
354.0
302.0
250.0
224.0
172.0
172.0
172.0
172.0
172.0
198.0
169.0
172.0
172.0
172.0
224.0
198.0
224.0
200.0
222.0
222.0
224.0
224.0
224.0
198.0
198.0
174.0
198.0
157.0
172.0
198.0
172.0
172.0
172.0
155.0
172.0
172.0
165.0
171.0
201.0
188.0
194.0
226.0
190.0
190.0
216.0
191.0
190.0
203.0
190.0
164.0
191.0
190.0
164.0
164.0
164.0
164.0
160.0
163.0
164.0
164.0
164.0
164.0
198.0
194.0
224.0
250.0
224.0
219.0
224.0
229.0
224.0
198.0
206.0
198.0
172.0
198.0
168.0
194.0
194.0
194.0
168.0
168.0
197.0
168.0
162.0
480.0
688.0
688.0
792.0
705.0
792.0
792.0
766.0
766.0
662.0
480.0
353.0
272.0
272.0
219.0
167.0
186.0
197.0
180.0
171.0
197.0
188.0
171.0
301.0
509.0
769.0
769.0
821.0
724.0
769.0
753.0
799.0
770.0
640.0
458.0
354.0
291.0
250.0
224.0
172.0
196.0
195.0
172.0
198.0
159.0
192.0
192.0
274.0
517.0
793.0
796.0
845.0
744.0
822.0
796.0
829.0
796.0
659.0
455.0
351.0
299.0
273.0
241.0
169.0
191.0
191.0
191.0
195.0
195.0
195.0
198.0
276.0
510.0
796.0
796.0
848.0
769.0
814.0
814.0
814.0
800.0
651.0
450.0
343.0
268.0
226.0
190.0
164.0
175.0
138.0
164.0
138.0
138.0
138.0
164.0
144.0
169.0
196.0
196.0
196.0
201.0
222.0
196.0
196.0
212.0
187.0
196.0
196.0
170.0
170.0
179.0
170.0
133.0
172.0
170.0
160.0
144.0
144.0
170.0
144.0
133.0
170.0
170.0
194.0
170.0
193.0
196.0
196.0
202.0
170.0
196.0
196.0
170.0
170.0
144.0
170.0
139.0
165.0
165.0
139.0
139.0
132.0
158.0
139.0
485.0
797.0
807.0
860.0
769.0
807.0
818.0
821.0
795.0
649.0
457.0
353.0
314.0
245.0
223.0
197.0
198.0
204.0
177.0
176.0
195.0
173.0
195.0
297.0
507.0
788.0
826.0
846.0
736.0
814.0
796.0
788.0
762.0
658.0
415.0
346.0
294.0
242.0
214.0
190.0
164.0
190.0
164.0
164.0
190.0
164.0
190.0
268.0
496.0
762.0
762.0
840.0
736.0
769.0
757.0
794.0
768.0
638.0
418.0
187.0
175.0
187.0
176.0
167.0
170.0
224.0
224.0
250.0
237.0
222.0
222.0
222.0
226.0
203.0
196.0
196.0
170.0
170.0
170.0
170.0
175.0
196.0
170.0
168.0
213.0
161.0
187.0
266.0
198.0
794.0
817.0
872.0
794.0
805.0
828.0
709.0
797.0
653.0
457.0
318.0
302.0
213.0
223.0
196.0
225.0
197.0
222.0
196.0
219.0
144.0
196.0
300.0
950.0
820.0
794.0
846.0
274.0
770.0
794.0
742.0
768.0
638.0
430.0
334.0
300.0
254.0
196.0
196.0
247.0
273.0
247.0
274.0
273.0
247.0
279.0
285.0
493.0
682.0
718.0
711.0
718.0
726.0
704.0
586.0
451.0
507.0
354.0
272.0
272.0
224.0
194.0
187.0
282.0
178.0
168.0
168.0
175.0
177.0
168.0
177.0
168.0
194.0
168.0
196.0
237.0
168.0
194.0
194.0
194.0
168.0
168.0
168.0
168.0
157.0
185.0
142.0
171.0
171.0
140.0
171.0
171.0
145.0
175.0
161.0
171.0
191.0
197.0
223.0
223.0
197.0
195.0
163.0
222.0
195.0
169.0
169.0
195.0
169.0
190.0
149.0
169.0
165.0
169.0
169.0
178.0
151.0
141.0
175.0
169.0
169.0
195.0
197.0
182.0
167.0
195.0
219.0
197.0
167.0
193.0
193.0
172.0
167.0
172.0
141.0
168.0
165.0
134.0
169.0
168.0
165.0
198.0
263.0
506.0
728.0
785.0
816.0
768.0
794.0
820.0
813.0
820.0
668.0
437.0
350.0
323.0
265.0
222.0
248.0
222.0
195.0
196.0
222.0
222.0
222.0
248.0
323.0
583.0
762.0
788.0
840.0
762.0
788.0
866.0
788.0
762.0
632.0
424.0
341.0
297.0
255.0
231.0
193.0
186.0
195.0
201.0
481.0
187.0
247.0
142.0
246.0
247.0
220.0
195.0
254.0
223.0
252.0
690.0
714.0
691.0
610.0
428.0
350.0
298.0
211.0
213.0
194.0
170.0
167.0
171.0
161.0
171.0
156.0
171.0
219.0
196.0
693.0
479.0
817.0
713.0
791.0
791.0
758.0
765.0
635.0
453.0
349.0
287.0
246.0
223.0
201.0
171.0
155.0
197.0
167.0
167.0
193.0
196.0
248.0
456.0
742.0
768.0
820.0
729.0
768.0
766.0
767.0
766.0
688.0
454.0
377.0
324.0
238.0
223.0
194.0
168.0
168.0
194.0
168.0
168.0
201.0
194.0
246.0
428.0
740.0
792.0
837.0
740.0
754.0
766.0
766.0
740.0
636.0
428.0
352.0
272.0
220.0
220.0
194.0
168.0
164.0
162.0
172.0
194.0
168.0
167.0
169.0
194.0
240.0
247.0
273.0
243.0
271.0
282.0
271.0
271.0
212.0
193.0
188.0
200.0
167.0
167.0
167.0
167.0
167.0
177.0
142.0
157.0
194.0
168.0
168.0
182.0
220.0
284.0
272.0
249.0
266.0
272.0
273.0
272.0
246.0
212.0
194.0
167.0
193.0
167.0
167.0
167.0
163.0
167.0
141.0
193.0
141.0
167.0
171.0
433.0
765.0
806.0
895.0
794.0
817.0
806.0
820.0
791.0
707.0
456.0
378.0
349.0
274.0
233.0
193.0
193.0
193.0
167.0
167.0
193.0
167.0
193.0
271.0
479.0
755.0
817.0
874.0
791.0
817.0
792.0
818.0
792.0
688.0
454.0
373.0
350.0
268.0
246.0
189.0
194.0
206.0
169.0
194.0
168.0
194.0
194.0
272.0
535.0
792.0
844.0
896.0
837.0
856.0
818.0
818.0
792.0
699.0
480.0
386.0
339.0
272.0
281.0
194.0
220.0
194.0
194.0
194.0
189.0
196.0
206.0
284.0
490.0
804.0
822.0
882.0
778.0
830.0
804.0
778.0
778.0
648.0
466.0
388.0
336.0
284.0
258.0
206.0
190.0
206.0
222.0
206.0
206.0
168.0
192.0
272.0
469.0
740.0
770.0
856.0
760.0
762.0
740.0
714.0
740.0
480.0
388.0
279.0
246.0
222.0
171.0
154.0
168.0
142.0
169.0
147.0
151.0
141.0
137.0
145.0
145.0
145.0
171.0
171.0
145.0
179.0
171.0
171.0
145.0
171.0
171.0
145.0
156.0
145.0
141.0
141.0
141.0
130.0
141.0
141.0
133.0
141.0
141.0
141.0
135.0
175.0
160.0
161.0
161.0
190.0
190.0
167.0
182.0
167.0
141.0
167.0
167.0
131.0
141.0
161.0
141.0
153.0
141.0
152.0
151.0
135.0
135.0
148.0
135.0
161.0
135.0
190.0
195.0
161.0
161.0
195.0
161.0
135.0
135.0
161.0
135.0
139.0
132.0
161.0
135.0
135.0
135.0
135.0
135.0
146.0
141.0
146.0
146.0
146.0
172.0
198.0
198.0
198.0
172.0
172.0
171.0
172.0
148.0
146.0
146.0
140.0
146.0
146.0
142.0
151.0
142.0
142.0
142.0
143.0
142.0
142.0
142.0
168.0
191.0
195.0
184.0
195.0
195.0
168.0
167.0
163.0
137.0
178.0
137.0
163.0
151.0
137.0
163.0
141.0
141.0
141.0
141.0
151.0
141.0
141.0
141.0
161.0
167.0
195.0
205.0
167.0
178.0
167.0
165.0
167.0
167.0
167.0
141.0
167.0
141.0
167.0
167.0
141.0
141.0
141.0
141.0
132.0
141.0
141.0
141.0
193.0
167.0
219.0
219.0
219.0
193.0
192.0
193.0
193.0
167.0
172.0
172.0
146.0
146.0
146.0
146.0
146.0
146.0
146.0
146.0
131.0
190.0
131.0
399.0
688.0
724.0
744.0
633.0
726.0
692.0
718.0
692.0
562.0
354.0
276.0
277.0
224.0
198.0
132.0
172.0
146.0
169.0
172.0
139.0
171.0
171.0
229.0
435.0
698.0
749.0
749.0
626.0
704.0
690.0
716.0
694.0
593.0
359.0
281.0
247.0
253.0
197.0
132.0
171.0
171.0
197.0
177.0
171.0
155.0
168.0
239.0
418.0
714.0
714.0
740.0
626.0
675.0
690.0
714.0
678.0
600.0
402.0
320.0
298.0
258.0
197.0
154.0
197.0
171.0
171.0
171.0
171.0
173.0
171.0
245.0
432.0
700.0
749.0
762.0
652.0
744.0
747.0
744.0
692.0
600.0
375.0
302.0
276.0
282.0
224.0
135.0
194.0
172.0
169.0
156.0
171.0
198.0
172.0
224.0
411.0
664.0
718.0
714.0
626.0
721.0
715.0
713.0
688.0
584.0
361.0
324.0
298.0
280.0
220.0
154.0
194.0
184.0
194.0
168.0
194.0
194.0
194.0
242.0
454.0
743.0
717.0
795.0
652.0
705.0
721.0
716.0
713.0
583.0
352.0
286.0
253.0
210.0
211.0
141.0
167.0
162.0
167.0
167.0
175.0
167.0
157.0
271.0
459.0
737.0
739.0
795.0
714.0
740.0
714.0
714.0
717.0
610.0
376.0
301.0
253.0
244.0
197.0
140.0
171.0
171.0
165.0
171.0
171.0
197.0
140.0
171.0
145.0
210.0
223.0
249.0
248.0
215.0
211.0
215.0
215.0
215.0
189.0
189.0
189.0
163.0
163.0
137.0
163.0
163.0
173.0
173.0
173.0
144.0
173.0
173.0
173.0
251.0
232.0
251.0
251.0
225.0
225.0
199.0
220.0
210.0
219.0
185.0
187.0
193.0
173.0
129.0
173.0
147.0
173.0
147.0
173.0
173.0
173.0
169.0
399.0
745.0
798.0
815.0
718.0
770.0
796.0
796.0
770.0
666.0
428.0
328.0
302.0
265.0
181.0
146.0
172.0
172.0
156.0
172.0
179.0
172.0
156.0
263.0
462.0
744.0
744.0
827.0
704.0
747.0
744.0
704.0
692.0
614.0
380.0
346.0
291.0
284.0
216.0
142.0
175.0
164.0
164.0
164.0
164.0
164.0
164.0
242.0
450.0
736.0
788.0
788.0
721.0
755.0
762.0
762.0
749.0
646.0
421.0
346.0
291.0
274.0
213.0
154.0
166.0
166.0
166.0
198.0
199.0
171.0
192.0
244.0
451.0
740.0
766.0
792.0
688.0
759.0
766.0
766.0
740.0
636.0
376.0
298.0
272.0
239.0
246.0
135.0
168.0
194.0
187.0
194.0
201.0
168.0
194.0
272.0
444.0
740.0
759.0
785.0
718.0
744.0
770.0
765.0
718.0
640.0
380.0
302.0
251.0
224.0
198.0
135.0
172.0
172.0
172.0
162.0
172.0
172.0
163.0
172.0
163.0
243.0
269.0
239.0
243.0
243.0
265.0
249.0
264.0
215.0
189.0
215.0
215.0
241.0
230.0
215.0
215.0
189.0
163.0
215.0
189.0
194.0
189.0
215.0
198.0
187.0
190.0
189.0
215.0
241.0
241.0
241.0
241.0
241.0
219.0
245.0
216.0
245.0
257.0
219.0
219.0
230.0
158.0
219.0
232.0
223.0
207.0
193.0
202.0
193.0
185.0
584.0
870.0
941.0
1033.0
915.0
948.0
948.0
922.0
926.0
796.0
538.0
462.0
362.0
276.0
233.0
250.0
224.0
213.0
207.0
231.0
224.0
224.0
255.0
350.0
636.0
896.0
940.0
974.0
896.0
915.0
922.0
896.0
896.0
766.0
506.0
384.0
350.0
272.0
246.0
246.0
220.0
220.0
220.0
218.0
220.0
220.0
220.0
356.0
636.0
896.0
948.0
974.0
896.0
942.0
922.0
927.0
868.0
790.0
504.0
410.0
356.0
295.0
247.0
245.0
219.0
218.0
192.0
208.0
227.0
218.0
218.0
374.0
650.0
920.0
946.0
998.0
896.0
911.0
922.0
896.0
870.0
740.0
532.0
410.0
358.0
298.0
272.0
246.0
220.0
220.0
194.0
246.0
220.0
220.0
220.0
376.0
610.0
896.0
948.0
985.0
896.0
922.0
896.0
896.0
896.0
770.0
506.0
384.0
350.0
259.0
240.0
246.0
220.0
220.0
225.0
220.0
216.0
216.0
190.0
216.0
226.0
209.0
195.0
250.0
254.0
250.0
222.0
252.0
247.0
221.0
228.0
241.0
223.0
227.0
202.0
171.0
197.0
197.0
197.0
197.0
223.0
223.0
196.0
190.0
229.0
247.0
249.0
269.0
278.0
247.0
278.0
249.0
249.0
223.0
249.0
249.0
223.0
223.0
197.0
171.0
223.0
225.0
182.0
194.0
212.0
228.0
268.0
407.0
610.0
870.0
883.0
948.0
904.0
948.0
948.0
948.0
922.0
806.0
606.0
454.0
384.0
298.0
269.0
254.0
220.0
220.0
220.0
220.0
220.0
220.0
220.0
348.0
636.0
922.0
948.0
998.0
922.0
948.0
922.0
910.0
884.0
792.0
532.0
428.0
375.0
296.0
244.0
244.0
230.0
221.0
231.0
218.0
222.0
218.0
218.0
374.0
634.0
894.0
946.0
981.0
894.0
946.0
934.0
946.0
917.0
790.0
535.0
431.0
348.0
266.0
244.0
244.0
218.0
218.0
229.0
192.0
218.0
232.0
218.0
381.0
634.0
920.0
946.0
1010.0
919.0
945.0
921.0
919.0
893.0
789.0
530.0
458.0
363.0
269.0
243.0
241.0
217.0
230.0
246.0
194.0
220.0
226.0
208.0
376.0
624.0
896.0
941.0
987.0
896.0
934.0
896.0
922.0
896.0
733.0
454.0
367.0
350.0
272.0
246.0
272.0
194.0
216.0
220.0
220.0
220.0
214.0
194.0
246.0
220.0
272.0
272.0
276.0
280.0
280.0
278.0
269.0
248.0
222.0
233.0
243.0
222.0
217.0
224.0
176.0
191.0
228.0
228.0
228.0
216.0
190.0
216.0
190.0
243.0
202.0
219.0
269.0
246.0
217.0
241.0
269.0
243.0
217.0
243.0
243.0
217.0
217.0
217.0
165.0
217.0
208.0
217.0
191.0
217.0
231.0
202.0
194.0
610.0
896.0
895.0
974.0
888.0
901.0
922.0
896.0
879.0
766.0
483.0
410.0
324.0
298.0
237.0
272.0
235.0
220.0
246.0
220.0
220.0
220.0
234.0
371.0
651.0
869.0
865.0
943.0
884.0
908.0
894.0
868.0
880.0
722.0
478.0
384.0
348.0
322.0
267.0
241.0
241.0
215.0
219.0
209.0
184.0
217.0
258.0
347.0
650.0
892.0
892.0
944.0
892.0
892.0
904.0
866.0
840.0
566.0
398.0
338.0
296.0
268.0
218.0
244.0
192.0
192.0
192.0
192.0
192.0
188.0
168.0
194.0
220.0
220.0
246.0
272.0
280.0
257.0
242.0
250.0
235.0
252.0
224.0
242.0
216.0
190.0
191.0
165.0
191.0
176.0
188.0
190.0
190.0
190.0
175.0
190.0
205.0
191.0
202.0
218.0
258.0
244.0
214.0
218.0
244.0
224.0
214.0
192.0
218.0
198.0
166.0
166.0
191.0
166.0
199.0
201.0
201.0
199.0
190.0
175.0
199.0
165.0
191.0
165.0
187.0
165.0
191.0
191.0
194.0
194.0
220.0
194.0
220.0
226.0
200.0
166.0
200.0
166.0
166.0
192.0
192.0
179.0
166.0
205.0
205.0
205.0
179.0
194.0
231.0
205.0
192.0
192.0
196.0
192.0
219.0
218.0
163.0
218.0
166.0
162.0
188.0
162.0
204.0
176.0
162.0
165.0
167.0
190.0
201.0
227.0
214.0
243.0
240.0
214.0
243.0
240.0
240.0
214.0
218.0
188.0
188.0
204.0
187.0
180.0
162.0
205.0
205.0
165.0
179.0
190.0
190.0
190.0
164.0
196.0
191.0
257.0
243.0
217.0
217.0
205.0
191.0
191.0
212.0
217.0
191.0
179.0
205.0
158.0
179.0
176.0
205.0
205.0
179.0
179.0
179.0
159.0
190.0
179.0
193.0
219.0
219.0
194.0
193.0
217.0
219.0
181.0
191.0
194.0
220.0
194.0
168.0
168.0
194.0
168.0
205.0
194.0
188.0
168.0
187.0
156.0
608.0
870.0
881.0
948.0
870.0
885.0
870.0
896.0
872.0
740.0
443.0
384.0
303.0
262.0
233.0
255.0
230.0
229.0
229.0
229.0
189.0
231.0
255.0
341.0
606.0
856.0
905.0
957.0
853.0
905.0
868.0
905.0
877.0
741.0
539.0
410.0
359.0
281.0
274.0
242.0
208.0
229.0
211.0
255.0
229.0
255.0
243.0
320.0
593.0
853.0
879.0
893.0
831.0
866.0
853.0
853.0
853.0
723.0
454.0
374.0
324.0
272.0
272.0
246.0
220.0
194.0
215.0
227.0
194.0
194.0
194.0
194.0
194.0
220.0
248.0
272.0
272.0
244.0
222.0
280.0
242.0
272.0
246.0
246.0
246.0
220.0
206.0
220.0
220.0
194.0
229.0
203.0
187.0
196.0
203.0
206.0
592.0
905.0
905.0
957.0
879.0
931.0
931.0
905.0
905.0
801.0
567.0
454.0
369.0
333.0
269.0
243.0
243.0
243.0
217.0
217.0
191.0
191.0
220.0
324.0
558.0
844.0
896.0
904.0
817.0
870.0
864.0
870.0
831.0
760.0
500.0
436.0
344.0
292.0
278.0
240.0
214.0
214.0
230.0
214.0
214.0
188.0
214.0
325.0
583.0
844.0
904.0
948.0
818.0
896.0
896.0
901.0
865.0
765.0
507.0
427.0
375.0
297.0
271.0
271.0
245.0
223.0
218.0
218.0
218.0
188.0
218.0
322.0
548.0
868.0
896.0
920.0
842.0
904.0
868.0
869.0
841.0
763.0
522.0
409.0
349.0
295.0
269.0
243.0
217.0
212.0
219.0
212.0
212.0
218.0
218.0
333.0
566.0
842.0
874.0
894.0
842.0
816.0
842.0
816.0
816.0
721.0
504.0
383.0
322.0
273.0
244.0
244.0
244.0
218.0
192.0
192.0
218.0
199.0
192.0
192.0
213.0
219.0
216.0
248.0
274.0
248.0
248.0
274.0
248.0
281.0
248.0
248.0
222.0
248.0
222.0
222.0
196.0
222.0
217.0
189.0
205.0
201.0
201.0
199.0
201.0
216.0
211.0
240.0
264.0
240.0
240.0
214.0
240.0
214.0
222.0
214.0
202.0
229.0
217.0
217.0
217.0
191.0
191.0
191.0
217.0
165.0
199.0
190.0
575.0
842.0
920.0
946.0
877.0
894.0
894.0
868.0
868.0
764.0
474.0
383.0
348.0
270.0
257.0
244.0
218.0
226.0
192.0
228.0
192.0
218.0
222.0
358.0
549.0
842.0
920.0
950.0
868.0
894.0
887.0
894.0
868.0
777.0
504.0
409.0
348.0
272.0
255.0
246.0
220.0
220.0
220.0
231.0
220.0
220.0
220.0
376.0
575.0
870.0
922.0
948.0
866.0
896.0
896.0
905.0
879.0
775.0
507.0
400.0
333.0
281.0
238.0
255.0
255.0
255.0
229.0
229.0
229.0
229.0
229.0
350.0
558.0
870.0
896.0
955.0
844.0
896.0
907.0
896.0
870.0
778.0
484.0
409.0
354.0
302.0
276.0
250.0
224.0
250.0
224.0
224.0
211.0
200.0
220.0
317.0
569.0
838.0
896.0
937.0
829.0
894.0
868.0
868.0
868.0
738.0
504.0
374.0
348.0
244.0
222.0
248.0
222.0
170.0
222.0
203.0
196.0
196.0
196.0
196.0
144.0
144.0
170.0
144.0
170.0
170.0
170.0
168.0
168.0
168.0
156.0
167.0
129.0
172.0
144.0
172.0
144.0
146.0
172.0
146.0
160.0
145.0
146.0
171.0
146.0
159.0
166.0
166.0
166.0
166.0
166.0
170.0
166.0
166.0
166.0
139.0
166.0
144.0
170.0
151.0
170.0
144.0
170.0
170.0
168.0
144.0
170.0
177.0
170.0
190.0
170.0
175.0
174.0
168.0
155.0
170.0
170.0
175.0
140.0
170.0
170.0
177.0
173.0
170.0
160.0
177.0
133.0
483.0
604.0
629.0
671.0
671.0
645.0
619.0
567.0
567.0
463.0
289.0
274.0
222.0
222.0
196.0
224.0
193.0
196.0
170.0
180.0
185.0
250.0
196.0
303.0
577.0
783.0
806.0
879.0
796.0
822.0
822.0
796.0
796.0
640.0
378.0
302.0
233.0
216.0
222.0
212.0
196.0
204.0
187.0
193.0
198.0
224.0
224.0
328.0
629.0
822.0
878.0
912.0
848.0
862.0
896.0
898.0
870.0
720.0
454.0
324.0
274.0
213.0
196.0
230.0
196.0
188.0
194.0
194.0
218.0
194.0
194.0
194.0
644.0
870.0
922.0
922.0
844.0
896.0
870.0
898.0
870.0
735.0
452.0
384.0
296.0
280.0
214.0
214.0
195.0
224.0
203.0
188.0
218.0
214.0
214.0
344.0
644.0
890.0
916.0
956.0
844.0
890.0
864.0
871.0
838.0
734.0
448.0
344.0
318.0
266.0
244.0
214.0
188.0
214.0
188.0
214.0
203.0
207.0
230.0
370.0
643.0
893.0
919.0
945.0
841.0
901.0
901.0
875.0
849.0
722.0
459.0
355.0
298.0
251.0
225.0
225.0
199.0
173.0
199.0
192.0
192.0
192.0
202.0
192.0
192.0
248.0
240.0
240.0
270.0
239.0
270.0
225.0
266.0
209.0
214.0
214.0
214.0
188.0
188.0
162.0
199.0
188.0
214.0
191.0
227.0
190.0
162.0
190.0
190.0
214.0
214.0
240.0
240.0
214.0
214.0
214.0
214.0
207.0
222.0
196.0
222.0
193.0
196.0
170.0
195.0
196.0
196.0
196.0
193.0
199.0
190.0
355.0
612.0
914.0
948.0
996.0
870.0
948.0
948.0
948.0
922.0
740.0
532.0
388.0
292.0
241.0
212.0
221.0
195.0
195.0
199.0
220.0
194.0
194.0
220.0
376.0
653.0
948.0
974.0
985.0
896.0
922.0
922.0
926.0
922.0
766.0
532.0
414.0
374.0
277.0
247.0
208.0
221.0
221.0
225.0
225.0
244.0
207.0
218.0
348.0
644.0
894.0
920.0
920.0
860.0
894.0
920.0
907.0
897.0
764.0
508.0
426.0
339.0
281.0
221.0
226.0
210.0
214.0
214.0
214.0
214.0
188.0
214.0
318.0
604.0
890.0
942.0
942.0
864.0
925.0
916.0
890.0
890.0
760.0
552.0
466.0
345.0
266.0
240.0
214.0
214.0
217.0
188.0
215.0
214.0
188.0
218.0
363.0
634.0
946.0
946.0
998.0
894.0
946.0
920.0
920.0
894.0
761.0
543.0
412.0
340.0
277.0
244.0
211.0
192.0
218.0
218.0
218.0
218.0
218.0
218.0
192.0
243.0
285.0
322.0
306.0
279.0
327.0
296.0
302.0
286.0
271.0
253.0
247.0
247.0
221.0
217.0
169.0
195.0
221.0
195.0
216.0
216.0
216.0
194.0
199.0
256.0
247.0
282.0
274.0
274.0
260.0
273.0
273.0
247.0
273.0
247.0
221.0
221.0
195.0
195.0
164.0
221.0
195.0
195.0
187.0
216.0
199.0
216.0
355.0
638.0
920.0
949.0
972.0
894.0
920.0
894.0
894.0
868.0
712.0
447.0
382.0
299.0
247.0
221.0
221.0
195.0
195.0
198.0
198.0
195.0
198.0
224.0
354.0
640.0
889.0
952.0
971.0
874.0
900.0
931.0
900.0
874.0
744.0
458.0
380.0
325.0
247.0
247.0
219.0
221.0
202.0
195.0
221.0
195.0
199.0
225.0
355.0
634.0
875.0
927.0
953.0
819.0
901.0
901.0
901.0
849.0
715.0
458.0
367.0
325.0
278.0
236.0
221.0
195.0
221.0
195.0
225.0
185.0
185.0
218.0
348.0
632.0
842.0
894.0
920.0
816.0
842.0
868.0
842.0
842.0
725.0
457.0
374.0
273.0
278.0
198.0
221.0
195.0
195.0
195.0
195.0
195.0
191.0
191.0
191.0
221.0
247.0
247.0
273.0
247.0
235.0
275.0
247.0
247.0
247.0
223.0
217.0
195.0
221.0
195.0
169.0
191.0
195.0
191.0
185.0
169.0
190.0
199.0
173.0
191.0
247.0
209.0
221.0
247.0
215.0
247.0
221.0
247.0
233.0
221.0
195.0
217.0
191.0
191.0
165.0
205.0
191.0
191.0
191.0
199.0
191.0
199.0
184.0
633.0
893.0
919.0
945.0
872.0
919.0
919.0
888.0
893.0
737.0
555.0
390.0
321.0
269.0
243.0
212.0
186.0
191.0
191.0
191.0
191.0
191.0
217.0
373.0
607.0
863.0
919.0
945.0
841.0
867.0
872.0
841.0
841.0
719.0
451.0
321.0
299.0
273.0
221.0
221.0
221.0
191.0
191.0
217.0
191.0
191.0
217.0
347.0
659.0
893.0
925.0
945.0
841.0
893.0
893.0
893.0
867.0
711.0
451.0
386.0
351.0
273.0
247.0
221.0
199.0
217.0
195.0
217.0
195.0
191.0
218.0
348.0
634.0
894.0
920.0
946.0
894.0
915.0
920.0
895.0
894.0
751.0
504.0
436.0
351.0
273.0
221.0
221.0
195.0
206.0
195.0
195.0
221.0
195.0
221.0
347.0
633.0
893.0
912.0
919.0
840.0
893.0
867.0
867.0
867.0
711.0
503.0
373.0
321.0
247.0
221.0
221.0
195.0
191.0
191.0
191.0
191.0
186.0
165.0
193.0
198.0
280.0
252.0
269.0
283.0
306.0
310.0
295.0
295.0
247.0
221.0
214.0
221.0
222.0
189.0
169.0
195.0
195.0
190.0
190.0
190.0
190.0
190.0
190.0
190.0
253.0
241.0
234.0
247.0
247.0
240.0
239.0
241.0
242.0
221.0
222.0
221.0
203.0
199.0
173.0
195.0
195.0
195.0
195.0
190.0
190.0
190.0
199.0
631.0
891.0
917.0
969.0
868.0
917.0
917.0
917.0
891.0
709.0
442.0
390.0
293.0
242.0
241.0
215.0
194.0
215.0
215.0
215.0
181.0
215.0
215.0
345.0
631.0
891.0
892.0
943.0
832.0
893.0
893.0
879.0
871.0
749.0
541.0
438.0
347.0
269.0
243.0
221.0
221.0
191.0
217.0
229.0
229.0
203.0
229.0
333.0
644.0
851.0
905.0
927.0
823.0
897.0
897.0
871.0
845.0
738.0
509.0
374.0
316.0
273.0
273.0
221.0
221.0
195.0
208.0
221.0
192.0
191.0
209.0
347.0
607.0
867.0
893.0
919.0
841.0
870.0
841.0
867.0
867.0
701.0
442.0
383.0
321.0
273.0
237.0
228.0
230.0
191.0
217.0
181.0
191.0
191.0
217.0
347.0
607.0
841.0
872.0
919.0
815.0
867.0
867.0
841.0
841.0
711.0
455.0
373.0
321.0
269.0
243.0
217.0
217.0
217.0
225.0
191.0
217.0
191.0
191.0
186.0
217.0
269.0
295.0
295.0
295.0
306.0
290.0
321.0
295.0
247.0
247.0
221.0
225.0
221.0
203.0
161.0
195.0
195.0
195.0
201.0
201.0
191.0
175.0
160.0
221.0
247.0
247.0
242.0
247.0
247.0
263.0
257.0
247.0
247.0
254.0
221.0
221.0
221.0
191.0
165.0
222.0
217.0
195.0
199.0
199.0
199.0
225.0
329.0
592.0
852.0
894.0
894.0
834.0
880.0
906.0
894.0
868.0
774.0
530.0
387.0
353.0
275.0
249.0
217.0
223.0
197.0
186.0
197.0
197.0
183.0
223.0
318.0
627.0
838.0
899.0
954.0
818.0
902.0
902.0
902.0
876.0
746.0
460.0
356.0
301.0
262.0
226.0
226.0
226.0
202.0
174.0
200.0
200.0
200.0
226.0
356.0
571.0
876.0
928.0
954.0
824.0
902.0
876.0
902.0
864.0
746.0
460.0
359.0
330.0
278.0
226.0
200.0
226.0
202.0
200.0
200.0
200.0
200.0
200.0
330.0
567.0
850.0
876.0
928.0
822.0
867.0
866.0
867.0
867.0
711.0
503.0
373.0
321.0
273.0
221.0
169.0
221.0
195.0
195.0
195.0
195.0
871.0
767.0
480.0
384.0
351.0
276.0
247.0
247.0
221.0
216.0
191.0
217.0
191.0
217.0
226.0
347.0
555.0
841.0
922.0
945.0
862.0
888.0
897.0
888.0
862.0
758.0
498.0
404.0
342.0
264.0
238.0
249.0
223.0
224.0
223.0
223.0
223.0
223.0
223.0
374.0
587.0
873.0
925.0
951.0
873.0
884.0
899.0
891.0
865.0
764.0
504.0
410.0
325.0
273.0
247.0
243.0
243.0
243.0
217.0
209.0
217.0
217.0
210.0
347.0
555.0
864.0
890.0
948.0
838.0
890.0
890.0
890.0
864.0
764.0
478.0
412.0
359.0
296.0
273.0
243.0
221.0
247.0
221.0
232.0
217.0
192.0
218.0
322.0
556.0
842.0
897.0
949.0
819.0
897.0
871.0
871.0
871.0
737.0
507.0
377.0
351.0
247.0
221.0
247.0
220.0
169.0
217.0
198.0
200.0
200.0
198.0
198.0
221.0
256.0
273.0
247.0
273.0
247.0
247.0
252.0
208.0
247.0
217.0
217.0
198.0
198.0
224.0
224.0
224.0
198.0
158.0
205.0
209.0
205.0
205.0
205.0
218.0
250.0
247.0
247.0
247.0
247.0
252.0
221.0
247.0
224.0
224.0
224.0
224.0
183.0
198.0
224.0
198.0
198.0
174.0
189.0
199.0
205.0
191.0
196.0
582.0
874.0
874.0
952.0
874.0
900.0
900.0
900.0
925.0
771.0
562.0
427.0
386.0
276.0
250.0
247.0
198.0
195.0
221.0
198.0
224.0
189.0
215.0
319.0
605.0
891.0
893.0
919.0
867.0
867.0
893.0
867.0
893.0
789.0
555.0
451.0
347.0
269.0
246.0
252.0
191.0
217.0
217.0
191.0
217.0
217.0
191.0
347.0
605.0
815.0
867.0
900.0
815.0
867.0
893.0
868.0
841.0
789.0
499.0
462.0
358.0
299.0
247.0
247.0
221.0
221.0
213.0
195.0
243.0
217.0
243.0
348.0
569.0
867.0
893.0
945.0
867.0
893.0
893.0
893.0
867.0
763.0
543.0
399.0
373.0
297.0
269.0
269.0
241.0
215.0
215.0
191.0
217.0
217.0
217.0
321.0
555.0
841.0
893.0
904.0
842.0
867.0
893.0
893.0
864.0
763.0
529.0
412.0
321.0
297.0
273.0
277.0
221.0
221.0
195.0
221.0
232.0
200.0
195.0
195.0
231.0
273.0
247.0
245.0
244.0
241.0
237.0
235.0
256.0
247.0
247.0
221.0
221.0
221.0
221.0
221.0
221.0
221.0
195.0
221.0
221.0
195.0
195.0
200.0
215.0
267.0
241.0
241.0
241.0
267.0
248.0
267.0
266.0
241.0
248.0
241.0
215.0
215.0
215.0
225.0
189.0
189.0
202.0
192.0
163.0
182.0
190.0
199.0
579.0
891.0
891.0
917.0
839.0
867.0
867.0
893.0
869.0
763.0
529.0
432.0
373.0
295.0
243.0
269.0
224.0
224.0
185.0
224.0
224.0
224.0
201.0
328.0
562.0
848.0
874.0
952.0
821.0
860.0
900.0
874.0
874.0
770.0
536.0
458.0
380.0
302.0
250.0
273.0
222.0
247.0
221.0
224.0
198.0
224.0
196.0
354.0
578.0
846.0
874.0
952.0
848.0
874.0
900.0
857.0
874.0
796.0
536.0
419.0
366.0
299.0
273.0
273.0
247.0
221.0
221.0
224.0
224.0
224.0
224.0
357.0
614.0
848.0
881.0
952.0
838.0
893.0
893.0
893.0
895.0
762.0
555.0
451.0
373.0
293.0
243.0
269.0
209.0
217.0
224.0
217.0
191.0
191.0
226.0
347.0
581.0
893.0
902.0
954.0
848.0
900.0
896.0
900.0
874.0
764.0
536.0
400.0
333.0
252.0
226.0
278.0
200.0
224.0
227.0
195.0
192.0
181.0
192.0
166.0
226.0
257.0
276.0
247.0
247.0
280.0
271.0
275.0
299.0
299.0
273.0
247.0
221.0
221.0
207.0
221.0
221.0
232.0
226.0
195.0
199.0
200.0
205.0
184.0
225.0
280.0
282.0
270.0
290.0
296.0
319.0
322.0
304.0
304.0
252.0
208.0
226.0
200.0
200.0
226.0
226.0
174.0
201.0
173.0
205.0
205.0
205.0
199.0
565.0
848.0
893.0
918.0
833.0
902.0
927.0
902.0
872.0
772.0
564.0
460.0
360.0
323.0
247.0
247.0
223.0
221.0
216.0
226.0
226.0
226.0
222.0
330.0
564.0
902.0
902.0
954.0
824.0
902.0
902.0
876.0
902.0
764.0
543.0
460.0
362.0
278.0
252.0
249.0
223.0
197.0
223.0
226.0
226.0
226.0
226.0
356.0
564.0
833.0
902.0
924.0
824.0
876.0
902.0
876.0
876.0
772.0
560.0
465.0
382.0
278.0
255.0
252.0
208.0
252.0
226.0
226.0
217.0
212.0
217.0
374.0
582.0
864.0
894.0
952.0
842.0
933.0
894.0
894.0
886.0
790.0
534.0
426.0
374.0
273.0
272.0
247.0
212.0
247.0
244.0
244.0
218.0
192.0
218.0
348.0
550.0
894.0
891.0
943.0
839.0
902.0
897.0
902.0
850.0
752.0
538.0
412.0
356.0
268.0
233.0
252.0
226.0
217.0
217.0
224.0
224.0
198.0
198.0
250.0
276.0
302.0
293.0
351.0
299.0
334.0
322.0
325.0
273.0
273.0
221.0
247.0
247.0
214.0
195.0
221.0
229.0
195.0
195.0
205.0
231.0
205.0
195.0
221.0
189.0
221.0
217.0
247.0
221.0
243.0
247.0
250.0
221.0
247.0
226.0
252.0
226.0
226.0
200.0
219.0
224.0
224.0
224.0
224.0
193.0
221.0
204.0
205.0
588.0
874.0
900.0
952.0
875.0
897.0
897.0
923.0
895.0
762.0
562.0
418.0
351.0
299.0
221.0
247.0
221.0
221.0
192.0
218.0
200.0
226.0
226.0
330.0
616.0
876.0
912.0
954.0
850.0
902.0
902.0
902.0
891.0
761.0
508.0
440.0
345.0
267.0
267.0
241.0
238.0
215.0
209.0
197.0
215.0
163.0
215.0
311.0
527.0
864.0
874.0
900.0
822.0
879.0
867.0
831.0
867.0
771.0
477.0
414.0
354.0
302.0
224.0
247.0
221.0
220.0
224.0
198.0
224.0
224.0
198.0
354.0
562.0
874.0
874.0
946.0
822.0
908.0
874.0
900.0
848.0
744.0
503.0
466.0
374.0
296.0
243.0
243.0
217.0
228.0
191.0
191.0
191.0
191.0
210.0
334.0
563.0
886.0
886.0
912.0
817.0
860.0
816.0
777.0
785.0
634.0
444.0
388.0
314.0
277.0
247.0
247.0
221.0
214.0
195.0
210.0
210.0
184.0
210.0
221.0
221.0
299.0
299.0
334.0
325.0
325.0
336.0
325.0
325.0
299.0
247.0
221.0
247.0
247.0
195.0
228.0
198.0
224.0
198.0
197.0
198.0
185.0
232.0
211.0
198.0
221.0
247.0
247.0
247.0
247.0
247.0
247.0
251.0
240.0
273.0
247.0
221.0
247.0
221.0
228.0
230.0
195.0
221.0
195.0
221.0
195.0
195.0
190.0
592.0
878.0
904.0
982.0
871.0
888.0
885.0
897.0
878.0
800.0
566.0
435.0
384.0
280.0
254.0
254.0
228.0
202.0
217.0
217.0
217.0
217.0
217.0
321.0
581.0
908.0
900.0
952.0
822.0
900.0
887.0
900.0
900.0
770.0
595.0
478.0
357.0
291.0
248.0
248.0
222.0
218.0
196.0
227.0
222.0
222.0
222.0
326.0
638.0
898.0
898.0
950.0
872.0
898.0
898.0
903.0
904.0
761.0
543.0
452.0
358.0
274.0
255.0
278.0
217.0
191.0
217.0
196.0
243.0
191.0
217.0
333.0
607.0
871.0
923.0
945.0
841.0
919.0
893.0
893.0
893.0
763.0
534.0
426.0
350.0
276.0
250.0
276.0
250.0
198.0
224.0
198.0
224.0
224.0
224.0
302.0
562.0
900.0
952.0
952.0
874.0
900.0
901.0
900.0
874.0
744.0
517.0
400.0
325.0
294.0
273.0
273.0
211.0
221.0
195.0
195.0
195.0
199.0
199.0
225.0
221.0
247.0
273.0
296.0
247.0
303.0
270.0
263.0
303.0
251.0
251.0
251.0
215.0
225.0
225.0
211.0
199.0
217.0
206.0
199.0
199.0
199.0
195.0
221.0
221.0
273.0
264.0
267.0
264.0
264.0
264.0
264.0
273.0
274.0
247.0
247.0
225.0
221.0
222.0
231.0
252.0
196.0
222.0
196.0
218.0
218.0
195.0
227.0
864.0
872.0
716.0
456.0
352.0
300.0
274.0
248.0
248.0
196.0
196.0
196.0
196.0
170.0
196.0
209.0
321.0
555.0
846.0
872.0
945.0
815.0
893.0
907.0
898.0
867.0
737.0
451.0
373.0
295.0
269.0
243.0
243.0
191.0
191.0
188.0
196.0
199.0
199.0
232.0
329.0
615.0
849.0
901.0
953.0
842.0
901.0
901.0
863.0
842.0
719.0
459.0
329.0
277.0
251.0
251.0
251.0
199.0
225.0
205.0
199.0
196.0
199.0
225.0
329.0
615.0
895.0
926.0
979.0
875.0
910.0
896.0
901.0
849.0
745.0
465.0
337.0
285.0
233.0
242.0
233.0
207.0
181.0
207.0
181.0
181.0
199.0
199.0
329.0
563.0
875.0
901.0
927.0
855.0
851.0
777.0
771.0
771.0
582.0
381.0
291.0
283.0
233.0
233.0
233.0
181.0
155.0
168.0
181.0
155.0
155.0
174.0
181.0
209.0
233.0
279.0
233.0
224.0
224.0
252.0
217.0
247.0
221.0
188.0
195.0
169.0
195.0
169.0
169.0
198.0
158.0
158.0
198.0
149.0
158.0
132.0
198.0
224.0
236.0
262.0
262.0
262.0
236.0
217.0
236.0
223.0
184.0
184.0
184.0
224.0
172.0
163.0
163.0
158.0
163.0
201.0
159.0
163.0
163.0
183.0
195.0
546.0
819.0
811.0
892.0
845.0
845.0
845.0
845.0
819.0
678.0
470.0
351.0
299.0
254.0
217.0
243.0
191.0
192.0
192.0
192.0
192.0
210.0
192.0
348.0
555.0
842.0
833.0
916.0
841.0
878.0
839.0
850.0
842.0
685.0
451.0
351.0
299.0
247.0
221.0
247.0
217.0
191.0
191.0
191.0
191.0
191.0
230.0
330.0
555.0
841.0
865.0
945.0
846.0
908.0
874.0
893.0
846.0
716.0
482.0
378.0
293.0
274.0
244.0
248.0
196.0
203.0
230.0
185.0
196.0
222.0
222.0
326.0
562.0
896.0
896.0
948.0
844.0
896.0
896.0
905.0
870.0
714.0
454.0
378.0
325.0
273.0
272.0
246.0
246.0
194.0
220.0
220.0
220.0
194.0
220.0
339.0
610.0
870.0
896.0
948.0
841.0
893.0
893.0
893.0
841.0
710.0
451.0
351.0
281.0
220.0
246.0
246.0
194.0
204.0
194.0
183.0
194.0
194.0
194.0
194.0
252.0
274.0
300.0
300.0
326.0
326.0
312.0
326.0
300.0
247.0
247.0
221.0
221.0
221.0
195.0
169.0
195.0
195.0
198.0
198.0
198.0
198.0
172.0
195.0
247.0
274.0
299.0
304.0
298.0
301.0
300.0
300.0
326.0
274.0
248.0
248.0
222.0
222.0
196.0
170.0
196.0
196.0
194.0
224.0
170.0
198.0
195.0
182.0
572.0
860.0
924.0
987.0
867.0
954.0
919.0
919.0
893.0
737.0
507.0
374.0
321.0
250.0
223.0
250.0
205.0
198.0
213.0
192.0
197.0
192.0
218.0
322.0
614.0
893.0
900.0
978.0
874.0
893.0
867.0
867.0
867.0
725.0
484.0
377.0
299.0
273.0
247.0
250.0
217.0
198.0
224.0
198.0
224.0
193.0
224.0
328.0
614.0
864.0
900.0
952.0
840.0
895.0
866.0
866.0
840.0
710.0
450.0
372.0
320.0
268.0
268.0
242.0
216.0
400.0
398.0
398.0
399.0
399.0
425.0
451.0
503.0
581.0
555.0
631.0
626.0
588.0
860.0
867.0
858.0
711.0
503.0
354.0
285.0
276.0
239.0
251.0
224.0
198.0
224.0
200.0
224.0
198.0
224.0
354.0
616.0
877.0
906.0
952.0
833.0
874.0
874.0
900.0
848.0
744.0
451.0
354.0
276.0
276.0
224.0
236.0
191.0
191.0
191.0
191.0
195.0
195.0
203.0
221.0
221.0
273.0
273.0
299.0
263.0
299.0
299.0
309.0
299.0
280.0
247.0
221.0
257.0
184.0
171.0
171.0
197.0
171.0
191.0
191.0
198.0
171.0
206.0
192.0
218.0
249.0
275.0
275.0
269.0
275.0
275.0
275.0
275.0
278.0
213.0
222.0
230.0
197.0
197.0
175.0
197.0
199.0
197.0
171.0
171.0
195.0
198.0
184.0
583.0
871.0
897.0
944.0
871.0
923.0
923.0
878.0
871.0
741.0
454.0
370.0
299.0
273.0
257.0
248.0
222.0
216.0
183.0
222.0
196.0
224.0
222.0
352.0
560.0
846.0
872.0
931.0
846.0
872.0
892.0
872.0
838.0
723.0
456.0
378.0
326.0
275.0
248.0
248.0
188.0
222.0
199.0
196.0
196.0
214.0
208.0
313.0
612.0
846.0
872.0
924.0
846.0
872.0
872.0
846.0
855.0
716.0
456.0
378.0
333.0
274.0
239.0
248.0
196.0
222.0
196.0
196.0
181.0
195.0
196.0
324.0
586.0
846.0
833.0
924.0
833.0
898.0
872.0
846.0
846.0
716.0
456.0
326.0
274.0
248.0
222.0
248.0
203.0
190.0
196.0
170.0
189.0
196.0
187.0
300.0
552.0
846.0
872.0
945.0
815.0
867.0
841.0
841.0
815.0
685.0
434.0
330.0
304.0
238.0
226.0
252.0
200.0
174.0
188.0
197.0
169.0
169.0
177.0
228.0
247.0
273.0
284.0
302.0
273.0
286.0
287.0
273.0
247.0
221.0
221.0
195.0
222.0
195.0
189.0
172.0
196.0
174.0
192.0
172.0
172.0
172.0
195.0
176.0
170.0
218.0
190.0
257.0
196.0
209.0
215.0
222.0
213.0
196.0
222.0
199.0
170.0
205.0
168.0
169.0
200.0
196.0
170.0
190.0
179.0
196.0
192.0
180.0
555.0
808.0
843.0
924.0
846.0
872.0
867.0
846.0
846.0
722.0
456.0
378.0
326.0
274.0
254.0
250.0
225.0
199.0
228.0
199.0
199.0
191.0
225.0
302.0
563.0
849.0
849.0
953.0
823.0
901.0
849.0
849.0
808.0
719.0
459.0
355.0
299.0
249.0
222.0
248.0
196.0
196.0
196.0
196.0
196.0
185.0
222.0
298.0
560.0
846.0
815.0
921.0
823.0
875.0
823.0
823.0
808.0
686.0
454.0
347.0
301.0
243.0
243.0
243.0
204.0
191.0
165.0
217.0
165.0
159.0
217.0
296.0
530.0
816.0
820.0
898.0
768.0
846.0
807.0
765.0
820.0
690.0
430.0
352.0
291.0
248.0
248.0
275.0
172.0
198.0
195.0
224.0
188.0
198.0
224.0
302.0
520.0
827.0
849.0
897.0
801.0
845.0
819.0
819.0
801.0
645.0
429.0
325.0
299.0
247.0
221.0
221.0
182.0
231.0
195.0
195.0
193.0
169.0
169.0
221.0
221.0
273.0
299.0
305.0
253.0
307.0
309.0
295.0
301.0
251.0
223.0
223.0
197.0
197.0
223.0
171.0
197.0
171.0
196.0
189.0
170.0
190.0
191.0
191.0
222.0
248.0
274.0
274.0
264.0
274.0
274.0
281.0
255.0
255.0
209.0
221.0
213.0
203.0
184.0
177.0
195.0
199.0
177.0
199.0
177.0
157.0
195.0
313.0
593.0
853.0
853.0
905.0
818.0
853.0
810.0
816.0
780.0
645.0
463.0
359.0
307.0
247.0
255.0
229.0
203.0
203.0
203.0
177.0
203.0
177.0
229.0
333.0
567.0
801.0
827.0
905.0
801.0
827.0
827.0
827.0
801.0
671.0
463.0
359.0
307.0
232.0
229.0
229.0
203.0
203.0
177.0
200.0
204.0
170.0
196.0
326.0
534.0
794.0
846.0
898.0
794.0
855.0
820.0
794.0
794.0
664.0
430.0
327.0
300.0
248.0
222.0
222.0
170.0
187.0
196.0
196.0
196.0
183.0
222.0
326.0
567.0
827.0
878.0
931.0
801.0
879.0
848.0
853.0
827.0
697.0
463.0
374.0
307.0
257.0
229.0
229.0
203.0
177.0
203.0
158.0
199.0
203.0
203.0
307.0
559.0
754.0
827.0
853.0
775.0
822.0
804.0
770.0
770.0
614.0
406.0
329.0
270.0
224.0
198.0
224.0
172.0
170.0
169.0
172.0
169.0
169.0
172.0
169.0
195.0
246.0
247.0
247.0
213.0
247.0
270.0
254.0
231.0
221.0
195.0
195.0
169.0
169.0
173.0
143.0
195.0
169.0
169.0
169.0
146.0
172.0
172.0
172.0
200.0
215.0
248.0
276.0
224.0
267.0
276.0
276.0
276.0
272.0
186.0
172.0
198.0
179.0
172.0
172.0
172.0
156.0
172.0
172.0
149.0
172.0
169.0
146.0
160.0
140.0
140.0
152.0
140.0
136.0
143.0
141.0
167.0
169.0
145.0
171.0
171.0
180.0
152.0
171.0
171.0
145.0
171.0
131.0
131.0
131.0
131.0
131.0
131.0
131.0
131.0
131.0
131.0
142.0
131.0
157.0
157.0
157.0
157.0
183.0
183.0
157.0
183.0
157.0
131.0
179.0
157.0
131.0
138.0
157.0
139.0
131.0
131.0
148.0
139.0
131.0
143.0
139.0
131.0
159.0
131.0
187.0
183.0
157.0
160.0
194.0
167.0
146.0
142.0
168.0
142.0
142.0
140.0
170.0
144.0
143.0
142.0
143.0
143.0
147.0
130.0
142.0
143.0
140.0
168.0
195.0
195.0
186.0
169.0
169.0
160.0
172.0
146.0
129.0
146.0
135.0
142.0
129.0
142.0
142.0
146.0
145.0
130.0
146.0
130.0
130.0
130.0
165.0
188.0
198.0
198.0
197.0
197.0
172.0
171.0
171.0
147.0
171.0
145.0
168.0
145.0
135.0
161.0
135.0
135.0
136.0
135.0
135.0
152.0
140.0
140.0
166.0
166.0
192.0
188.0
166.0
166.0
166.0
155.0
166.0
172.0
176.0
146.0
172.0
146.0
158.0
162.0
146.0
146.0
146.0
146.0
153.0
146.0
143.0
143.0
195.0
169.0
215.0
215.0
218.0
182.0
196.0
192.0
195.0
176.0
169.0
169.0
143.0
142.0
151.0
142.0
149.0
142.0
133.0
130.0
142.0
198.0
142.0
409.0
688.0
710.0
740.0
636.0
714.0
688.0
720.0
688.0
558.0
350.0
279.0
284.0
218.0
195.0
136.0
173.0
147.0
175.0
175.0
149.0
166.0
175.0
227.0
428.0
699.0
740.0
733.0
629.0
707.0
681.0
714.0
681.0
571.0
343.0
265.0
248.0
237.0
187.0
131.0
170.0
170.0
187.0
177.0
161.0
161.0
161.0
239.0
421.0
707.0
707.0
733.0
629.0
681.0
687.0
707.0
681.0
619.0
395.0
317.0
291.0
239.0
187.0
135.0
187.0
177.0
161.0
161.0
161.0
168.0
177.0
255.0
428.0
676.0
749.0
766.0
655.0
740.0
740.0
743.0
689.0
610.0
376.0
298.0
272.0
272.0
224.0
142.0
187.0
161.0
161.0
161.0
161.0
187.0
172.0
213.0
403.0
660.0
707.0
708.0
629.0
723.0
707.0
707.0
694.0
577.0
343.0
317.0
291.0
282.0
213.0
153.0
187.0
187.0
187.0
161.0
187.0
187.0
187.0
239.0
454.0
747.0
714.0
792.0
674.0
714.0
714.0
716.0
714.0
584.0
350.0
310.0
246.0
226.0
220.0
129.0
168.0
167.0
167.0
167.0
168.0
167.0
175.0
271.0
454.0
747.0
739.0
787.0
707.0
739.0
713.0
721.0
710.0
609.0
378.0
297.0
245.0
245.0
193.0
152.0
167.0
167.0
167.0
157.0
167.0
184.0
131.0
180.0
141.0
219.0
219.0
245.0
245.0
213.0
213.0
213.0
220.0
220.0
194.0
194.0
194.0
168.0
168.0
149.0
171.0
168.0
168.0
168.0
168.0
142.0
168.0
168.0
168.0
241.0
220.0
246.0
246.0
220.0
220.0
194.0
220.0
220.0
224.0
194.0
194.0
194.0
168.0
138.0
168.0
142.0
168.0
142.0
157.0
176.0
157.0
175.0
399.0
740.0
792.0
812.0
708.0
766.0
800.0
792.0
766.0
662.0
428.0
324.0
298.0
280.0
193.0
142.0
180.0
168.0
168.0
168.0
168.0
168.0
161.0
272.0
454.0
740.0
740.0
814.0
707.0
734.0
734.0
714.0
688.0
610.0
376.0
344.0
298.0
272.0
220.0
142.0
168.0
163.0
168.0
168.0
168.0
168.0
168.0
246.0
454.0
740.0
785.0
792.0
714.0
766.0
766.0
766.0
740.0
636.0
428.0
343.0
287.0
280.0
213.0
135.0
161.0
161.0
161.0
186.0
187.0
163.0
187.0
239.0
447.0
733.0
759.0
785.0
681.0
759.0
774.0
759.0
733.0
629.0
371.0
291.0
265.0
245.0
246.0
135.0
161.0
187.0
187.0
187.0
187.0
161.0
187.0
265.0
447.0
744.0
759.0
785.0
707.0
733.0
759.0
758.0
718.0
629.0
369.0
291.0
239.0
213.0
183.0
131.0
161.0
161.0
161.0
161.0
161.0
161.0
161.0
161.0
161.0
247.0
265.0
239.0
249.0
246.0
272.0
246.0
272.0
220.0
194.0
194.0
194.0
194.0
187.0
142.0
194.0
142.0
142.0
168.0
168.0
168.0
160.0
146.0
166.0
163.0
189.0
215.0
214.0
198.0
198.0
224.0
198.0
198.0
172.0
172.0
198.0
165.0
172.0
172.0
172.0
172.0
172.0
172.0
172.0
172.0
172.0
269.0
442.0
744.0
734.0
812.0
708.0
758.0
775.0
761.0
760.0
628.0
437.0
343.0
292.0
240.0
214.0
136.0
188.0
188.0
162.0
188.0
188.0
162.0
188.0
266.0
448.0
760.0
734.0
786.0
708.0
760.0
754.0
778.0
734.0
630.0
427.0
342.0
299.0
247.0
188.0
136.0
199.0
188.0
168.0
194.0
168.0
194.0
168.0
240.0
452.0
727.0
792.0
813.0
740.0
780.0
780.0
775.0
775.0
633.0
437.0
359.0
281.0
260.0
229.0
151.0
203.0
159.0
178.0
177.0
177.0
177.0
162.0
252.0
463.0
723.0
775.0
799.0
721.0
778.0
764.0
757.0
733.0
629.0
447.0
338.0
326.0
279.0
227.0
149.0
175.0
201.0
175.0
201.0
156.0
182.0
157.0
247.0
487.0
728.0
754.0
780.0
694.0
754.0
728.0
728.0
702.0
604.0
385.0
323.0
266.0
270.0
230.0
149.0
201.0
177.0
175.0
171.0
175.0
175.0
175.0
174.0
175.0
227.0
256.0
253.0
232.0
253.0
253.0
253.0
227.0
251.0
205.0
175.0
201.0
168.0
168.0
168.0
168.0
142.0
168.0
170.0
170.0
170.0
141.0
140.0
170.0
196.0
191.0
196.0
196.0
196.0
213.0
222.0
196.0
210.0
170.0
172.0
170.0
144.0
170.0
170.0
139.0
170.0
135.0
139.0
151.0
146.0
157.0
139.0
425.0
742.0
742.0
768.0
716.0
768.0
768.0
767.0
728.0
640.0
458.0
354.0
328.0
264.0
250.0
926.0
978.0
900.0
952.0
922.0
922.0
896.0
804.0
532.0
416.0
317.0
265.0
213.0
239.0
187.0
194.0
194.0
220.0
194.0
194.0
194.0
383.0
610.0
844.0
896.0
940.0
870.0
870.0
896.0
896.0
879.0
749.0
515.0
449.0
352.0
281.0
216.0
255.0
227.0
203.0
182.0
229.0
196.0
220.0
220.0
350.0
630.0
870.0
922.0
948.0
844.0
890.0
896.0
922.0
896.0
761.0
497.0
449.0
352.0
274.0
248.0
234.0
222.0
194.0
194.0
197.0
194.0
194.0
223.0
350.0
618.0
896.0
922.0
948.0
870.0
926.0
912.0
931.0
904.0
796.0
536.0
449.0
342.0
276.0
276.0
250.0
219.0
224.0
217.0
224.0
224.0
250.0
250.0
380.0
640.0
926.0
958.0
998.0
894.0
946.0
912.0
894.0
894.0
764.0
516.0
400.0
326.0
274.0
247.0
248.0
222.0
222.0
213.0
202.0
213.0
187.0
213.0
187.0
252.0
239.0
238.0
263.0
264.0
264.0
276.0
238.0
238.0
238.0
212.0
238.0
212.0
228.0
216.0
160.0
181.0
219.0
219.0
193.0
219.0
191.0
217.0
191.0
222.0
238.0
264.0
264.0
264.0
238.0
264.0
271.0
238.0
238.0
238.0
238.0
232.0
186.0
186.0
160.0
186.0
192.0
186.0
186.0
191.0
189.0
217.0
339.0
624.0
914.0
974.0
1000.0
960.0
941.0
949.0
948.0
948.0
792.0
558.0
463.0
350.0
298.0
246.0
238.0
220.0
246.0
194.0
246.0
220.0
194.0
220.0
376.0
636.0
922.0
948.0
967.0
890.0
916.0
916.0
906.0
890.0
734.0
526.0
422.0
370.0
292.0
274.0
248.0
230.0
248.0
196.0
222.0
196.0
196.0
222.0
342.0
612.0
842.0
898.0
959.0
846.0
898.0
896.0
896.0
870.0
766.0
506.0
402.0
357.0
298.0
267.0
241.0
215.0
216.0
189.0
215.0
189.0
163.0
217.0
371.0
579.0
891.0
917.0
943.0
865.0
891.0
865.0
891.0
865.0
735.0
449.0
371.0
345.0
293.0
237.0
239.0
215.0
189.0
163.0
189.0
215.0
183.0
189.0
371.0
683.0
852.0
889.0
941.0
863.0
889.0
889.0
900.0
843.0
707.0
447.0
343.0
291.0
213.0
239.0
239.0
189.0
187.0
213.0
187.0
190.0
213.0
187.0
161.0
187.0
190.0
206.0
202.0
222.0
198.0
204.0
213.0
200.0
221.0
221.0
221.0
195.0
209.0
221.0
172.0
195.0
219.0
195.0
195.0
195.0
195.0
190.0
189.0
195.0
219.0
254.0
247.0
247.0
247.0
258.0
221.0
219.0
183.0
219.0
221.0
195.0
195.0
195.0
169.0
219.0
195.0
195.0
198.0
195.0
181.0
189.0
176.0
218.0
193.0
236.0
245.0
219.0
219.0
245.0
245.0
219.0
219.0
219.0
219.0
219.0
193.0
219.0
167.0
213.0
193.0
197.0
167.0
193.0
193.0
193.0
198.0
661.0
952.0
978.0
1056.0
952.0
952.0
952.0
957.0
926.0
813.0
553.0
432.0
345.0
284.0
277.0
241.0
215.0
215.0
188.0
215.0
189.0
194.0
193.0
375.0
684.0
952.0
952.0
1004.0
919.0
945.0
914.0
920.0
920.0
790.0
544.0
426.0
374.0
296.0
247.0
244.0
218.0
192.0
218.0
192.0
218.0
206.0
255.0
385.0
697.0
931.0
968.0
1041.0
931.0
983.0
957.0
935.0
905.0
801.0
541.0
437.0
368.0
263.0
264.0
238.0
212.0
216.0
238.0
212.0
212.0
191.0
212.0
368.0
692.0
920.0
952.0
994.0
894.0
926.0
926.0
900.0
900.0
737.0
510.0
397.0
328.0
241.0
220.0
246.0
168.0
194.0
168.0
168.0
168.0
168.0
168.0
168.0
220.0
272.0
245.0
245.0
228.0
259.0
239.0
270.0
239.0
245.0
213.0
215.0
213.0
187.0
232.0
161.0
187.0
195.0
191.0
161.0
161.0
187.0
161.0
187.0
202.0
239.0
265.0
265.0
275.0
238.0
238.0
264.0
284.0
238.0
212.0
202.0
212.0
186.0
197.0
160.0
186.0
160.0
189.0
186.0
160.0
161.0
191.0
323.0
666.0
919.0
912.0
1000.0
884.0
948.0
922.0
948.0
896.0
766.0
506.0
453.0
375.0
291.0
271.0
279.0
211.0
220.0
245.0
220.0
193.0
219.0
219.0
375.0
661.0
921.0
973.0
1051.0
947.0
973.0
947.0
947.0
921.0
791.0
531.0
442.0
375.0
323.0
271.0
271.0
211.0
212.0
212.0
212.0
217.0
223.0
223.0
379.0
613.0
926.0
926.0
998.0
926.0
952.0
926.0
928.0
897.0
770.0
510.0
432.0
380.0
301.0
275.0
275.0
223.0
231.0
221.0
221.0
195.0
195.0
247.0
377.0
635.0
915.0
944.0
975.0
923.0
923.0
897.0
897.0
871.0
739.0
505.0
427.0
377.0
292.0
273.0
247.0
219.0
219.0
222.0
248.0
222.0
222.0
248.0
378.0
664.0
924.0
950.0
1002.0
924.0
943.0
948.0
922.0
926.0
770.0
525.0
412.0
352.0
300.0
274.0
250.0
224.0
225.0
196.0
196.0
196.0
196.0
188.0
222.0
222.0
300.0
300.0
326.0
300.0
293.0
293.0
319.0
294.0
267.0
241.0
210.0
241.0
222.0
248.0
170.0
198.0
215.0
212.0
217.0
189.0
204.0
202.0
222.0
256.0
282.0
299.0
358.0
299.0
299.0
271.0
297.0
271.0
273.0
247.0
247.0
247.0
219.0
219.0
167.0
219.0
193.0
219.0
193.0
193.0
193.0
191.0
209.0
609.0
843.0
921.0
929.0
843.0
895.0
895.0
869.0
859.0
741.0
489.0
385.0
361.0
267.0
282.0
241.0
215.0
189.0
215.0
196.0
189.0
215.0
215.0
347.0
605.0
839.0
865.0
891.0
837.0
839.0
839.0
839.0
836.0
707.0
475.0
369.0
319.0
267.0
274.0
241.0
215.0
215.0
215.0
215.0
202.0
215.0
241.0
371.0
631.0
813.0
839.0
917.0
875.0
839.0
865.0
839.0
813.0
709.0
475.0
371.0
319.0
267.0
267.0
241.0
248.0
230.0
222.0
222.0
222.0
248.0
222.0
378.0
625.0
846.0
872.0
926.0
874.0
900.0
848.0
848.0
848.0
718.0
510.0
380.0
328.0
328.0
250.0
240.0
250.0
254.0
224.0
203.0
224.0
224.0
224.0
354.0
656.0
898.0
874.0
952.0
874.0
895.0
843.0
882.0
843.0
713.0
505.0
375.0
316.0
264.0
238.0
238.0
212.0
221.0
212.0
212.0
186.0
212.0
203.0
186.0
186.0
223.0
217.0
223.0
223.0
223.0
209.0
222.0
208.0
223.0
223.0
223.0
186.0
249.0
227.0
171.0
197.0
222.0
223.0
228.0
197.0
197.0
201.0
202.0
202.0
219.0
241.0
280.0
241.0
241.0
219.0
241.0
241.0
215.0
246.0
215.0
241.0
218.0
219.0
178.0
219.0
189.0
189.0
189.0
218.0
192.0
222.0
191.0
663.0
920.0
998.0
1050.0
939.0
1006.0
952.0
952.0
926.0
796.0
536.0
432.0
368.0
336.0
279.0
251.0
211.0
239.0
240.0
213.0
222.0
222.0
248.0
378.0
690.0
950.0
976.0
1054.0
950.0
976.0
938.0
950.0
917.0
761.0
501.0
402.0
345.0
293.0
233.0
241.0
215.0
215.0
210.0
215.0
241.0
189.0
216.0
345.0
657.0
917.0
943.0
1021.0
943.0
917.0
917.0
917.0
898.0
787.0
553.0
423.0
371.0
293.0
279.0
248.0
222.0
218.0
222.0
222.0
248.0
248.0
222.0
352.0
638.0
924.0
955.0
1002.0
950.0
950.0
950.0
937.0
926.0
796.0
536.0
406.0
366.0
302.0
255.0
250.0
250.0
216.0
224.0
224.0
250.0
224.0
224.0
337.0
614.0
937.0
952.0
1007.0
922.0
955.0
929.0
905.0
903.0
803.0
536.0
346.0
270.0
253.0
223.0
267.0
227.0
201.0
227.0
227.0
258.0
198.0
227.0
197.0
206.0
233.0
249.0
249.0
258.0
275.0
261.0
261.0
249.0
240.0
275.0
223.0
249.0
223.0
248.0
171.0
197.0
225.0
223.0
223.0
202.0
228.0
202.0
215.0
228.0
232.0
223.0
228.0
275.0
309.0
249.0
249.0
249.0
247.0
249.0
249.0
223.0
223.0
223.0
165.0
212.0
223.0
275.0
218.0
249.0
197.0
171.0
197.0
171.0
168.0
179.0
168.0
200.0
278.0
504.0
759.0
764.0
816.0
712.0
764.0
755.0
764.0
738.0
634.0
426.0
341.0
268.0
244.0
218.0
195.0
195.0
192.0
166.0
192.0
166.0
192.0
192.0
296.0
530.0
764.0
768.0
816.0
713.0
791.0
790.0
765.0
727.0
635.0
423.0
301.0
275.0
223.0
220.0
184.0
171.0
171.0
171.0
170.0
176.0
167.0
170.0
170.0
160.0
187.0
184.0
190.0
190.0
219.0
219.0
188.0
222.0
196.0
196.0
196.0
197.0
171.0
171.0
170.0
171.0
198.0
166.0
144.0
170.0
170.0
170.0
170.0
170.0
193.0
219.0
202.0
229.0
222.0
223.0
210.0
222.0
228.0
196.0
196.0
196.0
170.0
196.0
173.0
150.0
197.0
170.0
170.0
170.0
144.0
186.0
271.0
509.0
768.0
768.0
820.0
716.0
796.0
768.0
768.0
768.0
638.0
430.0
341.0
300.0
251.0
222.0
197.0
173.0
171.0
167.0
167.0
167.0
167.0
204.0
245.0
505.0
745.0
739.0
791.0
716.0
741.0
766.0
746.0
714.0
648.0
454.0
350.0
272.0
250.0
232.0
194.0
168.0
194.0
168.0
168.0
182.0
168.0
194.0
267.0
489.0
740.0
727.0
791.0
713.0
766.0
739.0
765.0
739.0
609.0
431.0
353.0
275.0
249.0
197.0
197.0
171.0
197.0
165.0
171.0
197.0
160.0
197.0
275.0
415.0
625.0
748.0
812.0
691.0
769.0
769.0
795.0
769.0
650.0
464.0
353.0
327.0
249.0
223.0
202.0
180.0
197.0
197.0
171.0
197.0
166.0
185.0
270.0
530.0
736.0
790.0
816.0
738.0
774.0
774.0
800.0
748.0
628.0
420.0
316.0
264.0
212.0
186.0
186.0
160.0
184.0
160.0
170.0
160.0
160.0
160.0
160.0
186.0
264.0
264.0
269.0
264.0
267.0
267.0
264.0
264.0
246.0
220.0
220.0
194.0
194.0
194.0
168.0
168.0
194.0
166.0
192.0
166.0
166.0
166.0
166.0
187.0
244.0
244.0
244.0
221.0
270.0
270.0
270.0
270.0
218.0
188.0
218.0
192.0
191.0
166.0
166.0
166.0
166.0
198.0
166.0
166.0
170.0
192.0
271.0
487.0
757.0
785.0
837.0
759.0
811.0
785.0
757.0
785.0
655.0
446.0
366.0
300.0
248.0
222.0
196.0
170.0
196.0
202.0
196.0
196.0
196.0
196.0
300.0
508.0
768.0
768.0
828.0
728.0
782.0
768.0
768.0
742.0
638.0
421.0
352.0
300.0
248.0
222.0
196.0
170.0
199.0
170.0
197.0
200.0
197.0
206.0
306.0
540.0
774.0
800.0
847.0
748.0
800.0
798.0
800.0
787.0
644.0
462.0
306.0
280.0
254.0
228.0
193.0
176.0
176.0
176.0
206.0
171.0
176.0
202.0
280.0
540.0
773.0
791.0
843.0
739.0
808.0
817.0
817.0
791.0
687.0
453.0
349.0
323.0
271.0
219.0
193.0
167.0
193.0
195.0
193.0
193.0
165.0
193.0
297.0
531.0
819.0
821.0
847.0
743.0
821.0
795.0
795.0
769.0
640.0
457.0
327.0
275.0
275.0
223.0
197.0
171.0
182.0
171.0
197.0
171.0
170.0
170.0
165.0
194.0
222.0
248.0
274.0
228.0
274.0
248.0
248.0
263.0
219.0
219.0
204.0
193.0
193.0
167.0
167.0
167.0
160.0
171.0
197.0
171.0
197.0
145.0
163.0
171.0
197.0
197.0
197.0
223.0
223.0
210.0
202.0
223.0
197.0
197.0
223.0
197.0
197.0
171.0
171.0
171.0
197.0
172.0
171.0
171.0
147.0
199.0
167.0
511.0
770.0
796.0
874.0
770.0
796.0
822.0
796.0
771.0
641.0
459.0
367.0
303.0
277.0
225.0
199.0
173.0
199.0
199.0
199.0
173.0
164.0
199.0
292.0
537.0
797.0
771.0
853.0
771.0
797.0
797.0
797.0
771.0
667.0
458.0
377.0
303.0
273.0
225.0
202.0
173.0
185.0
202.0
169.0
199.0
199.0
196.0
303.0
537.0
797.0
797.0
849.0
745.0
797.0
797.0
797.0
797.0
656.0
459.0
329.0
303.0
251.0
210.0
221.0
169.0
195.0
194.0
195.0
195.0
191.0
217.0
304.0
529.0
763.0
829.0
841.0
731.0
815.0
818.0
797.0
789.0
698.0
451.0
346.0
274.0
248.0
222.0
248.0
170.0
196.0
179.0
196.0
196.0
165.0
191.0
295.0
529.0
763.0
795.0
872.0
737.0
815.0
803.0
789.0
765.0
640.0
401.0
297.0
245.0
219.0
219.0
245.0
167.0
193.0
167.0
167.0
193.0
167.0
166.0
166.0
193.0
297.0
293.0
276.0
244.0
296.0
277.0
264.0
264.0
238.0
189.0
182.0
186.0
160.0
169.0
157.0
170.0
160.0
160.0
160.0
162.0
160.0
159.0
160.0
186.0
264.0
264.0
264.0
264.0
264.0
238.0
238.0
254.0
228.0
202.0
202.0
202.0
176.0
176.0
176.0
176.0
202.0
176.0
176.0
176.0
176.0
202.0
167.0
488.0
826.0
826.0
904.0
774.0
821.0
837.0
787.0
795.0
665.0
457.0
351.0
301.0
275.0
223.0
249.0
195.0
405.0
405.0
405.0
405.0
431.0
431.0
457.0
509.0
561.0
561.0
587.0
580.0
547.0
536.0
529.0
797.0
667.0
433.0
407.0
303.0
260.0
251.0
249.0
221.0
199.0
199.0
199.0
204.0
187.0
192.0
296.0
502.0
764.0
790.0
842.0
762.0
816.0
802.0
790.0
738.0
556.0
374.0
295.0
252.0
186.0
186.0
238.0
140.0
166.0
166.0
140.0
140.0
160.0
140.0
164.0
164.0
164.0
164.0
220.0
190.0
164.0
164.0
164.0
155.0
138.0
131.0
164.0
138.0
138.0
164.0
138.0
138.0
164.0
138.0
167.0
167.0
141.0
141.0
167.0
167.0
167.0
167.0
245.0
219.0
193.0
193.0
193.0
170.0
164.0
164.0
164.0
164.0
164.0
173.0
173.0
138.0
176.0
158.0
150.0
176.0
147.0
141.0
147.0
176.0
190.0
190.0
190.0
190.0
188.0
190.0
190.0
192.0
164.0
168.0
164.0
164.0
172.0
138.0
166.0
173.0
130.0
148.0
166.0
166.0
166.0
192.0
150.0
511.0
790.0
764.0
764.0
712.0
764.0
764.0
762.0
736.0
627.0
433.0
331.0
271.0
226.0
197.0
149.0
197.0
197.0
171.0
171.0
162.0
171.0
190.0
290.0
524.0
812.0
841.0
837.0
797.0
841.0
815.0
823.0
797.0
685.0
450.0
346.0
294.0
242.0
216.0
242.0
190.0
196.0
190.0
202.0
195.0
164.0
217.0
262.0
529.0
815.0
840.0
892.0
789.0
840.0
815.0
817.0
790.0
686.0
475.0
374.0
348.0
237.0
216.0
242.0
186.0
197.0
192.0
192.0
192.0
172.0
192.0
296.0
530.0
816.0
843.0
892.0
817.0
869.0
843.0
841.0
789.0
685.0
451.0
321.0
291.0
243.0
225.0
251.0
199.0
199.0
199.0
204.0
181.0
165.0
199.0
295.0
529.0
823.0
824.0
873.0
795.0
821.0
821.0
818.0
795.0
691.0
457.0
345.0
304.0
275.0
257.0
251.0
197.0
199.0
199.0
173.0
191.0
159.0
214.0
269.0
529.0
807.0
841.0
893.0
815.0
881.0
841.0
841.0
815.0
714.0
477.0
376.0
269.0
217.0
220.0
245.0
167.0
166.0
161.0
165.0
165.0
177.0
165.0
165.0
191.0
216.0
217.0
193.0
202.0
217.0
217.0
224.0
243.0
217.0
188.0
193.0
167.0
193.0
167.0
167.0
167.0
167.0
165.0
173.0
173.0
170.0
173.0
173.0
199.0
199.0
225.0
215.0
225.0
225.0
225.0
225.0
218.0
218.0
192.0
200.0
192.0
218.0
192.0
166.0
202.0
166.0
192.0
166.0
202.0
166.0
202.0
297.0
498.0
823.0
867.0
919.0
815.0
867.0
841.0
834.0
815.0
711.0
451.0
367.0
295.0
243.0
223.0
243.0
197.0
249.0
249.0
243.0
254.0
243.0
243.0
359.0
503.0
789.0
841.0
867.0
789.0
789.0
763.0
763.0
737.0
659.0
451.0
393.0
347.0
295.0
269.0
273.0
269.0
275.0
301.0
275.0
260.0
286.0
286.0
374.0
506.0
712.0
764.0
842.0
228.0
202.0
228.0
228.0
228.0
218.0
220.0
270.0
291.0
254.0
244.0
244.0
234.0
234.0
258.0
211.0
214.0
217.0
156.0
215.0
208.0
215.0
182.0
214.0
215.0
215.0
319.0
624.0
954.0
962.0
1049.0
936.0
988.0
1014.0
962.0
962.0
806.0
577.0
416.0
362.0
302.0
275.0
275.0
249.0
248.0
214.0
208.0
208.0
222.0
222.0
364.0
598.0
936.0
988.0
1014.0
962.0
988.0
962.0
936.0
965.0
852.0
546.0
416.0
348.0
296.0
244.0
270.0
243.0
217.0
243.0
217.0
210.0
217.0
225.0
340.0
644.0
919.0
945.0
1023.0
955.0
970.0
945.0
945.0
930.0
789.0
529.0
425.0
347.0
321.0
243.0
269.0
243.0
222.0
221.0
222.0
222.0
217.0
218.0
347.0
633.0
919.0
971.0
1054.0
945.0
971.0
971.0
945.0
924.0
846.0
532.0
430.0
346.0
310.0
268.0
268.0
267.0
216.0
236.0
242.0
216.0
210.0
228.0
372.0
598.0
918.0
944.0
1022.0
944.0
970.0
970.0
940.0
910.0
806.0
531.0
372.0
354.0
268.0
234.0
268.0
219.0
193.0
219.0
219.0
222.0
193.0
219.0
219.0
245.0
248.0
271.0
271.0
271.0
271.0
282.0
271.0
270.0
263.0
244.0
245.0
219.0
225.0
252.0
167.0
219.0
214.0
219.0
219.0
200.0
189.0
199.0
200.0
200.0
226.0
227.0
278.0
252.0
258.0
278.0
278.0
279.0
244.0
238.0
226.0
226.0
226.0
200.0
174.0
174.0
184.0
226.0
164.0
164.0
190.0
189.0
189.0
632.0
840.0
904.0
996.0
944.0
949.0
996.0
945.0
962.0
832.0
572.0
443.0
364.0
294.0
278.0
268.0
214.0
190.0
234.0
208.0
208.0
187.0
218.0
338.0
624.0
910.0
941.0
1062.0
936.0
968.0
1002.0
976.0
950.0
846.0
583.0
456.0
378.0
326.0
274.0
274.0
248.0
248.0
241.0
235.0
222.0
222.0
255.0
368.0
638.0
950.0
950.0
1054.0
950.0
963.0
976.0
959.0
950.0
829.0
612.0
404.0
378.0
362.0
248.0
283.0
248.0
248.0
248.0
225.0
242.0
234.0
208.0
364.0
624.0
936.0
965.0
1040.0
936.0
962.0
936.0
936.0
936.0
806.0
599.0
468.0
374.0
322.0
266.0
270.0
244.0
244.0
232.0
244.0
218.0
209.0
244.0
374.0
686.0
945.0
971.0
1062.0
945.0
997.0
971.0
945.0
945.0
789.0
581.0
425.0
347.0
295.0
269.0
269.0
219.0
200.0
201.0
219.0
219.0
193.0
193.0
193.0
226.0
252.0
251.0
278.0
278.0
278.0
277.0
252.0
278.0
244.0
222.0
218.0
244.0
192.0
218.0
166.0
192.0
192.0
218.0
186.0
218.0
192.0
195.0
209.0
208.0
209.0
238.0
262.0
260.0
244.0
270.0
270.0
270.0
266.0
244.0
211.0
244.0
218.0
192.0
167.0
193.0
219.0
204.0
187.0
219.0
219.0
211.0
189.0
661.0
921.0
999.0
1022.0
944.0
1008.0
970.0
994.0
944.0
814.0
528.0
424.0
346.0
294.0
271.0
245.0
218.0
244.0
218.0
244.0
218.0
246.0
218.0
385.0
634.0
920.0
998.0
1050.0
971.0
997.0
971.0
945.0
945.0
841.0
572.0
425.0
347.0
297.0
269.0
248.0
245.0
217.0
217.0
217.0
217.0
217.0
209.0
373.0
633.0
957.0
997.0
1049.0
945.0
1003.0
1003.0
977.0
977.0
847.0
595.0
431.0
379.0
316.0
275.0
249.0
218.0
244.0
218.0
252.0
218.0
218.0
244.0
374.0
686.0
946.0
970.0
1050.0
946.0
997.0
972.0
949.0
928.0
842.0
530.0
420.0
374.0
322.0
277.0
234.0
213.0
218.0
218.0
218.0
218.0
192.0
218.0
381.0
686.0
920.0
972.0
1053.0
946.0
979.0
972.0
946.0
920.0
816.0
530.0
431.0
353.0
277.0
249.0
249.0
223.0
188.0
197.0
211.0
223.0
197.0
223.0
223.0
223.0
223.0
275.0
249.0
275.0
249.0
275.0
266.0
236.0
216.0
242.0
224.0
253.0
201.0
227.0
175.0
201.0
201.0
201.0
185.0
200.0
221.0
197.0
197.0
220.0
227.0
253.0
273.0
280.0
253.0
279.0
253.0
279.0
227.0
274.0
253.0
257.0
201.0
227.0
175.0
190.0
215.0
190.0
190.0
190.0
193.0
202.0
193.0
635.0
947.0
999.0
1025.0
949.0
999.0
973.0
999.0
973.0
843.0
576.0
453.0
347.0
297.0
245.0
245.0
219.0
227.0
219.0
246.0
219.0
208.0
234.0
338.0
624.0
955.0
988.0
1046.0
936.0
990.0
960.0
962.0
936.0
832.0
572.0
428.0
346.0
297.0
265.0
242.0
207.0
218.0
218.0
244.0
242.0
216.0
216.0
372.0
632.0
918.0
944.0
1061.0
918.0
970.0
944.0
937.0
893.0
840.0
556.0
438.0
348.0
296.0
243.0
244.0
218.0
192.0
208.0
213.0
218.0
225.0
225.0
381.0
634.0
920.0
946.0
1057.0
953.0
936.0
936.0
910.0
884.0
780.0
520.0
364.0
356.0
304.0
247.0
247.0
221.0
213.0
182.0
208.0
182.0
221.0
195.0
377.0
611.0
897.0
923.0
1027.0
949.0
949.0
920.0
923.0
893.0
767.0
529.0
377.0
325.0
247.0
245.0
247.0
193.0
193.0
193.0
193.0
193.0
193.0
188.0
219.0
221.0
238.0
273.0
273.0
247.0
299.0
273.0
247.0
247.0
247.0
247.0
229.0
221.0
221.0
199.0
159.0
221.0
195.0
195.0
195.0
195.0
195.0
195.0
195.0
195.0
221.0
221.0
247.0
272.0
246.0
246.0
246.0
272.0
249.0
220.0
246.0
220.0
220.0
220.0
168.0
194.0
196.0
206.0
204.0
194.0
194.0
195.0
205.0
635.0
911.0
921.0
1051.0
947.0
947.0
999.0
979.0
953.0
823.0
537.0
452.0
345.0
303.0
251.0
251.0
248.0
185.0
244.0
192.0
218.0
192.0
218.0
348.0
641.0
927.0
953.0
1051.0
939.0
947.0
973.0
947.0
947.0
806.0
557.0
453.0
349.0
297.0
245.0
245.0
245.0
219.0
245.0
219.0
221.0
219.0
232.0
349.0
639.0
920.0
999.0
1051.0
958.0
973.0
947.0
937.0
921.0
817.0
554.0
424.0
366.0
299.0
247.0
247.0
233.0
216.0
216.0
216.0
216.0
225.0
216.0
372.0
684.0
944.0
970.0
1048.0
952.0
944.0
944.0
944.0
918.0
814.0
521.0
401.0
349.0
297.0
234.0
245.0
245.0
244.0
193.0
193.0
224.0
193.0
219.0
375.0
635.0
940.0
947.0
1025.0
921.0
973.0
947.0
947.0
895.0
791.0
479.0
360.0
351.0
273.0
221.0
248.0
190.0
214.0
205.0
190.0
179.0
188.0
190.0
216.0
204.0
272.0
297.0
297.0
297.0
310.0
297.0
297.0
297.0
283.0
245.0
219.0
222.0
219.0
193.0
167.0
193.0
193.0
193.0
193.0
163.0
200.0
185.0
163.0
200.0
220.0
219.0
249.0
259.0
237.0
242.0
242.0
216.0
242.0
216.0
216.0
245.0
216.0
223.0
164.0
190.0
190.0
190.0
190.0
216.0
190.0
186.0
197.0
580.0
892.0
918.0
996.0
939.0
944.0
944.0
918.0
900.0
802.0
568.0
464.0
329.0
282.0
256.0
256.0
256.0
212.0
204.0
217.0
217.0
197.0
217.0
347.0
607.0
919.0
945.0
1000.0
913.0
971.0
971.0
945.0
948.0
844.0
533.0
441.0
350.0
298.0
246.0
246.0
230.0
220.0
222.0
220.0
219.0
219.0
237.0
375.0
609.0
947.0
999.0
1051.0
947.0
999.0
973.0
947.0
947.0
791.0
531.0
427.0
349.0
297.0
277.0
240.0
238.0
219.0
230.0
219.0
219.0
245.0
219.0
378.0
638.0
924.0
950.0
1054.0
950.0
950.0
953.0
952.0
924.0
817.0
534.0
430.0
365.0
326.0
245.0
245.0
245.0
214.0
219.0
209.0
219.0
245.0
245.0
375.0
634.0
946.0
972.0
1024.0
946.0
946.0
946.0
943.0
920.0
816.0
530.0
427.0
344.0
323.0
247.0
247.0
219.0
245.0
193.0
219.0
217.0
193.0
219.0
245.0
219.0
271.0
297.0
271.0
245.0
287.0
271.0
297.0
287.0
245.0
238.0
249.0
245.0
895.0
881.0
869.0
799.0
529.0
435.0
383.0
299.0
273.0
273.0
253.0
227.0
227.0
227.0
223.0
223.0
223.0
353.0
613.0
847.0
873.0
951.0
836.0
900.0
894.0
894.0
894.0
764.0
556.0
452.0
374.0
299.0
247.0
282.0
223.0
207.0
218.0
218.0
192.0
192.0
218.0
348.0
582.0
895.0
895.0
941.0
851.0
895.0
900.0
895.0
869.0
765.0
531.0
401.0
323.0
245.0
219.0
271.0
185.0
214.0
219.0
193.0
191.0
195.0
195.0
165.0
221.0
247.0
273.0
237.0
247.0
273.0
273.0
269.0
299.0
299.0
268.0
247.0
216.0
216.0
221.0
219.0
221.0
221.0
216.0
197.0
190.0
190.0
190.0
197.0
223.0
271.0
271.0
271.0
297.0
297.0
323.0
323.0
297.0
292.0
245.0
223.0
219.0
193.0
193.0
219.0
219.0
177.0
185.0
162.0
202.0
197.0
191.0
200.0
546.0
836.0
898.0
924.0
846.0
898.0
924.0
898.0
872.0
769.0
560.0
455.0
352.0
325.0
247.0
247.0
222.0
222.0
222.0
222.0
222.0
222.0
232.0
320.0
560.0
898.0
899.0
950.0
820.0
892.0
892.0
866.0
897.0
762.0
528.0
450.0
351.0
273.0
242.0
242.0
216.0
190.0
216.0
222.0
219.0
221.0
222.0
359.0
560.0
846.0
898.0
920.0
820.0
870.0
898.0
872.0
872.0
766.0
560.0
460.0
378.0
274.0
248.0
248.0
222.0
248.0
222.0
222.0
222.0
222.0
222.0
373.0
583.0
869.0
895.0
947.0
843.0
921.0
906.0
895.0
887.0
791.0
531.0
424.0
375.0
272.0
277.0
242.0
216.0
242.0
242.0
242.0
216.0
206.0
217.0
346.0
554.0
892.0
900.0
944.0
840.0
892.0
892.0
899.0
847.0
743.0
540.0
405.0
351.0
273.0
249.0
236.0
219.0
219.0
219.0
219.0
219.0
193.0
193.0
245.0
271.0
297.0
297.0
338.0
299.0
323.0
325.0
328.0
273.0
273.0
218.0
241.0
247.0
221.0
195.0
221.0
221.0
195.0
195.0
195.0
214.0
197.0
195.0
221.0
195.0
221.0
220.0
247.0
221.0
247.0
247.0
247.0
221.0
247.0
221.0
247.0
221.0
221.0
188.0
219.0
219.0
207.0
220.0
220.0
193.0
210.0
202.0
193.0
580.0
869.0
895.0
943.0
864.0
895.0
901.0
921.0
895.0
765.0
550.0
420.0
349.0
297.0
231.0
238.0
217.0
212.0
186.0
212.0
186.0
212.0
212.0
322.0
608.0
868.0
928.0
946.0
842.0
894.0
907.0
894.0
894.0
764.0
504.0
426.0
344.0
278.0
271.0
234.0
245.0
219.0
219.0
193.0
232.0
167.0
219.0
323.0
531.0
869.0
882.0
895.0
821.0
873.0
873.0
847.0
873.0
769.0
469.0
414.0
353.0
299.0
221.0
249.0
223.0
223.0
215.0
183.0
209.0
209.0
183.0
339.0
547.0
859.0
866.0
944.0
807.0
885.0
859.0
893.0
833.0
742.0
498.0
443.0
374.0
285.0
247.0
247.0
219.0
219.0
193.0
193.0
193.0
193.0
219.0
323.0
557.0
895.0
895.0
921.0
817.0
869.0
817.0
772.0
791.0
628.0
455.0
375.0
330.0
281.0
258.0
252.0
226.0
226.0
204.0
231.0
226.0
200.0
226.0
224.0
226.0
304.0
304.0
330.0
330.0
330.0
330.0
330.0
313.0
304.0
252.0
226.0
247.0
247.0
195.0
221.0
195.0
221.0
197.0
195.0
195.0
195.0
223.0
217.0
197.0
222.0
248.0
241.0
248.0
248.0
248.0
248.0
248.0
248.0
274.0
248.0
222.0
248.0
222.0
222.0
222.0
196.0
221.0
196.0
222.0
196.0
189.0
181.0
573.0
872.0
898.0
963.0
872.0
898.0
898.0
898.0
868.0
794.0
560.0
431.0
374.0
274.0
248.0
248.0
216.0
200.0
226.0
226.0
226.0
226.0
208.0
330.0
590.0
898.0
898.0
954.0
820.0
898.0
898.0
898.0
898.0
770.0
581.0
482.0
352.0
300.0
240.0
240.0
214.0
214.0
188.0
209.0
209.0
224.0
209.0
318.0
625.0
885.0
885.0
937.0
859.0
885.0
885.0
885.0
885.0
775.0
526.0
448.0
344.0
260.0
240.0
269.0
214.0
196.0
222.0
187.0
248.0
183.0
222.0
326.0
612.0
872.0
924.0
950.0
846.0
924.0
898.0
898.0
898.0
768.0
530.0
416.0
349.0
274.0
248.0
274.0
235.0
196.0
222.0
196.0
228.0
222.0
217.0
300.0
550.0
898.0
944.0
944.0
866.0
898.0
898.0
892.0
868.0
738.0
504.0
400.0
330.0
307.0
259.0
278.0
226.0
226.0
200.0
200.0
200.0
200.0
200.0
226.0
226.0
252.0
282.0
304.0
252.0
304.0
278.0
276.0
293.0
247.0
247.0
247.0
230.0
215.0
221.0
221.0
206.0
210.0
195.0
195.0
195.0
190.0
190.0
216.0
229.0
264.0
273.0
273.0
274.0
274.0
274.0
269.0
274.0
266.0
248.0
238.0
222.0
222.0
222.0
222.0
248.0
196.0
222.0
196.0
222.0
222.0
190.0
232.0
583.0
924.0
898.0
950.0
872.0
898.0
924.0
898.0
898.0
794.0
573.0
456.0
377.0
309.0
274.0
274.0
248.0
223.0
223.0
184.0
190.0
216.0
164.0
372.0
580.0
866.0
918.0
944.0
866.0
918.0
892.0
892.0
898.0
768.0
534.0
456.0
352.0
300.0
274.0
274.0
248.0
248.0
248.0
222.0
222.0
248.0
248.0
376.0
605.0
872.0
898.0
924.0
831.0
898.0
872.0
846.0
874.0
770.0
612.0
510.0
364.0
328.0
328.0
276.0
250.0
276.0
250.0
224.0
216.0
242.0
238.0
372.0
580.0
840.0
866.0
892.0
814.0
842.0
828.0
866.0
840.0
770.0
614.0
510.0
375.0
325.0
299.0
273.0
245.0
253.0
276.0
276.0
250.0
250.0
250.0
380.0
588.0
851.0
835.0
898.0
820.0
846.0
822.0
848.0
822.0
752.0
510.0
419.0
354.0
323.0
276.0
250.0
198.0
224.0
198.0
198.0
195.0
195.0
195.0
227.0
234.0
299.0
316.0
351.0
325.0
351.0
351.0
351.0
351.0
313.0
273.0
247.0
221.0
226.0
226.0
228.0
200.0
226.0
200.0
200.0
200.0
185.0
181.0
208.0
250.0
237.0
263.0
289.0
289.0
289.0
289.0
263.0
289.0
263.0
237.0
237.0
222.0
226.0
185.0
211.0
218.0
218.0
271.0
276.0
276.0
302.0
276.0
349.0
310.0
796.0
848.0
869.0
796.0
837.0
848.0
822.0
843.0
796.0
640.0
565.0
347.0
334.0
328.0
328.0
271.0
224.0
250.0
276.0
250.0
250.0
250.0
328.0
614.0
900.0
926.0
952.0
900.0
952.0
952.0
952.0
900.0
796.0
588.0
474.0
376.0
354.0
298.0
276.0
250.0
224.0
224.0
216.0
212.0
214.0
224.0
380.0
614.0
926.0
926.0
952.0
900.0
952.0
926.0
926.0
900.0
774.0
562.0
396.0
354.0
308.0
244.0
276.0
245.0
224.0
230.0
224.0
224.0
198.0
224.0
380.0
614.0
874.0
900.0
952.0
848.0
868.0
898.0
859.0
846.0
768.0
508.0
404.0
358.0
275.0
278.0
252.0
252.0
224.0
224.0
224.0
224.0
224.0
250.0
354.0
634.0
848.0
900.0
926.0
874.0
900.0
899.0
874.0
858.0
744.0
484.0
366.0
328.0
278.0
222.0
250.0
198.0
224.0
224.0
186.0
200.0
195.0
195.0
195.0
221.0
221.0
221.0
221.0
250.0
224.0
250.0
224.0
224.0
248.0
222.0
248.0
222.0
222.0
196.0
214.0
222.0
196.0
196.0
196.0
194.0
197.0
197.0
211.0
171.0
221.0
250.0
271.0
250.0
250.0
250.0
276.0
250.0
276.0
276.0
276.0
250.0
250.0
250.0
229.0
185.0
224.0
209.0
224.0
198.0
211.0
198.0
199.0
640.0
926.0
971.0
1004.0
904.0
952.0
950.0
924.0
898.0
754.0
534.0
456.0
352.0
274.0
253.0
248.0
228.0
482.0
480.0
490.0
490.0
490.0
484.0
534.0
614.0
666.0
666.0
684.0
710.0
691.0
640.0
692.0
698.0
638.0
586.0
430.0
354.0
276.0
281.0
250.0
276.0
224.0
233.0
224.0
224.0
224.0
185.0
224.0
224.0
224.0
216.0
224.0
198.0
250.0
224.0
279.0
266.0
278.0
276.0
264.0
278.0
276.0
250.0
224.0
237.0
250.0
224.0
210.0
224.0
159.0
198.0
219.0
210.0
219.0
223.0
197.0
223.0
189.0
235.0
197.0
209.0
261.0
242.0
221.0
247.0
273.0
247.0
221.0
248.0
245.0
221.0
221.0
221.0
169.0
215.0
221.0
221.0
192.0
222.0
221.0
197.0
200.0
611.0
897.0
897.0
975.0
897.0
893.0
926.0
900.0
874.0
777.0
484.0
403.0
328.0
288.0
250.0
276.0
237.0
224.0
250.0
224.0
224.0
224.0
250.0
380.0
667.0
874.0
874.0
952.0
900.0
900.0
900.0
874.0
857.0
701.0
467.0
371.0
337.0
311.0
259.0
237.0
233.0
207.0
207.0
207.0
181.0
222.0
235.0
339.0
651.0
901.0
897.0
949.0
897.0
897.0
904.0
871.0
845.0
559.0
403.0
351.0
299.0
265.0
221.0
247.0
195.0
195.0
195.0
195.0
183.0
183.0
168.0
194.0
220.0
220.0
255.0
259.0
259.0
233.0
233.0
233.0
233.0
233.0
227.0
257.0
220.0
185.0
196.0
170.0
196.0
168.0
197.0
197.0
197.0
197.0
171.0
197.0
197.0
200.0
200.0
226.0
252.0
252.0
226.0
226.0
254.0
226.0
226.0
200.0
226.0
203.0
174.0
174.0
188.0
174.0
199.0
194.0
197.0
197.0
197.0
171.0
197.0
171.0
197.0
170.0
196.0
170.0
204.0
204.0
196.0
196.0
222.0
205.0
222.0
222.0
185.0
170.0
196.0
170.0
163.0
196.0
196.0
170.0
173.0
197.0
191.0
197.0
157.0
197.0
218.0
197.0
203.0
192.0
203.0
192.0
218.0
212.0
159.0
218.0
166.0
172.0
203.0
172.0
203.0
172.0
157.0
172.0
157.0
197.0
197.0
223.0
229.0
255.0
255.0
229.0
255.0
248.0
248.0
222.0
222.0
196.0
196.0
183.0
197.0
170.0
170.0
197.0
197.0
170.0
172.0
197.0
197.0
197.0
171.0
197.0
197.0
255.0
248.0
221.0
227.0
196.0
196.0
197.0
222.0
222.0
192.0
166.0
196.0
158.0
166.0
166.0
197.0
196.0
166.0
174.0
162.0
157.0
195.0
170.0
192.0
215.0
218.0
196.0
192.0
218.0
218.0
192.0
192.0
197.0
218.0
187.0
166.0
166.0
192.0
166.0
196.0
196.0
188.0
162.0
196.0
180.0
603.0
871.0
872.0
950.0
872.0
898.0
874.0
900.0
874.0
744.0
458.0
380.0
302.0
276.0
255.0
255.0
222.0
229.0
229.0
211.0
184.0
214.0
255.0
359.0
607.0
853.0
905.0
957.0
853.0
892.0
866.0
892.0
866.0
736.0
533.0
403.0
351.0
269.0
273.0
247.0
221.0
211.0
221.0
247.0
221.0
244.0
244.0
322.0
582.0
842.0
868.0
894.0
842.0
868.0
846.0
842.0
854.0
712.0
452.0
374.0
322.0
270.0
270.0
244.0
218.0
192.0
207.0
224.0
198.0
198.0
198.0
183.0
193.0
219.0
233.0
271.0
273.0
244.0
219.0
271.0
245.0
272.0
245.0
241.0
250.0
224.0
198.0
224.0
224.0
198.0
214.0
198.0
198.0
197.0
197.0
205.0
583.0
900.0
900.0
952.0
874.0
928.0
925.0
902.0
902.0
779.0
547.0
460.0
382.0
330.0
278.0
252.0
252.0
243.0
221.0
221.0
191.0
195.0
208.0
325.0
552.0
843.0
895.0
895.0
817.0
869.0
869.0
869.0
843.0
765.0
495.0
430.0
352.0
300.0
274.0
248.0
222.0
224.0
222.0
222.0
217.0
196.0
222.0
327.0
588.0
848.0
900.0
952.0
822.0
900.0
900.0
900.0
874.0
770.0
504.0
432.0
380.0
302.0
279.0
260.0
250.0
218.0
231.0
217.0
224.0
198.0
218.0
328.0
556.0
872.0
898.0
924.0
846.0
898.0
872.0
872.0
839.0
768.0
534.0
404.0
352.0
297.0
267.0
233.0
219.0
219.0
219.0
219.0
213.0
213.0
213.0
317.0
558.0
837.0
863.0
889.0
837.0
811.0
837.0
807.0
823.0
707.0
499.0
364.0
317.0
265.0
239.0
239.0
247.0
221.0
195.0
195.0
229.0
195.0
195.0
195.0
221.0
226.0
221.0
247.0
284.0
254.0
247.0
273.0
247.0
273.0
247.0
247.0
221.0
254.0
221.0
221.0
196.0
221.0
221.0
197.0
187.0
205.0
197.0
202.0
197.0
229.0
222.0
248.0
274.0
248.0
248.0
222.0
248.0
222.0
222.0
218.0
196.0
212.0
222.0
222.0
222.0
196.0
196.0
196.0
222.0
157.0
197.0
190.0
576.0
837.0
915.0
941.0
858.0
889.0
889.0
863.0
863.0
759.0
473.0
380.0
343.0
276.0
250.0
239.0
213.0
225.0
187.0
213.0
196.0
222.0
222.0
352.0
560.0
846.0
932.0
941.0
866.0
892.0
892.0
905.0
867.0
762.0
502.0
401.0
346.0
283.0
239.0
239.0
214.0
213.0
213.0
213.0
213.0
213.0
213.0
369.0
577.0
864.0
915.0
941.0
880.0
886.0
892.0
895.0
863.0
759.0
499.0
395.0
319.0
265.0
239.0
254.0
239.0
239.0
213.0
213.0
213.0
213.0
213.0
343.0
551.0
857.0
900.0
952.0
848.0
899.0
907.0
905.0
876.0
770.0
484.0
406.0
354.0
302.0
276.0
236.0
224.0
247.0
224.0
224.0
224.0
198.0
207.0
328.0
562.0
848.0
900.0
936.0
822.0
900.0
874.0
874.0
874.0
734.0
508.0
378.0
352.0
252.0
222.0
248.0
222.0
170.0
222.0
200.0
200.0
200.0
200.0
199.0
226.0
252.0
278.0
252.0
278.0
252.0
252.0
252.0
226.0
252.0
226.0
208.0
200.0
193.0
226.0
226.0
226.0
200.0
162.0
200.0
229.0
203.0
192.0
197.0
221.0
239.0
245.0
245.0
249.0
249.0
249.0
227.0
249.0
223.0
223.0
224.0
223.0
197.0
197.0
219.0
198.0
194.0
172.0
192.0
197.0
203.0
197.0
182.0
572.0
868.0
866.0
946.0
868.0
894.0
894.0
894.0
920.0
764.0
556.0
426.0
374.0
270.0
244.0
244.0
194.0
192.0
218.0
192.0
218.0
183.0
216.0
320.0
603.0
892.0
892.0
918.0
866.0
866.0
892.0
866.0
886.0
788.0
554.0
450.0
356.0
267.0
250.0
252.0
200.0
226.0
226.0
200.0
226.0
226.0
200.0
346.0
606.0
814.0
864.0
890.0
812.0
864.0
890.0
864.0
838.0
791.0
503.0
459.0
352.0
300.0
248.0
248.0
222.0
222.0
209.0
196.0
248.0
225.0
248.0
352.0
560.0
872.0
890.0
950.0
874.0
905.0
900.0
900.0
874.0
770.0
536.0
406.0
385.0
302.0
276.0
276.0
251.0
214.0
224.0
198.0
224.0
224.0
224.0
320.0
562.0
848.0
900.0
900.0
848.0
874.0
883.0
900.0
874.0
770.0
536.0
406.0
326.0
300.0
267.0
274.0
222.0
222.0
203.0
222.0
222.0
200.0
196.0
196.0
222.0
274.0
238.0
248.0
248.0
248.0
248.0
248.0
248.0
248.0
248.0
222.0
222.0
222.0
222.0
222.0
222.0
222.0
196.0
224.0
225.0
190.0
189.0
203.0
224.0
265.0
250.0
250.0
250.0
278.0
249.0
278.0
278.0
252.0
252.0
252.0
226.0
232.0
226.0
226.0
200.0
200.0
200.0
200.0
169.0
189.0
203.0
203.0
572.0
902.0
902.0
928.0
834.0
876.0
876.0
892.0
876.0
772.0
538.0
421.0
380.0
302.0
252.0
278.0
226.0
229.0
199.0
225.0
225.0
225.0
196.0
326.0
560.0
846.0
860.0
950.0
816.0
880.0
900.0
874.0
876.0
770.0
536.0
458.0
380.0
303.0
251.0
277.0
224.0
248.0
222.0
224.0
196.0
224.0
198.0
354.0
576.0
846.0
872.0
957.0
846.0
873.0
899.0
873.0
873.0
795.0
535.0
431.0
380.0
301.0
275.0
275.0
249.0
223.0
210.0
223.0
223.0
223.0
223.0
353.0
613.0
847.0
873.0
951.0
847.0
899.0
899.0
899.0
899.0
769.0
561.0
457.0
380.0
297.0
241.0
268.0
223.0
223.0
223.0
225.0
192.0
197.0
223.0
353.0
587.0
899.0
899.0
952.0
848.0
899.0
891.0
899.0
197.0
223.0
178.0
166.0
171.0
145.0
171.0
171.0
145.0
171.0
143.0
147.0
147.0
147.0
174.0
141.0
420.0
745.0
745.0
771.0
719.0
768.0
771.0
771.0
745.0
641.0
459.0
355.0
328.0
276.0
249.0
586.0
898.0
924.0
950.0
846.0
898.0
898.0
898.0
866.0
768.0
586.0
488.0
380.0
300.0
278.0
251.0
225.0
225.0
258.0
225.0
225.0
225.0
225.0
378.0
664.0
875.0
901.0
953.0
875.0
901.0
901.0
898.0
872.0
768.0
537.0
459.0
381.0
324.0
277.0
235.0
225.0
199.0
225.0
199.0
199.0
204.0
199.0
277.0
303.0
362.0
329.0
355.0
327.0
329.0
329.0
341.0
329.0
305.0
277.0
277.0
251.0
251.0
225.0
171.0
199.0
225.0
225.0
187.0
187.0
181.0
221.0
189.0
199.0
251.0
225.0
251.0
277.0
243.0
225.0
249.0
249.0
223.0
249.0
249.0
249.0
223.0
223.0
171.0
197.0
219.0
197.0
209.0
197.0
190.0
215.0
359.0
641.0
899.0
925.0
1036.0
898.0
950.0
950.0
924.0
924.0
794.0
534.0
419.0
380.0
326.0
275.0
247.0
224.0
223.0
223.0
247.0
232.0
219.0
219.0
380.0
640.0
926.0
976.0
1056.0
918.0
947.0
944.0
914.0
918.0
788.0
531.0
453.0
403.0
323.0
245.0
245.0
224.0
219.0
219.0
226.0
220.0
223.0
223.0
379.0
651.0
873.0
940.0
1003.0
898.0
924.0
924.0
924.0
898.0
768.0
534.0
456.0
380.0
327.0
282.0
249.0
223.0
223.0
223.0
220.0
223.0
197.0
223.0
366.0
605.0
899.0
925.0
951.0
847.0
890.0
899.0
899.0
873.0
769.0
509.0
405.0
385.0
320.0
275.0
249.0
210.0
230.0
223.0
249.0
223.0
223.0
223.0
360.0
613.0
866.0
892.0
918.0
814.0
882.0
875.0
873.0
847.0
717.0
483.0
377.0
324.0
284.0
182.0
242.0
192.0
214.0
197.0
223.0
223.0
171.0
197.0
197.0
223.0
273.0
275.0
301.0
301.0
275.0
275.0
249.0
275.0
249.0
223.0
249.0
197.0
223.0
197.0
177.0
194.0
223.0
223.0
225.0
213.0
203.0
214.0
183.0
249.0
275.0
327.0
353.0
327.0
301.0
308.0
275.0
274.0
275.0
249.0
258.0
249.0
213.0
229.0
166.0
187.0
205.0
198.0
198.0
230.0
203.0
189.0
203.0
576.0
900.0
923.0
978.0
900.0
952.0
912.0
926.0
900.0
796.0
530.0
428.0
327.0
275.0
223.0
249.0
197.0
197.0
188.0
223.0
203.0
197.0
184.0
379.0
610.0
833.0
888.0
959.0
859.0
859.0
885.0
885.0
859.0
729.0
495.0
443.0
355.0
272.0
223.0
251.0
224.0
199.0
199.0
225.0
199.0
225.0
225.0
361.0
641.0
874.0
926.0
952.0
848.0
900.0
900.0
926.0
899.0
777.0
510.0
460.0
355.0
277.0
251.0
251.0
225.0
199.0
199.0
199.0
199.0
199.0
225.0
345.0
615.0
901.0
927.0
953.0
882.0
926.0
926.0
913.0
892.0
796.0
536.0
459.0
355.0
274.0
274.0
248.0
223.0
222.0
222.0
222.0
222.0
248.0
247.0
378.0
638.0
924.0
950.0
1002.0
898.0
948.0
924.0
898.0
898.0
768.0
508.0
410.0
326.0
275.0
246.0
251.0
225.0
225.0
225.0
199.0
221.0
198.0
224.0
200.0
250.0
250.0
250.0
276.0
276.0
270.0
277.0
251.0
251.0
251.0
225.0
251.0
224.0
225.0
225.0
168.0
205.0
213.0
223.0
195.0
213.0
195.0
213.0
194.0
220.0
246.0
272.0
272.0
272.0
249.0
272.0
272.0
246.0
246.0
246.0
246.0
220.0
199.0
204.0
173.0
190.0
194.0
199.0
199.0
195.0
197.0
218.0
359.0
629.0
927.0
968.0
1000.0
948.0
948.0
944.0
944.0
944.0
788.0
554.0
450.0
346.0
298.0
246.0
246.0
220.0
246.0
194.0
252.0
220.0
203.0
226.0
376.0
636.0
922.0
948.0
974.0
901.0
922.0
922.0
899.0
896.0
731.0
525.0
428.0
376.0
298.0
272.0
246.0
220.0
246.0
194.0
220.0
194.0
194.0
220.0
350.0
610.0
844.0
896.0
958.0
832.0
899.0
884.0
898.0
872.0
768.0
508.0
404.0
352.0
300.0
274.0
246.0
222.0
220.0
194.0
220.0
194.0
168.0
222.0
378.0
586.0
898.0
924.0
958.0
872.0
900.0
874.0
906.0
874.0
744.0
454.0
380.0
359.0
286.0
246.0
246.0
220.0
194.0
168.0
201.0
228.0
192.0
194.0
369.0
690.0
846.0
898.0
938.0
872.0
898.0
898.0
883.0
840.0
701.0
441.0
337.0
285.0
232.0
252.0
233.0
194.0
181.0
207.0
181.0
181.0
207.0
181.0
155.0
199.0
199.0
200.0
194.0
220.0
194.0
194.0
230.0
187.0
220.0
220.0
220.0
194.0
220.0
220.0
168.0
195.0
220.0
199.0
199.0
189.0
199.0
195.0
195.0
196.0
219.0
251.0
248.0
248.0
248.0
253.0
222.0
222.0
181.0
219.0
219.0
196.0
196.0
196.0
168.0
219.0
196.0
198.0
193.0
181.0
189.0
193.0
179.0
219.0
193.0
251.0
251.0
225.0
225.0
251.0
251.0
220.0
219.0
226.0
219.0
219.0
188.0
219.0
174.0
223.0
193.0
196.0
167.0
188.0
189.0
189.0
205.0
667.0
942.0
973.0
1051.0
947.0
950.0
947.0
947.0
921.0
817.0
557.0
427.0
350.0
272.0
281.0
246.0
220.0
220.0
194.0
232.0
194.0
194.0
194.0
376.0
692.0
952.0
959.0
1004.0
921.0
947.0
912.0
927.0
927.0
797.0
537.0
433.0
381.0
303.0
238.0
251.0
232.0
192.0
225.0
199.0
217.0
186.0
251.0
382.0
692.0
926.0
978.0
1045.0
926.0
978.0
952.0
952.0
900.0
796.0
536.0
432.0
380.0
279.0
276.0
243.0
224.0
224.0
242.0
224.0
224.0
198.0
224.0
365.0
677.0
911.0
937.0
989.0
885.0
911.0
911.0
885.0
897.0
729.0
495.0
395.0
313.0
247.0
216.0
235.0
177.0
186.0
157.0
157.0
157.0
157.0
157.0
172.0
209.0
261.0
235.0
235.0
209.0
261.0
246.0
275.0
246.0
246.0
219.0
219.0
219.0
196.0
219.0
178.0
182.0
189.0
203.0
170.0
160.0
196.0
170.0
196.0
196.0
248.0
274.0
276.0
274.0
248.0
248.0
274.0
274.0
248.0
222.0
196.0
219.0
196.0
196.0
157.0
193.0
167.0
188.0
198.0
167.0
173.0
193.0
333.0
667.0
918.0
918.0
996.0
892.0
944.0
918.0
936.0
892.0
762.0
513.0
464.0
372.0
302.0
277.0
277.0
225.0
225.0
251.0
221.0
190.0
216.0
216.0
372.0
658.0
918.0
970.0
1048.0
944.0
970.0
944.0
936.0
926.0
796.0
536.0
458.0
380.0
317.0
265.0
267.0
213.0
213.0
223.0
224.0
224.0
224.0
224.0
380.0
606.0
918.0
913.0
1005.0
918.0
944.0
918.0
918.0
892.0
762.0
502.0
434.0
382.0
304.0
272.0
272.0
220.0
220.0
220.0
227.0
194.0
197.0
256.0
380.0
635.0
926.0
952.0
978.0
926.0
926.0
900.0
900.0
874.0
744.0
510.0
433.0
381.0
303.0
277.0
257.0
225.0
225.0
225.0
250.0
224.0
219.0
250.0
380.0
666.0
926.0
951.0
1004.0
926.0
952.0
952.0
926.0
915.0
759.0
525.0
395.0
355.0
293.0
272.0
246.0
223.0
220.0
184.0
194.0
194.0
194.0
193.0
220.0
220.0
298.0
298.0
324.0
298.0
298.0
298.0
324.0
298.0
272.0
256.0
224.0
246.0
219.0
246.0
168.0
194.0
220.0
219.0
214.0
196.0
194.0
188.0
220.0
246.0
272.0
298.0
346.0
298.0
298.0
272.0
291.0
265.0
265.0
239.0
239.0
239.0
213.0
207.0
156.0
222.0
185.0
219.0
196.0
188.0
188.0
188.0
229.0
598.0
831.0
924.0
924.0
848.0
903.0
900.0
872.0
872.0
741.0
482.0
380.0
352.0
273.0
274.0
248.0
222.0
187.0
213.0
187.0
188.0
217.0
213.0
343.0
603.0
837.0
863.0
899.0
847.0
847.0
847.0
832.0
847.0
717.0
483.0
380.0
327.0
263.0
275.0
249.0
223.0
223.0
223.0
223.0
202.0
223.0
249.0
366.0
632.0
811.0
832.0
918.0
866.0
840.0
866.0
840.0
811.0
710.0
476.0
377.0
329.0
277.0
275.0
251.0
277.0
277.0
329.0
277.0
303.0
262.0
277.0
277.0
251.0
251.0
251.0
209.0
219.0
219.0
173.0
199.0
199.0
197.0
196.0
201.0
196.0
194.0
222.0
214.0
222.0
222.0
221.0
248.0
248.0
222.0
248.0
248.0
233.0
248.0
210.0
219.0
219.0
218.0
168.0
193.0
219.0
219.0
219.0
193.0
219.0
206.0
203.0
598.0
870.0
896.0
942.0
870.0
922.0
896.0
934.0
896.0
780.0
536.0
453.0
343.0
317.0
272.0
246.0
194.0
194.0
190.0
209.0
211.0
224.0
208.0
312.0
616.0
832.0
910.0
952.0
858.0
884.0
884.0
858.0
858.0
780.0
554.0
442.0
358.0
308.0
246.0
246.0
220.0
246.0
220.0
220.0
220.0
208.0
219.0
324.0
598.0
832.0
892.0
910.0
832.0
884.0
870.0
882.0
870.0
766.0
499.0
421.0
377.0
298.0
272.0
246.0
220.0
194.0
230.0
207.0
213.0
213.0
213.0
317.0
603.0
853.0
889.0
915.0
811.0
837.0
837.0
833.0
811.0
707.0
480.0
363.0
324.0
272.0
246.0
246.0
220.0
194.0
194.0
220.0
220.0
194.0
194.0
349.0
661.0
848.0
869.0
895.0
796.0
869.0
874.0
848.0
874.0
713.0
453.0
375.0
311.0
271.0
245.0
245.0
198.0
193.0
193.0
219.0
191.0
193.0
193.0
183.0
219.0
245.0
274.0
271.0
271.0
271.0
271.0
271.0
271.0
245.0
220.0
249.0
197.0
219.0
219.0
171.0
193.0
193.0
192.0
193.0
189.0
192.0
164.0
194.0
219.0
219.0
193.0
219.0
245.0
219.0
238.0
245.0
245.0
254.0
219.0
229.0
219.0
245.0
181.0
177.0
193.0
219.0
193.0
219.0
193.0
193.0
203.0
194.0
583.0
843.0
869.0
895.0
817.0
869.0
843.0
833.0
817.0
739.0
562.0
487.0
349.0
271.0
251.0
245.0
219.0
219.0
219.0
193.0
220.0
200.0
226.0
356.0
590.0
850.0
850.0
863.0
850.0
876.0
876.0
876.0
876.0
772.0
520.0
460.0
382.0
304.0
240.0
240.0
240.0
214.0
214.0
189.0
207.0
207.0
207.0
311.0
571.0
831.0
883.0
892.0
805.0
831.0
857.0
831.0
857.0
727.0
493.0
389.0
346.0
298.0
272.0
247.0
247.0
220.0
194.0
194.0
220.0
194.0
213.0
317.0
603.0
811.0
870.0
870.0
753.0
817.0
819.0
765.0
713.0
609.0
438.0
375.0
297.0
271.0
220.0
247.0
195.0
193.0
195.0
193.0
168.0
167.0
163.0
193.0
167.0
219.0
193.0
193.0
193.0
193.0
195.0
219.0
219.0
219.0
219.0
194.0
194.0
162.0
162.0
162.0
162.0
162.0
193.0
167.0
200.0
173.0
167.0
167.0
193.0
167.0
193.0
193.0
205.0
196.0
193.0
188.0
219.0
188.0
214.0
186.0
183.0
188.0
188.0
180.0
188.0
162.0
184.0
188.0
193.0
145.0
171.0
171.0
171.0
165.0
193.0
178.0
193.0
193.0
193.0
188.0
197.0
201.0
219.0
197.0
197.0
200.0
193.0
171.0
198.0
171.0
197.0
171.0
171.0
193.0
189.0
177.0
596.0
873.0
873.0
899.0
821.0
895.0
868.0
890.0
865.0
760.0
481.0
422.0
338.0
292.0
255.0
240.0
214.0
214.0
214.0
188.0
214.0
214.0
188.0
329.0
604.0
838.0
890.0
916.0
812.0
864.0
890.0
890.0
870.0
786.0
499.0
435.0
344.0
292.0
240.0
240.0
188.0
211.0
214.0
214.0
188.0
188.0
214.0
318.0
604.0
834.0
890.0
916.0
838.0
864.0
890.0
899.0
873.0
743.0
535.0
431.0
353.0
278.0
229.0
249.0
223.0
223.0
223.0
223.0
197.0
197.0
223.0
318.0
633.0
843.0
895.0
895.0
817.0
869.0
895.0
895.0
869.0
775.0
529.0
427.0
349.0
297.0
245.0
271.0
219.0
219.0
193.0
193.0
219.0
215.0
223.0
323.0
583.0
843.0
865.0
895.0
817.0
869.0
895.0
869.0
869.0
734.0
500.0
404.0
344.0
266.0
240.0
266.0
188.0
214.0
188.0
214.0
214.0
214.0
188.0
214.0
214.0
266.0
266.0
268.0
266.0
266.0
292.0
292.0
297.0
246.0
246.0
220.0
246.0
224.0
220.0
168.0
193.0
220.0
194.0
194.0
197.0
193.0
204.0
193.0
193.0
193.0
219.0
249.0
249.0
249.0
223.0
223.0
223.0
209.0
220.0
220.0
249.0
210.0
197.0
171.0
231.0
223.0
193.0
193.0
219.0
193.0
194.0
203.0
593.0
899.0
907.0
951.0
873.0
925.0
925.0
925.0
909.0
769.0
552.0
415.0
368.0
292.0
235.0
266.0
207.0
240.0
214.0
214.0
228.0
214.0
214.0
318.0
619.0
864.0
890.0
912.0
812.0
890.0
890.0
896.0
890.0
734.0
530.0
396.0
344.0
292.0
240.0
277.0
227.0
214.0
214.0
214.0
214.0
214.0
214.0
318.0
604.0
864.0
864.0
916.0
812.0
874.0
897.0
838.0
864.0
734.0
509.0
374.0
353.0
275.0
249.0
261.0
223.0
197.0
232.0
223.0
223.0
197.0
223.0
353.0
613.0
847.0
881.0
925.0
845.0
899.0
899.0
905.0
847.0
717.0
509.0
431.0
353.0
275.0
249.0
275.0
223.0
221.0
209.0
223.0
197.0
197.0
222.0
378.0
590.0
846.0
898.0
924.0
820.0
863.0
859.0
872.0
872.0
716.0
505.0
379.0
358.0
268.0
272.0
272.0
223.0
223.0
223.0
223.0
223.0
223.0
223.0
223.0
275.0
301.0
301.0
353.0
261.0
301.0
297.0
301.0
301.0
275.0
223.0
220.0
219.0
197.0
219.0
177.0
172.0
201.0
231.0
205.0
193.0
210.0
184.0
184.0
219.0
257.0
279.0
283.0
245.0
254.0
283.0
283.0
283.0
250.0
257.0
257.0
231.0
231.0
209.0
158.0
195.0
224.0
190.0
181.0
217.0
205.0
205.0
195.0
590.0
933.0
933.0
959.0
880.0
921.0
927.0
929.0
880.0
773.0
539.0
461.0
320.0
305.0
255.0
253.0
227.0
227.0
253.0
212.0
227.0
227.0
227.0
357.0
640.0
877.0
903.0
929.0
812.0
903.0
903.0
903.0
877.0
766.0
496.0
435.0
383.0
306.0
253.0
245.0
223.0
253.0
253.0
222.0
227.0
201.0
253.0
357.0
617.0
873.0
908.0
951.0
821.0
899.0
899.0
873.0
873.0
769.0
535.0
426.0
383.0
296.0
244.0
244.0
218.0
218.0
218.0
218.0
218.0
186.0
244.0
328.0
634.0
843.0
903.0
924.0
855.0
895.0
907.0
907.0
843.0
777.0
543.0
465.0
387.0
302.0
283.0
257.0
231.0
257.0
188.0
218.0
205.0
218.0
231.0
361.0
607.0
841.0
893.0
912.0
848.0
866.0
880.0
838.0
815.0
711.0
448.0
370.0
330.0
273.0
223.0
249.0
217.0
191.0
165.0
191.0
175.0
165.0
191.0
191.0
191.0
217.0
243.0
260.0
243.0
243.0
243.0
269.0
269.0
275.0
223.0
219.0
219.0
191.0
219.0
171.0
188.0
182.0
171.0
171.0
196.0
193.0
172.0
184.0
184.0
210.0
265.0
279.0
253.0
253.0
253.0
253.0
253.0
227.0
253.0
219.0
211.0
219.0
201.0
175.0
183.0
175.0
183.0
193.0
158.0
175.0
184.0
184.0
583.0
895.0
895.0
947.0
895.0
890.0
916.0
890.0
864.0
760.0
569.0
448.0
369.0
292.0
255.0
244.0
217.0
212.0
188.0
217.0
217.0
182.0
217.0
321.0
607.0
841.0
867.0
919.0
815.0
893.0
893.0
841.0
867.0
737.0
529.0
425.0
370.0
292.0
247.0
243.0
217.0
220.0
217.0
217.0
196.0
217.0
217.0
347.0
607.0
893.0
931.0
945.0
834.0
893.0
893.0
893.0
867.0
776.0
529.0
425.0
330.0
269.0
243.0
243.0
217.0
217.0
217.0
191.0
191.0
229.0
217.0
330.0
586.0
898.0
911.0
950.0
846.0
892.0
896.0
885.0
872.0
774.0
586.0
482.0
383.0
310.0
279.0
253.0
227.0
225.0
253.0
227.0
227.0
227.0
227.0
364.0
669.0
877.0
903.0
936.0
877.0
903.0
903.0
894.0
875.0
764.0
539.0
461.0
376.0
331.0
267.0
253.0
227.0
539.0
364.0
357.0
266.0
240.0
240.0
201.0
188.0
214.0
195.0
188.0
188.0
188.0
190.0
214.0
214.0
214.0
240.0
235.0
219.0
240.0
244.0
220.0
214.0
240.0
219.0
219.0
219.0
188.0
162.0
224.0
188.0
199.0
193.0
219.0
193.0
195.0
195.0
193.0
208.0
253.0
253.0
253.0
253.0
253.0
227.0
253.0
224.0
253.0
253.0
219.0
219.0
219.0
175.0
219.0
216.0
219.0
219.0
192.0
192.0
195.0
203.0
582.0
868.0
946.0
1024.0
920.0
946.0
946.0
920.0
911.0
790.0
526.0
448.0
339.0
266.0
240.0
240.0
224.0
214.0
214.0
214.0
214.0
214.0
240.0
344.0
630.0
890.0
942.0
968.0
907.0
916.0
914.0
903.0
903.0
773.0
501.0
383.0
357.0
279.0
253.0
253.0
227.0
227.0
227.0
227.0
227.0
227.0
232.0
357.0
643.0
885.0
955.0
969.0
899.0
955.0
929.0
929.0
877.0
781.0
515.0
411.0
359.0
307.0
255.0
255.0
218.0
229.0
203.0
229.0
229.0
211.0
229.0
385.0
671.0
931.0
957.0
1009.0
905.0
920.0
929.0
894.0
868.0
738.0
536.0
400.0
344.0
292.0
266.0
240.0
214.0
214.0
192.0
244.0
218.0
218.0
218.0
375.0
613.0
885.0
943.0
977.0
897.0
925.0
899.0
899.0
899.0
765.0
509.0
379.0
353.0
278.0
249.0
255.0
229.0
229.0
229.0
229.0
229.0
227.0
200.0
226.0
226.0
232.0
183.0
252.0
256.0
246.0
207.0
246.0
246.0
219.0
219.0
245.0
219.0
219.0
182.0
168.0
193.0
193.0
193.0
193.0
219.0
219.0
193.0
184.0
219.0
236.0
249.0
264.0
283.0
249.0
275.0
249.0
249.0
214.0
240.0
240.0
230.0
219.0
188.0
175.0
219.0
228.0
184.0
193.0
219.0
210.0
268.0
411.0
608.0
868.0
894.0
958.0
902.0
954.0
954.0
954.0
928.0
824.0
614.0
460.0
382.0
304.0
278.0
252.0
227.0
226.0
212.0
226.0
226.0
226.0
226.0
356.0
642.0
928.0
943.0
1006.0
932.0
954.0
928.0
928.0
902.0
783.0
530.0
435.0
383.0
305.0
253.0
248.0
223.0
207.0
230.0
227.0
226.0
226.0
229.0
374.0
642.0
904.0
950.0
976.0
898.0
947.0
913.0
954.0
921.0
791.0
531.0
427.0
349.0
271.0
245.0
240.0
208.0
222.0
222.0
196.0
222.0
217.0
218.0
377.0
634.0
920.0
946.0
1000.0
920.0
939.0
920.0
920.0
894.0
788.0
530.0
458.0
383.0
270.0
244.0
244.0
218.0
218.0
244.0
192.0
218.0
218.0
218.0
374.0
634.0
903.0
955.0
998.0
894.0
920.0
899.0
920.0
894.0
738.0
452.0
372.0
348.0
270.0
244.0
270.0
192.0
218.0
218.0
219.0
218.0
218.0
192.0
257.0
218.0
270.0
270.0
270.0
270.0
270.0
270.0
270.0
244.0
218.0
244.0
234.0
218.0
218.0
218.0
166.0
192.0
226.0
214.0
222.0
219.0
194.0
221.0
200.0
256.0
194.0
220.0
271.0
245.0
219.0
245.0
271.0
245.0
219.0
245.0
245.0
219.0
219.0
219.0
167.0
219.0
219.0
219.0
193.0
219.0
219.0
193.0
196.0
610.0
895.0
895.0
979.0
898.0
898.0
924.0
898.0
872.0
768.0
482.0
404.0
326.0
305.0
248.0
274.0
248.0
222.0
248.0
222.0
222.0
222.0
248.0
378.0
651.0
879.0
872.0
950.0
898.0
903.0
898.0
872.0
872.0
724.0
482.0
378.0
352.0
326.0
274.0
248.0
248.0
222.0
224.0
222.0
197.0
222.0
252.0
348.0
664.0
898.0
898.0
950.0
898.0
898.0
898.0
857.0
846.0
565.0
414.0
352.0
300.0
274.0
222.0
248.0
196.0
196.0
196.0
181.0
196.0
191.0
165.0
184.0
222.0
222.0
243.0
279.0
269.0
253.0
246.0
243.0
236.0
243.0
207.0
236.0
217.0
191.0
191.0
165.0
191.0
166.0
181.0
192.0
191.0
191.0
166.0
196.0
193.0
193.0
192.0
218.0
241.0
258.0
227.0
229.0
245.0
227.0
227.0
201.0
227.0
198.0
175.0
175.0
201.0
175.0
191.0
191.0
191.0
182.0
189.0
175.0
191.0
163.0
191.0
163.0
191.0
165.0
191.0
191.0
191.0
191.0
217.0
191.0
217.0
217.0
191.0
165.0
191.0
165.0
174.0
191.0
191.0
165.0
165.0
191.0
191.0
191.0
165.0
186.0
217.0
191.0
191.0
191.0
191.0
191.0
217.0
217.0
165.0
222.0
163.0
163.0
196.0
163.0
196.0
166.0
163.0
157.0
163.0
196.0
196.0
210.0
222.0
236.0
248.0
214.0
248.0
240.0
248.0
216.0
218.0
192.0
192.0
192.0
192.0
166.0
160.0
192.0
192.0
175.0
165.0
205.0
203.0
190.0
164.0
193.0
193.0
245.0
251.0
227.0
227.0
201.0
204.0
201.0
219.0
227.0
201.0
175.0
193.0
161.0
175.0
175.0
193.0
193.0
175.0
175.0
177.0
175.0
193.0
175.0
193.0
219.0
225.0
197.0
191.0
217.0
216.0
191.0
191.0
191.0
217.0
191.0
165.0
165.0
191.0
165.0
191.0
191.0
191.0
165.0
191.0
167.0
613.0
867.0
867.0
945.0
880.0
893.0
867.0
893.0
863.0
733.0
447.0
369.0
291.0
271.0
255.0
239.0
219.0
213.0
213.0
213.0
187.0
212.0
239.0
343.0
603.0
837.0
889.0
941.0
837.0
889.0
863.0
889.0
877.0
750.0
539.0
409.0
344.0
279.0
279.0
247.0
226.0
226.0
226.0
244.0
218.0
244.0
244.0
328.0
582.0
842.0
865.0
894.0
842.0
868.0
842.0
842.0
836.0
712.0
452.0
374.0
313.0
270.0
284.0
244.0
218.0
192.0
218.0
218.0
202.0
202.0
202.0
202.0
202.0
222.0
254.0
280.0
280.0
253.0
219.0
279.0
253.0
279.0
253.0
240.0
246.0
214.0
183.0
214.0
214.0
188.0
230.0
204.0
188.0
188.0
198.0
190.0
577.0
904.0
890.0
942.0
864.0
916.0
916.0
890.0
890.0
786.0
566.0
459.0
370.0
332.0
280.0
251.0
254.0
254.0
228.0
228.0
202.0
202.0
228.0
332.0
568.0
852.0
904.0
904.0
826.0
878.0
862.0
878.0
852.0
774.0
514.0
436.0
358.0
310.0
278.0
244.0
226.0
226.0
226.0
226.0
226.0
200.0
217.0
330.0
590.0
850.0
902.0
948.0
824.0
902.0
890.0
890.0
865.0
760.0
500.0
422.0
382.0
286.0
278.0
278.0
248.0
226.0
212.0
226.0
226.0
200.0
223.0
328.0
562.0
874.0
895.0
926.0
851.0
903.0
874.0
867.0
841.0
763.0
529.0
399.0
343.0
295.0
269.0
243.0
224.0
207.0
224.0
220.0
211.0
224.0
218.0
334.0
565.0
855.0
877.0
903.0
851.0
825.0
848.0
822.0
822.0
718.0
510.0
380.0
334.0
276.0
250.0
245.0
250.0
224.0
198.0
198.0
224.0
198.0
198.0
198.0
224.0
224.0
209.0
250.0
276.0
250.0
245.0
277.0
245.0
277.0
245.0
245.0
219.0
245.0
219.0
219.0
193.0
219.0
219.0
193.0
193.0
193.0
187.0
183.0
195.0
225.0
219.0
245.0
263.0
246.0
256.0
219.0
245.0
219.0
219.0
219.0
204.0
219.0
219.0
219.0
219.0
204.0
192.0
192.0
220.0
178.0
183.0
188.0
594.0
854.0
932.0
958.0
879.0
906.0
906.0
880.0
880.0
776.0
490.0
386.0
360.0
282.0
256.0
256.0
230.0
230.0
204.0
230.0
204.0
211.0
230.0
360.0
557.0
851.0
933.0
958.0
880.0
906.0
888.0
899.0
869.0
763.0
503.0
399.0
353.0
276.0
243.0
250.0
214.0
214.0
220.0
219.0
214.0
214.0
214.0
388.0
578.0
864.0
916.0
942.0
864.0
890.0
890.0
890.0
858.0
760.0
500.0
396.0
318.0
270.0
244.0
244.0
244.0
244.0
218.0
213.0
218.0
218.0
218.0
348.0
556.0
861.0
897.0
946.0
842.0
894.0
894.0
883.0
868.0
764.0
491.0
402.0
350.0
309.0
272.0
246.0
220.0
246.0
220.0
220.0
220.0
197.0
220.0
324.0
561.0
849.0
223.0
213.0
223.0
197.0
191.0
223.0
353.0
587.0
904.0
889.0
951.0
847.0
899.0
899.0
899.0
873.0
775.0
535.0
405.0
327.0
246.0
220.0
275.0
197.0
223.0
223.0
197.0
188.0
194.0
194.0
169.0
220.0
246.0
272.0
246.0
246.0
272.0
272.0
272.0
298.0
298.0
272.0
240.0
214.0
214.0
214.0
214.0
214.0
214.0
214.0
188.0
196.0
188.0
188.0
194.0
214.0
263.0
263.0
263.0
289.0
308.0
315.0
315.0
289.0
289.0
237.0
232.0
211.0
185.0
188.0
213.0
214.0
159.0
188.0
173.0
188.0
188.0
188.0
181.0
554.0
835.0
892.0
918.0
840.0
892.0
918.0
892.0
874.0
770.0
565.0
461.0
354.0
328.0
250.0
250.0
219.0
224.0
224.0
216.0
224.0
224.0
224.0
320.0
568.0
892.0
892.0
944.0
814.0
892.0
892.0
866.0
892.0
762.0
528.0
450.0
346.0
268.0
252.0
242.0
216.0
195.0
216.0
216.0
216.0
216.0
229.0
346.0
556.0
842.0
900.0
920.0
816.0
868.0
900.0
868.0
880.0
776.0
568.0
464.0
386.0
282.0
256.0
256.0
218.0
256.0
230.0
218.0
230.0
230.0
229.0
386.0
594.0
880.0
906.0
958.0
854.0
932.0
906.0
906.0
906.0
802.0
539.0
435.0
383.0
279.0
279.0
247.0
227.0
253.0
253.0
236.0
227.0
201.0
227.0
357.0
565.0
903.0
903.0
955.0
840.0
903.0
903.0
901.0
848.0
744.0
542.0
406.0
361.0
276.0
251.0
251.0
224.0
224.0
224.0
224.0
224.0
198.0
194.0
250.0
276.0
303.0
303.0
355.0
299.0
328.0
329.0
328.0
276.0
277.0
219.0
245.0
245.0
225.0
199.0
219.0
225.0
186.0
193.0
193.0
223.0
197.0
197.0
219.0
199.0
208.0
225.0
258.0
225.0
249.0
251.0
240.0
225.0
247.0
208.0
247.0
209.0
215.0
199.0
214.0
214.0
208.0
214.0
214.0
188.0
214.0
197.0
197.0
580.0
866.0
892.0
944.0
866.0
902.0
892.0
928.0
902.0
762.0
547.0
424.0
346.0
294.0
229.0
249.0
221.0
216.0
190.0
216.0
190.0
216.0
216.0
320.0
606.0
866.0
918.0
944.0
856.0
892.0
892.0
892.0
892.0
762.0
502.0
424.0
338.0
268.0
268.0
242.0
242.0
216.0
216.0
190.0
216.0
164.0
216.0
320.0
528.0
857.0
866.0
892.0
814.0
866.0
866.0
840.0
866.0
760.0
476.0
405.0
354.0
302.0
224.0
237.0
224.0
224.0
224.0
198.0
219.0
224.0
198.0
341.0
562.0
874.0
874.0
952.0
822.0
900.0
874.0
900.0
848.0
744.0
510.0
466.0
380.0
302.0
250.0
250.0
224.0
224.0
198.0
198.0
198.0
199.0
227.0
328.0
562.0
900.0
900.0
918.0
822.0
874.0
822.0
770.0
796.0
631.0
460.0
372.0
328.0
277.0
242.0
242.0
216.0
216.0
190.0
230.0
230.0
204.0
218.0
230.0
218.0
296.0
296.0
322.0
333.0
322.0
322.0
332.0
322.0
296.0
244.0
218.0
244.0
244.0
192.0
214.0
188.0
214.0
188.0
188.0
188.0
188.0
223.0
214.0
188.0
216.0
235.0
249.0
249.0
256.0
249.0
240.0
240.0
240.0
282.0
256.0
230.0
240.0
230.0
214.0
222.0
188.0
214.0
188.0
214.0
186.0
188.0
193.0
580.0
866.0
892.0
970.0
877.0
903.0
903.0
903.0
877.0
799.0
565.0
417.0
383.0
279.0
253.0
253.0
227.0
195.0
227.0
227.0
227.0
227.0
227.0
331.0
591.0
903.0
903.0
955.0
816.0
894.0
895.0
895.0
894.0
764.0
575.0
478.0
349.0
297.0
245.0
245.0
219.0
215.0
193.0
219.0
232.0
219.0
219.0
323.0
635.0
888.0
895.0
947.0
866.0
892.0
892.0
892.0
892.0
762.0
528.0
450.0
346.0
268.0
242.0
278.0
223.0
190.0
229.0
198.0
250.0
188.0
230.0
334.0
620.0
880.0
932.0
958.0
854.0
932.0
906.0
906.0
906.0
776.0
519.0
438.0
360.0
282.0
248.0
281.0
252.0
187.0
226.0
200.0
217.0
226.0
226.0
304.0
564.0
902.0
954.0
944.0
876.0
906.0
895.0
891.0
869.0
739.0
505.0
407.0
329.0
297.0
277.0
272.0
225.0
225.0
201.0
199.0
199.0
199.0
199.0
219.0
225.0
251.0
265.0
303.0
251.0
303.0
278.0
277.0
302.0
251.0
245.0
251.0
224.0
224.0
224.0
219.0
188.0
214.0
198.0
193.0
188.0
199.0
199.0
214.0
214.0
276.0
276.0
276.0
276.0
276.0
276.0
276.0
277.0
276.0
251.0
245.0
225.0
211.0
225.0
210.0
245.0
193.0
223.0
199.0
224.0
216.0
199.0
216.0
589.0
927.0
896.0
953.0
875.0
901.0
926.0
900.0
900.0
796.0
588.0
458.0
380.0
300.0
276.0
276.0
250.0
224.0
224.0
198.0
198.0
224.0
172.0
379.0
578.0
874.0
919.0
952.0
858.0
926.0
895.0
895.0
895.0
771.0
531.0
453.0
349.0
297.0
271.0
271.0
245.0
245.0
245.0
219.0
219.0
244.0
252.0
382.0
616.0
876.0
902.0
928.0
850.0
888.0
876.0
850.0
876.0
772.0
614.0
514.0
382.0
330.0
330.0
278.0
252.0
278.0
252.0
226.0
226.0
253.0
238.0
382.0
590.0
844.0
866.0
902.0
824.0
850.0
824.0
868.0
842.0
764.0
608.0
498.0
374.0
324.0
294.0
268.0
251.0
241.0
268.0
268.0
246.0
246.0
246.0
381.0
588.0
832.0
848.0
900.0
822.0
848.0
822.0
848.0
822.0
747.0
513.0
435.0
340.0
331.0
279.0
253.0
201.0
227.0
200.0
201.0
198.0
198.0
201.0
232.0
250.0
302.0
328.0
354.0
328.0
354.0
354.0
354.0
354.0
328.0
269.0
245.0
213.0
224.0
221.0
219.0
198.0
219.0
198.0
198.0
193.0
193.0
193.0
219.0
240.0
255.0
276.0
302.0
302.0
302.0
302.0
276.0
302.0
265.0
250.0
245.0
224.0
218.0
204.0
208.0
232.0
211.0
268.0
279.0
276.0
302.0
270.0
359.0
290.0
796.0
848.0
874.0
796.0
848.0
848.0
822.0
842.0
796.0
644.0
566.0
354.0
328.0
328.0
328.0
276.0
223.0
250.0
276.0
250.0
250.0
250.0
328.0
608.0
900.0
926.0
952.0
900.0
938.0
952.0
952.0
885.0
791.0
588.0
484.0
380.0
354.0
302.0
276.0
250.0
224.0
224.0
224.0
224.0
224.0
224.0
368.0
607.0
926.0
926.0
952.0
908.0
952.0
934.0
926.0
900.0
753.0
555.0
399.0
347.0
295.0
243.0
269.0
255.0
217.0
217.0
217.0
217.0
191.0
217.0
373.0
607.0
867.0
893.0
958.0
841.0
867.0
893.0
867.0
841.0
754.0
494.0
410.0
355.0
277.0
277.0
251.0
252.0
225.0
225.0
225.0
218.0
231.0
244.0
348.0
634.0
842.0
903.0
920.0
868.0
899.0
888.0
868.0
874.0
738.0
481.0
374.0
322.0
270.0
215.0
244.0
192.0
218.0
228.0
192.0
192.0
192.0
192.0
199.0
218.0
218.0
225.0
225.0
251.0
225.0
251.0
225.0
219.0
239.0
224.0
244.0
224.0
224.0
198.0
225.0
218.0
198.0
198.0
204.0
192.0
192.0
199.0
228.0
172.0
218.0
244.0
276.0
251.0
244.0
243.0
277.0
251.0
277.0
277.0
275.0
243.0
244.0
244.0
225.0
199.0
208.0
225.0
218.0
199.0
218.0
192.0
187.0
639.0
927.0
979.0
1005.0
903.0
953.0
953.0
914.0
901.0
771.0
536.0
459.0
355.0
277.0
251.0
250.0
232.0
485.0
489.0
481.0
481.0
486.0
484.0
536.0
614.0
666.0
671.0
692.0
718.0
690.0
640.0
692.0
692.0
640.0
592.0
432.0
353.0
276.0
276.0
250.0
276.0
224.0
247.0
224.0
224.0
224.0
250.0
380.0
614.0
868.0
926.0
952.0
900.0
900.0
900.0
874.0
893.0
744.0
536.0
406.0
351.0
294.0
276.0
250.0
250.0
214.0
250.0
224.0
250.0
199.0
225.0
381.0
615.0
901.0
901.0
953.0
875.0
901.0
901.0
901.0
875.0
173.0
173.0
191.0
173.0
173.0
169.0
175.0
188.0
173.0
173.0
173.0
173.0
173.0
173.0
147.0
173.0
173.0
173.0
173.0
165.0
173.0
173.0
173.0
173.0
173.0
173.0
191.0
158.0
173.0
191.0
167.0
140.0
167.0
166.0
166.0
166.0
160.0
166.0
166.0
166.0
166.0
166.0
166.0
146.0
172.0
172.0
146.0
172.0
172.0
172.0
172.0
191.0
169.0
172.0
172.0
165.0
172.0
172.0
146.0
172.0
172.0
144.0
172.0
172.0
146.0
139.0
141.0
164.0
133.0
172.0
146.0
164.0
146.0
172.0
172.0
198.0
172.0
172.0
176.0
172.0
156.0
175.0
172.0
172.0
172.0
172.0
172.0
172.0
146.0
172.0
146.0
172.0
136.0
146.0
130.0
172.0
146.0
172.0
172.0
165.0
172.0
172.0
172.0
172.0
198.0
172.0
191.0
173.0
173.0
147.0
147.0
137.0
173.0
157.0
164.0
173.0
173.0
173.0
173.0
173.0
173.0
173.0
173.0
173.0
173.0
173.0
173.0
158.0
173.0
173.0
173.0
173.0
173.0
164.0
163.0
173.0
161.0
191.0
173.0
173.0
199.0
191.0
173.0
199.0
173.0
191.0
199.0
199.0
173.0
173.0
173.0
172.0
199.0
146.0
198.0
172.0
172.0
172.0
171.0
518.0
640.0
666.0
666.0
666.0
692.0
640.0
666.0
640.0
510.0
410.0
287.0
250.0
250.0
224.0
231.0
224.0
198.0
200.0
198.0
224.0
224.0
198.0
328.0
582.0
842.0
842.0
842.0
796.0
822.0
822.0
822.0
796.0
718.0
455.0
354.0
302.0
276.0
224.0
224.0
224.0
224.0
227.0
193.0
198.0
224.0
231.0
318.0
614.0
842.0
848.0
900.0
822.0
872.0
875.0
875.0
823.0
745.0
485.0
381.0
303.0
251.0
251.0
225.0
225.0
207.0
225.0
225.0
225.0
225.0
225.0
355.0
620.0
828.0
849.0
875.0
797.0
875.0
849.0
854.0
822.0
692.0
406.0
328.0
276.0
250.0
224.0
224.0
224.0
224.0
224.0
224.0
224.0
224.0
224.0
198.0
224.0
224.0
224.0
224.0
217.0
215.0
217.0
217.0
217.0
217.0
243.0
218.0
218.0
210.0
191.0
166.0
188.0
191.0
193.0
217.0
217.0
217.0
222.0
356.0
692.0
950.0
952.0
978.0
900.0
953.0
952.0
952.0
926.0
822.0
592.0
432.0
354.0
302.0
276.0
224.0
224.0
213.0
224.0
224.0
250.0
224.0
224.0
354.0
656.0
952.0
952.0
1004.0
926.0
978.0
952.0
978.0
926.0
822.0
562.0
458.0
354.0
302.0
282.0
208.0
243.0
212.0
224.0
224.0
224.0
224.0
224.0
354.0
666.0
952.0
953.0
1004.0
952.0
978.0
952.0
952.0
926.0
796.0
562.0
426.0
355.0
296.0
270.0
218.0
256.0
230.0
218.0
218.0
218.0
218.0
218.0
348.0
660.0
946.0
972.0
998.0
894.0
937.0
952.0
926.0
926.0
796.0
536.0
458.0
380.0
293.0
250.0
224.0
250.0
224.0
224.0
219.0
224.0
224.0
224.0
348.0
634.0
920.0
948.0
998.0
894.0
946.0
920.0
920.0
920.0
790.0
556.0
406.0
353.0
302.0
224.0
224.0
224.0
250.0
224.0
224.0
198.0
224.0
198.0
198.0
218.0
251.0
303.0
277.0
251.0
272.0
277.0
277.0
271.0
225.0
277.0
225.0
225.0
225.0
225.0
165.0
225.0
199.0
225.0
225.0
219.0
217.0
201.0
212.0
219.0
257.0
246.0
245.0
272.0
272.0
243.0
243.0
272.0
243.0
272.0
243.0
219.0
219.0
221.0
168.0
220.0
220.0
225.0
219.0
224.0
224.0
217.0
318.0
614.0
923.0
1005.0
1030.0
926.0
952.0
939.0
939.0
939.0
785.0
575.0
445.0
337.0
289.0
263.0
211.0
237.0
237.0
250.0
255.0
237.0
211.0
218.0
373.0
672.0
945.0
971.0
997.0
910.0
962.0
936.0
910.0
920.0
790.0
530.0
426.0
341.0
296.0
270.0
270.0
244.0
250.0
244.0
224.0
250.0
250.0
224.0
380.0
666.0
926.0
952.0
1004.0
900.0
952.0
952.0
926.0
900.0
806.0
546.0
460.0
380.0
312.0
260.0
277.0
251.0
251.0
251.0
225.0
251.0
251.0
225.0
338.0
581.0
927.0
953.0
953.0
901.0
927.0
901.0
901.0
896.0
792.0
558.0
454.0
350.0
328.0
250.0
276.0
250.0
250.0
215.0
250.0
224.0
224.0
250.0
354.0
614.0
874.0
926.0
952.0
848.0
900.0
892.0
874.0
874.0
744.0
536.0
407.0
347.0
262.0
251.0
276.0
214.0
232.0
225.0
199.0
225.0
225.0
218.0
199.0
225.0
217.0
225.0
251.0
247.0
247.0
246.0
267.0
247.0
246.0
246.0
220.0
246.0
220.0
220.0
170.0
231.0
194.0
226.0
194.0
220.0
220.0
220.0
200.0
226.0
226.0
220.0
246.0
246.0
247.0
247.0
251.0
251.0
251.0
251.0
225.0
251.0
225.0
225.0
173.0
225.0
250.0
226.0
252.0
220.0
225.0
191.0
200.0
588.0
900.0
926.0
978.0
915.0
952.0
952.0
952.0
926.0
796.0
536.0
487.0
406.0
336.0
270.0
270.0
245.0
244.0
244.0
244.0
255.0
218.0
244.0
348.0
582.0
894.0
946.0
972.0
894.0
920.0
920.0
890.0
902.0
772.0
556.0
426.0
374.0
296.0
265.0
262.0
238.0
250.0
225.0
236.0
210.0
258.0
210.0
340.0
574.0
860.0
886.0
946.0
908.0
886.0
886.0
898.0
860.0
756.0
522.0
406.0
351.0
302.0
265.0
250.0
250.0
250.0
224.0
250.0
253.0
224.0
250.0
354.0
588.0
900.0
916.0
942.0
864.0
890.0
890.0
890.0
875.0
771.0
511.0
407.0
355.0
303.0
277.0
239.0
243.0
251.0
225.0
225.0
225.0
215.0
225.0
355.0
552.0
890.0
916.0
956.0
864.0
890.0
890.0
890.0
890.0
760.0
536.0
397.0
350.0
292.0
272.0
246.0
220.0
220.0
220.0
194.0
220.0
220.0
220.0
194.0
220.0
246.0
220.0
246.0
246.0
220.0
246.0
246.0
246.0
242.0
246.0
219.0
246.0
220.0
220.0
168.0
219.0
220.0
219.0
194.0
188.0
194.0
219.0
200.0
219.0
219.0
251.0
259.0
251.0
240.0
277.0
225.0
251.0
251.0
225.0
224.0
245.0
224.0
225.0
172.0
207.0
231.0
198.0
220.0
194.0
220.0
208.0
200.0
584.0
922.0
974.0
974.0
922.0
948.0
948.0
922.0
922.0
788.0
554.0
424.0
320.0
268.0
255.0
255.0
229.0
220.0
220.0
220.0
224.0
198.0
250.0
328.0
640.0
900.0
952.0
952.0
874.0
926.0
926.0
900.0
900.0
770.0
510.0
432.0
354.0
302.0
250.0
237.0
224.0
250.0
256.0
250.0
224.0
250.0
276.0
354.0
380.0
900.0
926.0
952.0
874.0
900.0
900.0
874.0
874.0
744.0
510.0
380.0
380.0
328.0
245.0
277.0
225.0
256.0
220.0
255.0
246.0
220.0
246.0
332.0
610.0
870.0
896.0
918.0
868.0
900.0
874.0
900.0
874.0
770.0
528.0
462.0
380.0
328.0
250.0
277.0
251.0
225.0
225.0
207.0
251.0
249.0
213.0
388.0
615.0
894.0
923.0
946.0
894.0
890.0
890.0
890.0
864.0
760.0
526.0
396.0
358.0
324.0
272.0
272.0
211.0
194.0
220.0
220.0
220.0
220.0
220.0
181.0
246.0
246.0
245.0
246.0
272.0
263.0
272.0
270.0
236.0
246.0
220.0
245.0
223.0
228.0
191.0
168.0
194.0
183.0
198.0
193.0
198.0
188.0
194.0
206.0
219.0
217.0
244.0
244.0
244.0
244.0
271.0
216.0
255.0
245.0
245.0
245.0
230.0
219.0
219.0
167.0
194.0
181.0
219.0
194.0
186.0
194.0
168.0
182.0
584.0
896.0
922.0
974.0
870.0
922.0
922.0
922.0
883.0
792.0
532.0
492.0
371.0
324.0
272.0
263.0
220.0
220.0
220.0
194.0
217.0
194.0
217.0
321.0
555.0
867.0
893.0
893.0
841.0
893.0
867.0
867.0
893.0
770.0
536.0
432.0
354.0
290.0
251.0
270.0
244.0
244.0
218.0
218.0
211.0
218.0
218.0
322.0
563.0
640.0
946.0
972.0
1024.0
946.0
946.0
946.0
946.0
931.0
816.0
530.0
426.0
348.0
314.0
244.0
244.0
218.0
241.0
199.0
217.0
227.0
192.0
218.0
244.0
218.0
270.0
296.0
270.0
244.0
306.0
274.0
302.0
302.0
247.0
250.0
247.0
247.0
221.0
221.0
169.0
221.0
251.0
199.0
191.0
217.0
191.0
194.0
220.0
220.0
213.0
217.0
270.0
272.0
247.0
221.0
221.0
247.0
221.0
221.0
221.0
242.0
221.0
221.0
169.0
198.0
198.0
229.0
221.0
198.0
192.0
226.0
345.0
634.0
886.0
998.0
1024.0
946.0
998.0
998.0
946.0
946.0
816.0
556.0
463.0
378.0
307.0
272.0
246.0
221.0
217.0
220.0
220.0
194.0
194.0
253.0
376.0
662.0
922.0
948.0
1020.0
948.0
978.0
948.0
911.0
922.0
792.0
498.0
436.0
376.0
324.0
272.0
258.0
246.0
246.0
220.0
246.0
220.0
201.0
227.0
365.0
665.0
922.0
955.0
987.0
922.0
948.0
922.0
922.0
896.0
766.0
532.0
402.0
324.0
298.0
220.0
246.0
194.0
220.0
194.0
194.0
220.0
218.0
192.0
226.0
195.0
215.0
221.0
270.0
267.0
215.0
267.0
241.0
215.0
241.0
215.0
241.0
215.0
215.0
189.0
163.0
215.0
192.0
189.0
189.0
195.0
163.0
189.0
189.0
215.0
247.0
221.0
249.0
293.0
244.0
217.0
221.0
247.0
221.0
221.0
221.0
221.0
193.0
189.0
160.0
189.0
189.0
228.0
189.0
189.0
189.0
189.0
189.0
189.0
215.0
232.0
241.0
215.0
215.0
244.0
224.0
241.0
215.0
215.0
215.0
221.0
187.0
194.0
169.0
221.0
195.0
195.0
195.0
195.0
195.0
193.0
189.0
663.0
895.0
947.0
1051.0
921.0
947.0
947.0
956.0
895.0
789.0
458.0
380.0
295.0
269.0
243.0
243.0
217.0
218.0
217.0
243.0
191.0
217.0
217.0
373.0
633.0
945.0
971.0
1049.0
956.0
997.0
971.0
945.0
971.0
848.0
640.0
458.0
375.0
323.0
271.0
271.0
219.0
219.0
245.0
245.0
219.0
245.0
219.0
375.0
635.0
918.0
973.0
1051.0
947.0
999.0
973.0
969.0
955.0
790.0
634.0
428.0
376.0
292.0
272.0
246.0
220.0
220.0
215.0
246.0
194.0
246.0
246.0
376.0
636.0
937.0
948.0
1052.0
948.0
974.0
948.0
922.0
922.0
792.0
532.0
428.0
362.0
298.0
272.0
241.0
220.0
213.0
229.0
229.0
228.0
181.0
224.0
375.0
642.0
928.0
954.0
1032.0
928.0
980.0
948.0
922.0
896.0
792.0
532.0
428.0
350.0
298.0
246.0
246.0
228.0
220.0
221.0
220.0
220.0
220.0
220.0
376.0
636.0
874.0
921.0
999.0
894.0
894.0
930.0
894.0
868.0
790.0
530.0
374.0
348.0
272.0
246.0
246.0
192.0
195.0
212.0
194.0
194.0
196.0
194.0
194.0
218.0
220.0
220.0
246.0
246.0
217.0
247.0
247.0
221.0
221.0
247.0
221.0
221.0
221.0
195.0
169.0
221.0
195.0
195.0
195.0
221.0
182.0
201.0
182.0
195.0
221.0
247.0
247.0
247.0
248.0
247.0
221.0
243.0
221.0
247.0
247.0
225.0
209.0
208.0
173.0
208.0
208.0
208.0
208.0
182.0
182.0
182.0
188.0
572.0
858.0
936.0
1014.0
910.0
944.0
936.0
910.0
910.0
804.0
540.0
442.0
338.0
261.0
234.0
234.0
208.0
208.0
208.0
208.0
208.0
208.0
258.0
348.0
634.0
894.0
946.0
972.0
894.0
914.0
920.0
894.0
894.0
764.0
509.0
367.0
351.0
273.0
247.0
247.0
221.0
221.0
224.0
219.0
221.0
221.0
221.0
351.0
627.0
894.0
946.0
972.0
894.0
946.0
920.0
932.0
876.0
798.0
507.0
408.0
338.0
304.0
252.0
252.0
226.0
226.0
200.0
226.0
214.0
226.0
221.0
382.0
672.0
921.0
954.0
1000.0
899.0
920.0
923.0
896.0
870.0
740.0
536.0
402.0
350.0
297.0
271.0
245.0
219.0
219.0
193.0
237.0
219.0
223.0
223.0
376.0
610.0
896.0
946.0
972.0
896.0
933.0
901.0
896.0
896.0
766.0
510.0
368.0
350.0
273.0
247.0
239.0
220.0
220.0
220.0
221.0
211.0
221.0
195.0
221.0
221.0
221.0
195.0
236.0
247.0
247.0
230.0
247.0
247.0
223.0
226.0
247.0
215.0
221.0
195.0
169.0
194.0
194.0
194.0
194.0
214.0
220.0
194.0
194.0
220.0
244.0
246.0
272.0
270.0
247.0
273.0
247.0
247.0
221.0
247.0
245.0
221.0
220.0
195.0
161.0
221.0
221.0
195.0
195.0
221.0
228.0
270.0
400.0
621.0
879.0
901.0
957.0
905.0
954.0
957.0
957.0
931.0
827.0
614.0
442.0
385.0
297.0
281.0
246.0
220.0
220.0
214.0
220.0
220.0
220.0
220.0
350.0
636.0
922.0
948.0
1000.0
922.0
948.0
922.0
919.0
896.0
792.0
530.0
428.0
376.0
298.0
250.0
250.0
224.0
224.0
224.0
224.0
224.0
218.0
218.0
374.0
646.0
894.0
943.0
972.0
891.0
943.0
917.0
944.0
917.0
788.0
528.0
424.0
345.0
273.0
241.0
242.0
216.0
216.0
215.0
190.0
216.0
216.0
216.0
372.0
632.0
913.0
944.0
996.0
918.0
944.0
918.0
909.0
892.0
798.0
528.0
455.0
372.0
262.0
242.0
242.0
216.0
216.0
242.0
190.0
216.0
216.0
216.0
372.0
632.0
892.0
944.0
996.0
892.0
913.0
892.0
918.0
892.0
746.0
460.0
382.0
356.0
278.0
247.0
272.0
194.0
219.0
220.0
220.0
220.0
226.0
194.0
246.0
220.0
272.0
278.0
272.0
272.0
272.0
272.0
272.0
246.0
226.0
252.0
252.0
226.0
226.0
226.0
162.0
188.0
226.0
226.0
226.0
209.0
200.0
226.0
200.0
252.0
200.0
221.0
276.0
247.0
221.0
247.0
273.0
247.0
221.0
247.0
247.0
221.0
221.0
221.0
174.0
226.0
226.0
226.0
199.0
225.0
226.0
200.0
200.0
616.0
902.0
886.0
980.0
902.0
902.0
928.0
902.0
865.0
772.0
492.0
408.0
330.0
304.0
252.0
278.0
252.0
226.0
243.0
226.0
226.0
226.0
252.0
382.0
668.0
876.0
870.0
948.0
896.0
896.0
896.0
870.0
870.0
714.0
480.0
376.0
350.0
324.0
272.0
246.0
246.0
220.0
220.0
220.0
182.0
224.0
250.0
354.0
666.0
900.0
900.0
948.0
896.0
896.0
896.0
870.0
844.0
549.0
402.0
350.0
302.0
272.0
220.0
246.0
194.0
206.0
194.0
194.0
194.0
194.0
168.0
194.0
220.0
220.0
244.0
276.0
267.0
257.0
247.0
247.0
252.0
252.0
221.0
247.0
221.0
198.0
195.0
169.0
195.0
169.0
195.0
195.0
195.0
204.0
169.0
195.0
199.0
195.0
199.0
221.0
247.0
256.0
221.0
229.0
247.0
221.0
221.0
195.0
221.0
191.0
165.0
165.0
191.0
165.0
199.0
191.0
191.0
191.0
191.0
165.0
195.0
169.0
195.0
169.0
195.0
165.0
203.0
195.0
193.0
195.0
215.0
189.0
216.0
215.0
185.0
163.0
189.0
163.0
163.0
189.0
189.0
167.0
163.0
201.0
189.0
189.0
163.0
191.0
220.0
189.0
191.0
191.0
189.0
189.0
224.0
215.0
163.0
220.0
168.0
168.0
189.0
163.0
189.0
167.0
163.0
163.0
163.0
189.0
195.0
217.0
221.0
237.0
247.0
221.0
247.0
254.0
247.0
221.0
221.0
195.0
195.0
195.0
195.0
169.0
159.0
195.0
204.0
169.0
169.0
195.0
195.0
195.0
164.0
205.0
195.0
247.0
246.0
221.0
219.0
195.0
195.0
195.0
221.0
221.0
195.0
169.0
195.0
169.0
169.0
173.0
195.0
195.0
160.0
160.0
170.0
179.0
191.0
171.0
197.0
212.0
223.0
197.0
197.0
208.0
223.0
197.0
197.0
197.0
223.0
197.0
171.0
171.0
197.0
171.0
200.0
197.0
190.0
171.0
193.0
166.0
616.0
874.0
874.0
952.0
874.0
888.0
862.0
892.0
874.0
744.0
458.0
368.0
290.0
264.0
235.0
238.0
139.0
198.0
221.0
247.0
266.0
273.0
282.0
247.0
221.0
247.0
221.0
197.0
195.0
194.0
220.0
178.0
171.0
171.0
171.0
171.0
197.0
168.0
156.0
168.0
194.0
198.0
570.0
819.0
819.0
899.0
839.0
847.0
834.0
834.0
810.0
691.0
481.0
353.0
288.0
253.0
223.0
235.0
196.0
195.0
197.0
186.0
197.0
223.0
197.0
340.0
548.0
851.0
834.0
912.0
842.0
860.0
834.0
834.0
834.0
691.0
457.0
348.0
301.0
249.0
225.0
251.0
225.0
189.0
199.0
199.0
199.0
199.0
225.0
329.0
563.0
849.0
857.0
953.0
849.0
901.0
875.0
901.0
849.0
719.0
485.0
381.0
303.0
277.0
251.0
251.0
199.0
199.0
232.0
199.0
194.0
225.0
220.0
312.0
562.0
894.0
900.0
954.0
850.0
902.0
902.0
902.0
876.0
715.0
455.0
377.0
325.0
273.0
273.0
258.0
247.0
195.0
221.0
221.0
221.0
195.0
221.0
351.0
597.0
871.0
897.0
954.0
850.0
902.0
902.0
902.0
850.0
720.0
460.0
356.0
278.0
221.0
247.0
247.0
195.0
195.0
201.0
195.0
195.0
199.0
199.0
199.0
251.0
273.0
303.0
303.0
321.0
312.0
321.0
324.0
295.0
241.0
241.0
215.0
213.0
225.0
189.0
171.0
189.0
189.0
189.0
184.0
184.0
184.0
169.0
196.0
241.0
270.0
292.0
304.0
293.0
292.0
292.0
292.0
318.0
272.0
246.0
246.0
220.0
220.0
194.0
168.0
194.0
194.0
194.0
220.0
168.0
197.0
197.0
189.0
582.0
865.0
920.0
998.0
868.0
948.0
920.0
920.0
894.0
738.0
510.0
374.0
322.0
244.0
218.0
244.0
192.0
192.0
218.0
197.0
197.0
197.0
223.0
322.0
608.0
894.0
899.0
977.0
865.0
899.0
873.0
873.0
873.0
717.0
483.0
379.0
301.0
275.0
245.0
249.0
223.0
197.0
223.0
197.0
223.0
197.0
223.0
327.0
613.0
873.0
899.0
953.0
847.0
899.0
873.0
873.0
847.0
717.0
458.0
379.0
327.0
273.0
273.0
247.0
210.0
392.0
403.0
403.0
403.0
398.0
424.0
444.0
502.0
585.0
560.0
637.0
637.0
581.0
876.0
866.0
866.0
710.0
502.0
339.0
299.0
273.0
255.0
247.0
221.0
183.0
221.0
195.0
221.0
195.0
226.0
361.0
616.0
876.0
902.0
954.0
850.0
876.0
872.0
902.0
850.0
746.0
460.0
356.0
278.0
275.0
226.0
252.0
200.0
184.0
200.0
200.0
200.0
200.0
206.0
226.0
226.0
278.0
278.0
299.0
276.0
299.0
304.0
304.0
304.0
278.0
252.0
226.0
249.0
200.0
160.0
164.0
197.0
171.0
184.0
197.0
197.0
168.0
197.0
186.0
223.0
249.0
275.0
275.0
275.0
275.0
275.0
275.0
275.0
275.0
223.0
223.0
207.0
195.0
184.0
158.0
184.0
184.0
184.0
158.0
158.0
184.0
184.0
198.0
574.0
860.0
903.0
938.0
860.0
912.0
912.0
868.0
868.0
738.0
465.0
374.0
295.0
270.0
244.0
244.0
218.0
218.0
192.0
218.0
192.0
218.0
218.0
348.0
556.0
842.0
868.0
920.0
842.0
868.0
894.0
868.0
835.0
712.0
462.0
374.0
322.0
273.0
247.0
237.0
195.0
230.0
195.0
195.0
195.0
221.0
218.0
316.0
608.0
842.0
868.0
924.0
842.0
868.0
868.0
842.0
842.0
712.0
452.0
374.0
315.0
270.0
244.0
244.0
194.0
218.0
192.0
192.0
192.0
192.0
197.0
322.0
582.0
847.0
839.0
925.0
847.0
899.0
873.0
847.0
847.0
717.0
457.0
327.0
275.0
249.0
223.0
252.0
195.0
195.0
195.0
167.0
195.0
206.0
195.0
301.0
561.0
847.0
873.0
951.0
819.0
865.0
847.0
847.0
813.0
689.0
423.0
319.0
293.0
241.0
213.0
241.0
189.0
163.0
192.0
189.0
163.0
172.0
174.0
226.0
241.0
267.0
278.0
293.0
278.0
304.0
304.0
267.0
256.0
207.0
226.0
200.0
226.0
200.0
206.0
174.0
200.0
174.0
206.0
174.0
174.0
174.0
200.0
169.0
169.0
221.0
195.0
247.0
195.0
221.0
221.0
221.0
221.0
195.0
224.0
188.0
160.0
199.0
166.0
166.0
192.0
198.0
168.0
197.0
163.0
189.0
189.0
172.0
554.0
821.0
845.0
920.0
842.0
868.0
868.0
842.0
842.0
715.0
452.0
374.0
328.0
273.0
244.0
244.0
218.0
192.0
213.0
192.0
192.0
192.0
218.0
296.0
556.0
842.0
842.0
946.0
816.0
894.0
842.0
842.0
816.0
712.0
452.0
348.0
293.0
241.0
232.0
241.0
194.0
189.0
200.0
189.0
192.0
196.0
221.0
297.0
556.0
855.0
816.0
920.0
830.0
868.0
816.0
807.0
821.0
677.0
452.0
353.0
290.0
249.0
249.0
249.0
195.0
195.0
174.0
226.0
174.0
174.0
226.0
304.0
530.0
815.0
824.0
900.0
758.0
842.0
816.0
764.0
816.0
686.0
440.0
348.0
299.0
258.0
247.0
261.0
173.0
195.0
194.0
229.0
192.0
192.0
218.0
296.0
530.0
816.0
847.0
894.0
790.0
842.0
807.0
807.0
781.0
625.0
417.0
325.0
299.0
247.0
221.0
221.0
195.0
221.0
195.0
195.0
193.0
169.0
169.0
221.0
221.0
270.0
291.0
299.0
244.0
296.0
301.0
300.0
301.0
249.0
223.0
223.0
197.0
197.0
223.0
171.0
197.0
171.0
197.0
197.0
171.0
189.0
189.0
197.0
229.0
238.0
275.0
275.0
278.0
275.0
275.0
275.0
249.0
248.0
223.0
230.0
210.0
197.0
193.0
171.0
186.0
197.0
171.0
197.0
171.0
174.0
189.0
331.0
590.0
845.0
845.0
893.0
815.0
842.0
816.0
819.0
790.0
645.0
452.0
351.0
299.0
247.0
247.0
221.0
195.0
195.0
195.0
166.0
192.0
166.0
218.0
328.0
546.0
790.0
816.0
894.0
790.0
816.0
816.0
816.0
790.0
660.0
452.0
348.0
299.0
223.0
223.0
223.0
195.0
195.0
171.0
195.0
197.0
171.0
197.0
322.0
530.0
795.0
842.0
894.0
790.0
842.0
816.0
804.0
790.0
660.0
426.0
327.0
299.0
247.0
218.0
223.0
171.0
197.0
197.0
206.0
197.0
200.0
223.0
329.0
563.0
816.0
868.0
920.0
790.0
868.0
842.0
842.0
816.0
683.0
452.0
374.0
299.0
247.0
221.0
212.0
195.0
169.0
195.0
169.0
195.0
195.0
195.0
295.0
559.0
764.0
807.0
847.0
763.0
823.0
789.0
763.0
778.0
607.0
399.0
321.0
273.0
217.0
191.0
219.0
165.0
171.0
171.0
171.0
171.0
171.0
171.0
164.0
182.0
246.0
249.0
249.0
221.0
249.0
275.0
249.0
231.0
223.0
197.0
197.0
164.0
171.0
171.0
138.0
189.0
166.0
177.0
166.0
138.0
166.0
166.0
171.0
192.0
229.0
238.0
274.0
221.0
264.0
273.0
274.0
274.0
274.0
195.0
169.0
200.0
166.0
167.0
167.0
167.0
167.0
167.0
167.0
132.0
167.0
159.0
180.0
502.0
812.0
819.0
894.0
819.0
872.0
872.0
846.0
842.0
348.0
794.0
378.0
328.0
257.0
222.0
218.0
196.0
196.0
192.0
199.0
192.0
196.0
196.0
296.0
560.0
820.0
847.0
920.0
816.0
868.0
868.0
849.0
809.0
686.0
449.0
378.0
300.0
248.0
222.0
222.0
196.0
196.0
196.0
196.0
196.0
170.0
222.0
288.0
560.0
816.0
842.0
894.0
816.0
842.0
816.0
816.0
790.0
686.0
452.0
348.0
270.0
244.0
244.0
218.0
192.0
192.0
192.0
192.0
192.0
192.0
218.0
296.0
530.0
816.0
842.0
842.0
307.0
842.0
816.0
816.0
816.0
657.0
429.0
359.0
295.0
269.0
217.0
220.0
222.0
196.0
196.0
196.0
198.0
196.0
196.0
300.0
534.0
790.0
820.0
872.0
820.0
846.0
820.0
820.0
794.0
690.0
465.0
352.0
300.0
172.0
198.0
224.0
255.0
196.0
177.0
203.0
199.0
177.0
177.0
160.0
197.0
223.0
275.0
249.0
275.0
275.0
247.0
275.0
275.0
275.0
401.0
189.0
271.0
155.0
271.0
193.0
219.0
204.0
219.0
226.0
223.0
185.0
223.0
217.0
275.0
275.0
273.0
273.0
273.0
299.0
299.0
299.0
247.0
247.0
221.0
234.0
221.0
221.0
172.0
195.0
221.0
195.0
192.0
189.0
189.0
194.0
189.0
189.0
189.0
215.0
252.0
238.0
241.0
215.0
215.0
215.0
215.0
215.0
215.0
241.0
215.0
189.0
163.0
215.0
219.0
193.0
189.0
215.0
182.0
189.0
187.0
576.0
885.0
885.0
948.0
859.0
911.0
911.0
911.0
929.0
770.0
547.0
417.0
365.0
287.0
235.0
260.0
209.0
235.0
223.0
223.0
223.0
209.0
209.0
313.0
606.0
859.0
885.0
932.0
807.0
885.0
885.0
887.0
885.0
729.0
521.0
395.0
343.0
291.0
247.0
273.0
221.0
221.0
221.0
221.0
221.0
221.0
221.0
325.0
611.0
871.0
863.0
920.0
813.0
865.0
886.0
845.0
880.0
739.0
507.0
363.0
348.0
270.0
257.0
265.0
218.0
192.0
210.0
217.0
217.0
191.0
217.0
347.0
607.0
841.0
867.0
919.0
841.0
888.0
898.0
893.0
841.0
724.0
512.0
425.0
352.0
265.0
239.0
265.0
213.0
213.0
213.0
213.0
187.0
196.0
213.0
369.0
577.0
837.0
889.0
915.0
811.0
863.0
863.0
858.0
863.0
713.0
499.0
369.0
343.0
265.0
265.0
265.0
213.0
227.0
213.0
217.0
213.0
213.0
213.0
213.0
265.0
303.0
291.0
343.0
265.0
291.0
291.0
291.0
291.0
265.0
213.0
213.0
213.0
187.0
213.0
161.0
161.0
187.0
213.0
187.0
201.0
227.0
201.0
201.0
213.0
249.0
275.0
269.0
243.0
239.0
271.0
275.0
269.0
243.0
255.0
249.0
217.0
217.0
217.0
165.0
191.0
217.0
191.0
191.0
217.0
191.0
189.0
201.0
581.0
919.0
924.0
947.0
867.0
919.0
919.0
928.0
867.0
763.0
529.0
451.0
321.0
295.0
243.0
243.0
217.0
217.0
243.0
212.0
217.0
217.0
217.0
347.0
633.0
867.0
893.0
919.0
815.0
898.0
893.0
893.0
867.0
763.0
503.0
425.0
373.0
295.0
258.0
243.0
215.0
245.0
255.0
229.0
229.0
203.0
255.0
359.0
619.0
879.0
905.0
951.0
821.0
899.0
899.0
873.0
873.0
776.0
538.0
431.0
379.0
301.0
255.0
241.0
223.0
223.0
213.0
213.0
213.0
187.0
239.0
317.0
629.0
837.0
889.0
932.0
837.0
889.0
902.0
889.0
837.0
761.0
523.0
445.0
367.0
293.0
265.0
243.0
226.0
243.0
191.0
217.0
191.0
217.0
217.0
347.0
607.0
841.0
884.0
919.0
841.0
867.0
867.0
841.0
815.0
711.0
451.0
377.0
321.0
269.0
217.0
243.0
217.0
191.0
165.0
191.0
165.0
159.0
185.0
187.0
187.0
213.0
241.0
267.0
250.0
255.0
255.0
281.0
281.0
281.0
229.0
229.0
229.0
203.0
229.0
177.0
203.0
203.0
177.0
156.0
203.0
203.0
167.0
196.0
197.0
223.0
265.0
275.0
254.0
239.0
249.0
249.0
249.0
223.0
251.0
211.0
211.0
211.0
189.0
159.0
185.0
159.0
186.0
185.0
161.0
159.0
195.0
198.0
575.0
887.0
887.0
945.0
893.0
893.0
919.0
893.0
867.0
764.0
555.0
451.0
373.0
295.0
243.0
243.0
217.0
217.0
191.0
209.0
213.0
187.0
213.0
315.0
601.0
835.0
861.0
916.0
809.0
899.0
899.0
840.0
873.0
740.0
540.0
419.0
367.0
301.0
249.0
247.0
223.0
223.0
223.0
223.0
181.0
223.0
223.0
346.0
613.0
899.0
925.0
951.0
847.0
899.0
899.0
899.0
873.0
756.0
535.0
431.0
327.0
275.0
249.0
249.0
223.0
223.0
213.0
187.0
187.0
213.0
213.0
317.0
576.0
889.0
924.0
941.0
846.0
898.0
889.0
889.0
863.0
759.0
577.0
484.0
369.0
291.0
267.0
241.0
215.0
215.0
241.0
215.0
213.0
213.0
215.0
384.0
655.0
863.0
889.0
941.0
863.0
889.0
889.0
904.0
863.0
758.0
526.0
448.0
365.0
318.0
273.0
241.0
227.0
188.0
214.0
188.0
193.0
196.0
188.0
266.0
292.0
352.0
318.0
344.0
326.0
318.0
318.0
344.0
318.0
292.0
269.0
272.0
234.0
241.0
215.0
163.0
189.0
214.0
213.0
188.0
189.0
189.0
230.0
195.0
188.0
241.0
215.0
241.0
267.0
241.0
214.0
240.0
253.0
214.0
240.0
240.0
253.0
214.0
214.0
156.0
201.0
227.0
195.0
227.0
197.0
201.0
227.0
348.0
639.0
899.0
925.0
1020.0
903.0
942.0
941.0
916.0
916.0
786.0
526.0
422.0
370.0
318.0
266.0
240.0
214.0
214.0
214.0
240.0
216.0
214.0
214.0
370.0
630.0
916.0
962.0
1046.0
916.0
942.0
942.0
916.0
916.0
799.0
526.0
461.0
391.0
331.0
248.0
253.0
227.0
223.0
223.0
218.0
223.0
223.0
223.0
379.0
665.0
873.0
951.0
1003.0
899.0
925.0
913.0
925.0
899.0
769.0
535.0
457.0
383.0
331.0
279.0
253.0
227.0
227.0
215.0
227.0
227.0
201.0
227.0
370.0
604.0
904.0
916.0
942.0
838.0
883.0
902.0
890.0
864.0
760.0
500.0
396.0
388.0
319.0
266.0
241.0
215.0
215.0
215.0
241.0
215.0
215.0
215.0
345.0
606.0
865.0
887.0
917.0
813.0
865.0
865.0
865.0
852.0
709.0
474.0
371.0
314.0
276.0
203.0
255.0
196.0
229.0
203.0
229.0
208.0
177.0
203.0
196.0
208.0
274.0
281.0
307.0
307.0
281.0
262.0
255.0
281.0
255.0
229.0
255.0
187.0
229.0
203.0
177.0
203.0
229.0
229.0
229.0
229.0
199.0
222.0
203.0
255.0
270.0
333.0
344.0
318.0
307.0
307.0
281.0
281.0
281.0
255.0
255.0
255.0
229.0
229.0
177.0
197.0
203.0
203.0
203.0
222.0
204.0
204.0
204.0
579.0
891.0
917.0
969.0
890.0
943.0
917.0
917.0
891.0
787.0
535.0
423.0
319.0
267.0
221.0
241.0
189.0
189.0
189.0
215.0
189.0
189.0
189.0
371.0
605.0
839.0
891.0
950.0
865.0
871.0
891.0
891.0
865.0
735.0
501.0
449.0
346.0
265.0
215.0
241.0
215.0
189.0
189.0
215.0
189.0
215.0
215.0
353.0
639.0
873.0
925.0
951.0
847.0
895.0
895.0
921.0
895.0
765.0
509.0
453.0
349.0
271.0
245.0
245.0
223.0
206.0
197.0
189.0
197.0
197.0
223.0
353.0
613.0
908.0
925.0
951.0
873.0
925.0
925.0
925.0
903.0
795.0
535.0
457.0
352.0
274.0
274.0
248.0
222.0
222.0
216.0
222.0
222.0
248.0
248.0
371.0
632.0
910.0
944.0
996.0
892.0
944.0
918.0
892.0
892.0
754.0
502.0
398.0
320.0
273.0
242.0
242.0
216.0
216.0
216.0
190.0
216.0
190.0
216.0
196.0
248.0
248.0
248.0
262.0
274.0
274.0
274.0
248.0
248.0
245.0
222.0
248.0
222.0
222.0
222.0
166.0
196.0
222.0
214.0
196.0
222.0
196.0
215.0
196.0
222.0
248.0
260.0
274.0
274.0
248.0
274.0
269.0
234.0
248.0
257.0
242.0
222.0
196.0
196.0
170.0
192.0
199.0
192.0
192.0
192.0
189.0
222.0
345.0
639.0
925.0
982.0
1003.0
951.0
937.0
951.0
951.0
951.0
795.0
547.0
454.0
353.0
301.0
249.0
249.0
223.0
255.0
198.0
243.0
217.0
191.0
217.0
373.0
639.0
925.0
951.0
977.0
899.0
925.0
925.0
899.0
899.0
743.0
535.0
431.0
379.0
301.0
267.0
249.0
223.0
249.0
197.0
223.0
197.0
197.0
223.0
353.0
613.0
847.0
899.0
959.0
833.0
899.0
899.0
899.0
862.0
753.0
509.0
403.0
353.0
310.0
267.0
241.0
223.0
220.0
197.0
223.0
189.0
163.0
214.0
370.0
578.0
889.0
916.0
942.0
864.0
890.0
865.0
907.0
865.0
735.0
449.0
371.0
353.0
293.0
241.0
245.0
215.0
189.0
177.0
203.0
229.0
189.0
200.0
371.0
697.0
853.0
906.0
957.0
879.0
905.0
896.0
163.0
163.0
163.0
170.0
163.0
196.0
206.0
206.0
220.0
196.0
201.0
222.0
194.0
196.0
193.0
205.0
163.0
199.0
189.0
163.0
174.0
163.0
163.0
163.0
163.0
180.0
163.0
176.0
163.0
197.0
197.0
232.0
255.0
215.0
225.0
215.0
215.0
227.0
203.0
204.0
187.0
163.0
198.0
163.0
189.0
189.0
189.0
163.0
163.0
189.0
163.0
170.0
483.0
683.0
683.0
787.0
722.0
804.0
798.0
761.0
777.0
657.0
487.0
345.0
267.0
267.0
218.0
165.0
189.0
189.0
163.0
163.0
189.0
189.0
163.0
295.0
503.0
763.0
763.0
815.0
711.0
763.0
769.0
789.0
763.0
633.0
452.0
345.0
293.0
243.0
230.0
165.0
191.0
191.0
159.0
191.0
165.0
191.0
191.0
269.0
513.0
789.0
789.0
841.0
737.0
815.0
789.0
815.0
789.0
659.0
455.0
360.0
295.0
264.0
243.0
165.0
191.0
191.0
201.0
196.0
191.0
203.0
197.0
281.0
515.0
801.0
801.0
853.0
775.0
825.0
825.0
825.0
801.0
663.0
461.0
357.0
279.0
222.0
181.0
155.0
155.0
129.0
175.0
129.0
145.0
149.0
175.0
135.0
175.0
201.0
201.0
201.0
201.0
227.0
201.0
201.0
227.0
201.0
201.0
201.0
175.0
159.0
175.0
175.0
149.0
175.0
175.0
171.0
149.0
151.0
177.0
151.0
139.0
177.0
177.0
197.0
167.0
203.0
196.0
197.0
203.0
177.0
182.0
203.0
177.0
177.0
151.0
177.0
151.0
172.0
177.0
151.0
151.0
151.0
177.0
144.0
471.0
801.0
827.0
868.0
777.0
830.0
827.0
827.0
793.0
657.0
454.0
351.0
335.0
247.0
215.0
200.0
189.0
189.0
163.0
165.0
189.0
163.0
191.0
295.0
503.0
789.0
823.0
841.0
752.0
830.0
789.0
789.0
763.0
659.0
425.0
347.0
295.0
243.0
217.0
191.0
165.0
191.0
172.0
165.0
191.0
165.0
185.0
269.0
503.0
763.0
763.0
841.0
752.0
778.0
763.0
789.0
763.0
626.0
423.0
293.0
267.0
221.0
241.0
189.0
163.0
189.0
163.0
163.0
163.0
163.0
189.0
279.0
501.0
761.0
755.0
813.0
726.0
778.0
771.0
761.0
735.0
623.0
427.0
345.0
267.0
247.0
219.0
193.0
193.0
193.0
167.0
193.0
167.0
193.0
193.0
297.0
531.0
754.0
775.0
827.0
726.0
792.0
791.0
775.0
739.0
635.0
437.0
310.0
271.0
221.0
219.0
193.0
167.0
175.0
180.0
167.0
167.0
167.0
167.0
161.0
167.0
193.0
193.0
204.0
189.0
219.0
219.0
194.0
212.0
193.0
193.0
193.0
193.0
167.0
167.0
167.0
167.0
193.0
167.0
141.0
167.0
167.0
167.0
167.0
167.0
206.0
217.0
201.0
219.0
219.0
219.0
217.0
219.0
219.0
191.0
191.0
184.0
165.0
191.0
167.0
143.0
191.0
158.0
167.0
167.0
143.0
189.0
273.0
509.0
767.0
772.0
816.0
714.0
804.0
760.0
760.0
760.0
635.0
427.0
349.0
297.0
247.0
217.0
191.0
165.0
165.0
165.0
165.0
165.0
165.0
191.0
243.0
503.0
750.0
737.0
789.0
706.0
752.0
763.0
737.0
723.0
633.0
455.0
349.0
271.0
243.0
217.0
191.0
167.0
193.0
167.0
167.0
193.0
169.0
193.0
271.0
481.0
749.0
749.0
783.0
713.0
758.0
737.0
778.0
737.0
609.0
438.0
350.0
272.0
245.0
193.0
193.0
167.0
196.0
167.0
167.0
193.0
167.0
202.0
271.0
427.0
635.0
739.0
817.0
687.0
767.0
775.0
791.0
765.0
661.0
443.0
357.0
331.0
253.0
230.0
200.0
164.0
201.0
201.0
175.0
201.0
169.0
191.0
265.0
529.0
737.0
789.0
815.0
737.0
759.0
763.0
790.0
737.0
633.0
425.0
317.0
272.0
229.0
203.0
206.0
177.0
194.0
177.0
179.0
177.0
177.0
177.0
161.0
203.0
281.0
281.0
281.0
281.0
281.0
275.0
274.0
281.0
255.0
219.0
219.0
193.0
193.0
193.0
167.0
167.0
193.0
167.0
193.0
167.0
167.0
167.0
167.0
193.0
255.0
245.0
245.0
219.0
271.0
271.0
271.0
271.0
219.0
193.0
219.0
194.0
194.0
171.0
160.0
160.0
160.0
186.0
160.0
156.0
160.0
199.0
273.0
472.0
758.0
784.0
836.0
773.0
810.0
779.0
758.0
784.0
662.0
454.0
368.0
290.0
238.0
212.0
186.0
160.0
186.0
186.0
186.0
186.0
186.0
204.0
290.0
498.0
758.0
770.0
810.0
732.0
784.0
758.0
758.0
732.0
634.0
420.0
342.0
290.0
238.0
212.0
184.0
160.0
197.0
158.0
186.0
186.0
186.0
186.0
290.0
524.0
758.0
789.0
841.0
736.0
801.0
789.0
789.0
789.0
633.0
451.0
308.0
269.0
247.0
217.0
191.0
165.0
175.0
165.0
191.0
165.0
170.0
191.0
281.0
529.0
763.0
789.0
841.0
735.0
815.0
815.0
815.0
789.0
695.0
445.0
347.0
321.0
269.0
225.0
191.0
165.0
191.0
191.0
191.0
192.0
165.0
191.0
295.0
529.0
815.0
815.0
831.0
743.0
815.0
789.0
789.0
775.0
633.0
451.0
321.0
269.0
273.0
219.0
191.0
165.0
191.0
165.0
191.0
165.0
165.0
161.0
174.0
193.0
219.0
255.0
281.0
225.0
281.0
255.0
255.0
261.0
229.0
229.0
185.0
203.0
203.0
177.0
177.0
177.0
177.0
177.0
203.0
177.0
196.0
135.0
161.0
165.0
197.0
196.0
196.0
222.0
222.0
222.0
196.0
222.0
196.0
196.0
222.0
196.0
196.0
165.0
165.0
167.0
204.0
167.0
179.0
167.0
139.0
189.0
156.0
509.0
763.0
791.0
867.0
769.0
795.0
817.0
791.0
765.0
635.0
454.0
375.0
297.0
271.0
219.0
198.0
167.0
182.0
193.0
193.0
178.0
163.0
191.0
295.0
529.0
789.0
763.0
841.0
763.0
789.0
789.0
789.0
753.0
654.0
449.0
373.0
295.0
275.0
217.0
184.0
165.0
191.0
191.0
179.0
191.0
191.0
190.0
288.0
529.0
789.0
789.0
841.0
737.0
801.0
789.0
790.0
789.0
659.0
441.0
311.0
306.0
244.0
207.0
220.0
155.0
191.0
194.0
181.0
203.0
203.0
229.0
307.0
541.0
775.0
827.0
853.0
735.0
827.0
827.0
801.0
801.0
697.0
463.0
359.0
269.0
255.0
229.0
255.0
167.0
203.0
177.0
203.0
203.0
177.0
203.0
307.0
541.0
775.0
802.0
879.0
743.0
815.0
789.0
789.0
763.0
633.0
399.0
295.0
243.0
221.0
217.0
243.0
160.0
191.0
165.0
174.0
191.0
163.0
165.0
168.0
191.0
295.0
295.0
269.0
243.0
286.0
269.0
271.0
264.0
243.0
191.0
191.0
191.0
165.0
165.0
165.0
165.0
165.0
165.0
165.0
159.0
165.0
165.0
165.0
191.0
273.0
281.0
269.0
269.0
269.0
243.0
243.0
255.0
229.0
203.0
203.0
181.0
155.0
156.0
155.0
155.0
181.0
173.0
155.0
155.0
155.0
196.0
169.0
467.0
811.0
808.0
883.0
778.0
815.0
843.0
791.0
801.0
661.0
463.0
359.0
307.0
271.0
229.0
245.0
203.0
401.0
399.0
399.0
399.0
427.0
428.0
451.0
503.0
555.0
555.0
581.0
583.0
557.0
531.0
529.0
789.0
659.0
425.0
399.0
285.0
271.0
245.0
245.0
219.0
191.0
191.0
191.0
191.0
193.0
191.0
291.0
503.0
763.0
789.0
841.0
765.0
815.0
789.0
789.0
737.0
563.0
373.0
295.0
253.0
195.0
205.0
243.0
139.0
165.0
165.0
139.0
139.0
165.0
143.0
169.0
172.0
169.0
169.0
217.0
191.0
165.0
169.0
169.0
165.0
153.0
143.0
169.0
143.0
139.0
161.0
139.0
139.0
159.0
131.0
165.0
165.0
139.0
139.0
165.0
179.0
165.0
171.0
249.0
217.0
196.0
182.0
181.0
167.0
167.0
167.0
167.0
171.0
167.0
167.0
161.0
141.0
167.0
167.0
143.0
170.0
143.0
143.0
139.0
165.0
191.0
191.0
187.0
191.0
191.0
196.0
191.0
191.0
165.0
165.0
165.0
131.0
165.0
165.0
137.0
137.0
166.0
165.0
165.0
191.0
143.0
518.0
789.0
767.0
765.0
713.0
778.0
763.0
765.0
737.0
633.0
425.0
321.0
269.0
217.0
191.0
145.0
191.0
191.0
161.0
165.0
165.0
165.0
191.0
295.0
529.0
816.0
841.0
841.0
797.0
838.0
815.0
815.0
789.0
686.0
451.0
347.0
295.0
243.0
226.0
250.0
191.0
191.0
191.0
191.0
191.0
165.0
217.0
269.0
529.0
815.0
841.0
885.0
789.0
841.0
815.0
815.0
789.0
684.0
477.0
373.0
347.0
247.0
221.0
247.0
195.0
191.0
195.0
195.0
191.0
165.0
191.0
295.0
529.0
815.0
841.0
893.0
815.0
867.0
856.0
841.0
789.0
685.0
451.0
321.0
295.0
243.0
223.0
243.0
191.0
191.0
191.0
191.0
191.0
165.0
205.0
295.0
529.0
815.0
815.0
867.0
789.0
815.0
823.0
815.0
789.0
685.0
466.0
361.0
295.0
269.0
243.0
237.0
191.0
191.0
197.0
165.0
185.0
165.0
217.0
269.0
529.0
815.0
841.0
893.0
817.0
869.0
843.0
855.0
810.0
715.0
467.0
365.0
271.0
217.0
219.0
245.0
165.0
165.0
165.0
165.0
165.0
165.0
165.0
165.0
191.0
217.0
215.0
195.0
195.0
217.0
217.0
229.0
243.0
217.0
200.0
191.0
165.0
191.0
159.0
165.0
165.0
165.0
168.0
165.0
165.0
165.0
163.0
167.0
191.0
193.0
217.0
217.0
217.0
217.0
212.0
217.0
217.0
217.0
191.0
191.0
191.0
207.0
184.0
168.0
187.0
168.0
191.0
165.0
196.0
165.0
185.0
295.0
500.0
815.0
870.0
919.0
818.0
867.0
841.0
841.0
815.0
714.0
451.0
373.0
298.0
247.0
217.0
243.0
191.0
243.0
243.0
243.0
236.0
243.0
255.0
347.0
503.0
789.0
841.0
863.0
802.0
789.0
763.0
763.0
728.0
659.0
451.0
410.0
344.0
299.0
271.0
272.0
269.0
269.0
295.0
276.0
281.0
295.0
295.0
373.0
503.0
711.0
763.0
841.0
737.0
774.0
774.0
748.0
748.0
670.0
462.0
403.0
358.0
332.0
332.0
306.0
219.0
202.0
219.0
202.0
228.0
202.0
228.0
332.0
529.0
841.0
845.0
919.0
826.0
835.0
852.0
852.0
852.0
722.0
488.0
384.0
311.0
280.0
254.0
228.0
228.0
202.0
228.0
228.0
215.0
228.0
228.0
332.0
566.0
826.0
878.0
930.0
826.0
878.0
878.0
878.0
878.0
722.0
462.0
358.0
280.0
273.0
254.0
228.0
176.0
176.0
176.0
176.0
176.0
167.0
176.0
169.0
181.0
273.0
299.0
299.0
299.0
284.0
273.0
273.0
273.0
273.0
218.0
221.0
200.0
193.0
195.0
169.0
169.0
169.0
169.0
169.0
169.0
165.0
165.0
169.0
195.0
273.0
269.0
295.0
273.0
299.0
299.0
286.0
273.0
273.0
221.0
221.0
182.0
195.0
198.0
165.0
175.0
191.0
202.0
202.0
181.0
203.0
203.0
295.0
488.0
742.0
800.0
855.0
799.0
826.0
826.0
774.0
774.0
665.0
436.0
358.0
306.0
273.0
280.0
225.0
217.0
184.0
217.0
191.0
191.0
188.0
191.0
309.0
529.0
737.0
789.0
841.0
763.0
815.0
789.0
789.0
789.0
685.0
477.0
373.0
321.0
243.0
250.0
217.0
217.0
191.0
215.0
190.0
203.0
191.0
191.0
269.0
507.0
789.0
815.0
893.0
789.0
841.0
815.0
815.0
789.0
688.0
451.0
347.0
295.0
269.0
243.0
220.0
217.0
191.0
191.0
191.0
191.0
191.0
191.0
295.0
503.0
820.0
841.0
919.0
815.0
880.0
841.0
841.0
815.0
711.0
477.0
373.0
347.0
255.0
247.0
211.0
217.0
217.0
199.0
191.0
191.0
191.0
191.0
321.0
581.0
841.0
867.0
927.0
810.0
867.0
841.0
841.0
815.0
711.0
451.0
321.0
280.0
221.0
202.0
176.0
202.0
176.0
176.0
202.0
176.0
176.0
202.0
176.0
202.0
306.0
306.0
306.0
254.0
306.0
306.0
306.0
306.0
280.0
228.0
202.0
199.0
199.0
173.0
173.0
199.0
173.0
173.0
200.0
173.0
173.0
173.0
167.0
199.0
251.0
225.0
243.0
225.0
251.0
251.0
251.0
251.0
225.0
225.0
199.0
199.0
225.0
194.0
173.0
199.0
173.0
199.0
173.0
199.0
173.0
196.0
165.0
563.0
849.0
877.0
953.0
849.0
904.0
878.0
904.0
878.0
748.0
459.0
384.0
306.0
280.0
254.0
225.0
202.0
226.0
181.0
202.0
202.0
202.0
193.0
332.0
566.0
876.0
904.0
956.0
852.0
870.0
904.0
878.0
852.0
748.0
462.0
384.0
306.0
273.0
254.0
228.0
228.0
202.0
184.0
202.0
228.0
183.0
202.0
332.0
566.0
888.0
904.0
956.0
847.0
904.0
904.0
878.0
841.0
714.0
451.0
373.0
303.0
277.0
251.0
251.0
225.0
225.0
211.0
199.0
199.0
181.0
226.0
329.0
563.0
849.0
867.0
956.0
826.0
884.0
888.0
878.0
878.0
721.0
540.0
421.0
358.0
280.0
254.0
254.0
202.0
202.0
202.0
202.0
202.0
176.0
228.0
332.0
552.0
852.0
878.0
912.0
826.0
878.0
878.0
852.0
852.0
722.0
514.0
377.0
332.0
254.0
228.0
254.0
178.0
202.0
202.0
176.0
176.0
176.0
202.0
205.0
193.0
283.0
280.0
298.0
280.0
306.0
309.0
305.0
289.0
274.0
222.0
227.0
222.0
182.0
196.0
167.0
191.0
193.0
167.0
193.0
193.0
167.0
167.0
193.0
193.0
219.0
245.0
233.0
219.0
274.0
272.0
248.0
248.0
219.0
196.0
196.0
196.0
196.0
196.0
176.0
176.0
202.0
196.0
170.0
176.0
170.0
196.0
191.0
560.0
846.0
872.0
950.0
835.0
893.0
872.0
867.0
867.0
711.0
456.0
340.0
300.0
269.0
243.0
243.0
202.0
202.0
202.0
204.0
176.0
202.0
228.0
332.0
566.0
846.0
878.0
956.0
826.0
904.0
904.0
904.0
878.0
737.0
451.0
373.0
304.0
269.0
243.0
235.0
191.0
191.0
191.0
191.0
191.0
201.0
217.0
321.0
607.0
856.0
893.0
950.0
838.0
893.0
893.0
867.0
841.0
702.0
453.0
311.0
282.0
247.0
254.0
254.0
202.0
228.0
202.0
202.0
202.0
202.0
228.0
332.0
620.0
889.0
930.0
982.0
859.0
934.0
904.0
905.0
852.0
748.0
462.0
358.0
306.0
254.0
254.0
254.0
228.0
202.0
228.0
202.0
202.0
202.0
202.0
332.0
566.0
878.0
904.0
919.0
856.0
841.0
763.0
763.0
763.0
581.0
379.0
295.0
269.0
254.0
243.0
244.0
206.0
173.0
173.0
199.0
173.0
173.0
173.0
199.0
228.0
251.0
277.0
251.0
225.0
225.0
251.0
225.0
251.0
225.0
199.0
199.0
173.0
199.0
173.0
173.0
199.0
173.0
173.0
199.0
139.0
173.0
135.0
199.0
225.0
251.0
277.0
273.0
277.0
251.0
225.0
251.0
225.0
199.0
191.0
199.0
217.0
168.0
165.0
165.0
165.0
165.0
199.0
165.0
165.0
165.0
192.0
198.0
549.0
818.0
815.0
893.0
841.0
841.0
841.0
841.0
827.0
685.0
477.0
347.0
295.0
243.0
217.0
243.0
191.0
191.0
191.0
191.0
189.0
217.0
191.0
358.0
566.0
852.0
852.0
930.0
852.0
878.0
852.0
852.0
852.0
682.0
459.0
355.0
303.0
251.0
225.0
251.0
225.0
196.0
199.0
199.0
199.0
199.0
222.0
329.0
563.0
850.0
875.0
953.0
843.0
895.0
869.0
888.0
836.0
706.0
475.0
379.0
303.0
264.0
238.0
238.0
186.0
186.0
212.0
186.0
186.0
212.0
212.0
316.0
550.0
888.0
905.0
940.0
834.0
892.0
892.0
892.0
858.0
710.0
450.0
384.0
320.0
280.0
268.0
242.0
254.0
190.0
216.0
216.0
216.0
190.0
213.0
338.0
606.0
866.0
892.0
945.0
841.0
893.0
893.0
893.0
841.0
722.0
457.0
358.0
280.0
223.0
233.0
258.0
202.0
199.0
202.0
202.0
199.0
199.0
199.0
199.0
251.0
277.0
303.0
303.0
329.0
329.0
199.0
225.0
225.0
225.0
203.0
216.0
225.0
225.0
250.0
250.0
250.0
250.0
250.0
252.0
250.0
247.0
225.0
250.0
225.0
225.0
169.0
225.0
251.0
225.0
253.0
225.0
225.0
190.0
199.0
588.0
900.0
926.0
979.0
911.0
944.0
944.0
944.0
918.0
786.0
519.0
488.0
394.0
321.0
268.0
280.0
242.0
242.0
242.0
242.0
244.0
216.0
245.0
346.0
589.0
901.0
944.0
970.0
892.0
918.0
918.0
900.0
892.0
762.0
556.0
429.0
379.0
287.0
268.0
263.0
242.0
242.0
215.0
242.0
216.0
242.0
216.0
346.0
580.0
866.0
892.0
936.0
892.0
892.0
901.0
893.0
867.0
766.0
529.0
399.0
347.0
309.0
269.0
243.0
241.0
243.0
217.0
243.0
243.0
224.0
243.0
349.0
583.0
895.0
910.0
947.0
869.0
895.0
895.0
895.0
874.0
762.0
517.0
398.0
346.0
286.0
268.0
242.0
242.0
242.0
216.0
220.0
224.0
224.0
216.0
342.0
554.0
904.0
930.0
956.0
857.0
904.0
904.0
900.0
900.0
774.0
529.0
399.0
347.0
295.0
269.0
243.0
219.0
217.0
217.0
191.0
210.0
221.0
221.0
195.0
217.0
243.0
221.0
247.0
247.0
221.0
247.0
247.0
252.0
257.0
247.0
221.0
247.0
212.0
220.0
165.0
230.0
230.0
230.0
204.0
204.0
204.0
229.0
203.0
230.0
230.0
241.0
282.0
256.0
256.0
282.0
230.0
256.0
256.0
230.0
207.0
242.0
216.0
211.0
164.0
229.0
216.0
190.0
230.0
190.0
230.0
229.0
189.0
580.0
918.0
970.0
970.0
918.0
959.0
944.0
918.0
918.0
796.0
566.0
436.0
332.0
280.0
242.0
243.0
220.0
217.0
217.0
217.0
216.0
185.0
243.0
321.0
633.0
893.0
945.0
945.0
867.0
919.0
919.0
893.0
892.0
763.0
507.0
425.0
351.0
299.0
247.0
247.0
221.0
245.0
243.0
233.0
221.0
247.0
275.0
362.0
366.0
897.0
919.0
950.0
879.0
893.0
897.0
867.0
867.0
737.0
502.0
373.0
377.0
317.0
247.0
269.0
225.0
247.0
221.0
245.0
245.0
219.0
245.0
323.0
609.0
869.0
889.0
921.0
869.0
906.0
869.0
895.0
869.0
765.0
540.0
462.0
368.0
327.0
253.0
280.0
249.0
223.0
223.0
223.0
249.0
249.0
223.0
384.0
603.0
905.0
930.0
956.0
891.0
893.0
893.0
893.0
867.0
763.0
529.0
399.0
347.0
316.0
269.0
269.0
230.0
204.0
230.0
230.0
230.0
230.0
209.0
204.0
256.0
256.0
256.0
256.0
282.0
282.0
282.0
282.0
251.0
251.0
223.0
251.0
225.0
225.0
199.0
164.0
199.0
199.0
199.0
199.0
199.0
199.0
199.0
199.0
216.0
225.0
251.0
251.0
251.0
251.0
277.0
225.0
240.0
240.0
240.0
239.0
214.0
214.0
214.0
162.0
188.0
188.0
216.0
190.0
188.0
188.0
162.0
203.0
578.0
897.0
927.0
979.0
881.0
927.0
927.0
927.0
901.0
797.0
524.0
485.0
377.0
329.0
277.0
277.0
225.0
225.0
218.0
199.0
226.0
199.0
225.0
329.0
563.0
875.0
901.0
901.0
849.0
883.0
875.0
866.0
893.0
760.0
529.0
425.0
355.0
303.0
251.0
277.0
251.0
251.0
218.0
225.0
225.0
225.0
231.0
333.0
563.0
849.0
875.0
901.0
814.0
896.0
878.0
891.0
874.0
774.0
540.0
462.0
377.0
332.0
280.0
280.0
254.0
254.0
211.0
211.0
211.0
211.0
249.0
327.0
561.0
847.0
899.0
913.0
847.0
899.0
887.0
899.0
873.0
769.0
554.0
446.0
377.0
301.0
275.0
275.0
223.0
249.0
223.0
230.0
225.0
192.0
225.0
355.0
561.0
875.0
875.0
901.0
823.0
901.0
875.0
847.0
847.0
717.0
508.0
405.0
360.0
275.0
215.0
275.0
197.0
197.0
223.0
223.0
197.0
197.0
197.0
201.0
200.0
223.0
223.0
246.0
220.0
208.0
246.0
246.0
246.0
272.0
246.0
246.0
220.0
194.0
177.0
171.0
197.0
223.0
194.0
223.0
197.0
197.0
171.0
203.0
199.0
210.0
223.0
201.0
228.0
223.0
223.0
197.0
223.0
223.0
197.0
223.0
223.0
197.0
203.0
171.0
203.0
197.0
197.0
197.0
203.0
171.0
203.0
203.0
197.0
224.0
223.0
220.0
246.0
246.0
253.0
246.0
258.0
220.0
226.0
220.0
220.0
215.0
198.0
168.0
194.0
184.0
186.0
197.0
196.0
203.0
203.0
187.0
584.0
884.0
935.0
951.0
899.0
925.0
951.0
899.0
899.0
799.0
535.0
457.0
338.0
275.0
249.0
275.0
195.0
223.0
223.0
223.0
228.0
197.0
196.0
327.0
613.0
873.0
899.0
918.0
840.0
898.0
896.0
896.0
892.0
736.0
554.0
457.0
353.0
298.0
246.0
272.0
194.0
220.0
194.0
220.0
194.0
225.0
225.0
355.0
563.0
875.0
875.0
940.0
849.0
858.0
875.0
873.0
899.0
743.0
535.0
405.0
353.0
309.0
272.0
272.0
220.0
246.0
194.0
220.0
220.0
194.0
208.0
327.0
587.0
826.0
873.0
887.0
818.0
880.0
811.0
837.0
811.0
707.0
476.0
379.0
317.0
239.0
213.0
279.0
168.0
187.0
187.0
161.0
187.0
187.0
187.0
161.0
221.0
239.0
213.0
239.0
206.0
246.0
247.0
221.0
195.0
247.0
221.0
195.0
190.0
190.0
164.0
164.0
164.0
190.0
164.0
190.0
200.0
197.0
164.0
203.0
215.0
216.0
227.0
216.0
216.0
242.0
190.0
216.0
225.0
190.0
216.0
216.0
221.0
226.0
197.0
169.0
200.0
185.0
197.0
197.0
159.0
197.0
206.0
198.0
590.0
850.0
876.0
876.0
821.0
849.0
850.0
876.0
847.0
691.0
477.0
379.0
311.0
275.0
249.0
242.0
205.0
225.0
225.0
225.0
199.0
199.0
225.0
355.0
580.0
817.0
899.0
927.0
840.0
864.0
892.0
866.0
840.0
762.0
479.0
450.0
372.0
294.0
242.0
268.0
242.0
190.0
216.0
216.0
216.0
190.0
240.0
320.0
559.0
814.0
866.0
895.0
821.0
870.0
847.0
847.0
873.0
717.0
509.0
379.0
379.0
275.0
249.0
275.0
223.0
249.0
214.0
219.0
223.0
223.0
249.0
353.0
587.0
847.0
899.0
925.0
847.0
899.0
899.0
899.0
847.0
769.0
535.0
405.0
353.0
275.0
275.0
249.0
190.0
212.0
242.0
190.0
216.0
216.0
190.0
320.0
554.0
840.0
866.0
891.0
839.0
865.0
836.0
836.0
810.0
709.0
472.0
394.0
345.0
267.0
232.0
241.0
228.0
189.0
215.0
189.0
215.0
189.0
189.0
215.0
241.0
267.0
261.0
319.0
267.0
293.0
267.0
267.0
267.0
241.0
235.0
241.0
215.0
215.0
215.0
163.0
189.0
189.0
205.0
189.0
189.0
189.0
188.0
215.0
215.0
215.0
215.0
215.0
241.0
241.0
215.0
241.0
241.0
241.0
241.0
215.0
230.0
215.0
215.0
163.0
189.0
215.0
215.0
215.0
189.0
232.0
201.0
203.0
605.0
865.0
891.0
943.0
865.0
917.0
904.0
917.0
904.0
787.0
533.0
454.0
345.0
335.0
267.0
241.0
189.0
195.0
189.0
217.0
215.0
215.0
215.0
319.0
605.0
839.0
917.0
943.0
865.0
891.0
886.0
865.0
865.0
787.0
553.0
449.0
345.0
293.0
241.0
241.0
215.0
241.0
215.0
215.0
215.0
224.0
215.0
319.0
605.0
839.0
891.0
917.0
839.0
891.0
865.0
865.0
865.0
769.0
501.0
439.0
382.0
293.0
267.0
241.0
208.0
189.0
215.0
215.0
215.0
215.0
215.0
336.0
605.0
839.0
891.0
917.0
813.0
839.0
839.0
839.0
813.0
709.0
475.0
377.0
319.0
267.0
241.0
241.0
215.0
189.0
189.0
215.0
215.0
189.0
189.0
345.0
668.0
839.0
866.0
892.0
794.0
859.0
866.0
847.0
866.0
710.0
450.0
382.0
327.0
275.0
249.0
249.0
197.0
197.0
197.0
223.0
197.0
190.0
196.0
198.0
226.0
250.0
278.0
278.0
265.0
278.0
278.0
278.0
278.0
241.0
220.0
200.0
174.0
200.0
174.0
252.0
450.0
744.0
780.0
820.0
735.0
787.0
787.0
761.0
761.0
631.0
423.0
345.0
267.0
270.0
215.0
137.0
189.0
163.0
163.0
163.0
163.0
163.0
163.0
241.0
447.0
724.0
761.0
787.0
704.0
761.0
761.0
761.0
735.0
638.0
449.0
345.0
319.0
267.0
217.0
137.0
163.0
189.0
163.0
182.0
163.0
189.0
163.0
241.0
475.0
735.0
778.0
787.0
678.0
761.0
736.0
730.0
710.0
606.0
372.0
320.0
268.0
268.0
216.0
153.0
200.0
170.0
170.0
167.0
170.0
170.0
170.0
180.0
170.0
222.0
248.0
248.0
222.0
248.0
248.0
248.0
215.0
241.0
189.0
157.0
189.0
167.0
163.0
163.0
163.0
137.0
163.0
163.0
163.0
163.0
137.0
137.0
167.0
200.0
200.0
197.0
184.0
205.0
226.0
226.0
200.0
226.0
174.0
174.0
174.0
148.0
174.0
174.0
148.0
174.0
148.0
148.0
150.0
148.0
171.0
135.0
431.0
738.0
738.0
764.0
713.0
769.0
762.0
772.0
736.0
632.0
450.0
346.0
320.0
268.0
242.0
634.0
944.0
944.0
996.0
892.0
937.0
918.0
918.0
918.0
788.0
554.0
398.0
346.0
294.0
249.0
229.0
216.0
190.0
215.0
202.0
189.0
215.0
215.0
372.0
631.0
918.0
944.0
996.0
892.0
944.0
918.0
918.0
918.0
788.0
550.0
424.0
346.0
268.0
242.0
216.0
190.0
216.0
191.0
227.0
190.0
216.0
213.0
372.0
631.0
944.0
970.0
1031.0
891.0
951.0
925.0
925.0
899.0
772.0
561.0
431.0
343.0
283.0
242.0
216.0
216.0
206.0
216.0
190.0
191.0
216.0
206.0
190.0
216.0
268.0
290.0
264.0
264.0
290.0
300.0
290.0
264.0
264.0
248.0
221.0
221.0
221.0
184.0
207.0
186.0
186.0
186.0
205.0
186.0
199.0
199.0
192.0
190.0
247.0
240.0
273.0
268.0
273.0
273.0
247.0
273.0
273.0
273.0
221.0
221.0
221.0
195.0
221.0
221.0
195.0
221.0
221.0
195.0
215.0
199.0
189.0
636.0
923.0
1009.0
1026.0
949.0
1008.0
975.0
949.0
975.0
845.0
533.0
424.0
346.0
273.0
216.0
216.0
216.0
190.0
190.0
227.0
190.0
190.0
216.0
346.0
632.0
944.0
970.0
1024.0
918.0
980.0
980.0
954.0
928.0
824.0
538.0
434.0
343.0
278.0
252.0
226.0
226.0
226.0
189.0
215.0
189.0
189.0
230.0
345.0
631.0
917.0
944.0
1021.0
918.0
1004.0
944.0
944.0
920.0
840.0
554.0
424.0
346.0
294.0
242.0
216.0
249.0
190.0
216.0
216.0
216.0
216.0
242.0
369.0
642.0
944.0
996.0
1053.0
944.0
970.0
944.0
918.0
918.0
788.0
528.0
424.0
346.0
268.0
242.0
216.0
216.0
211.0
229.0
216.0
190.0
216.0
188.0
372.0
632.0
918.0
970.0
1022.0
918.0
944.0
918.0
918.0
891.0
787.0
449.0
371.0
293.0
241.0
241.0
215.0
206.0
215.0
215.0
189.0
215.0
189.0
215.0
189.0
209.0
267.0
320.0
296.0
308.0
348.0
351.0
320.0
346.0
320.0
294.0
268.0
242.0
220.0
190.0
223.0
190.0
230.0
216.0
187.0
210.0
187.0
189.0
213.0
209.0
238.0
265.0
265.0
265.0
270.0
262.0
262.0
262.0
236.0
262.0
262.0
213.0
224.0
213.0
213.0
210.0
196.0
230.0
184.0
213.0
190.0
214.0
204.0
632.0
970.0
996.0
1022.0
941.0
996.0
944.0
970.0
944.0
814.0
585.0
450.0
346.0
294.0
242.0
212.0
216.0
216.0
216.0
216.0
231.0
231.0
257.0
378.0
632.0
944.0
975.0
1002.0
911.0
970.0
970.0
944.0
944.0
814.0
554.0
424.0
372.0
294.0
268.0
216.0
216.0
242.0
228.0
215.0
190.0
216.0
242.0
372.0
626.0
944.0
970.0
996.0
918.0
996.0
970.0
944.0
918.0
814.0
554.0
398.0
349.0
320.0
271.0
216.0
242.0
242.0
216.0
216.0
216.0
242.0
242.0
373.0
632.0
944.0
970.0
1022.0
944.0
944.0
944.0
928.0
934.0
772.0
512.0
460.0
382.0
304.0
245.0
218.0
226.0
226.0
215.0
215.0
215.0
189.0
252.0
373.0
642.0
954.0
954.0
1006.0
902.0
954.0
928.0
928.0
902.0
768.0
538.0
408.0
356.0
278.0
226.0
226.0
226.0
200.0
226.0
226.0
182.0
226.0
183.0
190.0
247.0
346.0
346.0
346.0
320.0
348.0
348.0
360.0
346.0
320.0
268.0
242.0
242.0
242.0
216.0
216.0
216.0
216.0
216.0
216.0
213.0
189.0
213.0
201.0
242.0
254.0
320.0
346.0
320.0
346.0
346.0
346.0
346.0
346.0
270.0
236.0
210.0
184.0
158.0
210.0
158.0
158.0
184.0
210.0
158.0
189.0
189.0
198.0
548.0
938.0
990.0
1042.0
912.0
964.0
964.0
941.0
967.0
837.0
606.0
457.0
343.0
265.0
239.0
213.0
187.0
213.0
224.0
187.0
187.0
187.0
213.0
369.0
650.0
910.0
962.0
988.0
910.0
936.0
910.0
910.0
884.0
754.0
496.0
440.0
352.0
274.0
248.0
227.0
196.0
196.0
222.0
196.0
222.0
196.0
222.0
352.0
664.0
950.0
970.0
1022.0
892.0
944.0
944.0
918.0
918.0
788.0
546.0
424.0
346.0
269.0
227.0
227.0
201.0
227.0
201.0
201.0
214.0
201.0
227.0
357.0
643.0
929.0
981.0
1007.0
903.0
955.0
929.0
929.0
903.0
773.0
513.0
388.0
357.0
264.0
253.0
227.0
227.0
227.0
227.0
200.0
251.0
226.0
226.0
382.0
642.0
954.0
954.0
980.0
819.0
892.0
824.0
824.0
794.0
628.0
498.0
368.0
290.0
238.0
244.0
224.0
211.0
218.0
218.0
197.0
218.0
218.0
218.0
224.0
218.0
288.0
408.0
392.0
348.0
392.0
392.0
392.0
366.0
340.0
236.0
218.0
218.0
218.0
190.0
216.0
190.0
192.0
164.0
190.0
164.0
190.0
164.0
190.0
221.0
215.0
346.0
352.0
352.0
352.0
331.0
331.0
331.0
279.0
247.0
253.0
223.0
227.0
227.0
227.0
201.0
199.0
201.0
201.0
186.0
201.0
200.0
360.0
721.0
832.0
877.0
929.0
869.0
872.0
877.0
877.0
851.0
721.0
487.0
357.0
300.0
274.0
248.0
222.0
184.0
196.0
196.0
196.0
196.0
196.0
222.0
352.0
586.0
820.0
846.0
898.0
848.0
848.0
825.0
814.0
784.0
669.0
451.0
328.0
302.0
276.0
250.0
224.0
253.0
224.0
224.0
224.0
208.0
227.0
253.0
357.0
591.0
825.0
799.0
851.0
825.0
799.0
799.0
788.0
778.0
554.0
398.0
328.0
302.0
250.0
276.0
224.0
224.0
224.0
224.0
181.0
227.0
227.0
227.0
357.0
545.0
742.0
773.0
773.0
745.0
721.0
741.0
677.0
653.0
521.0
378.0
300.0
248.0
222.0
222.0
222.0
204.0
196.0
222.0
196.0
209.0
183.0
209.0
313.0
482.0
612.0
625.0
651.0
653.0
632.0
606.0
572.0
554.0
490.0
346.0
274.0
222.0
190.0
190.0
216.0
190.0
170.0
190.0
190.0
190.0
190.0
183.0
293.0
364.0
508.0
482.0
482.0
456.0
378.0
303.0
209.0
183.0
157.0
169.0
157.0
157.0
157.0
170.0
208.0
170.0
170.0
156.0
161.0
173.0
173.0
161.0
175.0
149.0
149.0
149.0
145.0
160.0
130.0
149.0
140.0
149.0
136.0
175.0
175.0
175.0
175.0
175.0
173.0
149.0
156.0
175.0
175.0
175.0
175.0
149.0
149.0
135.0
149.0
175.0
164.0
142.0
146.0
149.0
146.0
164.0
164.0
172.0
149.0
167.0
164.0
149.0
164.0
164.0
141.0
164.0
167.0
164.0
164.0
141.0
141.0
164.0
164.0
141.0
141.0
164.0
164.0
164.0
153.0
164.0
164.0
176.0
164.0
140.0
164.0
164.0
164.0
146.0
163.0
163.0
146.0
163.0
163.0
146.0
146.0
146.0
163.0
146.0
157.0
148.0
157.0
165.0
137.0
157.0
137.0
157.0
157.0
157.0
157.0
157.0
129.0
166.0
163.0
163.0
163.0
163.0
163.0
137.0
164.0
137.0
164.0
164.0
137.0
164.0
138.0
138.0
164.0
138.0
164.0
164.0
164.0
157.0
157.0
157.0
157.0
157.0
131.0
157.0
131.0
157.0
131.0
131.0
157.0
131.0
167.0
131.0
131.0
157.0
131.0
173.0
157.0
157.0
156.0
157.0
157.0
157.0
156.0
172.0
157.0
131.0
157.0
131.0
157.0
131.0
157.0
131.0
157.0
157.0
157.0
144.0
157.0
171.0
156.0
197.0
157.0
157.0
157.0
157.0
157.0
157.0
157.0
164.0
145.0
170.0
175.0
170.0
174.0
170.0
170.0
170.0
135.0
475.0
606.0
632.0
658.0
658.0
642.0
612.0
564.0
551.0
450.0
294.0
281.0
222.0
226.0
200.0
226.0
191.0
189.0
163.0
163.0
190.0
240.0
189.0
309.0
580.0
788.0
822.0
863.0
794.0
820.0
814.0
788.0
794.0
638.0
382.0
300.0
241.0
222.0
222.0
222.0
196.0
202.0
196.0
196.0
200.0
226.0
226.0
330.0
642.0
829.0
876.0
928.0
850.0
876.0
891.0
902.0
876.0
713.0
453.0
323.0
271.0
219.0
193.0
219.0
271.0
245.0
219.0
163.0
158.0
164.0
177.0
176.0
164.0
164.0
164.0
201.0
268.0
294.0
294.0
294.0
262.0
284.0
268.0
268.0
268.0
216.0
230.0
190.0
190.0
198.0
164.0
164.0
164.0
155.0
164.0
159.0
165.0
164.0
163.0
188.0
276.0
269.0
295.0
279.0
291.0
295.0
295.0
261.0
269.0
209.0
209.0
183.0
183.0
203.0
170.0
161.0
181.0
183.0
183.0
197.0
203.0
191.0
295.0
469.0
729.0
781.0
833.0
781.0
807.0
807.0
755.0
755.0
651.0
417.0
339.0
287.0
261.0
271.0
219.0
219.0
200.0
209.0
193.0
193.0
193.0
196.0
297.0
531.0
739.0
791.0
843.0
765.0
817.0
787.0
791.0
791.0
687.0
479.0
375.0
323.0
245.0
245.0
219.0
219.0
193.0
219.0
193.0
193.0
190.0
193.0
271.0
494.0
802.0
817.0
885.0
791.0
843.0
814.0
814.0
788.0
684.0
450.0
346.0
290.0
268.0
252.0
216.0
221.0
200.0
190.0
190.0
190.0
190.0
191.0
301.0
510.0
814.0
840.0
918.0
814.0
866.0
840.0
840.0
814.0
710.0
476.0
372.0
346.0
242.0
242.0
216.0
207.0
216.0
199.0
199.0
199.0
199.0
191.0
329.0
589.0
849.0
875.0
927.0
823.0
879.0
849.0
849.0
824.0
719.0
459.0
329.0
277.0
225.0
199.0
173.0
199.0
173.0
173.0
199.0
173.0
173.0
199.0
173.0
191.0
303.0
303.0
303.0
251.0
303.0
303.0
303.0
303.0
281.0
216.0
190.0
190.0
190.0
164.0
164.0
190.0
171.0
164.0
190.0
164.0
164.0
164.0
167.0
181.0
242.0
219.0
245.0
219.0
245.0
255.0
242.0
242.0
216.0
216.0
193.0
193.0
223.0
193.0
164.0
193.0
164.0
186.0
160.0
186.0
160.0
197.0
167.0
550.0
836.0
863.0
940.0
836.0
888.0
866.0
892.0
866.0
732.0
446.0
368.0
290.0
269.0
250.0
214.0
198.0
224.0
198.0
198.0
198.0
198.0
198.0
328.0
547.0
859.0
899.0
937.0
849.0
875.0
901.0
875.0
831.0
745.0
459.0
381.0
296.0
277.0
251.0
225.0
208.0
204.0
199.0
199.0
225.0
199.0
199.0
329.0
563.0
901.0
901.0
953.0
849.0
901.0
901.0
868.0
849.0
719.0
459.0
381.0
303.0
277.0
251.0
251.0
225.0
225.0
225.0
199.0
199.0
199.0
225.0
329.0
563.0
849.0
861.0
953.0
823.0
901.0
901.0
875.0
875.0
719.0
524.0
433.0
355.0
271.0
251.0
251.0
184.0
199.0
199.0
199.0
199.0
173.0
225.0
329.0
563.0
836.0
862.0
914.0
810.0
862.0
862.0
836.0
836.0
710.0
502.0
372.0
320.0
242.0
216.0
242.0
163.0
190.0
190.0
164.0
164.0
164.0
190.0
190.0
190.0
268.0
268.0
302.0
268.0
302.0
302.0
302.0
302.0
276.0
224.0
224.0
224.0
189.0
198.0
172.0
182.0
182.0
156.0
198.0
182.0
156.0
156.0
182.0
182.0
208.0
234.0
250.0
208.0
268.0
260.0
242.0
243.0
208.0
182.0
182.0
182.0
182.0
182.0
156.0
156.0
182.0
199.0
156.0
156.0
156.0
203.0
191.0
560.0
848.0
874.0
936.0
832.0
884.0
874.0
858.0
858.0
702.0
454.0
338.0
286.0
276.0
234.0
234.0
198.0
190.0
190.0
190.0
156.0
190.0
216.0
320.0
554.0
840.0
858.0
944.0
814.0
898.0
892.0
885.0
867.0
736.0
450.0
372.0
294.0
268.0
242.0
242.0
193.0
193.0
193.0
193.0
193.0
193.0
209.0
313.0
599.0
833.0
885.0
937.0
833.0
885.0
885.0
858.0
833.0
720.0
450.0
320.0
268.0
248.0
248.0
248.0
196.0
222.0
196.0
185.0
202.0
196.0
222.0
320.0
612.0
892.0
918.0
970.0
866.0
918.0
892.0
892.0
840.0
736.0
450.0
346.0
294.0
242.0
242.0
242.0
216.0
190.0
216.0
199.0
199.0
199.0
196.0
320.0
545.0
866.0
892.0
918.0
834.0
853.0
762.0
773.0
757.0
581.0
364.0
298.0
260.0
234.0
234.0
234.0
182.0
156.0
158.0
182.0
156.0
156.0
173.0
182.0
208.0
254.0
282.0
256.0
226.0
217.0
252.0
226.0
252.0
226.0
200.0
206.0
173.0
200.0
173.0
173.0
199.0
173.0
164.0
200.0
148.0
164.0
130.0
190.0
211.0
242.0
282.0
277.0
277.0
250.0
225.0
251.0
225.0
199.0
199.0
199.0
207.0
161.0
173.0
173.0
173.0
173.0
199.0
173.0
173.0
173.0
203.0
200.0
567.0
816.0
823.0
901.0
849.0
845.0
849.0
849.0
823.0
693.0
485.0
355.0
303.0
251.0
225.0
251.0
199.0
196.0
199.0
199.0
199.0
225.0
199.0
355.0
570.0
850.0
836.0
914.0
836.0
862.0
836.0
836.0
836.0
679.0
446.0
342.0
290.0
238.0
212.0
252.0
212.0
186.0
199.0
199.0
199.0
186.0
216.0
316.0
550.0
836.0
862.0
940.0
836.0
888.0
862.0
899.0
836.0
706.0
476.0
372.0
294.0
274.0
254.0
242.0
190.0
190.0
216.0
190.0
190.0
216.0
216.0
320.0
554.0
883.0
892.0
944.0
832.0
892.0
892.0
892.0
866.0
719.0
458.0
380.0
328.0
276.0
276.0
250.0
250.0
198.0
224.0
224.0
224.0
199.0
225.0
355.0
615.0
875.0
901.0
953.0
849.0
901.0
888.0
888.0
843.0
710.0
453.0
354.0
268.0
224.0
250.0
242.0
198.0
195.0
190.0
190.0
202.0
190.0
190.0
190.0
242.0
268.0
294.0
294.0
333.0
320.0
320.0
320.0
294.0
242.0
242.0
222.0
222.0
212.0
196.0
170.0
196.0
196.0
196.0
196.0
196.0
204.0
163.0
204.0
242.0
274.0
300.0
293.0
300.0
300.0
300.0
297.0
326.0
277.0
257.0
250.0
224.0
224.0
199.0
173.0
199.0
199.0
201.0
225.0
175.0
201.0
183.0
191.0
591.0
877.0
929.0
1007.0
877.0
953.0
927.0
927.0
901.0
733.0
507.0
369.0
317.0
239.0
213.0
239.0
187.0
187.0
213.0
205.0
200.0
192.0
226.0
330.0
616.0
902.0
892.0
980.0
875.0
901.0
875.0
863.0
875.0
719.0
485.0
381.0
303.0
277.0
234.0
251.0
225.0
199.0
220.0
199.0
225.0
199.0
225.0
329.0
615.0
875.0
901.0
953.0
851.0
906.0
880.0
880.0
854.0
724.0
464.0
386.0
334.0
259.0
282.0
256.0
230.0
412.0
412.0
412.0
394.0
394.0
420.0
446.0
498.0
576.0
550.0
646.0
628.0
576.0
873.0
880.0
880.0
715.0
509.0
360.0
308.0
282.0
256.0
256.0
230.0
204.0
230.0
187.0
213.0
187.0
213.0
343.0
603.0
863.0
893.0
941.0
837.0
863.0
863.0
889.0
837.0
733.0
447.0
343.0
265.0
265.0
213.0
239.0
187.0
187.0
187.0
182.0
187.0
187.0
187.0
213.0
213.0
268.0
265.0
291.0
265.0
291.0
291.0
291.0
291.0
265.0
249.0
213.0
249.0
187.0
161.0
161.0
189.0
161.0
198.0
200.0
187.0
161.0
187.0
187.0
225.0
252.0
262.0
259.0
278.0
278.0
278.0
278.0
277.0
268.0
223.0
226.0
225.0
200.0
200.0
174.0
200.0
200.0
200.0
174.0
174.0
195.0
191.0
200.0
592.0
875.0
889.0
941.0
863.0
925.0
925.0
873.0
864.0
730.0
457.0
379.0
301.0
275.0
249.0
249.0
210.0
223.0
197.0
223.0
183.0
209.0
209.0
339.0
547.0
853.0
859.0
911.0
832.0
858.0
884.0
864.0
838.0
708.0
448.0
370.0
318.0
271.0
245.0
245.0
193.0
219.0
193.0
193.0
193.0
219.0
219.0
323.0
609.0
843.0
877.0
929.0
851.0
877.0
860.0
851.0
851.0
721.0
461.0
383.0
320.0
279.0
242.0
242.0
190.0
216.0
201.0
190.0
190.0
190.0
190.0
320.0
580.0
840.0
840.0
918.0
837.0
892.0
871.0
840.0
837.0
718.0
446.0
328.0
276.0
250.0
224.0
250.0
198.0
201.0
198.0
172.0
198.0
199.0
205.0
303.0
563.0
849.0
875.0
953.0
823.0
953.0
916.0
912.0
927.0
771.0
563.0
459.0
381.0
277.0
251.0
251.0
225.0
251.0
225.0
237.0
225.0
213.0
213.0
213.0
239.0
239.0
291.0
265.0
291.0
265.0
265.0
291.0
265.0
239.0
265.0
250.0
239.0
213.0
213.0
213.0
213.0
213.0
213.0
213.0
213.0
216.0
207.0
216.0
213.0
213.0
192.0
211.0
213.0
222.0
222.0
253.0
243.0
222.0
251.0
248.0
222.0
201.0
222.0
222.0
222.0
213.0
196.0
213.0
213.0
196.0
216.0
204.0
623.0
950.0
1002.0
1002.0
950.0
976.0
977.0
977.0
951.0
847.0
587.0
457.0
353.0
300.0
249.0
241.0
249.0
249.0
247.0
249.0
249.0
249.0
249.0
353.0
639.0
925.0
1003.0
1003.0
887.0
977.0
951.0
925.0
925.0
821.0
561.0
483.0
384.0
334.0
249.0
249.0
249.0
223.0
223.0
223.0
223.0
223.0
223.0
338.0
639.0
951.0
951.0
977.0
925.0
951.0
901.0
925.0
899.0
743.0
509.0
457.0
353.0
275.0
275.0
249.0
249.0
223.0
223.0
223.0
249.0
223.0
223.0
379.0
639.0
888.0
940.0
940.0
862.0
946.0
921.0
895.0
888.0
739.0
505.0
390.0
323.0
271.0
245.0
193.0
219.0
219.0
239.0
213.0
213.0
213.0
213.0
336.0
603.0
837.0
877.0
888.0
825.0
877.0
851.0
773.0
785.0
603.0
395.0
343.0
317.0
239.0
187.0
187.0
213.0
213.0
187.0
239.0
187.0
187.0
213.0
185.0
213.0
213.0
204.0
213.0
187.0
187.0
202.0
213.0
213.0
187.0
187.0
213.0
187.0
187.0
229.0
222.0
187.0
213.0
213.0
188.0
187.0
187.0
197.0
181.0
473.0
627.0
629.0
666.0
655.0
654.0
629.0
603.0
603.0
509.0
395.0
249.0
250.0
224.0
224.0
187.0
198.0
213.0
187.0
219.0
193.0
219.0
193.0
301.0
492.0
583.0
609.0
645.0
613.0
639.0
639.0
665.0
626.0
487.0
409.0
279.0
223.0
227.0
227.0
201.0
197.0
197.0
197.0
223.0
197.0
166.0
197.0
246.0
390.0
535.0
535.0
535.0
509.0
535.0
431.0
327.0
275.0
197.0
171.0
171.0
197.0
171.0
197.0
171.0
155.0
171.0
197.0
171.0
171.0
171.0
200.0
138.0
145.0
158.0
168.0
175.0
171.0
171.0
145.0
171.0
171.0
171.0
171.0
197.0
171.0
171.0
171.0
171.0
197.0
171.0
175.0
175.0
175.0
175.0
175.0
149.0
175.0
175.0
175.0
170.0
170.0
170.0
170.0
170.0
170.0
170.0
170.0
190.0
170.0
171.0
182.0
171.0
140.0
171.0
171.0
171.0
175.0
171.0
171.0
171.0
171.0
178.0
171.0
171.0
153.0
171.0
171.0
145.0
171.0
171.0
171.0
171.0
195.0
171.0
171.0
171.0
171.0
171.0
171.0
145.0
171.0
171.0
135.0
168.0
161.0
135.0
135.0
135.0
161.0
135.0
161.0
135.0
161.0
135.0
177.0
164.0
203.0
177.0
177.0
162.0
177.0
177.0
170.0
170.0
170.0
170.0
170.0
173.0
173.0
145.0
179.0
145.0
171.0
145.0
145.0
145.0
156.0
149.0
171.0
177.0
165.0
171.0
171.0
171.0
171.0
197.0
171.0
197.0
171.0
174.0
145.0
151.0
145.0
171.0
171.0
161.0
171.0
171.0
171.0
171.0
171.0
171.0
170.0
171.0
171.0
171.0
161.0
170.0
171.0
159.0
171.0
171.0
164.0
171.0
171.0
171.0
171.0
171.0
197.0
171.0
155.0
197.0
197.0
164.0
197.0
171.0
197.0
197.0
197.0
161.0
161.0
176.0
161.0
187.0
135.0
202.0
163.0
161.0
165.0
165.0
499.0
639.0
661.0
661.0
663.0
687.0
635.0
661.0
638.0
509.0
405.0
307.0
247.0
255.0
229.0
229.0
229.0
203.0
203.0
197.0
223.0
223.0
197.0
327.0
587.0
839.0
847.0
847.0
785.0
828.0
828.0
821.0
795.0
718.0
449.0
337.0
301.0
275.0
223.0
223.0
223.0
223.0
223.0
197.0
197.0
223.0
221.0
327.0
613.0
847.0
847.0
899.0
821.0
873.0
873.0
873.0
808.0
743.0
490.0
379.0
301.0
249.0
249.0
212.0
223.0
223.0
223.0
225.0
223.0
223.0
209.0
353.0
613.0
825.0
851.0
863.0
799.0
877.0
851.0
854.0
825.0
695.0
409.0
331.0
279.0
253.0
227.0
227.0
227.0
227.0
214.0
227.0
227.0
227.0
223.0
197.0
223.0
216.0
223.0
223.0
223.0
223.0
223.0
223.0
223.0
223.0
249.0
218.0
223.0
209.0
181.0
162.0
190.0
197.0
197.0
223.0
213.0
213.0
213.0
357.0
691.0
951.0
951.0
977.0
889.0
951.0
951.0
951.0
913.0
820.0
595.0
423.0
353.0
301.0
268.0
223.0
224.0
224.0
223.0
213.0
249.0
223.0
216.0
346.0
658.0
952.0
944.0
996.0
918.0
970.0
944.0
968.0
918.0
814.0
554.0
450.0
357.0
305.0
281.0
227.0
240.0
227.0
227.0
227.0
227.0
227.0
227.0
357.0
669.0
945.0
955.0
1007.0
955.0
984.0
951.0
951.0
925.0
795.0
561.0
431.0
353.0
301.0
275.0
223.0
249.0
224.0
223.0
223.0
223.0
223.0
223.0
353.0
665.0
951.0
977.0
1003.0
899.0
951.0
951.0
925.0
925.0
782.0
535.0
457.0
379.0
288.0
249.0
223.0
249.0
207.0
223.0
223.0
223.0
219.0
219.0
346.0
636.0
921.0
953.0
1005.0
901.0
947.0
920.0
921.0
921.0
797.0
563.0
407.0
355.0
307.0
208.0
218.0
225.0
242.0
216.0
216.0
190.0
216.0
190.0
182.0
223.0
249.0
301.0
268.0
242.0
273.0
273.0
261.0
260.0
208.0
269.0
208.0
208.0
231.0
208.0
169.0
208.0
182.0
208.0
208.0
225.0
208.0
182.0
208.0
208.0
240.0
240.0
248.0
260.0
274.0
248.0
248.0
274.0
248.0
280.0
248.0
222.0
222.0
222.0
170.0
222.0
222.0
213.0
222.0
222.0
222.0
222.0
312.0
612.0
914.0
988.0
1014.0
910.0
947.0
935.0
936.0
936.0
780.0
585.0
442.0
338.0
286.0
260.0
208.0
234.0
234.0
242.0
242.0
242.0
228.0
227.0
372.0
658.0
944.0
970.0
996.0
918.0
971.0
944.0
911.0
918.0
788.0
528.0
424.0
346.0
294.0
268.0
268.0
242.0
249.0
249.0
223.0
249.0
245.0
223.0
379.0
665.0
925.0
954.0
1003.0
899.0
947.0
951.0
933.0
899.0
821.0
561.0
457.0
379.0
327.0
279.0
279.0
253.0
253.0
240.0
227.0
253.0
253.0
227.0
357.0
591.0
929.0
955.0
955.0
903.0
924.0
898.0
898.0
898.0
794.0
560.0
456.0
352.0
326.0
248.0
274.0
248.0
249.0
222.0
248.0
222.0
222.0
234.0
353.0
600.0
873.0
924.0
950.0
832.0
895.0
898.0
875.0
872.0
743.0
535.0
405.0
353.0
275.0
249.0
275.0
223.0
223.0
225.0
197.0
225.0
223.0
223.0
197.0
223.0
223.0
221.0
247.0
247.0
237.0
247.0
273.0
244.0
247.0
255.0
229.0
254.0
229.0
229.0
177.0
229.0
203.0
222.0
187.0
215.0
229.0
216.0
190.0
229.0
229.0
229.0
255.0
255.0
255.0
249.0
249.0
249.0
249.0
249.0
213.0
249.0
223.0
223.0
171.0
223.0
252.0
223.0
249.0
223.0
223.0
200.0
183.0
587.0
894.0
925.0
977.0
925.0
951.0
951.0
951.0
910.0
780.0
533.0
468.0
390.0
312.0
282.0
259.0
234.0
234.0
255.0
255.0
254.0
228.0
249.0
358.0
592.0
904.0
956.0
982.0
904.0
930.0
930.0
904.0
904.0
769.0
566.0
422.0
374.0
296.0
270.0
270.0
244.0
244.0
218.0
244.0
223.0
249.0
223.0
353.0
587.0
873.0
905.0
956.0
904.0
897.0
896.0
883.0
869.0
774.0
540.0
410.0
358.0
306.0
270.0
244.0
244.0
243.0
218.0
241.0
254.0
228.0
254.0
358.0
592.0
904.0
930.0
941.0
878.0
904.0
904.0
904.0
879.0
773.0
514.0
410.0
358.0
306.0
280.0
251.0
251.0
251.0
207.0
225.0
223.0
223.0
223.0
223.0
249.0
353.0
639.0
847.0
886.0
924.0
872.0
898.0
898.0
872.0
872.0
742.0
482.0
378.0
326.0
274.0
222.0
248.0
185.0
222.0
222.0
196.0
196.0
196.0
196.0
196.0
218.0
218.0
218.0
229.0
256.0
218.0
244.0
218.0
221.0
244.0
218.0
244.0
218.0
218.0
192.0
218.0
228.0
192.0
196.0
192.0
192.0
192.0
198.0
218.0
166.0
218.0
243.0
268.0
235.0
242.0
244.0
270.0
244.0
270.0
270.0
275.0
244.0
244.0
244.0
210.0
192.0
218.0
218.0
218.0
192.0
217.0
192.0
190.0
634.0
926.0
972.0
998.0
894.0
946.0
941.0
920.0
892.0
771.0
535.0
459.0
356.0
270.0
251.0
244.0
225.0
478.0
478.0
478.0
468.0
478.0
478.0
530.0
608.0
660.0
660.0
686.0
712.0
686.0
634.0
686.0
700.0
645.0
582.0
426.0
348.0
270.0
270.0
244.0
270.0
218.0
244.0
218.0
218.0
218.0
244.0
374.0
608.0
868.0
920.0
946.0
894.0
894.0
894.0
868.0
894.0
738.0
536.0
400.0
348.0
309.0
270.0
244.0
244.0
218.0
244.0
218.0
244.0
192.0
231.0
375.0
606.0
892.0
903.0
955.0
877.0
903.0
903.0
903.0
877.0
721.0
539.0
409.0
357.0
296.0
279.0
244.0
218.0
218.0
218.0
249.0
197.0
223.0
223.0
379.0
613.0
847.0
873.0
899.0
821.0
894.0
868.0
840.0
866.0
738.0
476.0
382.0
356.0
270.0
218.0
244.0
218.0
218.0
218.0
218.0
231.0
218.0
218.0
166.0
218.0
244.0
218.0
219.0
244.0
218.0
218.0
218.0
250.0
244.0
244.0
244.0
218.0
244.0
235.0
218.0
226.0
197.0
223.0
223.0
214.0
223.0
223.0
200.0
226.0
226.0
200.0
244.0
226.0
241.0
244.0
252.0
252.0
252.0
276.0
252.0
238.0
252.0
230.0
223.0
226.0
226.0
200.0
236.0
226.0
226.0
226.0
190.0
626.0
925.0
954.0
954.0
902.0
902.0
928.0
928.0
885.0
798.0
543.0
434.0
356.0
278.0
278.0
252.0
226.0
252.0
200.0
226.0
226.0
226.0
226.0
356.0
642.0
889.0
928.0
954.0
902.0
902.0
928.0
902.0
902.0
766.0
538.0
427.0
323.0
278.0
226.0
278.0
226.0
250.0
226.0
200.0
226.0
226.0
226.0
356.0
694.0
876.0
928.0
954.0
850.0
902.0
902.0
902.0
902.0
772.0
538.0
408.0
356.0
278.0
278.0
226.0
226.0
226.0
252.0
252.0
200.0
252.0
226.0
382.0
642.0
902.0
928.0
954.0
850.0
894.0
894.0
894.0
875.0
737.0
503.0
373.0
295.0
269.0
243.0
217.0
217.0
217.0
217.0
191.0
226.0
217.0
200.0
321.0
607.0
841.0
893.0
900.0
815.0
881.0
867.0
812.0
815.0
711.0
451.0
347.0
269.0
217.0
217.0
217.0
191.0
203.0
191.0
191.0
191.0
191.0
196.0
191.0
220.0
260.0
269.0
295.0
269.0
322.0
295.0
321.0
295.0
269.0
243.0
243.0
217.0
204.0
217.0
217.0
182.0
191.0
189.0
191.0
191.0
191.0
191.0
191.0
217.0
218.0
247.0
244.0
255.0
244.0
244.0
244.0
244.0
270.0
244.0
236.0
218.0
192.0
215.0
218.0
192.0
192.0
192.0
193.0
218.0
192.0
192.0
201.0
608.0
894.0
920.0
920.0
868.0
894.0
894.0
894.0
863.0
746.0
460.0
382.0
335.0
278.0
226.0
226.0
200.0
226.0
226.0
200.0
226.0
200.0
226.0
330.0
590.0
876.0
900.0
954.0
850.0
902.0
876.0
876.0
850.0
765.0
479.0
373.0
349.0
271.0
245.0
219.0
219.0
219.0
219.0
219.0
193.0
219.0
193.0
349.0
583.0
817.0
869.0
921.0
817.0
871.0
869.0
843.0
843.0
713.0
453.0
375.0
297.0
271.0
245.0
219.0
219.0
202.0
193.0
219.0
193.0
219.0
219.0
349.0
557.0
817.0
843.0
894.0
816.0
843.0
817.0
818.0
791.0
609.0
401.0
323.0
271.0
245.0
219.0
219.0
193.0
192.0
192.0
192.0
188.0
192.0
166.0
192.0
218.0
218.0
244.0
244.0
244.0
244.0
244.0
244.0
252.0
244.0
244.0
218.0
218.0
218.0
192.0
218.0
193.0
192.0
218.0
192.0
218.0
192.0
166.0
192.0
198.0
218.0
244.0
244.0
218.0
244.0
244.0
244.0
244.0
218.0
219.0
219.0
193.0
219.0
193.0
215.0
193.0
193.0
197.0
197.0
197.0
197.0
171.0
197.0
223.0
234.0
265.0
265.0
265.0
265.0
265.0
265.0
265.0
239.0
213.0
239.0
239.0
213.0
185.0
229.0
187.0
187.0
213.0
213.0
187.0
187.0
230.0
338.0
603.0
941.0
941.0
967.0
889.0
941.0
941.0
940.0
915.0
811.0
525.0
447.0
347.0
269.0
217.0
217.0
191.0
217.0
226.0
217.0
217.0
191.0
217.0
373.0
665.0
925.0
951.0
1003.0
925.0
951.0
925.0
925.0
925.0
795.0
535.0
427.0
379.0
275.0
249.0
223.0
231.0
223.0
197.0
223.0
207.0
197.0
223.0
379.0
639.0
959.0
951.0
1003.0
899.0
951.0
925.0
927.0
925.0
795.0
561.0
405.0
343.0
291.0
239.0
213.0
213.0
187.0
213.0
187.0
186.0
213.0
213.0
373.0
633.0
919.0
945.0
997.0
902.0
945.0
919.0
919.0
919.0
789.0
555.0
425.0
347.0
269.0
243.0
217.0
189.0
217.0
191.0
217.0
191.0
217.0
217.0
379.0
639.0
951.0
977.0
1029.0
899.0
951.0
925.0
925.0
899.0
769.0
561.0
426.0
347.0
269.0
241.0
207.0
213.0
191.0
216.0
190.0
190.0
216.0
190.0
200.0
224.0
278.0
294.0
276.0
276.0
304.0
298.0
304.0
278.0
276.0
252.0
223.0
226.0
226.0
200.0
213.0
187.0
195.0
195.0
195.0
205.0
195.0
195.0
195.0
195.0
247.0
247.0
273.0
273.0
273.0
273.0
243.0
273.0
273.0
273.0
221.0
221.0
221.0
195.0
221.0
208.0
185.0
219.0
219.0
193.0
219.0
186.0
182.0
635.0
923.0
999.0
1025.0
947.0
999.0
973.0
947.0
973.0
843.0
543.0
425.0
349.0
271.0
219.0
210.0
219.0
193.0
193.0
219.0
193.0
185.0
219.0
349.0
638.0
955.0
973.0
1025.0
921.0
973.0
973.0
947.0
926.0
817.0
531.0
427.0
349.0
271.0
245.0
219.0
219.0
219.0
193.0
219.0
193.0
193.0
219.0
349.0
644.0
930.0
945.0
1032.0
919.0
997.0
945.0
945.0
919.0
841.0
555.0
425.0
347.0
294.0
243.0
217.0
243.0
191.0
217.0
217.0
217.0
217.0
243.0
374.0
633.0
941.0
997.0
1049.0
945.0
971.0
945.0
932.0
919.0
789.0
529.0
425.0
347.0
269.0
243.0
217.0
217.0
217.0
217.0
216.0
191.0
217.0
191.0
373.0
633.0
921.0
973.0
1025.0
921.0
947.0
921.0
921.0
895.0
791.0
453.0
375.0
297.0
255.0
245.0
219.0
193.0
219.0
219.0
206.0
228.0
204.0
219.0
193.0
219.0
271.0
320.0
297.0
297.0
344.0
348.0
322.0
348.0
320.0
296.0
270.0
242.0
210.0
190.0
216.0
190.0
216.0
223.0
197.0
223.0
197.0
197.0
223.0
223.0
241.0
275.0
275.0
274.0
262.0
280.0
275.0
275.0
249.0
278.0
283.0
231.0
208.0
226.0
226.0
226.0
200.0
219.0
193.0
219.0
193.0
226.0
205.0
642.0
980.0
1006.0
1032.0
936.0
1006.0
954.0
980.0
954.0
824.0
587.0
460.0
356.0
304.0
252.0
226.0
226.0
226.0
226.0
224.0
223.0
211.0
242.0
372.0
632.0
944.0
970.0
996.0
934.0
970.0
970.0
944.0
944.0
814.0
554.0
424.0
372.0
294.0
268.0
216.0
216.0
242.0
216.0
216.0
190.0
216.0
242.0
372.0
632.0
944.0
976.0
996.0
918.0
996.0
970.0
944.0
918.0
814.0
554.0
400.0
348.0
320.0
270.0
218.0
244.0
244.0
218.0
218.0
216.0
242.0
242.0
372.0
632.0
944.0
970.0
1022.0
944.0
944.0
944.0
918.0
918.0
762.0
502.0
216.0
221.0
190.0
190.0
190.0
222.0
254.0
274.0
289.0
346.0
300.0
300.0
270.0
300.0
274.0
274.0
236.0
248.0
248.0
222.0
217.0
170.0
217.0
191.0
217.0
191.0
191.0
197.0
192.0
228.0
613.0
848.0
925.0
925.0
847.0
904.0
899.0
863.0
873.0
743.0
488.0
379.0
353.0
275.0
268.0
240.0
214.0
188.0
214.0
188.0
188.0
231.0
214.0
344.0
604.0
843.0
864.0
890.0
850.0
850.0
850.0
852.0
850.0
720.0
486.0
382.0
330.0
278.0
278.0
252.0
218.0
226.0
226.0
217.0
191.0
219.0
257.0
373.0
633.0
815.0
841.0
919.0
867.0
841.0
867.0
841.0
815.0
711.0
492.0
373.0
321.0
269.0
269.0
243.0
243.0
217.0
217.0
217.0
217.0
252.0
226.0
382.0
646.0
850.0
876.0
928.0
871.0
902.0
850.0
838.0
850.0
720.0
512.0
382.0
330.0
330.0
252.0
252.0
252.0
252.0
226.0
197.0
223.0
217.0
217.0
337.0
672.0
893.0
867.0
945.0
867.0
893.0
841.0
867.0
841.0
711.0
503.0
373.0
321.0
269.0
249.0
243.0
217.0
217.0
221.0
217.0
188.0
216.0
190.0
195.0
195.0
221.0
225.0
221.0
226.0
226.0
222.0
215.0
216.0
214.0
215.0
215.0
189.0
241.0
215.0
163.0
189.0
215.0
215.0
215.0
189.0
189.0
189.0
189.0
189.0
215.0
257.0
268.0
241.0
241.0
215.0
241.0
241.0
215.0
241.0
215.0
258.0
221.0
221.0
169.0
221.0
195.0
195.0
195.0
216.0
190.0
216.0
198.0
658.0
918.0
996.0
1050.0
944.0
996.0
944.0
944.0
918.0
788.0
535.0
424.0
372.0
320.0
265.0
242.0
216.0
242.0
242.0
216.0
216.0
216.0
242.0
372.0
684.0
944.0
970.0
1048.0
944.0
970.0
944.0
944.0
918.0
762.0
502.0
413.0
346.0
294.0
238.0
248.0
226.0
216.0
216.0
216.0
242.0
190.0
216.0
346.0
654.0
918.0
944.0
1022.0
944.0
918.0
917.0
917.0
891.0
794.0
555.0
423.0
371.0
293.0
267.0
241.0
215.0
215.0
215.0
215.0
241.0
241.0
221.0
351.0
627.0
922.0
949.0
1001.0
949.0
949.0
944.0
944.0
918.0
788.0
528.0
403.0
377.0
294.0
242.0
242.0
249.0
216.0
214.0
214.0
240.0
214.0
214.0
344.0
604.0
942.0
942.0
994.0
916.0
942.0
916.0
904.0
899.0
786.0
526.0
344.0
266.0
240.0
214.0
278.0
226.0
200.0
226.0
231.0
258.0
200.0
226.0
200.0
188.0
252.0
252.0
247.0
247.0
273.0
273.0
273.0
247.0
252.0
273.0
221.0
247.0
211.0
247.0
169.0
205.0
221.0
221.0
221.0
200.0
226.0
200.0
208.0
226.0
221.0
221.0
211.0
278.0
304.0
252.0
252.0
237.0
252.0
252.0
252.0
226.0
226.0
226.0
174.0
226.0
226.0
226.0
197.0
223.0
224.0
213.0
322.0
629.0
941.0
967.0
1045.0
941.0
993.0
1019.0
967.0
967.0
811.0
587.0
425.0
347.0
295.0
269.0
269.0
243.0
235.0
217.0
217.0
217.0
217.0
217.0
378.0
607.0
945.0
997.0
1023.0
971.0
997.0
971.0
945.0
971.0
841.0
561.0
425.0
347.0
309.0
243.0
269.0
255.0
214.0
243.0
217.0
217.0
217.0
217.0
347.0
633.0
919.0
945.0
1023.0
945.0
971.0
945.0
960.0
919.0
789.0
535.0
425.0
347.0
321.0
243.0
269.0
243.0
217.0
217.0
217.0
216.0
216.0
216.0
346.0
632.0
918.0
972.0
1048.0
944.0
970.0
968.0
945.0
919.0
841.0
529.0
425.0
347.0
295.0
269.0
269.0
269.0
216.0
242.0
242.0
216.0
223.0
223.0
379.0
613.0
925.0
951.0
1029.0
951.0
977.0
977.0
951.0
925.0
821.0
535.0
379.0
353.0
275.0
249.0
275.0
217.0
191.0
217.0
217.0
217.0
191.0
217.0
217.0
243.0
243.0
269.0
283.0
270.0
270.0
282.0
282.0
282.0
282.0
256.0
256.0
230.0
230.0
256.0
178.0
230.0
230.0
230.0
230.0
204.0
204.0
204.0
204.0
204.0
230.0
230.0
282.0
256.0
256.0
282.0
282.0
282.0
252.0
256.0
230.0
230.0
230.0
204.0
160.0
178.0
204.0
230.0
178.0
178.0
204.0
204.0
192.0
646.0
854.0
906.0
1010.0
958.0
958.0
1010.0
944.0
976.0
833.0
595.0
443.0
386.0
308.0
282.0
282.0
230.0
204.0
256.0
230.0
230.0
204.0
230.0
339.0
625.0
911.0
946.0
1041.0
937.0
977.0
989.0
963.0
937.0
833.0
595.0
443.0
365.0
313.0
261.0
261.0
235.0
235.0
235.0
235.0
209.0
209.0
235.0
365.0
625.0
937.0
937.0
1041.0
937.0
963.0
983.0
937.0
945.0
815.0
620.0
395.0
369.0
343.0
239.0
269.0
243.0
258.0
258.0
232.0
240.0
243.0
217.0
373.0
648.0
949.0
971.0
1049.0
951.0
964.0
945.0
945.0
945.0
815.0
622.0
477.0
379.0
336.0
269.0
284.0
258.0
258.0
232.0
258.0
216.0
216.0
243.0
372.0
684.0
944.0
970.0
1048.0
944.0
996.0
970.0
945.0
948.0
788.0
586.0
425.0
347.0
310.0
269.0
270.0
217.0
191.0
191.0
217.0
217.0
191.0
191.0
192.0
217.0
243.0
234.0
269.0
269.0
269.0
269.0
243.0
273.0
252.0
208.0
217.0
243.0
191.0
217.0
165.0
191.0
191.0
217.0
191.0
217.0
191.0
191.0
217.0
217.0
226.0
247.0
269.0
269.0
252.0
264.0
273.0
275.0
273.0
247.0
232.0
243.0
217.0
186.0
165.0
206.0
217.0
191.0
191.0
209.0
216.0
210.0
203.0
659.0
919.0
997.0
1023.0
945.0
997.0
971.0
1007.0
942.0
815.0
543.0
425.0
347.0
295.0
269.0
243.0
217.0
242.0
208.0
242.0
216.0
252.0
216.0
372.0
632.0
918.0
1003.0
1055.0
971.0
997.0
963.0
945.0
945.0
841.0
587.0
425.0
347.0
295.0
269.0
243.0
246.0
217.0
217.0
217.0
217.0
213.0
226.0
382.0
629.0
954.0
997.0
1049.0
945.0
997.0
1006.0
980.0
980.0
850.0
590.0
434.0
382.0
330.0
278.0
252.0
226.0
252.0
226.0
252.0
226.0
226.0
236.0
366.0
694.0
954.0
966.0
1058.0
954.0
1006.0
980.0
945.0
919.0
841.0
543.0
425.0
373.0
321.0
269.0
243.0
217.0
217.0
217.0
216.0
216.0
190.0
216.0
373.0
685.0
919.0
962.0
1049.0
945.0
971.0
971.0
945.0
919.0
815.0
530.0
425.0
347.0
269.0
243.0
243.0
217.0
191.0
191.0
217.0
223.0
197.0
223.0
212.0
224.0
224.0
276.0
250.0
276.0
250.0
276.0
276.0
250.0
231.0
257.0
230.0
249.0
205.0
231.0
179.0
205.0
181.0
200.0
200.0
200.0
226.0
200.0
200.0
230.0
226.0
252.0
278.0
278.0
255.0
278.0
252.0
265.0
226.0
278.0
248.0
248.0
181.0
226.0
170.0
200.0
226.0
200.0
200.0
200.0
200.0
196.0
189.0
642.0
959.0
1006.0
1032.0
935.0
1006.0
980.0
1006.0
974.0
850.0
595.0
460.0
347.0
295.0
243.0
243.0
217.0
212.0
217.0
243.0
217.0
217.0
243.0
353.0
639.0
951.0
1003.0
1055.0
941.0
1003.0
951.0
977.0
951.0
847.0
595.0
439.0
361.0
310.0
283.0
257.0
216.0
231.0
231.0
257.0
257.0
231.0
231.0
387.0
624.0
918.0
959.0
1061.0
933.0
967.0
941.0
941.0
905.0
837.0
551.0
421.0
343.0
294.0
243.0
240.0
217.0
191.0
217.0
217.0
230.0
217.0
217.0
373.0
639.0
925.0
951.0
1055.0
951.0
951.0
951.0
925.0
899.0
795.0
535.0
379.0
353.0
291.0
249.0
249.0
221.0
226.0
200.0
226.0
200.0
226.0
200.0
382.0
616.0
902.0
928.0
1020.0
954.0
942.0
916.0
916.0
890.0
760.0
526.0
370.0
318.0
240.0
240.0
257.0
188.0
188.0
188.0
188.0
205.0
198.0
205.0
231.0
231.0
257.0
283.0
283.0
258.0
309.0
267.0
257.0
257.0
252.0
850.0
847.0
892.0
821.0
847.0
821.0
847.0
821.0
743.0
517.0
431.0
353.0
323.0
275.0
248.0
197.0
222.0
197.0
197.0
197.0
201.0
194.0
214.0
240.0
292.0
318.0
344.0
318.0
344.0
344.0
344.0
344.0
318.0
266.0
240.0
214.0
214.0
214.0
211.0
188.0
214.0
188.0
188.0
188.0
188.0
201.0
214.0
240.0
247.0
274.0
300.0
300.0
299.0
299.0
282.0
300.0
273.0
253.0
247.0
221.0
221.0
195.0
221.0
221.0
221.0
269.0
280.0
269.0
301.0
260.0
338.0
308.0
793.0
841.0
871.0
793.0
845.0
841.0
815.0
841.0
789.0
637.0
559.0
351.0
325.0
317.0
325.0
273.0
221.0
247.0
273.0
247.0
247.0
247.0
325.0
611.0
897.0
923.0
938.0
899.0
951.0
951.0
951.0
899.0
795.0
581.0
469.0
379.0
344.0
309.0
266.0
240.0
214.0
214.0
232.0
214.0
214.0
228.0
370.0
604.0
916.0
916.0
942.0
890.0
954.0
928.0
928.0
902.0
772.0
564.0
408.0
356.0
304.0
252.0
278.0
252.0
227.0
214.0
214.0
214.0
188.0
213.0
375.0
604.0
864.0
890.0
942.0
846.0
864.0
890.0
871.0
838.0
760.0
497.0
396.0
344.0
262.0
275.0
244.0
244.0
231.0
231.0
223.0
223.0
223.0
249.0
353.0
639.0
847.0
899.0
925.0
873.0
900.0
899.0
873.0
873.0
743.0
483.0
379.0
333.0
281.0
226.0
252.0
200.0
231.0
226.0
200.0
205.0
200.0
200.0
200.0
226.0
226.0
215.0
215.0
241.0
215.0
241.0
215.0
223.0
241.0
208.0
249.0
223.0
223.0
197.0
223.0
223.0
197.0
197.0
205.0
201.0
189.0
188.0
214.0
173.0
214.0
240.0
266.0
237.0
240.0
240.0
266.0
240.0
266.0
266.0
266.0
240.0
240.0
252.0
226.0
200.0
226.0
226.0
226.0
200.0
226.0
200.0
192.0
642.0
928.0
977.0
1003.0
899.0
951.0
951.0
925.0
899.0
769.0
543.0
461.0
357.0
279.0
253.0
253.0
227.0
479.0
474.0
474.0
474.0
474.0
480.0
526.0
599.0
656.0
656.0
682.0
708.0
682.0
630.0
682.0
697.0
637.0
578.0
435.0
357.0
276.0
276.0
250.0
276.0
213.0
242.0
224.0
224.0
224.0
253.0
383.0
601.0
876.0
928.0
954.0
902.0
884.0
902.0
876.0
902.0
746.0
538.0
411.0
353.0
307.0
281.0
255.0
240.0
214.0
240.0
219.0
240.0
188.0
214.0
370.0
604.0
890.0
890.0
942.0
874.0
890.0
890.0
899.0
864.0
708.0
526.0
396.0
344.0
292.0
266.0
257.0
231.0
229.0
231.0
257.0
200.0
231.0
231.0
387.0
612.0
855.0
881.0
893.0
812.0
890.0
864.0
838.0
864.0
734.0
474.0
370.0
347.0
279.0
227.0
240.0
214.0
214.0
214.0
214.0
214.0
214.0
214.0
162.0
214.0
240.0
216.0
224.0
240.0
224.0
214.0
214.0
240.0
237.0
240.0
240.0
214.0
240.0
240.0
214.0
214.0
188.0
214.0
232.0
217.0
217.0
210.0
191.0
217.0
217.0
191.0
243.0
229.0
255.0
255.0
255.0
255.0
255.0
281.0
255.0
255.0
255.0
229.0
210.0
229.0
229.0
203.0
255.0
229.0
229.0
210.0
192.0
645.0
925.0
947.0
951.0
899.0
899.0
911.0
925.0
899.0
795.0
543.0
431.0
353.0
278.0
278.0
252.0
226.0
252.0
200.0
226.0
226.0
226.0
226.0
356.0
642.0
902.0
931.0
954.0
902.0
902.0
928.0
902.0
901.0
772.0
538.0
434.0
330.0
266.0
214.0
266.0
214.0
254.0
214.0
188.0
214.0
214.0
230.0
344.0
682.0
864.0
916.0
942.0
838.0
890.0
890.0
904.0
908.0
774.0
540.0
410.0
358.0
268.0
280.0
216.0
208.0
216.0
242.0
254.0
202.0
254.0
228.0
384.0
644.0
904.0
930.0
956.0
852.0
904.0
904.0
904.0
878.0
748.0
514.0
371.0
306.0
280.0
254.0
228.0
228.0
228.0
228.0
202.0
228.0
222.0
202.0
332.0
618.0
852.0
904.0
904.0
826.0
877.0
878.0
826.0
826.0
722.0
459.0
358.0
266.0
214.0
214.0
214.0
188.0
188.0
199.0
188.0
188.0
194.0
188.0
206.0
214.0
268.0
284.0
292.0
266.0
318.0
310.0
336.0
310.0
266.0
238.0
246.0
220.0
194.0
220.0
216.0
206.0
206.0
206.0
206.0
206.0
191.0
206.0
206.0
217.0
216.0
258.0
258.0
254.0
258.0
235.0
243.0
258.0
272.0
246.0
234.0
219.0
182.0
220.0
220.0
181.0
188.0
188.0
188.0
217.0
191.0
191.0
192.0
613.0
899.0
925.0
925.0
873.0
899.0
899.0
899.0
873.0
743.0
457.0
379.0
327.0
274.0
222.0
222.0
196.0
232.0
222.0
196.0
228.0
196.0
222.0
330.0
592.0
876.0
904.0
942.0
852.0
904.0
878.0
878.0
852.0
774.0
488.0
382.0
352.0
274.0
248.0
222.0
222.0
222.0
222.0
222.0
187.0
222.0
194.0
350.0
587.0
821.0
865.0
925.0
815.0
867.0
867.0
848.0
841.0
703.0
457.0
379.0
292.0
266.0
254.0
214.0
214.0
188.0
189.0
214.0
188.0
209.0
214.0
344.0
552.0
812.0
838.0
890.0
805.0
852.0
826.0
826.0
800.0
618.0
410.0
327.0
275.0
249.0
211.0
223.0
197.0
198.0
188.0
181.0
188.0
197.0
162.0
201.0
210.0
224.0
250.0
250.0
246.0
246.0
246.0
246.0
246.0
246.0
246.0
220.0
223.0
223.0
197.0
223.0
197.0
197.0
217.0
197.0
214.0
196.0
171.0
191.0
191.0
217.0
246.0
241.0
220.0
246.0
246.0
246.0
246.0
220.0
211.0
218.0
205.0
231.0
205.0
231.0
185.0
205.0
205.0
205.0
199.0
189.0
173.0
200.0
226.0
249.0
278.0
278.0
263.0
278.0
283.0
278.0
283.0
257.0
226.0
248.0
248.0
222.0
196.0
217.0
196.0
196.0
222.0
217.0
188.0
191.0
217.0
348.0
604.0
942.0
942.0
968.0
890.0
942.0
941.0
942.0
916.0
812.0
543.0
448.0
344.0
274.0
210.0
229.0
197.0
223.0
223.0
210.0
223.0
197.0
223.0
379.0
665.0
925.0
951.0
1003.0
911.0
951.0
929.0
925.0
925.0
795.0
535.0
431.0
375.0
275.0
249.0
223.0
223.0
223.0
197.0
211.0
223.0
197.0
223.0
379.0
639.0
951.0
951.0
1003.0
899.0
951.0
925.0
925.0
925.0
795.0
561.0
405.0
353.0
301.0
233.0
223.0
223.0
197.0
214.0
188.0
188.0
214.0
214.0
365.0
630.0
916.0
942.0
994.0
890.0
942.0
921.0
916.0
916.0
786.0
552.0
422.0
352.0
275.0
249.0
223.0
197.0
223.0
197.0
223.0
197.0
223.0
223.0
379.0
639.0
951.0
986.0
1029.0
899.0
951.0
925.0
925.0
899.0
769.0
561.0
431.0
353.0
275.0
257.0
223.0
223.0
197.0
223.0
197.0
197.0
214.0
197.0
194.0
223.0
275.0
287.0
272.0
275.0
298.0
298.0
298.0
259.0
275.0
248.0
223.0
222.0
222.0
203.0
223.0
197.0
181.0
196.0
197.0
197.0
191.0
191.0
191.0
191.0
243.0
248.0
274.0
275.0
274.0
272.0
248.0
274.0
259.0
274.0
222.0
222.0
222.0
196.0
227.0
223.0
197.0
223.0
211.0
197.0
217.0
191.0
197.0
633.0
925.0
1003.0
1029.0
951.0
1003.0
977.0
951.0
977.0
847.0
543.0
431.0
353.0
275.0
214.0
223.0
223.0
197.0
200.0
226.0
191.0
189.0
226.0
356.0
642.0
954.0
980.0
1032.0
928.0
980.0
980.0
954.0
928.0
824.0
534.0
434.0
352.0
274.0
248.0
222.0
222.0
222.0
196.0
222.0
196.0
196.0
222.0
352.0
638.0
924.0
950.0
1028.0
924.0
1002.0
950.0
950.0
924.0
846.0
569.0
430.0
352.0
300.0
248.0
226.0
248.0
196.0
222.0
222.0
222.0
222.0
248.0
382.0
642.0
954.0
1006.0
1058.0
954.0
980.0
954.0
928.0
928.0
798.0
538.0
427.0
348.0
270.0
244.0
223.0
223.0
244.0
218.0
223.0
192.0
223.0
200.0
223.0
223.0
353.0
561.0
847.0
925.0
951.0
873.0
899.0
899.0
899.0
864.0
769.0
509.0
405.0
353.0
275.0
249.0
240.0
223.0
223.0
223.0
220.0
223.0
223.0
211.0
379.0
575.0
861.0
913.0
939.0
861.0
887.0
887.0
887.0
861.0
755.0
495.0
391.0
323.0
272.0
248.0
248.0
248.0
248.0
222.0
222.0
222.0
222.0
212.0
352.0
547.0
872.0
898.0
950.0
846.0
898.0
886.0
898.0
872.0
777.0
470.0
413.0
361.0
309.0
283.0
257.0
231.0
257.0
231.0
231.0
231.0
205.0
231.0
317.0
569.0
855.0
907.0
950.0
824.0
902.0
876.0
876.0
876.0
746.0
512.0
382.0
356.0
252.0
226.0
252.0
210.0
174.0
226.0
204.0
200.0
184.0
192.0
200.0
226.0
252.0
271.0
245.0
269.0
257.0
245.0
246.0
211.0
237.0
211.0
223.0
188.0
185.0
211.0
217.0
223.0
197.0
171.0
197.0
217.0
191.0
191.0
191.0
223.0
249.0
253.0
248.0
248.0
248.0
248.0
232.0
248.0
222.0
222.0
222.0
222.0
196.0
196.0
217.0
196.0
196.0
170.0
193.0
191.0
191.0
193.0
199.0
587.0
861.0
869.0
947.0
872.0
898.0
898.0
898.0
924.0
768.0
569.0
430.0
385.0
274.0
248.0
248.0
196.0
196.0
224.0
193.0
219.0
193.0
219.0
323.0
620.0
895.0
892.0
921.0
869.0
864.0
890.0
875.0
890.0
796.0
552.0
448.0
355.0
277.0
251.0
251.0
199.0
225.0
225.0
201.0
225.0
225.0
199.0
353.0
604.0
821.0
875.0
899.0
821.0
873.0
899.0
876.0
855.0
803.0
517.0
465.0
337.0
300.0
248.0
248.0
222.0
215.0
222.0
196.0
248.0
226.0
248.0
352.0
560.0
872.0
898.0
950.0
872.0
898.0
898.0
898.0
872.0
768.0
535.0
401.0
378.0
300.0
274.0
274.0
249.0
222.0
222.0
197.0
232.0
223.0
226.0
323.0
561.0
847.0
899.0
899.0
847.0
873.0
890.0
890.0
864.0
760.0
526.0
396.0
318.0
292.0
266.0
266.0
214.0
214.0
188.0
214.0
210.0
181.0
188.0
196.0
222.0
274.0
253.0
248.0
250.0
248.0
248.0
248.0
248.0
248.0
248.0
222.0
222.0
222.0
217.0
217.0
217.0
222.0
196.0
217.0
217.0
191.0
191.0
191.0
217.0
283.0
257.0
257.0
257.0
283.0
257.0
269.0
283.0
257.0
257.0
257.0
231.0
231.0
231.0
217.0
205.0
188.0
188.0
188.0
164.0
191.0
205.0
192.0
578.0
890.0
899.0
925.0
847.0
873.0
873.0
899.0
873.0
769.0
543.0
431.0
379.0
301.0
249.0
275.0
222.0
223.0
197.0
223.0
223.0
223.0
197.0
327.0
561.0
847.0
873.0
951.0
821.0
873.0
899.0
873.0
873.0
769.0
535.0
457.0
379.0
301.0
249.0
278.0
223.0
249.0
223.0
223.0
197.0
223.0
188.0
359.0
587.0
847.0
873.0
951.0
847.0
864.0
890.0
864.0
864.0
786.0
526.0
424.0
370.0
292.0
274.0
274.0
248.0
222.0
222.0
222.0
222.0
214.0
214.0
344.0
620.0
838.0
867.0
951.0
847.0
899.0
899.0
899.0
899.0
769.0
561.0
457.0
379.0
301.0
239.0
275.0
223.0
222.0
223.0
222.0
196.0
196.0
222.0
352.0
586.0
898.0
898.0
959.0
846.0
898.0
898.0
898.0
872.0
768.0
534.0
404.0
326.0
248.0
222.0
275.0
197.0
223.0
223.0
196.0
197.0
187.0
197.0
171.0
224.0
250.0
275.0
248.0
250.0
275.0
276.0
274.0
300.0
300.0
274.0
248.0
214.0
223.0
224.0
223.0
217.0
217.0
217.0
185.0
185.0
185.0
185.0
185.0
217.0
269.0
279.0
263.0
289.0
301.0
327.0
327.0
301.0
302.0
249.0
219.0
224.0
188.0
197.0
217.0
218.0
166.0
197.0
171.0
197.0
203.0
192.0
192.0
556.0
847.0
899.0
925.0
847.0
899.0
916.0
890.0
864.0
760.0
569.0
448.0
344.0
318.0
240.0
249.0
223.0
223.0
223.0
223.0
223.0
223.0
223.0
321.0
561.0
899.0
891.0
951.0
821.0
899.0
899.0
873.0
899.0
769.0
535.0
457.0
353.0
276.0
250.0
250.0
219.0
198.0
224.0
224.0
221.0
224.0
224.0
354.0
562.0
851.0
900.0
925.0
824.0
876.0
902.0
866.0
873.0
769.0
569.0
457.0
379.0
275.0
249.0
249.0
224.0
249.0
223.0
223.0
223.0
223.0
223.0
379.0
587.0
873.0
899.0
951.0
847.0
925.0
899.0
899.0
899.0
795.0
539.0
431.0
378.0
274.0
274.0
248.0
222.0
248.0
248.0
248.0
222.0
196.0
223.0
353.0
561.0
899.0
899.0
951.0
834.0
899.0
899.0
899.0
847.0
747.0
523.0
405.0
353.0
275.0
249.0
249.0
223.0
223.0
223.0
223.0
223.0
197.0
197.0
249.0
275.0
301.0
307.0
353.0
302.0
328.0
328.0
328.0
274.0
274.0
224.0
249.0
250.0
223.0
197.0
217.0
222.0
196.0
197.0
181.0
226.0
200.0
203.0
212.0
188.0
218.0
223.0
235.0
223.0
249.0
249.0
249.0
223.0
249.0
223.0
249.0
223.0
223.0
197.0
214.0
214.0
214.0
226.0
214.0
197.0
214.0
191.0
200.0
586.0
872.0
898.0
950.0
872.0
899.0
898.0
924.0
898.0
768.0
569.0
430.0
352.0
300.0
222.0
248.0
222.0
210.0
200.0
223.0
197.0
223.0
223.0
327.0
613.0
873.0
925.0
951.0
847.0
899.0
899.0
899.0
899.0
769.0
509.0
431.0
353.0
275.0
275.0
249.0
247.0
223.0
223.0
197.0
223.0
171.0
223.0
327.0
535.0
870.0
873.0
899.0
821.0
873.0
872.0
846.0
872.0
768.0
482.0
404.0
352.0
286.0
232.0
251.0
222.0
208.0
222.0
196.0
214.0
214.0
188.0
359.0
552.0
864.0
864.0
942.0
812.0
890.0
864.0
890.0
838.0
744.0
511.0
448.0
370.0
292.0
240.0
240.0
214.0
214.0
188.0
188.0
188.0
196.0
223.0
327.0
561.0
899.0
883.0
925.0
821.0
873.0
814.0
769.0
792.0
639.0
456.0
378.0
326.0
274.0
248.0
248.0
222.0
222.0
196.0
222.0
222.0
198.0
222.0
222.0
222.0
300.0
300.0
326.0
326.0
326.0
326.0
326.0
326.0
300.0
248.0
214.0
240.0
240.0
196.0
214.0
196.0
222.0
196.0
196.0
196.0
196.0
217.0
214.0
191.0
225.0
248.0
248.0
248.0
248.0
248.0
248.0
248.0
248.0
274.0
248.0
225.0
248.0
225.0
225.0
225.0
196.0
225.0
196.0
225.0
199.0
203.0
196.0
586.0
872.0
898.0
977.0
873.0
899.0
899.0
899.0
865.0
795.0
569.0
429.0
379.0
275.0
249.0
249.0
223.0
197.0
223.0
223.0
223.0
223.0
223.0
327.0
587.0
899.0
899.0
951.0
821.0
899.0
908.0
899.0
899.0
769.0
587.0
469.0
341.0
298.0
246.0
246.0
220.0
220.0
194.0
220.0
223.0
220.0
220.0
326.0
636.0
898.0
898.0
950.0
872.0
888.0
893.0
898.0
898.0
768.0
534.0
456.0
352.0
274.0
246.0
272.0
220.0
194.0
220.0
194.0
246.0
194.0
220.0
318.0
610.0
875.0
911.0
942.0
838.0
916.0
890.0
890.0
890.0
760.0
526.0
422.0
353.0
275.0
249.0
275.0
249.0
197.0
223.0
197.0
223.0
223.0
223.0
301.0
561.0
899.0
951.0
951.0
873.0
899.0
889.0
885.0
859.0
729.0
495.0
405.0
327.0
301.0
274.0
274.0
223.0
222.0
196.0
202.0
196.0
201.0
196.0
231.0
220.0
246.0
272.0
298.0
246.0
298.0
270.0
261.0
298.0
246.0
246.0
246.0
220.0
214.0
214.0
214.0
188.0
214.0
197.0
197.0
197.0
188.0
188.0
214.0
214.0
272.0
275.0
260.0
275.0
275.0
275.0
275.0
272.0
275.0
233.0
246.0
220.0
220.0
220.0
214.0
248.0
206.0
222.0
196.0
222.0
222.0
188.0
225.0
586.0
924.0
898.0
950.0
872.0
898.0
926.0
798.0
850.0
772.0
824.0
786.0
798.0
746.0
564.0
382.0
304.0
252.0
200.0
200.0
252.0
150.0
176.0
176.0
150.0
150.0
180.0
150.0
176.0
180.0
180.0
180.0
232.0
202.0
176.0
174.0
176.0
158.0
150.0
150.0
176.0
150.0
150.0
173.0
150.0
150.0
176.0
150.0
176.0
176.0
152.0
150.0
176.0
176.0
176.0
160.0
243.0
228.0
188.0
188.0
188.0
176.0
176.0
176.0
176.0
176.0
176.0
176.0
176.0
150.0
176.0
176.0
147.0
176.0
150.0
150.0
150.0
176.0
202.0
194.0
191.0
191.0
206.0
191.0
191.0
191.0
171.0
171.0
171.0
171.0
171.0
145.0
171.0
171.0
145.0
145.0
171.0
171.0
171.0
201.0
140.0
509.0
795.0
769.0
760.0
708.0
760.0
760.0
760.0
734.0
630.0
423.0
318.0
266.0
214.0
188.0
148.0
200.0
194.0
165.0
165.0
165.0
175.0
194.0
295.0
529.0
815.0
841.0
841.0
789.0
841.0
815.0
815.0
794.0
690.0
462.0
352.0
300.0
248.0
222.0
248.0
197.0
188.0
197.0
197.0
197.0
171.0
223.0
275.0
535.0
821.0
847.0
899.0
795.0
847.0
821.0
821.0
795.0
691.0
483.0
379.0
353.0
249.0
224.0
250.0
198.0
198.0
198.0
198.0
184.0
172.0
198.0
300.0
535.0
820.0
846.0
898.0
820.0
872.0
846.0
846.0
794.0
693.0
456.0
326.0
300.0
248.0
224.0
248.0
196.0
187.0
194.0
186.0
194.0
160.0
194.0
290.0
524.0
810.0
828.0
862.0
784.0
810.0
810.0
810.0
784.0
678.0
446.0
342.0
290.0
264.0
238.0
238.0
186.0
186.0
186.0
160.0
186.0
160.0
212.0
264.0
534.0
810.0
836.0
888.0
810.0
867.0
836.0
836.0
815.0
706.0
472.0
368.0
264.0
212.0
212.0
238.0
160.0
177.0
160.0
160.0
160.0
160.0
160.0
160.0
186.0
212.0
217.0
186.0
186.0
212.0
212.0
212.0
238.0
212.0
191.0
191.0
160.0
197.0
171.0
171.0
171.0
155.0
171.0
171.0
171.0
171.0
171.0
171.0
191.0
191.0
229.0
217.0
217.0
217.0
217.0
217.0
217.0
217.0
197.0
197.0
198.0
217.0
191.0
171.0
191.0
171.0
188.0
163.0
191.0
165.0
191.0
295.0
509.0
821.0
862.0
925.0
821.0
873.0
847.0
855.0
806.0
717.0
457.0
366.0
300.0
248.0
219.0
248.0
191.0
243.0
246.0
243.0
243.0
235.0
248.0
352.0
508.0
794.0
842.0
872.0
794.0
794.0
763.0
763.0
737.0
659.0
444.0
399.0
350.0
295.0
269.0
263.0
264.0
276.0
289.0
276.0
266.0
302.0
303.0
373.0
503.0
711.0
763.0
841.0
737.0
772.0
763.0
737.0
737.0
659.0
454.0
402.0
350.0
324.0
336.0
298.0
220.0
194.0
220.0
194.0
231.0
194.0
220.0
314.0
532.0
844.0
847.0
925.0
818.0
847.0
847.0
844.0
847.0
714.0
483.0
388.0
324.0
272.0
246.0
220.0
220.0
199.0
225.0
225.0
225.0
225.0
225.0
329.0
563.0
823.0
875.0
927.0
823.0
876.0
875.0
875.0
875.0
719.0
459.0
355.0
277.0
278.0
251.0
216.0
173.0
173.0
173.0
173.0
173.0
173.0
173.0
173.0
199.0
277.0
303.0
303.0
303.0
277.0
277.0
277.0
277.0
278.0
223.0
222.0
196.0
196.0
199.0
170.0
170.0
167.0
170.0
174.0
173.0
173.0
173.0
173.0
191.0
277.0
275.0
303.0
277.0
303.0
303.0
303.0
277.0
277.0
225.0
225.0
186.0
199.0
186.0
160.0
165.0
191.0
191.0
191.0
200.0
200.0
200.0
306.0
491.0
730.0
794.0
846.0
796.0
820.0
820.0
768.0
778.0
665.0
430.0
352.0
301.0
274.0
274.0
223.0
223.0
197.0
223.0
197.0
197.0
197.0
197.0
301.0
535.0
743.0
795.0
847.0
769.0
821.0
795.0
793.0
795.0
691.0
483.0
379.0
329.0
246.0
256.0
211.0
220.0
194.0
220.0
194.0
194.0
194.0
194.0
279.0
506.0
791.0
818.0
896.0
793.0
849.0
823.0
823.0
786.0
693.0
459.0
355.0
303.0
277.0
251.0
225.0
225.0
199.0
201.0
199.0
199.0
199.0
199.0
303.0
511.0
823.0
849.0
927.0
823.0
875.0
849.0
849.0
823.0
719.0
485.0
379.0
355.0
251.0
251.0
225.0
225.0
225.0
199.0
199.0
199.0
199.0
201.0
327.0
587.0
846.0
872.0
924.0
823.0
870.0
844.0
847.0
818.0
714.0
454.0
324.0
272.0
220.0
194.0
168.0
194.0
162.0
168.0
194.0
168.0
168.0
194.0
168.0
194.0
298.0
298.0
298.0
246.0
298.0
298.0
298.0
298.0
272.0
220.0
194.0
194.0
193.0
168.0
168.0
194.0
172.0
168.0
206.0
168.0
168.0
168.0
168.0
194.0
244.0
220.0
246.0
220.0
246.0
255.0
249.0
251.0
232.0
232.0
199.0
204.0
220.0
199.0
173.0
199.0
173.0
191.0
173.0
191.0
169.0
200.0
165.0
563.0
849.0
875.0
953.0
849.0
901.0
875.0
901.0
875.0
745.0
459.0
381.0
303.0
277.0
251.0
225.0
194.0
225.0
195.0
199.0
199.0
199.0
199.0
329.0
563.0
875.0
901.0
953.0
849.0
875.0
901.0
875.0
849.0
745.0
459.0
381.0
303.0
277.0
251.0
225.0
225.0
199.0
199.0
199.0
225.0
199.0
199.0
329.0
563.0
901.0
902.0
951.0
847.0
899.0
899.0
873.0
850.0
717.0
457.0
375.0
308.0
277.0
251.0
246.0
220.0
228.0
220.0
194.0
194.0
194.0
220.0
324.0
558.0
844.0
870.0
952.0
818.0
892.0
896.0
870.0
857.0
714.0
532.0
428.0
350.0
272.0
246.0
257.0
194.0
194.0
194.0
194.0
194.0
168.0
223.0
333.0
561.0
847.0
873.0
925.0
821.0
873.0
873.0
847.0
847.0
717.0
509.0
376.0
324.0
247.0
220.0
246.0
168.0
194.0
194.0
168.0
168.0
168.0
194.0
194.0
194.0
272.0
272.0
298.0
272.0
301.0
301.0
301.0
298.0
272.0
218.0
218.0
220.0
197.0
182.0
171.0
194.0
197.0
171.0
197.0
183.0
179.0
173.0
194.0
196.0
220.0
251.0
251.0
225.0
277.0
277.0
251.0
251.0
220.0
199.0
199.0
199.0
199.0
194.0
173.0
173.0
194.0
199.0
173.0
173.0
173.0
194.0
202.0
558.0
844.0
870.0
948.0
844.0
896.0
870.0
870.0
875.0
719.0
459.0
355.0
303.0
277.0
247.0
239.0
199.0
196.0
199.0
199.0
173.0
196.0
225.0
329.0
550.0
836.0
872.0
950.0
820.0
898.0
898.0
898.0
872.0
742.0
463.0
378.0
300.0
272.0
248.0
246.0
194.0
184.0
194.0
194.0
194.0
194.0
220.0
324.0
610.0
844.0
896.0
948.0
844.0
901.0
901.0
875.0
849.0
719.0
459.0
329.0
277.0
251.0
251.0
245.0
199.0
225.0
183.0
199.0
184.0
205.0
225.0
324.0
610.0
896.0
922.0
974.0
870.0
922.0
896.0
896.0
844.0
738.0
452.0
348.0
296.0
241.0
244.0
244.0
218.0
192.0
218.0
192.0
192.0
192.0
192.0
322.0
556.0
868.0
894.0
930.0
831.0
838.0
764.0
764.0
764.0
582.0
374.0
296.0
270.0
244.0
244.0
244.0
192.0
166.0
157.0
192.0
166.0
166.0
166.0
192.0
218.0
244.0
270.0
246.0
220.0
220.0
246.0
220.0
246.0
220.0
194.0
194.0
171.0
194.0
168.0
168.0
194.0
168.0
168.0
194.0
142.0
168.0
142.0
194.0
220.0
244.0
276.0
270.0
270.0
244.0
220.0
244.0
218.0
194.0
194.0
194.0
220.0
171.0
171.0
166.0
166.0
166.0
189.0
166.0
173.0
173.0
200.0
194.0
555.0
816.0
816.0
896.0
844.0
844.0
839.0
844.0
818.0
688.0
471.0
350.0
298.0
246.0
220.0
244.0
192.0
192.0
192.0
192.0
192.0
218.0
192.0
347.0
556.0
841.0
847.0
918.0
847.0
873.0
842.0
847.0
847.0
691.0
457.0
348.0
296.0
244.0
218.0
244.0
218.0
192.0
244.0
245.0
219.0
219.0
193.0
193.0
219.0
193.0
199.0
225.0
355.0
641.0
875.0
927.0
947.0
823.0
901.0
901.0
901.0
849.0
713.0
453.0
375.0
323.0
271.0
245.0
219.0
193.0
219.0
205.0
219.0
193.0
193.0
219.0
349.0
635.0
843.0
885.0
921.0
817.0
843.0
875.0
843.0
843.0
713.0
453.0
367.0
271.0
271.0
193.0
219.0
193.0
197.0
193.0
193.0
193.0
197.0
194.0
198.0
224.0
250.0
250.0
276.0
250.0
250.0
276.0
250.0
250.0
250.0
224.0
224.0
194.0
220.0
194.0
168.0
194.0
194.0
194.0
194.0
168.0
191.0
186.0
167.0
194.0
246.0
224.0
224.0
250.0
224.0
250.0
224.0
250.0
250.0
219.0
193.0
219.0
193.0
194.0
179.0
194.0
193.0
193.0
194.0
194.0
194.0
191.0
192.0
636.0
901.0
914.0
948.0
870.0
932.0
922.0
896.0
899.0
743.0
550.0
405.0
323.0
271.0
245.0
219.0
193.0
193.0
193.0
193.0
187.0
193.0
219.0
375.0
609.0
875.0
921.0
942.0
843.0
869.0
869.0
843.0
843.0
713.0
453.0
335.0
297.0
271.0
219.0
215.0
219.0
193.0
193.0
219.0
193.0
193.0
215.0
349.0
661.0
895.0
921.0
947.0
834.0
895.0
895.0
895.0
869.0
713.0
453.0
375.0
349.0
271.0
245.0
219.0
193.0
219.0
193.0
219.0
194.0
193.0
219.0
349.0
635.0
895.0
916.0
942.0
890.0
928.0
916.0
890.0
890.0
734.0
511.0
422.0
349.0
271.0
218.0
219.0
193.0
193.0
193.0
193.0
219.0
193.0
219.0
349.0
635.0
895.0
916.0
925.0
846.0
896.0
870.0
870.0
870.0
714.0
506.0
376.0
324.0
239.0
232.0
220.0
194.0
194.0
194.0
194.0
194.0
194.0
168.0
194.0
194.0
272.0
246.0
282.0
272.0
290.0
293.0
297.0
298.0
246.0
219.0
219.0
219.0
219.0
193.0
167.0
193.0
193.0
193.0
193.0
193.0
193.0
194.0
194.0
194.0
246.0
253.0
253.0
253.0
239.0
253.0
253.0
253.0
253.0
217.0
227.0
227.0
201.0
193.0
167.0
193.0
201.0
201.0
199.0
194.0
201.0
194.0
192.0
643.0
903.0
914.0
966.0
877.0
918.0
929.0
912.0
887.0
703.0
459.0
407.0
303.0
253.0
251.0
227.0
201.0
225.0
227.0
225.0
199.0
225.0
225.0
355.0
641.0
901.0
901.0
953.0
856.0
906.0
906.0
880.0
880.0
750.0
542.0
438.0
360.0
279.0
253.0
227.0
227.0
183.0
227.0
227.0
220.0
195.0
219.0
323.0
635.0
843.0
895.0
921.0
817.0
895.0
895.0
869.0
844.0
739.0
505.0
366.0
323.0
276.0
271.0
219.0
219.0
193.0
209.0
220.0
194.0
194.0
220.0
350.0
618.0
870.0
896.0
922.0
844.0
870.0
844.0
870.0
870.0
714.0
446.0
376.0
324.0
272.0
253.0
212.0
227.0
186.0
212.0
186.0
186.0
186.0
221.0
342.0
602.0
836.0
862.0
914.0
810.0
869.0
869.0
843.0
843.0
713.0
453.0
375.0
311.0
271.0
245.0
219.0
210.0
232.0
219.0
193.0
219.0
193.0
193.0
193.0
219.0
271.0
297.0
297.0
297.0
297.0
297.0
323.0
297.0
245.0
246.0
219.0
219.0
220.0
201.0
176.0
181.0
194.0
188.0
194.0
194.0
194.0
168.0
168.0
207.0
246.0
246.0
246.0
246.0
250.0
277.0
253.0
246.0
249.0
246.0
230.0
225.0
220.0
199.0
173.0
220.0
225.0
199.0
194.0
194.0
194.0
225.0
332.0
583.0
843.0
895.0
895.0
843.0
869.0
895.0
906.0
869.0
765.0
531.0
375.0
349.0
271.0
245.0
219.0
219.0
194.0
194.0
194.0
183.0
194.0
220.0
324.0
636.0
844.0
891.0
938.0
818.0
896.0
896.0
896.0
870.0
740.0
454.0
359.0
298.0
272.0
220.0
220.0
219.0
194.0
168.0
194.0
194.0
194.0
220.0
350.0
584.0
870.0
922.0
941.0
818.0
896.0
869.0
895.0
869.0
739.0
453.0
349.0
323.0
276.0
224.0
199.0
225.0
198.0
198.0
199.0
181.0
199.0
199.0
329.0
563.0
849.0
875.0
927.0
818.0
870.0
870.0
870.0
870.0
704.0
506.0
376.0
324.0
263.0
220.0
168.0
220.0
194.0
194.0
194.0
183.0
188.0
188.0
344.0
578.0
838.0
890.0
932.0
812.0
864.0
843.0
869.0
843.0
713.0
453.0
365.0
297.0
245.0
225.0
163.0
199.0
193.0
193.0
167.0
193.0
167.0
168.0
168.0
190.0
272.0
272.0
272.0
246.0
298.0
283.0
270.0
265.0
246.0
194.0
168.0
194.0
168.0
194.0
163.0
168.0
194.0
168.0
167.0
167.0
139.0
160.0
167.0
194.0
246.0
265.0
271.0
239.0
271.0
271.0
271.0
271.0
244.0
229.0
196.0
222.0
196.0
191.0
167.0
175.0
199.0
140.0
158.0
166.0
199.0
166.0
165.0
506.0
844.0
818.0
870.0
792.0
831.0
818.0
818.0
818.0
688.0
454.0
376.0
324.0
246.0
244.0
168.0
192.0
166.0
192.0
166.0
164.0
166.0
192.0
263.0
497.0
783.0
835.0
835.0
731.0
809.0
790.0
816.0
790.0
653.0
452.0
348.0
334.0
270.0
244.0
166.0
192.0
166.0
155.0
185.0
168.0
194.0
168.0
289.0
523.0
787.0
809.0
835.0
731.0
809.0
809.0
783.0
783.0
668.0
419.0
341.0
289.0
246.0
246.0
168.0
169.0
168.0
168.0
168.0
168.0
174.0
205.0
272.0
506.0
792.0
844.0
844.0
731.0
809.0
828.0
792.0
783.0
679.0
445.0
348.0
289.0
263.0
242.0
167.0
185.0
159.0
185.0
185.0
159.0
159.0
185.0
263.0
497.0
783.0
783.0
835.0
731.0
783.0
783.0
760.0
757.0
627.0
445.0
315.0
269.0
211.0
185.0
159.0
167.0
159.0
159.0
159.0
159.0
164.0
133.0
159.0
159.0
185.0
185.0
185.0
201.0
211.0
185.0
211.0
185.0
185.0
159.0
185.0
185.0
160.0
159.0
159.0
159.0
159.0
159.0
167.0
136.0
159.0
133.0
159.0
159.0
159.0
159.0
185.0
159.0
159.0
188.0
185.0
185.0
185.0
159.0
185.0
159.0
172.0
159.0
159.0
159.0
175.0
133.0
159.0
159.0
133.0
159.0
159.0
133.0
159.0
198.0
194.0
199.0
185.0
194.0
198.0
198.0
198.0
198.0
198.0
194.0
174.0
172.0
172.0
172.0
172.0
172.0
172.0
172.0
163.0
172.0
176.0
440.0
636.0
818.0
818.0
714.0
818.0
792.0
792.0
766.0
662.0
454.0
350.0
298.0
213.0
219.0
167.0
193.0
167.0
193.0
167.0
167.0
167.0
167.0
280.0
531.0
765.0
817.0
849.0
745.0
823.0
791.0
797.0
771.0
667.0
459.0
329.0
329.0
245.0
219.0
167.0
193.0
193.0
193.0
167.0
167.0
167.0
167.0
271.0
505.0
791.0
817.0
843.0
729.0
817.0
791.0
794.0
765.0
635.0
450.0
358.0
268.0
242.0
216.0
164.0
164.0
190.0
168.0
194.0
168.0
168.0
194.0
301.0
506.0
706.0
762.0
788.0
724.0
766.0
740.0
745.0
722.0
609.0
464.0
349.0
243.0
219.0
193.0
167.0
167.0
167.0
167.0
169.0
167.0
167.0
178.0
176.0
178.0
230.0
220.0
220.0
204.0
230.0
230.0
230.0
230.0
230.0
204.0
178.0
204.0
178.0
165.0
170.0
178.0
176.0
178.0
159.0
159.0
159.0
133.0
159.0
164.0
228.0
242.0
242.0
216.0
216.0
235.0
209.0
190.0
194.0
194.0
194.0
194.0
206.0
168.0
167.0
167.0
167.0
167.0
167.0
167.0
167.0
167.0
176.0
479.0
739.0
791.0
791.0
713.0
766.0
755.0
770.0
766.0
610.0
428.0
350.0
325.0
246.0
228.0
168.0
194.0
194.0
190.0
198.0
190.0
190.0
164.0
294.0
502.0
736.0
788.0
818.0
736.0
777.0
762.0
762.0
762.0
606.0
424.0
346.0
269.0
216.0
190.0
164.0
192.0
164.0
164.0
167.0
167.0
167.0
167.0
271.0
505.0
739.0
791.0
817.0
713.0
219.0
219.0
219.0
219.0
193.0
219.0
193.0
349.0
583.0
817.0
869.0
921.0
817.0
873.0
869.0
843.0
836.0
713.0
450.0
372.0
294.0
268.0
241.0
216.0
216.0
190.0
190.0
216.0
190.0
216.0
216.0
346.0
554.0
814.0
840.0
892.0
823.0
849.0
823.0
823.0
797.0
615.0
407.0
329.0
277.0
245.0
225.0
220.0
186.0
194.0
184.0
194.0
194.0
194.0
168.0
194.0
220.0
219.0
245.0
245.0
245.0
249.0
245.0
245.0
245.0
245.0
245.0
213.0
219.0
225.0
199.0
220.0
199.0
186.0
225.0
199.0
220.0
199.0
173.0
199.0
199.0
220.0
237.0
237.0
225.0
251.0
237.0
251.0
251.0
225.0
225.0
223.0
193.0
232.0
193.0
220.0
193.0
193.0
193.0
193.0
190.0
194.0
164.0
189.0
220.0
237.0
263.0
268.0
260.0
263.0
263.0
263.0
263.0
237.0
216.0
242.0
242.0
216.0
187.0
220.0
190.0
193.0
219.0
219.0
190.0
190.0
225.0
359.0
606.0
944.0
947.0
973.0
892.0
944.0
944.0
935.0
927.0
811.0
537.0
448.0
346.0
268.0
216.0
216.0
190.0
216.0
216.0
216.0
216.0
190.0
216.0
386.0
658.0
918.0
944.0
996.0
918.0
944.0
918.0
918.0
918.0
788.0
528.0
424.0
372.0
268.0
258.0
216.0
216.0
216.0
190.0
216.0
216.0
194.0
220.0
376.0
640.0
944.0
944.0
996.0
892.0
944.0
918.0
918.0
918.0
795.0
561.0
405.0
349.0
300.0
245.0
219.0
219.0
193.0
224.0
200.0
196.0
230.0
228.0
378.0
638.0
924.0
950.0
1002.0
898.0
950.0
924.0
924.0
912.0
798.0
554.0
424.0
346.0
268.0
242.0
216.0
196.0
222.0
196.0
222.0
196.0
222.0
222.0
378.0
638.0
951.0
977.0
1022.0
892.0
944.0
918.0
919.0
892.0
757.0
549.0
419.0
341.0
263.0
237.0
211.0
211.0
185.0
230.0
185.0
185.0
211.0
185.0
185.0
211.0
263.0
289.0
263.0
263.0
289.0
289.0
289.0
271.0
271.0
245.0
219.0
219.0
219.0
193.0
219.0
193.0
193.0
193.0
193.0
193.0
193.0
186.0
193.0
193.0
245.0
245.0
273.0
275.0
271.0
271.0
247.0
271.0
273.0
273.0
215.0
215.0
215.0
190.0
215.0
216.0
190.0
221.0
216.0
190.0
216.0
190.0
203.0
632.0
918.0
1002.0
1031.0
944.0
995.0
965.0
939.0
965.0
835.0
529.0
419.0
345.0
267.0
215.0
215.0
223.0
189.0
190.0
215.0
204.0
193.0
223.0
353.0
639.0
951.0
977.0
1029.0
925.0
985.0
976.0
950.0
909.0
814.0
519.0
424.0
346.0
268.0
242.0
216.0
216.0
216.0
190.0
216.0
190.0
190.0
216.0
346.0
636.0
925.0
951.0
1030.0
917.0
1004.0
952.0
952.0
926.0
848.0
561.0
432.0
354.0
302.0
250.0
224.0
250.0
198.0
224.0
224.0
223.0
223.0
249.0
379.0
639.0
951.0
1003.0
1048.0
951.0
970.0
944.0
918.0
918.0
788.0
539.0
424.0
346.0
263.0
237.0
211.0
211.0
211.0
211.0
211.0
185.0
211.0
185.0
367.0
627.0
913.0
965.0
1031.0
913.0
944.0
918.0
918.0
892.0
788.0
450.0
372.0
294.0
242.0
248.0
222.0
196.0
219.0
219.0
193.0
219.0
193.0
219.0
193.0
219.0
271.0
321.0
297.0
297.0
349.0
349.0
331.0
345.0
319.0
292.0
283.0
245.0
222.0
196.0
222.0
193.0
222.0
222.0
196.0
222.0
196.0
194.0
220.0
220.0
246.0
272.0
272.0
272.0
272.0
268.0
268.0
268.0
242.0
278.0
278.0
216.0
216.0
216.0
216.0
216.0
197.0
223.0
197.0
223.0
197.0
225.0
203.0
639.0
977.0
1003.0
1015.0
951.0
1003.0
951.0
977.0
951.0
821.0
581.0
457.0
353.0
301.0
249.0
223.0
223.0
223.0
223.0
223.0
231.0
223.0
236.0
379.0
639.0
951.0
977.0
1000.0
925.0
970.0
977.0
951.0
951.0
821.0
561.0
431.0
379.0
301.0
275.0
223.0
223.0
249.0
224.0
223.0
197.0
223.0
258.0
379.0
639.0
951.0
977.0
1003.0
925.0
1003.0
977.0
951.0
925.0
821.0
561.0
405.0
353.0
327.0
275.0
223.0
241.0
249.0
223.0
223.0
223.0
249.0
249.0
379.0
639.0
951.0
972.0
1029.0
951.0
951.0
951.0
925.0
920.0
766.0
503.0
454.0
376.0
300.0
246.0
219.0
220.0
220.0
220.0
220.0
220.0
194.0
246.0
376.0
636.0
948.0
948.0
999.0
895.0
953.0
921.0
921.0
895.0
777.0
531.0
411.0
341.0
271.0
219.0
219.0
219.0
193.0
219.0
219.0
197.0
223.0
197.0
198.0
249.0
353.0
353.0
353.0
327.0
354.0
354.0
351.0
351.0
325.0
273.0
246.0
246.0
240.0
220.0
220.0
220.0
220.0
219.0
220.0
225.0
194.0
220.0
194.0
250.0
250.0
323.0
349.0
323.0
349.0
349.0
349.0
349.0
350.0
271.0
245.0
219.0
193.0
167.0
219.0
167.0
167.0
202.0
219.0
167.0
194.0
193.0
194.0
557.0
948.0
1000.0
1052.0
922.0
977.0
977.0
951.0
977.0
847.0
610.0
456.0
352.0
262.0
253.0
222.0
196.0
213.0
222.0
196.0
193.0
193.0
219.0
375.0
661.0
921.0
973.0
999.0
921.0
945.0
921.0
921.0
895.0
765.0
502.0
427.0
349.0
271.0
245.0
219.0
193.0
197.0
223.0
197.0
223.0
197.0
223.0
353.0
665.0
951.0
976.0
1028.0
898.0
948.0
948.0
922.0
922.0
792.0
558.0
428.0
357.0
279.0
230.0
220.0
203.0
214.0
194.0
206.0
220.0
194.0
220.0
361.0
636.0
922.0
974.0
1000.0
896.0
947.0
921.0
921.0
895.0
765.0
505.0
375.0
345.0
267.0
241.0
227.0
215.0
215.0
215.0
189.0
249.0
223.0
220.0
379.0
647.0
951.0
951.0
977.0
821.0
899.0
817.0
817.0
792.0
635.0
506.0
375.0
297.0
245.0
246.0
220.0
220.0
220.0
220.0
194.0
220.0
220.0
212.0
220.0
220.0
298.0
402.0
402.0
348.0
400.0
400.0
400.0
374.0
348.0
244.0
218.0
218.0
224.0
192.0
218.0
192.0
196.0
170.0
196.0
170.0
196.0
170.0
193.0
219.0
232.0
338.0
351.0
362.0
349.0
323.0
323.0
323.0
272.0
246.0
246.0
220.0
220.0
220.0
220.0
194.0
194.0
194.0
190.0
190.0
190.0
181.0
359.0
710.0
840.0
866.0
918.0
866.0
866.0
866.0
866.0
840.0
710.0
483.0
349.0
297.0
271.0
245.0
219.0
193.0
193.0
193.0
193.0
186.0
193.0
220.0
350.0
584.0
818.0
844.0
898.0
846.0
846.0
820.0
820.0
794.0
664.0
456.0
326.0
300.0
274.0
248.0
222.0
248.0
222.0
222.0
223.0
222.0
208.0
234.0
338.0
572.0
806.0
792.0
832.0
806.0
780.0
780.0
780.0
754.0
546.0
390.0
312.0
286.0
247.0
260.0
221.0
208.0
208.0
227.0
199.0
208.0
208.0
208.0
338.0
546.0
728.0
754.0
763.0
746.0
720.0
746.0
696.0
668.0
538.0
380.0
302.0
236.0
224.0
224.0
224.0
200.0
200.0
223.0
200.0
226.0
194.0
220.0
324.0
480.0
610.0
636.0
662.0
662.0
636.0
608.0
584.0
558.0
480.0
350.0
272.0
220.0
194.0
188.0
220.0
194.0
168.0
194.0
194.0
194.0
184.0
194.0
298.0
376.0
507.0
481.0
481.0
454.0
388.0
299.0
221.0
182.0
169.0
179.0
169.0
167.0
167.0
167.0
218.0
167.0
167.0
167.0
167.0
173.0
173.0
170.0
165.0
143.0
129.0
143.0
143.0
169.0
143.0
143.0
143.0
143.0
143.0
171.0
176.0
169.0
169.0
174.0
168.0
143.0
169.0
169.0
169.0
169.0
169.0
144.0
144.0
144.0
144.0
170.0
170.0
144.0
143.0
135.0
143.0
178.0
172.0
170.0
143.0
176.0
169.0
144.0
170.0
170.0
144.0
170.0
170.0
170.0
158.0
132.0
132.0
158.0
158.0
137.0
153.0
158.0
158.0
158.0
132.0
210.0
236.0
236.0
210.0
210.0
184.0
236.0
340.0
603.0
860.0
886.0
960.0
818.0
896.0
896.0
870.0
870.0
766.0
532.0
419.0
376.0
306.0
236.0
236.0
210.0
207.0
208.0
210.0
220.0
191.0
246.0
324.0
636.0
844.0
896.0
922.0
844.0
896.0
896.0
898.0
846.0
768.0
534.0
456.0
378.0
299.0
273.0
247.0
221.0
247.0
195.0
221.0
195.0
220.0
220.0
351.0
600.0
834.0
896.0
922.0
844.0
870.0
870.0
844.0
818.0
714.0
454.0
376.0
324.0
273.0
220.0
245.0
219.0
206.0
168.0
194.0
155.0
168.0
194.0
193.0
184.0
224.0
244.0
262.0
244.0
244.0
244.0
270.0
270.0
270.0
210.0
210.0
210.0
184.0
210.0
158.0
184.0
184.0
158.0
158.0
191.0
198.0
158.0
203.0
196.0
210.0
270.0
276.0
250.0
248.0
248.0
248.0
248.0
222.0
248.0
222.0
223.0
222.0
196.0
170.0
196.0
170.0
196.0
196.0
170.0
170.0
188.0
199.0
586.0
898.0
898.0
950.0
898.0
898.0
924.0
898.0
872.0
754.0
558.0
456.0
378.0
300.0
248.0
248.0
222.0
222.0
196.0
222.0
222.0
196.0
222.0
326.0
610.0
844.0
870.0
922.0
818.0
896.0
896.0
844.0
870.0
740.0
532.0
428.0
376.0
298.0
241.0
245.0
219.0
219.0
219.0
219.0
193.0
219.0
219.0
349.0
609.0
895.0
921.0
947.0
844.0
897.0
896.0
896.0
870.0
766.0
532.0
428.0
324.0
272.0
246.0
245.0
219.0
219.0
226.0
193.0
184.0
210.0
210.0
314.0
586.0
898.0
924.0
950.0
846.0
898.0
898.0
898.0
872.0
768.0
586.0
482.0
378.0
300.0
274.0
248.0
222.0
222.0
248.0
222.0
207.0
222.0
222.0
371.0
664.0
872.0
898.0
950.0
879.0
898.0
898.0
898.0
872.0
768.0
534.0
456.0
378.0
326.0
274.0
248.0
222.0
196.0
222.0
196.0
182.0
182.0
182.0
260.0
286.0
338.0
323.0
349.0
323.0
323.0
323.0
349.0
331.0
297.0
270.0
270.0
245.0
244.0
219.0
167.0
193.0
219.0
219.0
194.0
193.0
193.0
225.0
196.0
193.0
245.0
230.0
245.0
271.0
248.0
222.0
248.0
240.0
222.0
248.0
248.0
241.0
222.0
222.0
170.0
189.0
222.0
196.0
212.0
196.0
196.0
228.0
359.0
638.0
898.0
919.0
1028.0
898.0
950.0
951.0
924.0
924.0
794.0
532.0
430.0
378.0
333.0
274.0
248.0
222.0
222.0
222.0
245.0
219.0
219.0
219.0
375.0
635.0
921.0
973.0
1051.0
921.0
947.0
955.0
921.0
921.0
791.0
535.0
453.0
405.0
323.0
249.0
251.0
223.0
223.0
223.0
223.0
208.0
223.0
223.0
379.0
658.0
873.0
951.0
1003.0
899.0
925.0
925.0
925.0
899.0
769.0
535.0
457.0
379.0
327.0
275.0
242.0
223.0
223.0
223.0
223.0
209.0
197.0
223.0
379.0
613.0
899.0
925.0
953.0
847.0
899.0
888.0
899.0
873.0
769.0
508.0
404.0
378.0
326.0
274.0
248.0
222.0
222.0
222.0
248.0
222.0
222.0
222.0
350.0
610.0
881.0
895.0
921.0
817.0
869.0
869.0
869.0
843.0
713.0
479.0
375.0
334.0
274.0
193.0
245.0
193.0
222.0
196.0
222.0
224.0
170.0
196.0
196.0
226.0
274.0
274.0
300.0
300.0
274.0
274.0
248.0
274.0
248.0
222.0
248.0
196.0
222.0
196.0
170.0
196.0
222.0
222.0
216.0
228.0
203.0
225.0
203.0
252.0
274.0
324.0
349.0
323.0
297.0
297.0
271.0
271.0
271.0
245.0
245.0
245.0
216.0
222.0
167.0
193.0
189.0
196.0
196.0
222.0
199.0
199.0
205.0
586.0
898.0
924.0
976.0
898.0
950.0
924.0
924.0
899.0
798.0
531.0
431.0
327.0
275.0
223.0
253.0
199.0
201.0
197.0
223.0
197.0
197.0
206.0
375.0
609.0
846.0
895.0
947.0
869.0
869.0
895.0
895.0
870.0
739.0
513.0
461.0
345.0
279.0
227.0
253.0
227.0
201.0
201.0
227.0
201.0
227.0
227.0
339.0
642.0
877.0
929.0
955.0
851.0
903.0
903.0
929.0
903.0
773.0
513.0
461.0
357.0
279.0
253.0
253.0
227.0
201.0
201.0
190.0
190.0
190.0
216.0
346.0
606.0
892.0
918.0
944.0
866.0
918.0
918.0
918.0
892.0
788.0
528.0
453.0
349.0
267.0
267.0
241.0
215.0
219.0
219.0
219.0
219.0
248.0
248.0
378.0
638.0
924.0
942.0
1002.0
898.0
950.0
924.0
898.0
898.0
762.0
505.0
393.0
323.0
271.0
245.0
245.0
219.0
222.0
222.0
196.0
222.0
196.0
232.0
196.0
234.0
248.0
256.0
274.0
279.0
279.0
279.0
253.0
253.0
239.0
227.0
253.0
227.0
227.0
227.0
175.0
202.0
224.0
224.0
189.0
224.0
198.0
229.0
203.0
224.0
244.0
272.0
267.0
267.0
241.0
267.0
272.0
246.0
241.0
241.0
241.0
215.0
189.0
189.0
163.0
189.0
189.0
196.0
199.0
196.0
196.0
229.0
359.0
641.0
924.0
976.0
1002.0
950.0
950.0
950.0
950.0
959.0
794.0
555.0
456.0
352.0
300.0
248.0
245.0
222.0
248.0
196.0
248.0
222.0
195.0
222.0
378.0
639.0
924.0
950.0
976.0
898.0
921.0
924.0
898.0
898.0
742.0
534.0
425.0
375.0
300.0
267.0
241.0
222.0
250.0
196.0
230.0
196.0
196.0
222.0
345.0
598.0
843.0
895.0
947.0
843.0
895.0
895.0
895.0
869.0
768.0
509.0
401.0
349.0
297.0
260.0
241.0
219.0
219.0
193.0
219.0
193.0
167.0
210.0
375.0
583.0
895.0
914.0
940.0
872.0
898.0
872.0
898.0
872.0
742.0
456.0
378.0
352.0
300.0
253.0
248.0
222.0
196.0
164.0
201.0
227.0
201.0
201.0
383.0
678.0
851.0
890.0
940.0
877.0
903.0
895.0
895.0
834.0
713.0
453.0
348.0
296.0
218.0
244.0
244.0
192.0
189.0
210.0
192.0
192.0
210.0
192.0
166.0
192.0
192.0
192.0
192.0
231.0
192.0
193.0
218.0
192.0
217.0
218.0
218.0
192.0
218.0
218.0
166.0
192.0
218.0
192.0
192.0
192.0
192.0
193.0
203.0
192.0
218.0
246.0
244.0
244.0
244.0
244.0
218.0
217.0
192.0
218.0
218.0
192.0
192.0
192.0
166.0
218.0
192.0
192.0
192.0
192.0
196.0
196.0
166.0
218.0
204.0
244.0
244.0
218.0
218.0
244.0
244.0
218.0
218.0
218.0
218.0
218.0
192.0
218.0
166.0
218.0
192.0
192.0
166.0
198.0
197.0
192.0
185.0
661.0
947.0
973.0
1051.0
947.0
947.0
947.0
947.0
921.0
820.0
551.0
430.0
352.0
274.0
274.0
248.0
222.0
222.0
196.0
215.0
196.0
196.0
196.0
378.0
690.0
950.0
955.0
1002.0
924.0
950.0
910.0
915.0
915.0
785.0
525.0
421.0
369.0
296.0
244.0
244.0
227.0
187.0
213.0
187.0
213.0
187.0
239.0
369.0
681.0
915.0
974.0
1045.0
914.0
966.0
943.0
950.0
898.0
794.0
534.0
430.0
378.0
274.0
274.0
248.0
222.0
222.0
248.0
217.0
222.0
196.0
224.0
378.0
687.0
924.0
950.0
999.0
898.0
924.0
924.0
898.0
898.0
742.0
508.0
409.0
316.0
253.0
227.0
245.0
158.0
193.0
167.0
167.0
167.0
167.0
167.0
167.0
219.0
271.0
239.0
244.0
218.0
270.0
256.0
270.0
244.0
244.0
218.0
218.0
218.0
192.0
218.0
166.0
192.0
203.0
199.0
166.0
166.0
192.0
166.0
192.0
192.0
244.0
270.0
281.0
270.0
244.0
244.0
270.0
270.0
244.0
207.0
192.0
218.0
196.0
196.0
170.0
196.0
170.0
196.0
196.0
172.0
170.0
203.0
332.0
664.0
924.0
919.0
1002.0
898.0
951.0
925.0
951.0
904.0
769.0
509.0
457.0
379.0
301.0
275.0
272.0
223.0
223.0
249.0
223.0
197.0
219.0
220.0
375.0
661.0
921.0
973.0
1051.0
960.0
973.0
950.0
950.0
920.0
1024.0
894.0
946.0
950.0
924.0
924.0
794.0
524.0
430.0
374.0
322.0
270.0
247.0
229.0
218.0
218.0
244.0
211.0
218.0
218.0
378.0
638.0
924.0
976.0
1054.0
921.0
954.0
947.0
924.0
924.0
794.0
537.0
456.0
404.0
323.0
244.0
244.0
218.0
218.0
222.0
222.0
222.0
222.0
218.0
374.0
673.0
868.0
946.0
998.0
894.0
912.0
925.0
912.0
886.0
768.0
535.0
457.0
380.0
328.0
276.0
250.0
224.0
224.0
224.0
224.0
224.0
186.0
224.0
380.0
614.0
900.0
926.0
941.0
848.0
900.0
900.0
900.0
874.0
770.0
518.0
406.0
380.0
328.0
276.0
250.0
224.0
224.0
224.0
250.0
224.0
224.0
228.0
354.0
612.0
872.0
898.0
924.0
809.0
872.0
872.0
872.0
846.0
716.0
469.0
374.0
322.0
270.0
192.0
244.0
192.0
218.0
192.0
218.0
218.0
166.0
192.0
196.0
218.0
270.0
270.0
296.0
296.0
270.0
265.0
244.0
270.0
244.0
222.0
248.0
196.0
222.0
196.0
170.0
195.0
222.0
222.0
222.0
229.0
201.0
229.0
203.0
249.0
275.0
328.0
354.0
328.0
302.0
302.0
276.0
276.0
268.0
250.0
250.0
250.0
224.0
224.0
157.0
198.0
198.0
198.0
198.0
224.0
198.0
203.0
199.0
588.0
892.0
926.0
978.0
900.0
952.0
919.0
926.0
900.0
796.0
531.0
432.0
328.0
276.0
224.0
250.0
198.0
203.0
198.0
224.0
198.0
198.0
198.0
372.0
612.0
849.0
898.0
950.0
864.0
872.0
898.0
898.0
872.0
742.0
508.0
456.0
352.0
270.0
218.0
244.0
218.0
192.0
192.0
218.0
192.0
218.0
218.0
348.0
640.0
874.0
926.0
952.0
843.0
893.0
900.0
924.0
898.0
768.0
508.0
456.0
348.0
270.0
244.0
244.0
218.0
192.0
192.0
192.0
182.0
182.0
208.0
338.0
598.0
884.0
930.0
936.0
858.0
913.0
910.0
910.0
884.0
780.0
520.0
450.0
338.0
270.0
270.0
244.0
218.0
220.0
218.0
220.0
219.0
239.0
247.0
375.0
635.0
921.0
947.0
999.0
895.0
947.0
921.0
895.0
895.0
765.0
505.0
401.0
323.0
279.0
253.0
253.0
227.0
227.0
227.0
201.0
227.0
201.0
227.0
201.0
253.0
253.0
253.0
279.0
279.0
270.0
270.0
244.0
244.0
244.0
218.0
244.0
218.0
218.0
218.0
166.0
192.0
210.0
218.0
202.0
217.0
186.0
229.0
186.0
218.0
244.0
269.0
270.0
276.0
248.0
270.0
270.0
244.0
244.0
244.0
244.0
221.0
195.0
193.0
169.0
195.0
195.0
195.0
205.0
195.0
195.0
229.0
359.0
643.0
933.0
981.0
995.0
955.0
955.0
955.0
950.0
950.0
794.0
560.0
456.0
352.0
300.0
248.0
248.0
222.0
248.0
196.0
248.0
222.0
196.0
212.0
379.0
639.0
925.0
951.0
977.0
899.0
925.0
925.0
899.0
899.0
743.0
535.0
431.0
383.0
305.0
279.0
253.0
227.0
253.0
195.0
219.0
193.0
199.0
219.0
349.0
609.0
843.0
895.0
947.0
843.0
895.0
895.0
895.0
869.0
765.0
505.0
401.0
349.0
297.0
271.0
245.0
219.0
221.0
193.0
227.0
201.0
168.0
220.0
376.0
584.0
896.0
922.0
957.0
870.0
898.0
868.0
898.0
872.0
742.0
456.0
378.0
345.0
293.0
241.0
241.0
215.0
200.0
157.0
189.0
230.0
189.0
186.0
378.0
690.0
846.0
898.0
950.0
869.0
895.0
895.0
895.0
843.0
713.0
453.0
349.0
309.0
219.0
247.0
247.0
195.0
195.0
221.0
195.0
195.0
221.0
195.0
168.0
195.0
195.0
202.0
195.0
221.0
195.0
195.0
221.0
195.0
221.0
221.0
221.0
195.0
221.0
221.0
175.0
195.0
227.0
201.0
201.0
201.0
201.0
202.0
203.0
196.0
222.0
254.0
248.0
253.0
248.0
248.0
222.0
222.0
196.0
222.0
221.0
195.0
195.0
196.0
169.0
222.0
195.0
195.0
195.0
190.0
202.0
202.0
169.0
228.0
196.0
247.0
247.0
221.0
207.0
247.0
239.0
221.0
221.0
221.0
221.0
221.0
195.0
221.0
169.0
222.0
196.0
195.0
170.0
196.0
202.0
202.0
201.0
663.0
950.0
976.0
1053.0
950.0
950.0
949.0
952.0
924.0
820.0
560.0
430.0
351.0
273.0
273.0
247.0
219.0
220.0
194.0
220.0
194.0
194.0
194.0
376.0
688.0
957.0
948.0
1000.0
922.0
948.0
922.0
924.0
924.0
794.0
534.0
430.0
378.0
300.0
248.0
248.0
222.0
196.0
222.0
196.0
228.0
196.0
248.0
378.0
690.0
924.0
977.0
1054.0
924.0
975.0
950.0
950.0
898.0
794.0
534.0
430.0
378.0
274.0
266.0
248.0
222.0
222.0
256.0
222.0
222.0
196.0
219.0
377.0
687.0
911.0
949.0
987.0
897.0
923.0
921.0
897.0
895.0
739.0
505.0
403.0
325.0
247.0
221.0
239.0
169.0
195.0
169.0
169.0
169.0
169.0
169.0
170.0
221.0
273.0
247.0
247.0
221.0
273.0
247.0
273.0
247.0
247.0
221.0
221.0
221.0
196.0
221.0
169.0
181.0
196.0
199.0
169.0
169.0
195.0
169.0
196.0
196.0
253.0
274.0
279.0
279.0
253.0
253.0
279.0
279.0
253.0
227.0
201.0
227.0
201.0
181.0
175.0
195.0
169.0
195.0
195.0
169.0
169.0
202.0
332.0
660.0
920.0
920.0
998.0
894.0
946.0
923.0
947.0
895.0
765.0
505.0
453.0
375.0
297.0
271.0
274.0
219.0
219.0
245.0
219.0
193.0
219.0
222.0
378.0
664.0
921.0
973.0
1051.0
947.0
963.0
937.0
937.0
911.0
781.0
521.0
443.0
377.0
325.0
273.0
277.0
221.0
221.0
221.0
221.0
209.0
209.0
216.0
365.0
599.0
911.0
911.0
989.0
911.0
937.0
911.0
911.0
885.0
755.0
495.0
417.0
383.0
305.0
279.0
277.0
227.0
227.0
227.0
222.0
196.0
195.0
247.0
377.0
637.0
923.0
949.0
975.0
923.0
920.0
897.0
897.0
871.0
741.0
507.0
416.0
377.0
299.0
273.0
253.0
227.0
227.0
227.0
237.0
227.0
227.0
253.0
383.0
669.0
911.0
958.0
989.0
911.0
937.0
937.0
911.0
919.0
767.0
521.0
391.0
339.0
287.0
261.0
235.0
209.0
209.0
183.0
194.0
183.0
183.0
183.0
225.0
209.0
287.0
287.0
325.0
287.0
299.0
299.0
325.0
295.0
269.0
247.0
221.0
243.0
217.0
256.0
165.0
191.0
217.0
217.0
217.0
191.0
191.0
196.0
231.0
243.0
269.0
300.0
352.0
293.0
293.0
266.0
305.0
267.0
270.0
241.0
253.0
241.0
215.0
215.0
163.0
215.0
205.0
215.0
189.0
201.0
201.0
203.0
212.0
617.0
851.0
925.0
925.0
847.0
899.0
899.0
861.0
873.0
729.0
468.0
365.0
353.0
261.0
267.0
241.0
215.0
189.0
215.0
183.0
198.0
223.0
209.0
353.0
613.0
851.0
873.0
899.0
847.0
847.0
847.0
847.0
847.0
717.0
483.0
379.0
326.0
274.0
274.0
248.0
222.0
222.0
222.0
222.0
196.0
222.0
248.0
378.0
645.0
820.0
846.0
924.0
872.0
846.0
872.0
831.0
820.0
716.0
482.0
378.0
313.0
270.0
270.0
244.0
244.0
218.0
218.0
218.0
218.0
244.0
218.0
374.0
638.0
846.0
868.0
920.0
868.0
895.0
843.0
845.0
845.0
715.0
507.0
366.0
325.0
324.0
247.0
247.0
247.0
247.0
221.0
195.0
221.0
227.0
227.0
357.0
669.0
903.0
877.0
947.0
877.0
903.0
846.0
872.0
846.0
716.0
508.0
378.0
326.0
274.0
248.0
254.0
222.0
222.0
222.0
222.0
196.0
222.0
197.0
196.0
192.0
218.0
215.0
216.0
221.0
223.0
223.0
223.0
215.0
215.0
215.0
215.0
192.0
244.0
218.0
166.0
189.0
218.0
218.0
218.0
192.0
192.0
189.0
189.0
192.0
218.0
253.0
270.0
247.0
247.0
221.0
247.0
247.0
227.0
253.0
227.0
243.0
227.0
227.0
175.0
227.0
201.0
274.0
352.0
378.0
898.0
924.0
950.0
872.0
898.0
898.0
872.0
872.0
742.0
505.0
383.0
383.0
331.0
253.0
277.0
227.0
254.0
227.0
253.0
245.0
227.0
253.0
331.0
617.0
877.0
895.0
921.0
869.0
895.0
869.0
895.0
869.0
765.0
531.0
453.0
377.0
325.0
247.0
270.0
244.0
217.0
218.0
218.0
244.0
244.0
218.0
374.0
608.0
894.0
920.0
946.0
894.0
898.0
897.0
898.0
871.0
767.0
533.0
403.0
351.0
325.0
273.0
273.0
221.0
195.0
221.0
221.0
221.0
221.0
224.0
198.0
250.0
247.0
250.0
253.0
275.0
279.0
279.0
279.0
246.0
250.0
224.0
250.0
224.0
227.0
201.0
173.0
201.0
201.0
201.0
201.0
201.0
201.0
195.0
199.0
227.0
227.0
253.0
237.0
244.0
244.0
259.0
230.0
244.0
244.0
244.0
244.0
214.0
218.0
218.0
166.0
192.0
192.0
218.0
192.0
192.0
192.0
166.0
199.0
587.0
894.0
920.0
972.0
869.0
921.0
921.0
927.0
895.0
791.0
531.0
484.0
380.0
328.0
273.0
273.0
229.0
224.0
224.0
198.0
224.0
198.0
224.0
328.0
562.0
874.0
900.0
900.0
848.0
900.0
874.0
874.0
900.0
770.0
536.0
415.0
354.0
302.0
250.0
270.0
248.0
248.0
222.0
222.0
222.0
222.0
222.0
326.0
560.0
843.0
869.0
895.0
817.0
895.0
869.0
895.0
869.0
765.0
531.0
455.0
377.0
325.0
273.0
273.0
247.0
247.0
221.0
221.0
221.0
221.0
247.0
321.0
559.0
845.0
897.0
926.0
848.0
900.0
900.0
900.0
874.0
770.0
557.0
458.0
363.0
302.0
276.0
276.0
221.0
255.0
221.0
208.0
221.0
196.0
221.0
351.0
559.0
871.0
871.0
897.0
819.0
908.0
872.0
846.0
846.0
716.0
508.0
404.0
355.0
274.0
217.0
270.0
196.0
196.0
218.0
222.0
196.0
196.0
196.0
192.0
192.0
218.0
218.0
252.0
218.0
218.0
244.0
244.0
244.0
270.0
244.0
244.0
218.0
192.0
166.0
166.0
192.0
218.0
192.0
218.0
191.0
191.0
165.0
199.0
191.0
221.0
221.0
195.0
221.0
221.0
221.0
195.0
221.0
221.0
204.0
221.0
221.0
197.0
189.0
169.0
196.0
196.0
196.0
196.0
189.0
156.0
189.0
189.0
196.0
221.0
222.0
218.0
244.0
244.0
244.0
244.0
244.0
218.0
227.0
218.0
218.0
218.0
193.0
172.0
198.0
198.0
198.0
198.0
198.0
198.0
198.0
204.0
588.0
900.0
952.0
940.0
900.0
926.0
952.0
899.0
897.0
795.0
535.0
455.0
351.0
273.0
247.0
273.0
197.0
219.0
223.0
223.0
223.0
197.0
197.0
327.0
613.0
873.0
899.0
920.0
842.0
906.0
894.0
894.0
894.0
729.0
556.0
457.0
348.0
296.0
244.0
270.0
192.0
218.0
192.0
218.0
192.0
221.0
221.0
351.0
559.0
871.0
871.0
949.0
845.0
871.0
871.0
870.0
896.0
740.0
532.0
404.0
360.0
308.0
282.0
282.0
230.0
256.0
204.0
218.0
211.0
204.0
230.0
334.0
594.0
828.0
880.0
906.0
828.0
882.0
828.0
854.0
818.0
714.0
481.0
377.0
325.0
247.0
221.0
270.0
168.0
192.0
192.0
172.0
192.0
194.0
194.0
171.0
218.0
244.0
218.0
244.0
192.0
244.0
244.0
218.0
192.0
244.0
218.0
192.0
194.0
194.0
173.0
168.0
168.0
194.0
168.0
189.0
194.0
192.0
168.0
194.0
221.0
230.0
230.0
230.0
230.0
256.0
204.0
230.0
222.0
204.0
230.0
230.0
230.0
226.0
184.0
178.0
204.0
204.0
191.0
196.0
178.0
196.0
189.0
200.0
594.0
854.0
880.0
880.0
828.0
853.0
843.0
869.0
843.0
687.0
479.0
375.0
325.0
273.0
247.0
247.0
195.0
221.0
221.0
221.0
195.0
195.0
221.0
351.0
585.0
819.0
897.0
923.0
845.0
874.0
900.0
874.0
848.0
770.0
484.0
458.0
380.0
302.0
250.0
268.0
250.0
193.0
224.0
231.0
224.0
198.0
249.0
327.0
561.0
821.0
873.0
901.0
826.0
875.0
855.0
849.0
875.0
719.0
511.0
381.0
381.0
284.0
251.0
277.0
225.0
251.0
225.0
225.0
225.0
209.0
251.0
355.0
589.0
849.0
901.0
909.0
849.0
901.0
901.0
888.0
849.0
771.0
537.0
401.0
348.0
270.0
270.0
244.0
192.0
218.0
244.0
186.0
229.0
218.0
192.0
322.0
556.0
842.0
868.0
898.0
842.0
872.0
846.0
846.0
817.0
721.0
487.0
409.0
357.0
279.0
227.0
253.0
227.0
201.0
227.0
201.0
222.0
192.0
192.0
218.0
244.0
268.0
270.0
322.0
270.0
296.0
270.0
270.0
270.0
244.0
250.0
250.0
224.0
224.0
224.0
156.0
195.0
195.0
195.0
195.0
192.0
192.0
199.0
221.0
221.0
215.0
225.0
222.0
242.0
248.0
220.0
246.0
246.0
246.0
246.0
220.0
220.0
220.0
220.0
168.0
194.0
219.0
220.0
220.0
200.0
219.0
199.0
197.0
609.0
869.0
895.0
947.0
869.0
921.0
896.0
926.0
900.0
796.0
537.0
458.0
354.0
328.0
276.0
250.0
198.0
198.0
183.0
224.0
224.0
218.0
218.0
322.0
609.0
842.0
920.0
953.0
868.0
894.0
894.0
868.0
868.0
790.0
561.0
452.0
348.0
296.0
244.0
244.0
218.0
249.0
225.0
223.0
223.0
218.0
223.0
327.0
605.0
847.0
899.0
925.0
844.0
888.0
874.0
874.0
874.0
770.0
510.0
432.0
380.0
296.0
274.0
244.0
218.0
197.0
218.0
218.0
218.0
218.0
218.0
322.0
608.0
843.0
894.0
920.0
816.0
842.0
842.0
842.0
818.0
702.0
480.0
376.0
324.0
272.0
246.0
246.0
220.0
194.0
194.0
220.0
220.0
183.0
194.0
350.0
672.0
854.0
880.0
906.0
802.0
880.0
865.0
854.0
880.0
724.0
464.0
386.0
334.0
266.0
256.0
256.0
204.0
198.0
198.0
224.0
198.0
203.0
198.0
192.0
215.0
241.0
276.0
270.0
268.0
267.0
267.0
273.0
273.0
247.0
221.0
249.0
195.0
215.0
221.0
169.0
198.0
198.0
198.0
198.0
198.0
194.0
172.0
199.0
224.0
224.0
198.0
224.0
251.0
225.0
251.0
251.0
251.0
251.0
225.0
218.0
213.0
244.0
192.0
166.0
192.0
218.0
192.0
218.0
192.0
192.0
192.0
196.0
582.0
842.0
868.0
894.0
816.0
868.0
848.0
848.0
822.0
744.0
562.0
484.0
354.0
276.0
250.0
244.0
218.0
218.0
218.0
201.0
227.0
201.0
227.0
357.0
578.0
838.0
851.0
864.0
843.0
864.0
864.0
863.0
864.0
760.0
526.0
448.0
370.0
304.0
253.0
239.0
240.0
227.0
227.0
201.0
227.0
214.0
214.0
320.0
578.0
839.0
890.0
897.0
823.0
838.0
864.0
838.0
864.0
734.0
500.0
405.0
354.0
302.0
276.0
250.0
250.0
224.0
198.0
198.0
224.0
198.0
224.0
328.0
614.0
822.0
874.0
875.0
770.0
812.0
812.0
760.0
708.0
604.0
422.0
370.0
302.0
261.0
231.0
250.0
201.0
198.0
198.0
195.0
169.0
169.0
169.0
192.0
169.0
221.0
195.0
195.0
195.0
195.0
195.0
221.0
221.0
221.0
221.0
195.0
195.0
169.0
169.0
169.0
169.0
169.0
195.0
168.0
195.0
169.0
169.0
169.0
195.0
169.0
195.0
195.0
195.0
195.0
195.0
195.0
221.0
195.0
221.0
195.0
195.0
195.0
188.0
162.0
188.0
162.0
188.0
188.0
204.0
136.0
162.0
156.0
162.0
162.0
188.0
162.0
199.0
188.0
188.0
188.0
191.0
188.0
214.0
186.0
188.0
198.0
198.0
172.0
200.0
172.0
198.0
172.0
171.0
198.0
198.0
165.0
584.0
874.0
874.0
900.0
822.0
892.0
864.0
890.0
862.0
760.0
472.0
422.0
344.0
290.0
240.0
240.0
214.0
214.0
214.0
188.0
214.0
207.0
188.0
318.0
604.0
845.0
896.0
916.0
812.0
864.0
890.0
890.0
864.0
786.0
500.0
422.0
344.0
292.0
214.0
188.0
214.0
188.0
221.0
318.0
604.0
864.0
890.0
942.0
838.0
890.0
864.0
871.0
838.0
708.0
448.0
370.0
318.0
269.0
276.0
250.0
214.0
406.0
406.0
406.0
406.0
396.0
422.0
454.0
500.0
588.0
562.0
640.0
640.0
588.0
868.0
873.0
864.0
708.0
504.0
348.0
296.0
270.0
244.0
244.0
218.0
198.0
218.0
192.0
214.0
194.0
220.0
344.0
604.0
864.0
890.0
942.0
838.0
864.0
864.0
890.0
844.0
740.0
454.0
350.0
272.0
270.0
220.0
242.0
194.0
194.0
194.0
195.0
194.0
194.0
194.0
222.0
215.0
272.0
272.0
298.0
272.0
298.0
294.0
310.0
298.0
272.0
246.0
220.0
246.0
194.0
168.0
168.0
194.0
168.0
194.0
194.0
194.0
168.0
196.0
194.0
220.0
246.0
272.0
272.0
272.0
272.0
272.0
267.0
267.0
267.0
220.0
220.0
220.0
194.0
194.0
172.0
194.0
194.0
194.0
168.0
168.0
195.0
191.0
185.0
584.0
875.0
896.0
948.0
870.0
922.0
922.0
870.0
870.0
731.0
454.0
376.0
298.0
272.0
246.0
246.0
220.0
220.0
194.0
220.0
194.0
220.0
208.0
350.0
547.0
838.0
864.0
915.0
844.0
861.0
905.0
861.0
835.0
705.0
445.0
367.0
324.0
272.0
246.0
246.0
194.0
220.0
202.0
194.0
188.0
220.0
211.0
325.0
610.0
844.0
870.0
922.0
844.0
870.0
870.0
844.0
844.0
708.0
454.0
370.0
318.0
266.0
233.0
240.0
188.0
214.0
188.0
188.0
192.0
188.0
194.0
324.0
584.0
844.0
844.0
922.0
844.0
896.0
870.0
844.0
844.0
714.0
454.0
324.0
272.0
246.0
226.0
246.0
194.0
194.0
194.0
168.0
194.0
194.0
195.0
299.0
559.0
838.0
864.0
942.0
813.0
864.0
838.0
838.0
812.0
682.0
422.0
318.0
292.0
240.0
214.0
240.0
188.0
168.0
198.0
191.0
168.0
168.0
169.0
221.0
250.0
276.0
276.0
302.0
272.0
298.0
298.0
272.0
246.0
220.0
220.0
194.0
220.0
194.0
194.0
168.0
194.0
168.0
194.0
161.0
180.0
168.0
200.0
161.0
168.0
231.0
198.0
246.0
194.0
220.0
220.0
210.0
220.0
194.0
220.0
194.0
168.0
194.0
177.0
168.0
194.0
194.0
162.0
194.0
168.0
194.0
194.0
169.0
569.0
818.0
844.0
922.0
844.0
860.0
870.0
844.0
844.0
714.0
454.0
376.0
324.0
262.0
246.0
246.0
220.0
182.0
220.0
194.0
194.0
193.0
221.0
298.0
559.0
845.0
845.0
949.0
819.0
897.0
845.0
844.0
818.0
714.0
454.0
350.0
298.0
246.0
220.0
246.0
194.0
194.0
194.0
194.0
194.0
194.0
220.0
299.0
558.0
844.0
818.0
922.0
818.0
870.0
818.0
818.0
818.0
688.0
454.0
350.0
298.0
246.0
246.0
246.0
194.0
201.0
168.0
214.0
161.0
162.0
214.0
299.0
526.0
812.0
812.0
890.0
760.0
838.0
812.0
760.0
818.0
688.0
428.0
350.0
298.0
246.0
246.0
269.0
168.0
194.0
194.0
220.0
194.0
194.0
228.0
298.0
543.0
819.0
845.0
904.0
800.0
852.0
826.0
826.0
800.0
644.0
436.0
332.0
292.0
240.0
226.0
214.0
188.0
214.0
188.0
188.0
203.0
162.0
175.0
221.0
214.0
266.0
292.0
292.0
243.0
298.0
292.0
298.0
300.0
244.0
218.0
218.0
192.0
192.0
218.0
166.0
192.0
166.0
192.0
195.0
169.0
195.0
195.0
195.0
215.0
249.0
273.0
273.0
279.0
279.0
279.0
279.0
253.0
253.0
227.0
227.0
227.0
202.0
202.0
176.0
194.0
184.0
171.0
194.0
168.0
168.0
194.0
332.0
584.0
849.0
844.0
896.0
818.0
844.0
818.0
818.0
792.0
636.0
454.0
350.0
298.0
254.0
254.0
228.0
202.0
202.0
187.0
176.0
206.0
176.0
221.0
325.0
566.0
800.0
826.0
904.0
800.0
826.0
826.0
826.0
800.0
670.0
462.0
358.0
306.0
228.0
228.0
228.0
202.0
202.0
176.0
189.0
202.0
176.0
195.0
325.0
540.0
800.0
852.0
907.0
800.0
852.0
826.0
800.0
800.0
670.0
436.0
332.0
306.0
241.0
209.0
228.0
176.0
202.0
202.0
202.0
202.0
202.0
228.0
325.0
566.0
826.0
878.0
930.0
800.0
878.0
852.0
852.0
826.0
675.0
462.0
384.0
306.0
254.0
228.0
228.0
202.0
176.0
202.0
176.0
189.0
202.0
205.0
299.0
566.0
774.0
826.0
842.0
774.0
826.0
789.0
774.0
774.0
618.0
395.0
332.0
280.0
228.0
188.0
217.0
162.0
162.0
162.0
162.0
162.0
169.0
169.0
169.0
195.0
247.0
241.0
241.0
224.0
257.0
277.0
257.0
214.0
214.0
188.0
188.0
162.0
162.0
162.0
136.0
188.0
162.0
162.0
162.0
153.0
162.0
162.0
168.0
188.0
214.0
257.0
266.0
209.0
270.0
270.0
272.0
272.0
270.0
194.0
176.0
202.0
171.0
171.0
176.0
155.0
176.0
176.0
176.0
153.0
176.0
168.0
176.0
512.0
818.0
818.0
896.0
818.0
870.0
880.0
844.0
844.0
355.0
792.0
370.0
318.0
240.0
214.0
214.0
188.0
192.0
188.0
188.0
188.0
192.0
192.0
298.0
552.0
812.0
848.0
926.0
822.0
874.0
870.0
838.0
824.0
682.0
458.0
380.0
292.0
250.0
222.0
224.0
198.0
198.0
200.0
198.0
198.0
172.0
224.0
298.0
562.0
822.0
848.0
900.0
822.0
848.0
822.0
822.0
796.0
692.0
458.0
354.0
276.0
250.0
250.0
224.0
198.0
198.0
198.0
198.0
191.0
198.0
214.0
298.0
526.0
812.0
838.0
838.0
292.0
838.0
812.0
812.0
819.0
656.0
429.0
348.0
292.0
266.0
214.0
218.0
218.0
192.0
192.0
192.0
195.0
195.0
192.0
296.0
530.0
800.0
816.0
869.0
817.0
842.0
806.0
817.0
791.0
687.0
453.0
348.0
296.0
167.0
193.0
219.0
245.0
184.0
172.0
198.0
198.0
172.0
168.0
168.0
198.0
224.0
261.0
250.0
276.0
276.0
250.0
270.0
276.0
280.0
406.0
205.0
276.0
179.0
194.0
167.0
171.0
153.0
194.0
167.0
179.0
130.0
194.0
220.0
194.0
224.0
224.0
257.0
225.0
218.0
244.0
283.0
270.0
278.0
270.0
224.0
147.0
172.0
257.0
172.0
198.0
194.0
194.0
170.0
205.0
285.0
180.0
306.0
266.0
871.0
744.0
354.0
793.0
848.0
819.0
829.0
767.0
663.0
432.0
351.0
273.0
198.0
207.0
224.0
198.0
189.0
196.0
172.0
198.0
198.0
198.0
267.0
510.0
796.0
796.0
874.0
770.0
848.0
822.0
796.0
770.0
614.0
432.0
354.0
276.0
250.0
224.0
224.0
198.0
172.0
198.0
172.0
172.0
172.0
198.0
277.0
502.0
796.0
770.0
848.0
744.0
822.0
770.0
796.0
770.0
614.0
458.0
328.0
302.0
276.0
250.0
224.0
198.0
198.0
172.0
172.0
198.0
172.0
190.0
298.0
536.0
822.0
250.0
874.0
770.0
848.0
822.0
796.0
796.0
666.0
458.0
380.0
328.0
250.0
224.0
224.0
198.0
189.0
172.0
189.0
172.0
189.0
195.0
302.0
507.0
818.0
822.0
900.0
796.0
855.0
824.0
824.0
798.0
668.0
408.0
330.0
278.0
226.0
200.0
226.0
200.0
200.0
174.0
174.0
200.0
174.0
200.0
156.0
192.0
304.0
304.0
330.0
278.0
304.0
304.0
304.0
304.0
300.0
226.0
226.0
200.0
200.0
200.0
172.0
198.0
183.0
172.0
198.0
194.0
172.0
200.0
198.0
231.0
283.0
302.0
328.0
276.0
305.0
314.0
305.0
305.0
279.0
253.0
208.0
228.0
182.0
182.0
156.0
182.0
182.0
156.0
182.0
156.0
182.0
204.0
298.0
538.0
806.0
806.0
884.0
816.0
832.0
832.0
832.0
780.0
650.0
442.0
364.0
305.0
208.0
227.0
227.0
201.0
201.0
175.0
201.0
155.0
201.0
227.0
299.0
538.0
824.0
824.0
876.0
772.0
824.0
850.0
824.0
798.0
694.0
252.0
226.0
239.0
226.0
252.0
252.0
226.0
226.0
226.0
174.0
226.0
226.0
226.0
226.0
200.0
200.0
200.0
194.0
590.0
876.0
949.0
1020.0
923.0
949.0
949.0
923.0
923.0
793.0
533.0
455.0
351.0
273.0
247.0
247.0
221.0
221.0
221.0
221.0
224.0
229.0
250.0
354.0
640.0
900.0
952.0
978.0
900.0
921.0
926.0
900.0
900.0
770.0
510.0
380.0
354.0
276.0
250.0
250.0
224.0
224.0
224.0
224.0
220.0
224.0
224.0
354.0
640.0
900.0
950.0
978.0
908.0
952.0
926.0
926.0
874.0
796.0
510.0
406.0
354.0
286.0
253.0
247.0
227.0
227.0
182.0
208.0
208.0
208.0
227.0
364.0
650.0
910.0
936.0
988.0
884.0
910.0
929.0
884.0
879.0
745.0
520.0
390.0
338.0
286.0
260.0
233.0
208.0
223.0
197.0
249.0
223.0
223.0
223.0
379.0
613.0
895.0
951.0
977.0
899.0
925.0
899.0
899.0
899.0
778.0
509.0
379.0
353.0
275.0
249.0
249.0
221.0
221.0
223.0
223.0
223.0
223.0
190.0
217.0
223.0
223.0
197.0
249.0
246.0
249.0
223.0
249.0
249.0
223.0
223.0
249.0
223.0
223.0
197.0
171.0
197.0
197.0
197.0
197.0
223.0
223.0
185.0
197.0
223.0
257.0
249.0
275.0
275.0
247.0
273.0
247.0
247.0
221.0
247.0
247.0
221.0
221.0
195.0
169.0
223.0
221.0
201.0
201.0
227.0
227.0
278.0
397.0
617.0
878.0
903.0
955.0
897.0
951.0
951.0
951.0
927.0
821.0
613.0
457.0
379.0
301.0
267.0
241.0
215.0
215.0
215.0
215.0
215.0
215.0
209.0
362.0
648.0
934.0
960.0
988.0
934.0
960.0
934.0
934.0
908.0
787.0
527.0
423.0
371.0
306.0
241.0
241.0
215.0
215.0
215.0
215.0
221.0
215.0
215.0
371.0
631.0
891.0
943.0
969.0
891.0
943.0
917.0
943.0
917.0
787.0
527.0
428.0
345.0
267.0
241.0
241.0
215.0
215.0
220.0
189.0
215.0
226.0
217.0
371.0
624.0
910.0
936.0
1010.0
926.0
943.0
926.0
926.0
900.0
796.0
520.0
442.0
364.0
283.0
247.0
247.0
231.0
231.0
257.0
205.0
220.0
221.0
221.0
367.0
637.0
897.0
949.0
997.0
897.0
916.0
891.0
917.0
891.0
735.0
449.0
371.0
345.0
267.0
247.0
267.0
189.0
215.0
215.0
231.0
231.0
224.0
189.0
257.0
231.0
283.0
283.0
283.0
283.0
283.0
283.0
270.0
257.0
231.0
244.0
244.0
218.0
218.0
218.0
166.0
192.0
213.0
218.0
218.0
218.0
204.0
225.0
188.0
244.0
198.0
224.0
283.0
258.0
224.0
250.0
276.0
250.0
224.0
250.0
250.0
224.0
224.0
224.0
176.0
224.0
224.0
224.0
198.0
224.0
224.0
189.0
197.0
614.0
900.0
891.0
980.0
902.0
902.0
928.0
902.0
876.0
772.0
486.0
408.0
330.0
304.0
252.0
261.0
252.0
221.0
252.0
221.0
221.0
221.0
247.0
377.0
663.0
871.0
878.0
951.0
899.0
899.0
899.0
873.0
873.0
703.0
483.0
365.0
347.0
332.0
267.0
243.0
233.0
215.0
217.0
215.0
189.0
215.0
241.0
345.0
670.0
904.0
904.0
956.0
904.0
904.0
890.0
878.0
852.0
566.0
406.0
354.0
302.0
282.0
221.0
236.0
198.0
198.0
198.0
186.0
195.0
193.0
169.0
198.0
231.0
224.0
250.0
276.0
276.0
250.0
247.0
247.0
248.0
250.0
224.0
241.0
224.0
198.0
198.0
172.0
198.0
172.0
200.0
200.0
200.0
194.0
162.0
199.0
196.0
200.0
190.0
218.0
241.0
244.0
215.0
215.0
241.0
224.0
224.0
198.0
224.0
198.0
172.0
172.0
198.0
172.0
182.0
194.0
198.0
198.0
199.0
169.0
183.0
172.0
198.0
172.0
198.0
164.0
198.0
196.0
198.0
198.0
224.0
198.0
221.0
224.0
198.0
172.0
196.0
172.0
172.0
189.0
198.0
162.0
162.0
199.0
190.0
198.0
172.0
195.0
221.0
196.0
196.0
197.0
198.0
198.0
224.0
224.0
172.0
224.0
172.0
172.0
198.0
172.0
191.0
172.0
172.0
172.0
172.0
196.0
196.0
221.0
224.0
237.0
247.0
224.0
250.0
250.0
250.0
224.0
224.0
198.0
198.0
182.0
182.0
156.0
156.0
182.0
182.0
156.0
156.0
204.0
200.0
199.0
174.0
194.0
189.0
241.0
233.0
215.0
215.0
189.0
191.0
181.0
215.0
225.0
189.0
163.0
189.0
163.0
163.0
163.0
189.0
189.0
163.0
163.0
163.0
162.0
199.0
163.0
189.0
221.0
215.0
189.0
189.0
222.0
210.0
189.0
189.0
189.0
215.0
189.0
163.0
163.0
189.0
163.0
206.0
206.0
189.0
163.0
200.0
156.0
620.0
865.0
882.0
943.0
865.0
891.0
865.0
900.0
874.0
744.0
458.0
380.0
302.0
266.0
250.0
250.0
224.0
224.0
224.0
214.0
198.0
224.0
250.0
354.0
614.0
834.0
900.0
952.0
848.0
897.0
874.0
901.0
874.0
751.0
537.0
407.0
355.0
277.0
267.0
251.0
218.0
215.0
215.0
251.0
225.0
251.0
251.0
329.0
589.0
854.0
875.0
901.0
849.0
875.0
849.0
849.0
849.0
719.0
460.0
381.0
336.0
277.0
277.0
258.0
232.0
206.0
225.0
216.0
206.0
206.0
206.0
188.0
206.0
232.0
258.0
284.0
284.0
258.0
232.0
266.0
258.0
284.0
258.0
258.0
258.0
232.0
206.0
232.0
232.0
206.0
224.0
204.0
204.0
190.0
194.0
200.0
594.0
906.0
906.0
958.0
880.0
925.0
925.0
899.0
893.0
795.0
561.0
457.0
379.0
327.0
267.0
241.0
237.0
249.0
223.0
223.0
197.0
197.0
223.0
327.0
561.0
847.0
899.0
899.0
821.0
873.0
873.0
873.0
847.0
776.0
516.0
438.0
360.0
308.0
275.0
249.0
223.0
223.0
213.0
223.0
223.0
197.0
223.0
327.0
587.0
847.0
899.0
951.0
821.0
899.0
899.0
899.0
873.0
777.0
509.0
431.0
385.0
303.0
277.0
277.0
251.0
225.0
225.0
225.0
225.0
199.0
225.0
332.0
563.0
875.0
901.0
913.0
849.0
901.0
859.0
875.0
849.0
771.0
537.0
390.0
355.0
303.0
277.0
258.0
232.0
232.0
225.0
225.0
225.0
225.0
225.0
329.0
563.0
849.0
875.0
901.0
849.0
823.0
849.0
824.0
823.0
719.0
511.0
381.0
329.0
280.0
251.0
251.0
251.0
222.0
196.0
196.0
222.0
196.0
199.0
188.0
229.0
208.0
222.0
248.0
274.0
241.0
248.0
274.0
248.0
277.0
248.0
251.0
225.0
251.0
225.0
225.0
199.0
225.0
225.0
199.0
196.0
199.0
199.0
203.0
199.0
220.0
225.0
235.0
277.0
251.0
251.0
225.0
252.0
225.0
225.0
220.0
199.0
225.0
225.0
225.0
229.0
203.0
203.0
203.0
222.0
177.0
199.0
196.0
593.0
840.0
931.0
957.0
879.0
905.0
885.0
879.0
879.0
775.0
489.0
385.0
359.0
281.0
255.0
255.0
229.0
229.0
203.0
229.0
203.0
229.0
229.0
359.0
563.0
853.0
927.0
953.0
875.0
901.0
901.0
900.0
874.0
770.0
510.0
406.0
354.0
276.0
250.0
250.0
224.0
224.0
224.0
224.0
225.0
225.0
225.0
381.0
589.0
875.0
927.0
938.0
874.0
900.0
900.0
901.0
870.0
770.0
510.0
406.0
324.0
276.0
250.0
250.0
242.0
250.0
224.0
224.0
224.0
210.0
224.0
349.0
562.0
874.0
900.0
952.0
848.0
900.0
898.0
900.0
874.0
770.0
484.0
406.0
355.0
302.0
276.0
250.0
224.0
250.0
224.0
224.0
224.0
201.0
224.0
328.0
562.0
848.0
900.0
941.0
822.0
900.0
866.0
866.0
866.0
736.0
516.0
373.0
340.0
256.0
230.0
256.0
230.0
178.0
230.0
206.0
204.0
187.0
204.0
188.0
230.0
256.0
282.0
256.0
282.0
256.0
256.0
242.0
230.0
256.0
216.0
216.0
195.0
190.0
216.0
216.0
216.0
190.0
164.0
190.0
220.0
199.0
190.0
164.0
225.0
277.0
535.0
823.0
849.0
901.0
823.0
875.0
849.0
849.0
823.0
719.0
485.0
381.0
277.0
225.0
225.0
251.0
173.0
180.0
172.0
180.0
172.0
162.0
162.0
162.0
198.0
224.0
224.0
198.0
198.0
224.0
224.0
224.0
237.0
224.0
198.0
198.0
172.0
198.0
172.0
172.0
172.0
172.0
172.0
172.0
172.0
172.0
172.0
172.0
200.0
182.0
208.0
217.0
208.0
230.0
224.0
224.0
217.0
224.0
198.0
198.0
198.0
224.0
198.0
172.0
194.0
172.0
198.0
172.0
199.0
172.0
196.0
292.0
510.0
822.0
874.0
926.0
822.0
874.0
848.0
838.0
822.0
718.0
458.0
380.0
302.0
250.0
224.0
247.0
188.0
250.0
250.0
250.0
250.0
239.0
250.0
354.0
510.0
796.0
848.0
874.0
796.0
796.0
770.0
770.0
744.0
666.0
461.0
406.0
354.0
302.0
268.0
276.0
276.0
276.0
296.0
276.0
276.0
302.0
302.0
388.0
510.0
718.0
770.0
848.0
744.0
770.0
770.0
744.0
744.0
666.0
464.0
406.0
354.0
328.0
328.0
302.0
225.0
198.0
224.0
198.0
224.0
198.0
225.0
317.0
536.0
848.0
848.0
926.0
822.0
848.0
851.0
848.0
848.0
718.0
484.0
380.0
328.0
261.0
250.0
224.0
224.0
198.0
224.0
224.0
224.0
224.0
224.0
328.0
562.0
822.0
874.0
926.0
822.0
874.0
874.0
874.0
877.0
718.0
458.0
354.0
276.0
276.0
250.0
224.0
172.0
172.0
172.0
172.0
172.0
174.0
174.0
172.0
198.0
277.0
302.0
302.0
302.0
276.0
276.0
276.0
276.0
276.0
224.0
224.0
198.0
198.0
198.0
172.0
172.0
172.0
172.0
172.0
172.0
172.0
172.0
180.0
198.0
281.0
277.0
303.0
277.0
303.0
307.0
307.0
281.0
284.0
225.0
225.0
187.0
199.0
199.0
173.0
180.0
195.0
199.0
199.0
206.0
194.0
199.0
287.0
486.0
745.0
797.0
849.0
797.0
823.0
807.0
771.0
771.0
672.0
438.0
360.0
308.0
282.0
282.0
230.0
230.0
203.0
214.0
204.0
204.0
204.0
195.0
308.0
542.0
749.0
802.0
854.0
776.0
828.0
802.0
802.0
802.0
698.0
484.0
380.0
328.0
250.0
250.0
224.0
224.0
198.0
224.0
198.0
198.0
201.0
191.0
276.0
510.0
796.0
819.0
900.0
796.0
848.0
822.0
822.0
796.0
692.0
456.0
354.0
302.0
261.0
250.0
224.0
224.0
198.0
198.0
206.0
206.0
198.0
206.0
302.0
510.0
822.0
848.0
926.0
822.0
874.0
846.0
847.0
822.0
718.0
487.0
380.0
354.0
250.0
258.0
232.0
224.0
224.0
196.0
206.0
198.0
198.0
199.0
329.0
587.0
848.0
874.0
926.0
822.0
874.0
848.0
842.0
822.0
718.0
458.0
328.0
276.0
224.0
198.0
172.0
198.0
177.0
172.0
198.0
172.0
172.0
188.0
173.0
199.0
303.0
303.0
303.0
251.0
303.0
303.0
303.0
300.0
277.0
224.0
198.0
198.0
198.0
172.0
173.0
185.0
173.0
173.0
199.0
173.0
156.0
173.0
173.0
199.0
251.0
225.0
251.0
225.0
246.0
243.0
243.0
249.0
223.0
223.0
201.0
197.0
223.0
197.0
171.0
203.0
171.0
197.0
172.0
198.0
172.0
196.0
177.0
562.0
848.0
874.0
952.0
848.0
900.0
874.0
900.0
874.0
744.0
458.0
380.0
302.0
276.0
250.0
224.0
198.0
224.0
198.0
198.0
198.0
198.0
189.0
328.0
562.0
874.0
900.0
952.0
848.0
874.0
900.0
874.0
849.0
745.0
458.0
370.0
302.0
276.0
250.0
224.0
224.0
198.0
199.0
198.0
225.0
199.0
199.0
322.0
563.0
901.0
901.0
953.0
849.0
901.0
901.0
867.0
849.0
719.0
459.0
381.0
303.0
266.0
251.0
251.0
225.0
225.0
225.0
199.0
199.0
199.0
225.0
329.0
563.0
848.0
874.0
952.0
822.0
900.0
900.0
874.0
874.0
718.0
536.0
432.0
354.0
274.0
250.0
250.0
198.0
198.0
198.0
198.0
198.0
172.0
224.0
335.0
562.0
848.0
874.0
926.0
822.0
874.0
874.0
848.0
848.0
718.0
510.0
380.0
328.0
250.0
224.0
250.0
172.0
198.0
198.0
172.0
172.0
172.0
199.0
199.0
198.0
276.0
276.0
302.0
276.0
302.0
302.0
303.0
303.0
268.0
225.0
225.0
225.0
199.0
199.0
173.0
199.0
191.0
163.0
190.0
194.0
169.0
162.0
204.0
190.0
229.0
238.0
242.0
216.0
268.0
268.0
242.0
242.0
224.0
198.0
184.0
198.0
198.0
198.0
173.0
173.0
199.0
199.0
173.0
167.0
160.0
199.0
203.0
563.0
849.0
865.0
953.0
849.0
896.0
875.0
875.0
875.0
719.0
459.0
355.0
303.0
277.0
251.0
251.0
199.0
199.0
199.0
199.0
173.0
199.0
226.0
329.0
563.0
848.0
874.0
952.0
822.0
900.0
900.0
900.0
874.0
744.0
458.0
380.0
302.0
276.0
250.0
250.0
198.0
203.0
198.0
198.0
198.0
198.0
226.0
313.0
614.0
831.0
900.0
952.0
848.0
900.0
900.0
874.0
848.0
718.0
458.0
328.0
276.0
250.0
250.0
250.0
198.0
224.0
198.0
201.0
198.0
204.0
230.0
319.0
614.0
900.0
926.0
978.0
874.0
926.0
900.0
900.0
848.0
744.0
458.0
354.0
302.0
250.0
250.0
250.0
224.0
198.0
229.0
198.0
199.0
192.0
192.0
322.0
563.0
875.0
901.0
927.0
849.0
849.0
771.0
760.0
771.0
589.0
381.0
302.0
276.0
234.0
250.0
250.0
198.0
172.0
177.0
198.0
171.0
166.0
166.0
198.0
224.0
250.0
276.0
250.0
224.0
224.0
243.0
217.0
240.0
229.0
181.0
198.0
172.0
198.0
176.0
172.0
198.0
177.0
177.0
192.0
151.0
166.0
149.0
197.0
217.0
243.0
275.0
278.0
279.0
250.0
224.0
250.0
223.0
198.0
198.0
198.0
224.0
171.0
172.0
172.0
172.0
175.0
192.0
175.0
175.0
175.0
204.0
183.0
555.0
822.0
822.0
900.0
848.0
848.0
848.0
848.0
822.0
692.0
473.0
357.0
302.0
250.0
224.0
250.0
198.0
198.0
198.0
198.0
198.0
226.0
192.0
356.0
562.0
848.0
848.0
926.0
848.0
874.0
848.0
848.0
848.0
691.0
458.0
360.0
302.0
250.0
227.0
256.0
224.0
201.0
198.0
198.0
201.0
202.0
223.0
328.0
562.0
851.0
863.0
951.0
848.0
900.0
874.0
900.0
848.0
718.0
484.0
379.0
309.0
279.0
250.0
250.0
198.0
198.0
224.0
198.0
196.0
224.0
224.0
328.0
562.0
900.0
900.0
952.0
848.0
898.0
900.0
900.0
874.0
718.0
458.0
376.0
328.0
276.0
275.0
250.0
250.0
198.0
224.0
224.0
224.0
195.0
224.0
354.0
614.0
874.0
900.0
952.0
848.0
900.0
900.0
900.0
848.0
718.0
458.0
354.0
276.0
224.0
250.0
250.0
190.0
190.0
198.0
198.0
198.0
196.0
197.0
182.0
250.0
276.0
307.0
302.0
333.0
333.0
328.0
316.0
307.0
255.0
255.0
229.0
229.0
229.0
197.0
179.0
197.0
197.0
195.0
197.0
197.0
194.0
162.0
188.0
249.0
275.0
285.0
301.0
301.0
301.0
301.0
297.0
327.0
271.0
249.0
249.0
223.0
223.0
197.0
171.0
197.0
197.0
197.0
228.0
171.0
190.0
188.0
183.0
579.0
873.0
925.0
1003.0
873.0
951.0
909.0
929.0
899.0
743.0
516.0
379.0
327.0
249.0
223.0
249.0
197.0
197.0
223.0
197.0
197.0
205.0
224.0
328.0
614.0
900.0
900.0
978.0
874.0
900.0
860.0
874.0
874.0
718.0
484.0
374.0
301.0
276.0
250.0
250.0
224.0
198.0
224.0
198.0
224.0
195.0
224.0
328.0
614.0
874.0
887.0
952.0
848.0
900.0
874.0
874.0
848.0
718.0
458.0
387.0
324.0
272.0
272.0
257.0
224.0
402.0
406.0
406.0
406.0
406.0
431.0
458.0
510.0
588.0
562.0
640.0
640.0
588.0
874.0
874.0
874.0
718.0
510.0
350.0
718.0
510.0
380.0
324.0
272.0
250.0
250.0
250.0
224.0
198.0
198.0
215.0
198.0
197.0
192.0
223.0
223.0
223.0
249.0
275.0
249.0
241.0
269.0
243.0
276.0
237.0
237.0
215.0
241.0
220.0
220.0
194.0
217.0
220.0
194.0
194.0
190.0
190.0
190.0
194.0
220.0
221.0
249.0
272.0
246.0
249.0
223.0
249.0
210.0
223.0
223.0
197.0
223.0
223.0
223.0
223.0
194.0
194.0
194.0
216.0
172.0
183.0
183.0
587.0
847.0
925.0
951.0
873.0
899.0
899.0
873.0
873.0
769.0
484.0
380.0
360.0
276.0
250.0
250.0
208.0
224.0
198.0
224.0
198.0
224.0
224.0
354.0
562.0
848.0
926.0
945.0
874.0
900.0
900.0
900.0
878.0
770.0
510.0
406.0
354.0
276.0
250.0
250.0
224.0
224.0
223.0
223.0
223.0
223.0
223.0
379.0
587.0
873.0
917.0
960.0
873.0
899.0
899.0
899.0
873.0
769.0
509.0
406.0
327.0
275.0
249.0
249.0
249.0
249.0
223.0
223.0
220.0
223.0
223.0
353.0
561.0
873.0
899.0
950.0
848.0
900.0
900.0
900.0
874.0
770.0
484.0
406.0
354.0
302.0
276.0
250.0
224.0
250.0
224.0
224.0
224.0
198.0
224.0
328.0
562.0
848.0
900.0
952.0
822.0
900.0
874.0
874.0
874.0
744.0
510.0
380.0
354.0
250.0
211.0
250.0
223.0
171.0
224.0
197.0
198.0
198.0
197.0
192.0
224.0
250.0
276.0
250.0
280.0
258.0
246.0
246.0
220.0
250.0
213.0
218.0
184.0
187.0
213.0
213.0
224.0
194.0
161.0
187.0
216.0
190.0
190.0
190.0
213.0
239.0
246.0
246.0
246.0
246.0
246.0
222.0
246.0
220.0
220.0
220.0
220.0
194.0
194.0
224.0
194.0
194.0
168.0
190.0
190.0
190.0
183.0
199.0
588.0
870.0
870.0
952.0
874.0
900.0
900.0
900.0
926.0
770.0
561.0
431.0
379.0
275.0
249.0
245.0
197.0
197.0
223.0
197.0
223.0
197.0
224.0
328.0
613.0
900.0
900.0
926.0
874.0
874.0
900.0
874.0
900.0
796.0
562.0
458.0
343.0
276.0
250.0
239.0
187.0
223.0
223.0
203.0
223.0
223.0
197.0
348.0
613.0
821.0
873.0
899.0
821.0
873.0
899.0
873.0
847.0
795.0
509.0
457.0
353.0
294.0
241.0
249.0
223.0
232.0
223.0
197.0
249.0
223.0
249.0
354.0
562.0
874.0
900.0
952.0
874.0
900.0
900.0
900.0
874.0
770.0
536.0
406.0
384.0
302.0
276.0
272.0
250.0
220.0
220.0
189.0
224.0
224.0
224.0
328.0
562.0
844.0
900.0
900.0
848.0
874.0
900.0
900.0
874.0
770.0
536.0
412.0
328.0
302.0
267.0
276.0
213.0
224.0
198.0
224.0
224.0
198.0
198.0
194.0
224.0
276.0
250.0
250.0
241.0
241.0
249.0
236.0
236.0
249.0
249.0
223.0
223.0
223.0
223.0
216.0
223.0
223.0
197.0
207.0
216.0
190.0
190.0
190.0
223.0
267.0
249.0
241.0
241.0
272.0
241.0
267.0
267.0
242.0
241.0
241.0
215.0
223.0
227.0
215.0
189.0
189.0
189.0
189.0
163.0
190.0
190.0
190.0
579.0
891.0
891.0
921.0
839.0
865.0
865.0
891.0
865.0
761.0
527.0
423.0
371.0
293.0
241.0
267.0
215.0
215.0
189.0
215.0
215.0
215.0
189.0
319.0
553.0
839.0
865.0
943.0
813.0
865.0
891.0
865.0
865.0
769.0
536.0
458.0
371.0
293.0
241.0
267.0
215.0
238.0
215.0
224.0
185.0
224.0
198.0
354.0
579.0
839.0
874.0
952.0
853.0
865.0
891.0
874.0
874.0
787.0
536.0
432.0
380.0
298.0
283.0
272.0
246.0
220.0
224.0
224.0
224.0
224.0
224.0
360.0
620.0
854.0
863.0
958.0
854.0
906.0
906.0
906.0
893.0
776.0
568.0
458.0
386.0
300.0
246.0
266.0
215.0
215.0
230.0
224.0
198.0
198.0
224.0
354.0
588.0
900.0
900.0
952.0
848.0
900.0
900.0
900.0
874.0
770.0
536.0
406.0
328.0
250.0
224.0
275.0
198.0
224.0
223.0
197.0
197.0
197.0
206.0
173.0
212.0
249.0
275.0
249.0
256.0
275.0
269.0
271.0
301.0
301.0
275.0
249.0
223.0
214.0
223.0
223.0
223.0
223.0
223.0
197.0
190.0
190.0
190.0
190.0
220.0
267.0
272.0
276.0
294.0
298.0
320.0
324.0
298.0
305.0
240.0
223.0
220.0
194.0
194.0
223.0
223.0
173.0
197.0
173.0
199.0
197.0
199.0
185.0
554.0
847.0
899.0
925.0
847.0
899.0
925.0
899.0
873.0
766.0
561.0
457.0
353.0
327.0
249.0
256.0
230.0
227.0
230.0
230.0
229.0
230.0
213.0
334.0
568.0
899.0
906.0
959.0
824.0
899.0
899.0
873.0
899.0
763.0
535.0
452.0
353.0
279.0
249.0
249.0
223.0
197.0
223.0
223.0
223.0
223.0
230.0
353.0
561.0
847.0
899.0
925.0
821.0
873.0
900.0
873.0
874.0
770.0
562.0
458.0
380.0
275.0
249.0
249.0
223.0
236.0
223.0
223.0
223.0
223.0
223.0
379.0
585.0
873.0
899.0
951.0
847.0
925.0
899.0
900.0
883.0
796.0
536.0
432.0
380.0
268.0
278.0
250.0
224.0
250.0
250.0
250.0
224.0
198.0
224.0
354.0
555.0
900.0
900.0
953.0
848.0
888.0
900.0
899.0
847.0
743.0
535.0
405.0
353.0
275.0
241.0
241.0
229.0
215.0
215.0
215.0
223.0
197.0
197.0
251.0
276.0
293.0
293.0
354.0
293.0
328.0
319.0
319.0
274.0
276.0
215.0
241.0
241.0
215.0
189.0
215.0
215.0
189.0
186.0
186.0
216.0
190.0
190.0
212.0
186.0
212.0
212.0
238.0
212.0
238.0
238.0
251.0
225.0
251.0
213.0
251.0
213.0
212.0
184.0
213.0
213.0
210.0
213.0
213.0
188.0
214.0
188.0
195.0
587.0
873.0
899.0
951.0
873.0
899.0
899.0
927.0
899.0
769.0
561.0
431.0
353.0
301.0
223.0
249.0
223.0
223.0
197.0
223.0
197.0
209.0
223.0
327.0
613.0
873.0
925.0
936.0
847.0
899.0
891.0
891.0
891.0
769.0
509.0
423.0
345.0
267.0
267.0
241.0
241.0
215.0
215.0
189.0
215.0
163.0
215.0
328.0
536.0
874.0
874.0
902.0
822.0
874.0
865.0
839.0
859.0
770.0
484.0
406.0
342.0
293.0
215.0
241.0
224.0
213.0
224.0
198.0
224.0
224.0
198.0
353.0
563.0
857.0
873.0
951.0
813.0
899.0
862.0
899.0
847.0
734.0
509.0
457.0
379.0
301.0
249.0
241.0
231.0
226.0
200.0
200.0
200.0
200.0
226.0
328.0
562.0
900.0
900.0
926.0
822.0
880.0
818.0
770.0
796.0
640.0
458.0
380.0
330.0
278.0
252.0
252.0
226.0
226.0
200.0
226.0
213.0
200.0
226.0
226.0
226.0
304.0
309.0
330.0
330.0
330.0
330.0
330.0
330.0
300.0
252.0
226.0
252.0
255.0
200.0
226.0
184.0
226.0
200.0
200.0
194.0
190.0
216.0
226.0
200.0
226.0
252.0
252.0
246.0
246.0
252.0
258.0
241.0
241.0
272.0
246.0
215.0
241.0
220.0
213.0
220.0
190.0
220.0
194.0
223.0
190.0
190.0
199.0
595.0
873.0
899.0
977.0
873.0
899.0
899.0
899.0
873.0
795.0
561.0
431.0
379.0
275.0
249.0
249.0
232.0
197.0
223.0
224.0
226.0
226.0
226.0
328.0
590.0
902.0
902.0
937.0
822.0
900.0
902.0
902.0
902.0
770.0
588.0
478.0
356.0
304.0
252.0
252.0
226.0
226.0
200.0
226.0
226.0
226.0
226.0
330.0
642.0
902.0
895.0
952.0
876.0
902.0
897.0
902.0
902.0
770.0
536.0
446.0
356.0
275.0
244.0
278.0
226.0
200.0
226.0
199.0
249.0
198.0
224.0
328.0
614.0
875.0
926.0
952.0
848.0
928.0
902.0
902.0
902.0
770.0
536.0
432.0
360.0
282.0
256.0
282.0
256.0
204.0
212.0
204.0
230.0
230.0
230.0
308.0
568.0
984.0
955.0
958.0
826.0
620.0
412.0
386.0
360.0
256.0
282.0
256.0
256.0
256.0
230.0
256.0
256.0
230.0
386.0
646.0
958.0
984.0
1039.0
958.0
984.0
952.0
952.0
952.0
822.0
614.0
484.0
380.0
328.0
276.0
276.0
250.0
250.0
224.0
250.0
211.0
224.0
250.0
380.0
692.0
952.0
978.0
1056.0
952.0
1004.0
978.0
952.0
952.0
796.0
588.0
432.0
354.0
302.0
259.0
275.0
223.0
197.0
197.0
223.0
223.0
197.0
197.0
185.0
223.0
249.0
249.0
275.0
275.0
270.0
267.0
244.0
274.0
250.0
211.0
215.0
241.0
189.0
215.0
163.0
189.0
189.0
215.0
189.0
224.0
192.0
199.0
216.0
215.0
215.0
241.0
267.0
267.0
241.0
267.0
267.0
267.0
267.0
246.0
215.0
241.0
215.0
206.0
170.0
189.0
215.0
181.0
189.0
215.0
232.0
216.0
199.0
657.0
917.0
995.0
1024.0
958.0
1001.0
984.0
1010.0
958.0
828.0
542.0
438.0
360.0
308.0
282.0
256.0
230.0
256.0
230.0
256.0
230.0
256.0
230.0
386.0
646.0
932.0
1010.0
1062.0
984.0
993.0
984.0
958.0
958.0
854.0
594.0
438.0
348.0
308.0
282.0
256.0
256.0
230.0
230.0
230.0
230.0
222.0
230.0
386.0
646.0
958.0
1010.0
1062.0
958.0
1010.0
1004.0
978.0
978.0
848.0
588.0
432.0
380.0
328.0
276.0
247.0
224.0
250.0
224.0
250.0
224.0
224.0
250.0
380.0
692.0
944.0
978.0
1056.0
952.0
1004.0
978.0
952.0
914.0
848.0
536.0
432.0
376.0
328.0
273.0
247.0
224.0
224.0
224.0
228.0
221.0
198.0
224.0
380.0
692.0
926.0
968.0
1056.0
952.0
978.0
961.0
952.0
914.0
822.0
536.0
432.0
354.0
271.0
250.0
250.0
214.0
201.0
197.0
223.0
222.0
206.0
223.0
223.0
230.0
230.0
282.0
256.0
282.0
246.0
267.0
269.0
238.0
230.0
256.0
224.0
256.0
195.0
221.0
169.0
195.0
195.0
195.0
195.0
198.0
224.0
199.0
190.0
210.0
227.0
247.0
259.0
276.0
243.0
273.0
247.0
273.0
221.0
273.0
247.0
247.0
186.0
226.0
160.0
197.0
212.0
186.0
186.0
186.0
194.0
194.0
194.0
628.0
940.0
992.0
1018.0
940.0
1006.0
966.0
992.0
978.0
848.0
588.0
458.0
343.0
302.0
252.0
252.0
224.0
224.0
224.0
250.0
224.0
224.0
250.0
354.0
639.0
942.0
1004.0
1056.0
952.0
1004.0
952.0
978.0
952.0
848.0
588.0
432.0
362.0
302.0
276.0
250.0
224.0
217.0
224.0
250.0
250.0
211.0
224.0
380.0
640.0
926.0
952.0
1056.0
923.0
978.0
952.0
952.0
900.0
848.0
562.0
432.0
354.0
302.0
253.0
250.0
224.0
198.0
224.0
224.0
224.0
224.0
224.0
368.0
640.0
917.0
943.0
1047.0
943.0
943.0
952.0
926.0
891.0
796.0
536.0
371.0
345.0
293.0
241.0
241.0
224.0
215.0
189.0
229.0
198.0
224.0
187.0
380.0
614.0
903.0
926.0
1024.0
952.0
952.0
926.0
926.0
899.0
770.0
535.0
379.0
327.0
249.0
244.0
249.0
197.0
198.0
198.0
189.0
198.0
198.0
192.0
218.0
215.0
253.0
270.0
267.0
244.0
293.0
267.0
239.0
250.0
251.0
244.0
224.0
224.0
218.0
198.0
166.0
224.0
199.0
192.0
192.0
206.0
206.0
206.0
187.0
187.0
223.0
218.0
244.0
270.0
244.0
244.0
244.0
270.0
244.0
218.0
244.0
218.0
223.0
223.0
166.0
192.0
206.0
192.0
192.0
192.0
197.0
199.0
199.0
634.0
920.0
920.0
1050.0
952.0
952.0
1012.0
978.0
952.0
822.0
536.0
458.0
354.0
302.0
252.0
238.0
250.0
198.0
250.0
198.0
224.0
191.0
224.0
354.0
640.0
926.0
952.0
1050.0
952.0
952.0
978.0
952.0
952.0
822.0
562.0
458.0
354.0
310.0
258.0
250.0
250.0
224.0
250.0
224.0
224.0
224.0
224.0
354.0
641.0
926.0
1004.0
1056.0
952.0
978.0
952.0
952.0
926.0
822.0
562.0
432.0
380.0
302.0
250.0
250.0
241.0
226.0
216.0
224.0
224.0
224.0
224.0
380.0
692.0
952.0
978.0
1056.0
948.0
946.0
953.0
952.0
915.0
822.0
536.0
397.0
354.0
293.0
241.0
250.0
250.0
250.0
198.0
198.0
224.0
198.0
226.0
380.0
640.0
958.0
952.0
1030.0
926.0
978.0
952.0
952.0
900.0
796.0
484.0
354.0
354.0
262.0
224.0
250.0
198.0
220.0
198.0
198.0
172.0
200.0
194.0
226.0
189.0
267.0
293.0
293.0
293.0
293.0
293.0
293.0
310.0
267.0
241.0
215.0
215.0
223.0
189.0
157.0
189.0
184.0
189.0
189.0
163.0
206.0
206.0
163.0
197.0
213.0
223.0
241.0
267.0
241.0
241.0
241.0
226.0
241.0
224.0
221.0
241.0
224.0
212.0
163.0
186.0
186.0
187.0
189.0
224.0
190.0
200.0
194.0
579.0
891.0
917.0
995.0
943.0
943.0
940.0
928.0
902.0
798.0
564.0
457.0
330.0
278.0
240.0
249.0
252.0
226.0
200.0
229.0
226.0
200.0
226.0
356.0
616.0
928.0
954.0
1006.0
917.0
980.0
980.0
954.0
954.0
850.0
538.0
460.0
356.0
300.0
250.0
252.0
226.0
226.0
226.0
226.0
210.0
226.0
252.0
382.0
616.0
954.0
1006.0
1058.0
951.0
1003.0
977.0
951.0
951.0
796.0
535.0
431.0
353.0
301.0
274.0
249.0
249.0
223.0
223.0
223.0
223.0
249.0
223.0
379.0
639.0
925.0
954.0
1058.0
954.0
954.0
954.0
954.0
928.0
824.0
538.0
434.0
382.0
330.0
248.0
248.0
250.0
215.0
215.0
215.0
215.0
250.0
250.0
380.0
640.0
952.0
978.0
1030.0
952.0
943.0
952.0
952.0
926.0
822.0
536.0
440.0
362.0
336.0
258.0
258.0
232.0
258.0
206.0
232.0
217.0
206.0
213.0
258.0
232.0
284.0
310.0
264.0
258.0
310.0
274.0
310.0
310.0
258.0
258.0
258.0
258.0
232.0
212.0
180.0
232.0
258.0
206.0
206.0
212.0
206.0
181.0
212.0
212.0
212.0
212.0
284.0
274.0
248.0
217.0
217.0
246.0
212.0
212.0
213.0
243.0
217.0
212.0
165.0
186.0
187.0
212.0
212.0
186.0
186.0
213.0
349.0
642.0
902.0
1006.0
1026.0
945.0
997.0
1000.0
945.0
945.0
815.0
555.0
458.0
373.0
295.0
269.0
243.0
217.0
232.0
217.0
217.0
183.0
191.0
243.0
373.0
666.0
926.0
952.0
1030.0
952.0
978.0
952.0
926.0
926.0
796.0
510.0
432.0
380.0
328.0
276.0
250.0
250.0
250.0
219.0
250.0
224.0
191.0
223.0
379.0
665.0
914.0
951.0
1003.0
925.0
951.0
925.0
925.0
899.0
769.0
535.0
405.0
327.0
301.0
217.0
243.0
191.0
217.0
191.0
191.0
217.0
217.0
195.0
220.0
195.0
221.0
221.0
273.0
273.0
224.0
276.0
247.0
224.0
247.0
216.0
247.0
215.0
215.0
189.0
163.0
215.0
181.0
191.0
189.0
198.0
163.0
193.0
181.0
207.0
243.0
217.0
233.0
295.0
243.0
217.0
217.0
243.0
224.0
213.0
224.0
213.0
181.0
181.0
163.0
189.0
196.0
207.0
181.0
181.0
181.0
181.0
181.0
181.0
224.0
224.0
241.0
224.0
213.0
241.0
224.0
241.0
209.0
224.0
213.0
213.0
187.0
187.0
179.0
224.0
196.0
198.0
198.0
181.0
181.0
181.0
197.0
663.0
897.0
949.0
1053.0
923.0
949.0
949.0
949.0
897.0
793.0
460.0
377.0
286.0
273.0
246.0
247.0
221.0
221.0
220.0
247.0
194.0
221.0
221.0
376.0
636.0
936.0
971.0
1052.0
945.0
997.0
971.0
947.0
973.0
843.0
635.0
453.0
375.0
323.0
271.0
271.0
224.0
221.0
245.0
245.0
219.0
245.0
219.0
375.0
635.0
921.0
973.0
1051.0
947.0
999.0
973.0
973.0
947.0
791.0
635.0
436.0
375.0
297.0
271.0
245.0
219.0
219.0
219.0
245.0
193.0
245.0
245.0
219.0
219.0
375.0
635.0
895.0
947.0
947.0
869.0
947.0
921.0
895.0
895.0
739.0
505.0
401.0
323.0
271.0
245.0
193.0
219.0
219.0
234.0
219.0
219.0
219.0
219.0
323.0
609.0
843.0
865.0
895.0
817.0
869.0
843.0
767.0
793.0
611.0
403.0
351.0
325.0
247.0
194.0
200.0
221.0
221.0
195.0
255.0
195.0
194.0
220.0
194.0
220.0
220.0
194.0
221.0
194.0
198.0
198.0
224.0
224.0
194.0
195.0
226.0
200.0
200.0
226.0
226.0
200.0
226.0
211.0
185.0
185.0
185.0
185.0
206.0
479.0
635.0
635.0
662.0
662.0
661.0
627.0
609.0
609.0
505.0
401.0
245.0
246.0
220.0
220.0
194.0
194.0
219.0
194.0
220.0
194.0
220.0
194.0
298.0
475.0
584.0
605.0
636.0
610.0
636.0
636.0
662.0
636.0
480.0
403.0
273.0
220.0
220.0
220.0
195.0
195.0
189.0
195.0
221.0
194.0
168.0
194.0
246.0
397.0
532.0
532.0
532.0
506.0
532.0
434.0
324.0
278.0
194.0
174.0
174.0
206.0
176.0
194.0
168.0
168.0
168.0
194.0
168.0
167.0
173.0
193.0
139.0
139.0
168.0
168.0
157.0
168.0
168.0
139.0
165.0
168.0
174.0
168.0
194.0
168.0
163.0
168.0
163.0
185.0
174.0
168.0
168.0
168.0
163.0
163.0
142.0
163.0
163.0
174.0
166.0
168.0
174.0
168.0
168.0
168.0
168.0
168.0
194.0
168.0
167.0
193.0
167.0
141.0
171.0
167.0
167.0
167.0
167.0
156.0
167.0
167.0
167.0
167.0
167.0
141.0
167.0
167.0
141.0
167.0
167.0
167.0
167.0
193.0
167.0
167.0
167.0
167.0
167.0
167.0
141.0
167.0
167.0
152.0
167.0
167.0
141.0
141.0
141.0
167.0
144.0
167.0
141.0
167.0
141.0
167.0
170.0
193.0
167.0
167.0
167.0
167.0
167.0
167.0
167.0
167.0
167.0
167.0
167.0
167.0
141.0
167.0
141.0
167.0
141.0
141.0
141.0
167.0
141.0
167.0
167.0
167.0
169.0
169.0
169.0
169.0
193.0
169.0
193.0
169.0
169.0
150.0
143.0
141.0
169.0
169.0
169.0
169.0
169.0
162.0
163.0
163.0
163.0
163.0
163.0
163.0
163.0
163.0
163.0
163.0
163.0
158.0
163.0
163.0
163.0
163.0
163.0
163.0
174.0
189.0
163.0
163.0
189.0
189.0
157.0
189.0
163.0
189.0
189.0
189.0
167.0
167.0
167.0
167.0
193.0
141.0
193.0
167.0
167.0
167.0
172.0
505.0
633.0
661.0
661.0
661.0
687.0
635.0
661.0
635.0
505.0
401.0
297.0
245.0
249.0
232.0
232.0
221.0
193.0
193.0
193.0
219.0
219.0
194.0
336.0
583.0
843.0
851.0
839.0
787.0
813.0
817.0
817.0
787.0
709.0
449.0
345.0
293.0
278.0
226.0
226.0
226.0
226.0
226.0
200.0
200.0
223.0
223.0
336.0
616.0
850.0
850.0
885.0
824.0
876.0
876.0
876.0
824.0
741.0
481.0
377.0
299.0
247.0
249.0
221.0
221.0
221.0
221.0
225.0
221.0
221.0
221.0
351.0
611.0
819.0
845.0
871.0
793.0
871.0
845.0
843.0
819.0
689.0
403.0
325.0
273.0
247.0
221.0
221.0
221.0
221.0
221.0
221.0
221.0
215.0
215.0
193.0
228.0
228.0
215.0
215.0
212.0
213.0
213.0
213.0
217.0
228.0
254.0
228.0
228.0
228.0
202.0
160.0
191.0
202.0
202.0
228.0
228.0
228.0
217.0
347.0
685.0
949.0
949.0
975.0
897.0
937.0
949.0
949.0
923.0
819.0
585.0
429.0
349.0
299.0
273.0
221.0
221.0
221.0
221.0
221.0
247.0
221.0
221.0
339.0
663.0
949.0
949.0
1001.0
923.0
975.0
949.0
975.0
923.0
819.0
559.0
455.0
350.0
299.0
273.0
221.0
247.0
221.0
221.0
221.0
221.0
221.0
232.0
347.0
659.0
945.0
945.0
997.0
945.0
971.0
945.0
960.0
919.0
789.0
555.0
425.0
347.0
309.0
283.0
231.0
257.0
222.0
222.0
231.0
222.0
222.0
221.0
351.0
663.0
949.0
975.0
1001.0
897.0
949.0
949.0
923.0
922.0
793.0
533.0
455.0
377.0
299.0
247.0
221.0
247.0
221.0
221.0
221.0
221.0
221.0
221.0
351.0
637.0
923.0
940.0
1010.0
893.0
945.0
919.0
919.0
919.0
787.0
555.0
399.0
347.0
295.0
210.0
217.0
217.0
243.0
217.0
217.0
191.0
230.0
206.0
206.0
222.0
248.0
300.0
269.0
243.0
265.0
267.0
267.0
274.0
222.0
274.0
222.0
222.0
222.0
222.0
170.0
222.0
196.0
222.0
222.0
222.0
222.0
193.0
222.0
222.0
248.0
248.0
248.0
274.0
274.0
248.0
236.0
274.0
248.0
274.0
248.0
222.0
222.0
222.0
170.0
227.0
227.0
227.0
227.0
224.0
227.0
227.0
311.0
617.0
929.0
1004.0
1033.0
929.0
945.0
955.0
943.0
955.0
786.0
591.0
461.0
357.0
305.0
284.0
227.0
253.0
245.0
253.0
253.0
253.0
219.0
225.0
383.0
663.0
947.0
975.0
1001.0
923.0
975.0
949.0
923.0
923.0
793.0
533.0
429.0
351.0
307.0
271.0
282.0
245.0
245.0
245.0
219.0
245.0
245.0
219.0
375.0
661.0
921.0
947.0
1009.0
895.0
947.0
947.0
921.0
895.0
824.0
564.0
460.0
375.0
323.0
271.0
271.0
245.0
245.0
245.0
226.0
252.0
252.0
226.0
356.0
590.0
928.0
954.0
954.0
902.0
928.0
902.0
902.0
902.0
798.0
564.0
460.0
357.0
330.0
252.0
278.0
252.0
252.0
221.0
237.0
226.0
226.0
241.0
356.0
611.0
875.0
924.0
937.0
846.0
898.0
898.0
872.0
872.0
742.0
534.0
404.0
352.0
274.0
253.0
274.0
222.0
222.0
222.0
187.0
221.0
221.0
221.0
197.0
221.0
221.0
222.0
239.0
239.0
239.0
243.0
273.0
249.0
247.0
247.0
221.0
235.0
221.0
221.0
169.0
210.0
195.0
221.0
196.0
222.0
222.0
222.0
193.0
222.0
222.0
222.0
248.0
248.0
248.0
248.0
248.0
248.0
248.0
248.0
222.0
248.0
222.0
222.0
170.0
222.0
248.0
222.0
248.0
222.0
222.0
193.0
181.0
586.0
898.0
924.0
975.0
923.0
949.0
949.0
949.0
923.0
796.0
533.0
486.0
403.0
325.0
273.0
273.0
243.0
243.0
243.0
252.0
252.0
226.0
252.0
356.0
590.0
902.0
954.0
980.0
902.0
928.0
924.0
895.0
895.0
774.0
557.0
427.0
375.0
297.0
271.0
271.0
245.0
245.0
219.0
245.0
210.0
245.0
219.0
347.0
581.0
867.0
893.0
956.0
893.0
893.0
893.0
893.0
867.0
763.0
529.0
399.0
347.0
295.0
269.0
239.0
243.0
245.0
223.0
243.0
243.0
217.0
248.0
347.0
581.0
893.0
919.0
945.0
867.0
893.0
893.0
893.0
867.0
755.0
503.0
405.0
347.0
295.0
269.0
248.0
248.0
248.0
222.0
222.0
222.0
222.0
217.0
347.0
555.0
892.0
934.0
945.0
867.0
893.0
893.0
893.0
893.0
763.0
529.0
399.0
347.0
295.0
269.0
243.0
219.0
217.0
217.0
191.0
217.0
217.0
218.0
188.0
217.0
243.0
217.0
243.0
243.0
217.0
248.0
248.0
248.0
248.0
245.0
222.0
245.0
222.0
222.0
170.0
222.0
222.0
222.0
196.0
196.0
196.0
217.0
193.0
222.0
222.0
248.0
274.0
248.0
254.0
274.0
222.0
248.0
248.0
222.0
222.0
248.0
222.0
220.0
168.0
219.0
219.0
194.0
219.0
193.0
207.0
219.0
191.0
585.0
921.0
975.0
975.0
921.0
949.0
949.0
923.0
923.0
793.0
562.0
434.0
330.0
271.0
245.0
246.0
220.0
220.0
220.0
220.0
220.0
194.0
246.0
323.0
635.0
895.0
948.0
948.0
869.0
922.0
922.0
896.0
907.0
766.0
514.0
428.0
350.0
298.0
246.0
246.0
220.0
246.0
246.0
246.0
220.0
246.0
272.0
350.0
376.0
896.0
926.0
951.0
873.0
899.0
896.0
869.0
874.0
739.0
505.0
363.0
219.0
193.0
219.0
219.0
219.0
219.0
219.0
193.0
193.0
167.0
202.0
169.0
160.0
195.0
169.0
169.0
169.0
169.0
169.0
169.0
169.0
169.0
202.0
202.0
202.0
228.0
202.0
202.0
228.0
202.0
202.0
202.0
202.0
176.0
202.0
202.0
176.0
176.0
176.0
176.0
176.0
176.0
176.0
174.0
174.0
176.0
202.0
200.0
215.0
252.0
221.0
221.0
221.0
221.0
221.0
195.0
195.0
196.0
170.0
196.0
170.0
196.0
191.0
191.0
165.0
165.0
191.0
165.0
167.0
477.0
685.0
685.0
789.0
711.0
789.0
789.0
763.0
763.0
659.0
477.0
347.0
269.0
269.0
217.0
165.0
191.0
191.0
174.0
162.0
199.0
200.0
166.0
304.0
512.0
772.0
772.0
830.0
720.0
772.0
765.0
798.0
756.0
642.0
459.0
362.0
303.0
251.0
229.0
173.0
199.0
199.0
173.0
199.0
173.0
192.0
192.0
270.0
493.0
797.0
789.0
845.0
737.0
813.0
797.0
815.0
789.0
659.0
459.0
348.0
295.0
277.0
243.0
165.0
193.0
191.0
191.0
199.0
191.0
193.0
192.0
269.0
503.0
789.0
789.0
841.0
761.0
813.0
813.0
813.0
787.0
657.0
449.0
345.0
267.0
215.0
193.0
167.0
168.0
139.0
168.0
129.0
139.0
154.0
180.0
154.0
168.0
194.0
194.0
191.0
191.0
217.0
191.0
191.0
217.0
191.0
191.0
191.0
165.0
167.0
165.0
165.0
139.0
165.0
165.0
165.0
139.0
139.0
165.0
139.0
139.0
165.0
165.0
191.0
165.0
191.0
185.0
191.0
191.0
165.0
191.0
191.0
165.0
165.0
139.0
165.0
139.0
165.0
165.0
139.0
142.0
142.0
162.0
141.0
480.0
791.0
817.0
869.0
765.0
815.0
820.0
817.0
794.0
664.0
456.0
352.0
319.0
248.0
222.0
196.0
189.0
189.0
168.0
168.0
189.0
163.0
206.0
293.0
501.0
787.0
813.0
839.0
735.0
813.0
790.0
787.0
761.0
657.0
423.0
345.0
287.0
241.0
215.0
189.0
163.0
189.0
163.0
163.0
189.0
163.0
199.0
277.0
501.0
761.0
761.0
839.0
735.0
761.0
761.0
787.0
761.0
631.0
423.0
293.0
272.0
215.0
241.0
194.0
163.0
189.0
168.0
168.0
163.0
163.0
199.0
277.0
512.0
772.0
763.0
816.0
711.0
763.0
763.0
763.0
737.0
633.0
425.0
360.0
269.0
244.0
217.0
191.0
191.0
193.0
165.0
192.0
165.0
192.0
206.0
295.0
529.0
763.0
763.0
815.0
711.0
789.0
789.0
763.0
737.0
633.0
425.0
295.0
270.0
217.0
217.0
192.0
166.0
166.0
166.0
166.0
163.0
163.0
180.0
163.0
168.0
189.0
189.0
194.0
194.0
220.0
220.0
200.0
220.0
194.0
194.0
194.0
194.0
168.0
168.0
168.0
168.0
194.0
168.0
142.0
168.0
168.0
168.0
168.0
168.0
191.0
217.0
191.0
217.0
217.0
218.0
217.0
217.0
217.0
191.0
191.0
183.0
165.0
191.0
165.0
139.0
202.0
167.0
167.0
167.0
141.0
193.0
267.0
505.0
765.0
765.0
816.0
721.0
791.0
765.0
765.0
765.0
634.0
427.0
349.0
297.0
245.0
218.0
192.0
166.0
166.0
166.0
166.0
166.0
166.0
192.0
244.0
512.0
738.0
738.0
800.0
715.0
746.0
772.0
738.0
722.0
634.0
452.0
349.0
270.0
245.0
219.0
194.0
167.0
193.0
167.0
167.0
193.0
167.0
192.0
271.0
478.0
739.0
739.0
791.0
713.0
765.0
739.0
765.0
739.0
609.0
427.0
340.0
274.0
245.0
193.0
193.0
167.0
193.0
167.0
167.0
193.0
167.0
194.0
280.0
425.0
633.0
751.0
815.0
685.0
763.0
763.0
791.0
763.0
659.0
451.0
347.0
321.0
243.0
217.0
193.0
165.0
193.0
193.0
167.0
193.0
160.0
195.0
273.0
531.0
739.0
791.0
825.0
742.0
765.0
765.0
785.0
739.0
635.0
427.0
323.0
271.0
219.0
193.0
193.0
176.0
193.0
167.0
165.0
167.0
167.0
168.0
167.0
193.0
270.0
265.0
265.0
270.0
267.0
267.0
267.0
281.0
241.0
215.0
215.0
189.0
189.0
189.0
163.0
165.0
191.0
165.0
191.0
165.0
163.0
163.0
163.0
189.0
241.0
241.0
241.0
215.0
267.0
267.0
267.0
267.0
215.0
189.0
218.0
192.0
205.0
166.0
166.0
166.0
166.0
192.0
166.0
166.0
166.0
193.0
261.0
477.0
767.0
793.0
842.0
767.0
819.0
793.0
767.0
793.0
660.0
452.0
374.0
296.0
244.0
218.0
192.0
166.0
192.0
192.0
192.0
192.0
192.0
195.0
296.0
511.0
765.0
765.0
817.0
739.0
791.0
765.0
765.0
739.0
635.0
427.0
349.0
297.0
245.0
219.0
193.0
167.0
193.0
167.0
193.0
193.0
193.0
195.0
297.0
531.0
764.0
787.0
842.0
738.0
790.0
790.0
790.0
790.0
631.0
449.0
293.0
262.0
244.0
218.0
192.0
166.0
166.0
166.0
192.0
166.0
166.0
195.0
270.0
530.0
764.0
790.0
842.0
743.0
821.0
816.0
816.0
795.0
686.0
452.0
341.0
322.0
270.0
218.0
192.0
166.0
192.0
192.0
192.0
192.0
166.0
195.0
296.0
530.0
821.0
816.0
847.0
743.0
816.0
790.0
790.0
764.0
631.0
450.0
322.0
270.0
270.0
218.0
192.0
166.0
192.0
166.0
192.0
166.0
166.0
166.0
166.0
192.0
218.0
235.0
272.0
218.0
269.0
246.0
244.0
270.0
218.0
218.0
192.0
192.0
192.0
166.0
166.0
166.0
166.0
166.0
192.0
168.0
192.0
140.0
166.0
166.0
192.0
192.0
195.0
218.0
218.0
218.0
192.0
218.0
192.0
192.0
216.0
192.0
192.0
166.0
166.0
166.0
192.0
166.0
166.0
166.0
140.0
192.0
157.0
504.0
764.0
790.0
868.0
764.0
790.0
821.0
795.0
765.0
639.0
457.0
379.0
297.0
270.0
218.0
201.0
167.0
197.0
192.0
192.0
166.0
171.0
194.0
301.0
529.0
789.0
772.0
838.0
763.0
789.0
789.0
789.0
763.0
659.0
451.0
373.0
305.0
283.0
218.0
192.0
165.0
191.0
191.0
166.0
191.0
191.0
192.0
295.0
529.0
789.0
789.0
842.0
738.0
790.0
790.0
790.0
790.0
660.0
452.0
322.0
296.0
244.0
218.0
218.0
166.0
192.0
192.0
192.0
192.0
192.0
220.0
296.0
533.0
758.0
813.0
845.0
741.0
819.0
817.0
791.0
791.0
687.0
453.0
349.0
271.0
236.0
218.0
244.0
166.0
192.0
166.0
192.0
192.0
166.0
194.0
296.0
530.0
764.0
790.0
868.0
738.0
816.0
790.0
790.0
764.0
634.0
413.0
296.0
244.0
218.0
218.0
244.0
166.0
192.0
166.0
166.0
192.0
166.0
166.0
166.0
192.0
296.0
298.0
272.0
244.0
296.0
272.0
272.0
270.0
244.0
192.0
192.0
192.0
166.0
166.0
166.0
166.0
166.0
166.0
166.0
166.0
167.0
167.0
167.0
196.0
267.0
271.0
271.0
271.0
271.0
245.0
245.0
245.0
219.0
193.0
193.0
193.0
167.0
167.0
167.0
167.0
193.0
167.0
167.0
167.0
167.0
193.0
180.0
478.0
816.0
813.0
894.0
758.0
816.0
842.0
790.0
790.0
659.0
451.0
347.0
296.0
270.0
211.0
239.0
194.0
399.0
400.0
399.0
399.0
425.0
425.0
451.0
506.0
555.0
555.0
582.0
582.0
556.0
535.0
535.0
790.0
665.0
431.0
405.0
301.0
270.0
258.0
249.0
218.0
197.0
197.0
192.0
192.0
186.0
192.0
296.0
504.0
764.0
795.0
847.0
769.0
829.0
795.0
784.0
743.0
561.0
379.0
299.0
249.0
197.0
197.0
257.0
145.0
171.0
171.0
145.0
145.0
171.0
154.0
179.0
166.0
166.0
166.0
218.0
192.0
171.0
171.0
171.0
171.0
136.0
145.0
171.0
145.0
145.0
171.0
145.0
145.0
171.0
145.0
171.0
171.0
145.0
145.0
171.0
171.0
171.0
167.0
241.0
215.0
197.0
197.0
197.0
171.0
171.0
171.0
171.0
161.0
164.0
171.0
174.0
145.0
171.0
170.0
899.0
873.0
769.0
483.0
389.0
327.0
301.0
245.0
275.0
249.0
223.0
249.0
223.0
223.0
223.0
252.0
379.0
665.0
873.0
873.0
954.0
902.0
893.0
893.0
867.0
867.0
711.0
477.0
365.0
352.0
321.0
274.0
236.0
251.0
222.0
215.0
215.0
189.0
232.0
247.0
345.0
657.0
891.0
891.0
943.0
891.0
891.0
891.0
865.0
839.0
553.0
397.0
347.0
293.0
267.0
215.0
241.0
186.0
194.0
189.0
189.0
191.0
191.0
169.0
192.0
218.0
218.0
237.0
275.0
267.0
244.0
244.0
244.0
249.0
249.0
223.0
254.0
223.0
197.0
197.0
171.0
197.0
171.0
192.0
192.0
197.0
206.0
171.0
186.0
206.0
197.0
197.0
223.0
249.0
254.0
223.0
211.0
249.0
223.0
223.0
197.0
223.0
206.0
171.0
171.0
206.0
175.0
206.0
206.0
206.0
206.0
206.0
156.0
206.0
156.0
206.0
165.0
192.0
165.0
192.0
191.0
191.0
191.0
220.0
192.0
220.0
210.0
206.0
165.0
206.0
165.0
165.0
196.0
200.0
156.0
156.0
206.0
196.0
196.0
156.0
196.0
218.0
196.0
195.0
206.0
192.0
192.0
220.0
218.0
166.0
220.0
167.0
167.0
182.0
167.0
193.0
167.0
167.0
167.0
167.0
193.0
192.0
220.0
219.0
246.0
234.0
229.0
234.0
234.0
234.0
219.0
219.0
193.0
193.0
188.0
193.0
165.0
165.0
191.0
191.0
165.0
165.0
192.0
181.0
206.0
180.0
193.0
191.0
243.0
236.0
217.0
228.0
191.0
191.0
191.0
217.0
217.0
191.0
165.0
192.0
165.0
165.0
165.0
192.0
191.0
171.0
171.0
171.0
171.0
202.0
171.0
192.0
223.0
222.0
192.0
192.0
217.0
226.0
192.0
192.0
192.0
226.0
192.0
166.0
166.0
192.0
166.0
193.0
193.0
193.0
167.0
181.0
167.0
609.0
868.0
869.0
951.0
873.0
899.0
873.0
899.0
879.0
743.0
442.0
379.0
297.0
261.0
245.0
245.0
217.0
217.0
217.0
217.0
191.0
217.0
243.0
347.0
602.0
841.0
899.0
951.0
842.0
899.0
873.0
899.0
873.0
743.0
535.0
397.0
342.0
264.0
264.0
245.0
219.0
219.0
219.0
245.0
219.0
245.0
251.0
327.0
587.0
847.0
873.0
899.0
847.0
873.0
847.0
847.0
847.0
717.0
457.0
379.0
328.0
275.0
275.0
249.0
223.0
197.0
223.0
223.0
197.0
192.0
204.0
192.0
197.0
223.0
249.0
270.0
270.0
249.0
223.0
275.0
249.0
275.0
249.0
249.0
249.0
223.0
197.0
223.0
219.0
192.0
226.0
192.0
192.0
202.0
181.0
193.0
590.0
902.0
902.0
954.0
875.0
928.0
928.0
902.0
899.0
793.0
561.0
457.0
374.0
322.0
270.0
244.0
244.0
249.0
223.0
218.0
197.0
197.0
218.0
327.0
548.0
847.0
896.0
899.0
821.0
873.0
873.0
873.0
847.0
769.0
509.0
431.0
353.0
301.0
275.0
245.0
223.0
223.0
223.0
223.0
223.0
197.0
221.0
327.0
587.0
847.0
899.0
951.0
813.0
899.0
899.0
899.0
873.0
769.0
509.0
428.0
379.0
301.0
275.0
275.0
249.0
223.0
223.0
223.0
223.0
197.0
223.0
327.0
561.0
873.0
899.0
925.0
847.0
899.0
873.0
873.0
847.0
769.0
535.0
405.0
353.0
290.0
275.0
249.0
223.0
223.0
223.0
223.0
223.0
223.0
220.0
327.0
561.0
847.0
873.0
907.0
847.0
821.0
847.0
808.0
821.0
717.0
509.0
379.0
322.0
275.0
246.0
249.0
249.0
223.0
197.0
197.0
217.0
191.0
195.0
195.0
219.0
219.0
219.0
247.0
271.0
247.0
252.0
271.0
245.0
271.0
245.0
245.0
226.0
252.0
226.0
226.0
198.0
226.0
226.0
193.0
199.0
202.0
202.0
186.0
193.0
225.0
226.0
245.0
271.0
245.0
245.0
219.0
246.0
223.0
223.0
223.0
197.0
220.0
220.0
208.0
226.0
197.0
197.0
202.0
211.0
171.0
200.0
201.0
587.0
847.0
925.0
951.0
873.0
906.0
887.0
873.0
873.0
769.0
483.0
379.0
353.0
275.0
249.0
249.0
223.0
223.0
201.0
227.0
201.0
227.0
221.0
357.0
565.0
851.0
929.0
955.0
877.0
903.0
903.0
903.0
877.0
773.0
513.0
409.0
357.0
279.0
253.0
253.0
227.0
227.0
227.0
213.0
218.0
221.0
218.0
379.0
587.0
873.0
925.0
951.0
873.0
899.0
899.0
899.0
873.0
769.0
509.0
405.0
327.0
270.0
244.0
245.0
245.0
246.0
219.0
227.0
223.0
221.0
221.0
353.0
561.0
873.0
899.0
951.0
847.0
899.0
899.0
899.0
873.0
769.0
483.0
405.0
345.0
301.0
275.0
249.0
213.0
240.0
223.0
223.0
223.0
197.0
218.0
327.0
562.0
847.0
899.0
951.0
821.0
899.0
873.0
881.0
873.0
743.0
509.0
379.0
353.0
252.0
223.0
249.0
223.0
171.0
223.0
197.0
197.0
197.0
195.0
195.0
207.0
248.0
274.0
249.0
274.0
245.0
245.0
245.0
229.0
255.0
229.0
229.0
203.0
181.0
229.0
229.0
229.0
203.0
177.0
203.0
207.0
192.0
203.0
203.0
229.0
255.0
255.0
244.0
244.0
244.0
244.0
218.0
254.0
218.0
223.0
223.0
227.0
192.0
197.0
223.0
197.0
192.0
171.0
197.0
197.0
197.0
197.0
190.0
587.0
873.0
873.0
951.0
873.0
899.0
899.0
899.0
925.0
769.0
561.0
431.0
379.0
270.0
253.0
244.0
197.0
192.0
218.0
192.0
216.0
199.0
221.0
327.0
613.0
900.0
899.0
925.0
873.0
873.0
899.0
873.0
899.0
795.0
563.0
459.0
355.0
277.0
251.0
251.0
199.0
231.0
225.0
182.0
225.0
225.0
204.0
355.0
615.0
823.0
875.0
901.0
823.0
873.0
899.0
873.0
847.0
795.0
511.0
457.0
345.0
303.0
251.0
251.0
225.0
225.0
225.0
199.0
249.0
223.0
233.0
353.0
561.0
873.0
899.0
951.0
873.0
899.0
899.0
899.0
873.0
769.0
535.0
405.0
379.0
301.0
275.0
275.0
249.0
223.0
223.0
192.0
218.0
218.0
218.0
322.0
556.0
842.0
894.0
894.0
847.0
873.0
899.0
899.0
881.0
778.0
535.0
405.0
327.0
301.0
275.0
275.0
223.0
223.0
197.0
223.0
223.0
204.0
204.0
204.0
213.0
275.0
251.0
251.0
255.0
255.0
255.0
255.0
255.0
255.0
255.0
229.0
229.0
229.0
229.0
229.0
219.0
219.0
193.0
219.0
212.0
186.0
186.0
193.0
219.0
262.0
245.0
245.0
235.0
271.0
245.0
270.0
270.0
244.0
244.0
244.0
218.0
218.0
218.0
218.0
192.0
197.0
197.0
186.0
171.0
186.0
186.0
186.0
587.0
899.0
899.0
925.0
847.0
873.0
873.0
899.0
873.0
769.0
535.0
431.0
379.0
298.0
249.0
275.0
223.0
223.0
197.0
223.0
223.0
223.0
192.0
327.0
561.0
847.0
873.0
951.0
821.0
873.0
899.0
873.0
873.0
764.0
535.0
452.0
374.0
296.0
244.0
262.0
218.0
244.0
218.0
218.0
192.0
218.0
194.0
353.0
587.0
847.0
873.0
944.0
847.0
873.0
899.0
873.0
873.0
795.0
535.0
426.0
382.0
301.0
275.0
275.0
249.0
223.0
223.0
223.0
223.0
223.0
214.0
353.0
613.0
847.0
873.0
951.0
847.0
899.0
899.0
899.0
899.0
769.0
561.0
457.0
379.0
301.0
256.0
275.0
223.0
214.0
223.0
223.0
197.0
197.0
232.0
353.0
587.0
899.0
899.0
951.0
847.0
899.0
899.0
899.0
873.0
769.0
535.0
413.0
327.0
240.0
214.0
266.0
188.0
214.0
214.0
188.0
193.0
193.0
204.0
178.0
214.0
240.0
266.0
249.0
240.0
266.0
266.0
267.0
308.0
301.0
266.0
240.0
214.0
214.0
214.0
214.0
214.0
214.0
223.0
192.0
188.0
192.0
188.0
188.0
223.0
262.0
275.0
275.0
301.0
292.0
327.0
318.0
292.0
298.0
240.0
214.0
214.0
188.0
188.0
214.0
214.0
162.0
188.0
162.0
204.0
188.0
192.0
188.0
162.0
188.0
204.0
188.0
162.0
162.0
188.0
204.0
236.0
218.0
218.0
230.0
218.0
244.0
218.0
244.0
218.0
244.0
218.0
192.0
192.0
192.0
217.0
192.0
192.0
204.0
192.0
204.0
204.0
178.0
184.0
620.0
925.0
1003.0
1029.0
925.0
1003.0
951.0
951.0
977.0
873.0
587.0
457.0
353.0
269.0
251.0
243.0
243.0
217.0
217.0
255.0
214.0
217.0
217.0
347.0
639.0
945.0
971.0
997.0
945.0
971.0
971.0
971.0
971.0
841.0
581.0
425.0
373.0
290.0
269.0
269.0
243.0
243.0
243.0
223.0
249.0
223.0
223.0
353.0
639.0
951.0
966.0
1003.0
951.0
1003.0
977.0
951.0
925.0
795.0
535.0
405.0
353.0
327.0
277.0
277.0
275.0
275.0
275.0
249.0
251.0
244.0
243.0
353.0
639.0
945.0
977.0
1055.0
951.0
977.0
977.0
977.0
951.0
847.0
587.0
431.0
379.0
290.0
275.0
275.0
275.0
249.0
249.0
249.0
249.0
223.0
223.0
353.0
613.0
951.0
977.0
1003.0
951.0
1013.0
969.0
951.0
953.0
821.0
535.0
405.0
359.0
301.0
275.0
249.0
223.0
197.0
223.0
223.0
223.0
223.0
214.0
204.0
249.0
249.0
249.0
275.0
223.0
249.0
275.0
275.0
275.0
275.0
271.0
271.0
245.0
245.0
219.0
219.0
219.0
219.0
219.0
219.0
214.0
245.0
188.0
245.0
193.0
219.0
236.0
271.0
240.0
271.0
271.0
245.0
273.0
245.0
237.0
245.0
245.0
240.0
219.0
219.0
223.0
197.0
209.0
223.0
223.0
223.0
223.0
229.0
639.0
951.0
1003.0
899.0
821.0
873.0
873.0
847.0
821.0
691.0
561.0
405.0
289.0
275.0
275.0
249.0
218.0
218.0
249.0
223.0
249.0
223.0
223.0
386.0
691.0
873.0
951.0
951.0
925.0
951.0
979.0
977.0
951.0
847.0
639.0
496.0
375.0
271.0
271.0
250.0
245.0
245.0
245.0
249.0
249.0
251.0
223.0
353.0
665.0
951.0
968.0
1003.0
951.0
977.0
977.0
977.0
925.0
821.0
587.0
483.0
379.0
301.0
275.0
249.0
249.0
249.0
249.0
249.0
223.0
249.0
223.0
353.0
639.0
925.0
977.0
1003.0
899.0
951.0
951.0
925.0
899.0
795.0
535.0
457.0
379.0
327.0
275.0
249.0
249.0
249.0
249.0
249.0
221.0
249.0
249.0
379.0
639.0
925.0
951.0
951.0
899.0
951.0
925.0
925.0
925.0
769.0
570.0
457.0
379.0
271.0
236.0
245.0
219.0
245.0
210.0
245.0
231.0
219.0
214.0
214.0
245.0
245.0
297.0
271.0
297.0
264.0
271.0
296.0
275.0
234.0
259.0
236.0
236.0
210.0
210.0
210.0
210.0
219.0
210.0
210.0
210.0
210.0
210.0
210.0
210.0
210.0
184.0
210.0
210.0
210.0
210.0
236.0
236.0
210.0
236.0
236.0
210.0
184.0
210.0
210.0
210.0
210.0
184.0
210.0
210.0
184.0
210.0
184.0
626.0
951.0
1003.0
1003.0
951.0
977.0
977.0
977.0
951.0
847.0
587.0
452.0
348.0
296.0
244.0
244.0
244.0
248.0
248.0
248.0
248.0
245.0
245.0
353.0
639.0
925.0
1003.0
1003.0
899.0
977.0
942.0
925.0
914.0
821.0
561.0
483.0
379.0
323.0
245.0
245.0
257.0
219.0
226.0
219.0
219.0
214.0
214.0
353.0
639.0
951.0
951.0
977.0
925.0
951.0
899.0
925.0
899.0
743.0
509.0
457.0
353.0
275.0
275.0
249.0
249.0
222.0
222.0
223.0
249.0
223.0
217.0
379.0
639.0
899.0
951.0
951.0
873.0
951.0
925.0
899.0
899.0
743.0
503.0
399.0
330.0
275.0
248.0
197.0
223.0
223.0
249.0
223.0
223.0
217.0
217.0
330.0
613.0
847.0
873.0
899.0
821.0
873.0
847.0
769.0
795.0
613.0
405.0
353.0
327.0
248.0
197.0
197.0
223.0
221.0
191.0
243.0
191.0
188.0
214.0
191.0
222.0
222.0
196.0
222.0
196.0
196.0
196.0
219.0
222.0
196.0
196.0
222.0
196.0
196.0
222.0
222.0
196.0
222.0
214.0
196.0
196.0
196.0
196.0
190.0
483.0
638.0
638.0
664.0
664.0
664.0
638.0
612.0
612.0
508.0
404.0
248.0
248.0
222.0
207.0
196.0
196.0
222.0
196.0
210.0
188.0
214.0
188.0
309.0
474.0
578.0
604.0
630.0
604.0
630.0
630.0
656.0
630.0
489.0
396.0
266.0
214.0
214.0
227.0
190.0
188.0
188.0
188.0
214.0
188.0
157.0
188.0
240.0
399.0
526.0
526.0
533.0
500.0
526.0
422.0
318.0
266.0
199.0
162.0
162.0
188.0
179.0
188.0
162.0
170.0
162.0
192.0
166.0
169.0
174.0
199.0
138.0
147.0
173.0
173.0
173.0
173.0
173.0
147.0
173.0
173.0
173.0
173.0
199.0
173.0
173.0
173.0
173.0
190.0
173.0
173.0
173.0
173.0
173.0
173.0
138.0
173.0
173.0
157.0
173.0
173.0
173.0
173.0
167.0
173.0
173.0
173.0
199.0
173.0
173.0
199.0
173.0
152.0
173.0
173.0
173.0
173.0
173.0
173.0
173.0
173.0
173.0
173.0
173.0
138.0
173.0
173.0
138.0
173.0
173.0
173.0
173.0
199.0
171.0
173.0
173.0
173.0
173.0
168.0
135.0
162.0
158.0
136.0
162.0
162.0
132.0
136.0
136.0
162.0
136.0
162.0
136.0
162.0
136.0
162.0
162.0
188.0
162.0
162.0
162.0
162.0
162.0
162.0
162.0
162.0
162.0
162.0
162.0
162.0
136.0
165.0
136.0
165.0
136.0
136.0
139.0
165.0
139.0
165.0
165.0
165.0
165.0
165.0
165.0
165.0
191.0
162.0
188.0
156.0
162.0
136.0
136.0
136.0
162.0
162.0
162.0
162.0
162.0
162.0
162.0
162.0
162.0
162.0
162.0
179.0
173.0
173.0
173.0
173.0
173.0
173.0
173.0
170.0
173.0
173.0
162.0
162.0
173.0
199.0
174.0
173.0
199.0
199.0
173.0
199.0
173.0
199.0
199.0
199.0
173.0
173.0
173.0
173.0
199.0
147.0
199.0
173.0
156.0
173.0
171.0
511.0
641.0
667.0
667.0
667.0
693.0
641.0
667.0
641.0
509.0
407.0
303.0
251.0
255.0
225.0
225.0
218.0
199.0
199.0
199.0
225.0
216.0
199.0
329.0
589.0
849.0
847.0
847.0
790.0
821.0
821.0
821.0
795.0
717.0
457.0
344.0
303.0
275.0
223.0
223.0
223.0
223.0
223.0
188.0
197.0
229.0
214.0
327.0
605.0
847.0
847.0
893.0
821.0
873.0
873.0
873.0
821.0
734.0
474.0
370.0
303.0
251.0
249.0
226.0
225.0
227.0
225.0
225.0
207.0
223.0
217.0
353.0
613.0
821.0
853.0
873.0
795.0
865.0
843.0
843.0
821.0
691.0
405.0
323.0
275.0
240.0
219.0
229.0
229.0
229.0
229.0
229.0
229.0
223.0
223.0
191.0
214.0
214.0
214.0
214.0
208.0
214.0
214.0
214.0
217.0
214.0
257.0
214.0
216.0
215.0
188.0
162.0
188.0
188.0
188.0
214.0
223.0
214.0
223.0
355.0
691.0
951.0
951.0
977.0
899.0
951.0
951.0
951.0
925.0
821.0
587.0
431.0
353.0
296.0
275.0
223.0
223.0
225.0
225.0
223.0
249.0
223.0
223.0
356.0
665.0
951.0
951.0
1003.0
925.0
967.0
951.0
977.0
925.0
821.0
553.0
457.0
361.0
301.0
277.0
223.0
249.0
225.0
214.0
214.0
223.0
209.0
217.0
353.0
665.0
951.0
951.0
1003.0
951.0
977.0
951.0
943.0
925.0
795.0
561.0
431.0
353.0
301.0
275.0
223.0
249.0
223.0
223.0
223.0
223.0
223.0
217.0
353.0
665.0
951.0
977.0
1003.0
899.0
951.0
951.0
925.0
925.0
795.0
535.0
447.0
379.0
301.0
249.0
223.0
245.0
219.0
219.0
223.0
223.0
223.0
223.0
362.0
639.0
925.0
951.0
1003.0
899.0
951.0
920.0
920.0
927.0
797.0
563.0
407.0
355.0
303.0
225.0
225.0
225.0
251.0
225.0
225.0
199.0
225.0
199.0
188.0
214.0
241.0
292.0
266.0
255.0
266.0
263.0
266.0
188.0
162.0
188.0
188.0
188.0
188.0
188.0
188.0
162.0
162.0
214.0
243.0
240.0
240.0
240.0
242.0
266.0
240.0
240.0
258.0
242.0
214.0
214.0
214.0
188.0
162.0
217.0
214.0
188.0
193.0
188.0
188.0
225.0
329.0
587.0
847.0
899.0
899.0
847.0
873.0
895.0
899.0
869.0
765.0
535.0
375.0
354.0
271.0
242.0
216.0
216.0
190.0
190.0
190.0
198.0
198.0
230.0
327.0
639.0
847.0
900.0
935.0
822.0
900.0
900.0
900.0
874.0
744.0
452.0
348.0
296.0
270.0
218.0
211.0
218.0
192.0
166.0
192.0
192.0
192.0
223.0
353.0
587.0
873.0
925.0
951.0
821.0
899.0
873.0
899.0
873.0
743.0
459.0
355.0
329.0
277.0
225.0
199.0
225.0
199.0
199.0
199.0
192.0
197.0
188.0
327.0
561.0
847.0
873.0
925.0
821.0
873.0
873.0
873.0
873.0
708.0
500.0
370.0
318.0
266.0
218.0
171.0
214.0
188.0
188.0
188.0
188.0
197.0
188.0
353.0
587.0
847.0
899.0
925.0
821.0
873.0
844.0
866.0
847.0
710.0
450.0
372.0
294.0
242.0
207.0
171.0
190.0
190.0
190.0
164.0
190.0
171.0
178.0
178.0
190.0
275.0
275.0
262.0
249.0
308.0
275.0
282.0
275.0
248.0
196.0
172.0
196.0
176.0
198.0
162.0
162.0
198.0
176.0
170.0
170.0
144.0
170.0
162.0
196.0
243.0
276.0
276.0
240.0
276.0
266.0
266.0
266.0
240.0
214.0
188.0
214.0
200.0
188.0
170.0
166.0
192.0
144.0
166.0
166.0
192.0
166.0
173.0
504.0
842.0
822.0
863.0
789.0
847.0
816.0
816.0
816.0
691.0
452.0
374.0
327.0
244.0
244.0
172.0
188.0
162.0
188.0
162.0
162.0
162.0
188.0
266.0
500.0
798.0
838.0
838.0
734.0
812.0
786.0
812.0
786.0
656.0
448.0
344.0
318.0
266.0
240.0
162.0
188.0
162.0
162.0
188.0
162.0
198.0
172.0
302.0
536.0
796.0
822.0
848.0
744.0
822.0
822.0
790.0
796.0
666.0
432.0
354.0
302.0
250.0
250.0
172.0
172.0
172.0
172.0
172.0
172.0
169.0
194.0
282.0
510.0
796.0
848.0
843.0
744.0
822.0
822.0
791.0
796.0
692.0
453.0
354.0
295.0
276.0
250.0
166.0
198.0
172.0
198.0
198.0
172.0
172.0
204.0
282.0
510.0
796.0
796.0
848.0
744.0
796.0
797.0
762.0
770.0
640.0
459.0
328.0
276.0
225.0
199.0
173.0
171.0
162.0
162.0
173.0
173.0
173.0
139.0
165.0
173.0
199.0
199.0
199.0
199.0
225.0
199.0
225.0
199.0
199.0
173.0
199.0
199.0
173.0
173.0
169.0
169.0
169.0
169.0
169.0
143.0
169.0
143.0
169.0
169.0
169.0
169.0
195.0
169.0
169.0
195.0
195.0
195.0
195.0
169.0
206.0
169.0
169.0
169.0
169.0
169.0
169.0
143.0
169.0
169.0
143.0
169.0
162.0
136.0
162.0
190.0
183.0
188.0
188.0
195.0
188.0
188.0
205.0
198.0
198.0
198.0
172.0
172.0
172.0
172.0
172.0
172.0
172.0
156.0
172.0
172.0
173.0
432.0
640.0
822.0
822.0
702.0
822.0
796.0
796.0
770.0
666.0
458.0
354.0
302.0
224.0
224.0
172.0
198.0
172.0
198.0
172.0
172.0
172.0
172.0
273.0
536.0
770.0
822.0
852.0
744.0
822.0
786.0
786.0
770.0
656.0
448.0
328.0
318.0
240.0
214.0
162.0
188.0
188.0
188.0
170.0
162.0
162.0
162.0
273.0
510.0
796.0
822.0
848.0
734.0
827.0
786.0
786.0
770.0
640.0
448.0
344.0
276.0
250.0
224.0
172.0
162.0
198.0
172.0
193.0
172.0
172.0
191.0
285.0
510.0
722.0
770.0
796.0
708.0
760.0
734.0
734.0
708.0
604.0
448.0
344.0
249.0
214.0
188.0
162.0
162.0
162.0
162.0
162.0
162.0
162.0
162.0
162.0
162.0
214.0
214.0
214.0
188.0
216.0
216.0
216.0
216.0
216.0
188.0
162.0
188.0
161.0
162.0
162.0
162.0
172.0
162.0
174.0
162.0
162.0
140.0
162.0
162.0
215.0
242.0
242.0
224.0
224.0
251.0
225.0
188.0
189.0
198.0
198.0
198.0
198.0
172.0
172.0
172.0
172.0
172.0
172.0
172.0
172.0
172.0
178.0
470.0
744.0
796.0
796.0
718.0
770.0
770.0
770.0
753.0
614.0
432.0
354.0
328.0
250.0
224.0
172.0
198.0
198.0
198.0
198.0
198.0
198.0
172.0
302.0
510.0
744.0
796.0
822.0
744.0
770.0
770.0
770.0
771.0
618.0
436.0
358.0
280.0
224.0
202.0
176.0
202.0
176.0
176.0
176.0
176.0
176.0
176.0
280.0
514.0
748.0
800.0
826.0
722.0
774.0
774.0
774.0
748.0
618.0
436.0
332.0
306.0
280.0
202.0
172.0
202.0
202.0
176.0
176.0
161.0
202.0
176.0
306.0
514.0
748.0
800.0
852.0
707.0
800.0
774.0
774.0
774.0
644.0
436.0
332.0
280.0
254.0
202.0
161.0
202.0
176.0
192.0
176.0
176.0
176.0
202.0
280.0
510.0
744.0
748.0
800.0
722.0
744.0
722.0
722.0
722.0
614.0
406.0
314.0
276.0
224.0
224.0
172.0
172.0
180.0
155.0
172.0
172.0
172.0
164.0
162.0
162.0
243.0
243.0
234.0
221.0
240.0
269.0
221.0
240.0
221.0
226.0
188.0
188.0
188.0
162.0
162.0
136.0
162.0
162.0
162.0
172.0
172.0
136.0
204.0
162.0
195.0
216.0
216.0
240.0
214.0
214.0
216.0
216.0
214.0
216.0
202.0
202.0
176.0
176.0
176.0
176.0
176.0
176.0
176.0
162.0
162.0
162.0
173.0
474.0
760.0
734.0
760.0
708.0
774.0
774.0
758.0
774.0
644.0
436.0
358.0
290.0
254.0
228.0
176.0
202.0
176.0
176.0
176.0
176.0
176.0
176.0
273.0
514.0
774.0
800.0
800.0
722.0
787.0
774.0
771.0
774.0
644.0
462.0
325.0
273.0
226.0
221.0
158.0
169.0
195.0
169.0
169.0
195.0
169.0
195.0
273.0
533.0
767.0
767.0
819.0
715.0
794.0
796.0
770.0
754.0
640.0
432.0
354.0
302.0
257.0
224.0
162.0
198.0
172.0
188.0
162.0
162.0
172.0
195.0
276.0
536.0
744.0
767.0
819.0
692.0
770.0
770.0
770.0
744.0
637.0
432.0
328.0
276.0
224.0
224.0
169.0
189.0
169.0
195.0
169.0
169.0
169.0
195.0
273.0
540.0
746.0
748.0
800.0
696.0
748.0
761.0
722.0
644.0
540.0
410.0
358.0
260.0
228.0
228.0
176.0
202.0
202.0
202.0
202.0
176.0
198.0
165.0
189.0
188.0
269.0
266.0
276.0
250.0
276.0
276.0
276.0
276.0
240.0
188.0
214.0
188.0
224.0
193.0
162.0
202.0
188.0
188.0
202.0
172.0
202.0
204.0
202.0
198.0
250.0
250.0
274.0
250.0
276.0
268.0
250.0
276.0
224.0
224.0
198.0
172.0
198.0
198.0
172.0
172.0
202.0
172.0
198.0
172.0
172.0
204.0
230.0
485.0
614.0
770.0
812.0
770.0
786.0
796.0
796.0
770.0
658.0
458.0
354.0
302.0
250.0
216.0
164.0
164.0
172.0
164.0
172.0
172.0
199.0
172.0
273.0
522.0
788.0
793.0
848.0
744.0
793.0
796.0
770.0
770.0
640.0
455.0
354.0
328.0
276.0
224.0
172.0
169.0
169.0
169.0
198.0
172.0
172.0
191.0
276.0
507.0
767.0
793.0
819.0
715.0
767.0
767.0
767.0
770.0
640.0
432.0
354.0
302.0
240.0
250.0
162.0
162.0
162.0
162.0
162.0
160.0
172.0
199.0
266.0
510.0
770.0
744.0
822.0
718.0
770.0
770.0
770.0
744.0
640.0
432.0
354.0
328.0
276.0
224.0
172.0
198.0
172.0
198.0
172.0
172.0
172.0
172.0
276.0
474.0
744.0
760.0
782.0
692.0
756.0
744.0
744.0
734.0
604.0
380.0
344.0
292.0
250.0
214.0
162.0
162.0
162.0
162.0
162.0
188.0
162.0
162.0
173.0
162.0
214.0
186.0
214.0
188.0
221.0
926.0
952.0
874.0
900.0
900.0
900.0
874.0
770.0
510.0
406.0
354.0
302.0
276.0
250.0
250.0
250.0
224.0
224.0
224.0
224.0
224.0
354.0
562.0
900.0
926.0
952.0
874.0
897.0
897.0
893.0
897.0
770.0
536.0
403.0
351.0
299.0
274.0
247.0
221.0
221.0
221.0
195.0
221.0
221.0
221.0
195.0
221.0
247.0
221.0
233.0
247.0
217.0
247.0
247.0
247.0
247.0
247.0
230.0
247.0
221.0
221.0
169.0
218.0
218.0
218.0
195.0
195.0
195.0
218.0
199.0
221.0
218.0
242.0
273.0
247.0
247.0
281.0
218.0
244.0
242.0
218.0
218.0
242.0
218.0
216.0
166.0
218.0
216.0
187.0
218.0
196.0
225.0
216.0
199.0
586.0
924.0
979.0
976.0
924.0
953.0
953.0
927.0
927.0
793.0
559.0
429.0
325.0
280.0
247.0
247.0
227.0
221.0
221.0
221.0
221.0
195.0
237.0
328.0
640.0
900.0
952.0
951.0
874.0
926.0
926.0
900.0
900.0
770.0
510.0
432.0
351.0
302.0
247.0
240.0
224.0
250.0
250.0
250.0
224.0
250.0
276.0
354.0
380.0
890.0
926.0
952.0
860.0
900.0
900.0
874.0
874.0
739.0
510.0
380.0
380.0
328.0
250.0
276.0
224.0
250.0
224.0
250.0
244.0
224.0
250.0
328.0
614.0
874.0
900.0
926.0
878.0
904.0
878.0
904.0
878.0
774.0
540.0
462.0
384.0
332.0
247.0
273.0
247.0
221.0
221.0
224.0
247.0
247.0
221.0
377.0
611.0
897.0
923.0
949.0
897.0
897.0
897.0
897.0
871.0
760.0
526.0
408.0
344.0
333.0
266.0
266.0
214.0
188.0
214.0
224.0
224.0
224.0
225.0
191.0
247.0
247.0
256.0
247.0
277.0
277.0
277.0
273.0
247.0
247.0
221.0
246.0
221.0
221.0
195.0
173.0
206.0
199.0
199.0
206.0
186.0
206.0
186.0
206.0
217.0
221.0
243.0
247.0
247.0
247.0
273.0
221.0
247.0
246.0
246.0
246.0
221.0
221.0
217.0
169.0
181.0
195.0
221.0
200.0
206.0
206.0
169.0
204.0
587.0
899.0
925.0
977.0
873.0
916.0
925.0
925.0
894.0
795.0
535.0
483.0
374.0
322.0
270.0
270.0
218.0
218.0
218.0
192.0
218.0
206.0
218.0
327.0
556.0
871.0
894.0
894.0
842.0
894.0
868.0
868.0
894.0
774.0
530.0
426.0
348.0
296.0
244.0
270.0
234.0
244.0
218.0
218.0
218.0
218.0
217.0
322.0
556.0
842.0
868.0
894.0
816.0
894.0
868.0
894.0
868.0
764.0
530.0
452.0
374.0
322.0
259.0
270.0
244.0
244.0
218.0
218.0
218.0
218.0
244.0
322.0
556.0
842.0
894.0
920.0
842.0
894.0
894.0
894.0
868.0
764.0
556.0
452.0
374.0
296.0
270.0
270.0
218.0
244.0
218.0
218.0
218.0
192.0
221.0
348.0
556.0
868.0
868.0
894.0
816.0
894.0
868.0
842.0
842.0
712.0
504.0
400.0
348.0
270.0
218.0
270.0
192.0
192.0
218.0
218.0
192.0
192.0
199.0
199.0
195.0
221.0
221.0
243.0
221.0
221.0
247.0
247.0
246.0
273.0
247.0
246.0
218.0
192.0
172.0
172.0
192.0
217.0
192.0
218.0
206.0
206.0
173.0
192.0
192.0
217.0
218.0
192.0
217.0
217.0
218.0
192.0
218.0
218.0
192.0
229.0
217.0
192.0
206.0
166.0
192.0
192.0
192.0
192.0
192.0
166.0
206.0
186.0
192.0
217.0
220.0
218.0
246.0
244.0
244.0
244.0
244.0
218.0
218.0
218.0
218.0
220.0
192.0
166.0
192.0
192.0
192.0
192.0
192.0
192.0
186.0
199.0
582.0
894.0
946.0
946.0
894.0
920.0
946.0
894.0
894.0
790.0
530.0
452.0
348.0
270.0
244.0
266.0
192.0
218.0
218.0
218.0
218.0
192.0
200.0
322.0
608.0
868.0
894.0
920.0
842.0
884.0
894.0
894.0
894.0
738.0
556.0
452.0
348.0
296.0
244.0
270.0
192.0
224.0
192.0
218.0
192.0
218.0
224.0
354.0
562.0
873.0
873.0
946.0
842.0
871.0
873.0
873.0
899.0
743.0
535.0
400.0
353.0
296.0
270.0
270.0
218.0
255.0
197.0
229.0
223.0
192.0
225.0
327.0
587.0
821.0
868.0
894.0
816.0
868.0
816.0
847.0
816.0
711.0
478.0
374.0
322.0
244.0
218.0
270.0
166.0
192.0
196.0
166.0
192.0
192.0
199.0
166.0
218.0
244.0
218.0
243.0
192.0
250.0
244.0
229.0
183.0
244.0
218.0
192.0
192.0
192.0
166.0
166.0
166.0
192.0
165.0
192.0
192.0
192.0
172.0
192.0
216.0
216.0
216.0
216.0
216.0
242.0
194.0
220.0
217.0
195.0
221.0
221.0
221.0
218.0
192.0
176.0
192.0
192.0
192.0
204.0
166.0
192.0
204.0
204.0
588.0
842.0
868.0
868.0
816.0
842.0
842.0
877.0
842.0
686.0
478.0
374.0
322.0
270.0
244.0
244.0
192.0
218.0
218.0
218.0
192.0
192.0
218.0
348.0
582.0
816.0
894.0
923.0
842.0
868.0
894.0
868.0
842.0
764.0
478.0
452.0
374.0
296.0
244.0
270.0
244.0
192.0
218.0
218.0
218.0
192.0
244.0
322.0
556.0
816.0
868.0
894.0
816.0
868.0
842.0
842.0
873.0
717.0
509.0
374.0
379.0
275.0
249.0
284.0
223.0
249.0
223.0
223.0
223.0
223.0
249.0
353.0
587.0
847.0
901.0
925.0
847.0
899.0
899.0
899.0
847.0
769.0
535.0
405.0
347.0
275.0
275.0
249.0
197.0
223.0
249.0
190.0
223.0
223.0
188.0
327.0
556.0
842.0
868.0
898.0
842.0
877.0
842.0
842.0
816.0
712.0
478.0
400.0
348.0
270.0
218.0
244.0
218.0
192.0
218.0
192.0
218.0
192.0
199.0
225.0
236.0
262.0
262.0
326.0
262.0
288.0
262.0
262.0
280.0
236.0
242.0
248.0
222.0
222.0
222.0
170.0
196.0
196.0
196.0
196.0
199.0
196.0
196.0
222.0
222.0
222.0
222.0
222.0
248.0
248.0
222.0
248.0
248.0
248.0
248.0
210.0
210.0
222.0
210.0
176.0
196.0
217.0
217.0
217.0
195.0
217.0
199.0
189.0
611.0
871.0
897.0
949.0
871.0
923.0
897.0
923.0
897.0
793.0
533.0
455.0
351.0
336.0
273.0
247.0
195.0
203.0
195.0
221.0
221.0
221.0
224.0
328.0
613.0
847.0
933.0
944.0
872.0
899.0
899.0
873.0
873.0
795.0
561.0
457.0
348.0
296.0
244.0
238.0
218.0
244.0
218.0
218.0
223.0
223.0
223.0
327.0
613.0
847.0
894.0
925.0
842.0
899.0
873.0
873.0
873.0
769.0
509.0
431.0
379.0
299.0
273.0
247.0
221.0
195.0
221.0
221.0
221.0
223.0
221.0
327.0
613.0
847.0
897.0
925.0
821.0
847.0
847.0
847.0
821.0
717.0
483.0
379.0
327.0
275.0
248.0
248.0
222.0
195.0
197.0
223.0
222.0
196.0
199.0
353.0
651.0
846.0
872.0
898.0
788.0
872.0
873.0
847.0
872.0
716.0
457.0
379.0
325.0
273.0
247.0
247.0
195.0
195.0
195.0
223.0
195.0
197.0
199.0
195.0
221.0
247.0
272.0
272.0
272.0
272.0
272.0
266.0
272.0
246.0
218.0
244.0
192.0
218.0
218.0
166.0
192.0
195.0
192.0
192.0
192.0
198.0
172.0
192.0
218.0
218.0
192.0
218.0
244.0
218.0
244.0
244.0
244.0
244.0
218.0
218.0
218.0
244.0
192.0
166.0
192.0
218.0
192.0
219.0
188.0
188.0
205.0
204.0
587.0
838.0
864.0
890.0
812.0
864.0
838.0
847.0
821.0
743.0
561.0
483.0
351.0
273.0
250.0
247.0
221.0
221.0
221.0
195.0
221.0
195.0
221.0
359.0
585.0
848.0
845.0
874.0
845.0
873.0
873.0
873.0
873.0
769.0
535.0
457.0
379.0
292.0
249.0
240.0
249.0
224.0
223.0
188.0
223.0
223.0
223.0
327.0
587.0
842.0
899.0
899.0
821.0
847.0
873.0
847.0
873.0
743.0
509.0
405.0
353.0
301.0
263.0
249.0
249.0
223.0
353.0
301.0
249.0
223.0
243.0
210.0
192.0
197.0
201.0
182.0
192.0
211.0
322.0
556.0
842.0
868.0
938.0
845.0
897.0
871.0
895.0
845.0
715.0
481.0
377.0
299.0
273.0
250.0
247.0
195.0
195.0
223.0
195.0
197.0
223.0
221.0
317.0
561.0
897.0
899.0
951.0
847.0
899.0
899.0
899.0
873.0
717.0
457.0
379.0
327.0
266.0
262.0
249.0
249.0
197.0
223.0
223.0
223.0
196.0
216.0
352.0
612.0
872.0
898.0
950.0
846.0
898.0
905.0
898.0
846.0
716.0
456.0
352.0
274.0
222.0
248.0
248.0
196.0
196.0
196.0
196.0
196.0
196.0
195.0
195.0
252.0
274.0
301.0
301.0
326.0
314.0
314.0
314.0
290.0
236.0
236.0
210.0
210.0
210.0
184.0
158.0
184.0
184.0
184.0
184.0
197.0
197.0
171.0
192.0
236.0
262.0
296.0
296.0
296.0
296.0
296.0
296.0
322.0
272.0
244.0
248.0
222.0
208.0
196.0
170.0
196.0
196.0
196.0
212.0
170.0
199.0
199.0
204.0
586.0
872.0
924.0
1002.0
872.0
951.0
925.0
925.0
898.0
743.0
509.0
374.0
322.0
244.0
218.0
244.0
192.0
192.0
218.0
192.0
192.0
197.0
223.0
327.0
603.0
899.0
899.0
977.0
873.0
899.0
873.0
873.0
873.0
717.0
483.0
379.0
309.0
270.0
244.0
249.0
223.0
184.0
223.0
197.0
223.0
197.0
225.0
327.0
613.0
873.0
899.0
951.0
847.0
899.0
873.0
873.0
847.0
717.0
457.0
379.0
326.0
274.0
274.0
247.0
223.0
393.0
405.0
405.0
390.0
400.0
431.0
457.0
517.0
587.0
567.0
634.0
639.0
587.0
873.0
873.0
873.0
717.0
509.0
353.0
296.0
270.0
244.0
244.0
218.0
192.0
218.0
202.0
225.0
199.0
225.0
348.0
608.0
868.0
894.0
951.0
842.0
868.0
873.0
899.0
847.0
743.0
457.0
353.0
275.0
283.0
223.0
249.0
197.0
205.0
197.0
205.0
205.0
205.0
195.0
231.0
231.0
283.0
283.0
309.0
283.0
309.0
309.0
300.0
299.0
283.0
257.0
231.0
257.0
205.0
179.0
179.0
205.0
179.0
205.0
205.0
205.0
179.0
205.0
185.0
216.0
237.0
263.0
263.0
263.0
276.0
264.0
273.0
273.0
273.0
211.0
211.0
211.0
185.0
185.0
159.0
185.0
206.0
185.0
159.0
159.0
191.0
185.0
192.0
575.0
869.0
895.0
952.0
869.0
921.0
926.0
860.0
869.0
739.0
448.0
372.0
293.0
284.0
242.0
242.0
216.0
216.0
190.0
216.0
190.0
223.0
216.0
346.0
561.0
847.0
873.0
925.0
847.0
873.0
899.0
873.0
847.0
717.0
457.0
379.0
327.0
275.0
242.0
249.0
197.0
223.0
197.0
197.0
197.0
223.0
225.0
327.0
613.0
850.0
873.0
925.0
847.0
873.0
873.0
847.0
847.0
717.0
457.0
379.0
327.0
271.0
245.0
245.0
193.0
219.0
193.0
190.0
193.0
193.0
186.0
323.0
583.0
843.0
843.0
921.0
838.0
895.0
869.0
843.0
843.0
713.0
453.0
323.0
271.0
245.0
219.0
245.0
194.0
193.0
193.0
167.0
197.0
197.0
195.0
301.0
561.0
847.0
873.0
949.0
821.0
873.0
847.0
847.0
827.0
691.0
431.0
327.0
301.0
246.0
223.0
249.0
204.0
168.0
195.0
195.0
168.0
169.0
169.0
221.0
247.0
273.0
275.0
301.0
273.0
285.0
294.0
268.0
242.0
229.0
216.0
192.0
218.0
192.0
192.0
166.0
192.0
170.0
192.0
166.0
166.0
166.0
192.0
166.0
166.0
218.0
192.0
244.0
192.0
216.0
216.0
216.0
222.0
196.0
222.0
196.0
174.0
196.0
174.0
170.0
200.0
197.0
171.0
197.0
171.0
197.0
197.0
163.0
561.0
821.0
847.0
924.0
840.0
873.0
874.0
847.0
847.0
717.0
453.0
375.0
323.0
271.0
245.0
245.0
219.0
193.0
232.0
193.0
193.0
193.0
221.0
297.0
557.0
855.0
843.0
947.0
817.0
895.0
843.0
843.0
817.0
713.0
453.0
349.0
297.0
245.0
219.0
245.0
193.0
193.0
193.0
193.0
193.0
188.0
227.0
297.0
557.0
843.0
817.0
921.0
817.0
876.0
824.0
824.0
824.0
686.0
452.0
348.0
296.0
244.0
244.0
244.0
192.0
192.0
167.0
219.0
167.0
167.0
219.0
289.0
531.0
817.0
817.0
895.0
769.0
847.0
821.0
769.0
821.0
691.0
431.0
353.0
304.0
247.0
249.0
275.0
171.0
197.0
197.0
223.0
190.0
195.0
221.0
305.0
535.0
819.0
847.0
899.0
799.0
835.0
821.0
821.0
795.0
639.0
431.0
327.0
301.0
242.0
223.0
223.0
197.0
223.0
190.0
190.0
190.0
164.0
171.0
216.0
216.0
268.0
308.0
294.0
248.0
294.0
294.0
294.0
294.0
242.0
216.0
216.0
190.0
190.0
216.0
164.0
190.0
164.0
190.0
190.0
164.0
182.0
199.0
195.0
219.0
242.0
271.0
279.0
271.0
271.0
271.0
271.0
245.0
245.0
219.0
219.0
219.0
193.0
193.0
167.0
193.0
193.0
167.0
193.0
167.0
167.0
196.0
329.0
583.0
843.0
843.0
895.0
817.0
847.0
821.0
821.0
795.0
639.0
457.0
352.0
300.0
248.0
248.0
227.0
201.0
201.0
201.0
175.0
201.0
175.0
221.0
322.0
565.0
799.0
825.0
903.0
799.0
825.0
825.0
825.0
799.0
660.0
461.0
357.0
305.0
229.0
219.0
213.0
193.0
193.0
167.0
193.0
193.0
180.0
194.0
323.0
531.0
791.0
843.0
895.0
791.0
843.0
817.0
780.0
791.0
661.0
427.0
323.0
297.0
249.0
223.0
223.0
171.0
197.0
192.0
197.0
197.0
197.0
220.0
327.0
561.0
821.0
873.0
925.0
795.0
873.0
847.0
847.0
821.0
691.0
461.0
383.0
305.0
253.0
227.0
227.0
201.0
175.0
201.0
160.0
201.0
201.0
195.0
305.0
568.0
773.0
825.0
851.0
773.0
825.0
791.0
765.0
758.0
609.0
401.0
323.0
271.0
219.0
193.0
219.0
167.0
167.0
167.0
167.0
167.0
167.0
180.0
167.0
193.0
245.0
255.0
255.0
219.0
236.0
282.0
255.0
229.0
219.0
197.0
193.0
167.0
167.0
167.0
145.0
193.0
167.0
167.0
167.0
130.0
175.0
175.0
175.0
201.0
218.0
253.0
279.0
227.0
264.0
279.0
279.0
279.0
279.0
203.0
175.0
201.0
171.0
175.0
175.0
175.0
175.0
172.0
175.0
149.0
175.0
175.0
165.0
513.0
825.0
821.0
903.0
825.0
877.0
877.0
851.0
851.0
357.0
799.0
383.0
331.0
253.0
227.0
227.0
201.0
196.0
201.0
201.0
201.0
201.0
196.0
300.0
561.0
820.0
847.0
915.0
819.0
873.0
873.0
847.0
821.0
691.0
457.0
379.0
301.0
249.0
223.0
231.0
197.0
205.0
201.0
205.0
205.0
179.0
231.0
301.0
561.0
817.0
843.0
895.0
817.0
843.0
817.0
817.0
791.0
687.0
453.0
349.0
271.0
257.0
257.0
223.0
193.0
193.0
193.0
197.0
192.0
192.0
223.0
296.0
535.0
816.0
847.0
847.0
301.0
844.0
816.0
816.0
816.0
662.0
428.0
350.0
290.0
270.0
216.0
216.0
214.0
190.0
186.0
187.0
204.0
190.0
186.0
294.0
531.0
788.0
817.0
869.0
817.0
843.0
815.0
825.0
799.0
695.0
461.0
349.0
297.0
167.0
187.0
219.0
239.0
193.0
167.0
193.0
193.0
170.0
170.0
170.0
196.0
222.0
274.0
248.0
284.0
271.0
245.0
270.0
271.0
282.0
401.0
193.0
271.0
167.0
191.0
170.0
170.0
140.0
192.0
166.0
160.0
140.0
200.0
231.0
193.0
222.0
222.0
246.0
218.0
222.0
245.0
272.0
271.0
269.0
271.0
219.0
153.0
167.0
257.0
167.0
193.0
193.0
193.0
167.0
193.0
297.0
167.0
296.0
279.0
859.0
740.0
350.0
791.0
843.0
817.0
817.0
765.0
661.0
427.0
349.0
271.0
193.0
225.0
225.0
190.0
201.0
201.0
173.0
194.0
190.0
201.0
279.0
513.0
799.0
799.0
279.0
269.0
245.0
271.0
271.0
271.0
271.0
245.0
193.0
219.0
193.0
219.0
193.0
167.0
190.0
190.0
192.0
190.0
164.0
190.0
190.0
190.0
190.0
242.0
242.0
268.0
248.0
274.0
274.0
248.0
274.0
222.0
222.0
196.0
170.0
196.0
196.0
170.0
170.0
196.0
170.0
196.0
170.0
170.0
196.0
209.0
482.0
612.0
768.0
820.0
768.0
794.0
794.0
794.0
768.0
669.0
461.0
352.0
305.0
253.0
227.0
175.0
175.0
175.0
157.0
164.0
175.0
201.0
175.0
279.0
528.0
799.0
799.0
851.0
747.0
799.0
799.0
778.0
762.0
648.0
466.0
362.0
336.0
284.0
218.0
174.0
179.0
166.0
179.0
205.0
179.0
179.0
205.0
283.0
517.0
777.0
803.0
829.0
725.0
777.0
772.0
777.0
777.0
647.0
439.0
361.0
309.0
257.0
257.0
179.0
179.0
179.0
179.0
179.0
179.0
179.0
205.0
283.0
517.0
773.0
747.0
824.0
721.0
773.0
773.0
773.0
747.0
643.0
435.0
352.0
331.0
279.0
208.0
156.0
182.0
156.0
182.0
156.0
156.0
177.0
177.0
281.0
489.0
749.0
775.0
801.0
697.0
771.0
745.0
745.0
745.0
615.0
381.0
355.0
303.0
239.0
225.0
173.0
173.0
173.0
173.0
173.0
199.0
173.0
173.0
173.0
173.0
225.0
199.0
225.0
199.0
220.0
225.0
225.0
225.0
225.0
199.0
199.0
173.0
199.0
175.0
175.0
201.0
177.0
175.0
175.0
175.0
175.0
175.0
175.0
175.0
201.0
201.0
201.0
227.0
201.0
201.0
231.0
190.0
190.0
190.0
190.0
164.0
190.0
190.0
164.0
164.0
164.0
179.0
164.0
164.0
164.0
164.0
164.0
164.0
190.0
205.0
215.0
242.0
216.0
213.0
216.0
216.0
216.0
190.0
190.0
190.0
164.0
190.0
164.0
190.0
190.0
190.0
175.0
175.0
201.0
175.0
163.0
487.0
695.0
695.0
790.0
710.0
788.0
795.0
768.0
776.0
664.0
482.0
352.0
267.0
270.0
218.0
166.0
192.0
192.0
168.0
164.0
190.0
190.0
164.0
294.0
502.0
762.0
762.0
814.0
710.0
758.0
762.0
788.0
762.0
632.0
450.0
346.0
294.0
242.0
216.0
164.0
190.0
190.0
164.0
190.0
164.0
190.0
190.0
268.0
502.0
788.0
788.0
840.0
736.0
814.0
788.0
814.0
788.0
658.0
450.0
346.0
294.0
268.0
242.0
164.0
190.0
190.0
190.0
190.0
190.0
190.0
205.0
268.0
502.0
788.0
788.0
840.0
762.0
814.0
814.0
815.0
788.0
658.0
450.0
346.0
272.0
229.0
203.0
177.0
164.0
151.0
177.0
154.0
151.0
151.0
177.0
151.0
177.0
203.0
203.0
203.0
203.0
229.0
203.0
203.0
229.0
203.0
203.0
203.0
177.0
177.0
177.0
177.0
151.0
177.0
177.0
177.0
151.0
151.0
177.0
151.0
151.0
177.0
177.0
203.0
177.0
203.0
203.0
203.0
203.0
177.0
203.0
203.0
177.0
177.0
151.0
177.0
151.0
177.0
177.0
151.0
151.0
151.0
179.0
140.0
489.0
801.0
827.0
879.0
775.0
827.0
828.0
814.0
788.0
658.0
450.0
346.0
318.0
242.0
216.0
190.0
205.0
190.0
164.0
164.0
190.0
164.0
190.0
294.0
502.0
796.0
814.0
840.0
736.0
814.0
798.0
788.0
762.0
658.0
424.0
346.0
294.0
242.0
219.0
190.0
164.0
190.0
164.0
164.0
190.0
164.0
190.0
268.0
502.0
765.0
769.0
840.0
736.0
762.0
762.0
788.0
762.0
632.0
424.0
306.0
268.0
216.0
242.0
186.0
164.0
190.0
164.0
164.0
164.0
164.0
190.0
268.0
502.0
770.0
770.0
816.0
710.0
762.0
772.0
762.0
736.0
637.0
424.0
346.0
268.0
242.0
216.0
190.0
190.0
181.0
164.0
190.0
164.0
190.0
206.0
310.0
544.0
778.0
778.0
830.0
717.0
804.0
804.0
778.0
752.0
648.0
440.0
310.0
284.0
232.0
232.0
206.0
180.0
166.0
166.0
166.0
166.0
164.0
170.0
170.0
170.0
198.0
198.0
198.0
198.0
224.0
224.0
198.0
228.0
198.0
198.0
198.0
198.0
172.0
172.0
172.0
172.0
198.0
172.0
146.0
172.0
172.0
172.0
162.0
172.0
186.0
231.0
198.0
221.0
216.0
216.0
216.0
216.0
216.0
190.0
190.0
189.0
164.0
190.0
164.0
138.0
202.0
164.0
164.0
164.0
146.0
198.0
283.0
513.0
755.0
762.0
814.0
706.0
796.0
770.0
755.0
770.0
640.0
432.0
354.0
302.0
250.0
224.0
198.0
179.0
172.0
172.0
172.0
172.0
172.0
190.0
250.0
510.0
744.0
744.0
796.0
718.0
744.0
770.0
744.0
718.0
632.0
450.0
346.0
268.0
248.0
224.0
198.0
179.0
198.0
156.0
172.0
198.0
172.0
198.0
276.0
484.0
743.0
744.0
796.0
718.0
770.0
744.0
770.0
744.0
614.0
432.0
348.0
276.0
250.0
198.0
198.0
179.0
203.0
164.0
164.0
190.0
171.0
190.0
268.0
432.0
640.0
736.0
814.0
684.0
762.0
771.0
788.0
762.0
658.0
450.0
346.0
311.0
250.0
216.0
190.0
179.0
190.0
190.0
164.0
190.0
164.0
192.0
276.0
536.0
744.0
801.0
827.0
749.0
775.0
775.0
801.0
749.0
645.0
437.0
333.0
281.0
229.0
203.0
203.0
176.0
203.0
177.0
177.0
177.0
177.0
158.0
164.0
188.0
282.0
270.0
276.0
268.0
276.0
276.0
276.0
276.0
250.0
224.0
224.0
198.0
198.0
198.0
172.0
172.0
198.0
172.0
190.0
164.0
156.0
172.0
172.0
198.0
250.0
250.0
250.0
224.0
276.0
276.0
276.0
276.0
224.0
198.0
224.0
198.0
198.0
172.0
172.0
172.0
172.0
198.0
172.0
157.0
172.0
198.0
276.0
484.0
770.0
796.0
853.0
770.0
822.0
796.0
770.0
796.0
674.0
458.0
374.0
296.0
250.0
224.0
198.0
172.0
198.0
198.0
198.0
198.0
184.0
198.0
302.0
510.0
770.0
770.0
822.0
744.0
796.0
770.0
764.0
738.0
634.0
426.0
348.0
294.0
244.0
218.0
192.0
166.0
192.0
166.0
192.0
192.0
192.0
192.0
296.0
530.0
764.0
790.0
846.0
738.0
790.0
790.0
790.0
790.0
634.0
452.0
296.0
270.0
250.0
224.0
198.0
172.0
172.0
172.0
184.0
172.0
158.0
205.0
276.0
536.0
770.0
785.0
848.0
744.0
822.0
822.0
830.0
796.0
685.0
463.0
354.0
328.0
276.0
224.0
186.0
172.0
198.0
198.0
198.0
196.0
170.0
198.0
302.0
536.0
811.0
822.0
848.0
744.0
822.0
796.0
796.0
770.0
645.0
458.0
321.0
276.0
276.0
222.0
196.0
172.0
198.0
172.0
196.0
170.0
170.0
172.0
172.0
198.0
224.0
250.0
270.0
218.0
270.0
244.0
244.0
270.0
218.0
218.0
192.0
183.0
192.0
166.0
166.0
166.0
166.0
166.0
192.0
166.0
192.0
146.0
164.0
166.0
199.0
193.0
192.0
218.0
218.0
218.0
192.0
218.0
194.0
192.0
218.0
192.0
205.0
166.0
166.0
166.0
192.0
166.0
166.0
166.0
140.0
192.0
172.0
504.0
764.0
790.0
868.0
764.0
790.0
816.0
790.0
764.0
634.0
452.0
374.0
296.0
270.0
218.0
192.0
166.0
192.0
192.0
184.0
166.0
164.0
192.0
296.0
530.0
790.0
764.0
842.0
764.0
790.0
790.0
797.0
764.0
660.0
452.0
374.0
296.0
280.0
218.0
189.0
166.0
192.0
192.0
166.0
192.0
192.0
192.0
296.0
530.0
790.0
790.0
842.0
738.0
790.0
790.0
790.0
790.0
660.0
452.0
322.0
296.0
244.0
218.0
218.0
166.0
192.0
184.0
190.0
192.0
184.0
218.0
296.0
530.0
764.0
814.0
842.0
738.0
816.0
816.0
790.0
790.0
686.0
452.0
348.0
270.0
239.0
222.0
248.0
170.0
192.0
166.0
200.0
192.0
170.0
198.0
302.0
536.0
770.0
796.0
874.0
744.0
822.0
796.0
796.0
770.0
640.0
401.0
296.0
244.0
228.0
218.0
244.0
166.0
192.0
166.0
218.0
192.0
192.0
192.0
197.0
192.0
192.0
166.0
218.0
192.0
244.0
244.0
218.0
218.0
244.0
244.0
218.0
218.0
218.0
218.0
218.0
192.0
218.0
166.0
218.0
192.0
192.0
166.0
192.0
192.0
192.0
198.0
671.0
957.0
983.0
1061.0
957.0
957.0
941.0
957.0
931.0
827.0
567.0
437.0
352.0
281.0
272.0
239.0
217.0
222.0
203.0
229.0
203.0
203.0
203.0
378.0
697.0
948.0
956.0
1008.0
922.0
959.0
922.0
918.0
930.0
788.0
531.0
424.0
372.0
294.0
246.0
254.0
228.0
193.0
219.0
193.0
219.0
193.0
245.0
375.0
687.0
922.0
974.0
1060.0
930.0
974.0
948.0
947.0
895.0
791.0
531.0
424.0
375.0
271.0
272.0
246.0
219.0
219.0
244.0
210.0
226.0
192.0
218.0
374.0
686.0
922.0
948.0
995.0
904.0
920.0
920.0
895.0
894.0
738.0
500.0
400.0
323.0
245.0
219.0
254.0
169.0
202.0
167.0
167.0
166.0
166.0
166.0
164.0
218.0
270.0
244.0
254.0
228.0
260.0
254.0
260.0
255.0
255.0
229.0
229.0
229.0
203.0
229.0
177.0
203.0
203.0
192.0
177.0
177.0
203.0
177.0
203.0
203.0
248.0
274.0
274.0
274.0
248.0
248.0
274.0
274.0
248.0
222.0
196.0
222.0
196.0
196.0
170.0
196.0
170.0
199.0
196.0
160.0
170.0
186.0
329.0
652.0
926.0
934.0
1004.0
894.0
946.0
920.0
952.0
894.0
764.0
504.0
452.0
374.0
296.0
264.0
277.0
225.0
228.0
244.0
228.0
192.0
218.0
218.0
374.0
667.0
922.0
979.0
1050.0
952.0
979.0
952.0
952.0
926.0
796.0
536.0
458.0
380.0
332.0
280.0
272.0
228.0
211.0
228.0
228.0
224.0
224.0
224.0
380.0
605.0
922.0
920.0
998.0
916.0
946.0
934.0
920.0
894.0
764.0
504.0
426.0
374.0
296.0
262.0
272.0
214.0
214.0
218.0
218.0
192.0
192.0
244.0
374.0
636.0
916.0
946.0
972.0
918.0
920.0
894.0
894.0
868.0
738.0
510.0
426.0
374.0
302.0
272.0
246.0
215.0
217.0
224.0
250.0
224.0
224.0
250.0
380.0
662.0
912.0
952.0
1004.0
926.0
952.0
952.0
926.0
918.0
770.0
536.0
406.0
347.0
302.0
272.0
236.0
224.0
217.0
198.0
198.0
198.0
198.0
198.0
224.0
224.0
287.0
296.0
322.0
296.0
295.0
292.0
328.0
302.0
276.0
250.0
224.0
250.0
224.0
250.0
172.0
198.0
229.0
229.0
224.0
196.0
198.0
198.0
224.0
250.0
276.0
303.0
355.0
302.0
302.0
276.0
302.0
276.0
269.0
258.0
250.0
250.0
224.0
224.0
172.0
224.0
198.0
224.0
198.0
192.0
192.0
186.0
218.0
614.0
848.0
926.0
926.0
848.0
895.0
895.0
874.0
874.0
744.0
484.0
380.0
349.0
264.0
262.0
236.0
219.0
193.0
224.0
198.0
198.0
224.0
224.0
349.0
609.0
848.0
874.0
900.0
848.0
843.0
843.0
842.0
848.0
718.0
485.0
374.0
314.0
271.0
262.0
236.0
210.0
210.0
219.0
228.0
192.0
229.0
240.0
365.0
631.0
822.0
848.0
926.0
874.0
848.0
874.0
848.0
822.0
718.0
484.0
380.0
328.0
281.0
276.0
254.0
250.0
229.0
224.0
229.0
229.0
255.0
229.0
385.0
644.0
853.0
879.0
926.0
874.0
900.0
848.0
848.0
848.0
718.0
510.0
380.0
332.0
328.0
241.0
250.0
250.0
250.0
224.0
198.0
224.0
224.0
224.0
354.0
666.0
900.0
874.0
952.0
874.0
895.0
848.0
874.0
848.0
714.0
510.0
380.0
318.0
266.0
247.0
240.0
214.0
217.0
222.0
214.0
198.0
224.0
198.0
198.0
188.0
211.0
214.0
214.0
214.0
214.0
214.0
214.0
214.0
214.0
214.0
214.0
188.0
248.0
214.0
170.0
196.0
222.0
222.0
222.0
196.0
187.0
196.0
196.0
196.0
222.0
248.0
274.0
248.0
248.0
222.0
248.0
248.0
222.0
248.0
222.0
248.0
228.0
228.0
176.0
228.0
202.0
202.0
202.0
228.0
202.0
224.0
205.0
666.0
930.0
1008.0
1056.0
937.0
1004.0
952.0
952.0
926.0
796.0
536.0
436.0
384.0
324.0
262.0
254.0
228.0
254.0
254.0
228.0
218.0
228.0
254.0
384.0
696.0
948.0
982.0
1060.0
956.0
961.0
946.0
946.0
920.0
764.0
516.0
400.0
358.0
306.0
254.0
244.0
218.0
218.0
218.0
218.0
244.0
192.0
218.0
350.0
660.0
920.0
946.0
1024.0
946.0
920.0
920.0
920.0
894.0
790.0
556.0
426.0
374.0
296.0
270.0
254.0
218.0
218.0
228.0
208.0
244.0
244.0
218.0
358.0
644.0
919.0
946.0
998.0
946.0
946.0
946.0
946.0
920.0
790.0
530.0
400.0
366.0
288.0
244.0
244.0
244.0
218.0
218.0
218.0
244.0
218.0
218.0
350.0
608.0
946.0
946.0
990.0
913.0
952.0
926.0
900.0
900.0
796.0
536.0
352.0
274.0
248.0
222.0
274.0
222.0
196.0
218.0
218.0
244.0
192.0
212.0
192.0
196.0
249.0
248.0
248.0
248.0
260.0
260.0
270.0
244.0
244.0
270.0
218.0
244.0
229.0
255.0
177.0
196.0
222.0
222.0
222.0
196.0
222.0
204.0
224.0
222.0
222.0
222.0
232.0
274.0
302.0
255.0
255.0
255.0
255.0
255.0
255.0
229.0
228.0
218.0
166.0
218.0
222.0
218.0
192.0
225.0
222.0
222.0
334.0
638.0
950.0
976.0
1054.0
950.0
1002.0
1028.0
976.0
976.0
828.0
586.0
430.0
352.0
300.0
274.0
274.0
248.0
248.0
222.0
222.0
222.0
222.0
222.0
378.0
612.0
950.0
1002.0
1028.0
976.0
1000.0
976.0
950.0
978.0
848.0
562.0
426.0
352.0
296.0
244.0
270.0
252.0
226.0
252.0
226.0
226.0
226.0
226.0
356.0
642.0
928.0
952.0
1030.0
954.0
980.0
952.0
952.0
926.0
796.0
536.0
432.0
348.0
328.0
254.0
278.0
250.0
226.0
226.0
224.0
219.0
226.0
226.0
358.0
644.0
928.0
980.0
1060.0
954.0
980.0
980.0
954.0
928.0
850.0
538.0
434.0
356.0
304.0
278.0
278.0
278.0
228.0
252.0
252.0
226.0
226.0
226.0
376.0
616.0
928.0
956.0
1032.0
954.0
980.0
980.0
954.0
928.0
824.0
538.0
382.0
356.0
278.0
252.0
278.0
226.0
200.0
226.0
226.0
226.0
191.0
226.0
226.0
252.0
242.0
272.0
272.0
272.0
268.0
278.0
276.0
278.0
278.0
252.0
252.0
226.0
226.0
252.0
174.0
226.0
226.0
226.0
226.0
200.0
200.0
190.0
200.0
200.0
226.0
226.0
276.0
250.0
250.0
274.0
268.0
276.0
250.0
250.0
224.0
218.0
218.0
192.0
166.0
172.0
192.0
225.0
172.0
166.0
192.0
192.0
204.0
634.0
842.0
894.0
998.0
956.0
946.0
998.0
946.0
972.0
842.0
582.0
452.0
374.0
285.0
270.0
262.0
218.0
192.0
244.0
218.0
218.0
192.0
218.0
361.0
634.0
920.0
946.0
1050.0
946.0
978.0
1004.0
978.0
952.0
848.0
588.0
458.0
376.0
333.0
281.0
260.0
250.0
250.0
255.0
250.0
229.0
215.0
255.0
385.0
645.0
948.0
957.0
1048.0
957.0
983.0
983.0
957.0
957.0
827.0
614.0
411.0
385.0
359.0
255.0
276.0
250.0
250.0
250.0
224.0
250.0
252.0
226.0
376.0
623.0
939.0
970.0
1051.0
952.0
978.0
952.0
936.0
952.0
822.0
614.0
484.0
382.0
330.0
276.0
276.0
250.0
252.0
226.0
252.0
226.0
222.0
248.0
376.0
690.0
948.0
976.0
1054.0
944.0
1002.0
978.0
952.0
952.0
790.0
588.0
426.0
348.0
296.0
276.0
276.0
224.0
198.0
198.0
224.0
224.0
198.0
198.0
198.0
224.0
245.0
246.0
272.0
272.0
272.0
283.0
250.0
276.0
250.0
230.0
224.0
250.0
198.0
224.0
172.0
198.0
198.0
224.0
198.0
224.0
198.0
196.0
224.0
224.0
224.0
250.0
276.0
276.0
250.0
276.0
224.0
224.0
224.0
224.0
224.0
224.0
198.0
198.0
172.0
172.0
172.0
172.0
172.0
172.0
172.0
172.0
172.0
172.0
178.0
479.0
766.0
740.0
766.0
720.0
766.0
766.0
766.0
766.0
635.0
432.0
354.0
304.0
250.0
224.0
172.0
190.0
172.0
172.0
172.0
172.0
172.0
172.0
276.0
510.0
770.0
796.0
796.0
714.0
796.0
770.0
766.0
770.0
640.0
458.0
330.0
276.0
218.0
224.0
172.0
174.0
200.0
174.0
174.0
200.0
174.0
200.0
278.0
543.0
772.0
772.0
824.0
720.0
798.0
798.0
772.0
772.0
642.0
434.0
356.0
304.0
252.0
226.0
174.0
194.0
174.0
200.0
174.0
174.0
178.0
200.0
276.0
536.0
746.0
760.0
822.0
692.0
770.0
774.0
770.0
748.0
640.0
432.0
328.0
276.0
224.0
224.0
172.0
202.0
172.0
191.0
165.0
172.0
172.0
198.0
283.0
536.0
736.0
736.0
796.0
692.0
744.0
770.0
718.0
640.0
536.0
406.0
354.0
276.0
224.0
224.0
172.0
205.0
198.0
184.0
191.0
168.0
190.0
172.0
200.0
200.0
266.0
278.0
278.0
235.0
278.0
278.0
278.0
278.0
252.0
200.0
208.0
200.0
226.0
200.0
174.0
200.0
200.0
200.0
200.0
174.0
200.0
196.0
189.0
200.0
252.0
252.0
278.0
242.0
278.0
268.0
242.0
270.0
216.0
216.0
190.0
164.0
190.0
190.0
164.0
164.0
190.0
164.0
190.0
164.0
160.0
190.0
214.0
485.0
607.0
763.0
815.0
764.0
792.0
794.0
803.0
763.0
660.0
452.0
348.0
296.0
244.0
218.0
166.0
166.0
166.0
166.0
165.0
165.0
191.0
165.0
269.0
529.0
790.0
790.0
848.0
737.0
789.0
789.0
763.0
763.0
628.0
449.0
347.0
321.0
269.0
217.0
156.0
165.0
165.0
165.0
191.0
165.0
165.0
191.0
274.0
503.0
763.0
789.0
815.0
711.0
763.0
763.0
763.0
763.0
633.0
432.0
347.0
295.0
243.0
243.0
165.0
165.0
165.0
165.0
165.0
165.0
172.0
198.0
267.0
506.0
757.0
731.0
822.0
718.0
770.0
770.0
770.0
744.0
640.0
432.0
354.0
330.0
263.0
211.0
170.0
202.0
159.0
185.0
159.0
159.0
176.0
172.0
264.0
484.0
731.0
757.0
796.0
692.0
770.0
744.0
744.0
744.0
614.0
380.0
354.0
302.0
237.0
211.0
172.0
170.0
170.0
159.0
170.0
196.0
174.0
172.0
172.0
172.0
222.0
196.0
222.0
196.0
222.0
222.0
222.0
222.0
222.0
196.0
196.0
170.0
196.0
170.0
170.0
196.0
170.0
170.0
170.0
170.0
170.0
170.0
170.0
170.0
186.0
196.0
196.0
217.0
191.0
204.0
230.0
196.0
196.0
196.0
196.0
170.0
196.0
196.0
170.0
170.0
165.0
165.0
165.0
165.0
165.0
165.0
176.0
165.0
191.0
191.0
217.0
243.0
217.0
217.0
217.0
217.0
217.0
191.0
191.0
191.0
165.0
191.0
165.0
184.0
200.0
200.0
174.0
174.0
200.0
174.0
170.0
486.0
694.0
694.0
798.0
720.0
794.0
787.0
761.0
768.0
664.0
482.0
350.0
274.0
274.0
222.0
170.0
196.0
196.0
170.0
170.0
196.0
196.0
170.0
300.0
508.0
768.0
768.0
820.0
716.0
768.0
770.0
799.0
768.0
638.0
456.0
352.0
297.0
245.0
219.0
173.0
193.0
193.0
167.0
185.0
174.0
203.0
205.0
281.0
505.0
791.0
801.0
834.0
742.0
820.0
794.0
810.0
794.0
664.0
456.0
351.0
300.0
272.0
246.0
168.0
196.0
196.0
196.0
196.0
196.0
196.0
196.0
274.0
508.0
794.0
796.0
848.0
768.0
820.0
819.0
820.0
794.0
664.0
458.0
352.0
274.0
222.0
196.0
170.0
170.0
144.0
158.0
144.0
146.0
146.0
172.0
136.0
172.0
196.0
196.0
196.0
196.0
222.0
196.0
196.0
222.0
196.0
196.0
200.0
174.0
173.0
174.0
174.0
148.0
174.0
172.0
172.0
137.0
132.0
172.0
146.0
146.0
172.0
172.0
198.0
172.0
198.0
198.0
191.0
198.0
158.0
198.0
184.0
158.0
158.0
132.0
163.0
132.0
158.0
158.0
132.0
132.0
132.0
158.0
147.0
470.0
782.0
822.0
860.0
756.0
808.0
811.0
808.0
782.0
652.0
444.0
340.0
314.0
236.0
210.0
184.0
184.0
184.0
158.0
158.0
184.0
158.0
184.0
288.0
496.0
782.0
808.0
834.0
738.0
808.0
796.0
782.0
770.0
666.0
432.0
352.0
288.0
250.0
210.0
184.0
158.0
184.0
158.0
158.0
196.0
170.0
196.0
274.0
499.0
768.0
770.0
846.0
742.0
770.0
770.0
782.0
756.0
640.0
432.0
302.0
269.0
217.0
239.0
194.0
165.0
191.0
165.0
165.0
165.0
165.0
191.0
269.0
503.0
763.0
763.0
815.0
723.0
775.0
775.0
772.0
746.0
642.0
424.0
347.0
269.0
243.0
217.0
191.0
191.0
191.0
165.0
191.0
165.0
191.0
191.0
295.0
529.0
763.0
763.0
815.0
711.0
789.0
789.0
770.0
744.0
633.0
432.0
295.0
269.0
217.0
217.0
191.0
165.0
165.0
165.0
165.0
165.0
180.0
165.0
165.0
165.0
191.0
191.0
191.0
191.0
217.0
212.0
191.0
217.0
191.0
191.0
191.0
191.0
165.0
166.0
166.0
166.0
192.0
165.0
140.0
165.0
165.0
165.0
165.0
165.0
191.0
217.0
191.0
217.0
225.0
217.0
217.0
217.0
217.0
191.0
191.0
191.0
165.0
191.0
165.0
139.0
191.0
165.0
165.0
169.0
130.0
198.0
276.0
503.0
759.0
763.0
811.0
711.0
793.0
763.0
763.0
763.0
624.0
425.0
347.0
295.0
243.0
217.0
191.0
165.0
165.0
165.0
170.0
170.0
170.0
196.0
243.0
508.0
742.0
737.0
789.0
718.0
744.0
770.0
744.0
708.0
640.0
458.0
350.0
265.0
239.0
213.0
191.0
175.0
203.0
176.0
176.0
198.0
172.0
198.0
280.0
488.0
744.0
744.0
785.0
718.0
770.0
744.0
770.0
744.0
614.0
432.0
343.0
265.0
238.0
198.0
186.0
172.0
186.0
160.0
172.0
198.0
172.0
198.0
264.0
432.0
640.0
744.0
822.0
692.0
770.0
770.0
779.0
770.0
666.0
458.0
347.0
316.0
238.0
212.0
186.0
160.0
186.0
186.0
170.0
196.0
170.0
196.0
274.0
534.0
733.0
794.0
820.0
742.0
767.0
768.0
794.0
742.0
638.0
430.0
313.0
274.0
213.0
196.0
196.0
170.0
196.0
170.0
170.0
172.0
172.0
172.0
170.0
196.0
283.0
274.0
274.0
274.0
281.0
274.0
274.0
274.0
248.0
230.0
222.0
196.0
196.0
196.0
170.0
170.0
196.0
170.0
196.0
170.0
170.0
175.0
170.0
196.0
248.0
238.0
238.0
212.0
264.0
264.0
264.0
264.0
224.0
186.0
212.0
186.0
186.0
172.0
160.0
160.0
160.0
186.0
172.0
172.0
172.0
198.0
267.0
472.0
758.0
796.0
836.0
758.0
810.0
784.0
770.0
796.0
664.0
446.0
378.0
300.0
248.0
222.0
196.0
170.0
189.0
189.0
196.0
196.0
196.0
196.0
300.0
508.0
768.0
770.0
820.0
742.0
796.0
770.0
770.0
744.0
631.0
432.0
354.0
293.0
241.0
215.0
189.0
163.0
189.0
163.0
189.0
191.0
189.0
189.0
295.0
536.0
761.0
796.0
845.0
737.0
789.0
796.0
796.0
794.0
640.0
458.0
293.0
275.0
241.0
215.0
189.0
163.0
163.0
174.0
200.0
174.0
174.0
200.0
278.0
538.0
772.0
798.0
850.0
746.0
824.0
824.0
824.0
798.0
694.0
449.0
345.0
319.0
273.0
215.0
189.0
163.0
189.0
189.0
196.0
189.0
170.0
196.0
293.0
534.0
820.0
820.0
846.0
742.0
820.0
794.0
800.0
774.0
644.0
462.0
311.0
280.0
280.0
220.0
194.0
173.0
202.0
176.0
202.0
176.0
176.0
163.0
176.0
191.0
217.0
243.0
269.0
232.0
269.0
243.0
243.0
269.0
217.0
217.0
191.0
181.0
181.0
165.0
155.0
165.0
165.0
165.0
191.0
165.0
243.0
217.0
217.0
220.0
243.0
248.0
217.0
378.0
612.0
898.0
924.0
950.0
898.0
898.0
898.0
898.0
872.0
768.0
534.0
404.0
352.0
326.0
274.0
274.0
220.0
196.0
222.0
222.0
222.0
222.0
222.0
196.0
248.0
248.0
248.0
248.0
283.0
267.0
266.0
274.0
248.0
248.0
222.0
248.0
222.0
232.0
189.0
170.0
189.0
189.0
189.0
189.0
189.0
189.0
200.0
200.0
215.0
215.0
241.0
241.0
241.0
241.0
267.0
215.0
241.0
241.0
241.0
241.0
215.0
212.0
222.0
170.0
196.0
186.0
222.0
189.0
196.0
196.0
170.0
204.0
588.0
900.0
926.0
978.0
874.0
914.0
917.0
917.0
891.0
787.0
527.0
484.0
371.0
319.0
267.0
267.0
215.0
219.0
215.0
189.0
215.0
189.0
228.0
326.0
560.0
872.0
898.0
898.0
846.0
898.0
872.0
872.0
898.0
758.0
534.0
420.0
352.0
293.0
241.0
267.0
241.0
241.0
215.0
217.0
217.0
217.0
228.0
328.0
562.0
848.0
874.0
900.0
822.0
900.0
874.0
900.0
867.0
763.0
536.0
451.0
373.0
319.0
274.0
269.0
241.0
250.0
217.0
217.0
217.0
217.0
257.0
330.0
564.0
850.0
902.0
928.0
848.0
900.0
900.0
900.0
874.0
770.0
562.0
458.0
371.0
293.0
267.0
274.0
215.0
241.0
215.0
222.0
222.0
189.0
222.0
352.0
547.0
872.0
872.0
898.0
820.0
898.0
876.0
850.0
850.0
720.0
512.0
397.0
345.0
267.0
215.0
267.0
189.0
200.0
217.0
226.0
200.0
200.0
203.0
200.0
189.0
215.0
215.0
252.0
215.0
215.0
252.0
252.0
250.0
271.0
245.0
250.0
224.0
198.0
172.0
162.0
202.0
214.0
188.0
214.0
188.0
188.0
162.0
188.0
188.0
214.0
214.0
188.0
214.0
214.0
214.0
188.0
214.0
214.0
188.0
214.0
222.0
188.0
196.0
170.0
196.0
193.0
193.0
193.0
193.0
167.0
193.0
196.0
193.0
219.0
209.0
219.0
235.0
256.0
241.0
241.0
241.0
215.0
215.0
215.0
219.0
222.0
193.0
157.0
183.0
193.0
193.0
183.0
183.0
183.0
196.0
199.0
574.0
900.0
952.0
952.0
900.0
926.0
952.0
900.0
900.0
796.0
536.0
458.0
354.0
283.0
245.0
276.0
189.0
224.0
224.0
224.0
219.0
193.0
193.0
328.0
614.0
874.0
900.0
926.0
848.0
900.0
895.0
890.0
900.0
734.0
552.0
448.0
344.0
292.0
246.0
266.0
193.0
219.0
193.0
222.0
196.0
222.0
222.0
352.0
560.0
874.0
859.0
950.0
846.0
859.0
859.0
869.0
885.0
742.0
534.0
404.0
356.0
294.0
268.0
268.0
216.0
242.0
200.0
226.0
226.0
200.0
226.0
330.0
573.0
807.0
859.0
885.0
807.0
859.0
807.0
833.0
807.0
703.0
469.0
365.0
313.0
246.0
220.0
261.0
157.0
183.0
183.0
157.0
183.0
198.0
198.0
172.0
219.0
240.0
211.0
240.0
198.0
240.0
240.0
214.0
198.0
240.0
219.0
188.0
188.0
188.0
162.0
170.0
170.0
196.0
170.0
198.0
198.0
198.0
172.0
185.0
224.0
224.0
224.0
216.0
224.0
250.0
198.0
224.0
224.0
198.0
224.0
224.0
224.0
224.0
198.0
172.0
198.0
198.0
198.0
198.0
172.0
198.0
196.0
189.0
588.0
848.0
874.0
874.0
822.0
841.0
841.0
880.0
841.0
692.0
484.0
373.0
321.0
269.0
243.0
250.0
191.0
217.0
224.0
217.0
198.0
198.0
224.0
354.0
588.0
822.0
900.0
926.0
848.0
874.0
900.0
874.0
834.0
770.0
484.0
458.0
380.0
292.0
241.0
266.0
240.0
188.0
214.0
214.0
214.0
188.0
250.0
328.0
562.0
822.0
874.0
900.0
822.0
874.0
848.0
848.0
874.0
713.0
510.0
380.0
380.0
265.0
241.0
276.0
216.0
250.0
224.0
224.0
224.0
224.0
242.0
354.0
588.0
848.0
900.0
926.0
848.0
900.0
900.0
895.0
848.0
770.0
536.0
406.0
354.0
276.0
276.0
241.0
198.0
215.0
250.0
198.0
224.0
224.0
198.0
312.0
562.0
848.0
874.0
900.0
843.0
874.0
848.0
848.0
822.0
718.0
484.0
406.0
354.0
259.0
211.0
245.0
219.0
193.0
219.0
193.0
219.0
196.0
193.0
222.0
245.0
271.0
274.0
326.0
274.0
300.0
274.0
274.0
264.0
248.0
248.0
248.0
222.0
222.0
222.0
170.0
196.0
196.0
196.0
196.0
196.0
196.0
196.0
222.0
219.0
219.0
219.0
219.0
245.0
245.0
219.0
245.0
245.0
245.0
245.0
208.0
214.0
216.0
214.0
162.0
188.0
216.0
216.0
214.0
188.0
216.0
196.0
204.0
604.0
864.0
890.0
942.0
864.0
916.0
890.0
916.0
890.0
796.0
536.0
445.0
337.0
318.0
266.0
240.0
188.0
198.0
198.0
214.0
214.0
211.0
214.0
328.0
614.0
835.0
926.0
952.0
874.0
900.0
900.0
874.0
874.0
796.0
562.0
463.0
347.0
295.0
243.0
243.0
217.0
243.0
214.0
214.0
214.0
224.0
224.0
328.0
614.0
848.0
900.0
926.0
848.0
900.0
874.0
880.0
874.0
770.0
510.0
432.0
380.0
292.0
266.0
240.0
219.0
198.0
224.0
224.0
224.0
214.0
214.0
328.0
614.0
849.0
900.0
934.0
822.0
848.0
848.0
848.0
822.0
718.0
474.0
375.0
323.0
271.0
245.0
245.0
219.0
193.0
193.0
207.0
224.0
198.0
198.0
352.0
666.0
848.0
869.0
900.0
796.0
874.0
874.0
848.0
874.0
718.0
458.0
379.0
328.0
276.0
250.0
250.0
198.0
198.0
198.0
224.0
198.0
198.0
198.0
198.0
216.0
239.0
276.0
276.0
276.0
268.0
276.0
276.0
267.0
250.0
232.0
234.0
198.0
224.0
229.0
172.0
198.0
198.0
198.0
198.0
198.0
198.0
172.0
198.0
224.0
230.0
199.0
224.0
250.0
224.0
250.0
250.0
248.0
248.0
209.0
214.0
214.0
240.0
188.0
162.0
188.0
214.0
185.0
216.0
188.0
200.0
190.0
199.0
590.0
850.0
876.0
902.0
812.0
864.0
838.0
850.0
824.0
746.0
564.0
486.0
344.0
266.0
240.0
240.0
214.0
214.0
217.0
191.0
217.0
191.0
222.0
356.0
590.0
850.0
841.0
876.0
841.0
874.0
876.0
874.0
874.0
770.0
536.0
458.0
380.0
295.0
250.0
241.0
250.0
224.0
224.0
198.0
224.0
224.0
224.0
328.0
595.0
848.0
900.0
900.0
822.0
848.0
874.0
848.0
874.0
744.0
510.0
406.0
354.0
302.0
271.0
247.0
240.0
224.0
198.0
198.0
224.0
198.0
224.0
328.0
614.0
826.0
864.0
864.0
770.0
822.0
812.0
770.0
718.0
604.0
422.0
370.0
292.0
266.0
214.0
240.0
188.0
188.0
188.0
188.0
162.0
172.0
162.0
188.0
179.0
214.0
188.0
188.0
188.0
188.0
188.0
224.0
224.0
211.0
224.0
198.0
198.0
172.0
172.0
172.0
172.0
172.0
198.0
172.0
198.0
172.0
172.0
170.0
193.0
167.0
198.0
198.0
200.0
193.0
193.0
193.0
219.0
193.0
217.0
191.0
191.0
191.0
191.0
165.0
191.0
165.0
191.0
198.0
198.0
146.0
172.0
172.0
162.0
172.0
198.0
172.0
198.0
195.0
198.0
188.0
188.0
188.0
214.0
188.0
188.0
188.0
188.0
162.0
188.0
162.0
191.0
165.0
165.0
191.0
191.0
169.0
581.0
867.0
867.0
893.0
815.0
893.0
864.0
902.0
867.0
772.0
486.0
434.0
356.0
304.0
252.0
252.0
220.0
226.0
226.0
200.0
226.0
226.0
198.0
328.0
614.0
848.0
900.0
926.0
822.0
874.0
900.0
890.0
864.0
786.0
502.0
422.0
360.0
292.0
240.0
240.0
181.0
214.0
214.0
214.0
188.0
188.0
214.0
318.0
604.0
838.0
900.0
926.0
848.0
874.0
900.0
890.0
874.0
744.0
536.0
432.0
354.0
276.0
219.0
250.0
224.0
219.0
224.0
224.0
198.0
194.0
224.0
328.0
640.0
848.0
900.0
900.0
822.0
862.0
900.0
900.0
172.0
172.0
172.0
172.0
172.0
172.0
250.0
432.0
692.0
744.0
760.0
666.0
744.0
744.0
744.0
682.0
604.0
370.0
292.0
266.0
271.0
219.0
146.0
193.0
167.0
167.0
167.0
167.0
200.0
178.0
219.0
408.0
668.0
720.0
724.0
636.0
724.0
720.0
720.0
687.0
586.0
356.0
323.0
304.0
271.0
219.0
148.0
200.0
200.0
193.0
167.0
200.0
200.0
190.0
243.0
460.0
737.0
720.0
798.0
668.0
720.0
720.0
720.0
721.0
581.0
347.0
295.0
243.0
217.0
217.0
138.0
175.0
168.0
165.0
165.0
165.0
172.0
172.0
276.0
458.0
744.0
746.0
798.0
720.0
746.0
720.0
720.0
724.0
616.0
382.0
304.0
252.0
252.0
200.0
148.0
174.0
174.0
174.0
174.0
174.0
200.0
152.0
174.0
137.0
215.0
210.0
241.0
241.0
215.0
215.0
215.0
215.0
215.0
198.0
189.0
189.0
172.0
172.0
146.0
172.0
172.0
172.0
172.0
172.0
146.0
172.0
172.0
172.0
241.0
215.0
241.0
241.0
224.0
226.0
189.0
224.0
224.0
224.0
198.0
198.0
189.0
172.0
146.0
172.0
146.0
172.0
146.0
172.0
172.0
174.0
174.0
408.0
746.0
798.0
824.0
709.0
772.0
795.0
798.0
772.0
660.0
434.0
330.0
304.0
272.0
198.0
146.0
172.0
172.0
172.0
172.0
172.0
172.0
172.0
276.0
458.0
744.0
744.0
817.0
718.0
744.0
744.0
718.0
688.0
614.0
369.0
354.0
302.0
276.0
224.0
146.0
172.0
172.0
172.0
172.0
172.0
172.0
172.0
250.0
458.0
744.0
796.0
796.0
718.0
770.0
770.0
770.0
744.0
640.0
432.0
356.0
298.0
272.0
220.0
146.0
172.0
168.0
168.0
194.0
206.0
168.0
198.0
246.0
458.0
744.0
758.0
796.0
692.0
770.0
770.0
770.0
744.0
640.0
388.0
302.0
269.0
246.0
246.0
139.0
165.0
191.0
194.0
196.0
191.0
165.0
198.0
276.0
458.0
744.0
770.0
796.0
707.0
744.0
770.0
770.0
718.0
640.0
380.0
292.0
240.0
214.0
188.0
136.0
162.0
162.0
162.0
165.0
165.0
174.0
166.0
166.0
168.0
246.0
271.0
246.0
246.0
255.0
272.0
246.0
281.0
229.0
203.0
203.0
203.0
203.0
199.0
151.0
198.0
151.0
151.0
177.0
177.0
177.0
177.0
130.0
177.0
179.0
205.0
231.0
214.0
203.0
203.0
214.0
198.0
198.0
172.0
172.0
198.0
172.0
172.0
172.0
172.0
172.0
172.0
172.0
172.0
172.0
172.0
277.0
458.0
735.0
735.0
822.0
709.0
770.0
770.0
770.0
770.0
640.0
432.0
348.0
305.0
244.0
218.0
140.0
192.0
192.0
166.0
192.0
203.0
174.0
185.0
281.0
463.0
775.0
749.0
801.0
712.0
775.0
775.0
764.0
744.0
640.0
426.0
350.0
296.0
244.0
192.0
140.0
192.0
194.0
166.0
192.0
166.0
198.0
172.0
250.0
458.0
744.0
796.0
822.0
744.0
796.0
796.0
770.0
770.0
640.0
432.0
354.0
276.0
270.0
218.0
146.0
192.0
166.0
162.0
162.0
162.0
162.0
162.0
250.0
458.0
718.0
770.0
796.0
709.0
770.0
760.0
770.0
738.0
640.0
452.0
348.0
322.0
270.0
218.0
139.0
166.0
192.0
166.0
192.0
166.0
192.0
166.0
257.0
483.0
744.0
764.0
803.0
694.0
772.0
746.0
746.0
720.0
616.0
366.0
315.0
263.0
278.0
211.0
133.0
185.0
161.0
172.0
172.0
159.0
172.0
178.0
163.0
172.0
224.0
250.0
251.0
224.0
250.0
237.0
250.0
224.0
237.0
198.0
172.0
185.0
172.0
172.0
172.0
172.0
146.0
172.0
172.0
172.0
172.0
146.0
146.0
172.0
198.0
204.0
205.0
198.0
192.0
231.0
218.0
192.0
218.0
166.0
167.0
166.0
148.0
166.0
166.0
146.0
172.0
146.0
146.0
146.0
146.0
172.0
153.0
432.0
740.0
740.0
766.0
714.0
757.0
757.0
770.0
744.0
640.0
458.0
354.0
315.0
263.0
237.0
354.0
302.0
250.0
250.0
250.0
198.0
250.0
198.0
224.0
198.0
224.0
354.0
640.0
920.0
952.0
1056.0
952.0
952.0
978.0
952.0
952.0
822.0
562.0
458.0
354.0
302.0
246.0
250.0
250.0
224.0
250.0
226.0
226.0
226.0
228.0
356.0
642.0
928.0
1006.0
1058.0
954.0
980.0
954.0
954.0
928.0
824.0
564.0
434.0
382.0
304.0
252.0
252.0
252.0
226.0
226.0
224.0
226.0
224.0
224.0
380.0
692.0
952.0
978.0
1056.0
952.0
952.0
952.0
952.0
926.0
822.0
536.0
406.0
354.0
302.0
252.0
252.0
252.0
252.0
200.0
200.0
226.0
200.0
231.0
382.0
642.0
954.0
954.0
1032.0
928.0
982.0
952.0
952.0
900.0
796.0
484.0
354.0
354.0
276.0
211.0
237.0
185.0
211.0
185.0
185.0
173.0
185.0
198.0
211.0
185.0
282.0
303.0
285.0
302.0
293.0
298.0
298.0
308.0
272.0
246.0
230.0
220.0
230.0
204.0
178.0
204.0
204.0
204.0
204.0
172.0
200.0
189.0
170.0
196.0
222.0
222.0
248.0
274.0
248.0
243.0
248.0
222.0
248.0
222.0
222.0
248.0
222.0
222.0
170.0
196.0
196.0
198.0
198.0
226.0
198.0
189.0
199.0
586.0
900.0
926.0
1004.0
952.0
952.0
952.0
926.0
900.0
796.0
562.0
458.0
328.0
276.0
250.0
250.0
250.0
224.0
198.0
224.0
224.0
198.0
224.0
354.0
614.0
916.0
942.0
994.0
916.0
968.0
968.0
942.0
947.0
834.0
526.0
448.0
344.0
292.0
240.0
254.0
226.0
226.0
226.0
226.0
226.0
226.0
252.0
382.0
616.0
944.0
1004.0
1056.0
960.0
1004.0
978.0
952.0
952.0
802.0
536.0
432.0
354.0
302.0
276.0
250.0
250.0
224.0
224.0
224.0
211.0
243.0
224.0
370.0
640.0
926.0
952.0
1039.0
954.0
954.0
954.0
954.0
934.0
824.0
538.0
434.0
363.0
330.0
252.0
252.0
252.0
226.0
226.0
226.0
226.0
235.0
252.0
382.0
642.0
954.0
969.0
1031.0
952.0
952.0
952.0
952.0
926.0
822.0
536.0
432.0
361.0
328.0
257.0
250.0
224.0
250.0
198.0
224.0
224.0
198.0
224.0
250.0
224.0
276.0
293.0
276.0
257.0
293.0
283.0
293.0
293.0
241.0
241.0
241.0
241.0
215.0
212.0
172.0
224.0
250.0
198.0
189.0
224.0
189.0
205.0
224.0
224.0
224.0
224.0
276.0
277.0
250.0
225.0
226.0
251.0
225.0
225.0
225.0
251.0
225.0
225.0
173.0
199.0
189.0
225.0
225.0
199.0
200.0
215.0
360.0
642.0
902.0
1006.0
1015.0
954.0
1009.0
1006.0
954.0
954.0
823.0
564.0
460.0
382.0
304.0
272.0
250.0
224.0
224.0
224.0
224.0
196.0
198.0
250.0
380.0
666.0
926.0
952.0
1030.0
952.0
978.0
952.0
926.0
926.0
787.0
510.0
432.0
376.0
330.0
272.0
236.0
252.0
252.0
226.0
252.0
230.0
200.0
226.0
382.0
666.0
926.0
952.0
1004.0
926.0
952.0
926.0
926.0
900.0
770.0
536.0
406.0
328.0
302.0
230.0
250.0
198.0
225.0
198.0
199.0
209.0
225.0
199.0
225.0
199.0
225.0
225.0
277.0
283.0
225.0
283.0
251.0
225.0
251.0
225.0
251.0
225.0
225.0
199.0
173.0
225.0
199.0
199.0
199.0
199.0
173.0
190.0
188.0
214.0
251.0
225.0
256.0
302.0
251.0
225.0
225.0
251.0
223.0
225.0
212.0
231.0
203.0
188.0
161.0
190.0
190.0
216.0
190.0
190.0
188.0
188.0
188.0
190.0
216.0
216.0
242.0
216.0
216.0
251.0
225.0
251.0
225.0
225.0
225.0
225.0
199.0
199.0
173.0
225.0
199.0
199.0
199.0
199.0
199.0
199.0
198.0
667.0
901.0
953.0
1057.0
927.0
944.0
944.0
952.0
892.0
796.0
458.0
372.0
294.0
276.0
242.0
242.0
216.0
216.0
216.0
245.0
190.0
226.0
226.0
382.0
646.0
957.0
983.0
1061.0
945.0
1009.0
983.0
957.0
983.0
853.0
645.0
463.0
385.0
333.0
281.0
281.0
229.0
229.0
255.0
255.0
224.0
250.0
224.0
380.0
640.0
926.0
978.0
1056.0
952.0
1004.0
978.0
978.0
952.0
796.0
640.0
432.0
380.0
302.0
276.0
250.0
224.0
224.0
224.0
250.0
196.0
248.0
252.0
382.0
638.0
954.0
954.0
1048.0
954.0
980.0
952.0
926.0
926.0
796.0
536.0
433.0
355.0
302.0
277.0
255.0
224.0
216.0
224.0
224.0
214.0
198.0
224.0
375.0
640.0
926.0
952.0
1030.0
926.0
978.0
952.0
926.0
900.0
796.0
536.0
432.0
346.0
302.0
250.0
250.0
224.0
224.0
224.0
224.0
224.0
224.0
224.0
380.0
640.0
874.0
926.0
1004.0
900.0
900.0
926.0
900.0
874.0
796.0
536.0
380.0
343.0
276.0
250.0
256.0
198.0
198.0
224.0
198.0
198.0
198.0
190.0
198.0
207.0
207.0
207.0
233.0
233.0
207.0
233.0
233.0
207.0
207.0
233.0
226.0
207.0
207.0
181.0
155.0
207.0
181.0
181.0
181.0
226.0
200.0
200.0
200.0
198.0
224.0
250.0
251.0
251.0
251.0
251.0
225.0
251.0
225.0
251.0
251.0
225.0
214.0
231.0
173.0
231.0
225.0
225.0
225.0
188.0
199.0
188.0
204.0
593.0
879.0
957.0
1035.0
931.0
957.0
957.0
931.0
931.0
801.0
541.0
463.0
355.0
281.0
255.0
255.0
225.0
225.0
229.0
229.0
229.0
229.0
243.0
359.0
645.0
905.0
937.0
983.0
908.0
931.0
931.0
895.0
895.0
770.0
510.0
375.0
349.0
271.0
245.0
243.0
225.0
225.0
225.0
225.0
225.0
225.0
216.0
357.0
640.0
901.0
953.0
979.0
901.0
953.0
927.0
927.0
875.0
797.0
511.0
407.0
355.0
303.0
251.0
251.0
225.0
225.0
198.0
223.0
224.0
224.0
224.0
380.0
666.0
926.0
952.0
1004.0
900.0
926.0
926.0
900.0
874.0
744.0
536.0
406.0
354.0
303.0
277.0
251.0
225.0
225.0
199.0
251.0
225.0
225.0
227.0
383.0
617.0
903.0
955.0
968.0
903.0
929.0
903.0
903.0
903.0
773.0
513.0
383.0
357.0
279.0
253.0
253.0
218.0
227.0
227.0
227.0
227.0
227.0
201.0
227.0
227.0
227.0
201.0
253.0
253.0
253.0
227.0
253.0
253.0
227.0
227.0
253.0
227.0
209.0
201.0
175.0
194.0
201.0
201.0
199.0
231.0
231.0
188.0
188.0
231.0
240.0
251.0
277.0
262.0
251.0
277.0
251.0
242.0
216.0
242.0
242.0
216.0
215.0
190.0
164.0
215.0
220.0
190.0
190.0
216.0
215.0
268.0
407.0
606.0
866.0
892.0
944.0
892.0
944.0
944.0
944.0
918.0
814.0
606.0
450.0
372.0
294.0
268.0
242.0
216.0
216.0
216.0
216.0
214.0
214.0
230.0
344.0
630.0
916.0
942.0
994.0
916.0
942.0
916.0
909.0
890.0
786.0
526.0
427.0
375.0
298.0
237.0
237.0
211.0
211.0
211.0
211.0
211.0
226.0
226.0
382.0
642.0
902.0
953.0
980.0
902.0
954.0
928.0
954.0
928.0
798.0
538.0
434.0
346.0
268.0
242.0
242.0
216.0
216.0
216.0
190.0
216.0
216.0
216.0
380.0
640.0
926.0
952.0
1004.0
926.0
944.0
926.0
926.0
900.0
796.0
536.0
450.0
372.0
261.0
242.0
242.0
216.0
216.0
242.0
190.0
216.0
216.0
216.0
385.0
645.0
905.0
957.0
1009.0
892.0
931.0
892.0
931.0
905.0
744.0
458.0
372.0
346.0
268.0
245.0
269.0
193.0
217.0
219.0
219.0
219.0
226.0
196.0
248.0
211.0
268.0
266.0
271.0
271.0
269.0
271.0
271.0
245.0
219.0
245.0
245.0
219.0
219.0
219.0
167.0
198.0
219.0
219.0
218.0
219.0
198.0
224.0
191.0
243.0
191.0
218.0
269.0
243.0
217.0
243.0
269.0
243.0
217.0
243.0
243.0
217.0
217.0
217.0
165.0
207.0
217.0
217.0
191.0
217.0
217.0
188.0
198.0
607.0
893.0
893.0
971.0
217.0
217.0
165.0
191.0
191.0
191.0
191.0
224.0
198.0
204.0
204.0
581.0
885.0
919.0
971.0
893.0
945.0
919.0
919.0
893.0
789.0
534.0
425.0
321.0
269.0
217.0
248.0
194.0
191.0
191.0
217.0
191.0
191.0
191.0
373.0
607.0
841.0
893.0
945.0
867.0
875.0
893.0
893.0
867.0
737.0
503.0
451.0
347.0
269.0
232.0
243.0
217.0
191.0
191.0
217.0
191.0
217.0
217.0
347.0
633.0
867.0
919.0
945.0
841.0
893.0
893.0
919.0
893.0
763.0
503.0
451.0
347.0
269.0
243.0
243.0
217.0
188.0
184.0
198.0
198.0
188.0
214.0
354.0
604.0
890.0
914.0
942.0
864.0
916.0
916.0
916.0
890.0
786.0
526.0
448.0
344.0
269.0
269.0
243.0
217.0
217.0
217.0
217.0
217.0
235.0
235.0
365.0
625.0
911.0
937.0
989.0
885.0
937.0
911.0
885.0
885.0
755.0
494.0
391.0
313.0
261.0
243.0
243.0
217.0
217.0
209.0
183.0
209.0
183.0
209.0
198.0
243.0
243.0
243.0
269.0
269.0
269.0
260.0
243.0
243.0
243.0
217.0
243.0
217.0
222.0
222.0
170.0
196.0
214.0
222.0
191.0
214.0
201.0
214.0
188.0
222.0
248.0
274.0
274.0
274.0
248.0
274.0
277.0
251.0
243.0
243.0
240.0
227.0
191.0
191.0
165.0
191.0
196.0
196.0
196.0
196.0
196.0
214.0
360.0
638.0
924.0
976.0
1002.0
950.0
950.0
950.0
950.0
950.0
794.0
560.0
456.0
352.0
300.0
251.0
251.0
225.0
251.0
199.0
248.0
222.0
196.0
222.0
378.0
638.0
924.0
936.0
962.0
884.0
910.0
910.0
884.0
892.0
728.0
520.0
416.0
364.0
286.0
260.0
234.0
212.0
234.0
182.0
208.0
182.0
206.0
232.0
352.0
607.0
846.0
893.0
945.0
841.0
893.0
893.0
893.0
872.0
768.0
508.0
404.0
352.0
300.0
274.0
246.0
228.0
222.0
187.0
221.0
196.0
177.0
208.0
385.0
593.0
905.0
931.0
943.0
879.0
890.0
879.0
905.0
879.0
749.0
463.0
385.0
359.0
306.0
246.0
246.0
220.0
196.0
170.0
196.0
222.0
196.0
190.0
378.0
690.0
846.0
898.0
950.0
872.0
898.0
898.0
898.0
846.0
716.0
456.0
352.0
298.0
220.0
246.0
246.0
194.0
194.0
217.0
191.0
191.0
217.0
191.0
165.0
191.0
191.0
194.0
196.0
220.0
194.0
194.0
217.0
191.0
217.0
217.0
217.0
191.0
217.0
217.0
165.0
191.0
217.0
191.0
191.0
191.0
191.0
190.0
188.0
191.0
231.0
252.0
243.0
243.0
243.0
243.0
225.0
222.0
199.0
225.0
225.0
199.0
196.0
196.0
170.0
226.0
196.0
196.0
196.0
196.0
196.0
196.0
170.0
222.0
196.0
248.0
248.0
222.0
222.0
248.0
248.0
222.0
222.0
222.0
222.0
222.0
196.0
222.0
170.0
222.0
196.0
196.0
170.0
196.0
196.0
196.0
203.0
666.0
952.0
967.0
1056.0
952.0
952.0
952.0
952.0
914.0
822.0
562.0
432.0
346.0
261.0
268.0
242.0
216.0
216.0
190.0
216.0
203.0
203.0
200.0
382.0
694.0
954.0
958.0
1006.0
928.0
954.0
928.0
933.0
928.0
798.0
538.0
434.0
373.0
295.0
243.0
243.0
217.0
191.0
217.0
191.0
217.0
191.0
243.0
373.0
685.0
919.0
971.0
1049.0
919.0
976.0
950.0
950.0
895.0
794.0
534.0
420.0
368.0
264.0
264.0
238.0
212.0
212.0
238.0
212.0
212.0
186.0
212.0
383.0
680.0
926.0
948.0
992.0
893.0
926.0
919.0
893.0
893.0
737.0
515.0
399.0
312.0
243.0
217.0
243.0
165.0
191.0
165.0
165.0
165.0
175.0
175.0
179.0
227.0
265.0
257.0
239.0
224.0
265.0
239.0
265.0
239.0
239.0
227.0
227.0
227.0
201.0
212.0
160.0
186.0
201.0
188.0
170.0
170.0
186.0
160.0
186.0
186.0
238.0
271.0
264.0
274.0
238.0
238.0
277.0
277.0
234.0
225.0
199.0
225.0
199.0
199.0
173.0
199.0
173.0
187.0
199.0
172.0
172.0
188.0
334.0
666.0
926.0
926.0
1004.0
900.0
952.0
926.0
952.0
900.0
770.0
510.0
451.0
373.0
295.0
269.0
269.0
217.0
217.0
243.0
217.0
191.0
217.0
217.0
385.0
664.0
924.0
976.0
1054.0
950.0
963.0
946.0
937.0
911.0
781.0
521.0
446.0
365.0
313.0
261.0
261.0
209.0
209.0
209.0
209.0
209.0
209.0
209.0
365.0
599.0
911.0
911.0
989.0
911.0
937.0
911.0
911.0
885.0
755.0
495.0
417.0
365.0
287.0
261.0
261.0
209.0
209.0
222.0
222.0
196.0
196.0
248.0
378.0
638.0
924.0
950.0
976.0
924.0
931.0
905.0
905.0
879.0
749.0
515.0
423.0
371.0
293.0
267.0
241.0
214.0
229.0
229.0
255.0
229.0
229.0
255.0
385.0
671.0
931.0
957.0
1009.0
931.0
957.0
957.0
921.0
931.0
757.0
541.0
402.0
350.0
298.0
272.0
255.0
217.0
216.0
190.0
190.0
192.0
183.0
183.0
216.0
220.0
298.0
291.0
324.0
293.0
291.0
291.0
317.0
291.0
265.0
239.0
220.0
246.0
220.0
246.0
168.0
194.0
220.0
220.0
226.0
194.0
194.0
194.0
220.0
246.0
269.0
295.0
347.0
295.0
287.0
269.0
298.0
269.0
283.0
243.0
243.0
243.0
217.0
217.0
165.0
220.0
191.0
221.0
191.0
199.0
200.0
188.0
229.0
607.0
841.0
919.0
919.0
841.0
893.0
893.0
867.0
865.0
737.0
477.0
373.0
359.0
277.0
277.0
251.0
225.0
199.0
225.0
199.0
199.0
225.0
222.0
352.0
612.0
846.0
872.0
898.0
846.0
846.0
846.0
846.0
846.0
710.0
482.0
378.0
334.0
272.0
272.0
246.0
225.0
225.0
225.0
225.0
199.0
225.0
251.0
381.0
641.0
823.0
849.0
927.0
875.0
849.0
875.0
849.0
823.0
718.0
476.0
372.0
320.0
268.0
268.0
242.0
242.0
211.0
216.0
216.0
216.0
242.0
216.0
372.0
632.0
840.0
866.0
918.0
866.0
892.0
840.0
850.0
840.0
710.0
502.0
372.0
320.0
320.0
246.0
238.0
242.0
242.0
212.0
186.0
212.0
219.0
219.0
348.0
666.0
900.0
874.0
954.0
876.0
902.0
850.0
876.0
850.0
721.0
512.0
381.0
329.0
264.0
251.0
251.0
225.0
211.0
211.0
211.0
185.0
226.0
200.0
199.0
193.0
219.0
219.0
219.0
219.0
219.0
219.0
219.0
219.0
227.0
218.0
227.0
202.0
253.0
227.0
175.0
201.0
216.0
216.0
216.0
190.0
190.0
190.0
200.0
190.0
216.0
242.0
269.0
243.0
243.0
217.0
243.0
243.0
217.0
243.0
217.0
243.0
225.0
225.0
173.0
225.0
199.0
199.0
199.0
226.0
200.0
226.0
204.0
668.0
918.0
1006.0
1058.0
954.0
1006.0
954.0
952.0
926.0
796.0
536.0
432.0
380.0
328.0
277.0
242.0
216.0
242.0
242.0
216.0
216.0
216.0
242.0
380.0
684.0
948.0
967.0
1056.0
944.0
978.0
952.0
952.0
926.0
770.0
510.0
405.0
355.0
298.0
246.0
250.0
224.0
224.0
224.0
224.0
250.0
198.0
220.0
352.0
666.0
926.0
952.0
1030.0
952.0
926.0
924.0
919.0
898.0
794.0
561.0
428.0
376.0
298.0
272.0
246.0
225.0
217.0
217.0
217.0
243.0
243.0
217.0
347.0
633.0
919.0
945.0
997.0
945.0
945.0
945.0
945.0
919.0
783.0
529.0
399.0
373.0
295.0
246.0
246.0
246.0
229.0
217.0
220.0
255.0
225.0
220.0
355.0
619.0
957.0
957.0
1009.0
931.0
957.0
931.0
905.0
905.0
792.0
541.0
350.0
272.0
246.0
220.0
272.0
220.0
194.0
220.0
217.0
243.0
191.0
217.0
194.0
199.0
251.0
251.0
251.0
251.0
277.0
277.0
277.0
251.0
240.0
277.0
225.0
251.0
225.0
249.0
173.0
201.0
223.0
223.0
223.0
200.0
219.0
200.0
226.0
223.0
223.0
221.0
220.0
275.0
459.0
381.0
275.0
255.0
249.0
223.0
223.0
249.0
197.0
223.0
223.0
223.0
379.0
639.0
899.0
951.0
1003.0
894.0
925.0
899.0
925.0
899.0
743.0
457.0
379.0
353.0
275.0
249.0
275.0
197.0
223.0
223.0
223.0
223.0
223.0
197.0
249.0
215.0
275.0
275.0
278.0
275.0
272.0
275.0
275.0
249.0
223.0
249.0
249.0
223.0
219.0
232.0
167.0
191.0
219.0
217.0
217.0
217.0
191.0
214.0
191.0
243.0
191.0
219.0
271.0
245.0
219.0
245.0
275.0
249.0
223.0
249.0
249.0
223.0
219.0
223.0
171.0
223.0
223.0
223.0
194.0
223.0
223.0
194.0
204.0
613.0
899.0
899.0
973.0
895.0
895.0
921.0
895.0
869.0
765.0
479.0
401.0
329.0
297.0
245.0
271.0
245.0
222.0
248.0
222.0
222.0
219.0
245.0
378.0
664.0
872.0
867.0
948.0
895.0
895.0
905.0
879.0
879.0
723.0
489.0
375.0
349.0
323.0
271.0
245.0
245.0
208.0
219.0
219.0
193.0
217.0
243.0
347.0
666.0
900.0
900.0
944.0
892.0
892.0
900.0
867.0
853.0
563.0
407.0
355.0
303.0
277.0
225.0
251.0
206.0
206.0
206.0
206.0
206.0
206.0
173.0
197.0
223.0
223.0
249.0
271.0
271.0
245.0
240.0
245.0
245.0
245.0
219.0
253.0
219.0
193.0
193.0
167.0
199.0
167.0
193.0
193.0
193.0
193.0
167.0
193.0
193.0
193.0
193.0
219.0
245.0
245.0
219.0
219.0
245.0
219.0
219.0
201.0
219.0
201.0
167.0
167.0
201.0
167.0
201.0
191.0
201.0
201.0
201.0
175.0
191.0
175.0
197.0
171.0
197.0
171.0
197.0
197.0
197.0
197.0
223.0
197.0
223.0
217.0
197.0
178.0
197.0
171.0
171.0
197.0
197.0
171.0
168.0
197.0
197.0
197.0
171.0
200.0
223.0
197.0
197.0
197.0
197.0
197.0
223.0
223.0
171.0
223.0
171.0
171.0
197.0
171.0
197.0
171.0
171.0
171.0
171.0
197.0
200.0
224.0
223.0
249.0
249.0
225.0
238.0
251.0
251.0
225.0
225.0
199.0
199.0
199.0
199.0
173.0
171.0
197.0
197.0
171.0
171.0
183.0
191.0
197.0
171.0
197.0
197.0
249.0
249.0
223.0
223.0
197.0
197.0
197.0
215.0
223.0
197.0
171.0
196.0
171.0
171.0
171.0
197.0
197.0
176.0
171.0
171.0
171.0
197.0
171.0
197.0
223.0
219.0
197.0
197.0
223.0
223.0
197.0
197.0
197.0
223.0
199.0
173.0
173.0
199.0
173.0
199.0
184.0
186.0
160.0
186.0
165.0
602.0
862.0
862.0
940.0
862.0
888.0
862.0
888.0
862.0
746.0
457.0
379.0
301.0
275.0
249.0
249.0
223.0
223.0
223.0
223.0
197.0
223.0
249.0
353.0
613.0
846.0
899.0
953.0
847.0
907.0
875.0
901.0
875.0
745.0
537.0
392.0
355.0
277.0
277.0
251.0
225.0
225.0
225.0
251.0
229.0
251.0
247.0
329.0
589.0
853.0
873.0
899.0
847.0
873.0
833.0
847.0
849.0
719.0
459.0
381.0
329.0
275.0
267.0
245.0
219.0
193.0
219.0
219.0
193.0
193.0
193.0
193.0
193.0
219.0
243.0
271.0
271.0
245.0
219.0
272.0
246.0
272.0
246.0
249.0
249.0
223.0
197.0
223.0
223.0
197.0
208.0
197.0
197.0
200.0
199.0
181.0
574.0
901.0
901.0
953.0
876.0
927.0
927.0
904.0
904.0
800.0
566.0
462.0
384.0
332.0
280.0
254.0
254.0
254.0
228.0
228.0
202.0
202.0
228.0
332.0
566.0
852.0
904.0
904.0
826.0
878.0
878.0
878.0
852.0
774.0
514.0
436.0
353.0
301.0
275.0
249.0
223.0
223.0
223.0
223.0
223.0
197.0
223.0
327.0
587.0
850.0
899.0
954.0
821.0
902.0
899.0
899.0
873.0
769.0
509.0
431.0
379.0
301.0
275.0
275.0
249.0
223.0
223.0
223.0
223.0
197.0
223.0
327.0
555.0
867.0
893.0
919.0
849.0
901.0
875.0
875.0
842.0
771.0
537.0
407.0
355.0
303.0
277.0
249.0
223.0
223.0
228.0
228.0
228.0
228.0
228.0
332.0
566.0
852.0
878.0
904.0
852.0
826.0
852.0
826.0
826.0
720.0
512.0
379.0
327.0
275.0
249.0
249.0
249.0
223.0
197.0
199.0
211.0
199.0
199.0
199.0
225.0
225.0
217.0
243.0
269.0
243.0
243.0
268.0
242.0
268.0
242.0
242.0
216.0
245.0
219.0
219.0
193.0
219.0
219.0
201.0
201.0
200.0
200.0
201.0
202.0
212.0
228.0
254.0
280.0
254.0
254.0
228.0
254.0
228.0
228.0
228.0
202.0
228.0
228.0
223.0
223.0
197.0
197.0
197.0
223.0
174.0
191.0
201.0
590.0
850.0
928.0
951.0
876.0
886.0
901.0
876.0
876.0
772.0
486.0
382.0
353.0
275.0
249.0
249.0
223.0
223.0
199.0
225.0
199.0
225.0
225.0
355.0
563.0
849.0
927.0
953.0
875.0
901.0
901.0
901.0
875.0
771.0
511.0
407.0
348.0
277.0
242.0
251.0
225.0
225.0
225.0
225.0
217.0
228.0
228.0
384.0
592.0
878.0
930.0
956.0
878.0
904.0
904.0
904.0
878.0
774.0
514.0
410.0
332.0
280.0
251.0
254.0
254.0
254.0
228.0
228.0
226.0
226.0
226.0
356.0
564.0
876.0
893.0
954.0
850.0
902.0
902.0
902.0
876.0
772.0
486.0
408.0
355.0
303.0
277.0
251.0
225.0
251.0
225.0
225.0
225.0
192.0
225.0
329.0
563.0
849.0
901.0
944.0
824.0
902.0
875.0
876.0
876.0
746.0
501.0
381.0
343.0
239.0
213.0
251.0
213.0
173.0
225.0
199.0
199.0
199.0
199.0
187.0
213.0
239.0
273.0
239.0
275.0
249.0
249.0
249.0
213.0
239.0
213.0
223.0
197.0
197.0
223.0
223.0
223.0
197.0
171.0
197.0
223.0
197.0
199.0
197.0
223.0
249.0
239.0
239.0
239.0
237.0
239.0
213.0
239.0
213.0
213.0
213.0
213.0
187.0
204.0
223.0
202.0
187.0
161.0
194.0
197.0
187.0
187.0
197.0
577.0
863.0
863.0
941.0
876.0
889.0
889.0
893.0
918.0
772.0
564.0
434.0
382.0
278.0
243.0
239.0
187.0
187.0
213.0
187.0
232.0
187.0
213.0
317.0
603.0
885.0
889.0
915.0
876.0
863.0
889.0
863.0
889.0
785.0
551.0
447.0
358.0
265.0
239.0
239.0
187.0
213.0
213.0
187.0
213.0
213.0
187.0
343.0
603.0
811.0
863.0
889.0
811.0
876.0
902.0
876.0
847.0
798.0
512.0
460.0
356.0
301.0
233.0
249.0
223.0
223.0
223.0
197.0
234.0
223.0
243.0
355.0
563.0
875.0
901.0
953.0
875.0
901.0
901.0
901.0
875.0
771.0
538.0
407.0
381.0
303.0
273.0
277.0
251.0
225.0
220.0
199.0
225.0
225.0
225.0
329.0
563.0
849.0
901.0
901.0
849.0
875.0
901.0
901.0
875.0
771.0
522.0
407.0
329.0
303.0
271.0
271.0
219.0
219.0
193.0
208.0
219.0
193.0
193.0
205.0
223.0
283.0
257.0
257.0
249.0
239.0
239.0
239.0
239.0
239.0
239.0
213.0
213.0
220.0
213.0
213.0
213.0
213.0
187.0
208.0
230.0
197.0
181.0
205.0
225.0
283.0
239.0
251.0
251.0
265.0
251.0
265.0
265.0
239.0
251.0
242.0
225.0
225.0
225.0
225.0
197.0
205.0
205.0
197.0
172.0
197.0
197.0
204.0
587.0
899.0
899.0
925.0
849.0
873.0
876.0
901.0
873.0
771.0
537.0
433.0
381.0
285.0
233.0
259.0
207.0
222.0
181.0
207.0
207.0
207.0
199.0
311.0
545.0
831.0
879.0
951.0
823.0
876.0
902.0
875.0
875.0
758.0
524.0
446.0
368.0
290.0
245.0
264.0
212.0
238.0
212.0
212.0
200.0
222.0
199.0
355.0
589.0
836.0
875.0
947.0
849.0
875.0
901.0
875.0
875.0
797.0
537.0
416.0
381.0
290.0
264.0
264.0
238.0
212.0
212.0
212.0
212.0
225.0
225.0
359.0
615.0
849.0
875.0
875.0
875.0
823.0
745.0
485.0
381.0
303.0
251.0
251.0
225.0
225.0
225.0
225.0
225.0
225.0
225.0
225.0
355.0
599.0
807.0
849.0
859.0
781.0
859.0
849.0
852.0
807.0
693.0
407.0
329.0
277.0
251.0
225.0
225.0
220.0
220.0
215.0
225.0
219.0
219.0
219.0
187.0
213.0
220.0
220.0
213.0
213.0
213.0
213.0
213.0
213.0
213.0
239.0
213.0
213.0
225.0
199.0
173.0
202.0
199.0
199.0
230.0
225.0
225.0
228.0
358.0
693.0
953.0
953.0
979.0
901.0
953.0
953.0
953.0
927.0
823.0
595.0
433.0
355.0
303.0
277.0
225.0
210.0
213.0
210.0
210.0
236.0
210.0
210.0
340.0
652.0
954.0
954.0
1010.0
928.0
980.0
954.0
972.0
928.0
824.0
564.0
460.0
340.0
304.0
262.0
210.0
252.0
223.0
223.0
223.0
226.0
226.0
226.0
356.0
668.0
954.0
954.0
1006.0
954.0
980.0
954.0
954.0
928.0
798.0
564.0
434.0
356.0
304.0
278.0
213.0
252.0
225.0
212.0
226.0
223.0
226.0
226.0
356.0
668.0
954.0
980.0
1006.0
902.0
954.0
954.0
928.0
928.0
798.0
537.0
447.0
379.0
303.0
251.0
225.0
251.0
223.0
225.0
225.0
225.0
225.0
225.0
355.0
641.0
927.0
953.0
1005.0
901.0
953.0
921.0
928.0
927.0
798.0
563.0
407.0
355.0
303.0
225.0
225.0
225.0
246.0
220.0
225.0
199.0
225.0
199.0
194.0
220.0
246.0
303.0
277.0
257.0
277.0
272.0
272.0
277.0
220.0
272.0
231.0
231.0
231.0
231.0
179.0
231.0
205.0
231.0
222.0
231.0
228.0
202.0
231.0
231.0
257.0
257.0
257.0
283.0
283.0
257.0
257.0
283.0
257.0
283.0
257.0
231.0
231.0
231.0
179.0
231.0
231.0
208.0
231.0
231.0
231.0
222.0
332.0
616.0
928.0
1006.0
1032.0
928.0
954.0
954.0
954.0
954.0
798.0
590.0
460.0
356.0
304.0
277.0
225.0
251.0
256.0
251.0
251.0
249.0
226.0
226.0
376.0
668.0
954.0
980.0
1006.0
928.0
980.0
954.0
928.0
928.0
798.0
538.0
434.0
355.0
304.0
277.0
278.0
255.0
252.0
251.0
226.0
252.0
251.0
226.0
382.0
668.0
928.0
954.0
1006.0
901.0
953.0
953.0
927.0
901.0
815.0
563.0
459.0
381.0
321.0
277.0
277.0
251.0
251.0
251.0
225.0
251.0
251.0
225.0
355.0
589.0
927.0
953.0
940.0
901.0
927.0
901.0
901.0
901.0
804.0
563.0
459.0
355.0
329.0
239.0
277.0
239.0
251.0
213.0
254.0
225.0
225.0
251.0
349.0
611.0
875.0
927.0
953.0
849.0
901.0
901.0
875.0
875.0
745.0
537.0
407.0
355.0
277.0
251.0
277.0
223.0
225.0
225.0
199.0
225.0
225.0
225.0
197.0
223.0
223.0
223.0
249.0
245.0
255.0
252.0
278.0
252.0
234.0
252.0
226.0
252.0
226.0
226.0
174.0
226.0
190.0
226.0
200.0
226.0
226.0
228.0
197.0
226.0
225.0
225.0
251.0
251.0
251.0
251.0
251.0
251.0
251.0
251.0
225.0
251.0
225.0
226.0
173.0
225.0
251.0
225.0
251.0
225.0
225.0
202.0
202.0
589.0
901.0
927.0
963.0
911.0
953.0
937.0
937.0
911.0
781.0
521.0
480.0
391.0
313.0
277.0
284.0
258.0
258.0
258.0
258.0
258.0
232.0
258.0
356.0
596.0
908.0
960.0
980.0
902.0
928.0
928.0
902.0
902.0
772.0
564.0
434.0
382.0
289.0
275.0
275.0
249.0
252.0
223.0
252.0
226.0
252.0
226.0
356.0
590.0
876.0
902.0
954.0
902.0
902.0
902.0
902.0
876.0
772.0
538.0
408.0
356.0
304.0
277.0
246.0
246.0
252.0
220.0
246.0
251.0
222.0
252.0
356.0
590.0
902.0
928.0
954.0
876.0
902.0
902.0
902.0
876.0
755.0
495.0
391.0
341.0
287.0
271.0
246.0
237.0
238.0
211.0
211.0
211.0
211.0
211.0
339.0
547.0
898.0
911.0
937.0
859.0
904.0
885.0
885.0
887.0
755.0
521.0
391.0
341.0
289.0
263.0
246.0
211.0
211.0
211.0
199.0
225.0
225.0
225.0
199.0
213.0
239.0
213.0
246.0
246.0
220.0
251.0
251.0
251.0
251.0
251.0
232.0
251.0
225.0
225.0
173.0
225.0
225.0
225.0
182.0
199.0
199.0
226.0
197.0
223.0
223.0
252.0
278.0
249.0
249.0
275.0
215.0
251.0
251.0
225.0
225.0
251.0
225.0
225.0
173.0
225.0
225.0
199.0
225.0
199.0
225.0
223.0
202.0
589.0
927.0
979.0
979.0
927.0
953.0
953.0
927.0
927.0
797.0
564.0
434.0
330.0
277.0
249.0
249.0
218.0
223.0
223.0
223.0
223.0
197.0
249.0
313.0
625.0
885.0
937.0
937.0
867.0
911.0
911.0
885.0
885.0
771.0
496.0
424.0
355.0
297.0
251.0
245.0
219.0
251.0
251.0
251.0
225.0
251.0
277.0
355.0
384.0
901.0
927.0
953.0
875.0
901.0
887.0
864.0
876.0
746.0
512.0
386.0
375.0
330.0
245.0
278.0
219.0
245.0
219.0
245.0
245.0
219.0
252.0
327.0
616.0
876.0
895.0
928.0
876.0
902.0
876.0
902.0
876.0
762.0
538.0
460.0
372.0
320.0
242.0
268.0
242.0
216.0
216.0
216.0
242.0
242.0
216.0
372.0
606.0
892.0
918.0
944.0
892.0
892.0
892.0
885.0
866.0
755.0
521.0
405.0
346.0
320.0
271.0
271.0
219.0
193.0
219.0
219.0
219.0
219.0
207.0
198.0
251.0
257.0
257.0
257.0
277.0
277.0
277.0
270.0
251.0
251.0
225.0
251.0
225.0
225.0
199.0
173.0
197.0
199.0
199.0
199.0
197.0
197.0
197.0
197.0
225.0
225.0
251.0
251.0
251.0
233.0
265.0
226.0
251.0
239.0
239.0
235.0
213.0
216.0
216.0
164.0
189.0
190.0
216.0
192.0
205.0
183.0
164.0
202.0
583.0
895.0
921.0
973.0
869.0
921.0
921.0
921.0
895.0
791.0
538.0
486.0
375.0
330.0
271.0
271.0
219.0
219.0
220.0
197.0
223.0
197.0
226.0
330.0
564.0
876.0
902.0
902.0
850.0
902.0
859.0
859.0
885.0
771.0
521.0
417.0
350.0
298.0
246.0
272.0
246.0
246.0
220.0
220.0
220.0
225.0
220.0
329.0
563.0
849.0
875.0
902.0
824.0
902.0
876.0
902.0
870.0
772.0
537.0
454.0
376.0
324.0
272.0
272.0
246.0
246.0
220.0
220.0
220.0
220.0
254.0
324.0
558.0
844.0
896.0
922.0
833.0
901.0
901.0
885.0
875.0
755.0
547.0
459.0
381.0
301.0
266.0
275.0
223.0
249.0
223.0
223.0
209.0
197.0
228.0
339.0
570.0
871.0
875.0
899.0
823.0
901.0
875.0
833.0
833.0
719.0
511.0
389.0
349.0
271.0
219.0
271.0
193.0
193.0
219.0
219.0
193.0
193.0
193.0
193.0
193.0
219.0
219.0
245.0
219.0
219.0
245.0
245.0
245.0
283.0
245.0
245.0
219.0
193.0
167.0
167.0
193.0
219.0
193.0
219.0
193.0
205.0
167.0
205.0
193.0
211.0
227.0
200.0
219.0
219.0
219.0
202.0
219.0
219.0
193.0
223.0
225.0
205.0
205.0
167.0
201.0
197.0
197.0
197.0
205.0
167.0
205.0
205.0
197.0
223.0
219.0
219.0
245.0
245.0
245.0
245.0
245.0
219.0
219.0
219.0
219.0
223.0
193.0
167.0
193.0
193.0
193.0
193.0
193.0
193.0
205.0
202.0
583.0
895.0
947.0
947.0
895.0
921.0
947.0
901.0
895.0
791.0
531.0
453.0
349.0
271.0
245.0
271.0
193.0
210.0
220.0
219.0
219.0
194.0
193.0
329.0
615.0
875.0
895.0
927.0
855.0
901.0
895.0
895.0
895.0
739.0
557.0
453.0
349.0
297.0
245.0
271.0
193.0
219.0
193.0
219.0
193.0
219.0
219.0
349.0
564.0
869.0
869.0
953.0
849.0
876.0
876.0
876.0
901.0
745.0
537.0
407.0
355.0
303.0
277.0
277.0
225.0
251.0
199.0
225.0
225.0
199.0
167.0
173.0
173.0
135.0
167.0
167.0
135.0
173.0
135.0
141.0
141.0
155.0
193.0
193.0
193.0
193.0
193.0
193.0
193.0
193.0
167.0
167.0
167.0
167.0
167.0
145.0
167.0
167.0
145.0
145.0
167.0
167.0
167.0
197.0
150.0
507.0
791.0
765.0
777.0
717.0
765.0
754.0
765.0
729.0
635.0
427.0
323.0
275.0
219.0
199.0
147.0
191.0
197.0
171.0
167.0
173.0
173.0
193.0
303.0
537.0
823.0
849.0
849.0
797.0
849.0
823.0
823.0
797.0
693.0
459.0
355.0
300.0
251.0
225.0
251.0
195.0
195.0
195.0
195.0
195.0
157.0
228.0
261.0
521.0
807.0
832.0
885.0
781.0
833.0
807.0
807.0
781.0
677.0
469.0
365.0
349.0
235.0
219.0
245.0
193.0
193.0
193.0
193.0
199.0
157.0
193.0
304.0
538.0
822.0
850.0
895.0
823.0
875.0
846.0
840.0
782.0
693.0
459.0
329.0
286.0
235.0
219.0
239.0
193.0
193.0
193.0
193.0
199.0
156.0
193.0
303.0
538.0
823.0
817.0
869.0
798.0
807.0
824.0
824.0
798.0
694.0
453.0
349.0
285.0
268.0
233.0
241.0
181.0
181.0
181.0
155.0
181.0
157.0
207.0
278.0
538.0
824.0
850.0
883.0
824.0
876.0
849.0
850.0
823.0
719.0
485.0
381.0
277.0
225.0
209.0
243.0
161.0
161.0
161.0
167.0
167.0
157.0
157.0
176.0
193.0
219.0
219.0
193.0
193.0
219.0
219.0
219.0
245.0
219.0
193.0
193.0
167.0
193.0
167.0
167.0
167.0
167.0
167.0
167.0
167.0
167.0
167.0
167.0
193.0
198.0
226.0
226.0
226.0
219.0
219.0
219.0
219.0
219.0
193.0
193.0
193.0
219.0
193.0
171.0
193.0
167.0
193.0
167.0
197.0
167.0
197.0
286.0
505.0
817.0
869.0
916.0
817.0
869.0
843.0
843.0
817.0
719.0
453.0
375.0
297.0
245.0
219.0
245.0
193.0
245.0
245.0
245.0
245.0
245.0
245.0
349.0
512.0
781.0
833.0
869.0
791.0
780.0
755.0
765.0
729.0
651.0
443.0
391.0
349.0
297.0
271.0
271.0
278.0
278.0
304.0
278.0
278.0
304.0
304.0
382.0
512.0
720.0
772.0
850.0
746.0
772.0
772.0
746.0
746.0
671.0
460.0
408.0
349.0
323.0
330.0
297.0
226.0
193.0
219.0
193.0
219.0
193.0
228.0
323.0
531.0
850.0
843.0
928.0
817.0
850.0
841.0
843.0
843.0
713.0
485.0
375.0
323.0
271.0
233.0
219.0
225.0
199.0
220.0
225.0
225.0
225.0
225.0
329.0
563.0
823.0
875.0
927.0
823.0
875.0
875.0
875.0
876.0
714.0
447.0
356.0
278.0
272.0
241.0
219.0
167.0
167.0
165.0
167.0
180.0
176.0
156.0
173.0
187.0
271.0
303.0
303.0
303.0
277.0
265.0
265.0
265.0
265.0
213.0
213.0
187.0
193.0
193.0
167.0
167.0
167.0
167.0
167.0
167.0
167.0
167.0
167.0
193.0
271.0
271.0
297.0
271.0
297.0
297.0
297.0
271.0
271.0
219.0
219.0
193.0
193.0
199.0
167.0
167.0
193.0
193.0
193.0
205.0
205.0
197.0
306.0
485.0
739.0
791.0
843.0
791.0
817.0
817.0
765.0
765.0
661.0
427.0
349.0
297.0
271.0
271.0
230.0
219.0
193.0
219.0
206.0
193.0
201.0
199.0
303.0
537.0
746.0
798.0
850.0
772.0
823.0
798.0
798.0
798.0
694.0
486.0
382.0
323.0
245.0
252.0
220.0
226.0
193.0
226.0
200.0
200.0
189.0
200.0
278.0
512.0
798.0
824.0
902.0
798.0
850.0
824.0
824.0
798.0
694.0
460.0
356.0
297.0
271.0
245.0
219.0
219.0
193.0
193.0
193.0
193.0
193.0
193.0
304.0
512.0
817.0
843.0
921.0
817.0
869.0
843.0
850.0
823.0
719.0
485.0
381.0
343.0
239.0
251.0
225.0
225.0
213.0
199.0
199.0
199.0
199.0
199.0
329.0
589.0
849.0
875.0
927.0
823.0
875.0
849.0
849.0
823.0
719.0
459.0
329.0
277.0
212.0
199.0
173.0
186.0
173.0
173.0
199.0
173.0
173.0
199.0
173.0
186.0
303.0
303.0
303.0
238.0
290.0
290.0
299.0
306.0
271.0
219.0
193.0
193.0
193.0
167.0
167.0
193.0
167.0
167.0
193.0
167.0
167.0
167.0
167.0
193.0
245.0
219.0
245.0
219.0
258.0
245.0
245.0
245.0
219.0
219.0
193.0
193.0
223.0
193.0
167.0
199.0
167.0
199.0
173.0
199.0
173.0
200.0
156.0
564.0
847.0
873.0
954.0
847.0
890.0
876.0
902.0
876.0
746.0
460.0
382.0
297.0
271.0
245.0
219.0
193.0
219.0
193.0
193.0
193.0
193.0
193.0
323.0
564.0
870.0
895.0
947.0
843.0
869.0
902.0
876.0
850.0
739.0
453.0
375.0
297.0
275.0
245.0
219.0
225.0
199.0
197.0
199.0
225.0
199.0
199.0
329.0
563.0
901.0
901.0
953.0
848.0
895.0
891.0
876.0
850.0
720.0
460.0
375.0
297.0
272.0
245.0
245.0
219.0
219.0
219.0
193.0
193.0
193.0
219.0
323.0
557.0
843.0
869.0
947.0
817.0
895.0
895.0
876.0
869.0
719.0
538.0
433.0
350.0
272.0
246.0
246.0
194.0
194.0
194.0
194.0
199.0
174.0
226.0
330.0
564.0
850.0
876.0
927.0
823.0
875.0
875.0
849.0
849.0
719.0
498.0
373.0
321.0
243.0
217.0
243.0
165.0
191.0
191.0
165.0
174.0
165.0
191.0
191.0
191.0
271.0
271.0
297.0
271.0
297.0
295.0
295.0
295.0
269.0
217.0
216.0
217.0
191.0
191.0
165.0
191.0
195.0
165.0
191.0
199.0
173.0
173.0
193.0
193.0
219.0
236.0
245.0
219.0
271.0
271.0
245.0
246.0
219.0
194.0
194.0
194.0
194.0
194.0
168.0
168.0
194.0
192.0
165.0
165.0
165.0
183.0
204.0
555.0
841.0
867.0
953.0
841.0
901.0
875.0
875.0
875.0
719.0
463.0
339.0
295.0
269.0
243.0
243.0
191.0
191.0
191.0
191.0
173.0
191.0
217.0
329.0
563.0
849.0
875.0
953.0
815.0
893.0
901.0
902.0
869.0
739.0
460.0
373.0
295.0
269.0
243.0
243.0
193.0
193.0
193.0
193.0
193.0
193.0
219.0
323.0
609.0
843.0
900.0
945.0
841.0
901.0
901.0
875.0
843.0
713.0
460.0
323.0
272.0
246.0
246.0
246.0
194.0
220.0
194.0
187.0
194.0
194.0
220.0
330.0
616.0
902.0
927.0
980.0
870.0
928.0
902.0
902.0
850.0
746.0
460.0
355.0
297.0
249.0
245.0
246.0
219.0
193.0
225.0
199.0
186.0
199.0
204.0
329.0
563.0
875.0
901.0
927.0
850.0
850.0
772.0
772.0
772.0
590.0
382.0
299.0
271.0
245.0
245.0
247.0
195.0
167.0
167.0
199.0
166.0
166.0
174.0
195.0
221.0
257.0
273.0
247.0
221.0
221.0
247.0
221.0
247.0
221.0
195.0
195.0
169.0
195.0
170.0
167.0
193.0
167.0
167.0
189.0
137.0
167.0
141.0
193.0
219.0
233.0
271.0
271.0
271.0
245.0
219.0
245.0
219.0
193.0
193.0
193.0
225.0
173.0
167.0
173.0
161.0
173.0
199.0
173.0
173.0
173.0
189.0
197.0
563.0
819.0
815.0
901.0
849.0
849.0
849.0
849.0
823.0
693.0
485.0
348.0
296.0
244.0
214.0
244.0
192.0
192.0
192.0
192.0
192.0
218.0
192.0
348.0
548.0
843.0
843.0
921.0
843.0
869.0
843.0
843.0
843.0
687.0
453.0
349.0
297.0
245.0
219.0
246.0
220.0
194.0
194.0
194.0
194.0
194.0
220.0
324.0
558.0
844.0
870.0
948.0
844.0
896.0
870.0
905.0
844.0
714.0
480.0
376.0
298.0
272.0
246.0
246.0
194.0
194.0
219.0
193.0
193.0
219.0
219.0
323.0
557.0
895.0
895.0
947.0
843.0
886.0
895.0
895.0
869.0
713.0
453.0
375.0
323.0
271.0
271.0
245.0
245.0
193.0
219.0
219.0
219.0
193.0
219.0
359.0
606.0
879.0
905.0
957.0
853.0
229.0
219.0
375.0
697.0
879.0
957.0
957.0
927.0
953.0
979.0
979.0
953.0
849.0
641.0
511.0
381.0
277.0
277.0
251.0
251.0
235.0
251.0
251.0
251.0
251.0
225.0
355.0
667.0
953.0
979.0
1005.0
953.0
979.0
979.0
979.0
927.0
823.0
589.0
485.0
381.0
303.0
273.0
247.0
247.0
253.0
244.0
244.0
218.0
244.0
218.0
348.0
634.0
923.0
972.0
991.0
894.0
946.0
956.0
930.0
894.0
790.0
540.0
452.0
374.0
332.0
273.0
247.0
244.0
254.0
244.0
244.0
218.0
254.0
254.0
384.0
644.0
921.0
956.0
947.0
895.0
947.0
921.0
927.0
927.0
771.0
563.0
459.0
381.0
273.0
247.0
247.0
221.0
247.0
221.0
247.0
221.0
221.0
221.0
221.0
247.0
247.0
299.0
273.0
299.0
273.0
273.0
299.0
273.0
247.0
273.0
247.0
247.0
221.0
221.0
221.0
219.0
219.0
219.0
219.0
219.0
228.0
223.0
219.0
219.0
221.0
205.0
221.0
219.0
221.0
219.0
245.0
235.0
219.0
245.0
245.0
219.0
193.0
219.0
224.0
219.0
219.0
193.0
219.0
219.0
182.0
219.0
197.0
635.0
947.0
999.0
999.0
936.0
962.0
962.0
979.0
936.0
843.0
589.0
459.0
355.0
299.0
247.0
247.0
247.0
247.0
247.0
247.0
247.0
247.0
247.0
355.0
637.0
923.0
1001.0
1001.0
901.0
973.0
947.0
927.0
921.0
817.0
557.0
485.0
375.0
323.0
245.0
241.0
241.0
215.0
219.0
219.0
219.0
219.0
215.0
349.0
631.0
943.0
943.0
969.0
917.0
943.0
884.0
932.0
891.0
735.0
501.0
449.0
345.0
267.0
267.0
241.0
241.0
221.0
215.0
221.0
247.0
225.0
225.0
381.0
641.0
901.0
953.0
953.0
875.0
951.0
927.0
895.0
895.0
739.0
505.0
401.0
323.0
271.0
245.0
193.0
219.0
219.0
245.0
219.0
219.0
219.0
219.0
323.0
609.0
843.0
869.0
895.0
817.0
869.0
841.0
774.0
800.0
618.0
410.0
346.0
325.0
247.0
190.0
190.0
221.0
221.0
195.0
247.0
195.0
195.0
221.0
195.0
221.0
221.0
195.0
221.0
195.0
195.0
195.0
221.0
221.0
195.0
195.0
221.0
197.0
195.0
225.0
221.0
195.0
223.0
215.0
195.0
195.0
193.0
193.0
197.0
479.0
635.0
639.0
665.0
661.0
661.0
635.0
615.0
615.0
511.0
407.0
249.0
249.0
223.0
219.0
193.0
197.0
228.0
193.0
219.0
193.0
228.0
195.0
299.0
481.0
585.0
618.0
637.0
618.0
637.0
637.0
673.0
637.0
481.0
403.0
273.0
221.0
221.0
221.0
195.0
195.0
195.0
195.0
221.0
195.0
169.0
183.0
247.0
413.0
533.0
533.0
533.0
507.0
540.0
429.0
325.0
269.0
195.0
168.0
169.0
195.0
169.0
202.0
166.0
166.0
166.0
202.0
156.0
156.0
157.0
185.0
150.0
143.0
169.0
169.0
169.0
169.0
169.0
143.0
169.0
169.0
169.0
169.0
195.0
169.0
169.0
169.0
169.0
195.0
169.0
169.0
169.0
169.0
169.0
166.0
140.0
166.0
169.0
169.0
169.0
169.0
169.0
169.0
169.0
169.0
161.0
169.0
195.0
169.0
169.0
187.0
169.0
143.0
169.0
169.0
169.0
173.0
167.0
167.0
167.0
167.0
167.0
167.0
167.0
143.0
167.0
169.0
143.0
169.0
169.0
169.0
169.0
195.0
169.0
169.0
169.0
169.0
169.0
169.0
138.0
169.0
169.0
143.0
169.0
169.0
143.0
143.0
143.0
169.0
146.0
169.0
143.0
166.0
143.0
166.0
175.0
192.0
166.0
166.0
166.0
166.0
166.0
169.0
169.0
169.0
166.0
166.0
166.0
166.0
140.0
166.0
140.0
166.0
140.0
140.0
140.0
166.0
140.0
166.0
166.0
163.0
166.0
166.0
166.0
166.0
192.0
166.0
192.0
166.0
166.0
140.0
150.0
150.0
176.0
169.0
176.0
176.0
176.0
176.0
176.0
176.0
167.0
176.0
176.0
166.0
166.0
166.0
166.0
166.0
166.0
166.0
166.0
166.0
166.0
166.0
166.0
166.0
166.0
192.0
166.0
166.0
192.0
205.0
166.0
192.0
166.0
192.0
192.0
192.0
166.0
166.0
162.0
166.0
192.0
140.0
192.0
166.0
166.0
166.0
179.0
504.0
646.0
660.0
660.0
660.0
693.0
641.0
667.0
647.0
517.0
413.0
294.0
245.0
245.0
231.0
208.0
219.0
195.0
193.0
193.0
225.0
225.0
195.0
325.0
585.0
849.0
849.0
849.0
797.0
823.0
823.0
823.0
797.0
719.0
455.0
351.0
299.0
273.0
221.0
221.0
221.0
225.0
221.0
195.0
195.0
221.0
221.0
325.0
611.0
845.0
845.0
897.0
819.0
871.0
871.0
871.0
826.0
748.0
481.0
377.0
296.0
244.0
244.0
221.0
218.0
218.0
218.0
218.0
218.0
218.0
221.0
351.0
608.0
813.0
845.0
871.0
800.0
878.0
845.0
852.0
826.0
696.0
410.0
332.0
280.0
254.0
228.0
214.0
228.0
220.0
228.0
228.0
228.0
232.0
228.0
187.0
213.0
213.0
213.0
213.0
223.0
213.0
213.0
211.0
221.0
218.0
244.0
218.0
218.0
218.0
202.0
180.0
202.0
187.0
187.0
232.0
232.0
232.0
211.0
358.0
700.0
935.0
960.0
980.0
902.0
956.0
956.0
956.0
928.0
824.0
590.0
439.0
358.0
306.0
280.0
218.0
218.0
218.0
228.0
211.0
237.0
211.0
208.0
341.0
668.0
954.0
954.0
1006.0
928.0
980.0
954.0
980.0
928.0
824.0
564.0
462.0
358.0
306.0
280.0
228.0
254.0
228.0
224.0
215.0
231.0
226.0
226.0
356.0
668.0
954.0
954.0
1006.0
954.0
980.0
954.0
954.0
915.0
798.0
564.0
431.0
359.0
301.0
280.0
221.0
247.0
221.0
208.0
221.0
221.0
221.0
221.0
351.0
670.0
956.0
982.0
1008.0
904.0
956.0
956.0
930.0
917.0
800.0
540.0
462.0
379.0
291.0
239.0
228.0
254.0
213.0
213.0
219.0
228.0
228.0
213.0
358.0
644.0
930.0
956.0
1008.0
904.0
956.0
930.0
930.0
930.0
800.0
566.0
403.0
351.0
299.0
225.0
221.0
221.0
247.0
221.0
221.0
195.0
221.0
195.0
188.0
221.0
257.0
299.0
273.0
247.0
273.0
259.0
273.0
273.0
221.0
273.0
221.0
216.0
221.0
219.0
169.0
222.0
195.0
219.0
219.0
231.0
208.0
199.0
209.0
231.0
245.0
247.0
247.0
273.0
273.0
247.0
234.0
273.0
247.0
278.0
245.0
223.0
219.0
221.0
167.0
219.0
219.0
225.0
219.0
219.0
219.0
228.0
332.0
616.0
928.0
1006.0
1032.0
928.0
954.0
947.0
954.0
951.0
798.0
590.0
460.0
348.0
296.0
278.0
218.0
244.0
244.0
244.0
244.0
244.0
218.0
219.0
382.0
668.0
954.0
980.0
1006.0
928.0
980.0
954.0
928.0
928.0
798.0
538.0
427.0
349.0
304.0
275.0
275.0
252.0
249.0
249.0
223.0
249.0
257.0
216.0
387.0
673.0
933.0
959.0
1005.0
907.0
959.0
959.0
933.0
907.0
829.0
569.0
465.0
387.0
335.0
283.0
272.0
246.0
254.0
254.0
228.0
254.0
254.0
228.0
348.0
592.0
930.0
956.0
956.0
904.0
930.0
904.0
904.0
901.0
797.0
563.0
459.0
355.0
329.0
247.0
277.0
247.0
251.0
221.0
247.0
221.0
225.0
251.0
355.0
615.0
875.0
927.0
949.0
849.0
901.0
901.0
875.0
875.0
741.0
537.0
403.0
355.0
273.0
247.0
273.0
221.0
221.0
221.0
205.0
219.0
219.0
219.0
193.0
219.0
219.0
219.0
239.0
239.0
239.0
245.0
265.0
246.0
246.0
246.0
220.0
246.0
220.0
220.0
179.0
213.0
194.0
213.0
194.0
220.0
220.0
208.0
199.0
231.0
220.0
220.0
246.0
246.0
246.0
246.0
246.0
246.0
246.0
246.0
220.0
246.0
220.0
220.0
168.0
220.0
246.0
220.0
246.0
220.0
220.0
199.0
199.0
584.0
893.0
919.0
985.0
933.0
945.0
959.0
945.0
933.0
803.0
543.0
491.0
413.0
165.0
168.0
205.0
168.0
168.0
205.0
149.0
168.0
142.0
205.0
231.0
246.0
272.0
272.0
272.0
246.0
220.0
246.0
230.0
194.0
194.0
194.0
231.0
168.0
157.0
168.0
168.0
164.0
201.0
168.0
168.0
161.0
199.0
199.0
563.0
819.0
809.0
902.0
850.0
850.0
850.0
850.0
824.0
694.0
486.0
341.0
304.0
254.0
211.0
252.0
185.0
185.0
185.0
185.0
185.0
226.0
200.0
356.0
564.0
850.0
850.0
928.0
850.0
876.0
850.0
850.0
850.0
694.0
460.0
357.0
305.0
247.0
221.0
247.0
221.0
195.0
195.0
195.0
195.0
201.0
227.0
328.0
565.0
851.0
877.0
955.0
851.0
903.0
877.0
903.0
851.0
721.0
487.0
383.0
305.0
279.0
253.0
253.0
201.0
201.0
227.0
201.0
201.0
227.0
227.0
331.0
565.0
903.0
903.0
955.0
851.0
903.0
903.0
903.0
866.0
721.0
461.0
383.0
331.0
279.0
279.0
253.0
253.0
201.0
227.0
218.0
225.0
199.0
225.0
355.0
615.0
875.0
900.0
952.0
848.0
900.0
900.0
900.0
848.0
720.0
460.0
348.0
270.0
218.0
247.0
247.0
195.0
195.0
200.0
195.0
195.0
195.0
195.0
195.0
247.0
273.0
299.0
299.0
325.0
325.0
325.0
325.0
306.0
247.0
247.0
221.0
221.0
221.0
195.0
169.0
201.0
201.0
201.0
201.0
201.0
201.0
179.0
192.0
253.0
279.0
305.0
305.0
305.0
305.0
305.0
305.0
331.0
279.0
253.0
253.0
214.0
227.0
201.0
175.0
201.0
201.0
194.0
227.0
175.0
201.0
202.0
202.0
591.0
869.0
929.0
1007.0
869.0
947.0
921.0
921.0
895.0
739.0
505.0
375.0
323.0
245.0
219.0
245.0
195.0
193.0
219.0
193.0
192.0
192.0
227.0
331.0
617.0
885.0
903.0
981.0
877.0
903.0
877.0
877.0
877.0
721.0
487.0
383.0
305.0
275.0
253.0
253.0
227.0
201.0
227.0
201.0
227.0
201.0
227.0
331.0
617.0
877.0
903.0
955.0
844.0
895.0
869.0
869.0
843.0
713.0
453.0
375.0
331.0
275.0
275.0
238.0
227.0
405.0
403.0
405.0
393.0
405.0
439.0
460.0
517.0
595.0
569.0
647.0
647.0
595.0
881.0
881.0
881.0
725.0
512.0
351.0
308.0
273.0
247.0
247.0
221.0
195.0
221.0
184.0
210.0
184.0
210.0
340.0
600.0
860.0
886.0
952.0
834.0
860.0
860.0
886.0
834.0
730.0
444.0
340.0
262.0
262.0
210.0
236.0
184.0
184.0
184.0
184.0
193.0
193.0
193.0
219.0
219.0
271.0
271.0
297.0
271.0
297.0
297.0
291.0
297.0
271.0
245.0
219.0
245.0
193.0
167.0
172.0
198.0
172.0
198.0
198.0
205.0
179.0
205.0
198.0
224.0
250.0
276.0
276.0
276.0
276.0
276.0
273.0
276.0
276.0
224.0
224.0
224.0
198.0
198.0
172.0
198.0
198.0
198.0
172.0
172.0
198.0
198.0
202.0
588.0
874.0
900.0
952.0
874.0
926.0
926.0
874.0
874.0
744.0
461.0
383.0
305.0
279.0
253.0
253.0
227.0
227.0
201.0
227.0
201.0
227.0
227.0
357.0
565.0
851.0
877.0
929.0
851.0
874.0
893.0
874.0
848.0
718.0
458.0
380.0
328.0
261.0
250.0
244.0
198.0
224.0
198.0
198.0
198.0
224.0
224.0
331.0
617.0
851.0
877.0
934.0
851.0
877.0
877.0
851.0
851.0
721.0
461.0
383.0
331.0
279.0
253.0
253.0
201.0
227.0
201.0
201.0
201.0
201.0
201.0
331.0
591.0
851.0
851.0
929.0
851.0
903.0
858.0
839.0
851.0
721.0
461.0
331.0
279.0
239.0
213.0
239.0
187.0
187.0
187.0
161.0
187.0
187.0
187.0
305.0
569.0
855.0
858.0
959.0
813.0
869.0
846.0
855.0
829.0
700.0
426.0
322.0
296.0
244.0
218.0
244.0
192.0
166.0
201.0
192.0
166.0
166.0
166.0
220.0
250.0
272.0
272.0
302.0
276.0
302.0
302.0
276.0
250.0
224.0
224.0
198.0
224.0
198.0
198.0
172.0
198.0
172.0
198.0
172.0
172.0
172.0
192.0
179.0
179.0
231.0
205.0
257.0
205.0
223.0
220.0
223.0
223.0
197.0
223.0
197.0
169.0
195.0
169.0
169.0
195.0
195.0
169.0
195.0
169.0
195.0
192.0
166.0
559.0
819.0
845.0
923.0
845.0
871.0
871.0
845.0
845.0
718.0
455.0
377.0
325.0
273.0
247.0
247.0
216.0
192.0
210.0
184.0
185.0
184.0
210.0
288.0
548.0
834.0
834.0
938.0
808.0
886.0
834.0
834.0
808.0
704.0
444.0
340.0
288.0
236.0
210.0
253.0
201.0
201.0
185.0
201.0
201.0
201.0
227.0
305.0
565.0
851.0
825.0
929.0
825.0
877.0
825.0
825.0
825.0
695.0
461.0
337.0
302.0
253.0
253.0
250.0
197.0
181.0
172.0
224.0
172.0
172.0
224.0
303.0
536.0
822.0
822.0
900.0
770.0
848.0
822.0
770.0
805.0
687.0
432.0
349.0
297.0
245.0
245.0
271.0
167.0
193.0
193.0
219.0
193.0
193.0
219.0
297.0
531.0
817.0
843.0
895.0
800.0
852.0
826.0
819.0
800.0
643.0
435.0
314.0
299.0
247.0
210.0
210.0
184.0
210.0
184.0
184.0
184.0
158.0
158.0
210.0
210.0
275.0
303.0
303.0
249.0
303.0
303.0
301.0
301.0
237.0
223.0
228.0
197.0
195.0
225.0
169.0
195.0
169.0
195.0
195.0
169.0
195.0
187.0
197.0
223.0
249.0
275.0
275.0
275.0
275.0
275.0
275.0
249.0
249.0
223.0
223.0
230.0
197.0
197.0
171.0
187.0
197.0
171.0
197.0
171.0
156.0
202.0
334.0
587.0
847.0
846.0
898.0
811.0
846.0
820.0
820.0
794.0
638.0
456.0
352.0
300.0
248.0
248.0
222.0
196.0
196.0
196.0
170.0
196.0
170.0
222.0
326.0
560.0
793.0
820.0
898.0
794.0
819.0
820.0
819.0
785.0
664.0
456.0
343.0
291.0
213.0
213.0
213.0
187.0
187.0
161.0
187.0
187.0
161.0
187.0
317.0
527.0
785.0
846.0
889.0
785.0
846.0
820.0
785.0
794.0
664.0
430.0
326.0
300.0
248.0
213.0
222.0
169.0
196.0
196.0
196.0
196.0
196.0
222.0
326.0
550.0
820.0
872.0
924.0
794.0
872.0
852.0
846.0
820.0
690.0
456.0
378.0
300.0
248.0
228.0
220.0
196.0
170.0
196.0
170.0
196.0
196.0
196.0
300.0
560.0
768.0
820.0
846.0
768.0
820.0
794.0
758.0
768.0
597.0
389.0
311.0
259.0
226.0
181.0
207.0
155.0
167.0
155.0
170.0
170.0
170.0
170.0
170.0
196.0
257.0
248.0
248.0
222.0
242.0
274.0
256.0
222.0
222.0
196.0
196.0
170.0
170.0
170.0
144.0
196.0
170.0
170.0
170.0
144.0
170.0
170.0
170.0
201.0
231.0
233.0
259.0
207.0
259.0
259.0
259.0
259.0
259.0
181.0
155.0
181.0
155.0
155.0
155.0
155.0
155.0
155.0
155.0
149.0
175.0
175.0
159.0
511.0
805.0
814.0
883.0
805.0
877.0
877.0
831.0
831.0
357.0
779.0
377.0
331.0
253.0
227.0
227.0
181.0
181.0
196.0
196.0
196.0
196.0
196.0
300.0
560.0
820.0
841.0
924.0
820.0
872.0
872.0
851.0
825.0
696.0
462.0
384.0
298.0
233.0
228.0
228.0
194.0
194.0
194.0
194.0
202.0
176.0
228.0
306.0
566.0
826.0
852.0
904.0
826.0
852.0
826.0
826.0
800.0
690.0
446.0
349.0
274.0
248.0
248.0
217.0
196.0
196.0
196.0
196.0
186.0
196.0
222.0
287.0
534.0
829.0
833.0
846.0
300.0
846.0
820.0
820.0
820.0
664.0
429.0
351.0
300.0
274.0
222.0
222.0
222.0
196.0
196.0
196.0
196.0
191.0
196.0
300.0
534.0
793.0
820.0
863.0
820.0
832.0
820.0
820.0
794.0
693.0
459.0
340.0
288.0
158.0
199.0
210.0
236.0
184.0
173.0
184.0
184.0
158.0
158.0
158.0
185.0
211.0
263.0
237.0
263.0
263.0
627.0
929.0
981.0
1007.0
929.0
981.0
981.0
981.0
981.0
825.0
591.0
487.0
383.0
331.0
279.0
253.0
247.0
247.0
247.0
247.0
247.0
227.0
253.0
348.0
643.0
923.0
981.0
1007.0
929.0
981.0
982.0
956.0
930.0
800.0
566.0
436.0
384.0
332.0
265.0
239.0
239.0
250.0
213.0
254.0
257.0
257.0
257.0
387.0
670.0
949.0
956.0
1060.0
956.0
1034.0
976.0
982.0
956.0
826.0
566.0
436.0
358.0
306.0
280.0
254.0
234.0
228.0
254.0
254.0
228.0
228.0
254.0
384.0
696.0
956.0
1008.0
1034.0
956.0
982.0
982.0
969.0
982.0
852.0
592.0
436.0
384.0
358.0
280.0
254.0
254.0
254.0
254.0
254.0
254.0
254.0
254.0
384.0
696.0
955.0
1007.0
1033.0
955.0
1033.0
981.0
981.0
955.0
825.0
565.0
409.0
357.0
305.0
279.0
253.0
227.0
253.0
227.0
253.0
227.0
253.0
227.0
383.0
227.0
279.0
305.0
279.0
289.0
267.0
306.0
267.0
306.0
306.0
280.0
280.0
254.0
275.0
278.0
278.0
278.0
278.0
278.0
278.0
252.0
281.0
252.0
200.0
265.0
278.0
278.0
278.0
304.0
304.0
278.0
298.0
278.0
252.0
278.0
252.0
306.0
278.0
252.0
226.0
278.0
278.0
278.0
278.0
278.0
278.0
278.0
278.0
589.0
670.0
968.0
852.0
826.0
852.0
1034.0
878.0
852.0
774.0
566.0
410.0
410.0
332.0
306.0
280.0
280.0
306.0
280.0
306.0
292.0
292.0
266.0
344.0
578.0
812.0
864.0
890.0
786.0
890.0
864.0
864.0
838.0
734.0
552.0
448.0
370.0
318.0
266.0
292.0
270.0
292.0
292.0
292.0
292.0
292.0
266.0
344.0
552.0
838.0
916.0
937.0
902.0
942.0
954.0
902.0
928.0
772.0
564.0
408.0
356.0
327.0
249.0
278.0
226.0
226.0
226.0
252.0
226.0
226.0
226.0
319.0
642.0
954.0
954.0
1006.0
897.0
949.0
949.0
923.0
921.0
825.0
533.0
455.0
383.0
351.0
273.0
273.0
253.0
253.0
253.0
253.0
253.0
227.0
253.0
383.0
669.0
955.0
955.0
1007.0
929.0
981.0
944.0
943.0
929.0
799.0
517.0
403.0
309.0
283.0
247.0
283.0
221.0
221.0
231.0
205.0
205.0
202.0
200.0
174.0
214.0
205.0
188.0
188.0
182.0
162.0
169.0
188.0
188.0
188.0
214.0
188.0
188.0
188.0
188.0
188.0
188.0
162.0
188.0
188.0
188.0
174.0
174.0
201.0
200.0
257.0
226.0
226.0
226.0
224.0
252.0
221.0
252.0
221.0
252.0
221.0
195.0
195.0
195.0
221.0
195.0
195.0
195.0
195.0
195.0
195.0
169.0
187.0
616.0
928.0
1006.0
1032.0
928.0
1006.0
954.0
954.0
980.0
872.0
590.0
455.0
351.0
278.0
247.0
247.0
247.0
221.0
226.0
252.0
226.0
226.0
226.0
356.0
642.0
954.0
962.0
1006.0
954.0
980.0
980.0
980.0
980.0
850.0
590.0
434.0
382.0
304.0
278.0
267.0
244.0
252.0
252.0
226.0
252.0
226.0
226.0
356.0
642.0
954.0
980.0
1006.0
954.0
1006.0
980.0
954.0
928.0
798.0
538.0
389.0
337.0
311.0
259.0
259.0
259.0
278.0
278.0
252.0
252.0
252.0
252.0
356.0
642.0
954.0
980.0
1058.0
954.0
980.0
980.0
980.0
954.0
850.0
590.0
434.0
382.0
293.0
278.0
278.0
278.0
252.0
252.0
252.0
252.0
226.0
226.0
356.0
616.0
954.0
980.0
995.0
954.0
1032.0
980.0
954.0
954.0
824.0
538.0
397.0
345.0
293.0
267.0
241.0
226.0
200.0
226.0
226.0
226.0
226.0
226.0
200.0
252.0
241.0
241.0
278.0
226.0
253.0
275.0
275.0
275.0
268.0
270.0
268.0
233.0
242.0
216.0
216.0
216.0
216.0
216.0
216.0
216.0
242.0
190.0
242.0
205.0
216.0
242.0
278.0
235.0
266.0
268.0
242.0
268.0
242.0
242.0
234.0
242.0
242.0
216.0
216.0
216.0
190.0
216.0
216.0
216.0
216.0
216.0
227.0
632.0
940.0
996.0
893.0
824.0
866.0
876.0
850.0
824.0
694.0
564.0
407.0
298.0
272.0
266.0
246.0
220.0
214.0
240.0
220.0
252.0
226.0
218.0
382.0
694.0
876.0
954.0
954.0
928.0
954.0
980.0
980.0
954.0
850.0
642.0
512.0
376.0
272.0
272.0
246.0
252.0
252.0
252.0
240.0
240.0
240.0
214.0
344.0
656.0
942.0
968.0
994.0
942.0
968.0
968.0
968.0
916.0
812.0
578.0
474.0
370.0
298.0
266.0
240.0
240.0
240.0
240.0
240.0
214.0
240.0
214.0
344.0
630.0
916.0
968.0
994.0
890.0
942.0
942.0
916.0
890.0
786.0
526.0
447.0
370.0
318.0
266.0
240.0
240.0
240.0
240.0
240.0
214.0
240.0
240.0
370.0
630.0
916.0
942.0
942.0
890.0
942.0
916.0
916.0
916.0
760.0
552.0
451.0
370.0
266.0
244.0
244.0
218.0
244.0
214.0
240.0
214.0
214.0
214.0
214.0
240.0
244.0
296.0
270.0
296.0
272.0
270.0
298.0
272.0
246.0
272.0
246.0
246.0
220.0
220.0
220.0
220.0
220.0
220.0
220.0
220.0
220.0
231.0
220.0
220.0
220.0
205.0
220.0
220.0
220.0
220.0
246.0
246.0
220.0
254.0
240.0
214.0
190.0
214.0
214.0
214.0
214.0
188.0
214.0
214.0
188.0
214.0
195.0
630.0
942.0
994.0
994.0
954.0
980.0
980.0
980.0
954.0
838.0
590.0
448.0
344.0
292.0
240.0
240.0
240.0
240.0
240.0
240.0
240.0
237.0
240.0
356.0
646.0
928.0
1006.0
1006.0
902.0
980.0
954.0
912.0
912.0
808.0
548.0
470.0
366.0
314.0
236.0
236.0
236.0
210.0
226.0
213.0
226.0
226.0
226.0
356.0
642.0
954.0
954.0
980.0
928.0
954.0
908.0
928.0
902.0
746.0
512.0
460.0
356.0
278.0
272.0
246.0
252.0
220.0
226.0
226.0
252.0
214.0
214.0
373.0
630.0
890.0
942.0
942.0
864.0
942.0
916.0
890.0
890.0
732.0
504.0
389.0
318.0
266.0
240.0
188.0
214.0
214.0
240.0
214.0
214.0
214.0
214.0
318.0
604.0
838.0
864.0
890.0
812.0
864.0
838.0
760.0
786.0
616.0
408.0
353.0
336.0
258.0
205.0
200.0
232.0
232.0
196.0
258.0
206.0
206.0
232.0
196.0
217.0
222.0
196.0
222.0
196.0
196.0
196.0
222.0
222.0
196.0
196.0
222.0
206.0
206.0
232.0
232.0
206.0
232.0
232.0
206.0
206.0
206.0
196.0
187.0
485.0
648.0
638.0
664.0
674.0
674.0
638.0
622.0
622.0
512.0
414.0
248.0
248.0
222.0
216.0
196.0
196.0
216.0
190.0
216.0
190.0
216.0
190.0
296.0
491.0
578.0
604.0
630.0
604.0
630.0
632.0
658.0
632.0
491.0
396.0
268.0
216.0
214.0
214.0
190.0
188.0
190.0
200.0
216.0
190.0
162.0
188.0
240.0
413.0
526.0
526.0
526.0
506.0
526.0
422.0
318.0
272.0
194.0
179.0
168.0
194.0
175.0
194.0
168.0
168.0
168.0
194.0
168.0
166.0
168.0
205.0
136.0
142.0
168.0
168.0
168.0
168.0
166.0
140.0
166.0
166.0
166.0
166.0
192.0
166.0
166.0
166.0
166.0
192.0
166.0
166.0
166.0
166.0
166.0
166.0
140.0
166.0
166.0
166.0
166.0
166.0
166.0
166.0
166.0
166.0
166.0
166.0
205.0
166.0
166.0
205.0
166.0
140.0
166.0
166.0
166.0
166.0
166.0
166.0
166.0
166.0
166.0
166.0
166.0
142.0
166.0
166.0
142.0
166.0
170.0
166.0
166.0
188.0
168.0
166.0
168.0
162.0
162.0
162.0
145.0
162.0
162.0
145.0
162.0
162.0
145.0
145.0
145.0
162.0
145.0
162.0
145.0
162.0
145.0
162.0
162.0
188.0
162.0
162.0
162.0
162.0
162.0
162.0
162.0
162.0
171.0
158.0
158.0
167.0
145.0
180.0
143.0
170.0
142.0
142.0
142.0
180.0
142.0
158.0
164.0
180.0
158.0
158.0
168.0
876.0
896.0
870.0
756.0
538.0
444.0
366.0
324.0
278.0
262.0
236.0
252.0
207.0
226.0
226.0
226.0
252.0
312.0
564.0
851.0
890.0
916.0
838.0
890.0
890.0
890.0
864.0
760.0
552.0
448.0
370.0
296.0
266.0
266.0
218.0
253.0
214.0
214.0
214.0
188.0
214.0
344.0
552.0
864.0
864.0
890.0
812.0
894.0
868.0
842.0
838.0
712.0
500.0
400.0
348.0
270.0
218.0
270.0
191.0
192.0
218.0
218.0
192.0
192.0
200.0
200.0
192.0
218.0
220.0
244.0
218.0
218.0
244.0
248.0
244.0
270.0
244.0
244.0
225.0
192.0
174.0
166.0
192.0
218.0
192.0
226.0
195.0
188.0
162.0
188.0
188.0
214.0
214.0
188.0
214.0
214.0
218.0
188.0
218.0
218.0
192.0
214.0
214.0
192.0
192.0
166.0
192.0
192.0
192.0
192.0
192.0
162.0
187.0
181.0
188.0
214.0
231.0
214.0
240.0
240.0
240.0
240.0
240.0
214.0
214.0
214.0
214.0
214.0
188.0
166.0
192.0
188.0
188.0
188.0
188.0
188.0
202.0
187.0
578.0
894.0
946.0
942.0
894.0
920.0
946.0
894.0
894.0
786.0
526.0
452.0
344.0
266.0
247.0
266.0
192.0
214.0
214.0
207.0
214.0
188.0
188.0
318.0
604.0
864.0
890.0
916.0
842.0
894.0
894.0
895.0
894.0
738.0
564.0
452.0
337.0
296.0
244.0
270.0
192.0
220.0
200.0
226.0
200.0
226.0
226.0
356.0
565.0
876.0
876.0
954.0
842.0
876.0
868.0
868.0
902.0
738.0
538.0
400.0
348.0
296.0
275.0
270.0
218.0
254.0
192.0
218.0
226.0
200.0
209.0
318.0
578.0
816.0
864.0
902.0
824.0
876.0
824.0
850.0
824.0
720.0
486.0
382.0
330.0
246.0
220.0
278.0
168.0
194.0
200.0
174.0
200.0
200.0
200.0
174.0
226.0
254.0
226.0
242.0
200.0
252.0
245.0
223.0
200.0
245.0
219.0
200.0
200.0
193.0
157.0
167.0
167.0
195.0
174.0
205.0
200.0
181.0
174.0
200.0
229.0
226.0
226.0
226.0
219.0
240.0
188.0
219.0
231.0
188.0
214.0
214.0
214.0
214.0
181.0
167.0
188.0
188.0
188.0
205.0
162.0
188.0
181.0
181.0
578.0
838.0
869.0
871.0
812.0
838.0
838.0
869.0
856.0
700.0
492.0
388.0
336.0
284.0
258.0
258.0
197.0
232.0
232.0
232.0
206.0
188.0
214.0
344.0
578.0
812.0
890.0
916.0
838.0
864.0
895.0
870.0
843.0
760.0
474.0
448.0
370.0
290.0
245.0
271.0
245.0
188.0
214.0
214.0
214.0
188.0
240.0
318.0
552.0
812.0
864.0
890.0
812.0
864.0
838.0
843.0
864.0
708.0
500.0
370.0
370.0
266.0
245.0
273.0
219.0
240.0
214.0
214.0
214.0
214.0
240.0
344.0
588.0
834.0
890.0
916.0
838.0
890.0
890.0
895.0
838.0
760.0
526.0
402.0
350.0
266.0
272.0
246.0
194.0
214.0
240.0
188.0
214.0
214.0
191.0
318.0
552.0
838.0
864.0
890.0
844.0
864.0
841.0
844.0
818.0
726.0
484.0
406.0
354.0
272.0
220.0
246.0
220.0
194.0
224.0
198.0
224.0
198.0
182.0
216.0
250.0
271.0
276.0
336.0
271.0
297.0
271.0
272.0
271.0
245.0
245.0
245.0
219.0
224.0
224.0
172.0
198.0
198.0
198.0
198.0
205.0
198.0
198.0
224.0
224.0
224.0
217.0
217.0
243.0
243.0
217.0
243.0
243.0
243.0
243.0
217.0
217.0
217.0
217.0
165.0
191.0
217.0
207.0
217.0
191.0
217.0
181.0
202.0
607.0
867.0
893.0
945.0
867.0
911.0
893.0
919.0
893.0
789.0
529.0
451.0
347.0
329.0
269.0
243.0
191.0
191.0
191.0
214.0
214.0
214.0
214.0
323.0
604.0
838.0
916.0
942.0
864.0
895.0
895.0
869.0
864.0
786.0
552.0
448.0
349.0
297.0
246.0
256.0
220.0
240.0
214.0
214.0
214.0
214.0
214.0
318.0
604.0
838.0
890.0
916.0
844.0
896.0
864.0
864.0
864.0
760.0
504.0
422.0
370.0
296.0
270.0
244.0
211.0
188.0
226.0
226.0
226.0
226.0
221.0
336.0
616.0
850.0
902.0
934.0
830.0
850.0
850.0
850.0
810.0
720.0
478.0
374.0
322.0
270.0
244.0
244.0
218.0
192.0
192.0
218.0
218.0
188.0
188.0
344.0
656.0
838.0
864.0
890.0
786.0
864.0
864.0
838.0
859.0
723.0
448.0
370.0
318.0
269.0
240.0
243.0
188.0
188.0
188.0
214.0
188.0
188.0
188.0
188.0
214.0
240.0
266.0
283.0
269.0
269.0
269.0
269.0
269.0
243.0
217.0
253.0
191.0
217.0
217.0
165.0
190.0
190.0
190.0
190.0
200.0
188.0
162.0
188.0
216.0
216.0
189.0
216.0
242.0
216.0
242.0
242.0
242.0
242.0
216.0
216.0
219.0
242.0
190.0
164.0
200.0
216.0
190.0
216.0
190.0
190.0
188.0
187.0
580.0
840.0
867.0
892.0
814.0
867.0
841.0
841.0
815.0
740.0
555.0
474.0
357.0
269.0
243.0
243.0
217.0
214.0
214.0
188.0
209.0
188.0
214.0
344.0
578.0
838.0
838.0
864.0
841.0
864.0
864.0
867.0
858.0
763.0
526.0
451.0
370.0
295.0
243.0
243.0
243.0
217.0
214.0
191.0
214.0
214.0
214.0
321.0
578.0
841.0
893.0
902.0
815.0
841.0
864.0
841.0
864.0
734.0
500.0
399.0
344.0
294.0
268.0
242.0
240.0
214.0
188.0
188.0
214.0
188.0
214.0
318.0
604.0
812.0
864.0
864.0
761.0
812.0
812.0
760.0
708.0
604.0
422.0
370.0
292.0
266.0
214.0
240.0
188.0
188.0
188.0
188.0
162.0
162.0
162.0
188.0
162.0
216.0
190.0
190.0
190.0
190.0
190.0
216.0
216.0
216.0
216.0
184.0
190.0
164.0
164.0
164.0
164.0
164.0
190.0
164.0
190.0
164.0
164.0
164.0
190.0
164.0
190.0
190.0
203.0
190.0
190.0
190.0
216.0
190.0
216.0
190.0
190.0
190.0
190.0
164.0
190.0
164.0
188.0
188.0
188.0
136.0
162.0
162.0
162.0
162.0
198.0
162.0
203.0
188.0
188.0
200.0
200.0
200.0
226.0
199.0
200.0
200.0
200.0
168.0
200.0
174.0
200.0
164.0
164.0
200.0
190.0
179.0
580.0
866.0
866.0
892.0
824.0
892.0
876.0
902.0
876.0
772.0
486.0
432.0
354.0
302.0
237.0
250.0
210.0
214.0
214.0
188.0
214.0
215.0
188.0
318.0
604.0
847.0
900.0
926.0
822.0
874.0
895.0
896.0
874.0
796.0
510.0
432.0
344.0
302.0
250.0
239.0
198.0
214.0
214.0
214.0
188.0
188.0
214.0
318.0
612.0
838.0
890.0
916.0
838.0
864.0
892.0
900.0
866.0
734.0
526.0
424.0
344.0
266.0
232.0
240.0
214.0
214.0
214.0
214.0
188.0
188.0
214.0
318.0
630.0
838.0
890.0
890.0
814.0
866.0
890.0
890.0
870.0
760.0
526.0
422.0
344.0
292.0
246.0
270.0
220.0
214.0
188.0
188.0
214.0
214.0
214.0
318.0
578.0
838.0
864.0
896.0
818.0
870.0
896.0
870.0
870.0
745.0
500.0
396.0
344.0
266.0
246.0
266.0
188.0
232.0
188.0
214.0
214.0
214.0
188.0
214.0
214.0
266.0
281.0
270.0
267.0
267.0
294.0
292.0
292.0
240.0
241.0
214.0
240.0
214.0
214.0
172.0
203.0
214.0
188.0
188.0
203.0
198.0
203.0
198.0
198.0
198.0
224.0
244.0
250.0
250.0
224.0
224.0
224.0
224.0
224.0
224.0
236.0
214.0
188.0
165.0
224.0
214.0
191.0
191.0
224.0
203.0
203.0
203.0
578.0
890.0
893.0
942.0
864.0
919.0
916.0
916.0
916.0
760.0
552.0
422.0
370.0
292.0
240.0
266.0
214.0
240.0
214.0
214.0
214.0
214.0
221.0
318.0
604.0
864.0
890.0
916.0
812.0
890.0
894.0
890.0
894.0
734.0
526.0
396.0
356.0
290.0
238.0
264.0
212.0
224.0
226.0
226.0
226.0
226.0
226.0
202.0
247.0
358.0
618.0
878.0
904.0
952.0
822.0
900.0
900.0
874.0
874.0
770.0
526.0
432.0
380.0
302.0
240.0
240.0
214.0
214.0
214.0
214.0
214.0
188.0
247.0
318.0
630.0
848.0
903.0
926.0
848.0
900.0
900.0
900.0
848.0
762.0
536.0
458.0
380.0
302.0
276.0
250.0
224.0
250.0
198.0
224.0
198.0
224.0
221.0
354.0
614.0
836.0
888.0
914.0
838.0
862.0
862.0
836.0
810.0
706.0
446.0
368.0
316.0
264.0
214.0
238.0
223.0
186.0
160.0
186.0
159.0
159.0
185.0
185.0
185.0
211.0
237.0
274.0
237.0
237.0
237.0
263.0
263.0
263.0
211.0
211.0
211.0
188.0
211.0
159.0
185.0
185.0
159.0
166.0
200.0
200.0
159.0
200.0
186.0
212.0
275.0
266.0
238.0
238.0
238.0
238.0
238.0
212.0
238.0
212.0
212.0
212.0
186.0
160.0
198.0
160.0
198.0
198.0
172.0
172.0
200.0
206.0
576.0
888.0
888.0
945.0
893.0
893.0
934.0
893.0
867.0
774.0
555.0
451.0
373.0
295.0
243.0
243.0
217.0
217.0
201.0
217.0
217.0
191.0
214.0
318.0
604.0
838.0
864.0
916.0
823.0
893.0
893.0
838.0
864.0
744.0
526.0
422.0
375.0
290.0
238.0
238.0
212.0
212.0
212.0
212.0
186.0
212.0
216.0
342.0
609.0
888.0
909.0
940.0
836.0
888.0
888.0
888.0
862.0
758.0
524.0
420.0
316.0
264.0
238.0
238.0
212.0
212.0
212.0
186.0
186.0
222.0
212.0
316.0
576.0
888.0
914.0
940.0
836.0
888.0
888.0
888.0
862.0
758.0
590.0
486.0
368.0
304.0
270.0
252.0
226.0
226.0
252.0
214.0
214.0
214.0
214.0
370.0
656.0
864.0
890.0
942.0
868.0
890.0
890.0
894.0
868.0
770.0
536.0
458.0
380.0
328.0
276.0
250.0
224.0
198.0
224.0
198.0
198.0
198.0
195.0
276.0
302.0
354.0
328.0
354.0
328.0
328.0
328.0
354.0
328.0
302.0
276.0
272.0
250.0
250.0
224.0
179.0
198.0
224.0
224.0
188.0
188.0
188.0
232.0
198.0
185.0
250.0
224.0
250.0
266.0
250.0
224.0
250.0
250.0
224.0
250.0
250.0
250.0
224.0
224.0
172.0
198.0
224.0
198.0
224.0
198.0
198.0
230.0
346.0
640.0
900.0
926.0
1030.0
899.0
952.0
952.0
926.0
926.0
799.0
536.0
432.0
379.0
328.0
275.0
250.0
224.0
224.0
224.0
250.0
224.0
224.0
214.0
380.0
640.0
926.0
978.0
1056.0
926.0
952.0
952.0
926.0
926.0
796.0
526.0
456.0
396.0
328.0
256.0
250.0
224.0
224.0
224.0
224.0
224.0
224.0
230.0
380.0
666.0
874.0
952.0
1004.0
900.0
926.0
926.0
926.0
900.0
770.0
536.0
458.0
380.0
334.0
282.0
256.0
230.0
224.0
226.0
224.0
224.0
198.0
224.0
380.0
614.0
900.0
926.0
952.0
848.0
900.0
906.0
900.0
868.0
770.0
510.0
406.0
368.0
316.0
264.0
238.0
212.0
212.0
212.0
238.0
212.0
212.0
212.0
342.0
602.0
862.0
888.0
914.0
810.0
862.0
862.0
862.0
836.0
706.0
472.0
368.0
316.0
264.0
188.0
234.0
186.0
212.0
186.0
212.0
212.0
160.0
188.0
188.0
218.0
266.0
266.0
302.0
295.0
269.0
269.0
243.0
269.0
247.0
217.0
257.0
195.0
217.0
181.0
172.0
198.0
224.0
224.0
224.0
224.0
205.0
228.0
190.0
250.0
276.0
328.0
354.0
328.0
302.0
302.0
276.0
276.0
276.0
236.0
250.0
250.0
224.0
224.0
172.0
188.0
184.0
188.0
188.0
214.0
205.0
205.0
186.0
578.0
890.0
916.0
968.0
902.0
942.0
914.0
916.0
902.0
798.0
538.0
434.0
330.0
278.0
226.0
252.0
200.0
200.0
200.0
226.0
200.0
200.0
198.0
380.0
614.0
848.0
900.0
952.0
874.0
866.0
900.0
888.0
862.0
732.0
498.0
446.0
342.0
264.0
212.0
238.0
212.0
186.0
186.0
212.0
186.0
212.0
212.0
354.0
640.0
873.0
926.0
959.0
848.0
900.0
900.0
926.0
896.0
770.0
510.0
454.0
350.0
272.0
246.0
246.0
220.0
186.0
194.0
185.0
185.0
185.0
211.0
341.0
601.0
887.0
913.0
939.0
861.0
925.0
926.0
913.0
887.0
783.0
523.0
445.0
341.0
263.0
269.0
243.0
217.0
217.0
217.0
217.0
217.0
243.0
240.0
380.0
640.0
926.0
952.0
987.0
900.0
952.0
926.0
900.0
900.0
770.0
510.0
414.0
328.0
276.0
250.0
250.0
224.0
224.0
224.0
198.0
224.0
198.0
224.0
198.0
243.0
243.0
243.0
276.0
269.0
269.0
276.0
243.0
252.0
243.0
218.0
244.0
224.0
224.0
224.0
166.0
198.0
224.0
224.0
198.0
224.0
198.0
230.0
204.0
224.0
250.0
276.0
266.0
266.0
250.0
266.0
266.0
238.0
238.0
238.0
238.0
212.0
186.0
186.0
160.0
186.0
186.0
186.0
186.0
193.0
193.0
217.0
360.0
630.0
919.0
968.0
997.0
942.0
945.0
945.0
945.0
945.0
786.0
552.0
448.0
347.0
292.0
243.0
243.0
217.0
243.0
198.0
250.0
224.0
190.0
224.0
380.0
640.0
926.0
952.0
982.0
900.0
926.0
926.0
900.0
900.0
744.0
540.0
432.0
380.0
302.0
276.0
250.0
224.0
250.0
198.0
224.0
198.0
198.0
224.0
354.0
614.0
848.0
900.0
952.0
848.0
900.0
900.0
900.0
874.0
770.0
510.0
406.0
344.0
302.0
276.0
250.0
224.0
224.0
202.0
228.0
187.0
176.0
228.0
384.0
592.0
904.0
930.0
956.0
878.0
904.0
878.0
904.0
878.0
748.0
462.0
366.0
358.0
306.0
254.0
254.0
228.0
202.0
176.0
202.0
228.0
202.0
202.0
384.0
696.0
852.0
904.0
956.0
867.0
888.0
904.0
904.0
852.0
722.0
458.0
354.0
302.0
214.0
250.0
250.0
198.0
198.0
224.0
203.0
188.0
214.0
188.0
162.0
181.0
181.0
181.0
181.0
207.0
192.0
181.0
207.0
181.0
207.0
207.0
207.0
186.0
212.0
212.0
160.0
186.0
212.0
186.0
186.0
186.0
186.0
193.0
204.0
191.0
217.0
256.0
243.0
243.0
243.0
243.0
217.0
217.0
191.0
217.0
217.0
191.0
191.0
191.0
165.0
217.0
191.0
191.0
198.0
198.0
198.0
193.0
172.0
224.0
198.0
250.0
250.0
230.0
230.0
256.0
256.0
230.0
230.0
230.0
230.0
228.0
202.0
215.0
168.0
228.0
188.0
194.0
178.0
194.0
194.0
188.0
198.0
656.0
942.0
978.0
1056.0
952.0
952.0
952.0
944.0
926.0
822.0
556.0
432.0
354.0
276.0
264.0
250.0
224.0
224.0
198.0
224.0
196.0
198.0
192.0
369.0
682.0
942.0
942.0
994.0
926.0
947.0
926.0
926.0
926.0
796.0
536.0
432.0
384.0
302.0
250.0
250.0
224.0
188.0
214.0
188.0
214.0
188.0
244.0
372.0
682.0
920.0
968.0
1050.0
920.0
968.0
946.0
942.0
890.0
786.0
526.0
426.0
374.0
270.0
270.0
244.0
218.0
230.0
244.0
218.0
218.0
192.0
218.0
370.0
682.0
920.0
946.0
994.0
894.0
932.0
920.0
900.0
900.0
744.0
510.0
403.0
325.0
247.0
221.0
247.0
169.0
195.0
169.0
169.0
169.0
169.0
169.0
172.0
221.0
281.0
247.0
247.0
221.0
273.0
247.0
273.0
247.0
247.0
221.0
221.0
221.0
204.0
221.0
167.0
190.0
199.0
199.0
169.0
169.0
195.0
180.0
195.0
195.0
247.0
273.0
273.0
273.0
247.0
257.0
273.0
273.0
247.0
221.0
195.0
221.0
195.0
195.0
169.0
195.0
164.0
195.0
198.0
172.0
172.0
199.0
334.0
670.0
930.0
930.0
1008.0
904.0
956.0
930.0
956.0
904.0
760.0
500.0
448.0
370.0
306.0
270.0
280.0
228.0
228.0
254.0
228.0
202.0
228.0
228.0
384.0
670.0
930.0
982.0
1060.0
956.0
982.0
946.0
956.0
930.0
800.0
540.0
462.0
930.0
992.0
894.0
894.0
920.0
894.0
878.0
800.0
540.0
384.0
348.0
270.0
244.0
247.0
195.0
195.0
221.0
195.0
195.0
195.0
195.0
195.0
221.0
221.0
221.0
247.0
247.0
219.0
247.0
247.0
221.0
221.0
247.0
221.0
221.0
211.0
195.0
169.0
221.0
195.0
195.0
196.0
221.0
195.0
195.0
195.0
195.0
221.0
247.0
247.0
247.0
247.0
247.0
221.0
247.0
221.0
247.0
251.0
221.0
221.0
221.0
169.0
222.0
221.0
221.0
221.0
195.0
195.0
200.0
204.0
585.0
871.0
957.0
1027.0
923.0
949.0
949.0
923.0
923.0
793.0
526.0
455.0
351.0
273.0
247.0
247.0
221.0
214.0
214.0
214.0
214.0
214.0
240.0
344.0
630.0
890.0
942.0
968.0
890.0
916.0
934.0
890.0
908.0
760.0
500.0
370.0
346.0
266.0
242.0
256.0
216.0
223.0
216.0
229.0
229.0
229.0
221.0
359.0
637.0
905.0
957.0
983.0
905.0
957.0
931.0
931.0
879.0
801.0
515.0
411.0
351.0
299.0
247.0
247.0
221.0
207.0
195.0
221.0
221.0
221.0
221.0
385.0
663.0
931.0
957.0
1009.0
905.0
931.0
931.0
905.0
864.0
734.0
526.0
396.0
344.0
292.0
273.0
247.0
221.0
217.0
191.0
243.0
217.0
217.0
217.0
373.0
607.0
893.0
942.0
968.0
890.0
916.0
890.0
890.0
890.0
760.0
500.0
380.0
350.0
276.0
247.0
247.0
221.0
221.0
221.0
221.0
221.0
207.0
195.0
221.0
221.0
221.0
195.0
247.0
247.0
247.0
221.0
247.0
247.0
221.0
221.0
247.0
221.0
223.0
197.0
166.0
197.0
197.0
197.0
197.0
223.0
229.0
203.0
203.0
229.0
244.0
255.0
281.0
281.0
249.0
281.0
249.0
249.0
223.0
249.0
244.0
223.0
223.0
197.0
171.0
229.0
229.0
197.0
197.0
229.0
218.0
277.0
407.0
613.0
879.0
905.0
957.0
905.0
957.0
957.0
957.0
931.0
827.0
619.0
463.0
379.0
301.0
275.0
249.0
223.0
223.0
223.0
223.0
223.0
220.0
220.0
344.0
630.0
922.0
942.0
994.0
916.0
942.0
916.0
916.0
890.0
786.0
526.0
422.0
376.0
298.0
246.0
254.0
228.0
228.0
228.0
228.0
228.0
228.0
228.0
384.0
644.0
904.0
956.0
982.0
904.0
949.0
930.0
956.0
930.0
800.0
540.0
436.0
351.0
273.0
247.0
247.0
221.0
221.0
228.0
202.0
228.0
228.0
228.0
384.0
631.0
930.0
957.0
1008.0
931.0
957.0
931.0
931.0
905.0
801.0
541.0
463.0
385.0
281.0
255.0
255.0
229.0
229.0
255.0
197.0
229.0
229.0
229.0
369.0
636.0
896.0
942.0
1000.0
890.0
916.0
890.0
916.0
890.0
740.0
448.0
370.0
344.0
266.0
249.0
275.0
188.0
214.0
214.0
214.0
225.0
224.0
197.0
247.0
217.0
275.0
275.0
275.0
275.0
275.0
275.0
275.0
249.0
223.0
249.0
249.0
223.0
218.0
223.0
178.0
197.0
223.0
223.0
223.0
223.0
197.0
223.0
192.0
244.0
192.0
213.0
270.0
249.0
218.0
244.0
270.0
244.0
218.0
244.0
244.0
218.0
218.0
218.0
166.0
218.0
218.0
218.0
192.0
218.0
218.0
190.0
199.0
608.0
907.0
894.0
972.0
894.0
894.0
930.0
904.0
878.0
774.0
489.0
406.0
325.0
299.0
247.0
273.0
247.0
221.0
250.0
221.0
221.0
221.0
247.0
377.0
670.0
878.0
871.0
949.0
897.0
897.0
890.0
864.0
864.0
715.0
481.0
377.0
351.0
325.0
273.0
247.0
247.0
221.0
221.0
221.0
190.0
216.0
242.0
346.0
658.0
892.0
892.0
944.0
892.0
892.0
900.0
874.0
848.0
556.0
406.0
350.0
298.0
272.0
220.0
246.0
205.0
194.0
195.0
195.0
195.0
195.0
164.0
195.0
221.0
221.0
247.0
273.0
273.0
247.0
247.0
247.0
250.0
247.0
221.0
247.0
221.0
195.0
194.0
168.0
194.0
168.0
194.0
194.0
194.0
194.0
168.0
194.0
194.0
194.0
194.0
220.0
247.0
247.0
221.0
221.0
247.0
221.0
221.0
195.0
221.0
195.0
169.0
169.0
195.0
169.0
182.0
193.0
193.0
193.0
193.0
178.0
204.0
178.0
193.0
177.0
203.0
177.0
203.0
203.0
203.0
203.0
229.0
203.0
229.0
229.0
203.0
166.0
195.0
168.0
178.0
195.0
195.0
178.0
169.0
193.0
195.0
195.0
178.0
204.0
221.0
195.0
195.0
195.0
189.0
193.0
219.0
225.0
167.0
219.0
163.0
163.0
197.0
171.0
197.0
178.0
178.0
171.0
178.0
193.0
193.0
215.0
223.0
249.0
249.0
223.0
249.0
249.0
249.0
223.0
223.0
197.0
197.0
192.0
192.0
166.0
166.0
192.0
192.0
166.0
166.0
192.0
193.0
193.0
166.0
192.0
192.0
244.0
244.0
218.0
218.0
192.0
192.0
192.0
218.0
218.0
192.0
166.0
193.0
166.0
166.0
178.0
204.0
192.0
178.0
178.0
178.0
178.0
194.0
171.0
197.0
223.0
223.0
197.0
197.0
223.0
223.0
197.0
190.0
194.0
220.0
194.0
168.0
168.0
194.0
168.0
194.0
194.0
194.0
168.0
194.0
180.0
610.0
870.0
870.0
948.0
870.0
896.0
870.0
896.0
870.0
740.0
454.0
376.0
298.0
275.0
247.0
247.0
221.0
209.0
221.0
221.0
195.0
218.0
244.0
351.0
611.0
852.0
897.0
949.0
845.0
897.0
871.0
907.0
871.0
728.0
543.0
403.0
351.0
273.0
273.0
247.0
221.0
221.0
221.0
247.0
215.0
258.0
241.0
319.0
579.0
839.0
865.0
907.0
855.0
881.0
855.0
855.0
855.0
725.0
465.0
387.0
335.0
272.0
283.0
257.0
227.0
205.0
231.0
231.0
205.0
205.0
204.0
205.0
205.0
219.0
245.0
271.0
283.0
258.0
231.0
283.0
257.0
263.0
257.0
257.0
257.0
231.0
205.0
231.0
231.0
205.0
231.0
205.0
205.0
193.0
193.0
193.0
595.0
907.0
907.0
947.0
881.0
933.0
933.0
907.0
907.0
803.0
569.0
465.0
387.0
335.0
267.0
241.0
257.0
257.0
231.0
231.0
189.0
189.0
215.0
335.0
569.0
855.0
896.0
896.0
829.0
881.0
881.0
870.0
844.0
766.0
506.0
428.0
350.0
298.0
272.0
246.0
220.0
224.0
231.0
231.0
223.0
197.0
229.0
335.0
595.0
855.0
899.0
959.0
829.0
907.0
907.0
908.0
881.0
777.0
517.0
439.0
387.0
309.0
283.0
283.0
257.0
231.0
231.0
218.0
231.0
205.0
231.0
327.0
569.0
881.0
907.0
933.0
855.0
907.0
881.0
881.0
845.0
767.0
533.0
403.0
351.0
299.0
269.0
247.0
221.0
221.0
221.0
223.0
223.0
223.0
223.0
325.0
559.0
838.0
871.0
897.0
845.0
824.0
850.0
824.0
824.0
722.0
517.0
387.0
319.0
267.0
241.0
241.0
241.0
215.0
189.0
189.0
215.0
189.0
189.0
185.0
215.0
215.0
215.0
241.0
267.0
241.0
241.0
267.0
241.0
269.0
238.0
249.0
217.0
243.0
217.0
217.0
191.0
217.0
226.0
200.0
200.0
200.0
195.0
202.0
195.0
220.0
220.0
246.0
272.0
246.0
246.0
220.0
246.0
220.0
220.0
220.0
194.0
220.0
220.0
220.0
220.0
194.0
194.0
199.0
220.0
168.0
206.0
191.0
584.0
844.0
934.0
948.0
882.0
908.0
908.0
882.0
882.0
772.0
479.0
388.0
362.0
284.0
258.0
258.0
232.0
232.0
206.0
232.0
206.0
232.0
232.0
362.0
570.0
856.0
934.0
960.0
882.0
908.0
908.0
908.0
882.0
778.0
511.0
407.0
355.0
277.0
251.0
251.0
225.0
225.0
225.0
225.0
225.0
225.0
226.0
381.0
572.0
875.0
927.0
953.0
875.0
901.0
901.0
901.0
875.0
762.0
511.0
407.0
329.0
277.0
251.0
251.0
251.0
251.0
225.0
225.0
225.0
225.0
226.0
355.0
563.0
875.0
901.0
953.0
844.0
896.0
896.0
896.0
870.0
766.0
480.0
402.0
350.0
298.0
272.0
246.0
220.0
246.0
792.0
659.0
451.0
347.0
295.0
217.0
217.0
217.0
191.0
191.0
160.0
191.0
191.0
165.0
191.0
335.0
543.0
787.0
855.0
907.0
803.0
855.0
829.0
789.0
803.0
673.0
439.0
335.0
309.0
257.0
207.0
225.0
171.0
199.0
199.0
199.0
186.0
199.0
218.0
322.0
556.0
816.0
868.0
920.0
790.0
868.0
842.0
842.0
816.0
686.0
452.0
374.0
307.0
244.0
218.0
218.0
204.0
166.0
192.0
166.0
192.0
192.0
192.0
296.0
556.0
764.0
816.0
850.0
764.0
816.0
790.0
764.0
764.0
608.0
400.0
322.0
270.0
218.0
200.0
218.0
172.0
166.0
166.0
173.0
174.0
174.0
174.0
157.0
200.0
252.0
252.0
252.0
227.0
252.0
271.0
245.0
219.0
221.0
195.0
195.0
169.0
169.0
169.0
143.0
200.0
169.0
169.0
174.0
143.0
174.0
174.0
174.0
195.0
221.0
247.0
273.0
221.0
273.0
273.0
273.0
273.0
273.0
195.0
169.0
199.0
169.0
169.0
171.0
174.0
174.0
174.0
174.0
138.0
174.0
174.0
166.0
511.0
829.0
829.0
907.0
829.0
881.0
881.0
855.0
850.0
356.0
795.0
382.0
319.0
252.0
226.0
217.0
200.0
195.0
200.0
195.0
200.0
200.0
200.0
304.0
564.0
824.0
850.0
928.0
824.0
876.0
875.0
850.0
824.0
694.0
460.0
382.0
304.0
257.0
226.0
226.0
200.0
200.0
200.0
200.0
200.0
174.0
226.0
304.0
564.0
824.0
850.0
898.0
824.0
850.0
824.0
824.0
798.0
694.0
456.0
356.0
278.0
246.0
252.0
226.0
200.0
200.0
200.0
200.0
200.0
200.0
226.0
304.0
538.0
824.0
850.0
850.0
304.0
838.0
824.0
829.0
824.0
660.0
430.0
360.0
296.0
270.0
230.0
229.0
218.0
192.0
192.0
192.0
192.0
192.0
192.0
299.0
530.0
793.0
819.0
871.0
819.0
845.0
819.0
819.0
793.0
689.0
455.0
351.0
299.0
162.0
188.0
221.0
247.0
195.0
169.0
195.0
195.0
169.0
164.0
166.0
195.0
221.0
273.0
247.0
273.0
273.0
247.0
273.0
273.0
270.0
400.0
199.0
270.0
162.0
206.0
166.0
166.0
140.0
204.0
166.0
169.0
147.0
199.0
208.0
204.0
215.0
215.0
234.0
225.0
215.0
241.0
267.0
267.0
260.0
267.0
215.0
147.0
163.0
251.0
157.0
189.0
189.0
189.0
164.0
182.0
303.0
173.0
286.0
284.0
866.0
745.0
359.0
797.0
849.0
823.0
823.0
771.0
667.0
433.0
355.0
277.0
199.0
216.0
224.0
185.0
199.0
199.0
173.0
201.0
204.0
204.0
273.0
518.0
802.0
802.0
880.0
776.0
854.0
828.0
802.0
776.0
620.0
438.0
360.0
282.0
256.0
230.0
230.0
204.0
178.0
204.0
178.0
178.0
178.0
204.0
282.0
516.0
802.0
776.0
854.0
750.0
828.0
776.0
802.0
776.0
620.0
464.0
334.0
308.0
273.0
256.0
230.0
204.0
204.0
178.0
178.0
204.0
167.0
204.0
308.0
542.0
828.0
256.0
880.0
778.0
854.0
828.0
802.0
802.0
672.0
464.0
386.0
318.0
256.0
230.0
230.0
204.0
204.0
178.0
204.0
178.0
204.0
204.0
308.0
516.0
830.0
828.0
887.0
802.0
854.0
828.0
828.0
802.0
672.0
412.0
334.0
282.0
230.0
204.0
230.0
204.0
204.0
178.0
178.0
204.0
178.0
204.0
169.0
197.0
299.0
301.0
327.0
275.0
302.0
301.0
301.0
301.0
301.0
223.0
223.0
197.0
197.0
197.0
171.0
197.0
197.0
171.0
197.0
197.0
171.0
197.0
197.0
223.0
269.0
295.0
334.0
282.0
308.0
334.0
308.0
285.0
282.0
256.0
230.0
230.0
204.0
185.0
178.0
204.0
204.0
178.0
204.0
178.0
204.0
204.0
308.0
535.0
828.0
828.0
906.0
828.0
854.0
854.0
854.0
802.0
664.0
464.0
386.0
308.0
230.0
230.0
230.0
196.0
196.0
170.0
196.0
173.0
196.0
230.0
308.0
542.0
829.0
829.0
881.0
777.0
820.0
854.0
824.0
802.0
698.0
464.0
386.0
334.0
256.0
230.0
230.0
204.0
204.0
203.0
204.0
204.0
198.0
204.0
282.0
516.0
750.0
776.0
854.0
802.0
799.0
802.0
776.0
776.0
620.0
438.0
334.0
282.0
230.0
230.0
178.0
196.0
197.0
188.0
204.0
192.0
166.0
204.0
296.0
478.0
686.0
764.0
738.0
764.0
712.0
738.0
712.0
712.0
608.0
452.0
348.0
322.0
270.0
244.0
192.0
192.0
201.0
196.0
192.0
218.0
166.0
140.0
270.0
153.0
700.0
802.0
812.0
786.0
776.0
750.0
717.0
802.0
646.0
360.0
274.0
256.0
205.0
256.0
196.0
205.0
133.0
170.0
263.0
170.0
251.0
159.0
170.0
196.0
248.0
248.0
274.0
222.0
258.0
248.0
248.0
248.0
222.0
222.0
199.0
196.0
196.0
170.0
170.0
171.0
170.0
170.0
196.0
159.0
199.0
173.0
159.0
168.0
211.0
211.0
237.0
248.0
211.0
211.0
211.0
212.0
185.0
185.0
199.0
159.0
170.0
159.0
159.0
159.0
185.0
159.0
163.0
211.0
173.0
199.0
274.0
189.0
783.0
809.0
861.0
783.0
809.0
809.0
705.0
783.0
664.0
456.0
315.0
289.0
215.0
230.0
204.0
230.0
204.0
230.0
205.0
230.0
152.0
204.0
308.0
958.0
829.0
803.0
855.0
283.0
777.0
794.0
751.0
776.0
646.0
438.0
334.0
308.0
256.0
205.0
194.0
246.0
265.0
256.0
283.0
283.0
257.0
282.0
308.0
517.0
699.0
725.0
725.0
725.0
725.0
725.0
595.0
454.0
517.0
361.0
283.0
283.0
231.0
205.0
204.0
283.0
178.0
178.0
178.0
178.0
178.0
178.0
179.0
178.0
204.0
180.0
204.0
256.0
171.0
204.0
204.0
204.0
178.0
178.0
178.0
178.0
171.0
197.0
145.0
171.0
171.0
145.0
171.0
171.0
145.0
171.0
171.0
171.0
197.0
197.0
223.0
223.0
194.0
199.0
169.0
207.0
197.0
170.0
170.0
191.0
170.0
191.0
139.0
165.0
165.0
165.0
165.0
165.0
139.0
139.0
165.0
165.0
165.0
191.0
191.0
199.0
165.0
185.0
217.0
199.0
165.0
191.0
191.0
165.0
165.0
165.0
139.0
165.0
165.0
139.0
165.0
165.0
165.0
199.0
274.0
509.0
737.0
790.0
829.0
764.0
803.0
816.0
821.0
821.0
664.0
431.0
353.0
327.0
275.0
223.0
257.0
223.0
197.0
197.0
223.0
223.0
223.0
256.0
327.0
594.0
777.0
803.0
855.0
777.0
803.0
881.0
803.0
777.0
645.0
438.0
361.0
308.0
256.0
231.0
204.0
204.0
204.0
194.0
490.0
181.0
256.0
129.0
258.0
258.0
223.0
196.0
233.0
223.0
258.0
675.0
701.0
675.0
606.0
424.0
337.0
285.0
207.0
230.0
196.0
155.0
155.0
180.0
155.0
155.0
155.0
155.0
207.0
197.0
693.0
482.0
805.0
701.0
779.0
779.0
753.0
753.0
623.0
441.0
337.0
285.0
233.0
207.0
181.0
155.0
155.0
181.0
168.0
155.0
181.0
181.0
258.0
465.0
727.0
753.0
805.0
727.0
753.0
753.0
753.0
753.0
675.0
459.0
381.0
329.0
251.0
225.0
199.0
173.0
173.0
199.0
173.0
173.0
199.0
199.0
258.0
438.0
750.0
802.0
854.0
750.0
776.0
776.0
762.0
750.0
646.0
438.0
360.0
282.0
220.0
230.0
204.0
178.0
178.0
178.0
178.0
204.0
178.0
173.0
178.0
199.0
251.0
251.0
277.0
245.0
277.0
277.0
277.0
259.0
207.0
181.0
181.0
184.0
169.0
155.0
155.0
155.0
155.0
155.0
129.0
155.0
181.0
155.0
155.0
181.0
207.0
259.0
259.0
233.0
259.0
259.0
259.0
259.0
233.0
207.0
181.0
155.0
199.0
173.0
173.0
173.0
173.0
173.0
147.0
199.0
147.0
171.0
170.0
430.0
758.0
821.0
899.0
784.0
821.0
821.0
821.0
795.0
717.0
456.0
374.0
348.0
270.0
244.0
192.0
192.0
192.0
166.0
160.0
186.0
160.0
186.0
264.0
178.0
189.0
189.0
176.0
556.0
810.0
836.0
914.0
836.0
862.0
862.0
836.0
839.0
706.0
449.0
368.0
316.0
267.0
242.0
242.0
216.0
190.0
216.0
190.0
190.0
190.0
216.0
294.0
554.0
836.0
840.0
935.0
805.0
883.0
849.0
849.0
823.0
719.0
459.0
355.0
303.0
251.0
225.0
251.0
199.0
199.0
199.0
199.0
199.0
199.0
225.0
290.0
550.0
836.0
810.0
914.0
810.0
862.0
823.0
823.0
823.0
680.0
446.0
342.0
290.0
238.0
238.0
238.0
186.0
186.0
160.0
212.0
160.0
160.0
212.0
290.0
524.0
810.0
810.0
897.0
758.0
836.0
810.0
758.0
810.0
680.0
420.0
342.0
290.0
257.0
239.0
264.0
165.0
186.0
186.0
212.0
204.0
204.0
230.0
308.0
524.0
828.0
854.0
906.0
802.0
854.0
828.0
828.0
802.0
646.0
438.0
334.0
308.0
245.0
212.0
212.0
186.0
212.0
186.0
186.0
188.0
160.0
160.0
221.0
212.0
268.0
290.0
290.0
238.0
290.0
290.0
308.0
290.0
238.0
212.0
219.0
186.0
186.0
212.0
167.0
186.0
160.0
186.0
204.0
178.0
204.0
204.0
204.0
219.0
256.0
282.0
282.0
271.0
271.0
282.0
271.0
245.0
245.0
219.0
219.0
219.0
193.0
193.0
167.0
190.0
193.0
157.0
193.0
167.0
164.0
190.0
332.0
580.0
840.0
840.0
892.0
814.0
840.0
814.0
817.0
788.0
632.0
450.0
346.0
294.0
245.0
245.0
216.0
190.0
191.0
190.0
167.0
190.0
164.0
216.0
320.0
554.0
788.0
814.0
892.0
788.0
817.0
814.0
814.0
788.0
658.0
450.0
346.0
294.0
216.0
216.0
210.0
190.0
190.0
164.0
190.0
189.0
164.0
190.0
320.0
528.0
788.0
840.0
892.0
788.0
840.0
814.0
788.0
784.0
654.0
420.0
316.0
290.0
238.0
212.0
212.0
160.0
186.0
186.0
186.0
186.0
186.0
212.0
316.0
550.0
810.0
862.0
914.0
784.0
862.0
836.0
836.0
810.0
680.0
446.0
382.0
290.0
238.0
212.0
212.0
186.0
160.0
186.0
160.0
206.0
186.0
186.0
290.0
553.0
758.0
823.0
840.0
762.0
814.0
788.0
762.0
762.0
606.0
398.0
320.0
268.0
216.0
190.0
216.0
164.0
164.0
164.0
164.0
164.0
164.0
164.0
164.0
190.0
242.0
242.0
242.0
216.0
242.0
268.0
242.0
216.0
216.0
190.0
190.0
164.0
164.0
164.0
151.0
190.0
164.0
164.0
164.0
138.0
164.0
164.0
164.0
190.0
216.0
242.0
268.0
216.0
268.0
268.0
268.0
268.0
268.0
190.0
164.0
190.0
164.0
164.0
164.0
164.0
164.0
164.0
164.0
149.0
164.0
164.0
170.0
509.0
814.0
814.0
892.0
814.0
866.0
866.0
840.0
840.0
346.0
788.0
372.0
320.0
242.0
216.0
216.0
190.0
190.0
190.0
190.0
190.0
190.0
190.0
294.0
554.0
814.0
840.0
918.0
814.0
866.0
866.0
840.0
824.0
684.0
450.0
372.0
294.0
242.0
216.0
216.0
190.0
190.0
190.0
190.0
190.0
164.0
216.0
294.0
554.0
814.0
840.0
892.0
814.0
845.0
814.0
817.0
788.0
684.0
450.0
346.0
268.0
242.0
242.0
216.0
190.0
190.0
190.0
190.0
190.0
190.0
216.0
294.0
528.0
814.0
840.0
840.0
296.0
831.0
816.0
816.0
828.0
672.0
438.0
348.0
296.0
270.0
218.0
219.0
218.0
192.0
192.0
196.0
195.0
195.0
192.0
297.0
530.0
790.0
816.0
868.0
816.0
846.0
817.0
816.0
790.0
700.0
466.0
348.0
310.0
180.0
189.0
232.0
258.0
206.0
173.0
206.0
206.0
180.0
171.0
180.0
206.0
219.0
284.0
244.0
284.0
277.0
258.0
259.0
284.0
274.0
414.0
206.0
284.0
180.0
196.0
180.0
167.0
151.0
203.0
177.0
170.0
145.0
194.0
229.0
203.0
229.0
229.0
255.0
223.0
219.0
245.0
281.0
281.0
282.0
275.0
229.0
151.0
177.0
255.0
177.0
197.0
203.0
203.0
177.0
196.0
307.0
177.0
285.0
259.0
866.0
738.0
342.0
790.0
837.0
810.0
810.0
758.0
654.0
420.0
342.0
264.0
186.0
218.0
215.0
186.0
186.0
186.0
169.0
182.0
186.0
186.0
264.0
518.0
784.0
784.0
862.0
758.0
836.0
817.0
801.0
765.0
619.0
427.0
359.0
281.0
255.0
218.0
219.0
203.0
177.0
203.0
177.0
177.0
177.0
185.0
281.0
515.0
801.0
775.0
853.0
749.0
827.0
775.0
801.0
775.0
619.0
463.0
333.0
286.0
275.0
239.0
229.0
203.0
203.0
177.0
177.0
203.0
177.0
203.0
307.0
541.0
827.0
255.0
879.0
775.0
853.0
827.0
801.0
801.0
671.0
463.0
385.0
333.0
255.0
229.0
229.0
203.0
203.0
177.0
203.0
177.0
203.0
189.0
307.0
515.0
827.0
827.0
905.0
801.0
846.0
827.0
824.0
801.0
671.0
411.0
333.0
281.0
229.0
181.0
229.0
203.0
203.0
177.0
177.0
203.0
177.0
203.0
160.0
203.0
307.0
292.0
333.0
281.0
307.0
285.0
307.0
307.0
307.0
229.0
229.0
203.0
203.0
185.0
177.0
203.0
203.0
177.0
203.0
203.0
177.0
203.0
203.0
229.0
267.0
296.0
333.0
281.0
307.0
333.0
307.0
307.0
262.0
249.0
223.0
223.0
204.0
204.0
178.0
204.0
204.0
178.0
204.0
178.0
203.0
203.0
308.0
535.0
827.0
827.0
905.0
827.0
842.0
853.0
848.0
801.0
654.0
463.0
385.0
307.0
229.0
229.0
229.0
203.0
203.0
177.0
203.0
177.0
204.0
230.0
292.0
542.0
828.0
828.0
880.0
776.0
821.0
841.0
828.0
802.0
685.0
451.0
373.0
321.0
243.0
217.0
217.0
191.0
191.0
191.0
191.0
191.0
191.0
191.0
269.0
503.0
737.0
763.0
841.0
789.0
789.0
789.0
772.0
763.0
607.0
425.0
321.0
269.0
217.0
217.0
165.0
191.0
191.0
191.0
206.0
191.0
165.0
191.0
295.0
477.0
685.0
763.0
737.0
763.0
711.0
732.0
711.0
711.0
607.0
451.0
347.0
321.0
269.0
243.0
192.0
192.0
192.0
192.0
206.0
218.0
166.0
140.0
264.0
154.0
700.0
802.0
828.0
802.0
764.0
736.0
712.0
784.0
634.0
342.0
270.0
238.0
206.0
238.0
203.0
206.0
151.0
177.0
281.0
177.0
255.0
177.0
177.0
203.0
255.0
255.0
281.0
229.0
255.0
255.0
255.0
255.0
229.0
229.0
197.0
203.0
203.0
177.0
177.0
169.0
177.0
177.0
203.0
177.0
203.0
177.0
177.0
173.0
215.0
229.0
255.0
249.0
229.0
229.0
229.0
229.0
203.0
203.0
203.0
177.0
177.0
177.0
177.0
177.0
203.0
177.0
169.0
229.0
171.0
197.0
281.0
195.0
795.0
820.0
873.0
801.0
827.0
816.0
717.0
801.0
665.0
463.0
333.0
307.0
215.0
229.0
197.0
223.0
197.0
212.0
186.0
212.0
145.0
204.0
290.0
940.0
810.0
784.0
836.0
264.0
756.0
795.0
743.0
769.0
639.0
420.0
327.0
301.0
249.0
194.0
205.0
249.0
268.0
238.0
264.0
275.0
238.0
264.0
290.0
498.0
680.0
706.0
706.0
706.0
706.0
706.0
576.0
446.0
517.0
342.0
264.0
275.0
223.0
206.0
197.0
284.0
169.0
171.0
171.0
171.0
164.0
171.0
171.0
171.0
197.0
171.0
197.0
249.0
171.0
197.0
197.0
197.0
171.0
171.0
171.0
171.0
171.0
197.0
145.0
171.0
171.0
145.0
171.0
171.0
145.0
171.0
171.0
171.0
197.0
197.0
223.0
223.0
197.0
190.0
171.0
223.0
197.0
171.0
171.0
197.0
162.0
197.0
145.0
171.0
171.0
171.0
160.0
171.0
145.0
134.0
160.0
171.0
158.0
187.0
184.0
187.0
158.0
184.0
210.0
184.0
158.0
184.0
184.0
158.0
158.0
158.0
132.0
158.0
158.0
145.0
177.0
158.0
177.0
203.0
281.0
509.0
743.0
782.0
820.0
756.0
795.0
827.0
808.0
808.0
652.0
438.0
340.0
470.0
366.0
340.0
262.0
236.0
236.0
210.0
210.0
184.0
210.0
184.0
214.0
210.0
342.0
550.0
834.0
914.0
938.0
860.0
886.0
888.0
896.0
870.0
766.0
506.0
402.0
350.0
272.0
246.0
246.0
220.0
220.0
220.0
220.0
220.0
225.0
225.0
381.0
589.0
870.0
922.0
953.0
870.0
901.0
896.0
896.0
870.0
766.0
506.0
402.0
324.0
272.0
246.0
246.0
248.0
248.0
222.0
220.0
220.0
212.0
211.0
342.0
558.0
870.0
896.0
948.0
844.0
896.0
896.0
888.0
870.0
758.0
472.0
402.0
350.0
300.0
274.0
248.0
222.0
248.0
220.0
220.0
220.0
186.0
212.0
332.0
550.0
844.0
888.0
948.0
812.0
888.0
876.0
870.0
870.0
740.0
506.0
368.0
350.0
246.0
220.0
246.0
220.0
168.0
220.0
194.0
181.0
194.0
199.0
187.0
220.0
246.0
272.0
246.0
273.0
238.0
246.0
246.0
220.0
246.0
220.0
220.0
186.0
198.0
212.0
212.0
220.0
186.0
160.0
186.0
212.0
186.0
186.0
194.0
220.0
238.0
246.0
246.0
246.0
246.0
246.0
220.0
246.0
220.0
220.0
220.0
220.0
194.0
194.0
220.0
199.0
199.0
173.0
199.0
199.0
199.0
199.0
181.0
589.0
875.0
872.0
953.0
870.0
901.0
901.0
901.0
927.0
771.0
563.0
417.0
381.0
277.0
251.0
248.0
194.0
195.0
220.0
199.0
225.0
186.0
212.0
329.0
613.0
888.0
901.0
914.0
875.0
874.0
901.0
874.0
888.0
797.0
550.0
459.0
353.0
275.0
251.0
249.0
199.0
223.0
223.0
199.0
225.0
225.0
199.0
355.0
615.0
822.0
875.0
900.0
821.0
875.0
901.0
875.0
847.0
797.0
511.0
459.0
353.0
304.0
249.0
250.0
222.0
223.0
223.0
203.0
255.0
212.0
236.0
362.0
548.0
873.0
899.0
940.0
860.0
891.0
900.0
899.0
879.0
770.0
524.0
392.0
378.0
302.0
275.0
274.0
238.0
222.0
218.0
186.0
223.0
214.0
212.0
316.0
561.0
850.0
888.0
904.0
836.0
873.0
888.0
899.0
873.0
757.0
524.0
394.0
327.0
302.0
275.0
275.0
224.0
223.0
186.0
212.0
212.0
186.0
186.0
196.0
210.0
264.0
250.0
238.0
238.0
238.0
238.0
238.0
238.0
238.0
238.0
212.0
212.0
212.0
212.0
212.0
212.0
212.0
186.0
212.0
212.0
186.0
186.0
186.0
212.0
264.0
238.0
238.0
238.0
264.0
238.0
264.0
261.0
238.0
238.0
238.0
212.0
212.0
212.0
212.0
186.0
186.0
186.0
186.0
160.0
186.0
186.0
206.0
576.0
899.0
902.0
926.0
836.0
862.0
862.0
888.0
862.0
758.0
524.0
420.0
375.0
294.0
251.0
277.0
219.0
225.0
186.0
212.0
212.0
212.0
186.0
316.0
554.0
843.0
862.0
947.0
810.0
862.0
888.0
862.0
862.0
762.0
524.0
446.0
372.0
297.0
238.0
264.0
219.0
238.0
212.0
212.0
186.0
212.0
186.0
342.0
576.0
850.0
862.0
940.0
836.0
866.0
888.0
862.0
860.0
784.0
524.0
420.0
368.0
294.0
268.0
271.0
242.0
216.0
212.0
212.0
212.0
212.0
212.0
342.0
602.0
843.0
873.0
940.0
836.0
888.0
892.0
888.0
888.0
758.0
550.0
446.0
368.0
290.0
246.0
268.0
216.0
220.0
212.0
212.0
186.0
186.0
212.0
342.0
576.0
888.0
888.0
940.0
836.0
888.0
888.0
888.0
862.0
758.0
524.0
394.0
329.0
238.0
220.0
277.0
186.0
225.0
225.0
186.0
186.0
199.0
199.0
162.0
213.0
251.0
277.0
251.0
235.0
259.0
277.0
280.0
301.0
303.0
277.0
251.0
225.0
220.0
225.0
225.0
225.0
225.0
225.0
197.0
186.0
186.0
186.0
186.0
232.0
264.0
264.0
264.0
290.0
290.0
329.0
329.0
303.0
303.0
251.0
225.0
225.0
199.0
199.0
225.0
225.0
160.0
186.0
160.0
186.0
186.0
186.0
186.0
561.0
836.0
888.0
914.0
836.0
896.0
914.0
888.0
862.0
758.0
550.0
446.0
346.0
320.0
242.0
238.0
220.0
225.0
225.0
225.0
212.0
212.0
212.0
320.0
554.0
901.0
901.0
953.0
823.0
901.0
901.0
875.0
901.0
771.0
524.0
459.0
346.0
268.0
251.0
239.0
225.0
199.0
225.0
225.0
225.0
225.0
225.0
355.0
563.0
840.0
901.0
918.0
823.0
866.0
888.0
875.0
875.0
771.0
550.0
459.0
381.0
277.0
242.0
242.0
216.0
251.0
225.0
225.0
212.0
212.0
212.0
368.0
584.0
866.0
896.0
940.0
836.0
914.0
888.0
888.0
888.0
784.0
524.0
420.0
386.0
272.0
268.0
242.0
216.0
246.0
246.0
242.0
223.0
186.0
212.0
355.0
550.0
888.0
901.0
940.0
836.0
892.0
902.0
892.0
836.0
732.0
531.0
394.0
342.0
272.0
242.0
246.0
220.0
220.0
220.0
212.0
212.0
186.0
188.0
242.0
264.0
290.0
290.0
342.0
290.0
316.0
320.0
316.0
264.0
264.0
212.0
238.0
238.0
212.0
186.0
212.0
212.0
186.0
186.0
186.0
212.0
186.0
186.0
212.0
186.0
212.0
212.0
238.0
212.0
247.0
238.0
233.0
213.0
238.0
212.0
238.0
212.0
212.0
186.0
212.0
212.0
212.0
212.0
212.0
186.0
212.0
186.0
203.0
576.0
862.0
888.0
940.0
862.0
888.0
888.0
914.0
892.0
758.0
550.0
420.0
342.0
294.0
210.0
238.0
216.0
216.0
186.0
212.0
186.0
212.0
212.0
316.0
602.0
862.0
914.0
940.0
836.0
888.0
898.0
888.0
902.0
758.0
498.0
420.0
342.0
268.0
267.0
242.0
242.0
216.0
212.0
186.0
212.0
160.0
212.0
316.0
524.0
862.0
862.0
888.0
810.0
862.0
875.0
836.0
862.0
758.0
472.0
394.0
358.0
285.0
225.0
246.0
215.0
225.0
225.0
199.0
225.0
225.0
199.0
355.0
563.0
875.0
875.0
953.0
823.0
901.0
870.0
901.0
849.0
745.0
511.0
459.0
381.0
298.0
246.0
242.0
216.0
220.0
186.0
186.0
186.0
194.0
220.0
324.0
550.0
888.0
888.0
914.0
810.0
862.0
810.0
758.0
784.0
628.0
446.0
368.0
316.0
268.0
246.0
238.0
212.0
212.0
186.0
212.0
212.0
186.0
210.0
232.0
210.0
290.0
290.0
316.0
316.0
316.0
316.0
316.0
316.0
290.0
238.0
212.0
238.0
238.0
186.0
212.0
186.0
212.0
186.0
186.0
186.0
186.0
212.0
212.0
186.0
212.0
238.0
243.0
243.0
243.0
243.0
243.0
243.0
243.0
269.0
243.0
217.0
243.0
214.0
212.0
225.0
199.0
225.0
199.0
225.0
199.0
199.0
181.0
589.0
879.0
892.0
983.0
867.0
905.0
905.0
893.0
867.0
789.0
567.0
437.0
373.0
269.0
255.0
243.0
217.0
191.0
217.0
217.0
217.0
217.0
217.0
316.0
581.0
888.0
885.0
940.0
810.0
888.0
893.0
888.0
888.0
758.0
576.0
477.0
347.0
295.0
243.0
243.0
217.0
217.0
191.0
217.0
217.0
217.0
217.0
321.0
628.0
888.0
888.0
953.0
875.0
885.0
901.0
893.0
901.0
771.0
537.0
450.0
355.0
277.0
242.0
277.0
220.0
199.0
225.0
199.0
242.0
191.0
229.0
333.0
619.0
865.0
931.0
940.0
853.0
931.0
905.0
905.0
905.0
775.0
541.0
437.0
346.0
281.0
243.0
268.0
242.0
191.0
212.0
186.0
212.0
212.0
212.0
290.0
555.0
888.0
940.0
940.0
862.0
892.0
888.0
888.0
862.0
732.0
498.0
394.0
316.0
290.0
283.0
264.0
212.0
212.0
186.0
186.0
186.0
186.0
190.0
222.0
212.0
238.0
264.0
290.0
238.0
290.0
264.0
264.0
290.0
246.0
238.0
238.0
212.0
212.0
212.0
212.0
186.0
212.0
186.0
186.0
186.0
186.0
203.0
229.0
229.0
281.0
281.0
281.0
277.0
277.0
277.0
281.0
277.0
281.0
251.0
255.0
229.0
229.0
229.0
229.0
238.0
186.0
212.0
186.0
212.0
212.0
186.0
207.0
576.0
914.0
940.0
914.0
914.0
914.0
784.0
550.0
394.0
342.0
294.0
238.0
212.0
212.0
182.0
212.0
186.0
186.0
212.0
229.0
368.0
628.0
914.0
956.0
992.0
888.0
940.0
914.0
914.0
927.0
784.0
550.0
420.0
342.0
262.0
236.0
210.0
184.0
210.0
186.0
210.0
184.0
212.0
212.0
368.0
628.0
960.0
966.0
1018.0
888.0
940.0
914.0
914.0
888.0
758.0
550.0
420.0
359.0
264.0
236.0
212.0
212.0
186.0
212.0
186.0
186.0
212.0
190.0
184.0
212.0
277.0
290.0
264.0
264.0
290.0
290.0
290.0
264.0
264.0
236.0
212.0
212.0
212.0
186.0
212.0
186.0
186.0
186.0
186.0
186.0
186.0
186.0
186.0
186.0
238.0
238.0
272.0
264.0
272.0
264.0
246.0
264.0
272.0
272.0
220.0
220.0
220.0
186.0
225.0
225.0
206.0
212.0
212.0
186.0
212.0
186.0
184.0
636.0
914.0
992.0
1018.0
940.0
992.0
966.0
947.0
966.0
840.0
524.0
420.0
342.0
264.0
220.0
212.0
223.0
197.0
197.0
212.0
197.0
197.0
212.0
342.0
628.0
940.0
966.0
1022.0
918.0
966.0
966.0
940.0
914.0
814.0
536.0
420.0
342.0
264.0
255.0
212.0
212.0
216.0
186.0
212.0
186.0
186.0
212.0
342.0
628.0
914.0
940.0
1022.0
918.0
992.0
940.0
940.0
914.0
836.0
550.0
427.0
349.0
297.0
245.0
212.0
245.0
193.0
219.0
219.0
219.0
219.0
242.0
368.0
645.0
947.0
992.0
1044.0
940.0
966.0
945.0
914.0
914.0
784.0
524.0
420.0
349.0
264.0
237.0
212.0
219.0
212.0
212.0
212.0
186.0
212.0
183.0
368.0
628.0
914.0
966.0
1022.0
914.0
940.0
922.0
914.0
888.0
784.0
463.0
385.0
307.0
249.0
240.0
229.0
203.0
229.0
229.0
203.0
229.0
203.0
229.0
203.0
220.0
272.0
333.0
307.0
290.0
359.0
350.0
324.0
359.0
333.0
298.0
281.0
246.0
229.0
186.0
212.0
191.0
212.0
212.0
203.0
212.0
196.0
203.0
229.0
229.0
255.0
281.0
281.0
281.0
271.0
271.0
271.0
271.0
245.0
281.0
281.0
229.0
229.0
229.0
229.0
229.0
203.0
229.0
203.0
229.0
203.0
229.0
187.0
635.0
983.0
1009.0
1035.0
958.0
992.0
957.0
983.0
947.0
814.0
593.0
463.0
359.0
294.0
255.0
229.0
229.0
219.0
219.0
229.0
219.0
229.0
252.0
368.0
628.0
940.0
974.0
992.0
914.0
966.0
966.0
940.0
940.0
818.0
550.0
420.0
368.0
298.0
272.0
224.0
220.0
234.0
220.0
220.0
194.0
212.0
248.0
368.0
628.0
940.0
966.0
1000.0
914.0
992.0
966.0
940.0
914.0
810.0
550.0
394.0
350.0
324.0
268.0
212.0
238.0
238.0
212.0
230.0
212.0
238.0
238.0
368.0
628.0
940.0
966.0
1026.0
940.0
940.0
940.0
914.0
914.0
758.0
499.0
446.0
378.0
300.0
238.0
212.0
208.0
219.0
208.0
208.0
208.0
186.0
238.0
368.0
628.0
940.0
940.0
992.0
888.0
952.0
914.0
914.0
888.0
758.0
532.0
394.0
347.0
275.0
217.0
212.0
212.0
191.0
217.0
217.0
191.0
212.0
191.0
191.0
238.0
342.0
342.0
342.0
316.0
347.0
347.0
361.0
342.0
316.0
264.0
243.0
258.0
238.0
212.0
212.0
212.0
212.0
212.0
212.0
212.0
188.0
212.0
186.0
245.0
238.0
323.0
342.0
323.0
349.0
355.0
349.0
355.0
359.0
277.0
251.0
225.0
199.0
177.0
225.0
173.0
179.0
186.0
214.0
173.0
188.0
184.0
206.0
567.0
940.0
992.0
1044.0
914.0
969.0
966.0
940.0
971.0
841.0
602.0
443.0
342.0
264.0
255.0
217.0
191.0
217.0
223.0
191.0
191.0
191.0
212.0
368.0
654.0
914.0
966.0
992.0
914.0
957.0
931.0
931.0
905.0
775.0
515.0
437.0
359.0
281.0
255.0
229.0
203.0
203.0
227.0
203.0
229.0
203.0
229.0
359.0
671.0
957.0
983.0
1035.0
905.0
957.0
957.0
931.0
931.0
801.0
567.0
437.0
359.0
281.0
229.0
229.0
203.0
217.0
191.0
191.0
229.0
203.0
208.0
359.0
645.0
931.0
983.0
1009.0
905.0
960.0
931.0
912.0
905.0
775.0
515.0
385.0
347.0
269.0
255.0
229.0
229.0
217.0
217.0
203.0
243.0
229.0
229.0
385.0
645.0
957.0
957.0
983.0
827.0
905.0
827.0
830.0
801.0
645.0
515.0
385.0
307.0
246.0
246.0
220.0
220.0
220.0
225.0
190.0
225.0
225.0
214.0
214.0
214.0
290.0
394.0
394.0
355.0
407.0
407.0
394.0
368.0
355.0
251.0
223.0
223.0
223.0
199.0
225.0
199.0
197.0
161.0
188.0
171.0
188.0
160.0
197.0
223.0
228.0
338.0
353.0
342.0
353.0
327.0
316.0
316.0
272.0
241.0
241.0
215.0
212.0
212.0
212.0
186.0
186.0
186.0
186.0
186.0
186.0
186.0
358.0
706.0
836.0
862.0
914.0
865.0
865.0
862.0
865.0
836.0
723.0
475.0
345.0
293.0
267.0
241.0
215.0
189.0
189.0
189.0
189.0
189.0
189.0
214.0
342.0
589.0
813.0
839.0
901.0
839.0
839.0
820.0
813.0
787.0
654.0
449.0
319.0
293.0
267.0
241.0
215.0
241.0
215.0
215.0
221.0
212.0
212.0
255.0
342.0
584.0
810.0
784.0
836.0
810.0
784.0
784.0
784.0
771.0
550.0
394.0
319.0
293.0
241.0
264.0
215.0
225.0
225.0
225.0
199.0
225.0
225.0
229.0
342.0
563.0
745.0
758.0
758.0
745.0
706.0
732.0
693.0
654.0
537.0
371.0
293.0
241.0
215.0
229.0
215.0
186.0
189.0
215.0
189.0
215.0
189.0
222.0
316.0
472.0
602.0
628.0
654.0
657.0
645.0
602.0
579.0
553.0
492.0
345.0
267.0
229.0
196.0
200.0
215.0
189.0
163.0
189.0
189.0
189.0
186.0
196.0
290.0
369.0
501.0
475.0
475.0
446.0
368.0
293.0
215.0
189.0
163.0
163.0
163.0
163.0
163.0
163.0
232.0
163.0
163.0
171.0
163.0
165.0
177.0
163.0
163.0
137.0
137.0
137.0
137.0
163.0
137.0
137.0
137.0
137.0
137.0
163.0
163.0
163.0
163.0
163.0
177.0
137.0
163.0
172.0
163.0
163.0
163.0
137.0
137.0
137.0
137.0
163.0
163.0
137.0
138.0
137.0
137.0
163.0
163.0
163.0
145.0
163.0
163.0
137.0
163.0
163.0
137.0
163.0
163.0
156.0
156.0
133.0
130.0
180.0
156.0
130.0
130.0
156.0
156.0
156.0
130.0
156.0
156.0
163.0
163.0
137.0
163.0
163.0
163.0
137.0
163.0
163.0
137.0
163.0
163.0
130.0
137.0
137.0
163.0
130.0
156.0
130.0
156.0
156.0
130.0
156.0
130.0
156.0
156.0
156.0
156.0
156.0
130.0
156.0
163.0
163.0
163.0
163.0
162.0
131.0
163.0
137.0
163.0
163.0
137.0
170.0
137.0
137.0
163.0
129.0
163.0
163.0
163.0
163.0
163.0
163.0
163.0
163.0
137.0
163.0
137.0
163.0
137.0
137.0
163.0
137.0
163.0
137.0
137.0
163.0
137.0
177.0
163.0
163.0
163.0
163.0
163.0
163.0
163.0
163.0
163.0
137.0
163.0
137.0
163.0
137.0
163.0
137.0
163.0
163.0
163.0
137.0
163.0
177.0
163.0
203.0
163.0
163.0
163.0
163.0
163.0
163.0
163.0
167.0
137.0
163.0
163.0
156.0
156.0
156.0
156.0
156.0
135.0
489.0
598.0
624.0
650.0
650.0
624.0
598.0
546.0
546.0
449.0
293.0
269.0
215.0
213.0
187.0
213.0
189.0
189.0
163.0
163.0
189.0
241.0
189.0
293.0
579.0
787.0
813.0
865.0
787.0
813.0
813.0
787.0
787.0
631.0
371.0
293.0
241.0
215.0
215.0
215.0
189.0
187.0
187.0
187.0
187.0
213.0
213.0
316.0
628.0
810.0
862.0
914.0
837.0
862.0
888.0
902.0
862.0
702.0
446.0
317.0
280.0
215.0
187.0
213.0
187.0
187.0
187.0
187.0
213.0
784.0
558.0
454.0
343.0
291.0
239.0
239.0
226.0
239.0
213.0
213.0
215.0
215.0
215.0
317.0
605.0
839.0
891.0
917.0
839.0
891.0
865.0
865.0
865.0
761.0
506.0
423.0
371.0
291.0
265.0
241.0
215.0
205.0
215.0
215.0
215.0
215.0
215.0
319.0
605.0
839.0
891.0
917.0
813.0
839.0
839.0
839.0
813.0
709.0
484.0
371.0
319.0
267.0
241.0
241.0
215.0
189.0
189.0
215.0
215.0
189.0
189.0
345.0
657.0
839.0
865.0
891.0
787.0
865.0
865.0
839.0
865.0
709.0
449.0
371.0
336.0
267.0
241.0
241.0
189.0
189.0
189.0
215.0
189.0
189.0
189.0
196.0
215.0
241.0
267.0
265.0
267.0
267.0
267.0
267.0
265.0
239.0
215.0
241.0
189.0
215.0
215.0
163.0
189.0
189.0
189.0
189.0
189.0
189.0
163.0
189.0
215.0
215.0
189.0
215.0
241.0
215.0
239.0
239.0
239.0
239.0
223.0
213.0
213.0
239.0
187.0
161.0
189.0
215.0
189.0
215.0
189.0
189.0
189.0
187.0
579.0
853.0
865.0
891.0
813.0
865.0
839.0
839.0
811.0
735.0
553.0
475.0
345.0
265.0
241.0
241.0
215.0
215.0
215.0
189.0
215.0
189.0
215.0
345.0
579.0
839.0
852.0
865.0
839.0
865.0
865.0
865.0
865.0
761.0
543.0
449.0
371.0
302.0
250.0
250.0
250.0
224.0
224.0
198.0
224.0
215.0
215.0
328.0
588.0
839.0
900.0
891.0
813.0
839.0
865.0
839.0
865.0
735.0
501.0
406.0
354.0
302.0
276.0
250.0
250.0
224.0
189.0
198.0
224.0
198.0
224.0
328.0
614.0
822.0
874.0
865.0
761.0
813.0
813.0
761.0
709.0
605.0
423.0
371.0
293.0
276.0
215.0
241.0
189.0
189.0
189.0
189.0
163.0
163.0
171.0
196.0
163.0
215.0
189.0
189.0
189.0
189.0
189.0
215.0
209.0
215.0
215.0
188.0
189.0
176.0
163.0
163.0
163.0
163.0
190.0
163.0
189.0
163.0
163.0
163.0
189.0
163.0
189.0
189.0
189.0
189.0
189.0
189.0
215.0
189.0
215.0
189.0
189.0
189.0
189.0
163.0
189.0
163.0
189.0
189.0
189.0
137.0
163.0
163.0
163.0
163.0
189.0
163.0
189.0
190.0
189.0
189.0
189.0
189.0
215.0
189.0
189.0
189.0
189.0
163.0
189.0
163.0
189.0
163.0
163.0
189.0
189.0
177.0
593.0
862.0
862.0
891.0
813.0
899.0
865.0
891.0
871.0
761.0
475.0
423.0
345.0
293.0
241.0
250.0
224.0
224.0
215.0
189.0
215.0
215.0
189.0
319.0
614.0
848.0
890.0
926.0
813.0
865.0
891.0
891.0
865.0
787.0
501.0
423.0
345.0
293.0
241.0
241.0
189.0
215.0
215.0
215.0
189.0
189.0
215.0
319.0
605.0
839.0
900.0
917.0
839.0
868.0
891.0
891.0
865.0
735.0
527.0
432.0
354.0
276.0
224.0
250.0
224.0
224.0
224.0
215.0
189.0
198.0
224.0
328.0
631.0
848.0
893.0
900.0
822.0
865.0
891.0
891.0
865.0
761.0
527.0
423.0
354.0
302.0
250.0
276.0
224.0
224.0
189.0
189.0
215.0
215.0
215.0
328.0
579.0
839.0
865.0
891.0
813.0
865.0
891.0
865.0
865.0
735.0
501.0
397.0
345.0
267.0
241.0
267.0
189.0
215.0
189.0
215.0
215.0
215.0
189.0
215.0
215.0
267.0
259.0
267.0
267.0
267.0
293.0
303.0
293.0
250.0
241.0
215.0
241.0
215.0
215.0
163.0
189.0
215.0
186.0
186.0
186.0
186.0
186.0
186.0
189.0
189.0
215.0
241.0
241.0
241.0
215.0
215.0
215.0
215.0
215.0
215.0
241.0
215.0
189.0
163.0
215.0
215.0
189.0
189.0
215.0
189.0
189.0
187.0
579.0
888.0
891.0
943.0
865.0
929.0
917.0
917.0
917.0
761.0
553.0
423.0
371.0
293.0
250.0
276.0
224.0
250.0
215.0
215.0
215.0
215.0
215.0
319.0
614.0
865.0
891.0
927.0
823.0
901.0
901.0
901.0
901.0
745.0
537.0
407.0
354.0
302.0
250.0
276.0
224.0
224.0
215.0
215.0
215.0
215.0
215.0
319.0
605.0
865.0
865.0
917.0
805.0
865.0
891.0
839.0
865.0
735.0
501.0
371.0
345.0
267.0
241.0
267.0
215.0
189.0
215.0
215.0
215.0
189.0
215.0
345.0
605.0
839.0
865.0
917.0
839.0
891.0
891.0
891.0
839.0
709.0
501.0
423.0
345.0
267.0
250.0
276.0
215.0
215.0
223.0
215.0
189.0
189.0
215.0
371.0
579.0
839.0
891.0
917.0
813.0
865.0
865.0
865.0
865.0
718.0
501.0
371.0
354.0
276.0
276.0
276.0
224.0
215.0
215.0
215.0
215.0
215.0
215.0
222.0
267.0
293.0
302.0
354.0
276.0
302.0
302.0
304.0
293.0
276.0
215.0
215.0
215.0
189.0
215.0
163.0
173.0
199.0
225.0
199.0
199.0
225.0
193.0
199.0
215.0
241.0
267.0
267.0
241.0
241.0
267.0
267.0
267.0
252.0
246.0
241.0
215.0
215.0
215.0
163.0
189.0
225.0
199.0
199.0
215.0
189.0
197.0
187.0
579.0
917.0
917.0
943.0
863.0
917.0
917.0
917.0
865.0
761.0
527.0
449.0
328.0
304.0
250.0
250.0
224.0
224.0
250.0
225.0
215.0
215.0
215.0
345.0
631.0
865.0
891.0
917.0
823.0
891.0
901.0
891.0
865.0
761.0
501.0
423.0
371.0
302.0
250.0
250.0
224.0
241.0
241.0
215.0
215.0
189.0
241.0
345.0
622.0
865.0
891.0
943.0
813.0
891.0
891.0
865.0
868.0
761.0
527.0
423.0
376.0
302.0
252.0
252.0
215.0
215.0
225.0
225.0
225.0
199.0
251.0
330.0
641.0
850.0
901.0
927.0
849.0
901.0
901.0
901.0
849.0
771.0
537.0
459.0
381.0
304.0
278.0
243.0
215.0
241.0
189.0
215.0
189.0
215.0
215.0
345.0
605.0
839.0
901.0
927.0
849.0
875.0
875.0
849.0
823.0
719.0
449.0
371.0
330.0
278.0
226.0
241.0
215.0
189.0
163.0
189.0
163.0
163.0
189.0
188.0
189.0
215.0
241.0
261.0
241.0
241.0
241.0
267.0
267.0
267.0
215.0
215.0
215.0
189.0
215.0
163.0
189.0
189.0
163.0
163.0
189.0
189.0
172.0
199.0
198.0
224.0
276.0
281.0
250.0
250.0
250.0
250.0
250.0
224.0
235.0
224.0
224.0
224.0
203.0
172.0
198.0
172.0
198.0
183.0
172.0
172.0
199.0
187.0
579.0
897.0
897.0
943.0
902.0
904.0
917.0
891.0
865.0
761.0
553.0
449.0
371.0
293.0
257.0
250.0
224.0
224.0
189.0
215.0
215.0
189.0
215.0
319.0
599.0
842.0
865.0
917.0
813.0
891.0
891.0
839.0
865.0
735.0
527.0
423.0
369.0
293.0
241.0
241.0
215.0
215.0
215.0
215.0
182.0
215.0
215.0
345.0
618.0
891.0
917.0
943.0
839.0
891.0
891.0
891.0
865.0
761.0
527.0
422.0
319.0
276.0
250.0
241.0
215.0
215.0
215.0
189.0
189.0
215.0
215.0
319.0
589.0
901.0
927.0
953.0
849.0
901.0
901.0
901.0
875.0
771.0
589.0
475.0
382.0
303.0
276.0
250.0
225.0
225.0
251.0
225.0
225.0
225.0
225.0
381.0
667.0
875.0
901.0
953.0
865.0
891.0
891.0
891.0
874.0
770.0
537.0
458.0
380.0
328.0
276.0
250.0
224.0
198.0
224.0
198.0
199.0
199.0
199.0
281.0
303.0
355.0
328.0
354.0
328.0
326.0
328.0
354.0
328.0
302.0
276.0
276.0
250.0
250.0
215.0
163.0
189.0
219.0
215.0
203.0
206.0
203.0
232.0
189.0
189.0
241.0
215.0
241.0
267.0
250.0
225.0
250.0
250.0
224.0
250.0
250.0
250.0
214.0
225.0
173.0
203.0
224.0
198.0
224.0
198.0
198.0
229.0
358.0
631.0
900.0
926.0
1021.0
900.0
952.0
952.0
926.0
926.0
795.0
537.0
432.0
380.0
328.0
276.0
250.0
224.0
224.0
224.0
250.0
224.0
224.0
224.0
380.0
640.0
193.0
271.0
297.0
297.0
297.0
297.0
297.0
297.0
293.0
272.0
245.0
219.0
219.0
219.0
181.0
167.0
193.0
193.0
193.0
193.0
167.0
193.0
185.0
167.0
193.0
219.0
219.0
245.0
271.0
245.0
245.0
250.0
219.0
243.0
219.0
219.0
245.0
219.0
219.0
167.0
193.0
193.0
193.0
193.0
219.0
193.0
183.0
199.0
583.0
884.0
921.0
999.0
947.0
947.0
947.0
910.0
895.0
791.0
557.0
453.0
323.0
271.0
245.0
245.0
245.0
219.0
193.0
219.0
219.0
196.0
219.0
349.0
609.0
921.0
947.0
999.0
921.0
973.0
973.0
947.0
947.0
843.0
531.0
453.0
349.0
297.0
245.0
245.0
219.0
219.0
219.0
219.0
219.0
219.0
245.0
375.0
605.0
947.0
995.0
1047.0
943.0
995.0
969.0
943.0
943.0
787.0
527.0
423.0
349.0
297.0
271.0
241.0
241.0
215.0
215.0
215.0
215.0
241.0
215.0
371.0
631.0
917.0
943.0
1047.0
943.0
943.0
938.0
943.0
917.0
817.0
527.0
427.0
375.0
323.0
245.0
245.0
245.0
219.0
219.0
219.0
219.0
245.0
245.0
375.0
635.0
947.0
973.0
1025.0
947.0
947.0
947.0
947.0
921.0
817.0
531.0
431.0
349.0
325.0
245.0
245.0
219.0
245.0
193.0
219.0
219.0
193.0
219.0
245.0
219.0
271.0
297.0
271.0
245.0
297.0
271.0
297.0
297.0
245.0
245.0
245.0
245.0
219.0
219.0
167.0
219.0
245.0
193.0
189.0
219.0
196.0
193.0
219.0
219.0
219.0
219.0
271.0
271.0
245.0
219.0
219.0
245.0
219.0
221.0
225.0
251.0
225.0
225.0
173.0
199.0
203.0
225.0
225.0
199.0
199.0
219.0
341.0
641.0
901.0
1005.0
1031.0
947.0
992.0
996.0
947.0
947.0
817.0
557.0
453.0
375.0
297.0
271.0
245.0
219.0
219.0
219.0
219.0
193.0
189.0
249.0
371.0
657.0
917.0
943.0
1021.0
943.0
969.0
943.0
917.0
917.0
787.0
501.0
415.0
375.0
323.0
271.0
245.0
245.0
245.0
219.0
245.0
219.0
197.0
219.0
375.0
657.0
917.0
943.0
995.0
917.0
943.0
915.0
917.0
895.0
758.0
527.0
401.0
323.0
297.0
219.0
245.0
193.0
219.0
193.0
193.0
219.0
219.0
193.0
219.0
193.0
219.0
219.0
271.0
260.0
219.0
281.0
245.0
208.0
245.0
219.0
245.0
219.0
219.0
193.0
167.0
219.0
203.0
193.0
189.0
189.0
163.0
198.0
203.0
215.0
245.0
219.0
251.0
303.0
245.0
219.0
219.0
245.0
217.0
219.0
219.0
219.0
193.0
203.0
167.0
193.0
193.0
219.0
193.0
193.0
193.0
185.0
185.0
193.0
219.0
219.0
245.0
219.0
219.0
245.0
219.0
245.0
215.0
215.0
215.0
210.0
189.0
189.0
163.0
215.0
189.0
189.0
189.0
189.0
193.0
203.0
185.0
661.0
884.0
959.0
1051.0
921.0
947.0
947.0
947.0
895.0
784.0
446.0
375.0
297.0
271.0
245.0
245.0
219.0
219.0
219.0
245.0
193.0
227.0
219.0
368.0
628.0
940.0
966.0
1044.0
940.0
1011.0
966.0
947.0
969.0
839.0
631.0
449.0
375.0
311.0
271.0
271.0
219.0
219.0
245.0
245.0
219.0
245.0
219.0
368.0
628.0
921.0
973.0
1042.0
940.0
992.0
966.0
973.0
947.0
784.0
635.0
427.0
375.0
297.0
271.0
245.0
219.0
219.0
219.0
245.0
189.0
241.0
238.0
371.0
631.0
943.0
940.0
1044.0
940.0
966.0
940.0
914.0
914.0
784.0
524.0
427.0
349.0
297.0
271.0
245.0
219.0
219.0
219.0
219.0
212.0
186.0
212.0
368.0
628.0
914.0
940.0
1021.0
914.0
969.0
943.0
917.0
891.0
787.0
527.0
427.0
349.0
297.0
245.0
237.0
219.0
219.0
219.0
215.0
215.0
215.0
215.0
371.0
631.0
865.0
917.0
995.0
891.0
891.0
921.0
895.0
869.0
791.0
527.0
375.0
349.0
271.0
245.0
245.0
193.0
193.0
219.0
193.0
193.0
193.0
193.0
193.0
219.0
219.0
219.0
245.0
245.0
219.0
245.0
245.0
215.0
219.0
254.0
228.0
228.0
228.0
202.0
176.0
229.0
202.0
202.0
202.0
228.0
202.0
193.0
202.0
193.0
210.0
245.0
245.0
245.0
245.0
241.0
219.0
245.0
219.0
245.0
245.0
219.0
219.0
219.0
167.0
219.0
216.0
219.0
219.0
193.0
193.0
193.0
185.0
583.0
858.0
947.0
1025.0
921.0
947.0
959.0
921.0
930.0
787.0
527.0
462.0
358.0
271.0
245.0
245.0
219.0
219.0
219.0
214.0
219.0
219.0
241.0
349.0
635.0
895.0
935.0
973.0
895.0
921.0
921.0
895.0
895.0
765.0
505.0
375.0
349.0
271.0
245.0
245.0
219.0
219.0
219.0
219.0
215.0
215.0
215.0
345.0
643.0
891.0
943.0
969.0
891.0
951.0
917.0
914.0
873.0
784.0
498.0
409.0
357.0
305.0
253.0
253.0
223.0
213.0
193.0
215.0
215.0
215.0
215.0
371.0
657.0
917.0
943.0
995.0
891.0
917.0
917.0
891.0
865.0
735.0
527.0
403.0
354.0
302.0
273.0
250.0
224.0
219.0
186.0
238.0
212.0
212.0
212.0
368.0
602.0
888.0
940.0
966.0
888.0
914.0
888.0
888.0
888.0
761.0
501.0
375.0
357.0
271.0
250.0
245.0
219.0
215.0
215.0
215.0
215.0
215.0
189.0
224.0
224.0
224.0
190.0
250.0
250.0
250.0
224.0
250.0
250.0
224.0
224.0
245.0
219.0
219.0
193.0
167.0
198.0
198.0
198.0
198.0
224.0
224.0
198.0
198.0
224.0
241.0
241.0
276.0
267.0
250.0
267.0
250.0
250.0
228.0
241.0
241.0
215.0
215.0
189.0
163.0
215.0
215.0
189.0
193.0
212.0
219.0
281.0
401.0
609.0
869.0
884.0
947.0
895.0
947.0
947.0
947.0
921.0
817.0
609.0
453.0
375.0
297.0
271.0
245.0
219.0
219.0
219.0
215.0
215.0
230.0
215.0
345.0
631.0
917.0
943.0
995.0
917.0
943.0
917.0
917.0
891.0
787.0
527.0
432.0
380.0
302.0
250.0
240.0
224.0
223.0
223.0
223.0
223.0
223.0
223.0
371.0
639.0
891.0
951.0
969.0
899.0
951.0
925.0
950.0
917.0
787.0
532.0
423.0
353.0
260.0
249.0
249.0
223.0
223.0
223.0
197.0
223.0
223.0
223.0
371.0
631.0
917.0
947.0
999.0
921.0
947.0
921.0
921.0
895.0
791.0
531.0
453.0
385.0
271.0
245.0
245.0
219.0
219.0
250.0
189.0
215.0
215.0
215.0
371.0
631.0
891.0
943.0
995.0
891.0
917.0
899.0
917.0
891.0
735.0
457.0
377.0
353.0
275.0
249.0
275.0
197.0
223.0
223.0
215.0
215.0
215.0
189.0
241.0
223.0
275.0
266.0
273.0
275.0
273.0
266.0
271.0
245.0
219.0
245.0
245.0
223.0
223.0
223.0
171.0
187.0
223.0
223.0
223.0
215.0
195.0
228.0
198.0
249.0
202.0
228.0
280.0
243.0
228.0
254.0
273.0
254.0
228.0
249.0
249.0
223.0
223.0
223.0
171.0
223.0
223.0
223.0
197.0
223.0
228.0
198.0
185.0
618.0
904.0
904.0
982.0
904.0
904.0
921.0
895.0
862.0
765.0
479.0
401.0
323.0
307.0
245.0
271.0
245.0
219.0
245.0
219.0
219.0
219.0
245.0
371.0
661.0
865.0
862.0
940.0
888.0
888.0
888.0
862.0
862.0
713.0
479.0
375.0
351.0
323.0
273.0
247.0
241.0
215.0
215.0
215.0
189.0
215.0
241.0
345.0
657.0
891.0
891.0
947.0
891.0
895.0
891.0
865.0
839.0
557.0
401.0
350.0
302.0
267.0
222.0
248.0
198.0
198.0
198.0
189.0
189.0
189.0
163.0
195.0
222.0
221.0
247.0
268.0
273.0
247.0
247.0
247.0
247.0
247.0
221.0
247.0
221.0
183.0
196.0
170.0
196.0
170.0
196.0
196.0
196.0
195.0
176.0
196.0
196.0
196.0
196.0
222.0
248.0
248.0
226.0
222.0
248.0
222.0
222.0
192.0
222.0
196.0
170.0
170.0
170.0
163.0
163.0
162.0
196.0
222.0
248.0
274.0
222.0
274.0
248.0
248.0
274.0
214.0
222.0
196.0
196.0
196.0
170.0
170.0
170.0
170.0
170.0
196.0
170.0
196.0
146.0
180.0
170.0
196.0
196.0
196.0
222.0
222.0
222.0
196.0
222.0
196.0
196.0
222.0
196.0
202.0
176.0
170.0
170.0
202.0
176.0
176.0
176.0
147.0
199.0
176.0
515.0
771.0
799.0
877.0
771.0
797.0
825.0
797.0
771.0
641.0
461.0
381.0
303.0
279.0
228.0
201.0
171.0
202.0
202.0
202.0
176.0
176.0
202.0
292.0
537.0
800.0
774.0
852.0
765.0
800.0
800.0
793.0
774.0
670.0
462.0
384.0
306.0
280.0
228.0
202.0
171.0
202.0
202.0
176.0
202.0
186.0
186.0
290.0
524.0
784.0
784.0
852.0
748.0
800.0
789.0
800.0
800.0
670.0
462.0
332.0
306.0
254.0
228.0
228.0
176.0
190.0
202.0
188.0
202.0
202.0
228.0
290.0
524.0
758.0
810.0
840.0
748.0
826.0
814.0
800.0
800.0
684.0
462.0
358.0
271.0
245.0
219.0
245.0
167.0
193.0
164.0
193.0
193.0
167.0
188.0
293.0
527.0
761.0
791.0
866.0
739.0
817.0
788.0
791.0
768.0
632.0
401.0
297.0
245.0
219.0
219.0
245.0
167.0
193.0
167.0
167.0
193.0
167.0
167.0
167.0
196.0
306.0
297.0
271.0
245.0
297.0
271.0
271.0
268.0
242.0
193.0
193.0
193.0
167.0
167.0
167.0
167.0
173.0
173.0
173.0
173.0
173.0
173.0
173.0
199.0
277.0
277.0
283.0
274.0
281.0
251.0
251.0
248.0
228.0
202.0
202.0
202.0
160.0
160.0
161.0
167.0
186.0
167.0
167.0
167.0
167.0
188.0
180.0
485.0
817.0
817.0
895.0
758.0
817.0
843.0
791.0
791.0
661.0
457.0
349.0
297.0
271.0
219.0
245.0
186.0
394.0
394.0
394.0
407.0
427.0
420.0
446.0
498.0
561.0
561.0
583.0
587.0
550.0
535.0
535.0
797.0
654.0
420.0
394.0
301.0
264.0
240.0
238.0
225.0
199.0
188.0
188.0
185.0
185.0
188.0
290.0
498.0
758.0
784.0
836.0
758.0
810.0
784.0
791.0
732.0
550.0
368.0
297.0
245.0
193.0
193.0
245.0
141.0
167.0
167.0
134.0
141.0
167.0
141.0
157.0
170.0
170.0
170.0
222.0
196.0
170.0
176.0
176.0
170.0
150.0
150.0
176.0
150.0
150.0
176.0
150.0
150.0
167.0
141.0
167.0
167.0
141.0
141.0
167.0
167.0
167.0
180.0
245.0
219.0
193.0
202.0
193.0
167.0
167.0
167.0
167.0
167.0
167.0
176.0
176.0
150.0
176.0
176.0
150.0
176.0
150.0
150.0
150.0
176.0
202.0
202.0
202.0
202.0
202.0
202.0
202.0
202.0
176.0
176.0
176.0
176.0
176.0
134.0
160.0
160.0
143.0
134.0
160.0
160.0
160.0
202.0
146.0
509.0
793.0
768.0
768.0
715.0
761.0
758.0
769.0
732.0
628.0
420.0
323.0
264.0
222.0
188.0
134.0
186.0
186.0
160.0
160.0
160.0
160.0
186.0
290.0
524.0
810.0
836.0
836.0
784.0
847.0
821.0
821.0
784.0
691.0
457.0
353.0
303.0
245.0
222.0
245.0
199.0
199.0
199.0
199.0
199.0
173.0
225.0
277.0
522.0
823.0
843.0
895.0
791.0
849.0
822.0
823.0
797.0
693.0
485.0
381.0
355.0
251.0
222.0
251.0
186.0
186.0
186.0
186.0
186.0
160.0
202.0
306.0
524.0
826.0
852.0
904.0
826.0
878.0
852.0
836.0
796.0
680.0
458.0
328.0
302.0
250.0
224.0
250.0
198.0
198.0
198.0
198.0
198.0
160.0
198.0
290.0
524.0
810.0
822.0
874.0
794.0
822.0
822.0
822.0
784.0
692.0
458.0
352.0
303.0
274.0
248.0
251.0
199.0
199.0
199.0
166.0
199.0
173.0
211.0
277.0
537.0
823.0
849.0
898.0
820.0
875.0
849.0
849.0
823.0
719.0
474.0
381.0
277.0
222.0
212.0
245.0
167.0
167.0
167.0
167.0
167.0
167.0
167.0
167.0
193.0
219.0
219.0
193.0
195.0
221.0
222.0
219.0
233.0
219.0
193.0
193.0
167.0
193.0
167.0
160.0
160.0
160.0
160.0
160.0
160.0
160.0
160.0
160.0
186.0
197.0
208.0
223.0
223.0
223.0
223.0
223.0
223.0
223.0
197.0
197.0
197.0
219.0
193.0
167.0
193.0
167.0
193.0
167.0
187.0
167.0
185.0
306.0
504.0
822.0
874.0
926.0
822.0
865.0
855.0
839.0
813.0
709.0
449.0
375.0
293.0
245.0
219.0
245.0
199.0
245.0
245.0
251.0
245.0
251.0
251.0
355.0
511.0
797.0
849.0
875.0
797.0
797.0
771.0
771.0
745.0
667.0
459.0
407.0
349.0
303.0
277.0
277.0
277.0
277.0
303.0
277.0
278.0
303.0
303.0
381.0
511.0
713.0
765.0
839.0
739.0
765.0
761.0
735.0
735.0
657.0
449.0
408.0
354.0
328.0
319.0
293.0
215.0
201.0
215.0
202.0
228.0
192.0
215.0
332.0
540.0
852.0
852.0
930.0
826.0
852.0
852.0
852.0
843.0
713.0
479.0
364.0
323.0
274.0
248.0
219.0
219.0
199.0
225.0
213.0
225.0
225.0
225.0
329.0
563.0
823.0
872.0
927.0
817.0
869.0
869.0
869.0
869.0
713.0
453.0
349.0
271.0
271.0
245.0
219.0
171.0
167.0
167.0
167.0
167.0
167.0
167.0
167.0
188.0
271.0
297.0
297.0
297.0
271.0
271.0
271.0
271.0
271.0
219.0
219.0
203.0
193.0
193.0
167.0
167.0
172.0
176.0
176.0
176.0
176.0
176.0
176.0
202.0
280.0
280.0
306.0
280.0
306.0
306.0
292.0
280.0
280.0
228.0
228.0
202.0
202.0
202.0
176.0
176.0
202.0
202.0
196.0
200.0
188.0
187.0
306.0
484.0
745.0
797.0
842.0
797.0
820.0
820.0
771.0
771.0
667.0
433.0
352.0
303.0
277.0
264.0
222.0
212.0
186.0
212.0
186.0
186.0
186.0
186.0
290.0
524.0
732.0
791.0
836.0
758.0
817.0
791.0
791.0
784.0
680.0
472.0
375.0
316.0
249.0
249.0
223.0
212.0
187.0
212.0
197.0
196.0
199.0
203.0
264.0
498.0
791.0
817.0
895.0
791.0
843.0
817.0
817.0
791.0
687.0
451.0
349.0
297.0
271.0
245.0
219.0
219.0
193.0
193.0
193.0
193.0
193.0
202.0
306.0
514.0
826.0
852.0
930.0
826.0
878.0
852.0
852.0
826.0
718.0
484.0
380.0
354.0
250.0
250.0
224.0
212.0
219.0
193.0
193.0
193.0
186.0
193.0
316.0
583.0
843.0
869.0
914.0
817.0
862.0
836.0
836.0
826.0
722.0
462.0
332.0
280.0
228.0
186.0
160.0
186.0
176.0
176.0
202.0
176.0
176.0
193.0
167.0
192.0
297.0
296.0
290.0
244.0
296.0
296.0
296.0
296.0
270.0
218.0
192.0
192.0
192.0
170.0
162.0
196.0
170.0
171.0
197.0
171.0
171.0
171.0
171.0
197.0
249.0
223.0
249.0
223.0
249.0
249.0
249.0
244.0
223.0
223.0
193.0
193.0
219.0
193.0
167.0
193.0
167.0
190.0
167.0
202.0
176.0
202.0
176.0
566.0
842.0
868.0
940.0
836.0
888.0
862.0
888.0
862.0
732.0
446.0
368.0
290.0
264.0
238.0
212.0
206.0
212.0
186.0
186.0
186.0
186.0
186.0
316.0
550.0
862.0
888.0
940.0
836.0
862.0
888.0
862.0
836.0
732.0
453.0
375.0
297.0
271.0
238.0
219.0
212.0
186.0
186.0
193.0
212.0
186.0
186.0
316.0
550.0
888.0
905.0
940.0
852.0
888.0
888.0
862.0
836.0
706.0
462.0
368.0
290.0
271.0
238.0
238.0
212.0
216.0
212.0
186.0
186.0
186.0
212.0
316.0
552.0
849.0
875.0
953.0
823.0
901.0
901.0
875.0
875.0
719.0
537.0
433.0
351.0
273.0
251.0
251.0
199.0
199.0
186.0
186.0
186.0
168.0
212.0
316.0
550.0
836.0
875.0
914.0
819.0
873.0
862.0
836.0
836.0
713.0
498.0
375.0
245.0
193.0
212.0
212.0
212.0
186.0
186.0
212.0
323.0
609.0
841.0
893.0
914.0
836.0
862.0
893.0
893.0
867.0
737.0
529.0
425.0
347.0
269.0
222.0
243.0
217.0
217.0
217.0
217.0
191.0
191.0
212.0
321.0
633.0
841.0
893.0
893.0
815.0
867.0
888.0
893.0
867.0
763.0
529.0
425.0
347.0
295.0
243.0
282.0
230.0
230.0
204.0
204.0
230.0
230.0
230.0
334.0
594.0
836.0
880.0
906.0
812.0
880.0
888.0
862.0
862.0
732.0
498.0
412.0
360.0
282.0
256.0
269.0
191.0
217.0
191.0
217.0
217.0
217.0
191.0
212.0
217.0
269.0
269.0
269.0
269.0
269.0
295.0
295.0
295.0
243.0
243.0
217.0
243.0
217.0
217.0
165.0
181.0
221.0
198.0
191.0
181.0
191.0
191.0
193.0
193.0
193.0
219.0
245.0
245.0
245.0
208.0
217.0
217.0
217.0
217.0
217.0
238.0
217.0
191.0
165.0
217.0
217.0
191.0
191.0
217.0
181.0
181.0
185.0
576.0
883.0
896.0
935.0
862.0
909.0
909.0
909.0
909.0
753.0
561.0
415.0
363.0
285.0
233.0
259.0
224.0
233.0
207.0
207.0
207.0
207.0
207.0
319.0
614.0
874.0
900.0
919.0
815.0
893.0
893.0
893.0
893.0
737.0
529.0
399.0
354.0
302.0
250.0
276.0
224.0
224.0
224.0
217.0
217.0
224.0
208.0
316.0
614.0
874.0
867.0
919.0
815.0
867.0
893.0
841.0
867.0
737.0
503.0
373.0
347.0
269.0
243.0
269.0
217.0
191.0
217.0
217.0
217.0
191.0
217.0
347.0
607.0
841.0
867.0
919.0
841.0
893.0
893.0
893.0
841.0
711.0
503.0
425.0
347.0
269.0
243.0
269.0
217.0
217.0
212.0
212.0
186.0
186.0
212.0
382.0
576.0
836.0
888.0
914.0
810.0
862.0
862.0
862.0
862.0
711.0
503.0
373.0
347.0
269.0
269.0
269.0
224.0
217.0
217.0
217.0
217.0
217.0
217.0
217.0
280.0
306.0
306.0
352.0
280.0
296.0
306.0
300.0
306.0
280.0
222.0
222.0
222.0
196.0
216.0
167.0
167.0
193.0
222.0
193.0
200.0
214.0
195.0
196.0
219.0
245.0
271.0
271.0
245.0
245.0
277.0
271.0
277.0
244.0
251.0
251.0
214.0
225.0
225.0
173.0
199.0
225.0
199.0
196.0
222.0
196.0
195.0
198.0
589.0
927.0
927.0
953.0
875.0
927.0
927.0
914.0
867.0
763.0
524.0
446.0
321.0
295.0
243.0
243.0
217.0
217.0
238.0
212.0
212.0
212.0
212.0
342.0
628.0
862.0
888.0
914.0
810.0
888.0
888.0
901.0
875.0
771.0
511.0
433.0
381.0
295.0
243.0
243.0
217.0
243.0
243.0
217.0
217.0
191.0
251.0
355.0
615.0
875.0
901.0
953.0
823.0
901.0
901.0
875.0
875.0
771.0
537.0
433.0
381.0
303.0
251.0
251.0
225.0
225.0
225.0
225.0
225.0
199.0
251.0
329.0
641.0
841.0
893.0
919.0
849.0
901.0
901.0
893.0
841.0
763.0
529.0
451.0
373.0
295.0
269.0
243.0
217.0
251.0
199.0
225.0
199.0
225.0
225.0
355.0
608.0
836.0
888.0
914.0
836.0
862.0
862.0
836.0
810.0
706.0
446.0
368.0
316.0
264.0
212.0
238.0
212.0
186.0
160.0
186.0
160.0
160.0
193.0
193.0
193.0
219.0
245.0
271.0
245.0
241.0
245.0
271.0
271.0
271.0
222.0
222.0
222.0
196.0
222.0
170.0
196.0
191.0
165.0
165.0
191.0
191.0
165.0
200.0
196.0
217.0
269.0
269.0
248.0
248.0
248.0
248.0
248.0
222.0
248.0
222.0
222.0
222.0
199.0
170.0
187.0
173.0
199.0
199.0
170.0
170.0
200.0
198.0
589.0
898.0
901.0
950.0
888.0
888.0
914.0
888.0
862.0
758.0
550.0
446.0
383.0
290.0
248.0
248.0
217.0
217.0
191.0
212.0
212.0
191.0
217.0
316.0
602.0
836.0
862.0
914.0
810.0
888.0
888.0
836.0
862.0
732.0
524.0
420.0
368.0
301.0
249.0
248.0
222.0
228.0
228.0
228.0
202.0
228.0
228.0
342.0
602.0
895.0
921.0
940.0
836.0
888.0
888.0
886.0
862.0
758.0
524.0
420.0
316.0
271.0
257.0
257.0
225.0
219.0
219.0
193.0
193.0
219.0
219.0
323.0
576.0
898.0
924.0
956.0
846.0
898.0
898.0
898.0
872.0
768.0
586.0
482.0
378.0
300.0
274.0
248.0
222.0
222.0
248.0
222.0
222.0
222.0
222.0
378.0
667.0
875.0
898.0
953.0
875.0
901.0
901.0
901.0
869.0
763.0
537.0
459.0
381.0
329.0
271.0
245.0
219.0
186.0
212.0
186.0
186.0
186.0
193.0
271.0
290.0
361.0
326.0
352.0
326.0
320.0
326.0
352.0
326.0
300.0
274.0
274.0
248.0
248.0
222.0
170.0
196.0
222.0
222.0
200.0
200.0
185.0
211.0
196.0
192.0
248.0
222.0
248.0
274.0
248.0
222.0
248.0
248.0
222.0
243.0
243.0
243.0
217.0
217.0
165.0
191.0
217.0
191.0
217.0
191.0
191.0
224.0
358.0
641.0
901.0
927.0
1031.0
901.0
953.0
953.0
927.0
927.0
797.0
537.0
433.0
381.0
329.0
277.0
251.0
225.0
225.0
225.0
251.0
225.0
215.0
215.0
371.0
628.0
914.0
966.0
1044.0
914.0
953.0
953.0
927.0
927.0
797.0
537.0
459.0
407.0
329.0
250.0
251.0
225.0
226.0
225.0
225.0
225.0
217.0
217.0
373.0
659.0
867.0
945.0
997.0
893.0
919.0
919.0
919.0
893.0
763.0
529.0
451.0
373.0
321.0
269.0
243.0
217.0
217.0
225.0
220.0
225.0
197.0
223.0
381.0
613.0
888.0
914.0
940.0
836.0
888.0
888.0
888.0
862.0
758.0
498.0
394.0
368.0
316.0
274.0
248.0
222.0
210.0
210.0
236.0
210.0
210.0
210.0
340.0
600.0
860.0
886.0
919.0
815.0
867.0
860.0
860.0
834.0
711.0
492.0
373.0
324.0
282.0
191.0
243.0
191.0
217.0
191.0
210.0
210.0
158.0
184.0
184.0
210.0
262.0
262.0
288.0
288.0
262.0
262.0
236.0
262.0
236.0
218.0
248.0
196.0
222.0
196.0
170.0
196.0
222.0
222.0
222.0
222.0
196.0
222.0
196.0
248.0
271.0
323.0
352.0
313.0
297.0
300.0
271.0
271.0
271.0
245.0
245.0
245.0
228.0
222.0
176.0
193.0
191.0
193.0
196.0
214.0
185.0
185.0
191.0
586.0
888.0
914.0
966.0
888.0
940.0
914.0
924.0
888.0
784.0
524.0
433.0
329.0
274.0
225.0
251.0
199.0
199.0
199.0
225.0
199.0
199.0
194.0
381.0
610.0
849.0
905.0
953.0
875.0
875.0
901.0
901.0
875.0
745.0
511.0
459.0
355.0
272.0
220.0
246.0
220.0
191.0
191.0
217.0
191.0
217.0
222.0
347.0
633.0
867.0
919.0
945.0
841.0
898.0
898.0
914.0
898.0
768.0
498.0
456.0
352.0
274.0
248.0
248.0
223.0
199.0
199.0
199.0
199.0
199.0
225.0
355.0
615.0
901.0
927.0
953.0
875.0
927.0
914.0
914.0
888.0
784.0
524.0
446.0
352.0
274.0
274.0
248.0
230.0
222.0
212.0
212.0
212.0
238.0
249.0
368.0
641.0
927.0
940.0
1005.0
901.0
953.0
927.0
901.0
901.0
771.0
511.0
407.0
329.0
277.0
251.0
251.0
225.0
219.0
219.0
193.0
222.0
196.0
222.0
196.0
248.0
248.0
248.0
274.0
274.0
274.0
274.0
248.0
248.0
248.0
222.0
254.0
222.0
222.0
222.0
170.0
196.0
222.0
222.0
196.0
222.0
196.0
222.0
196.0
222.0
248.0
272.0
272.0
274.0
248.0
274.0
274.0
248.0
248.0
248.0
248.0
222.0
196.0
194.0
162.0
194.0
194.0
194.0
199.0
191.0
187.0
219.0
358.0
641.0
927.0
979.0
1005.0
953.0
953.0
953.0
953.0
953.0
797.0
563.0
459.0
349.0
303.0
245.0
245.0
219.0
245.0
193.0
245.0
219.0
193.0
219.0
368.0
628.0
914.0
940.0
966.0
888.0
914.0
914.0
508.0
794.0
794.0
836.0
768.0
820.0
820.0
820.0
784.0
664.0
449.0
352.0
274.0
229.0
196.0
179.0
163.0
144.0
163.0
147.0
147.0
144.0
161.0
139.0
170.0
191.0
196.0
196.0
196.0
225.0
196.0
196.0
225.0
199.0
199.0
199.0
173.0
173.0
173.0
165.0
139.0
165.0
165.0
165.0
139.0
139.0
165.0
139.0
150.0
163.0
163.0
189.0
173.0
196.0
196.0
196.0
196.0
170.0
196.0
196.0
160.0
170.0
144.0
170.0
144.0
168.0
170.0
144.0
144.0
144.0
163.0
139.0
482.0
787.0
813.0
865.0
761.0
813.0
813.0
813.0
787.0
673.0
449.0
345.0
319.0
241.0
215.0
205.0
200.0
189.0
163.0
163.0
189.0
163.0
189.0
293.0
501.0
798.0
813.0
839.0
735.0
813.0
787.0
787.0
761.0
657.0
423.0
345.0
293.0
241.0
215.0
189.0
163.0
189.0
176.0
163.0
189.0
163.0
189.0
267.0
501.0
761.0
761.0
839.0
742.0
761.0
761.0
787.0
761.0
631.0
423.0
304.0
267.0
215.0
241.0
189.0
163.0
189.0
163.0
163.0
163.0
163.0
189.0
269.0
503.0
763.0
763.0
815.0
707.0
763.0
763.0
763.0
737.0
633.0
425.0
347.0
269.0
243.0
217.0
189.0
189.0
189.0
163.0
189.0
163.0
189.0
189.0
293.0
544.0
761.0
761.0
813.0
706.0
787.0
787.0
761.0
735.0
631.0
423.0
293.0
284.0
215.0
215.0
189.0
163.0
163.0
163.0
163.0
160.0
163.0
180.0
163.0
180.0
206.0
206.0
206.0
206.0
228.0
232.0
206.0
210.0
189.0
189.0
189.0
189.0
163.0
163.0
163.0
163.0
189.0
163.0
137.0
163.0
163.0
163.0
156.0
163.0
189.0
215.0
189.0
215.0
215.0
215.0
215.0
215.0
215.0
189.0
189.0
189.0
157.0
189.0
163.0
137.0
189.0
163.0
163.0
163.0
137.0
206.0
276.0
504.0
761.0
761.0
813.0
716.0
787.0
761.0
753.0
761.0
631.0
423.0
345.0
293.0
241.0
215.0
201.0
172.0
173.0
173.0
173.0
173.0
173.0
199.0
251.0
511.0
745.0
745.0
792.0
719.0
745.0
771.0
735.0
709.0
631.0
449.0
357.0
279.0
253.0
227.0
201.0
171.0
189.0
163.0
175.0
201.0
175.0
201.0
267.0
475.0
747.0
747.0
799.0
721.0
773.0
735.0
773.0
747.0
605.0
423.0
357.0
279.0
253.0
206.0
201.0
171.0
201.0
163.0
170.0
189.0
163.0
189.0
267.0
423.0
631.0
746.0
824.0
694.0
774.0
761.0
798.0
761.0
657.0
449.0
345.0
319.0
241.0
226.0
194.0
171.0
189.0
189.0
161.0
200.0
163.0
189.0
267.0
538.0
735.0
798.0
824.0
731.0
761.0
771.0
798.0
745.0
641.0
433.0
330.0
278.0
226.0
196.0
200.0
163.0
199.0
173.0
174.0
173.0
173.0
173.0
163.0
189.0
267.0
267.0
267.0
275.0
267.0
267.0
267.0
267.0
241.0
215.0
215.0
189.0
189.0
189.0
163.0
163.0
200.0
170.0
200.0
163.0
163.0
163.0
163.0
189.0
241.0
248.0
248.0
222.0
274.0
274.0
267.0
267.0
215.0
189.0
215.0
201.0
201.0
163.0
175.0
163.0
175.0
201.0
175.0
175.0
163.0
191.0
276.0
487.0
761.0
787.0
839.0
761.0
813.0
799.0
761.0
785.0
657.0
449.0
371.0
293.0
241.0
215.0
189.0
163.0
189.0
189.0
189.0
189.0
189.0
189.0
293.0
501.0
761.0
761.0
806.0
735.0
787.0
761.0
761.0
735.0
631.0
423.0
345.0
293.0
241.0
215.0
189.0
163.0
189.0
163.0
189.0
189.0
189.0
189.0
293.0
527.0
761.0
780.0
837.0
735.0
787.0
787.0
787.0
787.0
631.0
449.0
293.0
274.0
241.0
215.0
189.0
163.0
163.0
163.0
189.0
163.0
163.0
191.0
267.0
539.0
768.0
794.0
839.0
735.0
813.0
820.0
813.0
787.0
690.0
456.0
352.0
319.0
274.0
222.0
189.0
163.0
189.0
195.0
189.0
199.0
173.0
199.0
303.0
537.0
823.0
823.0
849.0
745.0
826.0
797.0
797.0
771.0
641.0
459.0
326.0
274.0
277.0
225.0
185.0
170.0
196.0
170.0
196.0
170.0
170.0
163.0
170.0
182.0
208.0
234.0
260.0
208.0
260.0
234.0
234.0
260.0
208.0
208.0
182.0
182.0
182.0
156.0
156.0
156.0
156.0
156.0
182.0
163.0
200.0
140.0
174.0
163.0
196.0
196.0
196.0
222.0
222.0
222.0
196.0
222.0
192.0
196.0
231.0
196.0
196.0
170.0
170.0
170.0
196.0
170.0
163.0
163.0
137.0
187.0
161.0
501.0
761.0
787.0
865.0
761.0
787.0
820.0
787.0
768.0
638.0
456.0
371.0
293.0
273.0
214.0
196.0
170.0
196.0
196.0
196.0
170.0
170.0
196.0
300.0
534.0
794.0
768.0
846.0
768.0
794.0
791.0
791.0
765.0
661.0
453.0
375.0
297.0
276.0
224.0
198.0
172.0
198.0
198.0
172.0
199.0
199.0
199.0
303.0
537.0
794.0
791.0
846.0
739.0
784.0
784.0
784.0
784.0
654.0
446.0
326.0
300.0
248.0
222.0
222.0
170.0
196.0
196.0
196.0
196.0
196.0
222.0
300.0
527.0
768.0
820.0
846.0
742.0
823.0
808.0
797.0
797.0
690.0
459.0
355.0
274.0
251.0
225.0
251.0
173.0
199.0
173.0
199.0
199.0
173.0
199.0
303.0
537.0
771.0
797.0
875.0
745.0
823.0
791.0
797.0
765.0
635.0
407.0
300.0
248.0
219.0
219.0
245.0
167.0
196.0
170.0
170.0
196.0
173.0
170.0
170.0
196.0
300.0
300.0
274.0
248.0
300.0
274.0
277.0
274.0
248.0
196.0
184.0
196.0
173.0
173.0
173.0
173.0
167.0
173.0
157.0
173.0
173.0
173.0
173.0
194.0
277.0
277.0
274.0
274.0
274.0
248.0
248.0
255.0
222.0
196.0
196.0
196.0
170.0
170.0
170.0
170.0
196.0
170.0
170.0
170.0
170.0
200.0
166.0
482.0
820.0
823.0
901.0
771.0
823.0
846.0
797.0
797.0
664.0
459.0
355.0
303.0
277.0
225.0
251.0
191.0
407.0
407.0
407.0
407.0
433.0
433.0
445.0
509.0
563.0
563.0
589.0
589.0
563.0
540.0
540.0
798.0
670.0
436.0
404.0
300.0
274.0
241.0
248.0
222.0
196.0
196.0
184.0
196.0
196.0
196.0
295.0
508.0
764.0
789.0
841.0
763.0
815.0
789.0
789.0
737.0
563.0
381.0
300.0
248.0
200.0
188.0
240.0
147.0
170.0
170.0
144.0
144.0
170.0
143.0
169.0
169.0
169.0
169.0
221.0
195.0
162.0
163.0
163.0
162.0
136.0
136.0
162.0
132.0
136.0
162.0
136.0
136.0
162.0
136.0
162.0
162.0
136.0
136.0
162.0
162.0
162.0
174.0
240.0
214.0
181.0
186.0
196.0
170.0
170.0
170.0
170.0
170.0
170.0
170.0
170.0
144.0
170.0
170.0
144.0
170.0
144.0
144.0
144.0
163.0
188.0
188.0
196.0
196.0
201.0
196.0
196.0
196.0
170.0
170.0
173.0
173.0
172.0
147.0
173.0
173.0
147.0
147.0
173.0
173.0
173.0
200.0
144.0
500.0
797.0
771.0
762.0
708.0
760.0
760.0
760.0
745.0
641.0
433.0
318.0
266.0
214.0
188.0
148.0
205.0
188.0
162.0
168.0
162.0
162.0
188.0
292.0
526.0
812.0
841.0
841.0
786.0
838.0
815.0
815.0
789.0
685.0
451.0
347.0
293.0
243.0
217.0
243.0
191.0
191.0
191.0
191.0
191.0
165.0
215.0
267.0
527.0
813.0
839.0
891.0
787.0
839.0
813.0
823.0
800.0
696.0
485.0
371.0
352.0
248.0
222.0
248.0
196.0
196.0
196.0
196.0
196.0
170.0
196.0
300.0
537.0
823.0
846.0
898.0
815.0
867.0
841.0
841.0
789.0
685.0
451.0
321.0
295.0
243.0
217.0
243.0
199.0
199.0
196.0
196.0
196.0
170.0
195.0
300.0
534.0
820.0
820.0
872.0
794.0
820.0
820.0
820.0
794.0
690.0
459.0
350.0
298.0
272.0
246.0
246.0
246.0
220.0
220.0
220.0
194.0
220.0
220.0
220.0
220.0
220.0
222.0
638.0
956.0
1002.0
898.0
820.0
872.0
872.0
846.0
815.0
699.0
555.0
399.0
295.0
269.0
269.0
243.0
217.0
207.0
243.0
217.0
243.0
221.0
217.0
370.0
685.0
867.0
945.0
945.0
927.0
953.0
979.0
979.0
953.0
849.0
641.0
511.0
381.0
274.0
274.0
248.0
248.0
248.0
248.0
248.0
251.0
251.0
225.0
355.0
667.0
953.0
979.0
1002.0
950.0
976.0
976.0
979.0
927.0
823.0
589.0
485.0
381.0
300.0
274.0
248.0
248.0
248.0
248.0
248.0
225.0
251.0
225.0
355.0
630.0
927.0
979.0
1005.0
901.0
953.0
943.0
917.0
891.0
787.0
527.0
449.0
371.0
328.0
260.0
257.0
257.0
257.0
257.0
257.0
231.0
241.0
250.0
380.0
641.0
927.0
953.0
952.0
900.0
953.0
927.0
927.0
927.0
771.0
563.0
459.0
381.0
276.0
237.0
250.0
224.0
250.0
224.0
251.0
225.0
225.0
224.0
224.0
250.0
250.0
302.0
276.0
301.0
276.0
276.0
302.0
276.0
250.0
276.0
250.0
250.0
224.0
224.0
224.0
224.0
224.0
224.0
224.0
224.0
224.0
224.0
224.0
224.0
224.0
198.0
224.0
224.0
224.0
224.0
250.0
250.0
224.0
250.0
250.0
224.0
198.0
224.0
224.0
224.0
224.0
198.0
224.0
224.0
198.0
220.0
201.0
636.0
948.0
1000.0
1009.0
943.0
974.0
974.0
974.0
952.0
849.0
589.0
458.0
354.0
302.0
237.0
237.0
250.0
250.0
250.0
237.0
250.0
250.0
250.0
354.0
640.0
917.0
1004.0
1004.0
905.0
969.0
943.0
917.0
917.0
813.0
553.0
475.0
378.0
326.0
248.0
248.0
248.0
223.0
223.0
223.0
225.0
225.0
225.0
355.0
641.0
953.0
953.0
979.0
927.0
953.0
901.0
927.0
901.0
745.0
511.0
459.0
354.0
276.0
283.0
257.0
254.0
231.0
221.0
228.0
251.0
225.0
225.0
381.0
641.0
901.0
953.0
953.0
867.0
945.0
919.0
893.0
893.0
737.0
503.0
406.0
328.0
276.0
250.0
182.0
224.0
224.0
250.0
224.0
224.0
224.0
224.0
328.0
605.0
839.0
874.0
891.0
813.0
865.0
839.0
761.0
787.0
605.0
397.0
354.0
316.0
258.0
206.0
206.0
225.0
225.0
199.0
251.0
199.0
199.0
225.0
196.0
222.0
222.0
196.0
222.0
196.0
196.0
196.0
222.0
232.0
196.0
196.0
222.0
196.0
196.0
222.0
222.0
196.0
222.0
222.0
196.0
196.0
191.0
191.0
191.0
477.0
633.0
633.0
666.0
666.0
659.0
633.0
607.0
605.0
511.0
414.0
253.0
258.0
232.0
232.0
198.0
206.0
232.0
206.0
232.0
206.0
232.0
206.0
310.0
484.0
579.0
605.0
639.0
605.0
631.0
631.0
657.0
631.0
475.0
397.0
274.0
222.0
222.0
222.0
198.0
198.0
189.0
196.0
215.0
189.0
163.0
189.0
241.0
406.0
527.0
525.0
536.0
501.0
527.0
423.0
328.0
274.0
196.0
170.0
170.0
203.0
170.0
196.0
170.0
170.0
170.0
196.0
163.0
163.0
163.0
189.0
137.0
137.0
171.0
163.0
163.0
163.0
163.0
137.0
170.0
170.0
170.0
170.0
196.0
170.0
170.0
170.0
156.0
196.0
173.0
173.0
170.0
170.0
165.0
165.0
139.0
165.0
165.0
165.0
172.0
172.0
172.0
172.0
172.0
172.0
172.0
172.0
198.0
172.0
176.0
202.0
176.0
137.0
176.0
176.0
176.0
176.0
176.0
176.0
176.0
176.0
176.0
176.0
176.0
147.0
173.0
173.0
147.0
173.0
173.0
173.0
173.0
199.0
163.0
163.0
163.0
163.0
163.0
163.0
147.0
163.0
163.0
137.0
163.0
163.0
137.0
137.0
137.0
163.0
137.0
163.0
137.0
163.0
137.0
163.0
163.0
189.0
163.0
163.0
163.0
163.0
163.0
163.0
163.0
163.0
165.0
165.0
165.0
165.0
139.0
175.0
139.0
165.0
139.0
139.0
129.0
165.0
139.0
165.0
165.0
165.0
165.0
165.0
165.0
157.0
191.0
165.0
191.0
165.0
165.0
139.0
139.0
139.0
165.0
165.0
165.0
165.0
165.0
165.0
165.0
165.0
165.0
165.0
165.0
165.0
165.0
165.0
165.0
163.0
163.0
172.0
163.0
163.0
173.0
173.0
173.0
173.0
173.0
199.0
173.0
173.0
199.0
196.0
170.0
196.0
170.0
196.0
196.0
196.0
170.0
170.0
170.0
170.0
196.0
144.0
196.0
163.0
170.0
163.0
172.0
501.0
631.0
657.0
666.0
666.0
692.0
640.0
666.0
640.0
501.0
406.0
302.0
250.0
250.0
222.0
224.0
224.0
198.0
206.0
196.0
222.0
222.0
196.0
326.0
586.0
849.0
849.0
849.0
789.0
820.0
820.0
815.0
789.0
711.0
458.0
354.0
302.0
276.0
224.0
224.0
224.0
224.0
224.0
198.0
198.0
224.0
224.0
328.0
614.0
849.0
849.0
901.0
820.0
875.0
875.0
875.0
823.0
745.0
485.0
378.0
303.0
248.0
251.0
231.0
225.0
225.0
225.0
225.0
225.0
225.0
225.0
355.0
605.0
823.0
849.0
875.0
797.0
875.0
846.0
849.0
823.0
693.0
407.0
326.0
274.0
248.0
222.0
222.0
225.0
225.0
225.0
225.0
225.0
225.0
225.0
199.0
225.0
225.0
222.0
222.0
222.0
225.0
225.0
225.0
225.0
222.0
248.0
222.0
222.0
222.0
196.0
170.0
196.0
196.0
196.0
222.0
222.0
222.0
222.0
358.0
690.0
950.0
950.0
976.0
900.0
943.0
943.0
943.0
917.0
813.0
579.0
423.0
354.0
302.0
276.0
224.0
224.0
225.0
225.0
225.0
251.0
225.0
225.0
355.0
667.0
953.0
953.0
1005.0
917.0
969.0
943.0
969.0
917.0
820.0
560.0
456.0
352.0
300.0
274.0
222.0
248.0
222.0
222.0
210.0
215.0
225.0
225.0
355.0
667.0
953.0
953.0
1004.0
952.0
978.0
952.0
952.0
926.0
797.0
562.0
432.0
354.0
302.0
276.0
224.0
250.0
224.0
224.0
225.0
225.0
225.0
225.0
355.0
667.0
953.0
979.0
1005.0
901.0
953.0
945.0
917.0
917.0
787.0
527.0
449.0
377.0
293.0
241.0
215.0
241.0
215.0
215.0
222.0
215.0
222.0
222.0
352.0
638.0
931.0
953.0
1008.0
898.0
950.0
924.0
920.0
924.0
794.0
560.0
404.0
356.0
300.0
222.0
222.0
222.0
248.0
222.0
215.0
196.0
222.0
196.0
196.0
222.0
248.0
300.0
274.0
251.0
274.0
274.0
274.0
274.0
222.0
259.0
222.0
222.0
222.0
222.0
170.0
222.0
196.0
222.0
222.0
222.0
222.0
191.0
222.0
222.0
248.0
248.0
248.0
274.0
274.0
248.0
250.0
276.0
250.0
276.0
250.0
224.0
224.0
224.0
173.0
225.0
225.0
225.0
225.0
225.0
214.0
225.0
332.0
615.0
927.0
1005.0
1031.0
927.0
953.0
953.0
953.0
953.0
797.0
589.0
458.0
354.0
302.0
276.0
224.0
250.0
250.0
250.0
251.0
251.0
225.0
224.0
381.0
667.0
953.0
979.0
1005.0
927.0
979.0
953.0
927.0
927.0
797.0
537.0
433.0
352.0
300.0
274.0
274.0
248.0
248.0
248.0
222.0
248.0
248.0
222.0
378.0
664.0
924.0
956.0
995.0
891.0
943.0
943.0
917.0
891.0
813.0
553.0
458.0
380.0
328.0
267.0
267.0
250.0
241.0
241.0
215.0
241.0
241.0
215.0
345.0
579.0
917.0
943.0
943.0
891.0
917.0
891.0
891.0
891.0
787.0
553.0
448.0
344.0
318.0
240.0
266.0
240.0
240.0
214.0
240.0
214.0
214.0
254.0
344.0
604.0
878.0
921.0
942.0
852.0
890.0
890.0
864.0
864.0
734.0
526.0
396.0
344.0
266.0
240.0
266.0
214.0
214.0
222.0
196.0
222.0
225.0
225.0
199.0
225.0
224.0
224.0
250.0
250.0
250.0
250.0
276.0
250.0
250.0
250.0
224.0
250.0
224.0
228.0
172.0
224.0
196.0
222.0
196.0
222.0
222.0
225.0
198.0
213.0
225.0
225.0
251.0
251.0
953.0
1057.0
953.0
953.0
953.0
927.0
901.0
797.0
537.0
381.0
345.0
293.0
241.0
241.0
215.0
230.0
189.0
215.0
189.0
215.0
189.0
381.0
615.0
901.0
927.0
1031.0
958.0
953.0
927.0
927.0
901.0
771.0
537.0
380.0
329.0
250.0
251.0
250.0
198.0
198.0
198.0
198.0
198.0
199.0
199.0
225.0
225.0
250.0
276.0
271.0
245.0
297.0
271.0
245.0
245.0
248.0
245.0
219.0
222.0
219.0
196.0
170.0
222.0
196.0
196.0
196.0
196.0
198.0
198.0
196.0
196.0
224.0
222.0
248.0
274.0
248.0
248.0
248.0
274.0
248.0
222.0
245.0
219.0
219.0
219.0
167.0
193.0
193.0
193.0
193.0
193.0
193.0
191.0
202.0
635.0
921.0
921.0
1051.0
953.0
953.0
1005.0
979.0
953.0
823.0
523.0
459.0
355.0
291.0
251.0
251.0
251.0
199.0
251.0
193.0
225.0
199.0
225.0
355.0
641.0
927.0
953.0
1057.0
953.0
953.0
979.0
953.0
953.0
817.0
557.0
453.0
349.0
297.0
254.0
254.0
254.0
228.0
254.0
228.0
228.0
228.0
228.0
358.0
644.0
930.0
1008.0
1060.0
956.0
984.0
958.0
958.0
932.0
828.0
568.0
438.0
386.0
308.0
256.0
256.0
256.0
230.0
230.0
230.0
230.0
230.0
230.0
386.0
687.0
947.0
973.0
1051.0
947.0
947.0
947.0
947.0
921.0
817.0
531.0
401.0
349.0
297.0
245.0
245.0
254.0
254.0
202.0
202.0
228.0
202.0
228.0
384.0
644.0
956.0
956.0
1034.0
930.0
982.0
956.0
956.0
904.0
794.0
482.0
352.0
352.0
274.0
222.0
248.0
196.0
222.0
196.0
196.0
170.0
196.0
202.0
222.0
196.0
274.0
300.0
300.0
300.0
300.0
289.0
289.0
308.0
282.0
242.0
230.0
225.0
225.0
199.0
173.0
182.0
199.0
199.0
199.0
167.0
193.0
193.0
167.0
193.0
219.0
219.0
245.0
271.0
245.0
245.0
256.0
219.0
245.0
219.0
224.0
245.0
219.0
219.0
167.0
193.0
193.0
193.0
193.0
219.0
193.0
203.0
202.0
583.0
883.0
921.0
999.0
947.0
947.0
947.0
921.0
895.0
791.0
557.0
453.0
323.0
271.0
245.0
245.0
245.0
219.0
193.0
230.0
230.0
204.0
230.0
360.0
620.0
932.0
958.0
1010.0
932.0
984.0
984.0
958.0
958.0
854.0
542.0
464.0
360.0
308.0
256.0
256.0
230.0
230.0
230.0
230.0
225.0
212.0
238.0
373.0
602.0
953.0
1005.0
1044.0
940.0
992.0
966.0
940.0
940.0
784.0
537.0
430.0
352.0
297.0
271.0
245.0
245.0
219.0
219.0
219.0
219.0
238.0
219.0
368.0
628.0
921.0
947.0
1051.0
947.0
947.0
940.0
947.0
921.0
817.0
524.0
419.0
375.0
332.0
237.0
237.0
237.0
228.0
228.0
228.0
228.0
238.0
238.0
368.0
628.0
940.0
966.0
1018.0
955.0
940.0
938.0
940.0
919.0
815.0
524.0
438.0
360.0
334.0
256.0
256.0
230.0
256.0
204.0
230.0
230.0
204.0
212.0
238.0
230.0
263.0
289.0
282.0
256.0
289.0
282.0
308.0
308.0
237.0
256.0
256.0
256.0
230.0
230.0
167.0
219.0
245.0
193.0
193.0
219.0
198.0
193.0
219.0
219.0
219.0
219.0
267.0
271.0
245.0
219.0
219.0
245.0
219.0
228.0
228.0
254.0
228.0
228.0
176.0
202.0
202.0
228.0
228.0
202.0
202.0
228.0
358.0
645.0
904.0
1005.0
1031.0
953.0
1005.0
1005.0
945.0
950.0
815.0
560.0
451.0
373.0
295.0
269.0
243.0
217.0
217.0
217.0
217.0
191.0
191.0
243.0
373.0
659.0
911.0
945.0
1023.0
945.0
973.0
947.0
921.0
921.0
791.0
505.0
427.0
375.0
316.0
271.0
245.0
245.0
245.0
219.0
245.0
219.0
193.0
219.0
375.0
661.0
921.0
947.0
999.0
921.0
947.0
921.0
921.0
895.0
765.0
531.0
401.0
323.0
308.0
230.0
256.0
204.0
230.0
204.0
204.0
230.0
230.0
204.0
230.0
204.0
230.0
218.0
276.0
276.0
224.0
276.0
250.0
224.0
250.0
224.0
248.0
222.0
222.0
186.0
160.0
212.0
186.0
198.0
198.0
193.0
167.0
198.0
198.0
214.0
245.0
219.0
255.0
297.0
245.0
219.0
219.0
245.0
219.0
219.0
219.0
219.0
193.0
198.0
167.0
193.0
193.0
219.0
193.0
193.0
193.0
198.0
198.0
193.0
219.0
219.0
256.0
230.0
230.0
245.0
219.0
250.0
224.0
224.0
224.0
224.0
198.0
198.0
172.0
224.0
198.0
198.0
198.0
198.0
198.0
198.0
202.0
654.0
900.0
953.0
1057.0
927.0
953.0
953.0
953.0
901.0
797.0
459.0
378.0
303.0
274.0
248.0
248.0
222.0
222.0
222.0
248.0
196.0
222.0
222.0
378.0
631.0
943.0
969.0
1047.0
943.0
995.0
969.0
943.0
973.0
843.0
635.0
453.0
374.0
322.0
270.0
270.0
218.0
218.0
245.0
245.0
219.0
245.0
219.0
368.0
628.0
920.0
972.0
1044.0
940.0
992.0
976.0
972.0
946.0
794.0
638.0
430.0
378.0
300.0
274.0
244.0
226.0
222.0
212.0
238.0
186.0
238.0
247.0
368.0
628.0
940.0
940.0
1044.0
940.0
966.0
940.0
914.0
914.0
784.0
524.0
427.0
349.0
300.0
274.0
248.0
222.0
222.0
222.0
222.0
222.0
196.0
222.0
375.0
635.0
921.0
947.0
1025.0
921.0
976.0
950.0
924.0
898.0
794.0
537.0
430.0
352.0
300.0
236.0
236.0
210.0
210.0
210.0
210.0
210.0
229.0
219.0
375.0
635.0
869.0
921.0
999.0
895.0
895.0
921.0
905.0
869.0
791.0
531.0
375.0
349.0
271.0
245.0
245.0
193.0
193.0
219.0
193.0
199.0
199.0
199.0
196.0
222.0
221.0
221.0
247.0
247.0
222.0
248.0
248.0
222.0
222.0
250.0
224.0
224.0
224.0
194.0
172.0
222.0
196.0
195.0
195.0
224.0
188.0
198.0
198.0
198.0
224.0
250.0
250.0
250.0
250.0
247.0
224.0
250.0
224.0
250.0
255.0
224.0
224.0
224.0
172.0
224.0
224.0
224.0
221.0
195.0
195.0
188.0
202.0
583.0
882.0
947.0
1025.0
921.0
947.0
947.0
921.0
921.0
791.0
531.0
453.0
349.0
271.0
249.0
249.0
223.0
223.0
223.0
223.0
223.0
223.0
249.0
353.0
639.0
899.0
951.0
977.0
899.0
925.0
925.0
895.0
891.0
765.0
501.0
379.0
345.0
275.0
249.0
249.0
223.0
223.0
223.0
223.0
223.0
223.0
223.0
353.0
639.0
899.0
951.0
977.0
897.0
949.0
926.0
926.0
874.0
796.0
507.0
403.0
351.0
299.0
247.0
247.0
221.0
221.0
195.0
221.0
221.0
221.0
210.0
377.0
663.0
923.0
949.0
1001.0
897.0
923.0
923.0
897.0
869.0
750.0
542.0
412.0
360.0
308.0
260.0
248.0
222.0
222.0
196.0
248.0
222.0
222.0
222.0
378.0
600.0
886.0
938.0
966.0
886.0
912.0
887.0
899.0
899.0
769.0
509.0
379.0
353.0
275.0
249.0
249.0
223.0
223.0
223.0
223.0
223.0
223.0
197.0
221.0
221.0
221.0
195.0
247.0
247.0
249.0
223.0
249.0
249.0
223.0
223.0
247.0
223.0
223.0
195.0
169.0
195.0
195.0
198.0
203.0
221.0
221.0
192.0
192.0
221.0
247.0
247.0
273.0
273.0
247.0
273.0
247.0
247.0
221.0
247.0
247.0
221.0
221.0
195.0
169.0
221.0
221.0
195.0
195.0
221.0
221.0
276.0
394.0
611.0
869.0
895.0
947.0
904.0
956.0
952.0
952.0
924.0
820.0
614.0
458.0
377.0
299.0
273.0
247.0
221.0
221.0
221.0
221.0
221.0
221.0
221.0
351.0
637.0
923.0
949.0
1001.0
923.0
949.0
923.0
923.0
891.0
787.0
527.0
423.0
371.0
301.0
249.0
249.0
223.0
223.0
223.0
223.0
228.0
219.0
219.0
375.0
635.0
895.0
947.0
973.0
895.0
947.0
928.0
947.0
921.0
791.0
531.0
427.0
352.0
274.0
244.0
244.0
218.0
225.0
192.0
225.0
231.0
218.0
198.0
667.0
927.0
1005.0
1031.0
953.0
1005.0
979.0
1005.0
949.0
819.0
537.0
433.0
351.0
299.0
271.0
247.0
224.0
250.0
224.0
250.0
225.0
251.0
225.0
381.0
641.0
927.0
1005.0
1057.0
978.0
1004.0
978.0
952.0
952.0
843.0
583.0
427.0
349.0
299.0
273.0
247.0
247.0
221.0
219.0
219.0
219.0
219.0
219.0
375.0
635.0
949.0
999.0
1051.0
947.0
999.0
999.0
973.0
973.0
843.0
583.0
427.0
375.0
325.0
273.0
247.0
222.0
248.0
222.0
248.0
222.0
222.0
248.0
378.0
690.0
951.0
977.0
1055.0
951.0
1003.0
977.0
951.0
925.0
847.0
535.0
429.0
377.0
325.0
273.0
247.0
221.0
221.0
221.0
221.0
212.0
195.0
221.0
384.0
696.0
923.0
982.0
1060.0
956.0
982.0
982.0
956.0
930.0
826.0
540.0
436.0
358.0
280.0
254.0
254.0
228.0
202.0
202.0
228.0
228.0
202.0
228.0
221.0
221.0
221.0
273.0
247.0
282.0
247.0
273.0
273.0
247.0
221.0
247.0
221.0
247.0
195.0
221.0
169.0
193.0
195.0
195.0
195.0
198.0
224.0
198.0
198.0
224.0
224.0
250.0
276.0
276.0
250.0
276.0
247.0
273.0
221.0
273.0
247.0
247.0
195.0
221.0
169.0
198.0
221.0
195.0
195.0
193.0
193.0
198.0
190.0
638.0
950.0
1001.0
1028.0
950.0
1002.0
963.0
1002.0
975.0
846.0
586.0
456.0
352.0
310.0
248.0
248.0
222.0
222.0
222.0
248.0
222.0
222.0
248.0
352.0
626.0
950.0
1002.0
1059.0
953.0
1005.0
950.0
976.0
950.0
855.0
574.0
430.0
352.0
300.0
274.0
248.0
222.0
222.0
223.0
249.0
249.0
223.0
223.0
379.0
639.0
925.0
951.0
1055.0
925.0
975.0
951.0
949.0
896.0
843.0
548.0
418.0
340.0
288.0
236.0
236.0
210.0
184.0
210.0
210.0
210.0
211.0
210.0
366.0
626.0
912.0
938.0
1042.0
938.0
944.0
946.0
918.0
892.0
788.0
528.0
372.0
346.0
289.0
242.0
242.0
216.0
216.0
204.0
216.0
190.0
216.0
190.0
372.0
606.0
892.0
918.0
1022.0
944.0
944.0
918.0
917.0
891.0
761.0
536.0
377.0
325.0
247.0
247.0
247.0
195.0
195.0
195.0
184.0
184.0
184.0
184.0
210.0
216.0
242.0
262.0
262.0
236.0
288.0
262.0
242.0
242.0
242.0
242.0
216.0
216.0
216.0
190.0
164.0
216.0
190.0
193.0
193.0
193.0
190.0
190.0
197.0
197.0
223.0
223.0
249.0
273.0
247.0
247.0
247.0
273.0
247.0
221.0
247.0
221.0
217.0
217.0
165.0
191.0
191.0
191.0
191.0
191.0
191.0
198.0
202.0
633.0
919.0
919.0
1049.0
945.0
945.0
997.0
971.0
945.0
815.0
529.0
451.0
347.0
299.0
247.0
247.0
243.0
195.0
243.0
191.0
217.0
186.0
217.0
347.0
633.0
919.0
937.0
1055.0
944.0
944.0
970.0
944.0
958.0
814.0
554.0
450.0
346.0
294.0
242.0
242.0
242.0
216.0
242.0
213.0
216.0
216.0
216.0
340.0
626.0
912.0
990.0
1042.0
938.0
964.0
938.0
938.0
912.0
808.0
548.0
429.0
377.0
299.0
247.0
247.0
249.0
223.0
223.0
223.0
223.0
223.0
223.0
379.0
691.0
951.0
977.0
1055.0
951.0
951.0
951.0
952.0
926.0
822.0
536.0
398.0
346.0
294.0
242.0
242.0
242.0
242.0
190.0
190.0
216.0
190.0
216.0
372.0
632.0
944.0
944.0
1022.0
918.0
970.0
950.0
950.0
898.0
794.0
482.0
351.0
351.0
273.0
221.0
247.0
195.0
221.0
195.0
195.0
169.0
196.0
192.0
231.0
192.0
270.0
304.0
296.0
296.0
296.0
296.0
296.0
296.0
270.0
244.0
218.0
218.0
218.0
192.0
166.0
192.0
192.0
192.0
192.0
166.0
192.0
187.0
166.0
192.0
218.0
218.0
244.0
270.0
244.0
244.0
255.0
218.0
244.0
218.0
218.0
244.0
218.0
218.0
166.0
192.0
192.0
190.0
190.0
216.0
190.0
190.0
202.0
580.0
892.0
918.0
1010.0
944.0
950.0
944.0
918.0
892.0
788.0
551.0
447.0
317.0
268.0
242.0
239.0
239.0
213.0
187.0
213.0
213.0
203.0
213.0
343.0
613.0
925.0
951.0
993.0
915.0
973.0
973.0
937.0
947.0
843.0
531.0
447.0
343.0
291.0
239.0
239.0
222.0
222.0
222.0
222.0
222.0
222.0
248.0
372.0
612.0
950.0
996.0
1048.0
944.0
996.0
970.0
944.0
944.0
788.0
528.0
424.0
346.0
294.0
268.0
242.0
242.0
216.0
216.0
216.0
216.0
247.0
216.0
372.0
632.0
918.0
944.0
1048.0
944.0
944.0
958.0
958.0
932.0
828.0
542.0
424.0
372.0
316.0
242.0
242.0
242.0
216.0
222.0
222.0
222.0
248.0
248.0
378.0
638.0
952.0
978.0
1030.0
952.0
952.0
952.0
952.0
926.0
819.0
533.0
429.0
351.0
325.0
247.0
242.0
216.0
242.0
190.0
216.0
216.0
190.0
216.0
242.0
216.0
272.0
294.0
268.0
242.0
294.0
268.0
294.0
294.0
242.0
242.0
242.0
242.0
216.0
216.0
166.0
218.0
244.0
192.0
192.0
218.0
192.0
192.0
218.0
218.0
216.0
216.0
268.0
268.0
242.0
216.0
216.0
242.0
216.0
216.0
216.0
242.0
216.0
216.0
180.0
192.0
192.0
218.0
218.0
192.0
192.0
218.0
358.0
638.0
891.0
1001.0
1027.0
950.0
1002.0
1002.0
950.0
949.0
819.0
559.0
455.0
369.0
291.0
265.0
239.0
213.0
213.0
213.0
213.0
190.0
190.0
242.0
372.0
658.0
918.0
944.0
1022.0
944.0
974.0
948.0
920.0
920.0
790.0
504.0
426.0
372.0
322.0
260.0
244.0
247.0
247.0
221.0
247.0
221.0
195.0
221.0
386.0
672.0
932.0
958.0
1010.0
925.0
951.0
925.0
925.0
899.0
769.0
535.0
398.0
320.0
294.0
216.0
242.0
190.0
216.0
190.0
190.0
216.0
216.0
190.0
216.0
190.0
216.0
216.0
268.0
268.0
216.0
268.0
242.0
216.0
242.0
216.0
242.0
216.0
216.0
190.0
164.0
216.0
190.0
190.0
190.0
206.0
180.0
186.0
190.0
232.0
258.0
216.0
242.0
310.0
244.0
218.0
218.0
244.0
218.0
218.0
218.0
231.0
192.0
197.0
180.0
206.0
206.0
232.0
206.0
206.0
206.0
186.0
186.0
190.0
216.0
216.0
242.0
216.0
216.0
242.0
216.0
242.0
216.0
216.0
216.0
216.0
192.0
194.0
168.0
220.0
194.0
194.0
194.0
194.0
194.0
186.0
186.0
662.0
896.0
948.0
1052.0
922.0
948.0
948.0
948.0
896.0
792.0
454.0
376.0
298.0
272.0
246.0
246.0
220.0
220.0
220.0
246.0
194.0
220.0
220.0
376.0
636.0
948.0
974.0
1052.0
948.0
1000.0
974.0
948.0
974.0
844.0
636.0
454.0
376.0
324.0
272.0
272.0
220.0
220.0
246.0
246.0
220.0
246.0
209.0
376.0
636.0
922.0
974.0
1052.0
952.0
995.0
978.0
978.0
952.0
796.0
640.0
432.0
380.0
302.0
276.0
250.0
224.0
224.0
224.0
250.0
198.0
250.0
250.0
380.0
640.0
952.0
952.0
1056.0
952.0
978.0
952.0
926.0
926.0
796.0
536.0
429.0
351.0
297.0
271.0
245.0
219.0
219.0
219.0
219.0
223.0
193.0
219.0
375.0
635.0
921.0
960.0
1038.0
934.0
986.0
960.0
934.0
889.0
804.0
544.0
424.0
346.0
310.0
258.0
258.0
232.0
207.0
232.0
232.0
232.0
232.0
232.0
388.0
648.0
882.0
934.0
1012.0
908.0
893.0
934.0
900.0
858.0
796.0
535.0
380.0
346.0
268.0
242.0
250.0
198.0
198.0
224.0
190.0
190.0
190.0
190.0
190.0
216.0
216.0
216.0
242.0
242.0
216.0
242.0
242.0
216.0
216.0
242.0
216.0
216.0
216.0
190.0
169.0
221.0
195.0
195.0
195.0
221.0
192.0
192.0
192.0
195.0
221.0
247.0
242.0
242.0
242.0
242.0
216.0
242.0
216.0
242.0
814.0
840.0
892.0
814.0
866.0
840.0
840.0
788.0
684.0
450.0
320.0
294.0
242.0
216.0
242.0
190.0
190.0
190.0
192.0
192.0
166.0
192.0
296.0
530.0
816.0
816.0
868.0
790.0
816.0
816.0
821.0
795.0
686.0
452.0
348.0
296.0
270.0
244.0
249.0
197.0
197.0
192.0
166.0
190.0
164.0
223.0
275.0
528.0
812.0
840.0
892.0
814.0
866.0
840.0
847.0
814.0
710.0
476.0
372.0
268.0
216.0
216.0
242.0
164.0
164.0
164.0
164.0
164.0
164.0
164.0
169.0
190.0
216.0
216.0
190.0
190.0
216.0
216.0
216.0
258.0
221.0
195.0
195.0
169.0
195.0
169.0
169.0
169.0
169.0
169.0
164.0
164.0
164.0
164.0
164.0
190.0
190.0
216.0
216.0
216.0
216.0
216.0
216.0
216.0
216.0
190.0
190.0
190.0
216.0
190.0
167.0
190.0
164.0
190.0
171.0
197.0
164.0
196.0
306.0
509.0
821.0
873.0
925.0
816.0
873.0
847.0
847.0
811.0
710.0
452.0
374.0
296.0
244.0
218.0
244.0
195.0
244.0
244.0
233.0
244.0
244.0
233.0
337.0
493.0
790.0
831.0
857.0
779.0
786.0
771.0
753.0
736.0
666.0
458.0
406.0
354.0
302.0
276.0
276.0
276.0
279.0
302.0
276.0
276.0
302.0
302.0
380.0
510.0
718.0
770.0
848.0
744.0
768.0
770.0
744.0
744.0
665.0
457.0
405.0
353.0
335.0
327.0
301.0
223.0
197.0
223.0
197.0
223.0
192.0
223.0
327.0
535.0
847.0
847.0
925.0
821.0
847.0
847.0
839.0
845.0
724.0
483.0
377.0
325.0
273.0
247.0
221.0
225.0
195.0
221.0
216.0
216.0
216.0
216.0
328.0
562.0
814.0
866.0
926.0
814.0
866.0
874.0
864.0
866.0
710.0
448.0
344.0
266.0
266.0
240.0
221.0
169.0
169.0
169.0
164.0
164.0
169.0
169.0
164.0
190.0
268.0
299.0
299.0
294.0
268.0
268.0
268.0
268.0
268.0
216.0
220.0
190.0
190.0
190.0
164.0
164.0
164.0
164.0
164.0
164.0
164.0
160.0
164.0
190.0
268.0
275.0
294.0
268.0
294.0
294.0
294.0
268.0
270.0
218.0
218.0
192.0
192.0
192.0
166.0
166.0
192.0
198.0
198.0
187.0
192.0
187.0
306.0
488.0
744.0
796.0
848.0
796.0
816.0
816.0
770.0
770.0
666.0
432.0
354.0
302.0
276.0
276.0
216.0
224.0
190.0
216.0
190.0
192.0
192.0
192.0
302.0
530.0
751.0
802.0
848.0
770.0
822.0
796.0
796.0
796.0
692.0
484.0
379.0
327.0
249.0
249.0
223.0
223.0
195.0
221.0
205.0
190.0
190.0
195.0
273.0
509.0
795.0
819.0
899.0
795.0
847.0
821.0
821.0
795.0
691.0
457.0
353.0
301.0
275.0
249.0
223.0
223.0
190.0
190.0
190.0
190.0
190.0
190.0
298.0
506.0
816.0
842.0
920.0
818.0
864.0
838.0
838.0
814.0
710.0
474.0
370.0
344.0
242.0
242.0
221.0
221.0
221.0
190.0
190.0
195.0
195.0
195.0
325.0
585.0
845.0
871.0
923.0
819.0
871.0
845.0
845.0
819.0
715.0
455.0
325.0
273.0
221.0
195.0
169.0
195.0
164.0
164.0
190.0
164.0
164.0
190.0
164.0
190.0
294.0
294.0
294.0
242.0
294.0
292.0
294.0
294.0
268.0
216.0
190.0
190.0
190.0
164.0
164.0
198.0
164.0
164.0
190.0
164.0
164.0
174.0
169.0
195.0
247.0
216.0
242.0
216.0
242.0
242.0
242.0
242.0
216.0
216.0
195.0
195.0
221.0
190.0
164.0
195.0
164.0
197.0
171.0
197.0
171.0
187.0
167.0
561.0
847.0
873.0
951.0
847.0
899.0
873.0
900.0
873.0
743.0
457.0
379.0
301.0
273.0
247.0
221.0
195.0
221.0
190.0
195.0
195.0
195.0
195.0
325.0
559.0
871.0
897.0
949.0
845.0
871.0
897.0
871.0
845.0
741.0
455.0
377.0
299.0
273.0
247.0
221.0
221.0
192.0
192.0
195.0
221.0
195.0
195.0
327.0
561.0
899.0
899.0
951.0
847.0
899.0
890.0
873.0
847.0
717.0
457.0
379.0
301.0
275.0
249.0
249.0
216.0
216.0
216.0
195.0
195.0
195.0
221.0
325.0
559.0
845.0
871.0
949.0
819.0
897.0
900.0
874.0
866.0
718.0
536.0
432.0
346.0
268.0
242.0
242.0
190.0
190.0
190.0
190.0
190.0
164.0
216.0
328.0
562.0
848.0
874.0
926.0
822.0
874.0
874.0
848.0
848.0
725.0
517.0
387.0
329.0
257.0
221.0
257.0
164.0
190.0
190.0
164.0
169.0
179.0
205.0
190.0
195.0
283.0
283.0
309.0
283.0
294.0
294.0
294.0
294.0
283.0
231.0
231.0
231.0
190.0
205.0
179.0
205.0
200.0
164.0
205.0
205.0
164.0
174.0
205.0
205.0
231.0
242.0
242.0
216.0
268.0
268.0
242.0
242.0
216.0
190.0
190.0
190.0
190.0
190.0
164.0
164.0
190.0
190.0
169.0
169.0
169.0
195.0
202.0
563.0
845.0
871.0
949.0
845.0
901.0
871.0
871.0
871.0
715.0
455.0
351.0
299.0
273.0
247.0
247.0
195.0
190.0
190.0
196.0
161.0
190.0
224.0
328.0
562.0
848.0
874.0
952.0
822.0
885.0
900.0
900.0
874.0
739.0
458.0
380.0
302.0
268.0
242.0
242.0
190.0
190.0
194.0
194.0
194.0
190.0
220.0
324.0
610.0
849.0
896.0
948.0
844.0
901.0
901.0
875.0
847.0
719.0
459.0
329.0
277.0
242.0
242.0
242.0
190.0
216.0
190.0
190.0
195.0
195.0
221.0
325.0
611.0
897.0
923.0
975.0
871.0
923.0
897.0
897.0
845.0
741.0
455.0
351.0
299.0
242.0
242.0
242.0
223.0
190.0
216.0
197.0
183.0
190.0
197.0
327.0
561.0
873.0
899.0
926.0
848.0
848.0
770.0
770.0
770.0
588.0
380.0
296.0
270.0
250.0
244.0
244.0
192.0
166.0
166.0
192.0
166.0
166.0
166.0
192.0
216.0
242.0
270.0
244.0
218.0
207.0
244.0
218.0
244.0
218.0
190.0
190.0
164.0
190.0
164.0
164.0
195.0
164.0
164.0
195.0
143.0
164.0
138.0
195.0
216.0
242.0
268.0
268.0
268.0
242.0
216.0
242.0
216.0
190.0
190.0
190.0
231.0
179.0
164.0
164.0
164.0
166.0
205.0
166.0
166.0
166.0
206.0
187.0
569.0
816.0
816.0
894.0
842.0
842.0
842.0
842.0
816.0
686.0
491.0
348.0
296.0
244.0
218.0
244.0
192.0
192.0
192.0
192.0
192.0
216.0
190.0
351.0
564.0
845.0
845.0
923.0
845.0
871.0
845.0
845.0
845.0
689.0
455.0
351.0
299.0
247.0
221.0
247.0
221.0
195.0
195.0
195.0
184.0
195.0
221.0
325.0
559.0
845.0
881.0
959.0
855.0
907.0
871.0
901.0
849.0
719.0
476.0
372.0
294.0
268.0
242.0
242.0
190.0
190.0
216.0
190.0
190.0
215.0
225.0
329.0
563.0
901.0
901.0
953.0
849.0
901.0
901.0
901.0
875.0
719.0
459.0
381.0
329.0
268.0
268.0
242.0
247.0
195.0
227.0
221.0
221.0
195.0
221.0
351.0
611.0
871.0
897.0
949.0
845.0
897.0
897.0
901.0
849.0
719.0
459.0
348.0
277.0
218.0
244.0
244.0
192.0
192.0
190.0
195.0
195.0
195.0
195.0
190.0
242.0
268.0
299.0
294.0
320.0
320.0
331.0
320.0
294.0
242.0
242.0
216.0
216.0
216.0
190.0
164.0
190.0
190.0
190.0
194.0
194.0
187.0
176.0
190.0
242.0
268.0
294.0
294.0
294.0
294.0
294.0
294.0
320.0
268.0
242.0
242.0
216.0
216.0
190.0
164.0
190.0
190.0
190.0
216.0
164.0
194.0
206.0
202.0
580.0
866.0
923.0
990.0
871.0
949.0
923.0
919.0
897.0
741.0
507.0
377.0
325.0
247.0
221.0
247.0
195.0
195.0
221.0
195.0
195.0
195.0
221.0
335.0
621.0
907.0
907.0
985.0
881.0
907.0
881.0
880.0
881.0
725.0
491.0
387.0
309.0
283.0
257.0
249.0
223.0
275.0
223.0
249.0
223.0
223.0
223.0
197.0
223.0
353.0
561.0
873.0
873.0
899.0
821.0
899.0
873.0
847.0
847.0
717.0
507.0
403.0
351.0
273.0
221.0
273.0
195.0
195.0
221.0
221.0
195.0
195.0
195.0
195.0
195.0
221.0
221.0
247.0
221.0
221.0
247.0
247.0
249.0
275.0
249.0
249.0
223.0
192.0
171.0
171.0
192.0
223.0
192.0
223.0
194.0
192.0
164.0
194.0
190.0
216.0
216.0
190.0
216.0
216.0
221.0
195.0
221.0
221.0
195.0
221.0
221.0
194.0
194.0
169.0
195.0
195.0
190.0
190.0
190.0
164.0
194.0
192.0
190.0
216.0
231.0
218.0
257.0
244.0
244.0
244.0
244.0
218.0
218.0
218.0
212.0
218.0
192.0
166.0
192.0
192.0
192.0
192.0
192.0
197.0
194.0
192.0
587.0
899.0
951.0
951.0
899.0
925.0
951.0
899.0
899.0
797.0
537.0
459.0
346.0
268.0
239.0
268.0
190.0
216.0
216.0
216.0
225.0
199.0
199.0
329.0
615.0
875.0
901.0
927.0
849.0
901.0
901.0
892.0
901.0
745.0
563.0
459.0
355.0
296.0
244.0
270.0
192.0
218.0
192.0
218.0
199.0
225.0
225.0
355.0
563.0
875.0
875.0
953.0
849.0
875.0
875.0
875.0
901.0
745.0
537.0
407.0
355.0
304.0
277.0
277.0
225.0
251.0
199.0
225.0
225.0
199.0
225.0
329.0
589.0
823.0
875.0
901.0
823.0
875.0
823.0
849.0
823.0
719.0
485.0
381.0
329.0
242.0
216.0
277.0
164.0
190.0
190.0
173.0
199.0
199.0
199.0
173.0
223.0
249.0
216.0
257.0
197.0
242.0
242.0
216.0
197.0
249.0
217.0
197.0
197.0
197.0
177.0
171.0
171.0
197.0
171.0
197.0
197.0
194.0
173.0
197.0
225.0
225.0
218.0
218.0
215.0
244.0
192.0
218.0
221.0
192.0
218.0
218.0
218.0
218.0
192.0
166.0
192.0
192.0
192.0
192.0
178.0
192.0
192.0
202.0
582.0
849.0
875.0
866.0
823.0
840.0
840.0
866.0
855.0
699.0
491.0
387.0
322.0
270.0
244.0
245.0
192.0
219.0
219.0
218.0
192.0
192.0
219.0
355.0
583.0
817.0
901.0
927.0
849.0
875.0
901.0
875.0
849.0
771.0
485.0
459.0
381.0
299.0
247.0
273.0
247.0
199.0
221.0
225.0
225.0
199.0
251.0
329.0
563.0
823.0
875.0
901.0
823.0
875.0
849.0
849.0
875.0
719.0
511.0
381.0
381.0
277.0
244.0
268.0
216.0
251.0
221.0
221.0
221.0
221.0
251.0
355.0
589.0
849.0
901.0
922.0
849.0
896.0
897.0
905.0
845.0
767.0
533.0
403.0
351.0
273.0
273.0
247.0
195.0
221.0
247.0
195.0
221.0
221.0
195.0
325.0
567.0
855.0
879.0
905.0
845.0
871.0
853.0
845.0
819.0
715.0
481.0
401.0
346.0
268.0
216.0
242.0
216.0
190.0
216.0
190.0
216.0
190.0
190.0
216.0
249.0
270.0
274.0
317.0
270.0
296.0
275.0
275.0
275.0
249.0
249.0
247.0
221.0
221.0
221.0
169.0
195.0
195.0
195.0
195.0
194.0
194.0
194.0
221.0
221.0
221.0
221.0
221.0
247.0
247.0
209.0
252.0
252.0
246.0
246.0
220.0
220.0
220.0
220.0
168.0
194.0
220.0
220.0
220.0
194.0
220.0
192.0
192.0
610.0
870.0
902.0
948.0
870.0
922.0
896.0
922.0
896.0
792.0
532.0
454.0
350.0
324.0
272.0
247.0
194.0
194.0
194.0
225.0
221.0
210.0
225.0
329.0
615.0
849.0
927.0
953.0
875.0
901.0
901.0
875.0
875.0
797.0
563.0
455.0
351.0
299.0
247.0
247.0
229.0
255.0
229.0
229.0
229.0
229.0
229.0
333.0
619.0
853.0
905.0
931.0
853.0
905.0
870.0
870.0
870.0
766.0
506.0
428.0
376.0
298.0
272.0
248.0
220.0
194.0
220.0
220.0
220.0
220.0
220.0
324.0
611.0
845.0
897.0
923.0
819.0
845.0
845.0
845.0
819.0
715.0
481.0
377.0
325.0
273.0
247.0
247.0
221.0
202.0
194.0
220.0
220.0
190.0
194.0
350.0
662.0
844.0
870.0
896.0
792.0
870.0
870.0
844.0
873.0
724.0
454.0
377.0
325.0
273.0
247.0
247.0
195.0
195.0
195.0
221.0
195.0
195.0
195.0
195.0
221.0
247.0
273.0
273.0
273.0
273.0
273.0
273.0
273.0
247.0
221.0
247.0
195.0
221.0
221.0
169.0
194.0
201.0
194.0
194.0
194.0
194.0
175.0
194.0
221.0
217.0
195.0
221.0
247.0
221.0
247.0
247.0
247.0
247.0
221.0
221.0
221.0
247.0
195.0
169.0
195.0
221.0
195.0
221.0
195.0
194.0
187.0
202.0
584.0
844.0
870.0
896.0
818.0
870.0
844.0
843.0
817.0
743.0
561.0
483.0
353.0
275.0
249.0
249.0
223.0
223.0
223.0
197.0
223.0
197.0
223.0
349.0
583.0
843.0
843.0
869.0
843.0
869.0
869.0
869.0
869.0
765.0
531.0
453.0
375.0
297.0
245.0
245.0
245.0
219.0
219.0
193.0
219.0
219.0
219.0
323.0
583.0
843.0
895.0
895.0
817.0
843.0
869.0
843.0
869.0
739.0
505.0
401.0
349.0
297.0
271.0
245.0
245.0
219.0
193.0
193.0
219.0
193.0
221.0
323.0
611.0
819.0
871.0
871.0
767.0
819.0
819.0
767.0
707.0
611.0
429.0
377.0
299.0
273.0
221.0
247.0
195.0
195.0
195.0
195.0
169.0
169.0
174.0
200.0
175.0
226.0
201.0
200.0
200.0
200.0
200.0
226.0
226.0
226.0
226.0
200.0
200.0
174.0
174.0
174.0
174.0
174.0
200.0
174.0
200.0
174.0
174.0
169.0
195.0
169.0
195.0
195.0
194.0
194.0
195.0
195.0
221.0
195.0
223.0
197.0
194.0
197.0
197.0
174.0
200.0
174.0
200.0
200.0
197.0
148.0
166.0
169.0
166.0
169.0
197.0
169.0
186.0
192.0
195.0
195.0
195.0
195.0
220.0
201.0
201.0
201.0
201.0
175.0
201.0
175.0
201.0
175.0
175.0
201.0
201.0
171.0
591.0
877.0
877.0
903.0
825.0
903.0
871.0
903.0
877.0
773.0
487.0
435.0
357.0
305.0
253.0
253.0
227.0
227.0
227.0
201.0
227.0
227.0
201.0
331.0
617.0
851.0
897.0
923.0
819.0
871.0
897.0
897.0
880.0
802.0
516.0
438.0
360.0
299.0
249.0
249.0
197.0
223.0
209.0
220.0
194.0
194.0
220.0
324.0
610.0
844.0
896.0
922.0
844.0
870.0
894.0
896.0
870.0
740.0
532.0
427.0
349.0
271.0
219.0
245.0
219.0
219.0
219.0
219.0
193.0
193.0
230.0
320.0
646.0
854.0
906.0
906.0
828.0
880.0
906.0
906.0
880.0
776.0
542.0
438.0
360.0
308.0
256.0
267.0
221.0
221.0
195.0
195.0
221.0
221.0
221.0
323.0
583.0
843.0
871.0
895.0
817.0
869.0
895.0
882.0
873.0
750.0
511.0
409.0
357.0
279.0
253.0
279.0
201.0
227.0
201.0
227.0
227.0
227.0
201.0
227.0
227.0
279.0
279.0
279.0
279.0
279.0
305.0
305.0
305.0
253.0
243.0
227.0
253.0
227.0
227.0
175.0
194.0
227.0
194.0
197.0
194.0
194.0
190.0
194.0
194.0
195.0
221.0
247.0
247.0
247.0
221.0
221.0
221.0
221.0
221.0
220.0
246.0
220.0
194.0
168.0
220.0
220.0
194.0
194.0
220.0
194.0
186.0
186.0
574.0
895.0
896.0
948.0
870.0
922.0
922.0
922.0
922.0
766.0
558.0
428.0
376.0
298.0
233.0
273.0
221.0
247.0
221.0
221.0
221.0
221.0
210.0
314.0
600.0
860.0
886.0
912.0
808.0
886.0
886.0
886.0
886.0
730.0
522.0
402.0
351.0
298.0
246.0
272.0
220.0
220.0
220.0
220.0
220.0
220.0
220.0
324.0
610.0
870.0
870.0
925.0
821.0
873.0
899.0
847.0
873.0
743.0
509.0
379.0
353.0
275.0
249.0
275.0
223.0
197.0
223.0
223.0
223.0
197.0
225.0
355.0
615.0
844.0
870.0
922.0
844.0
896.0
896.0
194.0
197.0
197.0
211.0
197.0
197.0
223.0
197.0
223.0
221.0
221.0
195.0
221.0
221.0
169.0
194.0
221.0
194.0
194.0
195.0
194.0
192.0
192.0
195.0
220.0
247.0
247.0
247.0
247.0
247.0
221.0
220.0
195.0
221.0
221.0
195.0
195.0
192.0
169.0
220.0
195.0
195.0
195.0
194.0
197.0
192.0
169.0
220.0
195.0
239.0
247.0
221.0
221.0
247.0
247.0
221.0
221.0
221.0
221.0
221.0
195.0
227.0
175.0
227.0
201.0
201.0
175.0
194.0
194.0
194.0
192.0
669.0
955.0
981.0
1059.0
955.0
955.0
955.0
955.0
929.0
818.0
558.0
428.0
356.0
272.0
278.0
252.0
226.0
226.0
194.0
220.0
194.0
194.0
194.0
371.0
683.0
943.0
943.0
995.0
917.0
943.0
917.0
917.0
923.0
787.0
533.0
423.0
377.0
299.0
247.0
247.0
221.0
195.0
227.0
206.0
227.0
194.0
246.0
376.0
688.0
922.0
974.0
1059.0
929.0
981.0
955.0
955.0
903.0
799.0
539.0
435.0
383.0
279.0
279.0
253.0
227.0
227.0
253.0
223.0
223.0
197.0
223.0
379.0
691.0
925.0
957.0
1003.0
899.0
913.0
925.0
899.0
904.0
743.0
509.0
405.0
327.0
249.0
223.0
249.0
165.0
200.0
165.0
165.0
160.0
165.0
165.0
168.0
217.0
269.0
243.0
243.0
217.0
269.0
243.0
269.0
243.0
243.0
217.0
217.0
221.0
195.0
221.0
169.0
195.0
192.0
186.0
169.0
169.0
195.0
169.0
195.0
195.0
247.0
273.0
273.0
273.0
243.0
243.0
269.0
269.0
243.0
217.0
191.0
217.0
191.0
205.0
165.0
205.0
179.0
205.0
205.0
179.0
179.0
196.0
332.0
667.0
927.0
927.0
1009.0
901.0
953.0
927.0
953.0
901.0
771.0
511.0
459.0
381.0
303.0
269.0
269.0
217.0
217.0
243.0
217.0
191.0
210.0
210.0
366.0
652.0
912.0
964.0
1042.0
938.0
964.0
945.0
945.0
919.0
789.0
529.0
451.0
373.0
321.0
269.0
269.0
229.0
217.0
217.0
217.0
217.0
217.0
217.0
373.0
607.0
919.0
919.0
997.0
919.0
945.0
919.0
919.0
893.0
763.0
503.0
425.0
373.0
295.0
269.0
269.0
217.0
217.0
217.0
217.0
191.0
191.0
243.0
373.0
633.0
925.0
951.0
977.0
925.0
919.0
899.0
899.0
875.0
745.0
511.0
425.0
381.0
303.0
277.0
239.0
225.0
225.0
225.0
238.0
225.0
225.0
251.0
381.0
667.0
927.0
953.0
1005.0
927.0
953.0
953.0
927.0
927.0
762.0
537.0
403.0
351.0
299.0
273.0
247.0
221.0
221.0
195.0
195.0
195.0
195.0
195.0
221.0
221.0
299.0
299.0
325.0
299.0
299.0
299.0
325.0
299.0
273.0
252.0
226.0
252.0
221.0
247.0
169.0
195.0
221.0
220.0
227.0
190.0
194.0
190.0
227.0
253.0
279.0
305.0
357.0
305.0
305.0
279.0
305.0
279.0
278.0
252.0
253.0
253.0
227.0
217.0
165.0
217.0
191.0
217.0
191.0
190.0
190.0
188.0
216.0
607.0
841.0
919.0
919.0
841.0
893.0
893.0
867.0
867.0
737.0
477.0
373.0
347.0
269.0
269.0
243.0
217.0
191.0
221.0
195.0
195.0
221.0
221.0
351.0
611.0
845.0
871.0
897.0
845.0
845.0
845.0
845.0
845.0
715.0
481.0
377.0
325.0
273.0
273.0
247.0
221.0
221.0
221.0
221.0
195.0
221.0
247.0
377.0
637.0
825.0
851.0
929.0
877.0
851.0
877.0
851.0
825.0
721.0
483.0
379.0
327.0
275.0
275.0
249.0
249.0
223.0
230.0
223.0
223.0
249.0
223.0
374.0
639.0
847.0
873.0
925.0
873.0
899.0
847.0
847.0
847.0
717.0
509.0
379.0
327.0
327.0
240.0
244.0
249.0
249.0
223.0
197.0
223.0
223.0
220.0
348.0
662.0
896.0
870.0
948.0
870.0
896.0
844.0
870.0
845.0
714.0
507.0
374.0
325.0
270.0
247.0
247.0
221.0
221.0
221.0
221.0
195.0
221.0
195.0
195.0
195.0
213.0
221.0
221.0
221.0
221.0
221.0
221.0
221.0
221.0
215.0
221.0
195.0
246.0
220.0
168.0
194.0
217.0
217.0
217.0
191.0
191.0
199.0
192.0
192.0
218.0
244.0
270.0
244.0
244.0
218.0
244.0
255.0
224.0
244.0
218.0
244.0
218.0
218.0
166.0
218.0
192.0
192.0
192.0
231.0
199.0
225.0
202.0
673.0
922.0
1000.0
1062.0
947.0
1003.0
951.0
951.0
922.0
792.0
532.0
428.0
376.0
324.0
272.0
246.0
220.0
246.0
246.0
225.0
225.0
225.0
251.0
381.0
693.0
953.0
979.0
1057.0
953.0
979.0
953.0
953.0
927.0
771.0
511.0
407.0
356.0
304.0
252.0
252.0
226.0
226.0
226.0
226.0
251.0
199.0
230.0
356.0
667.0
927.0
958.0
1036.0
958.0
932.0
932.0
932.0
906.0
797.0
563.0
433.0
365.0
299.0
270.0
247.0
221.0
221.0
225.0
221.0
251.0
251.0
225.0
355.0
641.0
927.0
953.0
1005.0
953.0
953.0
953.0
953.0
927.0
797.0
537.0
402.0
376.0
298.0
247.0
247.0
247.0
221.0
221.0
221.0
247.0
223.0
223.0
353.0
613.0
951.0
951.0
1003.0
925.0
949.0
923.0
897.0
897.0
793.0
537.0
351.0
273.0
239.0
227.0
279.0
227.0
201.0
227.0
227.0
253.0
201.0
227.0
201.0
190.0
242.0
247.0
247.0
239.0
265.0
268.0
280.0
242.0
242.0
268.0
221.0
247.0
221.0
249.0
171.0
197.0
223.0
223.0
223.0
194.0
220.0
191.0
225.0
223.0
223.0
221.0
225.0
273.0
299.0
247.0
247.0
247.0
247.0
247.0
247.0
221.0
221.0
221.0
169.0
221.0
221.0
221.0
195.0
221.0
220.0
225.0
332.0
636.0
948.0
974.0
1052.0
948.0
1000.0
1026.0
974.0
974.0
818.0
589.0
433.0
353.0
301.0
275.0
275.0
249.0
249.0
223.0
223.0
223.0
223.0
223.0
379.0
602.0
951.0
1003.0
1029.0
967.0
1012.0
967.0
941.0
967.0
837.0
550.0
421.0
343.0
291.0
239.0
265.0
257.0
213.0
239.0
213.0
213.0
213.0
213.0
343.0
629.0
915.0
941.0
1019.0
941.0
967.0
941.0
941.0
915.0
785.0
529.0
421.0
343.0
317.0
239.0
265.0
239.0
213.0
213.0
213.0
213.0
213.0
213.0
343.0
628.0
915.0
967.0
1045.0
941.0
967.0
967.0
941.0
915.0
837.0
524.0
417.0
343.0
291.0
265.0
265.0
275.0
213.0
249.0
249.0
222.0
223.0
223.0
368.0
602.0
925.0
951.0
1029.0
951.0
966.0
975.0
940.0
914.0
810.0
524.0
368.0
342.0
264.0
239.0
264.0
220.0
186.0
220.0
212.0
212.0
186.0
212.0
226.0
238.0
238.0
265.0
264.0
264.0
264.0
264.0
264.0
273.0
265.0
239.0
239.0
213.0
213.0
247.0
169.0
221.0
221.0
212.0
221.0
194.0
186.0
190.0
185.0
186.0
211.0
211.0
263.0
237.0
237.0
263.0
263.0
263.0
237.0
242.0
211.0
211.0
211.0
185.0
159.0
159.0
185.0
211.0
159.0
159.0
193.0
186.0
192.0
627.0
835.0
887.0
991.0
939.0
939.0
991.0
939.0
965.0
835.0
591.0
461.0
383.0
299.0
273.0
273.0
227.0
201.0
253.0
227.0
227.0
201.0
227.0
337.0
623.0
929.0
955.0
1059.0
955.0
981.0
989.0
961.0
935.0
831.0
571.0
441.0
377.0
325.0
268.0
273.0
247.0
247.0
247.0
247.0
221.0
211.0
238.0
368.0
628.0
940.0
940.0
1044.0
940.0
966.0
966.0
940.0
940.0
810.0
602.0
402.0
376.0
350.0
246.0
272.0
246.0
246.0
246.0
220.0
246.0
246.0
220.0
368.0
636.0
940.0
966.0
1048.0
944.0
970.0
944.0
949.0
949.0
814.0
610.0
476.0
372.0
320.0
268.0
268.0
242.0
242.0
221.0
247.0
221.0
221.0
247.0
377.0
689.0
941.0
975.0
1053.0
949.0
1001.0
966.0
937.0
937.0
781.0
573.0
417.0
346.0
294.0
268.0
268.0
216.0
190.0
216.0
216.0
216.0
220.0
190.0
164.0
190.0
190.0
190.0
192.0
164.0
194.0
192.0
192.0
580.0
840.0
877.0
877.0
825.0
840.0
840.0
866.0
840.0
680.0
490.0
368.0
320.0
265.0
239.0
242.0
190.0
216.0
216.0
216.0
190.0
190.0
216.0
346.0
580.0
814.0
892.0
918.0
840.0
866.0
892.0
866.0
840.0
762.0
476.0
446.0
372.0
294.0
242.0
268.0
242.0
190.0
216.0
209.0
209.0
183.0
238.0
313.0
547.0
816.0
868.0
885.0
807.0
868.0
833.0
851.0
877.0
721.0
513.0
383.0
383.0
279.0
253.0
279.0
227.0
253.0
221.0
221.0
209.0
221.0
247.0
351.0
585.0
845.0
897.0
923.0
845.0
897.0
892.0
897.0
844.0
762.0
524.0
398.0
346.0
268.0
268.0
242.0
190.0
217.0
242.0
190.0
216.0
212.0
186.0
316.0
550.0
836.0
866.0
892.0
840.0
866.0
840.0
840.0
814.0
721.0
476.0
409.0
346.0
268.0
216.0
242.0
216.0
181.0
210.0
190.0
216.0
190.0
190.0
216.0
242.0
268.0
268.0
320.0
268.0
294.0
268.0
268.0
268.0
242.0
242.0
242.0
216.0
216.0
216.0
164.0
190.0
190.0
190.0
194.0
190.0
190.0
190.0
216.0
216.0
216.0
216.0
216.0
242.0
242.0
216.0
242.0
242.0
242.0
242.0
216.0
216.0
220.0
216.0
164.0
190.0
230.0
216.0
220.0
194.0
216.0
190.0
190.0
606.0
866.0
892.0
944.0
871.0
923.0
897.0
923.0
897.0
793.0
533.0
455.0
351.0
325.0
273.0
242.0
190.0
190.0
190.0
216.0
216.0
216.0
207.0
311.0
606.0
840.0
918.0
944.0
866.0
892.0
892.0
866.0
857.0
788.0
554.0
450.0
346.0
294.0
242.0
242.0
216.0
242.0
216.0
216.0
216.0
216.0
207.0
320.0
606.0
840.0
892.0
918.0
840.0
892.0
871.0
871.0
871.0
767.0
507.0
429.0
377.0
299.0
273.0
247.0
221.0
195.0
221.0
221.0
221.0
221.0
221.0
336.0
606.0
840.0
892.0
922.0
814.0
856.0
856.0
840.0
814.0
726.0
476.0
372.0
336.0
268.0
242.0
258.0
232.0
206.0
206.0
232.0
232.0
206.0
206.0
362.0
674.0
848.0
882.0
908.0
804.0
882.0
882.0
856.0
882.0
726.0
466.0
388.0
336.0
284.0
258.0
258.0
206.0
206.0
206.0
232.0
206.0
206.0
204.0
206.0
232.0
242.0
284.0
284.0
268.0
268.0
268.0
268.0
268.0
242.0
216.0
242.0
190.0
224.0
220.0
168.0
194.0
194.0
194.0
194.0
194.0
194.0
168.0
194.0
220.0
218.0
192.0
218.0
244.0
218.0
244.0
244.0
244.0
244.0
218.0
218.0
218.0
247.0
195.0
169.0
194.0
221.0
194.0
220.0
195.0
194.0
193.0
186.0
585.0
845.0
871.0
897.0
819.0
871.0
845.0
845.0
819.0
741.0
570.0
492.0
362.0
284.0
258.0
258.0
232.0
232.0
232.0
206.0
232.0
181.0
232.0
362.0
596.0
856.0
856.0
878.0
855.0
882.0
882.0
882.0
882.0
778.0
519.0
453.0
375.0
294.0
242.0
242.0
242.0
218.0
218.0
193.0
219.0
219.0
219.0
323.0
583.0
843.0
895.0
898.0
820.0
846.0
872.0
846.0
872.0
742.0
508.0
404.0
352.0
296.0
270.0
244.0
248.0
218.0
192.0
196.0
222.0
196.0
222.0
326.0
608.0
820.0
872.0
872.0
768.0
820.0
820.0
768.0
716.0
612.0
430.0
378.0
296.0
274.0
222.0
248.0
196.0
196.0
196.0
196.0
170.0
170.0
170.0
186.0
159.0
218.0
192.0
192.0
192.0
192.0
192.0
218.0
218.0
218.0
222.0
196.0
196.0
170.0
170.0
170.0
170.0
170.0
196.0
170.0
196.0
170.0
170.0
170.0
196.0
170.0
196.0
196.0
196.0
192.0
192.0
192.0
218.0
201.0
218.0
192.0
192.0
191.0
206.0
166.0
192.0
166.0
196.0
196.0
196.0
140.0
166.0
166.0
166.0
166.0
196.0
166.0
198.0
192.0
192.0
192.0
192.0
192.0
222.0
192.0
192.0
192.0
192.0
166.0
192.0
166.0
192.0
166.0
170.0
196.0
198.0
170.0
586.0
872.0
872.0
898.0
820.0
898.0
872.0
898.0
872.0
768.0
482.0
430.0
352.0
300.0
248.0
248.0
222.0
222.0
222.0
196.0
222.0
222.0
196.0
326.0
610.0
844.0
896.0
922.0
818.0
870.0
896.0
896.0
870.0
787.0
506.0
428.0
350.0
294.0
242.0
242.0
190.0
216.0
216.0
222.0
196.0
190.0
216.0
320.0
606.0
840.0
892.0
918.0
840.0
866.0
892.0
888.0
862.0
732.0
524.0
430.0
352.0
270.0
218.0
244.0
218.0
218.0
218.0
222.0
196.0
192.0
218.0
322.0
628.0
842.0
894.0
894.0
816.0
874.0
888.0
894.0
868.0
764.0
530.0
426.0
348.0
296.0
244.0
270.0
218.0
218.0
192.0
192.0
216.0
216.0
218.0
322.0
586.0
831.0
868.0
894.0
816.0
868.0
883.0
857.0
857.0
727.0
493.0
389.0
348.0
270.0
244.0
270.0
192.0
218.0
192.0
218.0
218.0
218.0
192.0
218.0
218.0
270.0
270.0
270.0
270.0
270.0
296.0
296.0
296.0
244.0
244.0
218.0
244.0
218.0
222.0
158.0
194.0
222.0
194.0
196.0
190.0
198.0
190.0
194.0
196.0
196.0
222.0
248.0
244.0
244.0
222.0
218.0
228.0
218.0
218.0
216.0
242.0
216.0
190.0
176.0
216.0
216.0
190.0
190.0
216.0
198.0
198.0
198.0
576.0
892.0
892.0
944.0
862.0
918.0
918.0
918.0
924.0
768.0
566.0
437.0
378.0
300.0
248.0
274.0
222.0
234.0
222.0
222.0
222.0
222.0
222.0
326.0
612.0
872.0
898.0
924.0
820.0
898.0
898.0
898.0
898.0
742.0
533.0
404.0
352.0
300.0
248.0
274.0
222.0
222.0
222.0
222.0
222.0
222.0
222.0
326.0
612.0
872.0
872.0
924.0
820.0
872.0
898.0
846.0
872.0
742.0
508.0
378.0
352.0
274.0
248.0
270.0
218.0
192.0
222.0
222.0
222.0
196.0
222.0
350.0
610.0
844.0
870.0
922.0
845.0
897.0
898.0
898.0
846.0
716.0
508.0
430.0
352.0
274.0
248.0
274.0
222.0
222.0
222.0
222.0
202.0
196.0
222.0
378.0
586.0
846.0
898.0
924.0
830.0
882.0
882.0
882.0
882.0
726.0
518.0
388.0
362.0
284.0
270.0
270.0
218.0
218.0
223.0
223.0
223.0
223.0
218.0
218.0
270.0
296.0
296.0
348.0
270.0
296.0
296.0
296.0
296.0
270.0
218.0
218.0
218.0
196.0
222.0
170.0
170.0
194.0
222.0
196.0
190.0
216.0
190.0
206.0
218.0
244.0
268.0
270.0
244.0
244.0
268.0
268.0
268.0
244.0
242.0
242.0
216.0
216.0
216.0
164.0
190.0
216.0
190.0
192.0
217.0
191.0
191.0
198.0
586.0
924.0
924.0
950.0
872.0
924.0
924.0
924.0
872.0
768.0
534.0
456.0
326.0
300.0
248.0
248.0
222.0
222.0
248.0
222.0
222.0
222.0
222.0
341.0
648.0
882.0
908.0
934.0
830.0
908.0
908.0
908.0
882.0
778.0
518.0
440.0
372.0
294.0
242.0
242.0
216.0
238.0
238.0
212.0
212.0
186.0
238.0
342.0
602.0
862.0
888.0
940.0
810.0
888.0
888.0
862.0
862.0
758.0
524.0
420.0
372.0
294.0
242.0
242.0
216.0
216.0
216.0
216.0
216.0
190.0
242.0
311.0
623.0
831.0
883.0
909.0
831.0
883.0
892.0
892.0
840.0
758.0
524.0
450.0
372.0
295.0
268.0
244.0
218.0
242.0
190.0
216.0
190.0
216.0
216.0
346.0
606.0
840.0
889.0
918.0
856.0
882.0
882.0
856.0
830.0
709.0
456.0
378.0
326.0
270.0
222.0
244.0
218.0
192.0
170.0
196.0
163.0
163.0
192.0
187.0
187.0
213.0
239.0
268.0
235.0
242.0
242.0
274.0
274.0
274.0
222.0
222.0
222.0
196.0
222.0
170.0
196.0
192.0
170.0
170.0
190.0
194.0
161.0
199.0
192.0
218.0
218.0
218.0
218.0
192.0
218.0
244.0
374.0
634.0
816.0
842.0
920.0
868.0
844.0
868.0
844.0
814.0
710.0
476.0
372.0
320.0
268.0
268.0
242.0
242.0
216.0
216.0
216.0
216.0
242.0
216.0
372.0
647.0
842.0
866.0
934.0
882.0
908.0
841.0
856.0
856.0
726.0
518.0
388.0
336.0
336.0
244.0
244.0
247.0
248.0
222.0
196.0
222.0
222.0
222.0
352.0
654.0
888.0
862.0
940.0
862.0
898.0
836.0
862.0
836.0
706.0
498.0
378.0
326.0
274.0
248.0
248.0
222.0
222.0
222.0
222.0
196.0
222.0
196.0
196.0
192.0
218.0
218.0
218.0
218.0
218.0
218.0
218.0
218.0
218.0
218.0
218.0
192.0
242.0
216.0
164.0
190.0
216.0
216.0
219.0
190.0
196.0
199.0
192.0
196.0
222.0
248.0
274.0
244.0
244.0
218.0
244.0
244.0
218.0
244.0
218.0
244.0
218.0
218.0
168.0
220.0
194.0
194.0
194.0
220.0
192.0
218.0
198.0
664.0
924.0
1002.0
1054.0
950.0
1002.0
950.0
950.0
924.0
794.0
534.0
430.0
378.0
326.0
274.0
248.0
222.0
248.0
248.0
222.0
222.0
222.0
248.0
368.0
683.0
947.0
966.0
1044.0
940.0
966.0
940.0
940.0
914.0
758.0
498.0
394.0
342.0
296.0
244.0
244.0
212.0
212.0
212.0
212.0
238.0
186.0
212.0
342.0
654.0
914.0
940.0
1018.0
940.0
914.0
914.0
914.0
888.0
784.0
550.0
429.0
377.0
299.0
270.0
244.0
218.0
222.0
222.0
222.0
248.0
248.0
222.0
352.0
638.0
924.0
950.0
1002.0
950.0
950.0
950.0
950.0
924.0
792.0
542.0
402.0
371.0
298.0
242.0
244.0
244.0
222.0
222.0
218.0
248.0
222.0
222.0
352.0
618.0
956.0
956.0
1008.0
930.0
956.0
930.0
904.0
904.0
800.0
540.0
358.0
280.0
254.0
216.0
280.0
216.0
190.0
216.0
216.0
242.0
190.0
216.0
190.0
190.0
242.0
242.0
242.0
242.0
267.0
274.0
280.0
248.0
248.0
270.0
222.0
244.0
218.0
244.0
167.0
194.0
219.0
219.0
219.0
194.0
220.0
199.0
225.0
218.0
218.0
218.0
228.0
270.0
297.0
244.0
244.0
244.0
244.0
245.0
245.0
219.0
219.0
218.0
167.0
215.0
212.0
215.0
194.0
215.0
216.0
225.0
332.0
631.0
943.0
969.0
1042.0
943.0
995.0
1021.0
969.0
969.0
813.0
579.0
423.0
345.0
293.0
267.0
267.0
241.0
241.0
215.0
215.0
215.0
215.0
215.0
371.0
605.0
943.0
995.0
1021.0
969.0
995.0
969.0
943.0
969.0
839.0
553.0
423.0
345.0
296.0
240.0
270.0
241.0
218.0
244.0
215.0
215.0
215.0
215.0
345.0
631.0
917.0
943.0
1021.0
943.0
976.0
950.0
950.0
924.0
794.0
534.0
430.0
352.0
326.0
248.0
274.0
248.0
222.0
216.0
222.0
213.0
222.0
222.0
362.0
648.0
934.0
976.0
1054.0
950.0
976.0
976.0
950.0
924.0
846.0
534.0
426.0
346.0
296.0
270.0
270.0
272.0
221.0
240.0
247.0
216.0
216.0
216.0
388.0
610.0
922.0
948.0
1026.0
948.0
974.0
974.0
948.0
922.0
818.0
532.0
376.0
350.0
272.0
242.0
273.0
220.0
194.0
220.0
220.0
220.0
194.0
220.0
216.0
239.0
246.0
272.0
272.0
272.0
272.0
272.0
272.0
272.0
270.0
246.0
246.0
220.0
220.0
246.0
163.0
215.0
215.0
215.0
215.0
194.0
194.0
190.0
192.0
194.0
215.0
215.0
267.0
241.0
241.0
267.0
265.0
268.0
239.0
239.0
215.0
215.0
215.0
189.0
165.0
163.0
189.0
215.0
163.0
163.0
190.0
190.0
190.0
631.0
839.0
891.0
995.0
943.0
959.0
1011.0
959.0
985.0
855.0
579.0
465.0
378.0
297.0
271.0
271.0
219.0
193.0
245.0
219.0
219.0
193.0
219.0
349.0
635.0
921.0
947.0
1051.0
947.0
973.0
999.0
973.0
947.0
843.0
583.0
453.0
375.0
323.0
271.0
271.0
245.0
245.0
245.0
245.0
219.0
219.0
257.0
372.0
647.0
959.0
959.0
1063.0
959.0
985.0
985.0
959.0
959.0
815.0
621.0
413.0
374.0
348.0
244.0
270.0
244.0
244.0
244.0
218.0
244.0
244.0
218.0
374.0
634.0
951.0
977.0
1054.0
950.0
976.0
950.0
950.0
950.0
820.0
612.0
482.0
378.0
326.0
274.0
274.0
248.0
248.0
222.0
248.0
222.0
222.0
248.0
378.0
688.0
948.0
974.0
1052.0
948.0
1000.0
974.0
948.0
948.0
792.0
584.0
428.0
350.0
298.0
267.0
262.0
215.0
189.0
189.0
215.0
215.0
189.0
189.0
192.0
215.0
241.0
241.0
272.0
264.0
267.0
267.0
241.0
267.0
243.0
218.0
217.0
243.0
185.0
218.0
170.0
194.0
194.0
220.0
194.0
211.0
199.0
199.0
211.0
217.0
217.0
243.0
272.0
269.0
243.0
269.0
268.0
268.0
269.0
243.0
217.0
243.0
217.0
191.0
165.0
191.0
217.0
191.0
191.0
217.0
225.0
225.0
202.0
659.0
919.0
997.0
1021.0
943.0
995.0
969.0
995.0
943.0
813.0
527.0
425.0
347.0
295.0
269.0
243.0
217.0
243.0
217.0
243.0
217.0
243.0
217.0
373.0
633.0
919.0
997.0
1049.0
971.0
997.0
971.0
947.0
945.0
841.0
581.0
425.0
347.0
295.0
269.0
243.0
243.0
217.0
217.0
217.0
217.0
217.0
217.0
373.0
633.0
945.0
997.0
1049.0
945.0
997.0
997.0
971.0
976.0
846.0
586.0
425.0
378.0
336.0
274.0
248.0
222.0
248.0
218.0
248.0
222.0
222.0
248.0
378.0
690.0
950.0
973.0
1048.0
944.0
996.0
970.0
944.0
918.0
840.0
528.0
424.0
372.0
320.0
274.0
248.0
222.0
222.0
222.0
209.0
222.0
196.0
222.0
378.0
690.0
924.0
976.0
1054.0
950.0
976.0
976.0
950.0
924.0
820.0
534.0
430.0
352.0
273.0
247.0
247.0
221.0
195.0
195.0
221.0
221.0
195.0
221.0
213.0
213.0
213.0
268.0
242.0
275.0
249.0
275.0
273.0
247.0
221.0
247.0
222.0
247.0
196.0
222.0
170.0
185.0
196.0
194.0
196.0
199.0
220.0
199.0
199.0
220.0
220.0
248.0
268.0
274.0
242.0
284.0
242.0
270.0
222.0
270.0
244.0
244.0
196.0
222.0
170.0
194.0
222.0
196.0
196.0
196.0
194.0
205.0
199.0
647.0
959.0
1011.0
1037.0
951.0
1003.0
977.0
1003.0
977.0
847.0
587.0
457.0
353.0
296.0
244.0
244.0
218.0
218.0
218.0
249.0
220.0
220.0
246.0
350.0
631.0
944.0
996.0
1047.0
943.0
995.0
943.0
982.0
950.0
839.0
586.0
430.0
352.0
300.0
274.0
248.0
222.0
222.0
222.0
246.0
246.0
220.0
220.0
371.0
631.0
922.0
948.0
1063.0
933.0
985.0
959.0
959.0
907.0
855.0
569.0
439.0
361.0
309.0
257.0
257.0
231.0
205.0
231.0
231.0
231.0
221.0
221.0
387.0
647.0
916.0
942.0
1056.0
942.0
958.0
942.0
916.0
890.0
790.0
526.0
370.0
344.0
292.0
240.0
240.0
214.0
214.0
188.0
214.0
188.0
214.0
188.0
370.0
604.0
890.0
916.0
1023.0
942.0
942.0
916.0
916.0
890.0
760.0
526.0
370.0
318.0
240.0
240.0
240.0
182.0
188.0
188.0
198.0
198.0
198.0
198.0
224.0
224.0
250.0
276.0
276.0
250.0
302.0
276.0
250.0
250.0
250.0
250.0
224.0
224.0
224.0
198.0
172.0
224.0
198.0
193.0
193.0
193.0
193.0
206.0
190.0
190.0
214.0
214.0
240.0
266.0
240.0
240.0
240.0
266.0
240.0
214.0
240.0
214.0
214.0
214.0
162.0
188.0
188.0
199.0
199.0
199.0
185.0
185.0
185.0
641.0
927.0
927.0
1045.0
953.0
953.0
1005.0
979.0
958.0
823.0
537.0
459.0
355.0
303.0
251.0
251.0
251.0
199.0
245.0
199.0
219.0
193.0
219.0
355.0
635.0
927.0
953.0
1057.0
953.0
942.0
968.0
942.0
916.0
907.0
797.0
552.0
421.0
369.0
291.0
265.0
239.0
213.0
213.0
213.0
213.0
239.0
239.0
213.0
350.0
636.0
922.0
948.0
1000.0
948.0
948.0
938.0
948.0
922.0
792.0
532.0
402.0
376.0
298.0
246.0
246.0
246.0
220.0
220.0
220.0
246.0
220.0
220.0
350.0
610.0
948.0
948.0
1000.0
922.0
948.0
922.0
896.0
896.0
792.0
532.0
350.0
272.0
246.0
208.0
272.0
220.0
194.0
220.0
220.0
246.0
194.0
220.0
194.0
194.0
246.0
246.0
246.0
246.0
272.0
272.0
280.0
246.0
246.0
272.0
220.0
246.0
220.0
246.0
168.0
194.0
220.0
220.0
220.0
194.0
220.0
190.0
216.0
220.0
224.0
224.0
211.0
276.0
302.0
250.0
250.0
250.0
247.0
250.0
258.0
224.0
224.0
224.0
156.0
210.0
220.0
220.0
194.0
220.0
216.0
224.0
332.0
626.0
943.0
964.0
1042.0
938.0
990.0
1016.0
964.0
964.0
808.0
574.0
418.0
340.0
302.0
276.0
276.0
250.0
250.0
224.0
224.0
219.0
219.0
219.0
376.0
610.0
948.0
1000.0
1026.0
974.0
1000.0
974.0
948.0
974.0
844.0
558.0
428.0
350.0
298.0
242.0
272.0
246.0
220.0
248.0
214.0
214.0
214.0
214.0
344.0
630.0
916.0
942.0
1020.0
942.0
968.0
942.0
942.0
924.0
794.0
534.0
430.0
352.0
324.0
248.0
272.0
246.0
220.0
220.0
220.0
220.0
220.0
220.0
350.0
636.0
922.0
974.0
1052.0
948.0
974.0
969.0
943.0
922.0
844.0
532.0
428.0
344.0
292.0
266.0
266.0
266.0
214.0
240.0
240.0
215.0
215.0
215.0
371.0
605.0
917.0
943.0
1021.0
948.0
977.0
974.0
948.0
922.0
818.0
532.0
376.0
350.0
272.0
245.0
271.0
219.0
193.0
219.0
219.0
219.0
193.0
219.0
219.0
245.0
245.0
271.0
274.0
266.0
274.0
262.0
276.0
274.0
274.0
248.0
248.0
222.0
220.0
246.0
179.0
220.0
220.0
220.0
231.0
194.0
194.0
202.0
196.0
196.0
222.0
222.0
274.0
248.0
248.0
274.0
274.0
274.0
248.0
248.0
222.0
222.0
222.0
196.0
170.0
170.0
196.0
222.0
170.0
170.0
190.0
202.0
202.0
638.0
846.0
891.0
995.0
943.0
943.0
995.0
943.0
969.0
854.0
594.0
464.0
386.0
296.0
270.0
272.0
220.0
188.0
240.0
214.0
214.0
188.0
214.0
344.0
630.0
916.0
942.0
1048.0
942.0
968.0
994.0
974.0
948.0
844.0
584.0
454.0
376.0
324.0
272.0
272.0
246.0
246.0
246.0
248.0
222.0
222.0
248.0
381.0
638.0
950.0
950.0
1054.0
959.0
969.0
969.0
943.0
943.0
813.0
605.0
400.0
378.0
348.0
244.0
265.0
239.0
248.0
248.0
222.0
248.0
248.0
222.0
378.0
638.0
950.0
976.0
1054.0
950.0
976.0
950.0
950.0
950.0
820.0
612.0
482.0
378.0
326.0
274.0
274.0
248.0
248.0
222.0
238.0
231.0
231.0
257.0
387.0
699.0
959.0
985.0
1063.0
959.0
1011.0
976.0
950.0
950.0
794.0
586.0
430.0
352.0
300.0
274.0
274.0
222.0
196.0
188.0
214.0
214.0
188.0
188.0
187.0
213.0
239.0
242.0
268.0
268.0
268.0
268.0
242.0
268.0
242.0
216.0
216.0
242.0
190.0
216.0
164.0
190.0
184.0
216.0
190.0
216.0
190.0
202.0
211.0
216.0
216.0
242.0
264.0
268.0
242.0
268.0
268.0
268.0
268.0
242.0
216.0
242.0
216.0
190.0
164.0
190.0
216.0
190.0
190.0
220.0
211.0
228.0
202.0
662.0
909.0
987.0
1015.0
935.0
987.0
961.0
987.0
935.0
805.0
519.0
415.0
337.0
302.0
284.0
240.0
214.0
240.0
214.0
240.0
214.0
240.0
219.0
375.0
635.0
917.0
995.0
1047.0
969.0
995.0
969.0
943.0
943.0
839.0
579.0
423.0
345.0
292.0
272.0
246.0
248.0
220.0
220.0
220.0
220.0
220.0
220.0
376.0
636.0
948.0
1000.0
1052.0
948.0
1000.0
1000.0
974.0
974.0
844.0
584.0
428.0
376.0
324.0
272.0
246.0
220.0
240.0
214.0
240.0
214.0
214.0
240.0
370.0
682.0
942.0
968.0
1046.0
942.0
994.0
968.0
935.0
916.0
838.0
526.0
422.0
372.0
320.0
268.0
242.0
216.0
216.0
216.0
216.0
222.0
196.0
222.0
378.0
690.0
924.0
976.0
1054.0
953.0
976.0
976.0
950.0
924.0
820.0
534.0
430.0
352.0
265.0
239.0
239.0
222.0
196.0
196.0
222.0
222.0
196.0
213.0
213.0
213.0
213.0
265.0
239.0
265.0
239.0
265.0
265.0
239.0
213.0
239.0
213.0
239.0
187.0
213.0
161.0
194.0
187.0
187.0
187.0
187.0
213.0
202.0
190.0
213.0
213.0
239.0
266.0
277.0
239.0
262.0
239.0
265.0
213.0
265.0
247.0
247.0
204.0
220.0
179.0
194.0
231.0
195.0
195.0
195.0
195.0
185.0
202.0
647.0
959.0
1011.0
1028.0
950.0
1002.0
976.0
1002.0
976.0
846.0
586.0
456.0
352.0
300.0
248.0
248.0
222.0
223.0
223.0
249.0
223.0
226.0
249.0
353.0
639.0
951.0
1003.0
1052.0
948.0
1000.0
948.0
974.0
948.0
844.0
584.0
428.0
346.0
294.0
268.0
242.0
227.0
216.0
216.0
242.0
242.0
216.0
216.0
372.0
630.0
916.0
942.0
1046.0
916.0
968.0
943.0
942.0
890.0
839.0
553.0
422.0
344.0
292.0
240.0
240.0
214.0
188.0
214.0
214.0
216.0
214.0
214.0
370.0
631.0
917.0
943.0
1046.0
942.0
942.0
942.0
916.0
890.0
786.0
526.0
370.0
344.0
300.0
248.0
248.0
222.0
222.0
196.0
222.0
196.0
222.0
196.0
378.0
612.0
898.0
924.0
1028.0
959.0
942.0
916.0
916.0
890.0
760.0
526.0
370.0
326.0
248.0
248.0
248.0
205.0
196.0
196.0
196.0
204.0
204.0
204.0
218.0
218.0
256.0
282.0
282.0
256.0
308.0
282.0
256.0
256.0
239.0
256.0
230.0
230.0
230.0
204.0
178.0
230.0
204.0
204.0
204.0
204.0
194.0
196.0
204.0
204.0
230.0
230.0
256.0
282.0
256.0
256.0
256.0
282.0
256.0
230.0
236.0
220.0
226.0
220.0
168.0
194.0
194.0
194.0
194.0
194.0
194.0
198.0
202.0
636.0
922.0
922.0
1052.0
948.0
950.0
1002.0
983.0
950.0
820.0
534.0
456.0
352.0
300.0
248.0
248.0
248.0
196.0
248.0
196.0
220.0
194.0
220.0
350.0
636.0
922.0
948.0
1052.0
948.0
943.0
970.0
959.0
959.0
829.0
569.0
465.0
356.0
304.0
252.0
252.0
252.0
226.0
252.0
216.0
216.0
216.0
216.0
346.0
632.0
918.0
996.0
1048.0
944.0
974.0
948.0
948.0
922.0
818.0
558.0
428.0
382.0
304.0
252.0
252.0
252.0
226.0
226.0
226.0
226.0
226.0
226.0
386.0
698.0
958.0
984.0
1062.0
958.0
958.0
958.0
958.0
919.0
828.0
542.0
412.0
360.0
308.0
256.0
256.0
256.0
256.0
204.0
204.0
230.0
204.0
218.0
386.0
633.0
958.0
958.0
1028.0
924.0
968.0
942.0
942.0
890.0
800.0
487.0
357.0
357.0
270.0
220.0
244.0
188.0
214.0
188.0
188.0
162.0
188.0
188.0
226.0
188.0
266.0
292.0
292.0
292.0
292.0
304.0
304.0
304.0
266.0
240.0
214.0
214.0
214.0
188.0
174.0
188.0
188.0
188.0
188.0
162.0
190.0
190.0
174.0
200.0
226.0
226.0
252.0
280.0
252.0
249.0
252.0
226.0
252.0
227.0
227.0
253.0
227.0
227.0
175.0
201.0
201.0
201.0
201.0
227.0
194.0
198.0
202.0
572.0
903.0
929.0
1007.0
942.0
942.0
942.0
916.0
890.0
786.0
552.0
448.0
318.0
266.0
240.0
240.0
240.0
214.0
188.0
214.0
227.0
201.0
227.0
357.0
617.0
929.0
955.0
1007.0
929.0
981.0
981.0
955.0
955.0
851.0
539.0
461.0
357.0
305.0
253.0
253.0
227.0
227.0
227.0
227.0
227.0
227.0
253.0
357.0
279.0
279.0
279.0
227.0
227.0
227.0
227.0
227.0
227.0
227.0
227.0
279.0
305.0
305.0
357.0
279.0
305.0
305.0
305.0
305.0
281.0
227.0
227.0
227.0
201.0
217.0
175.0
175.0
194.0
227.0
201.0
190.0
216.0
190.0
187.0
213.0
242.0
268.0
263.0
242.0
242.0
284.0
268.0
268.0
242.0
242.0
242.0
226.0
216.0
216.0
164.0
190.0
226.0
190.0
190.0
216.0
200.0
199.0
202.0
580.0
933.0
918.0
944.0
881.0
918.0
918.0
933.0
881.0
777.0
543.0
465.0
326.0
300.0
248.0
248.0
227.0
227.0
253.0
227.0
227.0
227.0
227.0
357.0
643.0
877.0
903.0
929.0
825.0
903.0
903.0
903.0
877.0
773.0
513.0
435.0
383.0
305.0
253.0
253.0
227.0
253.0
253.0
227.0
227.0
201.0
253.0
357.0
617.0
877.0
903.0
955.0
825.0
903.0
903.0
877.0
877.0
773.0
539.0
435.0
372.0
304.0
242.0
242.0
212.0
216.0
212.0
227.0
216.0
184.0
242.0
320.0
632.0
840.0
892.0
918.0
840.0
892.0
899.0
906.0
854.0
769.0
542.0
457.0
379.0
301.0
275.0
249.0
223.0
249.0
197.0
223.0
197.0
223.0
223.0
353.0
613.0
840.0
899.0
918.0
847.0
882.0
872.0
846.0
830.0
716.0
456.0
383.0
333.0
279.0
227.0
253.0
227.0
201.0
175.0
205.0
175.0
175.0
201.0
201.0
201.0
227.0
253.0
279.0
253.0
253.0
253.0
279.0
279.0
279.0
227.0
227.0
227.0
201.0
227.0
175.0
201.0
201.0
175.0
176.0
206.0
196.0
170.0
206.0
185.0
222.0
274.0
284.0
248.0
248.0
248.0
248.0
242.0
216.0
242.0
216.0
216.0
216.0
190.0
164.0
190.0
164.0
190.0
190.0
164.0
164.0
206.0
202.0
587.0
908.0
908.0
960.0
908.0
908.0
918.0
906.0
880.0
776.0
568.0
464.0
372.0
294.0
242.0
242.0
214.0
214.0
188.0
214.0
214.0
188.0
214.0
335.0
621.0
855.0
881.0
933.0
829.0
907.0
907.0
855.0
881.0
751.0
543.0
439.0
387.0
297.0
256.0
248.0
222.0
230.0
230.0
222.0
196.0
222.0
222.0
360.0
610.0
906.0
924.0
958.0
854.0
906.0
906.0
906.0
880.0
776.0
542.0
438.0
334.0
282.0
256.0
256.0
230.0
230.0
230.0
204.0
204.0
230.0
230.0
334.0
594.0
906.0
932.0
958.0
854.0
906.0
906.0
906.0
880.0
776.0
594.0
487.0
374.0
305.0
279.0
253.0
227.0
232.0
258.0
232.0
232.0
232.0
232.0
388.0
674.0
882.0
892.0
960.0
882.0
908.0
908.0
908.0
882.0
778.0
544.0
466.0
388.0
320.0
284.0
258.0
232.0
206.0
232.0
206.0
196.0
196.0
196.0
274.0
300.0
352.0
326.0
352.0
326.0
326.0
326.0
356.0
330.0
304.0
271.0
271.0
245.0
240.0
214.0
162.0
188.0
214.0
214.0
188.0
190.0
190.0
216.0
193.0
193.0
245.0
216.0
242.0
268.0
242.0
216.0
242.0
242.0
216.0
242.0
242.0
242.0
216.0
216.0
179.0
190.0
231.0
205.0
231.0
205.0
205.0
230.0
358.0
645.0
907.0
933.0
1036.0
906.0
950.0
958.0
932.0
932.0
802.0
542.0
438.0
378.0
326.0
274.0
248.0
222.0
222.0
222.0
252.0
222.0
222.0
222.0
387.0
647.0
924.0
985.0
1063.0
929.0
955.0
955.0
929.0
929.0
799.0
539.0
461.0
409.0
331.0
253.0
253.0
223.0
223.0
218.0
216.0
216.0
216.0
216.0
372.0
658.0
866.0
944.0
1005.0
906.0
918.0
918.0
918.0
892.0
768.0
534.0
456.0
378.0
326.0
274.0
248.0
222.0
222.0
222.0
222.0
222.0
196.0
222.0
378.0
612.0
898.0
924.0
950.0
833.0
885.0
885.0
885.0
859.0
755.0
495.0
391.0
365.0
313.0
261.0
235.0
209.0
209.0
209.0
235.0
209.0
209.0
209.0
361.0
612.0
872.0
898.0
929.0
825.0
877.0
873.0
877.0
851.0
721.0
487.0
383.0
331.0
279.0
201.0
253.0
201.0
227.0
201.0
227.0
228.0
175.0
188.0
188.0
214.0
266.0
270.0
296.0
296.0
270.0
270.0
244.0
270.0
244.0
218.0
244.0
192.0
218.0
192.0
166.0
192.0
218.0
218.0
225.0
216.0
190.0
216.0
198.0
250.0
277.0
329.0
355.0
328.0
302.0
302.0
276.0
276.0
272.0
250.0
250.0
250.0
211.0
224.0
172.0
198.0
198.0
198.0
198.0
216.0
190.0
190.0
202.0
589.0
889.0
929.0
981.0
903.0
955.0
929.0
929.0
903.0
799.0
539.0
436.0
332.0
276.0
224.0
250.0
198.0
198.0
198.0
224.0
198.0
198.0
198.0
384.0
618.0
852.0
904.0
956.0
874.0
878.0
904.0
904.0
874.0
748.0
500.0
457.0
354.0
276.0
214.0
240.0
213.0
198.0
202.0
228.0
202.0
228.0
228.0
358.0
644.0
862.0
930.0
956.0
852.0
883.0
904.0
930.0
904.0
774.0
514.0
462.0
358.0
280.0
254.0
254.0
228.0
202.0
202.0
202.0
202.0
202.0
228.0
339.0
618.0
904.0
930.0
956.0
878.0
930.0
930.0
930.0
904.0
800.0
540.0
462.0
358.0
274.0
274.0
258.0
222.0
222.0
222.0
222.0
222.0
248.0
254.0
384.0
644.0
918.0
956.0
994.0
890.0
942.0
916.0
890.0
890.0
760.0
502.0
398.0
320.0
268.0
242.0
242.0
216.0
216.0
231.0
205.0
231.0
205.0
231.0
196.0
248.0
248.0
248.0
274.0
274.0
274.0
274.0
244.0
244.0
244.0
222.0
240.0
214.0
214.0
214.0
162.0
188.0
216.0
214.0
190.0
216.0
190.0
216.0
190.0
216.0
254.0
280.0
280.0
280.0
254.0
280.0
280.0
254.0
254.0
254.0
254.0
228.0
202.0
202.0
176.0
202.0
202.0
202.0
202.0
190.0
190.0
216.0
346.0
644.0
930.0
982.0
1008.0
956.0
956.0
951.0
951.0
951.0
802.0
568.0
464.0
360.0
308.0
247.0
247.0
221.0
247.0
195.0
247.0
207.0
195.0
221.0
384.0
626.0
930.0
956.0
982.0
904.0
930.0
930.0
904.0
904.0
748.0
540.0
436.0
384.0
306.0
280.0
254.0
228.0
254.0
202.0
228.0
202.0
191.0
228.0
358.0
618.0
852.0
904.0
956.0
852.0
904.0
904.0
904.0
878.0
774.0
514.0
410.0
358.0
306.0
279.0
253.0
227.0
227.0
201.0
227.0
201.0
164.0
227.0
383.0
586.0
898.0
924.0
950.0
872.0
898.0
872.0
898.0
872.0
742.0
456.0
378.0
352.0
300.0
248.0
248.0
222.0
204.0
170.0
196.0
222.0
196.0
202.0
384.0
696.0
852.0
904.0
956.0
878.0
904.0
907.0
899.0
847.0
717.0
457.0
356.0
301.0
223.0
249.0
249.0
197.0
202.0
228.0
202.0
202.0
228.0
202.0
176.0
202.0
190.0
202.0
202.0
228.0
194.0
192.0
220.0
194.0
220.0
220.0
217.0
194.0
220.0
223.0
171.0
196.0
222.0
196.0
196.0
196.0
193.0
190.0
190.0
196.0
222.0
250.0
248.0
248.0
240.0
248.0
222.0
222.0
196.0
222.0
227.0
201.0
201.0
190.0
162.0
216.0
188.0
188.0
188.0
188.0
190.0
198.0
162.0
214.0
188.0
240.0
240.0
214.0
214.0
240.0
250.0
224.0
224.0
224.0
224.0
224.0
198.0
224.0
172.0
224.0
198.0
198.0
172.0
194.0
194.0
193.0
190.0
662.0
948.0
974.0
1054.0
950.0
950.0
950.0
950.0
924.0
820.0
565.0
435.0
352.0
274.0
274.0
248.0
222.0
222.0
196.0
222.0
196.0
196.0
196.0
384.0
696.0
956.0
954.0
1002.0
924.0
956.0
930.0
930.0
930.0
800.0
540.0
422.0
370.0
292.0
240.0
240.0
214.0
188.0
214.0
201.0
227.0
201.0
253.0
383.0
695.0
929.0
986.0
1059.0
929.0
981.0
955.0
940.0
897.0
799.0
539.0
435.0
383.0
279.0
279.0
253.0
227.0
227.0
253.0
227.0
228.0
202.0
211.0
384.0
696.0
922.0
959.0
1011.0
907.0
881.0
872.0
716.0
482.0
387.0
352.0
326.0
274.0
248.0
248.0
222.0
222.0
222.0
196.0
222.0
248.0
352.0
664.0
898.0
898.0
950.0
898.0
898.0
906.0
880.0
854.0
568.0
412.0
354.0
308.0
282.0
230.0
256.0
204.0
204.0
204.0
204.0
204.0
204.0
178.0
204.0
230.0
230.0
256.0
282.0
276.0
250.0
250.0
250.0
250.0
250.0
214.0
249.0
223.0
197.0
197.0
171.0
197.0
171.0
197.0
198.0
197.0
196.0
171.0
202.0
197.0
197.0
197.0
223.0
249.0
249.0
223.0
223.0
249.0
223.0
223.0
197.0
223.0
197.0
171.0
171.0
197.0
171.0
197.0
197.0
197.0
202.0
202.0
171.0
202.0
171.0
197.0
171.0
197.0
171.0
197.0
188.0
188.0
188.0
214.0
188.0
216.0
228.0
188.0
162.0
188.0
162.0
166.0
192.0
192.0
172.0
166.0
198.0
198.0
198.0
169.0
190.0
221.0
195.0
195.0
195.0
195.0
195.0
221.0
221.0
169.0
221.0
169.0
169.0
195.0
169.0
195.0
169.0
169.0
169.0
169.0
195.0
195.0
216.0
211.0
247.0
247.0
221.0
247.0
247.0
247.0
221.0
221.0
195.0
195.0
195.0
195.0
169.0
175.0
195.0
195.0
169.0
169.0
195.0
202.0
202.0
176.0
192.0
202.0
254.0
254.0
228.0
228.0
202.0
202.0
202.0
228.0
228.0
195.0
169.0
195.0
169.0
169.0
169.0
195.0
195.0
171.0
169.0
169.0
169.0
195.0
169.0
195.0
221.0
221.0
195.0
195.0
221.0
221.0
195.0
195.0
200.0
221.0
195.0
169.0
169.0
195.0
169.0
195.0
195.0
188.0
162.0
202.0
170.0
611.0
859.0
864.0
942.0
864.0
890.0
871.0
890.0
871.0
741.0
455.0
377.0
299.0
273.0
247.0
247.0
221.0
221.0
221.0
221.0
195.0
221.0
247.0
351.0
611.0
855.0
897.0
949.0
845.0
897.0
871.0
897.0
871.0
734.0
533.0
413.0
351.0
273.0
276.0
250.0
224.0
224.0
224.0
250.0
224.0
257.0
250.0
328.0
588.0
848.0
874.0
900.0
848.0
881.0
855.0
851.0
831.0
718.0
458.0
367.0
325.0
273.0
273.0
247.0
221.0
195.0
221.0
221.0
194.0
205.0
205.0
198.0
198.0
224.0
242.0
260.0
273.0
250.0
226.0
279.0
253.0
279.0
253.0
253.0
253.0
227.0
201.0
227.0
227.0
183.0
209.0
183.0
183.0
196.0
196.0
190.0
573.0
885.0
885.0
937.0
859.0
911.0
911.0
885.0
885.0
781.0
547.0
443.0
380.0
328.0
284.0
250.0
250.0
250.0
224.0
224.0
195.0
197.0
223.0
327.0
563.0
847.0
899.0
899.0
821.0
873.0
873.0
871.0
845.0
767.0
507.0
429.0
351.0
299.0
273.0
244.0
218.0
221.0
218.0
218.0
218.0
188.0
214.0
318.0
578.0
852.0
890.0
942.0
825.0
903.0
903.0
903.0
869.0
773.0
513.0
429.0
377.0
299.0
273.0
273.0
247.0
221.0
221.0
221.0
221.0
195.0
221.0
325.0
559.0
871.0
897.0
923.0
845.0
897.0
871.0
873.0
845.0
760.0
526.0
396.0
357.0
292.0
266.0
240.0
214.0
214.0
214.0
214.0
214.0
214.0
214.0
318.0
556.0
852.0
874.0
900.0
848.0
826.0
848.0
825.0
825.0
718.0
510.0
380.0
328.0
276.0
250.0
250.0
250.0
224.0
198.0
198.0
224.0
198.0
201.0
198.0
224.0
224.0
224.0
250.0
276.0
237.0
237.0
276.0
250.0
273.0
247.0
247.0
221.0
247.0
221.0
221.0
195.0
221.0
225.0
195.0
195.0
202.0
202.0
190.0
195.0
228.0
221.0
247.0
273.0
247.0
257.0
221.0
247.0
221.0
221.0
221.0
195.0
221.0
221.0
221.0
221.0
195.0
195.0
202.0
228.0
171.0
190.0
190.0
591.0
851.0
910.0
936.0
858.0
884.0
884.0
858.0
858.0
754.0
468.0
364.0
354.0
276.0
250.0
250.0
224.0
224.0
198.0
224.0
198.0
224.0
224.0
358.0
559.0
845.0
923.0
949.0
871.0
897.0
897.0
897.0
871.0
767.0
507.0
403.0
351.0
273.0
247.0
247.0
221.0
221.0
208.0
208.0
208.0
208.0
208.0
364.0
572.0
858.0
910.0
936.0
858.0
903.0
903.0
903.0
877.0
769.0
494.0
390.0
312.0
260.0
234.0
234.0
234.0
234.0
208.0
208.0
224.0
224.0
224.0
354.0
562.0
874.0
900.0
952.0
848.0
900.0
900.0
900.0
874.0
770.0
484.0
406.0
354.0
302.0
276.0
250.0
224.0
250.0
224.0
224.0
227.0
201.0
227.0
331.0
565.0
851.0
889.0
955.0
825.0
903.0
877.0
877.0
877.0
747.0
513.0
383.0
357.0
253.0
227.0
253.0
227.0
175.0
227.0
192.0
201.0
201.0
201.0
201.0
227.0
250.0
276.0
250.0
276.0
250.0
250.0
250.0
224.0
255.0
224.0
224.0
195.0
195.0
221.0
221.0
221.0
195.0
169.0
190.0
216.0
196.0
195.0
195.0
221.0
247.0
247.0
247.0
247.0
247.0
247.0
221.0
247.0
221.0
214.0
221.0
214.0
188.0
182.0
208.0
182.0
182.0
156.0
182.0
196.0
196.0
182.0
196.0
578.0
864.0
864.0
949.0
871.0
897.0
897.0
897.0
929.0
773.0
565.0
429.0
383.0
273.0
247.0
247.0
195.0
195.0
221.0
195.0
221.0
195.0
221.0
325.0
611.0
897.0
897.0
923.0
871.0
871.0
897.0
871.0
897.0
793.0
559.0
455.0
351.0
273.0
247.0
247.0
195.0
221.0
221.0
195.0
221.0
221.0
195.0
351.0
611.0
819.0
871.0
897.0
819.0
871.0
897.0
880.0
845.0
793.0
507.0
455.0
351.0
299.0
247.0
247.0
221.0
221.0
221.0
195.0
247.0
221.0
247.0
351.0
559.0
877.0
898.0
950.0
872.0
898.0
898.0
898.0
877.0
753.0
539.0
404.0
378.0
300.0
274.0
276.0
250.0
224.0
224.0
198.0
224.0
224.0
224.0
328.0
562.0
848.0
900.0
900.0
848.0
874.0
900.0
900.0
874.0
773.0
539.0
409.0
331.0
305.0
279.0
279.0
227.0
227.0
201.0
227.0
227.0
201.0
201.0
187.0
213.0
265.0
239.0
239.0
239.0
239.0
239.0
239.0
239.0
239.0
239.0
213.0
213.0
213.0
213.0
213.0
213.0
213.0
195.0
228.0
228.0
202.0
202.0
195.0
221.0
273.0
247.0
247.0
247.0
273.0
242.0
263.0
268.0
242.0
242.0
242.0
216.0
216.0
216.0
216.0
190.0
190.0
190.0
196.0
164.0
190.0
202.0
190.0
580.0
892.0
889.0
915.0
837.0
863.0
863.0
897.0
871.0
767.0
533.0
429.0
377.0
299.0
247.0
273.0
221.0
221.0
195.0
221.0
221.0
221.0
195.0
325.0
565.0
851.0
877.0
955.0
825.0
877.0
903.0
877.0
877.0
773.0
539.0
455.0
377.0
299.0
247.0
273.0
221.0
247.0
221.0
221.0
195.0
221.0
195.0
351.0
585.0
845.0
871.0
949.0
845.0
871.0
897.0
871.0
871.0
799.0
539.0
435.0
383.0
305.0
279.0
279.0
253.0
227.0
227.0
213.0
227.0
227.0
227.0
357.0
617.0
855.0
881.0
959.0
855.0
907.0
907.0
906.0
907.0
777.0
569.0
465.0
387.0
309.0
247.0
273.0
221.0
231.0
223.0
207.0
195.0
195.0
231.0
361.0
595.0
907.0
907.0
959.0
855.0
898.0
907.0
907.0
881.0
777.0
543.0
404.0
326.0
248.0
222.0
274.0
196.0
222.0
222.0
196.0
196.0
196.0
201.0
170.0
222.0
248.0
274.0
248.0
242.0
268.0
268.0
268.0
294.0
294.0
268.0
242.0
221.0
221.0
222.0
222.0
222.0
221.0
221.0
190.0
190.0
190.0
190.0
183.0
209.0
261.0
261.0
264.0
287.0
287.0
313.0
313.0
287.0
287.0
235.0
209.0
209.0
183.0
183.0
209.0
209.0
157.0
190.0
157.0
190.0
190.0
183.0
202.0
554.0
841.0
885.0
911.0
845.0
892.0
924.0
900.0
874.0
770.0
562.0
458.0
346.0
320.0
242.0
242.0
216.0
216.0
216.0
216.0
216.0
216.0
877.0
877.0
851.0
877.0
773.0
487.0
409.0
357.0
292.0
213.0
239.0
213.0
213.0
213.0
187.0
213.0
213.0
187.0
357.0
551.0
863.0
863.0
941.0
811.0
889.0
863.0
889.0
837.0
733.0
499.0
447.0
369.0
291.0
239.0
239.0
216.0
216.0
190.0
190.0
190.0
190.0
216.0
326.0
554.0
892.0
892.0
924.0
820.0
877.0
825.0
773.0
799.0
643.0
461.0
379.0
327.0
270.0
247.0
247.0
221.0
221.0
195.0
221.0
221.0
195.0
221.0
221.0
221.0
299.0
302.0
325.0
325.0
325.0
328.0
328.0
328.0
302.0
250.0
224.0
250.0
250.0
198.0
224.0
198.0
223.0
197.0
197.0
197.0
190.0
216.0
221.0
195.0
221.0
247.0
247.0
247.0
247.0
247.0
256.0
247.0
247.0
273.0
247.0
221.0
247.0
221.0
221.0
221.0
195.0
221.0
195.0
221.0
195.0
194.0
190.0
585.0
871.0
897.0
975.0
871.0
897.0
897.0
897.0
871.0
793.0
559.0
429.0
377.0
273.0
247.0
247.0
221.0
195.0
222.0
222.0
222.0
222.0
222.0
326.0
585.0
898.0
898.0
950.0
820.0
898.0
897.0
898.0
898.0
768.0
588.0
484.0
354.0
302.0
250.0
250.0
224.0
227.0
201.0
227.0
224.0
227.0
227.0
331.0
643.0
903.0
903.0
955.0
881.0
903.0
903.0
903.0
903.0
773.0
539.0
461.0
357.0
273.0
247.0
273.0
221.0
195.0
221.0
195.0
247.0
195.0
221.0
331.0
611.0
871.0
923.0
946.0
845.0
926.0
900.0
900.0
900.0
770.0
536.0
431.0
354.0
277.0
250.0
276.0
250.0
198.0
224.0
198.0
224.0
228.0
228.0
306.0
562.0
899.0
942.0
942.0
864.0
890.0
899.0
899.0
873.0
743.0
509.0
403.0
325.0
299.0
273.0
276.0
224.0
224.0
198.0
198.0
198.0
198.0
198.0
224.0
224.0
250.0
276.0
294.0
242.0
294.0
268.0
268.0
294.0
242.0
242.0
242.0
216.0
216.0
216.0
216.0
190.0
216.0
190.0
190.0
190.0
190.0
190.0
216.0
221.0
279.0
279.0
273.0
273.0
273.0
273.0
273.0
273.0
273.0
247.0
247.0
221.0
221.0
221.0
221.0
247.0
195.0
221.0
202.0
216.0
216.0
186.0
228.0
588.0
926.0
900.0
952.0
874.0
900.0
926.0
900.0
903.0
799.0
591.0
461.0
383.0
305.0
272.0
279.0
253.0
227.0
227.0
201.0
201.0
227.0
175.0
383.0
591.0
877.0
920.0
955.0
877.0
929.0
903.0
903.0
903.0
773.0
539.0
455.0
340.0
299.0
273.0
273.0
247.0
247.0
247.0
221.0
221.0
247.0
247.0
377.0
612.0
872.0
898.0
924.0
846.0
903.0
877.0
851.0
877.0
773.0
617.0
513.0
383.0
327.0
331.0
279.0
253.0
279.0
253.0
227.0
227.0
253.0
253.0
383.0
591.0
851.0
871.0
903.0
825.0
852.0
825.0
871.0
845.0
767.0
611.0
509.0
377.0
325.0
302.0
276.0
250.0
250.0
276.0
276.0
250.0
250.0
253.0
383.0
591.0
851.0
851.0
903.0
825.0
851.0
825.0
851.0
825.0
747.0
513.0
435.0
357.0
321.0
279.0
253.0
201.0
227.0
201.0
201.0
201.0
201.0
201.0
224.0
250.0
302.0
328.0
354.0
325.0
354.0
351.0
351.0
351.0
325.0
273.0
247.0
221.0
221.0
221.0
221.0
195.0
221.0
195.0
195.0
197.0
190.0
190.0
223.0
247.0
247.0
275.0
301.0
301.0
301.0
301.0
275.0
301.0
276.0
250.0
250.0
224.0
224.0
198.0
227.0
227.0
224.0
279.0
276.0
279.0
305.0
273.0
358.0
306.0
799.0
851.0
877.0
799.0
851.0
851.0
825.0
851.0
799.0
643.0
565.0
353.0
319.0
327.0
327.0
275.0
223.0
249.0
275.0
249.0
249.0
249.0
327.0
613.0
899.0
925.0
951.0
884.0
951.0
951.0
951.0
899.0
795.0
587.0
483.0
379.0
353.0
301.0
275.0
249.0
223.0
223.0
223.0
223.0
227.0
227.0
370.0
617.0
916.0
929.0
955.0
903.0
955.0
929.0
929.0
903.0
773.0
565.0
405.0
353.0
302.0
236.0
276.0
250.0
224.0
224.0
224.0
224.0
198.0
224.0
380.0
614.0
874.0
903.0
952.0
851.0
877.0
903.0
877.0
851.0
773.0
513.0
409.0
353.0
275.0
279.0
253.0
253.0
223.0
223.0
223.0
223.0
223.0
249.0
353.0
639.0
853.0
899.0
925.0
873.0
899.0
899.0
873.0
873.0
743.0
483.0
379.0
327.0
275.0
223.0
249.0
197.0
216.0
216.0
190.0
190.0
190.0
190.0
187.0
216.0
216.0
216.0
216.0
242.0
216.0
242.0
216.0
216.0
248.0
222.0
248.0
222.0
222.0
196.0
222.0
222.0
196.0
201.0
201.0
197.0
197.0
196.0
223.0
171.0
223.0
249.0
275.0
249.0
249.0
249.0
275.0
249.0
276.0
276.0
276.0
250.0
250.0
250.0
224.0
198.0
224.0
224.0
224.0
195.0
223.0
197.0
198.0
637.0
923.0
975.0
1001.0
897.0
949.0
949.0
923.0
890.0
760.0
526.0
448.0
344.0
266.0
240.0
240.0
227.0
471.0
471.0
486.0
487.0
487.0
487.0
539.0
617.0
669.0
669.0
695.0
721.0
682.0
639.0
691.0
694.0
639.0
587.0
431.0
353.0
275.0
275.0
249.0
275.0
223.0
249.0
223.0
223.0
223.0
242.0
372.0
605.0
873.0
925.0
951.0
899.0
899.0
899.0
873.0
899.0
743.0
535.0
405.0
353.0
301.0
275.0
249.0
249.0
223.0
248.0
222.0
248.0
196.0
222.0
378.0
612.0
898.0
898.0
950.0
872.0
899.0
899.0
899.0
873.0
717.0
535.0
405.0
353.0
306.0
275.0
249.0
223.0
223.0
223.0
249.0
197.0
223.0
223.0
379.0
613.0
847.0
873.0
899.0
821.0
899.0
873.0
849.0
873.0
743.0
487.0
382.0
356.0
278.0
226.0
252.0
226.0
226.0
226.0
226.0
226.0
223.0
223.0
174.0
226.0
252.0
226.0
226.0
252.0
226.0
226.0
226.0
247.0
247.0
247.0
247.0
221.0
247.0
247.0
221.0
221.0
195.0
223.0
223.0
223.0
223.0
216.0
197.0
223.0
223.0
197.0
249.0
223.0
249.0
249.0
249.0
249.0
249.0
275.0
249.0
249.0
249.0
223.0
223.0
223.0
223.0
197.0
249.0
223.0
223.0
223.0
196.0
639.0
925.0
951.0
951.0
899.0
898.0
924.0
924.0
899.0
796.0
536.0
432.0
354.0
276.0
275.0
250.0
224.0
250.0
198.0
224.0
224.0
224.0
224.0
354.0
640.0
900.0
915.0
952.0
900.0
898.0
924.0
898.0
898.0
768.0
534.0
430.0
326.0
274.0
222.0
274.0
222.0
248.0
222.0
191.0
222.0
222.0
222.0
352.0
690.0
872.0
924.0
950.0
847.0
898.0
899.0
899.0
899.0
769.0
533.0
405.0
356.0
278.0
278.0
226.0
226.0
226.0
252.0
252.0
200.0
254.0
226.0
383.0
643.0
903.0
929.0
955.0
851.0
903.0
903.0
903.0
877.0
747.0
513.0
383.0
305.0
268.0
242.0
216.0
216.0
216.0
216.0
190.0
216.0
216.0
190.0
331.0
613.0
847.0
899.0
899.0
821.0
873.0
873.0
821.0
821.0
717.0
457.0
351.0
268.0
223.0
216.0
216.0
200.0
200.0
200.0
200.0
190.0
197.0
200.0
200.0
216.0
261.0
275.0
301.0
275.0
327.0
299.0
327.0
301.0
275.0
249.0
249.0
223.0
197.0
223.0
223.0
197.0
190.0
197.0
194.0
190.0
190.0
190.0
190.0
216.0
221.0
247.0
247.0
247.0
247.0
247.0
247.0
247.0
273.0
247.0
247.0
221.0
195.0
221.0
221.0
195.0
195.0
190.0
190.0
216.0
190.0
190.0
190.0
613.0
899.0
925.0
925.0
873.0
899.0
899.0
899.0
873.0
743.0
457.0
379.0
327.0
275.0
223.0
223.0
197.0
223.0
223.0
197.0
223.0
197.0
223.0
327.0
587.0
873.0
899.0
951.0
838.0
899.0
873.0
873.0
847.0
775.0
483.0
379.0
353.0
275.0
249.0
223.0
223.0
223.0
216.0
216.0
190.0
216.0
190.0
197.0
164.0
216.0
190.0
198.0
190.0
229.0
190.0
216.0
346.0
632.0
918.0
956.0
982.0
904.0
930.0
904.0
904.0
878.0
722.0
462.0
379.0
301.0
239.0
213.0
217.0
200.0
200.0
200.0
197.0
197.0
197.0
223.0
353.0
639.0
899.0
951.0
977.0
873.0
899.0
923.0
897.0
871.0
741.0
455.0
377.0
325.0
252.0
252.0
226.0
226.0
206.0
200.0
226.0
200.0
200.0
223.0
353.0
639.0
873.0
925.0
951.0
821.0
899.0
900.0
899.0
847.0
717.0
457.0
379.0
327.0
275.0
249.0
223.0
197.0
223.0
197.0
226.0
197.0
197.0
223.0
353.0
639.0
847.0
899.0
929.0
821.0
847.0
873.0
847.0
847.0
717.0
457.0
363.0
268.0
273.0
185.0
221.0
200.0
200.0
195.0
195.0
195.0
195.0
195.0
195.0
221.0
247.0
247.0
273.0
252.0
247.0
273.0
247.0
247.0
235.0
221.0
221.0
195.0
216.0
193.0
164.0
190.0
190.0
197.0
197.0
171.0
202.0
202.0
171.0
197.0
249.0
223.0
223.0
249.0
219.0
250.0
219.0
250.0
250.0
219.0
193.0
219.0
198.0
197.0
167.0
197.0
200.0
200.0
200.0
185.0
200.0
197.0
190.0
643.0
903.0
929.0
955.0
877.0
929.0
929.0
903.0
903.0
747.0
565.0
401.0
330.0
278.0
252.0
226.0
200.0
200.0
200.0
185.0
193.0
193.0
219.0
379.0
613.0
873.0
925.0
951.0
847.0
873.0
873.0
847.0
847.0
717.0
457.0
327.0
301.0
275.0
223.0
223.0
219.0
193.0
193.0
219.0
193.0
193.0
219.0
349.0
661.0
895.0
925.0
947.0
843.0
895.0
895.0
895.0
869.0
713.0
453.0
375.0
349.0
271.0
245.0
219.0
193.0
219.0
193.0
219.0
193.0
193.0
219.0
349.0
635.0
895.0
917.0
947.0
895.0
921.0
920.0
895.0
895.0
739.0
505.0
427.0
349.0
271.0
219.0
219.0
203.0
203.0
203.0
203.0
229.0
203.0
229.0
359.0
639.0
899.0
925.0
925.0
847.0
885.0
859.0
859.0
859.0
703.0
495.0
365.0
313.0
245.0
209.0
219.0
200.0
193.0
193.0
193.0
193.0
193.0
167.0
193.0
193.0
271.0
247.0
276.0
271.0
297.0
297.0
297.0
297.0
245.0
219.0
219.0
219.0
219.0
193.0
167.0
190.0
193.0
193.0
193.0
183.0
190.0
190.0
190.0
198.0
245.0
245.0
243.0
243.0
243.0
243.0
243.0
243.0
243.0
217.0
219.0
219.0
193.0
193.0
177.0
193.0
193.0
193.0
193.0
193.0
202.0
202.0
190.0
635.0
895.0
929.0
981.0
877.0
929.0
929.0
929.0
903.0
707.0
461.0
395.0
291.0
245.0
241.0
219.0
193.0
219.0
219.0
219.0
193.0
219.0
219.0
357.0
635.0
903.0
903.0
955.0
834.0
903.0
895.0
877.0
873.0
743.0
535.0
431.0
346.0
268.0
242.0
226.0
226.0
190.0
216.0
216.0
226.0
190.0
216.0
320.0
632.0
840.0
892.0
923.0
819.0
897.0
897.0
866.0
840.0
736.0
502.0
372.0
320.0
268.0
268.0
216.0
216.0
190.0
216.0
216.0
190.0
190.0
227.0
357.0
617.0
877.0
903.0
929.0
851.0
877.0
851.0
877.0
874.0
718.0
461.0
383.0
328.0
278.0
252.0
226.0
226.0
198.0
212.0
198.0
198.0
193.0
219.0
353.0
609.0
847.0
873.0
925.0
817.0
869.0
869.0
843.0
843.0
713.0
453.0
375.0
323.0
271.0
245.0
219.0
216.0
216.0
216.0
190.0
216.0
205.0
190.0
190.0
216.0
268.0
294.0
294.0
294.0
294.0
294.0
333.0
307.0
243.0
243.0
217.0
217.0
231.0
191.0
155.0
191.0
191.0
191.0
191.0
203.0
190.0
177.0
167.0
217.0
245.0
245.0
245.0
245.0
245.0
271.0
245.0
245.0
245.0
245.0
219.0
219.0
219.0
193.0
167.0
219.0
219.0
193.0
193.0
190.0
190.0
228.0
320.0
583.0
843.0
895.0
895.0
841.0
867.0
893.0
895.0
869.0
765.0
535.0
375.0
349.0
269.0
243.0
217.0
217.0
191.0
191.0
191.0
198.0
198.0
224.0
328.0
640.0
848.0
900.0
952.0
822.0
893.0
893.0
893.0
867.0
737.0
451.0
347.0
295.0
269.0
217.0
217.0
217.0
191.0
165.0
197.0
191.0
184.0
217.0
353.0
581.0
873.0
925.0
945.0
821.0
899.0
873.0
893.0
867.0
737.0
451.0
347.0
321.0
269.0
217.0
190.0
217.0
191.0
191.0
191.0
191.0
193.0
193.0
323.0
557.0
843.0
869.0
921.0
805.0
857.0
857.0
869.0
869.0
701.0
493.0
363.0
321.0
269.0
217.0
165.0
217.0
191.0
191.0
191.0
191.0
181.0
181.0
337.0
571.0
831.0
883.0
909.0
805.0
872.0
831.0
857.0
831.0
701.0
441.0
386.0
285.0
243.0
217.0
155.0
191.0
191.0
191.0
165.0
191.0
155.0
155.0
165.0
193.0
259.0
275.0
275.0
249.0
301.0
275.0
275.0
275.0
249.0
190.0
171.0
198.0
172.0
198.0
172.0
172.0
198.0
172.0
171.0
172.0
139.0
172.0
172.0
198.0
250.0
275.0
275.0
243.0
275.0
269.0
269.0
269.0
243.0
217.0
191.0
217.0
191.0
191.0
165.0
165.0
191.0
139.0
165.0
165.0
203.0
165.0
177.0
503.0
847.0
821.0
873.0
795.0
847.0
821.0
817.0
817.0
691.0
457.0
379.0
323.0
245.0
245.0
167.0
193.0
167.0
193.0
166.0
161.0
167.0
193.0
271.0
504.0
795.0
847.0
843.0
727.0
805.0
779.0
805.0
779.0
649.0
441.0
337.0
311.0
270.0
244.0
166.0
192.0
164.0
165.0
190.0
164.0
190.0
164.0
304.0
528.0
799.0
825.0
840.0
743.0
821.0
821.0
795.0
789.0
659.0
425.0
347.0
295.0
243.0
243.0
165.0
165.0
174.0
174.0
174.0
172.0
169.0
195.0
268.0
512.0
795.0
847.0
845.0
743.0
821.0
821.0
793.0
793.0
689.0
455.0
351.0
299.0
273.0
247.0
169.0
200.0
169.0
200.0
200.0
174.0
169.0
195.0
268.0
507.0
779.0
779.0
845.0
728.0
780.0
795.0
769.0
769.0
637.0
455.0
325.0
278.0
226.0
197.0
174.0
174.0
174.0
174.0
174.0
174.0
174.0
148.0
174.0
174.0
200.0
200.0
200.0
191.0
217.0
191.0
217.0
191.0
191.0
165.0
191.0
191.0
165.0
165.0
165.0
165.0
171.0
171.0
171.0
139.0
171.0
143.0
171.0
171.0
171.0
172.0
198.0
172.0
180.0
198.0
198.0
198.0
195.0
169.0
195.0
169.0
176.0
169.0
169.0
169.0
169.0
143.0
169.0
169.0
143.0
169.0
169.0
143.0
169.0
195.0
195.0
191.0
195.0
195.0
195.0
195.0
195.0
195.0
195.0
195.0
169.0
169.0
169.0
167.0
167.0
171.0
171.0
171.0
171.0
171.0
177.0
431.0
639.0
817.0
817.0
713.0
821.0
791.0
791.0
765.0
661.0
457.0
353.0
295.0
217.0
217.0
165.0
185.0
165.0
191.0
165.0
165.0
165.0
165.0
268.0
535.0
769.0
821.0
847.0
743.0
821.0
795.0
795.0
769.0
665.0
452.0
327.0
325.0
237.0
211.0
159.0
185.0
185.0
185.0
159.0
167.0
171.0
171.0
268.0
509.0
795.0
821.0
847.0
743.0
821.0
795.0
795.0
769.0
635.0
453.0
359.0
263.0
256.0
217.0
165.0
159.0
185.0
165.0
191.0
165.0
165.0
191.0
295.0
509.0
717.0
769.0
795.0
717.0
769.0
743.0
743.0
717.0
613.0
457.0
349.0
245.0
219.0
193.0
167.0
167.0
167.0
167.0
167.0
167.0
175.0
171.0
167.0
174.0
226.0
226.0
226.0
200.0
226.0
226.0
226.0
226.0
226.0
187.0
165.0
191.0
162.0
165.0
165.0
165.0
165.0
165.0
165.0
165.0
168.0
139.0
165.0
169.0
221.0
247.0
247.0
221.0
219.0
237.0
211.0
185.0
185.0
185.0
185.0
185.0
185.0
171.0
171.0
171.0
171.0
171.0
179.0
171.0
171.0
160.0
170.0
483.0
744.0
796.0
796.0
900.0
900.0
874.0
744.0
510.0
432.0
380.0
302.0
276.0
250.0
224.0
224.0
217.0
250.0
224.0
224.0
250.0
380.0
665.0
925.0
951.0
1003.0
931.0
951.0
951.0
925.0
925.0
769.0
535.0
401.0
348.0
297.0
271.0
245.0
219.0
219.0
193.0
193.0
193.0
193.0
192.0
218.0
218.0
296.0
296.0
322.0
296.0
296.0
307.0
322.0
296.0
270.0
244.0
218.0
243.0
208.0
243.0
165.0
191.0
217.0
217.0
217.0
190.0
190.0
190.0
218.0
243.0
276.0
306.0
348.0
296.0
296.0
270.0
296.0
270.0
270.0
244.0
244.0
244.0
218.0
218.0
166.0
218.0
192.0
218.0
191.0
190.0
203.0
195.0
221.0
607.0
841.0
919.0
919.0
841.0
893.0
893.0
867.0
867.0
737.0
468.0
373.0
347.0
269.0
269.0
243.0
217.0
191.0
217.0
191.0
191.0
217.0
217.0
353.0
613.0
847.0
873.0
899.0
841.0
841.0
841.0
847.0
841.0
717.0
483.0
373.0
321.0
269.0
269.0
243.0
217.0
217.0
217.0
219.0
193.0
224.0
250.0
379.0
639.0
821.0
847.0
921.0
869.0
843.0
869.0
843.0
817.0
713.0
479.0
375.0
323.0
270.0
270.0
244.0
244.0
218.0
218.0
218.0
218.0
244.0
229.0
385.0
645.0
853.0
879.0
929.0
874.0
900.0
848.0
848.0
848.0
718.0
510.0
380.0
325.0
328.0
244.0
250.0
250.0
250.0
224.0
198.0
224.0
224.0
224.0
354.0
666.0
900.0
874.0
952.0
874.0
887.0
848.0
874.0
848.0
717.0
509.0
377.0
325.0
273.0
247.0
247.0
221.0
221.0
221.0
221.0
195.0
223.0
197.0
195.0
185.0
211.0
210.0
211.0
211.0
211.0
221.0
221.0
221.0
221.0
221.0
221.0
197.0
249.0
223.0
171.0
195.0
221.0
221.0
221.0
195.0
195.0
203.0
203.0
195.0
221.0
247.0
275.0
248.0
248.0
222.0
248.0
248.0
222.0
248.0
219.0
245.0
219.0
222.0
170.0
222.0
196.0
196.0
196.0
222.0
203.0
229.0
203.0
664.0
924.0
1002.0
1055.0
951.0
1003.0
951.0
951.0
925.0
795.0
535.0
431.0
374.0
322.0
270.0
244.0
218.0
244.0
244.0
218.0
218.0
218.0
244.0
374.0
686.0
946.0
972.0
1055.0
946.0
972.0
951.0
951.0
925.0
777.0
509.0
400.0
348.0
296.0
244.0
244.0
218.0
218.0
218.0
218.0
244.0
192.0
223.0
353.0
665.0
925.0
951.0
1029.0
951.0
925.0
925.0
925.0
899.0
795.0
561.0
431.0
374.0
296.0
270.0
244.0
218.0
218.0
218.0
218.0
244.0
244.0
218.0
357.0
643.0
923.0
955.0
1007.0
949.0
949.0
951.0
951.0
925.0
795.0
535.0
403.0
377.0
301.0
245.0
245.0
245.0
219.0
219.0
219.0
245.0
221.0
223.0
353.0
613.0
951.0
951.0
1003.0
925.0
951.0
925.0
899.0
899.0
795.0
535.0
348.0
270.0
244.0
218.0
271.0
221.0
195.0
218.0
221.0
247.0
195.0
221.0
195.0
195.0
247.0
247.0
247.0
247.0
273.0
273.0
273.0
247.0
247.0
273.0
221.0
247.0
221.0
247.0
169.0
195.0
221.0
221.0
221.0
195.0
221.0
190.0
216.0
221.0
221.0
221.0
221.0
273.0
299.0
247.0
247.0
247.0
248.0
247.0
247.0
219.0
221.0
221.0
169.0
221.0
221.0
221.0
195.0
221.0
216.0
222.0
320.0
637.0
958.0
967.0
1045.0
941.0
993.0
1019.0
967.0
977.0
811.0
577.0
431.0
343.0
301.0
274.0
275.0
249.0
249.0
222.0
223.0
223.0
223.0
223.0
379.0
600.0
951.0
999.0
1025.0
973.0
999.0
973.0
947.0
973.0
843.0
557.0
427.0
349.0
295.0
243.0
269.0
243.0
217.0
243.0
221.0
221.0
221.0
221.0
351.0
640.0
926.0
949.0
1027.0
950.0
976.0
950.0
950.0
924.0
794.0
534.0
426.0
348.0
322.0
244.0
270.0
244.0
218.0
229.0
218.0
218.0
218.0
227.0
357.0
643.0
929.0
981.0
1059.0
955.0
981.0
981.0
955.0
929.0
851.0
539.0
429.0
357.0
297.0
271.0
271.0
279.0
219.0
245.0
245.0
219.0
219.0
219.0
375.0
609.0
921.0
947.0
1025.0
951.0
977.0
977.0
951.0
925.0
821.0
535.0
377.0
351.0
273.0
247.0
272.0
221.0
195.0
231.0
221.0
221.0
195.0
221.0
221.0
247.0
247.0
273.0
273.0
273.0
273.0
273.0
273.0
273.0
273.0
247.0
247.0
221.0
221.0
247.0
169.0
221.0
221.0
221.0
215.0
203.0
190.0
190.0
195.0
203.0
229.0
229.0
281.0
255.0
255.0
281.0
281.0
281.0
255.0
255.0
229.0
229.0
229.0
203.0
177.0
177.0
203.0
229.0
157.0
177.0
203.0
190.0
203.0
645.0
853.0
905.0
1002.0
950.0
950.0
1002.0
950.0
976.0
846.0
577.0
456.0
377.0
299.0
273.0
273.0
221.0
193.0
245.0
219.0
219.0
193.0
219.0
349.0
635.0
921.0
947.0
1051.0
947.0
973.0
999.0
973.0
947.0
843.0
583.0
461.0
375.0
323.0
271.0
271.0
245.0
245.0
245.0
245.0
219.0
219.0
245.0
375.0
639.0
951.0
951.0
1055.0
951.0
977.0
977.0
951.0
951.0
821.0
613.0
401.0
379.0
353.0
236.0
275.0
248.0
248.0
248.0
222.0
248.0
253.0
219.0
375.0
635.0
955.0
973.0
1059.0
955.0
973.0
955.0
955.0
947.0
817.0
609.0
479.0
364.0
323.0
271.0
271.0
245.0
245.0
213.0
239.0
223.0
223.0
249.0
379.0
691.0
951.0
977.0
1055.0
951.0
1003.0
977.0
951.0
951.0
785.0
577.0
421.0
343.0
291.0
265.0
265.0
221.0
195.0
195.0
221.0
221.0
195.0
195.0
195.0
219.0
239.0
239.0
271.0
271.0
271.0
271.0
245.0
271.0
245.0
219.0
219.0
247.0
195.0
221.0
175.0
201.0
201.0
227.0
201.0
216.0
187.0
190.0
216.0
225.0
225.0
254.0
279.0
277.0
247.0
273.0
273.0
273.0
273.0
247.0
225.0
251.0
225.0
199.0
173.0
199.0
225.0
199.0
199.0
225.0
228.0
216.0
190.0
663.0
925.0
1003.0
1029.0
951.0
1001.0
975.0
1001.0
949.0
819.0
533.0
429.0
351.0
299.0
273.0
247.0
221.0
247.0
221.0
247.0
219.0
245.0
219.0
375.0
635.0
921.0
999.0
1057.0
979.0
1005.0
979.0
953.0
953.0
849.0
589.0
433.0
355.0
303.0
277.0
251.0
251.0
225.0
225.0
225.0
225.0
227.0
227.0
383.0
630.0
955.0
1007.0
1059.0
955.0
1007.0
1007.0
981.0
983.0
853.0
593.0
437.0
385.0
333.0
281.0
255.0
229.0
255.0
229.0
253.0
227.0
227.0
253.0
383.0
695.0
955.0
981.0
1059.0
955.0
998.0
981.0
955.0
929.0
845.0
533.0
429.0
377.0
325.0
273.0
247.0
221.0
226.0
221.0
221.0
221.0
195.0
221.0
377.0
689.0
923.0
975.0
1056.0
952.0
978.0
978.0
952.0
926.0
822.0
541.0
437.0
359.0
281.0
255.0
255.0
229.0
203.0
203.0
225.0
225.0
199.0
225.0
225.0
225.0
225.0
265.0
251.0
277.0
251.0
277.0
277.0
251.0
225.0
251.0
225.0
247.0
195.0
221.0
167.0
193.0
193.0
193.0
193.0
193.0
223.0
203.0
203.0
219.0
219.0
245.0
271.0
271.0
245.0
271.0
245.0
271.0
219.0
267.0
245.0
245.0
193.0
219.0
167.0
193.0
219.0
195.0
195.0
195.0
195.0
203.0
203.0
647.0
959.0
1011.0
1037.0
959.0
1011.0
985.0
1011.0
985.0
855.0
595.0
465.0
361.0
309.0
257.0
257.0
231.0
231.0
231.0
251.0
225.0
225.0
251.0
355.0
641.0
953.0
1005.0
1057.0
953.0
1005.0
953.0
976.0
950.0
846.0
586.0
430.0
352.0
300.0
274.0
248.0
222.0
222.0
222.0
248.0
248.0
222.0
222.0
378.0
638.0
924.0
950.0
1054.0
924.0
976.0
950.0
950.0
898.0
846.0
560.0
430.0
352.0
300.0
247.0
247.0
221.0
191.0
221.0
221.0
221.0
221.0
195.0
195.0
247.0
351.0
351.0
351.0
325.0
351.0
351.0
351.0
351.0
325.0
271.0
244.0
244.0
244.0
219.0
219.0
219.0
227.0
227.0
218.0
227.0
202.0
216.0
192.0
244.0
254.0
322.0
355.0
322.0
351.0
351.0
348.0
351.0
351.0
273.0
247.0
221.0
195.0
169.0
221.0
169.0
169.0
195.0
221.0
169.0
202.0
190.0
190.0
566.0
955.0
1007.0
1059.0
929.0
979.0
979.0
952.0
978.0
848.0
615.0
459.0
355.0
259.0
247.0
221.0
201.0
221.0
221.0
195.0
195.0
195.0
227.0
383.0
669.0
929.0
981.0
1007.0
929.0
955.0
929.0
920.0
903.0
773.0
513.0
421.0
351.0
270.0
247.0
219.0
193.0
193.0
219.0
193.0
219.0
193.0
219.0
349.0
661.0
947.0
973.0
1025.0
895.0
947.0
947.0
921.0
921.0
791.0
557.0
427.0
352.0
274.0
222.0
222.0
193.0
219.0
193.0
193.0
219.0
193.0
225.0
355.0
641.0
927.0
979.0
1005.0
901.0
953.0
927.0
927.0
901.0
771.0
511.0
381.0
355.0
277.0
251.0
221.0
221.0
225.0
225.0
199.0
250.0
224.0
224.0
380.0
640.0
952.0
952.0
978.0
822.0
900.0
822.0
822.0
796.0
640.0
510.0
380.0
287.0
243.0
235.0
217.0
209.0
209.0
209.0
183.0
209.0
209.0
209.0
225.0
213.0
287.0
401.0
391.0
339.0
391.0
391.0
401.0
375.0
349.0
245.0
217.0
219.0
225.0
199.0
225.0
199.0
199.0
173.0
199.0
173.0
190.0
173.0
199.0
225.0
222.0
359.0
355.0
338.0
352.0
326.0
326.0
326.0
274.0
248.0
248.0
222.0
222.0
222.0
222.0
196.0
196.0
196.0
196.0
196.0
196.0
190.0
346.0
716.0
846.0
872.0
924.0
872.0
872.0
872.0
872.0
846.0
716.0
482.0
352.0
300.0
274.0
248.0
222.0
196.0
196.0
196.0
196.0
187.0
196.0
222.0
352.0
586.0
820.0
846.0
898.0
846.0
846.0
820.0
817.0
794.0
664.0
456.0
326.0
300.0
274.0
248.0
222.0
248.0
222.0
222.0
222.0
222.0
222.0
248.0
352.0
586.0
819.0
799.0
845.0
819.0
793.0
793.0
793.0
767.0
559.0
403.0
325.0
299.0
247.0
273.0
221.0
211.0
219.0
219.0
193.0
219.0
225.0
225.0
355.0
563.0
745.0
771.0
771.0
741.0
719.0
745.0
693.0
667.0
537.0
377.0
300.0
248.0
222.0
222.0
222.0
196.0
196.0
222.0
196.0
222.0
196.0
221.0
329.0
473.0
619.0
638.0
664.0
664.0
638.0
612.0
586.0
560.0
482.0
352.0
274.0
222.0
195.0
196.0
222.0
196.0
170.0
196.0
196.0
196.0
196.0
195.0
294.0
372.0
508.0
471.0
482.0
453.0
375.0
297.0
219.0
193.0
167.0
167.0
173.0
173.0
173.0
173.0
225.0
173.0
173.0
173.0
172.0
172.0
170.0
172.0
173.0
147.0
147.0
147.0
147.0
173.0
147.0
147.0
147.0
147.0
143.0
169.0
169.0
169.0
169.0
169.0
172.0
143.0
169.0
165.0
169.0
169.0
169.0
143.0
143.0
143.0
143.0
169.0
167.0
141.0
141.0
144.0
144.0
170.0
170.0
170.0
144.0
170.0
170.0
144.0
170.0
170.0
144.0
170.0
170.0
170.0
170.0
144.0
144.0
170.0
170.0
144.0
144.0
169.0
169.0
169.0
143.0
169.0
169.0
163.0
169.0
143.0
169.0
169.0
169.0
143.0
169.0
169.0
143.0
169.0
169.0
143.0
141.0
141.0
167.0
141.0
167.0
141.0
167.0
167.0
141.0
167.0
141.0
167.0
157.0
167.0
167.0
167.0
147.0
173.0
167.0
167.0
167.0
167.0
167.0
141.0
167.0
141.0
167.0
165.0
139.0
166.0
140.0
140.0
166.0
140.0
166.0
166.0
166.0
166.0
159.0
180.0
166.0
166.0
147.0
173.0
152.0
173.0
147.0
147.0
173.0
147.0
173.0
147.0
147.0
173.0
147.0
173.0
173.0
173.0
173.0
173.0
173.0
169.0
169.0
169.0
169.0
143.0
169.0
143.0
169.0
143.0
169.0
143.0
170.0
170.0
170.0
144.0
170.0
170.0
170.0
196.0
170.0
170.0
170.0
170.0
170.0
170.0
170.0
170.0
144.0
170.0
170.0
170.0
170.0
170.0
170.0
170.0
144.0
481.0
611.0
637.0
663.0
663.0
637.0
611.0
559.0
559.0
455.0
299.0
273.0
221.0
222.0
196.0
222.0
196.0
196.0
170.0
164.0
197.0
248.0
196.0
294.0
593.0
785.0
811.0
863.0
785.0
811.0
811.0
785.0
785.0
629.0
369.0
291.0
239.0
213.0
213.0
213.0
187.0
187.0
201.0
199.0
199.0
225.0
225.0
329.0
641.0
823.0
875.0
927.0
845.0
869.0
895.0
895.0
869.0
713.0
453.0
323.0
271.0
219.0
193.0
219.0
193.0
193.0
193.0
193.0
219.0
193.0
193.0
193.0
635.0
869.0
924.0
924.0
846.0
899.0
872.0
898.0
872.0
742.0
456.0
378.0
300.0
274.0
231.0
221.0
195.0
221.0
195.0
195.0
212.0
221.0
221.0
351.0
637.0
897.0
923.0
949.0
845.0
897.0
873.0
873.0
851.0
743.0
457.0
344.0
325.0
273.0
247.0
221.0
201.0
227.0
201.0
221.0
195.0
221.0
221.0
377.0
643.0
903.0
929.0
949.0
846.0
898.0
898.0
872.0
848.0
716.0
456.0
351.0
300.0
248.0
222.0
222.0
197.0
170.0
196.0
196.0
196.0
196.0
196.0
196.0
196.0
248.0
248.0
248.0
274.0
248.0
274.0
222.0
274.0
222.0
222.0
222.0
222.0
196.0
196.0
180.0
199.0
199.0
225.0
199.0
216.0
199.0
173.0
196.0
199.0
225.0
225.0
251.0
251.0
225.0
225.0
225.0
225.0
225.0
219.0
193.0
219.0
193.0
193.0
167.0
193.0
193.0
193.0
193.0
193.0
196.0
196.0
341.0
609.0
921.0
940.0
999.0
869.0
947.0
947.0
947.0
923.0
741.0
533.0
377.0
299.0
247.0
221.0
221.0
195.0
185.0
185.0
211.0
185.0
185.0
211.0
367.0
653.0
939.0
965.0
965.0
887.0
913.0
913.0
913.0
913.0
757.0
523.0
393.0
367.0
263.0
237.0
211.0
211.0
211.0
211.0
211.0
237.0
211.0
211.0
341.0
637.0
897.0
927.0
927.0
875.0
901.0
927.0
901.0
901.0
771.0
511.0
433.0
355.0
277.0
225.0
225.0
225.0
225.0
225.0
225.0
221.0
195.0
221.0
325.0
611.0
897.0
949.0
949.0
871.0
923.0
923.0
897.0
897.0
767.0
565.0
455.0
351.0
273.0
247.0
221.0
221.0
221.0
195.0
221.0
221.0
201.0
227.0
383.0
643.0
955.0
955.0
1007.0
903.0
946.0
912.0
912.0
886.0
756.0
519.0
400.0
348.0
270.0
244.0
218.0
192.0
218.0
225.0
225.0
225.0
208.0
225.0
199.0
237.0
308.0
329.0
303.0
277.0
329.0
303.0
296.0
303.0
270.0
251.0
244.0
244.0
218.0
225.0
173.0
199.0
225.0
199.0
225.0
225.0
211.0
185.0
199.0
251.0
251.0
277.0
277.0
277.0
277.0
277.0
277.0
237.0
277.0
251.0
225.0
219.0
199.0
199.0
173.0
225.0
199.0
199.0
199.0
211.0
185.0
211.0
341.0
637.0
923.0
949.0
976.0
897.0
923.0
898.0
898.0
872.0
719.0
445.0
367.0
289.0
237.0
211.0
211.0
185.0
185.0
185.0
185.0
185.0
185.0
211.0
337.0
623.0
887.0
939.0
965.0
861.0
887.0
913.0
887.0
869.0
739.0
453.0
383.0
323.0
245.0
245.0
219.0
219.0
193.0
193.0
219.0
193.0
193.0
219.0
349.0
635.0
869.0
913.0
939.0
809.0
887.0
887.0
901.0
835.0
705.0
445.0
367.0
315.0
263.0
237.0
211.0
185.0
211.0
185.0
230.0
196.0
196.0
222.0
357.0
643.0
851.0
898.0
927.0
823.0
849.0
875.0
849.0
849.0
721.0
464.0
378.0
282.0
282.0
196.0
230.0
204.0
204.0
204.0
204.0
193.0
193.0
193.0
190.0
219.0
247.0
247.0
273.0
247.0
247.0
273.0
247.0
247.0
247.0
221.0
221.0
195.0
221.0
715.0
741.0
637.0
675.0
675.0
715.0
689.0
611.0
403.0
325.0
299.0
248.0
196.0
144.0
196.0
170.0
170.0
170.0
155.0
159.0
155.0
242.0
415.0
675.0
727.0
757.0
649.0
727.0
727.0
727.0
675.0
598.0
363.0
289.0
263.0
263.0
211.0
133.0
198.0
159.0
159.0
159.0
155.0
181.0
155.0
216.0
390.0
649.0
701.0
701.0
623.0
701.0
701.0
701.0
675.0
571.0
337.0
311.0
285.0
259.0
207.0
129.0
181.0
181.0
181.0
155.0
181.0
181.0
181.0
242.0
441.0
727.0
701.0
779.0
649.0
701.0
701.0
701.0
701.0
571.0
337.0
296.0
233.0
207.0
225.0
147.0
173.0
173.0
173.0
173.0
170.0
170.0
170.0
268.0
441.0
727.0
727.0
783.0
701.0
739.0
701.0
701.0
701.0
601.0
363.0
289.0
233.0
233.0
181.0
129.0
155.0
155.0
155.0
169.0
169.0
195.0
151.0
164.0
140.0
218.0
218.0
244.0
244.0
218.0
218.0
218.0
218.0
218.0
192.0
192.0
192.0
166.0
166.0
140.0
159.0
159.0
159.0
159.0
159.0
133.0
159.0
159.0
159.0
237.0
211.0
237.0
237.0
211.0
211.0
185.0
211.0
211.0
211.0
185.0
185.0
181.0
155.0
129.0
155.0
133.0
155.0
129.0
155.0
155.0
155.0
159.0
399.0
742.0
794.0
820.0
711.0
755.0
781.0
794.0
768.0
664.0
430.0
326.0
300.0
274.0
196.0
144.0
170.0
170.0
170.0
159.0
158.0
159.0
159.0
268.0
443.0
729.0
731.0
807.0
703.0
729.0
729.0
705.0
679.0
601.0
367.0
341.0
289.0
259.0
207.0
129.0
155.0
155.0
166.0
155.0
155.0
155.0
155.0
248.0
441.0
727.0
779.0
779.0
701.0
753.0
753.0
768.0
742.0
638.0
430.0
353.0
299.0
273.0
221.0
143.0
169.0
173.0
173.0
192.0
199.0
173.0
199.0
242.0
459.0
745.0
771.0
797.0
693.0
771.0
771.0
767.0
741.0
637.0
377.0
299.0
274.0
248.0
248.0
144.0
170.0
196.0
196.0
196.0
187.0
156.0
182.0
268.0
442.0
728.0
754.0
780.0
702.0
728.0
763.0
765.0
702.0
624.0
364.0
286.0
234.0
208.0
182.0
130.0
156.0
156.0
156.0
156.0
156.0
156.0
156.0
156.0
156.0
234.0
260.0
234.0
234.0
234.0
260.0
234.0
260.0
208.0
182.0
182.0
182.0
182.0
182.0
130.0
182.0
130.0
130.0
173.0
173.0
173.0
173.0
147.0
173.0
173.0
199.0
225.0
225.0
199.0
199.0
218.0
196.0
196.0
170.0
170.0
196.0
170.0
170.0
170.0
155.0
170.0
170.0
170.0
170.0
170.0
170.0
263.0
456.0
737.0
738.0
820.0
711.0
768.0
764.0
764.0
764.0
634.0
426.0
348.0
295.0
248.0
217.0
142.0
191.0
191.0
165.0
191.0
191.0
165.0
199.0
277.0
459.0
771.0
751.0
797.0
719.0
771.0
771.0
763.0
737.0
633.0
425.0
347.0
295.0
248.0
196.0
139.0
191.0
191.0
165.0
196.0
170.0
201.0
169.0
252.0
455.0
741.0
793.0
819.0
741.0
793.0
793.0
763.0
767.0
637.0
429.0
351.0
273.0
273.0
221.0
139.0
195.0
169.0
169.0
171.0
169.0
169.0
169.0
252.0
455.0
715.0
767.0
793.0
715.0
767.0
767.0
763.0
737.0
633.0
451.0
352.0
326.0
274.0
222.0
144.0
170.0
196.0
170.0
196.0
170.0
196.0
170.0
242.0
482.0
742.0
768.0
794.0
690.0
768.0
742.0
737.0
704.0
601.0
367.0
315.0
263.0
263.0
211.0
133.0
185.0
159.0
159.0
159.0
159.0
159.0
161.0
164.0
161.0
213.0
239.0
239.0
213.0
239.0
239.0
239.0
213.0
239.0
187.0
161.0
187.0
161.0
161.0
161.0
161.0
135.0
161.0
161.0
161.0
161.0
135.0
135.0
161.0
187.0
187.0
187.0
187.0
187.0
213.0
213.0
187.0
213.0
161.0
161.0
161.0
135.0
161.0
161.0
135.0
161.0
135.0
135.0
135.0
135.0
161.0
133.0
434.0
733.0
733.0
759.0
707.0
759.0
759.0
759.0
733.0
629.0
447.0
343.0
317.0
265.0
239.0
239.0
213.0
187.0
213.0
187.0
187.0
187.0
187.0
317.0
551.0
863.0
889.0
915.0
851.0
846.0
759.0
759.0
768.0
586.0
378.0
300.0
274.0
248.0
248.0
251.0
185.0
170.0
170.0
185.0
159.0
159.0
159.0
185.0
221.0
247.0
273.0
247.0
221.0
221.0
247.0
221.0
247.0
221.0
192.0
195.0
169.0
195.0
169.0
169.0
195.0
169.0
169.0
199.0
147.0
173.0
147.0
199.0
225.0
251.0
277.0
277.0
277.0
251.0
225.0
251.0
225.0
195.0
195.0
195.0
221.0
169.0
169.0
169.0
169.0
169.0
195.0
169.0
169.0
169.0
196.0
185.0
559.0
819.0
819.0
897.0
845.0
845.0
845.0
845.0
819.0
689.0
481.0
351.0
299.0
247.0
221.0
247.0
195.0
195.0
195.0
195.0
195.0
221.0
195.0
360.0
560.0
837.0
837.0
915.0
843.0
863.0
837.0
846.0
846.0
690.0
456.0
352.0
300.0
237.0
211.0
248.0
211.0
185.0
185.0
185.0
185.0
196.0
222.0
329.0
563.0
849.0
875.0
953.0
849.0
901.0
875.0
901.0
845.0
715.0
481.0
377.0
299.0
273.0
247.0
247.0
195.0
195.0
221.0
195.0
195.0
221.0
221.0
325.0
559.0
897.0
897.0
949.0
845.0
897.0
905.0
897.0
867.0
715.0
455.0
377.0
325.0
269.0
269.0
247.0
247.0
195.0
221.0
221.0
221.0
195.0
221.0
351.0
611.0
871.0
897.0
949.0
845.0
897.0
897.0
897.0
845.0
715.0
455.0
351.0
273.0
221.0
247.0
247.0
185.0
185.0
185.0
182.0
182.0
182.0
185.0
195.0
237.0
277.0
286.0
289.0
315.0
315.0
315.0
315.0
289.0
247.0
247.0
221.0
221.0
221.0
195.0
169.0
195.0
195.0
195.0
195.0
189.0
195.0
170.0
189.0
251.0
267.0
293.0
293.0
293.0
293.0
291.0
293.0
329.0
267.0
241.0
241.0
215.0
215.0
189.0
163.0
189.0
189.0
189.0
215.0
163.0
196.0
185.0
199.0
579.0
865.0
917.0
995.0
865.0
943.0
917.0
917.0
891.0
735.0
501.0
371.0
319.0
241.0
215.0
241.0
189.0
189.0
215.0
189.0
189.0
189.0
215.0
319.0
605.0
891.0
891.0
969.0
865.0
901.0
865.0
865.0
865.0
716.0
482.0
378.0
300.0
274.0
248.0
248.0
222.0
196.0
222.0
196.0
221.0
182.0
208.0
312.0
611.0
871.0
897.0
949.0
845.0
897.0
871.0
871.0
845.0
715.0
455.0
377.0
325.0
268.0
267.0
241.0
216.0
397.0
397.0
397.0
397.0
397.0
423.0
449.0
497.0
575.0
549.0
627.0
627.0
575.0
861.0
861.0
861.0
705.0
497.0
341.0
289.0
263.0
237.0
237.0
218.0
189.0
218.0
192.0
215.0
189.0
215.0
352.0
605.0
865.0
898.0
943.0
847.0
865.0
865.0
891.0
839.0
735.0
449.0
345.0
267.0
267.0
214.0
241.0
189.0
189.0
189.0
189.0
189.0
189.0
189.0
222.0
215.0
274.0
274.0
293.0
267.0
293.0
293.0
293.0
293.0
267.0
241.0
219.0
245.0
193.0
167.0
167.0
195.0
169.0
195.0
195.0
195.0
169.0
193.0
195.0
215.0
241.0
267.0
267.0
267.0
267.0
267.0
267.0
267.0
267.0
215.0
231.0
215.0
189.0
189.0
163.0
189.0
189.0
189.0
163.0
163.0
185.0
189.0
185.0
579.0
865.0
901.0
953.0
875.0
927.0
927.0
875.0
875.0
745.0
459.0
381.0
303.0
263.0
237.0
237.0
211.0
211.0
196.0
222.0
196.0
222.0
222.0
345.0
553.0
839.0
865.0
917.0
839.0
865.0
891.0
865.0
839.0
709.0
449.0
371.0
319.0
267.0
241.0
241.0
189.0
215.0
189.0
189.0
189.0
215.0
215.0
319.0
605.0
839.0
865.0
917.0
839.0
865.0
865.0
839.0
839.0
709.0
459.0
381.0
329.0
277.0
251.0
251.0
195.0
221.0
189.0
189.0
189.0
189.0
189.0
319.0
579.0
832.0
839.0
917.0
839.0
891.0
865.0
839.0
839.0
709.0
449.0
319.0
267.0
244.0
218.0
244.0
192.0
192.0
192.0
169.0
195.0
195.0
195.0
306.0
559.0
856.0
871.0
949.0
819.0
871.0
845.0
845.0
819.0
689.0
429.0
325.0
299.0
241.0
215.0
241.0
189.0
163.0
189.0
189.0
163.0
163.0
163.0
214.0
248.0
274.0
267.0
293.0
274.0
293.0
293.0
267.0
244.0
218.0
218.0
192.0
218.0
192.0
192.0
166.0
205.0
163.0
192.0
169.0
169.0
166.0
193.0
167.0
167.0
218.0
192.0
244.0
192.0
221.0
218.0
218.0
218.0
192.0
218.0
192.0
166.0
192.0
166.0
166.0
192.0
192.0
166.0
192.0
166.0
192.0
193.0
159.0
560.0
816.0
842.0
920.0
842.0
868.0
871.0
845.0
845.0
715.0
455.0
377.0
325.0
267.0
241.0
241.0
215.0
189.0
215.0
189.0
189.0
189.0
215.0
293.0
553.0
839.0
839.0
943.0
813.0
891.0
839.0
839.0
813.0
709.0
449.0
345.0
293.0
241.0
215.0
241.0
189.0
189.0
189.0
189.0
189.0
189.0
215.0
293.0
553.0
839.0
813.0
917.0
813.0
865.0
813.0
813.0
813.0
683.0
449.0
349.0
297.0
245.0
245.0
245.0
193.0
193.0
167.0
219.0
167.0
167.0
219.0
297.0
531.0
822.0
813.0
891.0
761.0
839.0
816.0
761.0
813.0
683.0
429.0
351.0
299.0
237.0
247.0
273.0
173.0
195.0
195.0
221.0
195.0
195.0
215.0
293.0
520.0
813.0
842.0
891.0
787.0
839.0
813.0
813.0
787.0
631.0
423.0
319.0
293.0
241.0
215.0
215.0
189.0
215.0
195.0
195.0
195.0
169.0
169.0
214.0
221.0
273.0
299.0
299.0
247.0
299.0
299.0
303.0
303.0
251.0
225.0
225.0
199.0
199.0
225.0
163.0
189.0
163.0
189.0
189.0
163.0
193.0
193.0
189.0
215.0
241.0
267.0
267.0
267.0
282.0
282.0
282.0
256.0
256.0
216.0
230.0
230.0
204.0
204.0
178.0
193.0
204.0
173.0
199.0
173.0
173.0
181.0
320.0
589.0
849.0
849.0
901.0
823.0
849.0
823.0
823.0
797.0
641.0
444.0
355.0
303.0
251.0
250.0
224.0
198.0
198.0
198.0
172.0
198.0
172.0
210.0
314.0
548.0
782.0
808.0
886.0
782.0
822.0
822.0
822.0
796.0
666.0
449.0
354.0
302.0
219.0
224.0
224.0
198.0
191.0
172.0
195.0
195.0
169.0
195.0
319.0
527.0
787.0
839.0
900.0
797.0
834.0
822.0
782.0
782.0
652.0
418.0
314.0
288.0
240.0
210.0
210.0
158.0
184.0
184.0
184.0
184.0
184.0
230.0
314.0
562.0
822.0
874.0
926.0
796.0
874.0
848.0
848.0
822.0
692.0
458.0
380.0
302.0
250.0
224.0
224.0
198.0
172.0
198.0
172.0
198.0
198.0
198.0
302.0
562.0
770.0
822.0
848.0
770.0
822.0
796.0
770.0
770.0
614.0
406.0
328.0
276.0
224.0
198.0
224.0
163.0
163.0
163.0
163.0
178.0
172.0
163.0
163.0
189.0
241.0
241.0
241.0
215.0
241.0
267.0
241.0
215.0
215.0
189.0
189.0
158.0
158.0
158.0
132.0
184.0
158.0
158.0
158.0
132.0
158.0
158.0
163.0
189.0
215.0
241.0
267.0
215.0
267.0
267.0
267.0
277.0
267.0
189.0
163.0
199.0
163.0
173.0
173.0
173.0
173.0
173.0
173.0
137.0
163.0
163.0
162.0
501.0
823.0
815.0
901.0
814.0
871.0
871.0
845.0
845.0
351.0
793.0
377.0
328.0
255.0
221.0
222.0
195.0
195.0
195.0
195.0
195.0
195.0
195.0
306.0
559.0
819.0
845.0
923.0
819.0
871.0
871.0
845.0
819.0
689.0
455.0
377.0
299.0
247.0
214.0
225.0
195.0
195.0
189.0
189.0
189.0
163.0
215.0
293.0
563.0
813.0
839.0
891.0
813.0
839.0
813.0
813.0
787.0
683.0
449.0
345.0
267.0
241.0
241.0
221.0
189.0
202.0
202.0
202.0
202.0
202.0
228.0
306.0
540.0
826.0
852.0
852.0
306.0
849.0
823.0
540.0
826.0
849.0
901.0
823.0
875.0
849.0
852.0
826.0
722.0
488.0
384.0
280.0
228.0
228.0
254.0
176.0
176.0
176.0
168.0
176.0
176.0
176.0
176.0
202.0
228.0
228.0
202.0
202.0
225.0
225.0
225.0
251.0
225.0
199.0
195.0
169.0
195.0
169.0
169.0
169.0
169.0
169.0
169.0
169.0
158.0
158.0
158.0
184.0
184.0
214.0
210.0
210.0
210.0
210.0
210.0
210.0
221.0
195.0
195.0
195.0
221.0
195.0
169.0
195.0
176.0
195.0
169.0
195.0
163.0
195.0
289.0
507.0
819.0
871.0
923.0
819.0
875.0
849.0
849.0
823.0
719.0
459.0
381.0
303.0
251.0
225.0
251.0
197.0
251.0
251.0
251.0
251.0
251.0
251.0
355.0
511.0
797.0
849.0
875.0
797.0
797.0
771.0
771.0
745.0
657.0
449.0
397.0
345.0
293.0
273.0
267.0
277.0
269.0
293.0
267.0
267.0
293.0
293.0
371.0
501.0
714.0
763.0
839.0
735.0
761.0
761.0
745.0
745.0
667.0
459.0
407.0
355.0
329.0
329.0
303.0
225.0
199.0
225.0
194.0
220.0
194.0
220.0
315.0
532.0
844.0
844.0
922.0
818.0
844.0
844.0
844.0
844.0
714.0
480.0
376.0
324.0
272.0
246.0
220.0
220.0
194.0
220.0
220.0
220.0
220.0
220.0
324.0
558.0
818.0
870.0
922.0
818.0
870.0
870.0
870.0
870.0
714.0
454.0
350.0
272.0
272.0
246.0
220.0
168.0
168.0
168.0
168.0
168.0
168.0
168.0
168.0
194.0
276.0
299.0
299.0
299.0
273.0
273.0
273.0
273.0
273.0
221.0
221.0
195.0
195.0
195.0
168.0
168.0
168.0
168.0
168.0
168.0
168.0
168.0
168.0
194.0
272.0
272.0
298.0
272.0
298.0
298.0
298.0
272.0
272.0
220.0
220.0
194.0
188.0
188.0
162.0
162.0
188.0
188.0
188.0
188.0
185.0
181.0
294.0
474.0
734.0
786.0
843.0
791.0
817.0
817.0
765.0
765.0
661.0
427.0
349.0
297.0
271.0
271.0
219.0
219.0
193.0
219.0
193.0
193.0
193.0
189.0
293.0
527.0
730.0
787.0
839.0
761.0
821.0
789.0
787.0
787.0
683.0
475.0
371.0
319.0
246.0
246.0
220.0
220.0
194.0
220.0
194.0
194.0
194.0
194.0
272.0
516.0
794.0
820.0
898.0
794.0
846.0
820.0
820.0
794.0
690.0
456.0
352.0
300.0
274.0
248.0
222.0
222.0
196.0
196.0
196.0
196.0
196.0
196.0
300.0
508.0
820.0
846.0
922.0
818.0
870.0
844.0
844.0
818.0
714.0
480.0
376.0
350.0
246.0
246.0
220.0
215.0
215.0
189.0
189.0
189.0
189.0
189.0
319.0
579.0
839.0
865.0
917.0
813.0
865.0
839.0
839.0
807.0
703.0
456.0
326.0
274.0
222.0
196.0
170.0
196.0
170.0
170.0
196.0
170.0
170.0
196.0
170.0
196.0
307.0
303.0
303.0
250.0
302.0
302.0
302.0
302.0
276.0
219.0
198.0
198.0
198.0
168.0
168.0
194.0
168.0
168.0
194.0
168.0
168.0
168.0
168.0
194.0
246.0
220.0
246.0
220.0
246.0
246.0
246.0
246.0
220.0
221.0
195.0
195.0
221.0
195.0
169.0
196.0
170.0
196.0
169.0
195.0
169.0
185.0
159.0
559.0
845.0
871.0
943.0
839.0
898.0
872.0
898.0
872.0
742.0
456.0
378.0
300.0
274.0
248.0
222.0
196.0
222.0
196.0
195.0
195.0
195.0
195.0
325.0
559.0
871.0
897.0
949.0
845.0
871.0
897.0
871.0
845.0
741.0
455.0
377.0
299.0
273.0
247.0
221.0
221.0
195.0
195.0
195.0
221.0
195.0
195.0
325.0
553.0
891.0
907.0
943.0
839.0
895.0
895.0
865.0
839.0
709.0
443.0
371.0
293.0
271.0
248.0
245.0
222.0
222.0
222.0
196.0
196.0
196.0
215.0
319.0
553.0
839.0
865.0
950.0
818.0
891.0
885.0
865.0
870.0
714.0
527.0
423.0
350.0
272.0
246.0
245.0
194.0
194.0
194.0
194.0
194.0
168.0
220.0
324.0
558.0
839.0
865.0
917.0
818.0
865.0
870.0
844.0
844.0
714.0
506.0
376.0
324.0
245.0
220.0
251.0
179.0
194.0
194.0
168.0
168.0
168.0
194.0
194.0
194.0
277.0
277.0
298.0
272.0
298.0
298.0
298.0
298.0
272.0
220.0
220.0
220.0
194.0
194.0
168.0
189.0
189.0
163.0
189.0
189.0
163.0
163.0
193.0
189.0
215.0
241.0
241.0
215.0
267.0
267.0
241.0
241.0
215.0
194.0
194.0
194.0
194.0
194.0
170.0
170.0
196.0
196.0
170.0
170.0
169.0
193.0
202.0
556.0
842.0
868.0
950.0
846.0
897.0
871.0
871.0
871.0
719.0
459.0
355.0
293.0
267.0
241.0
251.0
189.0
189.0
189.0
189.0
163.0
189.0
215.0
319.0
553.0
839.0
865.0
943.0
813.0
891.0
891.0
891.0
865.0
735.0
449.0
371.0
293.0
267.0
247.0
238.0
195.0
195.0
195.0
195.0
195.0
195.0
221.0
325.0
611.0
845.0
897.0
949.0
845.0
897.0
897.0
871.0
845.0
715.0
455.0
325.0
273.0
247.0
247.0
247.0
195.0
221.0
195.0
195.0
195.0
195.0
221.0
325.0
611.0
897.0
923.0
969.0
865.0
917.0
898.0
891.0
839.0
735.0
449.0
352.0
300.0
251.0
251.0
251.0
225.0
199.0
225.0
199.0
199.0
195.0
195.0
325.0
559.0
871.0
891.0
917.0
839.0
839.0
767.0
767.0
767.0
585.0
379.0
299.0
267.0
241.0
247.0
247.0
198.0
172.0
172.0
198.0
172.0
172.0
172.0
198.0
224.0
250.0
276.0
250.0
224.0
224.0
250.0
224.0
250.0
224.0
198.0
198.0
172.0
198.0
172.0
172.0
198.0
172.0
172.0
185.0
134.0
159.0
129.0
186.0
212.0
238.0
264.0
264.0
264.0
238.0
212.0
238.0
212.0
186.0
186.0
186.0
212.0
173.0
173.0
173.0
173.0
173.0
196.0
170.0
170.0
159.0
198.0
198.0
562.0
820.0
820.0
898.0
846.0
846.0
846.0
846.0
820.0
690.0
482.0
352.0
300.0
248.0
222.0
247.0
196.0
196.0
196.0
196.0
196.0
222.0
196.0
352.0
559.0
845.0
845.0
923.0
845.0
871.0
845.0
845.0
845.0
689.0
455.0
351.0
299.0
248.0
222.0
247.0
222.0
198.0
198.0
198.0
198.0
198.0
220.0
328.0
553.0
839.0
865.0
943.0
839.0
898.0
865.0
891.0
832.0
716.0
482.0
378.0
300.0
265.0
248.0
240.0
199.0
199.0
225.0
195.0
195.0
221.0
225.0
329.0
563.0
901.0
901.0
942.0
849.0
901.0
901.0
885.0
875.0
709.0
459.0
381.0
329.0
263.0
277.0
251.0
255.0
199.0
214.0
230.0
214.0
188.0
214.0
344.0
604.0
864.0
890.0
942.0
838.0
890.0
890.0
890.0
838.0
708.0
448.0
344.0
266.0
219.0
245.0
245.0
195.0
195.0
195.0
195.0
195.0
195.0
195.0
195.0
247.0
273.0
299.0
299.0
325.0
325.0
325.0
325.0
299.0
250.0
250.0
222.0
222.0
222.0
196.0
170.0
196.0
196.0
196.0
196.0
196.0
196.0
170.0
195.0
248.0
274.0
300.0
300.0
300.0
300.0
300.0
299.0
325.0
273.0
247.0
247.0
221.0
221.0
195.0
169.0
195.0
195.0
195.0
221.0
169.0
195.0
195.0
190.0
589.0
875.0
927.0
1005.0
858.0
953.0
927.0
927.0
901.0
745.0
511.0
381.0
329.0
251.0
225.0
254.0
199.0
199.0
215.0
189.0
189.0
189.0
215.0
319.0
605.0
891.0
891.0
975.0
865.0
891.0
865.0
872.0
872.0
716.0
482.0
378.0
300.0
274.0
246.0
251.0
220.0
199.0
220.0
194.0
220.0
194.0
220.0
319.0
605.0
875.0
891.0
943.0
849.0
901.0
875.0
875.0
849.0
719.0
459.0
381.0
329.0
277.0
277.0
251.0
225.0
407.0
407.0
407.0
407.0
407.0
423.0
449.0
501.0
579.0
553.0
631.0
631.0
579.0
865.0
865.0
865.0
709.0
501.0
345.0
295.0
269.0
247.0
236.0
168.0
271.0
454.0
740.0
740.0
792.0
716.0
742.0
716.0
716.0
716.0
616.0
378.0
300.0
248.0
248.0
196.0
144.0
170.0
170.0
170.0
170.0
170.0
196.0
144.0
170.0
144.0
222.0
222.0
248.0
248.0
222.0
224.0
224.0
224.0
224.0
198.0
198.0
206.0
172.0
172.0
144.0
170.0
170.0
170.0
170.0
170.0
143.0
159.0
173.0
172.0
250.0
224.0
250.0
250.0
224.0
225.0
199.0
225.0
225.0
225.0
199.0
204.0
181.0
158.0
132.0
161.0
143.0
169.0
143.0
169.0
169.0
169.0
178.0
403.0
741.0
793.0
807.0
715.0
767.0
793.0
793.0
767.0
663.0
429.0
325.0
299.0
272.0
194.0
142.0
170.0
168.0
180.0
168.0
168.0
168.0
168.0
273.0
459.0
740.0
740.0
818.0
714.0
745.0
745.0
719.0
693.0
615.0
381.0
355.0
300.0
267.0
216.0
144.0
166.0
170.0
170.0
170.0
170.0
170.0
170.0
244.0
456.0
741.0
793.0
786.0
708.0
760.0
760.0
760.0
734.0
630.0
422.0
344.0
287.0
266.0
209.0
131.0
166.0
157.0
157.0
183.0
183.0
157.0
194.0
245.0
455.0
741.0
767.0
793.0
689.0
767.0
767.0
767.0
741.0
637.0
377.0
299.0
261.0
247.0
249.0
145.0
169.0
197.0
197.0
183.0
183.0
171.0
195.0
270.0
457.0
741.0
767.0
795.0
717.0
743.0
769.0
769.0
717.0
638.0
379.0
301.0
249.0
223.0
197.0
145.0
170.0
171.0
171.0
168.0
168.0
168.0
168.0
168.0
168.0
246.0
272.0
246.0
246.0
246.0
272.0
248.0
274.0
222.0
196.0
196.0
196.0
196.0
196.0
144.0
198.0
144.0
144.0
170.0
170.0
170.0
163.0
143.0
170.0
170.0
196.0
222.0
222.0
195.0
195.0
221.0
195.0
195.0
169.0
169.0
195.0
169.0
169.0
169.0
169.0
169.0
169.0
169.0
178.0
169.0
159.0
273.0
455.0
731.0
741.0
819.0
715.0
767.0
767.0
767.0
767.0
637.0
429.0
351.0
299.0
247.0
221.0
147.0
199.0
199.0
173.0
199.0
199.0
173.0
196.0
273.0
456.0
766.0
742.0
794.0
716.0
768.0
768.0
768.0
742.0
638.0
430.0
352.0
300.0
248.0
196.0
135.0
196.0
196.0
170.0
196.0
170.0
196.0
170.0
247.0
456.0
742.0
794.0
820.0
742.0
794.0
794.0
768.0
768.0
638.0
430.0
352.0
274.0
274.0
221.0
144.0
196.0
170.0
170.0
170.0
170.0
170.0
170.0
245.0
456.0
716.0
768.0
794.0
716.0
768.0
768.0
768.0
742.0
638.0
456.0
352.0
326.0
274.0
222.0
144.0
169.0
196.0
170.0
196.0
177.0
196.0
177.0
245.0
491.0
742.0
768.0
795.0
691.0
769.0
743.0
743.0
717.0
613.0
379.0
327.0
275.0
275.0
229.0
145.0
203.0
177.0
177.0
177.0
177.0
177.0
177.0
169.0
177.0
229.0
255.0
255.0
229.0
255.0
255.0
255.0
229.0
255.0
203.0
177.0
203.0
177.0
177.0
177.0
177.0
151.0
177.0
177.0
177.0
177.0
151.0
151.0
177.0
203.0
203.0
203.0
193.0
203.0
229.0
220.0
194.0
220.0
168.0
168.0
168.0
142.0
168.0
172.0
146.0
170.0
144.0
144.0
144.0
144.0
170.0
129.0
430.0
742.0
742.0
768.0
716.0
768.0
768.0
768.0
742.0
638.0
456.0
352.0
326.0
275.0
247.0
223.0
223.0
223.0
223.0
197.0
219.0
207.0
181.0
193.0
197.0
223.0
275.0
249.0
249.0
249.0
282.0
249.0
275.0
275.0
249.0
249.0
249.0
223.0
223.0
223.0
223.0
197.0
197.0
197.0
197.0
171.0
193.0
181.0
190.0
582.0
899.0
899.0
925.0
845.0
871.0
874.0
897.0
858.0
768.0
534.0
430.0
378.0
300.0
248.0
280.0
222.0
222.0
196.0
222.0
211.0
222.0
196.0
326.0
560.0
846.0
872.0
950.0
820.0
872.0
898.0
872.0
872.0
768.0
539.0
456.0
378.0
300.0
250.0
282.0
222.0
248.0
223.0
222.0
196.0
222.0
195.0
351.0
585.0
845.0
871.0
942.0
845.0
871.0
897.0
871.0
872.0
794.0
534.0
430.0
378.0
300.0
274.0
263.0
248.0
222.0
222.0
222.0
222.0
222.0
222.0
352.0
612.0
846.0
872.0
950.0
840.0
898.0
898.0
898.0
898.0
768.0
560.0
456.0
378.0
300.0
248.0
265.0
222.0
211.0
222.0
222.0
196.0
196.0
222.0
352.0
586.0
898.0
897.0
949.0
845.0
897.0
897.0
897.0
871.0
767.0
533.0
403.0
325.0
247.0
221.0
273.0
195.0
221.0
213.0
195.0
185.0
195.0
195.0
171.0
223.0
237.0
274.0
248.0
239.0
263.0
265.0
274.0
300.0
300.0
275.0
249.0
223.0
223.0
223.0
223.0
223.0
223.0
223.0
181.0
181.0
193.0
193.0
197.0
223.0
275.0
275.0
274.0
300.0
299.0
325.0
326.0
300.0
300.0
248.0
207.0
222.0
196.0
196.0
222.0
222.0
170.0
187.0
170.0
194.0
194.0
194.0
188.0
552.0
838.0
890.0
916.0
832.0
890.0
916.0
890.0
864.0
760.0
552.0
448.0
344.0
318.0
237.0
254.0
211.0
211.0
224.0
224.0
211.0
221.0
221.0
325.0
559.0
897.0
887.0
949.0
809.0
897.0
897.0
871.0
897.0
767.0
533.0
456.0
352.0
274.0
248.0
250.0
222.0
196.0
222.0
222.0
222.0
222.0
222.0
352.0
560.0
847.0
899.0
915.0
821.0
873.0
899.0
873.0
873.0
769.0
561.0
457.0
379.0
275.0
249.0
250.0
223.0
249.0
223.0
223.0
223.0
223.0
223.0
379.0
587.0
873.0
899.0
951.0
847.0
925.0
899.0
899.0
899.0
795.0
535.0
431.0
379.0
275.0
275.0
244.0
223.0
249.0
249.0
249.0
223.0
196.0
222.0
352.0
560.0
898.0
898.0
950.0
846.0
898.0
898.0
898.0
846.0
742.0
534.0
404.0
352.0
274.0
249.0
247.0
223.0
225.0
225.0
221.0
221.0
195.0
195.0
247.0
273.0
299.0
299.0
351.0
299.0
325.0
329.0
325.0
273.0
273.0
221.0
247.0
247.0
221.0
195.0
221.0
221.0
195.0
195.0
195.0
220.0
194.0
194.0
221.0
203.0
221.0
222.0
247.0
221.0
247.0
247.0
247.0
221.0
247.0
221.0
250.0
224.0
224.0
198.0
224.0
221.0
220.0
221.0
221.0
195.0
220.0
194.0
194.0
585.0
871.0
897.0
949.0
867.0
901.0
898.0
924.0
898.0
768.0
560.0
430.0
352.0
300.0
221.0
248.0
225.0
221.0
199.0
221.0
195.0
221.0
221.0
325.0
611.0
871.0
923.0
949.0
845.0
897.0
897.0
897.0
897.0
767.0
507.0
429.0
351.0
273.0
273.0
247.0
247.0
221.0
221.0
195.0
221.0
169.0
221.0
325.0
533.0
871.0
871.0
897.0
819.0
871.0
871.0
845.0
871.0
767.0
482.0
404.0
352.0
300.0
224.0
250.0
211.0
211.0
211.0
185.0
222.0
221.0
195.0
351.0
559.0
871.0
871.0
949.0
809.0
897.0
871.0
897.0
845.0
741.0
508.0
456.0
377.0
299.0
247.0
250.0
221.0
221.0
195.0
195.0
195.0
195.0
221.0
326.0
560.0
898.0
898.0
924.0
820.0
872.0
820.0
768.0
794.0
640.0
458.0
380.0
328.0
276.0
250.0
250.0
224.0
224.0
198.0
224.0
224.0
198.0
222.0
222.0
224.0
300.0
300.0
326.0
326.0
326.0
326.0
326.0
326.0
299.0
247.0
221.0
247.0
247.0
185.0
221.0
195.0
223.0
195.0
195.0
195.0
197.0
220.0
223.0
195.0
223.0
249.0
249.0
249.0
249.0
249.0
249.0
239.0
249.0
275.0
249.0
223.0
249.0
212.0
223.0
223.0
196.0
222.0
196.0
222.0
197.0
197.0
181.0
586.0
872.0
889.0
976.0
872.0
898.0
898.0
898.0
872.0
794.0
560.0
430.0
377.0
273.0
247.0
247.0
221.0
195.0
221.0
221.0
221.0
221.0
221.0
325.0
585.0
897.0
897.0
950.0
819.0
897.0
897.0
897.0
897.0
767.0
585.0
482.0
352.0
300.0
249.0
247.0
222.0
222.0
196.0
222.0
222.0
222.0
222.0
326.0
638.0
898.0
898.0
950.0
868.0
894.0
898.0
898.0
897.0
767.0
533.0
455.0
351.0
270.0
244.0
270.0
221.0
192.0
218.0
206.0
248.0
196.0
222.0
326.0
612.0
872.0
924.0
950.0
846.0
923.0
894.0
897.0
897.0
767.0
533.0
429.0
349.0
275.0
245.0
270.0
249.0
197.0
212.0
186.0
212.0
212.0
212.0
290.0
550.0
888.0
940.0
940.0
862.0
888.0
888.0
900.0
862.0
732.0
498.0
394.0
316.0
290.0
273.0
273.0
219.0
221.0
195.0
195.0
195.0
195.0
195.0
221.0
221.0
247.0
273.0
299.0
247.0
299.0
273.0
273.0
299.0
247.0
247.0
247.0
221.0
221.0
221.0
222.0
196.0
220.0
196.0
194.0
194.0
194.0
194.0
220.0
223.0
275.0
275.0
275.0
275.0
275.0
275.0
275.0
275.0
275.0
249.0
249.0
229.0
223.0
223.0
223.0
249.0
197.0
220.0
194.0
220.0
220.0
194.0
216.0
585.0
923.0
897.0
949.0
871.0
897.0
923.0
897.0
897.0
793.0
585.0
455.0
377.0
299.0
269.0
269.0
243.0
217.0
217.0
191.0
191.0
217.0
165.0
373.0
581.0
867.0
919.0
945.0
867.0
919.0
893.0
893.0
893.0
763.0
529.0
451.0
347.0
295.0
269.0
269.0
243.0
243.0
243.0
217.0
217.0
249.0
249.0
382.0
613.0
873.0
899.0
925.0
845.0
897.0
873.0
845.0
871.0
767.0
611.0
507.0
377.0
325.0
325.0
273.0
247.0
273.0
247.0
221.0
221.0
247.0
247.0
377.0
585.0
845.0
871.0
897.0
819.0
845.0
819.0
871.0
845.0
767.0
611.0
507.0
377.0
325.0
299.0
273.0
247.0
247.0
273.0
273.0
247.0
247.0
247.0
377.0
585.0
845.0
845.0
897.0
819.0
845.0
819.0
845.0
819.0
741.0
507.0
429.0
351.0
328.0
273.0
247.0
195.0
224.0
191.0
191.0
191.0
191.0
191.0
230.0
243.0
295.0
321.0
352.0
321.0
352.0
347.0
347.0
347.0
321.0
269.0
243.0
217.0
217.0
217.0
217.0
191.0
221.0
191.0
191.0
191.0
195.0
206.0
223.0
258.0
258.0
284.0
310.0
310.0
310.0
310.0
284.0
299.0
265.0
258.0
258.0
232.0
232.0
206.0
218.0
222.0
222.0
270.0
273.0
270.0
299.0
273.0
346.0
293.0
790.0
842.0
868.0
793.0
845.0
845.0
819.0
845.0
793.0
637.0
559.0
351.0
325.0
325.0
313.0
273.0
221.0
247.0
273.0
247.0
247.0
246.0
325.0
611.0
897.0
923.0
949.0
897.0
950.0
950.0
950.0
898.0
794.0
585.0
481.0
377.0
351.0
299.0
273.0
247.0
216.0
221.0
221.0
221.0
221.0
221.0
377.0
616.0
923.0
923.0
949.0
897.0
949.0
923.0
923.0
897.0
767.0
559.0
403.0
351.0
299.0
247.0
273.0
247.0
221.0
221.0
221.0
221.0
195.0
221.0
377.0
611.0
871.0
897.0
949.0
845.0
871.0
897.0
871.0
845.0
767.0
507.0
403.0
351.0
273.0
273.0
247.0
247.0
221.0
221.0
221.0
221.0
221.0
247.0
351.0
637.0
855.0
897.0
928.0
871.0
897.0
897.0
871.0
871.0
741.0
481.0
377.0
325.0
278.0
221.0
240.0
200.0
221.0
221.0
195.0
195.0
195.0
196.0
196.0
222.0
218.0
218.0
218.0
244.0
218.0
143.0
169.0
169.0
169.0
195.0
221.0
247.0
273.0
221.0
273.0
273.0
273.0
273.0
273.0
195.0
169.0
195.0
165.0
165.0
165.0
165.0
165.0
165.0
165.0
130.0
156.0
171.0
176.0
494.0
815.0
815.0
897.0
819.0
871.0
871.0
845.0
832.0
338.0
780.0
364.0
312.0
234.0
214.0
228.0
182.0
188.0
188.0
188.0
188.0
188.0
188.0
306.0
552.0
812.0
838.0
916.0
812.0
864.0
864.0
832.0
819.0
689.0
455.0
373.0
295.0
252.0
214.0
214.0
197.0
197.0
197.0
197.0
197.0
171.0
223.0
301.0
561.0
821.0
847.0
884.0
806.0
832.0
806.0
806.0
780.0
682.0
448.0
344.0
266.0
255.0
240.0
214.0
192.0
188.0
188.0
188.0
188.0
188.0
214.0
292.0
526.0
812.0
845.0
845.0
306.0
845.0
819.0
819.0
819.0
663.0
420.0
338.0
285.0
284.0
212.0
228.0
208.0
200.0
200.0
182.0
182.0
182.0
182.0
286.0
520.0
789.0
806.0
858.0
806.0
841.0
806.0
806.0
780.0
676.0
455.0
347.0
303.0
162.0
202.0
217.0
240.0
202.0
169.0
191.0
195.0
165.0
165.0
165.0
191.0
217.0
269.0
243.0
269.0
269.0
243.0
269.0
269.0
260.0
399.0
196.0
269.0
170.0
196.0
158.0
170.0
144.0
196.0
170.0
180.0
144.0
206.0
232.0
206.0
222.0
222.0
248.0
211.0
223.0
249.0
275.0
275.0
274.0
275.0
223.0
132.0
171.0
249.0
171.0
197.0
197.0
197.0
171.0
202.0
304.0
170.0
296.0
284.0
879.0
738.0
348.0
780.0
842.0
816.0
806.0
754.0
650.0
416.0
338.0
270.0
206.0
214.0
226.0
182.0
200.0
182.0
156.0
182.0
182.0
182.0
260.0
514.0
780.0
780.0
858.0
754.0
835.0
816.0
780.0
754.0
604.0
426.0
344.0
266.0
244.0
230.0
229.0
188.0
162.0
201.0
177.0
162.0
162.0
188.0
270.0
500.0
786.0
765.0
843.0
739.0
817.0
765.0
791.0
765.0
609.0
453.0
323.0
297.0
271.0
245.0
219.0
193.0
193.0
167.0
167.0
193.0
167.0
193.0
297.0
531.0
817.0
245.0
869.0
765.0
843.0
817.0
791.0
791.0
661.0
453.0
375.0
323.0
245.0
219.0
226.0
193.0
193.0
167.0
193.0
167.0
193.0
193.0
288.0
505.0
817.0
817.0
895.0
791.0
843.0
817.0
817.0
791.0
661.0
401.0
323.0
271.0
219.0
193.0
219.0
193.0
193.0
167.0
167.0
193.0
161.0
193.0
167.0
193.0
297.0
297.0
323.0
271.0
297.0
297.0
297.0
297.0
297.0
219.0
219.0
193.0
193.0
193.0
167.0
193.0
193.0
167.0
193.0
193.0
167.0
193.0
193.0
219.0
271.0
297.0
323.0
271.0
297.0
323.0
297.0
297.0
271.0
245.0
219.0
219.0
193.0
193.0
167.0
193.0
193.0
167.0
193.0
167.0
193.0
206.0
302.0
522.0
817.0
817.0
895.0
808.0
834.0
834.0
834.0
782.0
652.0
444.0
366.0
297.0
219.0
219.0
219.0
193.0
193.0
158.0
184.0
167.0
193.0
219.0
297.0
522.0
808.0
808.0
860.0
765.0
817.0
843.0
817.0
791.0
687.0
453.0
375.0
323.0
245.0
219.0
219.0
193.0
193.0
193.0
192.0
186.0
193.0
193.0
271.0
505.0
739.0
756.0
834.0
791.0
782.0
782.0
756.0
756.0
600.0
418.0
314.0
271.0
209.0
209.0
174.0
193.0
193.0
193.0
193.0
193.0
167.0
193.0
297.0
476.0
683.0
761.0
735.0
761.0
709.0
735.0
709.0
709.0
605.0
453.0
349.0
323.0
271.0
245.0
193.0
193.0
193.0
193.0
189.0
219.0
167.0
137.0
276.0
144.0
678.0
794.0
820.0
794.0
768.0
742.0
716.0
794.0
631.0
345.0
274.0
241.0
192.0
241.0
193.0
188.0
137.0
163.0
262.0
158.0
236.0
158.0
167.0
184.0
245.0
245.0
271.0
219.0
245.0
245.0
245.0
245.0
219.0
219.0
193.0
193.0
193.0
167.0
167.0
172.0
167.0
167.0
187.0
167.0
198.0
167.0
167.0
158.0
210.0
210.0
236.0
236.0
210.0
210.0
210.0
210.0
184.0
184.0
184.0
158.0
158.0
158.0
158.0
158.0
184.0
158.0
172.0
210.0
158.0
198.0
262.0
184.0
782.0
808.0
860.0
782.0
808.0
817.0
704.0
782.0
652.0
444.0
314.0
288.0
210.0
215.0
187.0
219.0
189.0
215.0
189.0
215.0
137.0
192.0
293.0
943.0
813.0
787.0
839.0
267.0
765.0
787.0
735.0
761.0
631.0
423.0
319.0
293.0
244.0
193.0
193.0
241.0
267.0
236.0
262.0
267.0
233.0
267.0
293.0
501.0
678.0
704.0
704.0
704.0
709.0
709.0
579.0
449.0
501.0
345.0
267.0
271.0
215.0
198.0
189.0
271.0
163.0
163.0
163.0
163.0
163.0
163.0
163.0
163.0
189.0
163.0
189.0
241.0
163.0
189.0
189.0
189.0
163.0
163.0
163.0
163.0
163.0
189.0
137.0
163.0
163.0
137.0
163.0
163.0
137.0
163.0
163.0
163.0
189.0
189.0
215.0
215.0
189.0
189.0
163.0
215.0
189.0
163.0
163.0
189.0
163.0
189.0
132.0
158.0
158.0
158.0
158.0
158.0
132.0
132.0
158.0
158.0
158.0
184.0
184.0
184.0
158.0
184.0
210.0
198.0
158.0
184.0
184.0
158.0
158.0
158.0
132.0
158.0
158.0
132.0
158.0
158.0
158.0
184.0
275.0
496.0
747.0
799.0
808.0
773.0
795.0
821.0
821.0
821.0
665.0
431.0
353.0
327.0
275.0
213.0
245.0
223.0
197.0
197.0
223.0
221.0
221.0
247.0
325.0
578.0
767.0
793.0
845.0
767.0
793.0
871.0
803.0
767.0
637.0
429.0
351.0
299.0
252.0
224.0
195.0
195.0
195.0
195.0
481.0
195.0
247.0
143.0
247.0
247.0
221.0
199.0
247.0
221.0
247.0
689.0
715.0
689.0
609.0
429.0
351.0
299.0
221.0
221.0
195.0
169.0
169.0
169.0
169.0
169.0
167.0
169.0
221.0
184.0
679.0
486.0
808.0
704.0
782.0
782.0
756.0
756.0
626.0
444.0
340.0
288.0
236.0
216.0
203.0
158.0
177.0
184.0
158.0
177.0
203.0
197.0
240.0
457.0
743.0
769.0
821.0
743.0
769.0
769.0
769.0
769.0
691.0
457.0
379.0
327.0
249.0
229.0
203.0
171.0
171.0
197.0
171.0
171.0
197.0
197.0
249.0
431.0
743.0
795.0
847.0
743.0
769.0
769.0
769.0
743.0
639.0
431.0
353.0
275.0
211.0
223.0
197.0
171.0
171.0
171.0
171.0
197.0
171.0
171.0
171.0
197.0
249.0
249.0
275.0
249.0
275.0
275.0
275.0
275.0
223.0
197.0
197.0
198.0
171.0
171.0
171.0
158.0
156.0
158.0
132.0
158.0
184.0
158.0
158.0
197.0
223.0
262.0
262.0
249.0
275.0
275.0
275.0
275.0
249.0
223.0
197.0
171.0
197.0
171.0
171.0
171.0
171.0
171.0
145.0
197.0
145.0
171.0
166.0
431.0
763.0
815.0
893.0
789.0
815.0
815.0
815.0
789.0
711.0
445.0
373.0
341.0
263.0
237.0
197.0
197.0
197.0
171.0
171.0
197.0
171.0
197.0
275.0
483.0
769.0
821.0
873.0
795.0
821.0
803.0
829.0
803.0
699.0
465.0
387.0
361.0
283.0
257.0
205.0
205.0
205.0
179.0
205.0
179.0
205.0
205.0
284.0
522.0
782.0
834.0
886.0
834.0
834.0
808.0
808.0
782.0
678.0
471.0
366.0
340.0
263.0
263.0
193.0
210.0
184.0
184.0
184.0
184.0
184.0
184.0
283.0
470.0
782.0
808.0
860.0
756.0
808.0
789.0
756.0
756.0
626.0
442.0
365.0
312.0
263.0
244.0
185.0
182.0
182.0
208.0
182.0
182.0
156.0
197.0
275.0
483.0
743.0
766.0
847.0
769.0
769.0
743.0
717.0
743.0
483.0
379.0
275.0
249.0
230.0
171.0
131.0
171.0
145.0
171.0
145.0
145.0
145.0
145.0
133.0
133.0
133.0
178.0
178.0
133.0
159.0
159.0
159.0
133.0
159.0
158.0
132.0
158.0
192.0
210.0
184.0
210.0
210.0
210.0
210.0
210.0
210.0
184.0
184.0
184.0
158.0
184.0
158.0
132.0
184.0
158.0
174.0
158.0
132.0
184.0
262.0
496.0
756.0
757.0
808.0
704.0
782.0
756.0
756.0
756.0
626.0
418.0
353.0
289.0
249.0
211.0
205.0
159.0
158.0
159.0
165.0
159.0
158.0
184.0
244.0
503.0
730.0
730.0
782.0
704.0
730.0
756.0
731.0
705.0
626.0
444.0
341.0
263.0
237.0
211.0
185.0
159.0
185.0
159.0
159.0
184.0
158.0
184.0
270.0
470.0
730.0
730.0
782.0
704.0
756.0
730.0
756.0
749.0
619.0
418.0
359.0
263.0
237.0
185.0
185.0
177.0
184.0
169.0
169.0
184.0
158.0
184.0
262.0
418.0
626.0
736.0
808.0
678.0
756.0
756.0
782.0
756.0
653.0
444.0
340.0
314.0
236.0
230.0
183.0
157.0
183.0
183.0
157.0
184.0
158.0
184.0
262.0
522.0
730.0
782.0
807.0
730.0
756.0
756.0
793.0
741.0
637.0
429.0
325.0
261.0
209.0
183.0
183.0
157.0
183.0
157.0
157.0
157.0
165.0
165.0
166.0
191.0
271.0
269.0
269.0
269.0
269.0
269.0
269.0
261.0
235.0
209.0
209.0
202.0
183.0
183.0
157.0
172.0
198.0
165.0
191.0
158.0
158.0
158.0
158.0
191.0
243.0
244.0
244.0
218.0
269.0
270.0
269.0
269.0
217.0
192.0
217.0
191.0
191.0
165.0
165.0
165.0
165.0
195.0
169.0
169.0
169.0
195.0
284.0
481.0
767.0
793.0
845.0
767.0
819.0
793.0
767.0
793.0
663.0
455.0
377.0
299.0
247.0
221.0
195.0
169.0
195.0
195.0
195.0
195.0
195.0
195.0
299.0
504.0
767.0
767.0
819.0
741.0
793.0
767.0
767.0
741.0
637.0
429.0
351.0
299.0
247.0
221.0
195.0
169.0
191.0
165.0
191.0
191.0
191.0
191.0
295.0
529.0
763.0
789.0
841.0
737.0
789.0
789.0
793.0
793.0
637.0
451.0
292.0
273.0
247.0
221.0
195.0
169.0
169.0
169.0
195.0
169.0
169.0
195.0
269.0
533.0
763.0
789.0
841.0
737.0
815.0
819.0
819.0
793.0
689.0
455.0
351.0
325.0
273.0
219.0
195.0
169.0
195.0
195.0
195.0
195.0
169.0
195.0
299.0
533.0
819.0
819.0
845.0
741.0
819.0
793.0
792.0
767.0
637.0
455.0
325.0
272.0
273.0
219.0
195.0
169.0
195.0
169.0
197.0
169.0
171.0
169.0
165.0
197.0
221.0
243.0
269.0
217.0
269.0
243.0
243.0
269.0
217.0
217.0
191.0
191.0
191.0
165.0
165.0
165.0
165.0
165.0
191.0
165.0
191.0
139.0
165.0
165.0
191.0
191.0
191.0
217.0
217.0
217.0
191.0
217.0
191.0
191.0
217.0
191.0
191.0
165.0
165.0
165.0
191.0
165.0
165.0
165.0
139.0
205.0
180.0
503.0
763.0
789.0
867.0
763.0
789.0
815.0
789.0
763.0
633.0
451.0
373.0
288.0
269.0
219.0
194.0
165.0
191.0
191.0
191.0
165.0
165.0
191.0
295.0
529.0
789.0
763.0
841.0
763.0
789.0
789.0
789.0
763.0
659.0
451.0
377.0
298.0
273.0
219.0
195.0
169.0
195.0
195.0
169.0
195.0
195.0
195.0
295.0
529.0
789.0
789.0
841.0
737.0
789.0
789.0
789.0
789.0
659.0
451.0
321.0
295.0
243.0
223.0
223.0
165.0
191.0
191.0
191.0
191.0
191.0
217.0
295.0
529.0
763.0
815.0
841.0
737.0
815.0
815.0
789.0
789.0
685.0
451.0
347.0
269.0
243.0
217.0
249.0
168.0
191.0
165.0
191.0
191.0
165.0
191.0
295.0
522.0
756.0
782.0
860.0
735.0
815.0
789.0
789.0
763.0
633.0
399.0
299.0
247.0
218.0
219.0
245.0
165.0
191.0
165.0
165.0
191.0
165.0
165.0
165.0
191.0
295.0
295.0
280.0
243.0
295.0
269.0
269.0
269.0
243.0
191.0
191.0
191.0
165.0
165.0
165.0
165.0
165.0
165.0
165.0
165.0
165.0
165.0
165.0
191.0
269.0
269.0
269.0
269.0
269.0
247.0
247.0
247.0
221.0
195.0
195.0
195.0
169.0
165.0
165.0
165.0
185.0
165.0
165.0
165.0
165.0
184.0
180.0
477.0
815.0
815.0
893.0
763.0
815.0
841.0
789.0
789.0
659.0
451.0
339.0
298.0
269.0
223.0
249.0
191.0
399.0
399.0
399.0
399.0
425.0
425.0
451.0
503.0
555.0
555.0
581.0
581.0
555.0
529.0
522.0
782.0
652.0
418.0
392.0
298.0
272.0
244.0
244.0
220.0
195.0
195.0
195.0
195.0
195.0
188.0
296.0
507.0
767.0
789.0
841.0
763.0
815.0
789.0
789.0
737.0
555.0
373.0
298.0
243.0
192.0
191.0
249.0
139.0
165.0
175.0
139.0
139.0
165.0
142.0
169.0
168.0
168.0
168.0
221.0
195.0
169.0
164.0
169.0
169.0
143.0
143.0
169.0
143.0
143.0
169.0
143.0
143.0
169.0
143.0
169.0
169.0
143.0
143.0
169.0
169.0
169.0
169.0
247.0
221.0
195.0
195.0
195.0
169.0
169.0
169.0
169.0
169.0
169.0
169.0
169.0
143.0
169.0
169.0
143.0
169.0
143.0
143.0
139.0
165.0
191.0
191.0
191.0
191.0
191.0
191.0
191.0
191.0
165.0
165.0
165.0
165.0
165.0
139.0
165.0
169.0
143.0
143.0
169.0
169.0
160.0
195.0
154.0
510.0
793.0
767.0
756.0
704.0
756.0
756.0
770.0
744.0
640.0
425.0
328.0
276.0
224.0
191.0
145.0
198.0
191.0
165.0
165.0
165.0
165.0
191.0
295.0
529.0
815.0
841.0
841.0
796.0
848.0
822.0
822.0
796.0
692.0
458.0
354.0
302.0
250.0
219.0
245.0
198.0
198.0
198.0
198.0
198.0
172.0
207.0
276.0
536.0
808.0
853.0
906.0
796.0
848.0
822.0
822.0
796.0
692.0
484.0
380.0
354.0
250.0
224.0
245.0
198.0
198.0
198.0
198.0
198.0
172.0
198.0
302.0
536.0
822.0
848.0
900.0
822.0
874.0
848.0
848.0
796.0
692.0
458.0
328.0
302.0
250.0
219.0
245.0
198.0
198.0
191.0
191.0
191.0
165.0
191.0
295.0
529.0
815.0
815.0
867.0
789.0
815.0
815.0
815.0
789.0
685.0
451.0
347.0
295.0
282.0
245.0
245.0
191.0
204.0
191.0
165.0
195.0
169.0
221.0
273.0
522.0
808.0
834.0
906.0
819.0
871.0
854.0
834.0
828.0
704.0
470.0
386.0
282.0
218.0
219.0
245.0
178.0
178.0
158.0
158.0
178.0
178.0
178.0
178.0
204.0
230.0
230.0
204.0
204.0
230.0
230.0
230.0
256.0
230.0
204.0
204.0
178.0
204.0
178.0
178.0
178.0
178.0
158.0
158.0
158.0
158.0
158.0
158.0
184.0
204.0
230.0
230.0
230.0
230.0
230.0
230.0
230.0
230.0
204.0
204.0
204.0
221.0
204.0
178.0
195.0
169.0
195.0
169.0
195.0
158.0
184.0
302.0
496.0
808.0
860.0
919.0
815.0
860.0
841.0
841.0
824.0
715.0
460.0
382.0
304.0
252.0
219.0
245.0
193.0
243.0
252.0
252.0
243.0
243.0
243.0
344.0
503.0
789.0
841.0
867.0
789.0
789.0
763.0
763.0
737.0
659.0
456.0
399.0
356.0
295.0
269.0
269.0
269.0
269.0
295.0
269.0
269.0
295.0
295.0
373.0
503.0
711.0
763.0
834.0
730.0
767.0
756.0
741.0
730.0
652.0
444.0
403.0
351.0
325.0
314.0
288.0
210.0
184.0
210.0
192.0
210.0
184.0
210.0
314.0
522.0
834.0
834.0
912.0
819.0
834.0
834.0
834.0
834.0
704.0
481.0
364.0
315.0
263.0
245.0
219.0
210.0
184.0
210.0
210.0
210.0
210.0
210.0
314.0
548.0
808.0
874.0
919.0
815.0
867.0
867.0
867.0
867.0
711.0
451.0
347.0
269.0
269.0
245.0
219.0
165.0
165.0
165.0
165.0
165.0
165.0
165.0
165.0
191.0
269.0
295.0
295.0
295.0
269.0
269.0
269.0
269.0
269.0
217.0
217.0
191.0
191.0
191.0
165.0
217.0
243.0
217.0
217.0
217.0
205.0
217.0
191.0
217.0
191.0
191.0
198.0
574.0
860.0
886.0
964.0
860.0
886.0
886.0
886.0
860.0
782.0
548.0
418.0
366.0
262.0
245.0
236.0
210.0
184.0
210.0
210.0
210.0
210.0
210.0
314.0
574.0
893.0
902.0
945.0
815.0
886.0
893.0
886.0
886.0
756.0
574.0
477.0
356.0
299.0
245.0
250.0
221.0
221.0
195.0
224.0
224.0
221.0
210.0
325.0
626.0
902.0
902.0
949.0
871.0
897.0
893.0
893.0
898.0
763.0
529.0
442.0
338.0
278.0
245.0
269.0
221.0
191.0
212.0
191.0
234.0
184.0
210.0
314.0
600.0
876.0
912.0
938.0
850.0
912.0
886.0
886.0
886.0
756.0
522.0
434.0
356.0
278.0
250.0
278.0
236.0
184.0
210.0
184.0
210.0
210.0
210.0
288.0
548.0
900.0
938.0
938.0
867.0
886.0
893.0
893.0
860.0
730.0
496.0
406.0
328.0
302.0
276.0
276.0
210.0
224.0
198.0
198.0
198.0
184.0
198.0
210.0
210.0
250.0
276.0
288.0
236.0
288.0
262.0
274.0
286.0
234.0
241.0
234.0
210.0
210.0
210.0
210.0
184.0
210.0
184.0
184.0
184.0
184.0
184.0
210.0
210.0
269.0
269.0
269.0
269.0
269.0
269.0
269.0
269.0
269.0
243.0
243.0
217.0
217.0
217.0
217.0
243.0
191.0
217.0
182.0
217.0
217.0
191.0
224.0
581.0
919.0
893.0
945.0
867.0
893.0
919.0
893.0
886.0
795.0
574.0
444.0
379.0
288.0
273.0
262.0
236.0
210.0
210.0
184.0
184.0
210.0
175.0
366.0
574.0
860.0
912.0
938.0
860.0
912.0
886.0
886.0
886.0
756.0
522.0
444.0
353.0
301.0
275.0
262.0
249.0
236.0
249.0
223.0
210.0
236.0
236.0
366.0
600.0
871.0
899.0
925.0
834.0
886.0
860.0
834.0
860.0
756.0
600.0
496.0
373.0
321.0
321.0
262.0
243.0
269.0
243.0
217.0
217.0
243.0
243.0
373.0
581.0
841.0
867.0
893.0
815.0
841.0
815.0
867.0
841.0
763.0
607.0
503.0
373.0
321.0
295.0
269.0
233.0
243.0
269.0
269.0
243.0
243.0
243.0
373.0
581.0
841.0
841.0
893.0
815.0
841.0
815.0
841.0
815.0
737.0
503.0
418.0
347.0
314.0
262.0
236.0
184.0
210.0
184.0
184.0
184.0
184.0
184.0
210.0
236.0
307.0
314.0
340.0
328.0
340.0
340.0
340.0
347.0
330.0
269.0
243.0
217.0
217.0
217.0
217.0
191.0
217.0
191.0
191.0
191.0
191.0
191.0
217.0
243.0
243.0
269.0
295.0
295.0
295.0
295.0
269.0
295.0
269.0
243.0
243.0
217.0
217.0
191.0
217.0
217.0
217.0
269.0
269.0
269.0
295.0
269.0
347.0
302.0
789.0
841.0
867.0
789.0
843.0
841.0
815.0
841.0
789.0
633.0
555.0
347.0
321.0
321.0
321.0
269.0
217.0
243.0
269.0
243.0
243.0
243.0
321.0
607.0
893.0
919.0
945.0
893.0
945.0
945.0
945.0
893.0
789.0
581.0
477.0
373.0
347.0
288.0
262.0
243.0
210.0
210.0
210.0
223.0
210.0
210.0
366.0
600.0
912.0
919.0
945.0
893.0
945.0
919.0
919.0
893.0
763.0
555.0
399.0
347.0
299.0
243.0
274.0
243.0
217.0
217.0
217.0
217.0
191.0
217.0
373.0
607.0
867.0
893.0
945.0
841.0
867.0
893.0
867.0
850.0
763.0
496.0
412.0
347.0
269.0
269.0
243.0
243.0
217.0
217.0
217.0
217.0
217.0
243.0
347.0
633.0
841.0
893.0
926.0
867.0
893.0
893.0
867.0
867.0
737.0
484.0
380.0
328.0
276.0
210.0
249.0
198.0
210.0
210.0
184.0
197.0
184.0
197.0
197.0
223.0
223.0
221.0
221.0
249.0
223.0
249.0
224.0
231.0
250.0
224.0
243.0
217.0
217.0
191.0
217.0
217.0
191.0
191.0
191.0
191.0
191.0
191.0
217.0
165.0
217.0
243.0
272.0
243.0
243.0
243.0
269.0
243.0
269.0
269.0
269.0
243.0
243.0
243.0
217.0
191.0
217.0
217.0
217.0
191.0
217.0
187.0
198.0
633.0
919.0
971.0
997.0
893.0
945.0
945.0
919.0
893.0
763.0
529.0
451.0
347.0
269.0
243.0
243.0
231.0
481.0
488.0
488.0
477.0
481.0
488.0
529.0
607.0
659.0
659.0
685.0
711.0
685.0
633.0
685.0
685.0
633.0
581.0
425.0
347.0
269.0
269.0
243.0
269.0
217.0
243.0
217.0
217.0
217.0
243.0
366.0
607.0
867.0
912.0
938.0
893.0
893.0
893.0
867.0
893.0
737.0
529.0
408.0
347.0
295.0
269.0
243.0
243.0
217.0
243.0
217.0
243.0
191.0
217.0
373.0
607.0
895.0
893.0
945.0
867.0
893.0
893.0
893.0
867.0
711.0
529.0
408.0
347.0
295.0
269.0
243.0
207.0
210.0
210.0
233.0
181.0
207.0
207.0
363.0
597.0
831.0
857.0
883.0
805.0
883.0
857.0
831.0
857.0
727.0
469.0
365.0
337.0
261.0
209.0
236.0
217.0
217.0
217.0
217.0
217.0
217.0
217.0
165.0
217.0
243.0
209.0
209.0
243.0
217.0
217.0
217.0
243.0
243.0
243.0
243.0
217.0
243.0
243.0
217.0
217.0
191.0
217.0
217.0
210.0
210.0
232.0
184.0
210.0
210.0
191.0
243.0
217.0
243.0
243.0
243.0
243.0
243.0
269.0
243.0
243.0
243.0
217.0
217.0
217.0
217.0
191.0
243.0
217.0
217.0
217.0
198.0
633.0
919.0
945.0
945.0
893.0
893.0
919.0
919.0
893.0
789.0
529.0
425.0
347.0
269.0
265.0
243.0
217.0
243.0
191.0
217.0
217.0
217.0
217.0
347.0
633.0
893.0
919.0
945.0
893.0
893.0
919.0
893.0
893.0
763.0
535.0
425.0
321.0
273.0
217.0
269.0
217.0
250.0
224.0
198.0
224.0
224.0
224.0
354.0
692.0
874.0
926.0
952.0
848.0
900.0
900.0
893.0
893.0
763.0
529.0
399.0
347.0
275.0
269.0
217.0
217.0
217.0
243.0
243.0
191.0
243.0
216.0
373.0
623.0
883.0
909.0
935.0
831.0
883.0
883.0
883.0
857.0
727.0
493.0
363.0
285.0
259.0
249.0
207.0
207.0
207.0
207.0
181.0
207.0
207.0
181.0
311.0
597.0
831.0
883.0
883.0
805.0
857.0
857.0
805.0
805.0
701.0
441.0
337.0
259.0
207.0
218.0
207.0
191.0
191.0
191.0
191.0
191.0
191.0
191.0
201.0
217.0
269.0
269.0
295.0
269.0
321.0
299.0
321.0
299.0
269.0
243.0
243.0
217.0
191.0
224.0
217.0
191.0
191.0
191.0
191.0
191.0
191.0
191.0
191.0
217.0
217.0
243.0
243.0
243.0
243.0
243.0
243.0
243.0
269.0
243.0
243.0
217.0
191.0
231.0
217.0
191.0
191.0
191.0
191.0
232.0
191.0
192.0
198.0
607.0
893.0
919.0
919.0
867.0
893.0
893.0
893.0
867.0
737.0
451.0
373.0
321.0
269.0
224.0
217.0
191.0
217.0
217.0
191.0
217.0
191.0
217.0
321.0
581.0
867.0
893.0
949.0
841.0
893.0
867.0
876.0
841.0
763.0
477.0
373.0
347.0
269.0
254.0
217.0
217.0
217.0
217.0
217.0
191.0
217.0
191.0
347.0
581.0
815.0
867.0
919.0
815.0
867.0
867.0
841.0
841.0
711.0
451.0
373.0
295.0
269.0
250.0
217.0
217.0
191.0
191.0
217.0
191.0
217.0
217.0
340.0
548.0
819.0
845.0
897.0
819.0
845.0
819.0
819.0
782.0
611.0
403.0
325.0
273.0
247.0
228.0
228.0
195.0
195.0
195.0
195.0
191.0
191.0
165.0
191.0
216.0
221.0
247.0
252.0
243.0
243.0
243.0
247.0
247.0
247.0
243.0
217.0
217.0
217.0
191.0
217.0
191.0
191.0
217.0
206.0
232.0
206.0
169.0
206.0
206.0
221.0
247.0
247.0
221.0
247.0
247.0
247.0
247.0
221.0
221.0
221.0
191.0
217.0
191.0
217.0
191.0
191.0
191.0
191.0
206.0
206.0
165.0
191.0
217.0
243.0
269.0
269.0
321.0
299.0
269.0
247.0
243.0
217.0
191.0
217.0
217.0
188.0
191.0
191.0
191.0
206.0
206.0
206.0
198.0
224.0
224.0
250.0
250.0
250.0
250.0
247.0
247.0
247.0
282.0
247.0
247.0
217.0
191.0
217.0
217.0
191.0
191.0
191.0
191.0
232.0
187.0
206.0
198.0
607.0
893.0
919.0
919.0
867.0
900.0
895.0
897.0
871.0
737.0
451.0
373.0
321.0
269.0
224.0
217.0
200.0
217.0
217.0
191.0
217.0
191.0
217.0
321.0
581.0
867.0
893.0
945.0
841.0
893.0
867.0
867.0
841.0
763.0
477.0
373.0
347.0
269.0
250.0
217.0
217.0
217.0
217.0
217.0
191.0
217.0
191.0
347.0
581.0
819.0
867.0
919.0
815.0
867.0
867.0
841.0
845.0
715.0
455.0
377.0
295.0
269.0
253.0
217.0
217.0
191.0
191.0
221.0
191.0
217.0
217.0
347.0
555.0
809.0
845.0
887.0
809.0
835.0
809.0
809.0
789.0
601.0
393.0
315.0
263.0
237.0
228.0
219.0
185.0
185.0
185.0
185.0
185.0
185.0
159.0
185.0
221.0
211.0
237.0
237.0
237.0
237.0
237.0
237.0
237.0
237.0
237.0
211.0
211.0
211.0
185.0
211.0
185.0
185.0
211.0
185.0
207.0
194.0
159.0
181.0
191.0
217.0
243.0
243.0
217.0
243.0
243.0
243.0
243.0
217.0
217.0
217.0
191.0
217.0
191.0
217.0
191.0
191.0
191.0
191.0
191.0
191.0
165.0
191.0
217.0
243.0
269.0
269.0
269.0
267.0
273.0
273.0
273.0
247.0
221.0
247.0
247.0
221.0
195.0
221.0
195.0
195.0
221.0
210.0
184.0
198.0
220.0
354.0
614.0
952.0
952.0
964.0
900.0
952.0
952.0
952.0
926.0
822.0
536.0
458.0
354.0
276.0
224.0
224.0
191.0
224.0
224.0
224.0
224.0
198.0
224.0
373.0
666.0
919.0
945.0
997.0
932.0
945.0
919.0
919.0
923.0
793.0
529.0
425.0
373.0
269.0
243.0
217.0
217.0
221.0
195.0
217.0
217.0
191.0
217.0
373.0
637.0
947.0
945.0
997.0
893.0
945.0
919.0
919.0
919.0
789.0
555.0
399.0
347.0
295.0
243.0
217.0
217.0
191.0
217.0
191.0
191.0
217.0
217.0
377.0
637.0
919.0
949.0
1001.0
897.0
949.0
923.0
912.0
923.0
793.0
548.0
418.0
351.0
273.0
247.0
221.0
191.0
221.0
191.0
217.0
191.0
217.0
220.0
373.0
637.0
945.0
971.0
1034.0
893.0
945.0
919.0
919.0
893.0
763.0
555.0
425.0
347.0
269.0
243.0
217.0
217.0
191.0
217.0
191.0
191.0
217.0
191.0
195.0
221.0
273.0
299.0
273.0
273.0
299.0
299.0
299.0
273.0
273.0
247.0
221.0
229.0
221.0
195.0
221.0
195.0
195.0
195.0
195.0
195.0
206.0
198.0
195.0
195.0
247.0
247.0
273.0
273.0
273.0
273.0
247.0
273.0
273.0
273.0
221.0
221.0
221.0
195.0
221.0
221.0
195.0
221.0
221.0
195.0
222.0
206.0
206.0
637.0
923.0
1001.0
1027.0
945.0
1001.0
975.0
949.0
975.0
840.0
529.0
425.0
347.0
269.0
217.0
217.0
217.0
191.0
191.0
217.0
191.0
191.0
217.0
347.0
633.0
945.0
971.0
1034.0
919.0
971.0
971.0
945.0
919.0
815.0
529.0
425.0
347.0
269.0
243.0
217.0
217.0
211.0
191.0
217.0
191.0
191.0
211.0
341.0
627.0
913.0
939.0
1034.0
913.0
991.0
945.0
945.0
919.0
845.0
555.0
425.0
347.0
295.0
243.0
217.0
243.0
191.0
217.0
217.0
217.0
217.0
243.0
377.0
633.0
945.0
1001.0
1059.0
945.0
975.0
945.0
919.0
919.0
789.0
522.0
425.0
347.0
269.0
243.0
217.0
217.0
221.0
221.0
221.0
195.0
221.0
195.0
377.0
637.0
923.0
975.0
1034.0
919.0
945.0
919.0
919.0
893.0
789.0
451.0
373.0
295.0
247.0
245.0
217.0
191.0
217.0
217.0
191.0
217.0
191.0
217.0
204.0
230.0
282.0
334.0
295.0
308.0
358.0
346.0
324.0
360.0
334.0
308.0
282.0
256.0
230.0
204.0
209.0
191.0
217.0
217.0
191.0
217.0
199.0
196.0
222.0
217.0
243.0
269.0
269.0
269.0
269.0
269.0
273.0
269.0
247.0
269.0
269.0
217.0
217.0
217.0
217.0
217.0
191.0
217.0
191.0
215.0
191.0
232.0
198.0
640.0
978.0
1004.0
1023.0
945.0
997.0
945.0
971.0
936.0
822.0
581.0
451.0
347.0
295.0
243.0
217.0
217.0
217.0
217.0
217.0
225.0
217.0
243.0
373.0
633.0
949.0
970.0
997.0
919.0
971.0
971.0
945.0
945.0
826.0
555.0
425.0
373.0
295.0
269.0
212.0
217.0
243.0
217.0
219.0
187.0
217.0
243.0
373.0
633.0
952.0
971.0
997.0
919.0
997.0
971.0
945.0
919.0
815.0
555.0
399.0
347.0
321.0
269.0
217.0
243.0
253.0
227.0
227.0
227.0
243.0
243.0
373.0
643.0
955.0
981.0
1033.0
955.0
945.0
945.0
919.0
919.0
763.0
503.0
451.0
383.0
295.0
243.0
227.0
227.0
227.0
227.0
227.0
227.0
201.0
253.0
383.0
643.0
955.0
955.0
1007.0
893.0
952.0
919.0
919.0
893.0
763.0
532.0
399.0
347.0
269.0
217.0
217.0
217.0
191.0
217.0
217.0
191.0
217.0
201.0
201.0
253.0
347.0
337.0
360.0
334.0
360.0
360.0
360.0
351.0
334.0
282.0
256.0
256.0
243.0
217.0
217.0
217.0
210.0
217.0
217.0
217.0
191.0
222.0
181.0
243.0
250.0
325.0
337.0
325.0
351.0
360.0
351.0
351.0
337.0
259.0
233.0
207.0
181.0
155.0
222.0
155.0
155.0
191.0
217.0
165.0
191.0
191.0
190.0
555.0
945.0
997.0
1049.0
919.0
971.0
971.0
945.0
971.0
841.0
607.0
451.0
347.0
269.0
243.0
217.0
191.0
217.0
217.0
191.0
191.0
191.0
217.0
373.0
659.0
919.0
971.0
997.0
919.0
939.0
919.0
919.0
893.0
763.0
503.0
419.0
341.0
263.0
248.0
211.0
185.0
185.0
226.0
185.0
217.0
191.0
221.0
347.0
659.0
945.0
971.0
1023.0
893.0
945.0
960.0
919.0
919.0
789.0
555.0
425.0
347.0
264.0
217.0
217.0
191.0
227.0
201.0
201.0
227.0
201.0
227.0
357.0
646.0
929.0
981.0
1007.0
903.0
955.0
929.0
929.0
903.0
763.0
503.0
383.0
357.0
279.0
253.0
227.0
227.0
227.0
227.0
201.0
253.0
227.0
227.0
383.0
643.0
955.0
945.0
971.0
815.0
893.0
815.0
815.0
789.0
633.0
497.0
373.0
295.0
253.0
241.0
227.0
227.0
227.0
227.0
201.0
227.0
227.0
227.0
227.0
227.0
305.0
409.0
409.0
341.0
393.0
393.0
393.0
367.0
341.0
237.0
211.0
211.0
211.0
196.0
222.0
185.0
185.0
159.0
185.0
165.0
191.0
165.0
191.0
222.0
224.0
352.0
354.0
354.0
354.0
328.0
326.0
326.0
274.0
248.0
248.0
222.0
215.0
222.0
222.0
201.0
201.0
201.0
201.0
201.0
201.0
196.0
354.0
711.0
841.0
867.0
929.0
877.0
877.0
867.0
867.0
841.0
715.0
477.0
351.0
299.0
273.0
241.0
221.0
195.0
195.0
195.0
195.0
195.0
195.0
221.0
359.0
581.0
815.0
845.0
893.0
845.0
845.0
815.0
815.0
789.0
659.0
445.0
315.0
289.0
263.0
241.0
221.0
237.0
211.0
211.0
211.0
211.0
211.0
237.0
341.0
575.0
815.0
789.0
841.0
815.0
789.0
789.0
789.0
763.0
555.0
399.0
321.0
290.0
238.0
267.0
215.0
212.0
212.0
212.0
186.0
212.0
212.0
212.0
347.0
555.0
732.0
763.0
756.0
732.0
706.0
737.0
685.0
659.0
529.0
368.0
290.0
253.0
215.0
227.0
227.0
201.0
201.0
225.0
201.0
227.0
201.0
227.0
321.0
477.0
622.0
633.0
659.0
659.0
633.0
607.0
581.0
568.0
483.0
347.0
269.0
215.0
191.0
191.0
215.0
195.0
169.0
191.0
191.0
195.0
191.0
189.0
247.0
217.0
221.0
221.0
221.0
191.0
191.0
191.0
165.0
165.0
165.0
169.0
169.0
191.0
169.0
176.0
217.0
158.0
202.0
269.0
206.0
801.0
815.0
867.0
789.0
815.0
815.0
717.0
795.0
659.0
451.0
333.0
295.0
229.0
229.0
203.0
215.0
203.0
229.0
191.0
229.0
151.0
197.0
307.0
945.0
815.0
801.0
839.0
281.0
775.0
801.0
749.0
775.0
645.0
437.0
333.0
307.0
244.0
202.0
202.0
255.0
281.0
255.0
281.0
281.0
255.0
281.0
307.0
515.0
697.0
723.0
723.0
723.0
713.0
723.0
581.0
451.0
508.0
347.0
269.0
269.0
229.0
197.0
194.0
267.0
168.0
168.0
168.0
168.0
168.0
168.0
168.0
168.0
194.0
168.0
194.0
246.0
168.0
194.0
194.0
194.0
168.0
168.0
168.0
168.0
168.0
194.0
142.0
168.0
168.0
142.0
168.0
171.0
145.0
171.0
171.0
171.0
197.0
197.0
223.0
223.0
197.0
197.0
171.0
220.0
194.0
168.0
168.0
194.0
168.0
194.0
142.0
168.0
168.0
168.0
168.0
168.0
142.0
142.0
168.0
168.0
168.0
194.0
194.0
194.0
168.0
194.0
220.0
194.0
168.0
194.0
194.0
168.0
168.0
168.0
142.0
168.0
168.0
142.0
177.0
177.0
177.0
203.0
274.0
515.0
749.0
801.0
827.0
766.0
792.0
818.0
818.0
818.0
662.0
428.0
350.0
324.0
272.0
220.0
241.0
220.0
194.0
194.0
220.0
220.0
220.0
246.0
324.0
584.0
766.0
792.0
852.0
774.0
792.0
870.0
792.0
766.0
636.0
428.0
350.0
301.0
246.0
218.0
194.0
194.0
194.0
194.0
480.0
194.0
246.0
137.0
241.0
246.0
223.0
197.0
249.0
223.0
248.0
691.0
717.0
691.0
613.0
431.0
353.0
301.0
223.0
223.0
197.0
171.0
171.0
163.0
171.0
171.0
171.0
171.0
223.0
197.0
696.0
483.0
821.0
717.0
795.0
795.0
769.0
769.0
639.0
457.0
353.0
301.0
249.0
223.0
197.0
171.0
171.0
197.0
171.0
171.0
197.0
197.0
249.0
457.0
743.0
769.0
821.0
743.0
769.0
769.0
769.0
769.0
691.0
457.0
379.0
319.0
241.0
215.0
189.0
163.0
163.0
189.0
163.0
163.0
189.0
189.0
241.0
423.0
735.0
787.0
839.0
735.0
761.0
761.0
761.0
735.0
631.0
423.0
345.0
267.0
215.0
215.0
189.0
163.0
163.0
163.0
163.0
189.0
163.0
163.0
163.0
189.0
241.0
241.0
267.0
241.0
267.0
267.0
267.0
267.0
215.0
189.0
189.0
189.0
163.0
163.0
163.0
163.0
163.0
163.0
137.0
163.0
184.0
163.0
163.0
189.0
215.0
267.0
267.0
241.0
267.0
267.0
267.0
267.0
241.0
215.0
189.0
163.0
189.0
163.0
163.0
163.0
163.0
163.0
137.0
189.0
137.0
163.0
155.0
423.0
761.0
826.0
891.0
787.0
813.0
813.0
813.0
787.0
709.0
449.0
371.0
345.0
267.0
241.0
189.0
189.0
189.0
163.0
163.0
189.0
163.0
189.0
267.0
475.0
761.0
813.0
865.0
787.0
812.0
787.0
813.0
787.0
683.0
449.0
371.0
345.0
267.0
241.0
189.0
189.0
189.0
163.0
197.0
171.0
197.0
197.0
275.0
535.0
795.0
847.0
899.0
847.0
847.0
821.0
821.0
795.0
675.0
483.0
379.0
353.0
275.0
275.0
197.0
223.0
197.0
197.0
197.0
197.0
197.0
197.0
275.0
483.0
795.0
821.0
860.0
756.0
808.0
782.0
756.0
769.0
626.0
457.0
379.0
319.0
266.0
241.0
188.0
189.0
189.0
215.0
189.0
189.0
163.0
184.0
262.0
470.0
734.0
767.0
834.0
767.0
756.0
730.0
704.0
730.0
470.0
384.0
262.0
240.0
214.0
158.0
145.0
171.0
136.0
171.0
145.0
145.0
145.0
145.0
136.0
136.0
145.0
162.0
162.0
136.0
162.0
162.0
168.0
136.0
171.0
171.0
145.0
171.0
145.0
145.0
145.0
145.0
145.0
145.0
136.0
136.0
136.0
136.0
136.0
136.0
158.0
171.0
171.0
171.0
197.0
197.0
171.0
197.0
171.0
145.0
171.0
171.0
145.0
145.0
171.0
136.0
136.0
136.0
136.0
136.0
136.0
136.0
145.0
145.0
171.0
145.0
184.0
197.0
171.0
171.0
197.0
171.0
145.0
145.0
171.0
137.0
136.0
137.0
163.0
137.0
137.0
145.0
145.0
145.0
145.0
145.0
145.0
145.0
145.0
166.0
197.0
197.0
197.0
171.0
171.0
171.0
171.0
145.0
145.0
145.0
145.0
145.0
145.0
145.0
145.0
145.0
145.0
145.0
145.0
145.0
145.0
145.0
171.0
197.0
197.0
197.0
197.0
197.0
171.0
171.0
171.0
145.0
171.0
145.0
171.0
145.0
145.0
171.0
145.0
145.0
145.0
135.0
135.0
135.0
135.0
145.0
171.0
171.0
197.0
197.0
171.0
171.0
171.0
171.0
171.0
171.0
171.0
145.0
171.0
145.0
171.0
171.0
145.0
145.0
145.0
135.0
145.0
145.0
145.0
145.0
197.0
171.0
210.0
223.0
223.0
205.0
197.0
197.0
197.0
171.0
171.0
171.0
145.0
145.0
145.0
145.0
145.0
145.0
145.0
145.0
145.0
185.0
141.0
405.0
691.0
717.0
743.0
639.0
717.0
691.0
717.0
691.0
561.0
353.0
275.0
275.0
223.0
197.0
145.0
171.0
135.0
171.0
171.0
145.0
171.0
171.0
223.0
431.0
691.0
743.0
743.0
639.0
717.0
691.0
717.0
691.0
587.0
353.0
275.0
249.0
249.0
197.0
145.0
171.0
171.0
197.0
171.0
171.0
171.0
171.0
249.0
431.0
717.0
717.0
743.0
639.0
691.0
691.0
716.0
683.0
605.0
397.0
319.0
293.0
241.0
189.0
137.0
189.0
163.0
163.0
163.0
163.0
163.0
163.0
249.0
423.0
683.0
735.0
761.0
657.0
735.0
735.0
735.0
693.0
615.0
379.0
303.0
277.0
277.0
225.0
147.0
199.0
173.0
164.0
173.0
170.0
196.0
170.0
223.0
404.0
664.0
716.0
716.0
638.0
716.0
716.0
716.0
693.0
586.0
353.0
326.0
301.0
274.0
222.0
144.0
197.0
197.0
197.0
170.0
197.0
197.0
197.0
249.0
457.0
742.0
717.0
795.0
665.0
717.0
717.0
717.0
717.0
586.0
353.0
300.0
248.0
223.0
222.0
144.0
171.0
171.0
170.0
170.0
170.0
170.0
170.0
275.0
456.0
742.0
742.0
794.0
716.0
742.0
716.0
716.0
716.0
612.0
378.0
300.0
248.0
249.0
196.0
144.0
170.0
170.0
170.0
170.0
170.0
196.0
144.0
170.0
144.0
222.0
222.0
248.0
251.0
222.0
222.0
222.0
222.0
222.0
196.0
196.0
196.0
170.0
170.0
144.0
170.0
170.0
170.0
170.0
170.0
144.0
170.0
170.0
170.0
248.0
222.0
248.0
248.0
222.0
222.0
196.0
222.0
222.0
222.0
196.0
196.0
196.0
170.0
144.0
170.0
144.0
170.0
144.0
170.0
170.0
170.0
162.0
410.0
742.0
794.0
820.0
709.0
761.0
795.0
795.0
768.0
664.0
430.0
326.0
300.0
274.0
196.0
135.0
170.0
170.0
170.0
170.0
170.0
170.0
170.0
275.0
456.0
742.0
742.0
820.0
716.0
742.0
742.0
716.0
690.0
613.0
379.0
353.0
301.0
275.0
223.0
135.0
171.0
171.0
171.0
171.0
171.0
171.0
171.0
249.0
447.0
735.0
795.0
795.0
709.0
761.0
761.0
761.0
735.0
631.0
423.0
343.0
293.0
265.0
213.0
135.0
170.0
170.0
170.0
196.0
197.0
171.0
197.0
249.0
457.0
743.0
769.0
795.0
691.0
769.0
769.0
769.0
743.0
639.0
379.0
301.0
275.0
249.0
249.0
145.0
171.0
197.0
197.0
197.0
197.0
171.0
197.0
275.0
457.0
743.0
769.0
785.0
717.0
743.0
769.0
761.0
709.0
631.0
371.0
293.0
241.0
215.0
189.0
137.0
163.0
163.0
163.0
163.0
163.0
163.0
163.0
163.0
161.0
241.0
267.0
241.0
241.0
241.0
267.0
256.0
274.0
222.0
189.0
189.0
189.0
189.0
204.0
152.0
204.0
152.0
152.0
178.0
412.0
360.0
282.0
218.0
256.0
230.0
204.0
230.0
197.0
223.0
197.0
197.0
223.0
249.0
267.0
267.0
327.0
274.0
300.0
274.0
275.0
274.0
248.0
248.0
248.0
223.0
231.0
223.0
171.0
197.0
197.0
197.0
197.0
197.0
197.0
197.0
223.0
223.0
223.0
216.0
223.0
249.0
249.0
223.0
249.0
249.0
249.0
249.0
223.0
215.0
215.0
227.0
163.0
189.0
215.0
215.0
215.0
189.0
215.0
184.0
198.0
605.0
867.0
891.0
943.0
865.0
917.0
891.0
912.0
891.0
787.0
527.0
449.0
345.0
319.0
267.0
241.0
189.0
189.0
189.0
215.0
215.0
213.0
215.0
319.0
605.0
847.0
925.0
951.0
873.0
899.0
899.0
873.0
873.0
795.0
553.0
457.0
353.0
301.0
241.0
249.0
215.0
241.0
215.0
215.0
215.0
215.0
215.0
319.0
605.0
839.0
891.0
917.0
839.0
891.0
865.0
865.0
865.0
769.0
509.0
431.0
379.0
292.0
266.0
237.0
214.0
197.0
223.0
223.0
223.0
223.0
223.0
327.0
613.0
847.0
899.0
925.0
821.0
847.0
847.0
847.0
821.0
717.0
483.0
370.0
318.0
266.0
249.0
249.0
223.0
197.0
197.0
223.0
223.0
197.0
189.0
345.0
657.0
839.0
865.0
891.0
787.0
865.0
865.0
839.0
865.0
709.0
453.0
371.0
319.0
267.0
241.0
241.0
189.0
189.0
189.0
223.0
197.0
197.0
197.0
197.0
223.0
249.0
275.0
275.0
266.0
275.0
275.0
275.0
275.0
249.0
223.0
249.0
197.0
223.0
223.0
171.0
197.0
197.0
197.0
197.0
197.0
197.0
159.0
197.0
223.0
223.0
197.0
223.0
249.0
223.0
249.0
249.0
249.0
249.0
223.0
223.0
223.0
249.0
197.0
171.0
197.0
223.0
197.0
223.0
197.0
197.0
197.0
188.0
587.0
835.0
873.0
899.0
821.0
873.0
847.0
847.0
821.0
749.0
561.0
483.0
339.0
275.0
249.0
249.0
209.0
223.0
209.0
197.0
209.0
183.0
209.0
339.0
573.0
833.0
833.0
859.0
833.0
861.0
861.0
859.0
859.0
755.0
521.0
443.0
365.0
287.0
235.0
235.0
235.0
209.0
209.0
183.0
209.0
209.0
209.0
313.0
573.0
833.0
885.0
885.0
807.0
833.0
859.0
833.0
859.0
729.0
495.0
402.0
350.0
298.0
261.0
235.0
235.0
209.0
197.0
197.0
223.0
197.0
223.0
327.0
613.0
821.0
873.0
873.0
769.0
821.0
821.0
769.0
717.0
613.0
431.0
379.0
297.0
275.0
215.0
249.0
197.0
197.0
197.0
197.0
171.0
171.0
164.0
189.0
170.0
223.0
197.0
197.0
197.0
197.0
197.0
223.0
223.0
223.0
223.0
197.0
197.0
171.0
171.0
171.0
171.0
171.0
197.0
171.0
189.0
171.0
171.0
171.0
197.0
171.0
197.0
197.0
197.0
197.0
197.0
197.0
223.0
197.0
223.0
197.0
197.0
197.0
197.0
171.0
197.0
171.0
197.0
197.0
197.0
145.0
171.0
171.0
171.0
171.0
197.0
171.0
183.0
183.0
183.0
199.0
199.0
199.0
225.0
199.0
189.0
199.0
199.0
173.0
199.0
173.0
199.0
173.0
178.0
199.0
199.0
173.0
589.0
875.0
867.0
901.0
815.0
893.0
873.0
899.0
867.0
763.0
477.0
425.0
347.0
297.0
245.0
249.0
219.0
223.0
223.0
197.0
223.0
223.0
197.0
327.0
613.0
847.0
899.0
922.0
821.0
877.0
899.0
899.0
873.0
795.0
509.0
431.0
353.0
301.0
249.0
249.0
191.0
223.0
223.0
223.0
197.0
197.0
223.0
313.0
613.0
847.0
899.0
925.0
847.0
873.0
899.0
899.0
865.0
735.0
527.0
423.0
345.0
267.0
215.0
241.0
215.0
215.0
215.0
215.0
189.0
189.0
215.0
319.0
631.0
847.0
899.0
899.0
821.0
873.0
899.0
899.0
873.0
769.0
535.0
431.0
353.0
310.0
249.0
275.0
223.0
223.0
197.0
197.0
223.0
223.0
223.0
327.0
587.0
847.0
873.0
899.0
821.0
878.0
899.0
873.0
873.0
743.0
509.0
405.0
353.0
275.0
241.0
275.0
189.0
215.0
183.0
215.0
215.0
210.0
189.0
215.0
215.0
267.0
267.0
267.0
267.0
282.0
293.0
293.0
308.0
256.0
256.0
230.0
256.0
230.0
223.0
171.0
193.0
223.0
197.0
197.0
204.0
197.0
197.0
197.0
197.0
197.0
223.0
249.0
249.0
249.0
223.0
223.0
223.0
230.0
230.0
230.0
256.0
215.0
189.0
163.0
215.0
215.0
189.0
189.0
215.0
189.0
189.0
188.0
579.0
893.0
891.0
947.0
865.0
917.0
917.0
917.0
917.0
761.0
553.0
431.0
371.0
293.0
241.0
267.0
215.0
249.0
223.0
223.0
223.0
223.0
223.0
327.0
613.0
873.0
899.0
925.0
821.0
899.0
899.0
892.0
899.0
743.0
535.0
405.0
349.0
301.0
249.0
275.0
223.0
223.0
223.0
223.0
223.0
223.0
223.0
327.0
605.0
865.0
865.0
917.0
813.0
865.0
891.0
839.0
865.0
735.0
501.0
371.0
345.0
267.0
241.0
267.0
215.0
189.0
215.0
215.0
215.0
189.0
215.0
345.0
605.0
839.0
865.0
917.0
851.0
899.0
899.0
899.0
851.0
721.0
509.0
431.0
349.0
279.0
253.0
271.0
227.0
223.0
227.0
209.0
183.0
183.0
209.0
365.0
573.0
847.0
899.0
925.0
821.0
873.0
873.0
873.0
873.0
710.0
509.0
379.0
353.0
275.0
275.0
275.0
223.0
223.0
223.0
223.0
223.0
223.0
223.0
223.0
275.0
301.0
301.0
353.0
275.0
301.0
301.0
301.0
301.0
275.0
223.0
223.0
223.0
197.0
223.0
171.0
171.0
197.0
223.0
197.0
197.0
230.0
204.0
197.0
223.0
249.0
275.0
275.0
242.0
242.0
269.0
267.0
267.0
241.0
241.0
241.0
211.0
215.0
230.0
163.0
189.0
215.0
189.0
189.0
230.0
204.0
185.0
204.0
580.0
917.0
917.0
943.0
873.0
925.0
925.0
925.0
873.0
769.0
535.0
457.0
320.0
301.0
249.0
249.0
223.0
223.0
249.0
223.0
223.0
223.0
223.0
341.0
639.0
873.0
899.0
917.0
813.0
891.0
891.0
891.0
865.0
761.0
501.0
423.0
383.0
305.0
253.0
253.0
227.0
249.0
249.0
223.0
223.0
197.0
249.0
353.0
613.0
873.0
899.0
951.0
821.0
899.0
899.0
873.0
873.0
769.0
535.0
431.0
379.0
297.0
249.0
249.0
223.0
223.0
223.0
223.0
223.0
197.0
249.0
327.0
639.0
847.0
899.0
925.0
847.0
899.0
899.0
899.0
843.0
769.0
535.0
457.0
379.0
301.0
267.0
241.0
215.0
241.0
189.0
215.0
189.0
215.0
215.0
345.0
605.0
839.0
891.0
917.0
839.0
865.0
865.0
839.0
813.0
711.0
451.0
373.0
321.0
271.0
219.0
243.0
217.0
191.0
165.0
191.0
160.0
165.0
191.0
193.0
191.0
217.0
243.0
271.0
243.0
243.0
243.0
271.0
271.0
269.0
217.0
217.0
217.0
191.0
217.0
165.0
191.0
191.0
165.0
165.0
188.0
204.0
165.0
204.0
197.0
217.0
269.0
269.0
243.0
243.0
243.0
243.0
243.0
217.0
243.0
217.0
215.0
217.0
191.0
165.0
191.0
165.0
191.0
191.0
165.0
165.0
204.0
188.0
581.0
893.0
893.0
945.0
893.0
893.0
919.0
899.0
867.0
763.0
555.0
451.0
373.0
295.0
243.0
243.0
217.0
217.0
191.0
217.0
217.0
191.0
217.0
321.0
607.0
834.0
867.0
919.0
815.0
893.0
893.0
841.0
867.0
737.0
529.0
425.0
373.0
295.0
243.0
243.0
217.0
217.0
217.0
217.0
191.0
217.0
217.0
347.0
607.0
893.0
919.0
945.0
841.0
893.0
893.0
893.0
867.0
763.0
529.0
425.0
321.0
269.0
243.0
243.0
217.0
217.0
217.0
191.0
191.0
217.0
217.0
321.0
581.0
893.0
919.0
945.0
841.0
893.0
893.0
893.0
867.0
769.0
587.0
483.0
373.0
301.0
269.0
243.0
217.0
223.0
249.0
223.0
223.0
223.0
223.0
379.0
665.0
873.0
899.0
165.0
165.0
165.0
165.0
165.0
178.0
425.0
639.0
815.0
821.0
717.0
821.0
795.0
787.0
761.0
665.0
449.0
345.0
293.0
215.0
215.0
163.0
193.0
163.0
189.0
163.0
163.0
163.0
163.0
275.0
527.0
761.0
813.0
839.0
735.0
813.0
787.0
787.0
761.0
665.0
457.0
327.0
327.0
249.0
229.0
177.0
203.0
197.0
197.0
177.0
171.0
171.0
171.0
275.0
509.0
795.0
821.0
847.0
743.0
821.0
795.0
795.0
769.0
639.0
457.0
349.0
275.0
249.0
215.0
171.0
163.0
197.0
171.0
197.0
171.0
171.0
197.0
301.0
509.0
718.0
769.0
795.0
717.0
769.0
743.0
743.0
717.0
613.0
457.0
353.0
249.0
215.0
197.0
177.0
177.0
157.0
157.0
157.0
157.0
157.0
157.0
157.0
157.0
209.0
209.0
209.0
183.0
209.0
209.0
214.0
214.0
214.0
181.0
162.0
197.0
162.0
162.0
162.0
162.0
171.0
171.0
171.0
171.0
171.0
145.0
171.0
171.0
222.0
249.0
249.0
223.0
223.0
249.0
224.0
191.0
191.0
191.0
191.0
189.0
189.0
165.0
163.0
162.0
162.0
162.0
163.0
163.0
163.0
163.0
170.0
474.0
735.0
787.0
787.0
709.0
761.0
768.0
762.0
761.0
613.0
423.0
353.0
327.0
249.0
223.0
171.0
197.0
197.0
197.0
197.0
195.0
197.0
171.0
301.0
509.0
743.0
795.0
821.0
743.0
769.0
769.0
769.0
769.0
613.0
423.0
351.0
267.0
215.0
189.0
163.0
189.0
163.0
163.0
163.0
163.0
163.0
171.0
275.0
509.0
743.0
795.0
821.0
717.0
769.0
769.0
769.0
743.0
613.0
431.0
327.0
299.0
275.0
196.0
171.0
195.0
197.0
171.0
169.0
171.0
197.0
171.0
301.0
509.0
743.0
795.0
838.0
717.0
795.0
769.0
769.0
769.0
639.0
431.0
327.0
275.0
241.0
197.0
169.0
195.0
163.0
197.0
171.0
171.0
171.0
197.0
275.0
509.0
743.0
743.0
795.0
717.0
743.0
717.0
717.0
717.0
613.0
403.0
312.0
275.0
223.0
221.0
169.0
169.0
165.0
165.0
165.0
171.0
171.0
171.0
165.0
164.0
249.0
249.0
249.0
223.0
249.0
275.0
221.0
247.0
221.0
221.0
197.0
197.0
197.0
171.0
171.0
145.0
171.0
171.0
171.0
171.0
171.0
145.0
197.0
171.0
197.0
223.0
223.0
249.0
223.0
223.0
223.0
223.0
223.0
223.0
197.0
197.0
171.0
171.0
171.0
171.0
171.0
171.0
171.0
171.0
171.0
171.0
170.0
476.0
769.0
743.0
769.0
717.0
769.0
760.0
762.0
769.0
639.0
431.0
353.0
301.0
249.0
223.0
171.0
197.0
171.0
171.0
171.0
171.0
171.0
171.0
275.0
509.0
769.0
795.0
795.0
717.0
795.0
769.0
769.0
769.0
639.0
457.0
319.0
267.0
214.0
214.0
162.0
162.0
188.0
162.0
162.0
191.0
163.0
189.0
267.0
527.0
761.0
761.0
813.0
709.0
787.0
786.0
761.0
761.0
631.0
431.0
344.0
292.0
241.0
214.0
162.0
188.0
162.0
197.0
171.0
171.0
171.0
197.0
275.0
535.0
743.0
769.0
821.0
691.0
769.0
769.0
769.0
743.0
631.0
423.0
319.0
267.0
215.0
215.0
163.0
189.0
163.0
189.0
163.0
163.0
163.0
189.0
275.0
527.0
735.0
735.0
787.0
683.0
735.0
761.0
709.0
631.0
539.0
397.0
345.0
267.0
215.0
215.0
163.0
189.0
197.0
197.0
197.0
171.0
197.0
171.0
197.0
197.0
275.0
275.0
275.0
249.0
278.0
273.0
273.0
273.0
251.0
195.0
221.0
191.0
217.0
197.0
165.0
197.0
197.0
197.0
197.0
171.0
196.0
196.0
197.0
197.0
249.0
249.0
275.0
249.0
275.0
275.0
249.0
275.0
223.0
223.0
197.0
171.0
197.0
197.0
175.0
175.0
197.0
175.0
201.0
175.0
175.0
197.0
222.0
474.0
613.0
773.0
825.0
769.0
799.0
799.0
799.0
773.0
665.0
457.0
357.0
305.0
253.0
227.0
175.0
175.0
175.0
175.0
175.0
175.0
197.0
171.0
275.0
535.0
795.0
795.0
847.0
743.0
795.0
795.0
769.0
769.0
639.0
457.0
353.0
327.0
279.0
222.0
175.0
175.0
171.0
171.0
197.0
171.0
171.0
197.0
275.0
509.0
769.0
795.0
821.0
717.0
769.0
769.0
769.0
769.0
639.0
431.0
353.0
301.0
249.0
249.0
170.0
170.0
171.0
171.0
171.0
171.0
171.0
197.0
275.0
509.0
769.0
743.0
830.0
717.0
769.0
769.0
769.0
743.0
639.0
430.0
353.0
327.0
274.0
222.0
170.0
197.0
180.0
197.0
171.0
171.0
171.0
171.0
275.0
483.0
743.0
769.0
797.0
691.0
769.0
743.0
743.0
743.0
613.0
379.0
353.0
301.0
249.0
225.0
173.0
173.0
171.0
171.0
171.0
197.0
171.0
171.0
171.0
171.0
223.0
197.0
223.0
197.0
223.0
223.0
225.0
222.0
222.0
197.0
197.0
171.0
197.0
171.0
171.0
197.0
171.0
171.0
171.0
165.0
171.0
171.0
171.0
171.0
197.0
197.0
197.0
223.0
197.0
197.0
223.0
197.0
197.0
197.0
197.0
171.0
197.0
197.0
171.0
171.0
171.0
171.0
171.0
171.0
171.0
171.0
171.0
171.0
197.0
197.0
222.0
249.0
223.0
223.0
223.0
223.0
223.0
197.0
197.0
197.0
171.0
197.0
173.0
199.0
199.0
199.0
173.0
179.0
196.0
171.0
170.0
483.0
691.0
691.0
796.0
717.0
795.0
796.0
770.0
769.0
665.0
483.0
353.0
276.0
276.0
224.0
173.0
198.0
197.0
171.0
171.0
197.0
197.0
171.0
301.0
509.0
769.0
769.0
821.0
717.0
769.0
769.0
795.0
769.0
639.0
457.0
354.0
302.0
250.0
224.0
172.0
198.0
197.0
171.0
197.0
171.0
197.0
197.0
275.0
509.0
795.0
787.0
839.0
744.0
813.0
787.0
813.0
787.0
660.0
449.0
354.0
302.0
276.0
250.0
172.0
198.0
189.0
189.0
189.0
189.0
189.0
197.0
275.0
509.0
795.0
795.0
847.0
769.0
810.0
821.0
821.0
795.0
665.0
457.0
353.0
275.0
223.0
198.0
156.0
156.0
130.0
171.0
145.0
145.0
145.0
171.0
145.0
165.0
201.0
201.0
201.0
197.0
223.0
201.0
201.0
224.0
201.0
191.0
197.0
171.0
165.0
171.0
171.0
139.0
171.0
175.0
165.0
139.0
139.0
165.0
139.0
139.0
165.0
165.0
191.0
165.0
203.0
191.0
191.0
191.0
165.0
197.0
197.0
171.0
171.0
145.0
171.0
145.0
171.0
175.0
145.0
145.0
145.0
171.0
144.0
480.0
795.0
821.0
873.0
769.0
821.0
821.0
821.0
795.0
665.0
457.0
353.0
327.0
249.0
223.0
187.0
197.0
197.0
171.0
171.0
197.0
171.0
197.0
301.0
509.0
795.0
821.0
847.0
743.0
821.0
795.0
795.0
769.0
665.0
431.0
344.0
292.0
240.0
214.0
188.0
162.0
197.0
171.0
171.0
197.0
171.0
197.0
275.0
509.0
769.0
769.0
838.0
743.0
769.0
769.0
795.0
769.0
639.0
431.0
301.0
266.0
214.0
240.0
194.0
162.0
191.0
165.0
165.0
163.0
163.0
189.0
275.0
509.0
769.0
769.0
813.0
717.0
769.0
769.0
769.0
743.0
639.0
431.0
353.0
275.0
250.0
225.0
199.0
197.0
197.0
171.0
197.0
171.0
197.0
197.0
301.0
535.0
769.0
769.0
821.0
717.0
795.0
795.0
769.0
743.0
639.0
431.0
293.0
266.0
224.0
214.0
194.0
163.0
163.0
163.0
163.0
163.0
163.0
163.0
163.0
175.0
201.0
201.0
201.0
191.0
217.0
227.0
201.0
220.0
201.0
191.0
191.0
191.0
165.0
165.0
165.0
160.0
191.0
165.0
139.0
171.0
171.0
171.0
171.0
171.0
197.0
222.0
197.0
223.0
223.0
217.0
217.0
217.0
217.0
191.0
197.0
197.0
171.0
197.0
171.0
145.0
197.0
171.0
171.0
171.0
145.0
197.0
274.0
506.0
770.0
770.0
821.0
718.0
795.0
768.0
769.0
769.0
639.0
822.0
873.0
795.0
821.0
816.0
712.0
790.0
665.0
457.0
328.0
301.0
224.0
224.0
198.0
224.0
197.0
223.0
197.0
225.0
139.0
191.0
301.0
951.0
821.0
795.0
847.0
275.0
769.0
795.0
743.0
769.0
639.0
422.0
318.0
292.0
248.0
188.0
188.0
249.0
275.0
240.0
266.0
277.0
249.0
275.0
301.0
509.0
691.0
717.0
717.0
717.0
717.0
717.0
587.0
457.0
509.0
352.0
275.0
274.0
223.0
197.0
197.0
275.0
171.0
171.0
171.0
171.0
165.0
177.0
165.0
165.0
191.0
165.0
191.0
243.0
165.0
191.0
189.0
191.0
161.0
165.0
165.0
165.0
165.0
191.0
139.0
165.0
165.0
139.0
165.0
165.0
139.0
165.0
165.0
165.0
191.0
191.0
217.0
214.0
191.0
191.0
165.0
217.0
191.0
165.0
171.0
197.0
171.0
197.0
139.0
171.0
171.0
171.0
171.0
171.0
145.0
145.0
171.0
171.0
160.0
186.0
186.0
189.0
163.0
197.0
223.0
197.0
171.0
197.0
197.0
171.0
171.0
171.0
147.0
171.0
171.0
145.0
171.0
171.0
171.0
197.0
274.0
511.0
745.0
795.0
821.0
771.0
795.0
821.0
821.0
821.0
665.0
433.0
355.0
329.0
277.0
225.0
249.0
225.0
197.0
197.0
223.0
223.0
223.0
249.0
327.0
587.0
769.0
795.0
847.0
769.0
795.0
873.0
795.0
769.0
639.0
431.0
353.0
305.0
249.0
223.0
197.0
197.0
197.0
197.0
483.0
197.0
249.0
145.0
241.0
249.0
227.0
201.0
253.0
227.0
242.0
699.0
725.0
695.0
605.0
435.0
344.0
305.0
231.0
227.0
201.0
165.0
175.0
160.0
175.0
165.0
165.0
165.0
217.0
194.0
693.0
477.0
815.0
711.0
789.0
789.0
763.0
763.0
633.0
451.0
347.0
304.0
252.0
229.0
200.0
174.0
174.0
200.0
174.0
174.0
200.0
197.0
241.0
448.0
746.0
772.0
824.0
746.0
772.0
772.0
772.0
772.0
694.0
460.0
382.0
330.0
257.0
231.0
205.0
179.0
179.0
197.0
179.0
162.0
197.0
197.0
240.0
431.0
746.0
795.0
850.0
746.0
772.0
772.0
772.0
746.0
642.0
434.0
356.0
278.0
226.0
226.0
200.0
174.0
174.0
174.0
174.0
200.0
174.0
174.0
174.0
200.0
252.0
252.0
278.0
252.0
273.0
273.0
271.0
283.0
231.0
191.0
191.0
191.0
165.0
165.0
165.0
165.0
165.0
165.0
139.0
165.0
196.0
165.0
165.0
197.0
223.0
275.0
275.0
247.0
275.0
273.0
275.0
278.0
252.0
226.0
200.0
174.0
200.0
174.0
174.0
174.0
174.0
174.0
148.0
200.0
148.0
174.0
170.0
434.0
772.0
824.0
899.0
787.0
813.0
813.0
813.0
787.0
709.0
449.0
371.0
356.0
278.0
243.0
191.0
191.0
191.0
165.0
165.0
191.0
165.0
191.0
269.0
477.0
763.0
815.0
867.0
789.0
824.0
789.0
815.0
789.0
685.0
451.0
379.0
356.0
278.0
252.0
200.0
200.0
200.0
174.0
200.0
174.0
200.0
200.0
278.0
538.0
798.0
847.0
902.0
847.0
850.0
824.0
824.0
798.0
694.0
486.0
382.0
356.0
278.0
278.0
194.0
226.0
200.0
189.0
189.0
189.0
189.0
189.0
267.0
475.0
787.0
813.0
865.0
761.0
813.0
787.0
761.0
761.0
631.0
449.0
371.0
319.0
266.0
241.0
186.0
189.0
186.0
223.0
202.0
198.0
174.0
200.0
278.0
486.0
746.0
769.0
847.0
770.0
769.0
743.0
717.0
743.0
481.0
379.0
276.0
250.0
224.0
172.0
145.0
172.0
134.0
172.0
146.0
146.0
146.0
146.0
136.0
136.0
146.0
162.0
162.0
146.0
172.0
172.0
172.0
146.0
172.0
172.0
146.0
172.0
146.0
146.0
146.0
146.0
146.0
146.0
146.0
146.0
146.0
146.0
146.0
146.0
157.0
172.0
172.0
172.0
198.0
198.0
172.0
198.0
172.0
146.0
172.0
172.0
146.0
146.0
172.0
146.0
146.0
146.0
146.0
146.0
139.0
139.0
139.0
139.0
165.0
139.0
191.0
191.0
165.0
165.0
191.0
165.0
139.0
139.0
165.0
146.0
146.0
146.0
172.0
146.0
146.0
146.0
146.0
146.0
146.0
146.0
146.0
146.0
146.0
172.0
198.0
198.0
186.0
172.0
165.0
175.0
175.0
149.0
149.0
149.0
149.0
149.0
149.0
149.0
149.0
149.0
149.0
149.0
149.0
149.0
149.0
149.0
175.0
201.0
201.0
201.0
201.0
201.0
175.0
175.0
172.0
146.0
172.0
145.0
171.0
146.0
134.0
160.0
145.0
134.0
134.0
134.0
134.0
134.0
134.0
134.0
160.0
160.0
186.0
186.0
160.0
160.0
160.0
160.0
160.0
160.0
160.0
134.0
160.0
134.0
160.0
172.0
146.0
146.0
146.0
146.0
146.0
146.0
146.0
146.0
198.0
172.0
223.0
223.0
221.0
195.0
195.0
195.0
195.0
169.0
169.0
169.0
143.0
143.0
143.0
153.0
143.0
143.0
143.0
143.0
143.0
188.0
136.0
403.0
685.0
715.0
741.0
626.0
715.0
689.0
726.0
700.0
559.0
340.0
273.0
264.0
212.0
186.0
134.0
160.0
134.0
160.0
160.0
134.0
160.0
160.0
209.0
436.0
689.0
741.0
741.0
637.0
715.0
689.0
715.0
689.0
585.0
351.0
273.0
255.0
247.0
195.0
143.0
169.0
169.0
195.0
169.0
169.0
169.0
169.0
240.0
429.0
715.0
715.0
729.0
625.0
690.0
677.0
703.0
682.0
599.0
392.0
336.0
288.0
258.0
184.0
132.0
184.0
169.0
158.0
157.0
171.0
157.0
158.0
249.0
418.0
678.0
730.0
756.0
652.0
730.0
730.0
730.0
700.0
600.0
366.0
310.0
262.0
262.0
210.0
132.0
184.0
158.0
158.0
158.0
158.0
184.0
158.0
223.0
392.0
652.0
704.0
704.0
626.0
704.0
704.0
704.0
692.0
574.0
340.0
320.0
288.0
262.0
210.0
132.0
184.0
184.0
184.0
158.0
184.0
184.0
184.0
249.0
444.0
730.0
704.0
782.0
652.0
704.0
704.0
704.0
704.0
574.0
340.0
288.0
244.0
210.0
210.0
132.0
158.0
158.0
158.0
158.0
158.0
158.0
158.0
275.0
444.0
730.0
730.0
782.0
704.0
730.0
704.0
704.0
710.0
599.0
365.0
302.0
235.0
235.0
183.0
131.0
157.0
157.0
157.0
157.0
157.0
183.0
131.0
169.0
143.0
230.0
221.0
247.0
238.0
212.0
212.0
219.0
216.0
212.0
186.0
186.0
183.0
157.0
157.0
131.0
157.0
157.0
164.0
158.0
158.0
132.0
158.0
158.0
158.0
240.0
210.0
236.0
243.0
217.0
217.0
191.0
217.0
217.0
217.0
191.0
191.0
191.0
165.0
139.0
165.0
139.0
165.0
139.0
165.0
165.0
165.0
170.0
399.0
737.0
796.0
822.0
718.0
767.0
791.0
800.0
765.0
663.0
429.0
325.0
299.0
273.0
195.0
143.0
165.0
165.0
165.0
169.0
165.0
165.0
165.0
275.0
446.0
737.0
737.0
815.0
711.0
737.0
737.0
706.0
698.0
602.0
373.0
342.0
290.0
264.0
212.0
139.0
165.0
172.0
172.0
172.0
172.0
172.0
172.0
249.0
458.0
744.0
796.0
782.0
718.0
770.0
770.0
770.0
744.0
635.0
422.0
349.0
297.0
271.0
219.0
146.0
172.0
158.0
165.0
191.0
191.0
167.0
191.0
249.0
444.0
737.0
763.0
782.0
678.0
756.0
756.0
756.0
730.0
626.0
366.0
297.0
271.0
245.0
236.0
132.0
158.0
184.0
184.0
184.0
184.0
158.0
184.0
275.0
444.0
730.0
767.0
793.0
717.0
741.0
767.0
767.0
715.0
637.0
377.0
306.0
247.0
221.0
195.0
143.0
164.0
173.0
169.0
169.0
169.0
169.0
158.0
169.0
169.0
247.0
273.0
247.0
247.0
247.0
263.0
245.0
273.0
219.0
195.0
195.0
203.0
195.0
195.0
143.0
195.0
143.0
143.0
169.0
169.0
158.0
158.0
132.0
169.0
171.0
197.0
219.0
219.0
193.0
193.0
219.0
193.0
193.0
167.0
161.0
184.0
158.0
158.0
158.0
158.0
158.0
184.0
184.0
184.0
184.0
158.0
195.0
169.0
195.0
169.0
169.0
195.0
195.0
170.0
585.0
871.0
871.0
897.0
819.0
897.0
871.0
897.0
871.0
767.0
481.0
429.0
351.0
299.0
247.0
247.0
221.0
221.0
214.0
195.0
221.0
221.0
204.0
325.0
621.0
848.0
895.0
921.0
817.0
860.0
886.0
886.0
860.0
782.0
496.0
432.0
357.0
302.0
250.0
250.0
198.0
224.0
224.0
224.0
198.0
198.0
224.0
328.0
614.0
848.0
900.0
926.0
848.0
874.0
900.0
900.0
874.0
744.0
522.0
432.0
354.0
276.0
224.0
250.0
224.0
224.0
219.0
224.0
198.0
197.0
210.0
314.0
626.0
834.0
886.0
886.0
813.0
860.0
886.0
886.0
860.0
756.0
522.0
418.0
340.0
288.0
236.0
262.0
210.0
210.0
184.0
188.0
210.0
210.0
210.0
314.0
574.0
834.0
860.0
886.0
808.0
860.0
886.0
860.0
860.0
730.0
496.0
392.0
340.0
262.0
251.0
273.0
195.0
221.0
195.0
221.0
221.0
221.0
195.0
221.0
223.0
275.0
273.0
273.0
273.0
273.0
299.0
299.0
299.0
247.0
247.0
221.0
247.0
221.0
221.0
169.0
200.0
221.0
195.0
200.0
200.0
200.0
200.0
200.0
188.0
188.0
214.0
247.0
247.0
250.0
224.0
224.0
224.0
224.0
224.0
224.0
238.0
212.0
198.0
160.0
215.0
212.0
186.0
195.0
221.0
200.0
200.0
204.0
574.0
884.0
897.0
949.0
860.0
912.0
912.0
923.0
923.0
756.0
548.0
418.0
366.0
288.0
236.0
262.0
210.0
236.0
210.0
210.0
210.0
210.0
210.0
314.0
600.0
871.0
897.0
923.0
819.0
886.0
897.0
897.0
886.0
730.0
522.0
403.0
351.0
299.0
247.0
273.0
221.0
221.0
221.0
221.0
221.0
210.0
210.0
314.0
600.0
860.0
860.0
921.0
808.0
860.0
886.0
834.0
860.0
730.0
496.0
380.0
354.0
276.0
250.0
276.0
224.0
195.0
221.0
221.0
221.0
195.0
221.0
351.0
611.0
845.0
871.0
926.0
848.0
900.0
900.0
900.0
848.0
718.0
510.0
432.0
354.0
276.0
250.0
276.0
224.0
224.0
224.0
224.0
198.0
198.0
224.0
365.0
573.0
848.0
900.0
926.0
810.0
860.0
860.0
860.0
860.0
718.0
496.0
366.0
339.0
261.0
262.0
262.0
210.0
210.0
210.0
210.0
209.0
210.0
210.0
209.0
262.0
287.0
287.0
339.0
261.0
297.0
297.0
287.0
287.0
261.0
209.0
212.0
209.0
186.0
212.0
160.0
160.0
188.0
214.0
188.0
188.0
222.0
188.0
188.0
227.0
247.0
264.0
264.0
238.0
238.0
264.0
264.0
273.0
238.0
238.0
238.0
221.0
221.0
214.0
169.0
195.0
221.0
197.0
188.0
214.0
188.0
188.0
204.0
591.0
929.0
918.0
943.0
860.0
917.0
917.0
917.0
865.0
761.0
527.0
449.0
328.0
293.0
241.0
239.0
215.0
215.0
241.0
221.0
221.0
221.0
221.0
358.0
637.0
871.0
897.0
923.0
819.0
897.0
897.0
897.0
871.0
767.0
507.0
429.0
377.0
299.0
247.0
247.0
221.0
247.0
247.0
221.0
221.0
195.0
247.0
351.0
611.0
860.0
886.0
949.0
819.0
886.0
886.0
860.0
866.0
756.0
522.0
429.0
377.0
305.0
247.0
247.0
221.0
221.0
221.0
221.0
221.0
195.0
247.0
325.0
637.0
845.0
897.0
923.0
845.0
897.0
897.0
897.0
845.0
767.0
522.0
455.0
377.0
302.0
276.0
250.0
224.0
250.0
198.0
224.0
198.0
224.0
221.0
351.0
611.0
845.0
897.0
923.0
845.0
871.0
871.0
845.0
819.0
715.0
455.0
377.0
325.0
273.0
221.0
247.0
221.0
195.0
169.0
189.0
163.0
163.0
189.0
193.0
189.0
215.0
241.0
271.0
241.0
241.0
241.0
271.0
271.0
267.0
215.0
215.0
215.0
189.0
215.0
163.0
189.0
189.0
163.0
163.0
189.0
189.0
163.0
197.0
197.0
224.0
276.0
267.0
241.0
241.0
241.0
250.0
250.0
224.0
247.0
221.0
221.0
220.0
195.0
169.0
189.0
163.0
189.0
189.0
163.0
163.0
197.0
204.0
579.0
891.0
891.0
943.0
891.0
891.0
917.0
891.0
865.0
761.0
553.0
449.0
371.0
293.0
241.0
241.0
215.0
215.0
189.0
215.0
215.0
189.0
221.0
314.0
600.0
834.0
865.0
923.0
819.0
886.0
886.0
834.0
871.0
741.0
533.0
429.0
377.0
309.0
247.0
247.0
221.0
221.0
221.0
221.0
189.0
215.0
209.0
339.0
599.0
905.0
911.0
937.0
833.0
885.0
885.0
885.0
859.0
755.0
521.0
417.0
313.0
261.0
250.0
250.0
224.0
209.0
209.0
183.0
189.0
215.0
215.0
319.0
579.0
900.0
926.0
943.0
839.0
891.0
891.0
891.0
865.0
761.0
579.0
484.0
380.0
302.0
276.0
242.0
224.0
215.0
241.0
215.0
216.0
215.0
215.0
371.0
657.0
865.0
891.0
943.0
865.0
891.0
891.0
891.0
865.0
761.0
527.0
449.0
371.0
319.0
267.0
241.0
215.0
189.0
227.0
189.0
189.0
190.0
189.0
267.0
293.0
345.0
319.0
345.0
319.0
319.0
319.0
345.0
319.0
293.0
267.0
267.0
241.0
241.0
215.0
163.0
189.0
215.0
215.0
189.0
197.0
188.0
222.0
188.0
189.0
240.0
223.0
241.0
267.0
241.0
215.0
241.0
241.0
215.0
241.0
241.0
241.0
215.0
215.0
163.0
189.0
221.0
183.0
209.0
188.0
188.0
222.0
360.0
625.0
900.0
911.0
1015.0
900.0
952.0
952.0
926.0
926.0
796.0
536.0
432.0
380.0
328.0
276.0
248.0
224.0
224.0
215.0
241.0
216.0
215.0
215.0
371.0
631.0
917.0
969.0
1042.0
912.0
938.0
938.0
917.0
917.0
787.0
522.0
449.0
392.0
319.0
241.0
241.0
209.0
209.0
209.0
209.0
209.0
209.0
209.0
366.0
652.0
860.0
938.0
990.0
886.0
912.0
912.0
912.0
886.0
756.0
522.0
444.0
366.0
314.0
267.0
241.0
215.0
215.0
215.0
215.0
215.0
189.0
215.0
365.0
599.0
885.0
911.0
937.0
833.0
885.0
885.0
885.0
859.0
755.0
495.0
391.0
365.0
319.0
267.0
241.0
215.0
215.0
215.0
241.0
215.0
215.0
215.0
345.0
605.0
865.0
891.0
911.0
807.0
859.0
859.0
859.0
839.0
710.0
475.0
371.0
319.0
267.0
189.0
241.0
189.0
215.0
189.0
215.0
215.0
163.0
189.0
197.0
219.0
267.0
267.0
302.0
302.0
276.0
276.0
250.0
268.0
250.0
224.0
241.0
189.0
215.0
188.0
163.0
188.0
224.0
214.0
214.0
214.0
188.0
214.0
188.0
247.0
267.0
314.0
345.0
319.0
293.0
293.0
267.0
267.0
273.0
241.0
241.0
241.0
215.0
224.0
163.0
189.0
198.0
198.0
188.0
214.0
188.0
188.0
204.0
574.0
886.0
912.0
964.0
886.0
938.0
912.0
910.0
886.0
782.0
522.0
418.0
312.0
260.0
208.0
247.0
195.0
182.0
182.0
221.0
195.0
182.0
182.0
364.0
612.0
833.0
885.0
954.0
859.0
859.0
885.0
885.0
859.0
729.0
495.0
443.0
339.0
261.0
209.0
235.0
209.0
183.0
183.0
209.0
183.0
209.0
209.0
351.0
637.0
860.0
912.0
938.0
834.0
886.0
886.0
912.0
886.0
756.0
496.0
444.0
346.0
267.0
241.0
241.0
215.0
189.0
189.0
189.0
189.0
189.0
215.0
345.0
606.0
891.0
917.0
943.0
865.0
912.0
912.0
917.0
886.0
782.0
527.0
444.0
345.0
267.0
267.0
241.0
215.0
215.0
215.0
215.0
215.0
250.0
247.0
365.0
637.0
911.0
937.0
989.0
885.0
937.0
911.0
885.0
885.0
755.0
495.0
391.0
313.0
261.0
235.0
235.0
209.0
224.0
209.0
198.0
224.0
183.0
209.0
183.0
235.0
235.0
250.0
261.0
268.0
261.0
261.0
242.0
242.0
242.0
216.0
235.0
209.0
226.0
209.0
157.0
195.0
221.0
221.0
188.0
221.0
188.0
214.0
188.0
214.0
240.0
267.0
891.0
865.0
886.0
865.0
735.0
449.0
371.0
299.0
268.0
247.0
221.0
190.0
221.0
195.0
195.0
195.0
195.0
195.0
325.0
559.0
871.0
897.0
949.0
845.0
859.0
885.0
859.0
833.0
729.0
443.0
368.0
287.0
261.0
235.0
209.0
209.0
190.0
183.0
183.0
209.0
183.0
183.0
313.0
547.0
885.0
885.0
937.0
845.0
897.0
897.0
871.0
834.0
704.0
455.0
377.0
299.0
273.0
247.0
247.0
221.0
215.0
215.0
198.0
198.0
198.0
224.0
320.0
562.0
848.0
874.0
943.0
813.0
897.0
897.0
871.0
871.0
715.0
533.0
429.0
338.0
273.0
247.0
247.0
195.0
195.0
195.0
195.0
195.0
169.0
221.0
325.0
547.0
833.0
859.0
911.0
807.0
859.0
859.0
833.0
833.0
703.0
495.0
365.0
313.0
235.0
209.0
241.0
180.0
189.0
189.0
163.0
163.0
163.0
189.0
197.0
189.0
275.0
275.0
293.0
267.0
293.0
293.0
293.0
293.0
267.0
229.0
221.0
229.0
195.0
195.0
169.0
195.0
195.0
169.0
195.0
195.0
169.0
169.0
201.0
195.0
227.0
252.0
255.0
229.0
281.0
281.0
255.0
255.0
229.0
203.0
203.0
203.0
203.0
203.0
177.0
177.0
203.0
203.0
177.0
177.0
157.0
201.0
204.0
558.0
833.0
859.0
937.0
853.0
885.0
879.0
859.0
859.0
723.0
458.0
354.0
302.0
276.0
250.0
250.0
198.0
198.0
198.0
198.0
172.0
198.0
215.0
319.0
553.0
839.0
865.0
943.0
813.0
891.0
891.0
892.0
865.0
735.0
449.0
371.0
293.0
267.0
241.0
241.0
189.0
189.0
189.0
189.0
189.0
189.0
221.0
325.0
611.0
845.0
897.0
949.0
845.0
897.0
897.0
871.0
845.0
715.0
451.0
325.0
273.0
247.0
247.0
247.0
195.0
221.0
195.0
195.0
195.0
195.0
221.0
325.0
611.0
897.0
923.0
975.0
871.0
923.0
897.0
897.0
845.0
744.0
458.0
354.0
302.0
250.0
250.0
250.0
224.0
198.0
224.0
198.0
198.0
198.0
198.0
328.0
562.0
874.0
900.0
926.0
834.0
848.0
770.0
770.0
770.0
588.0
380.0
294.0
268.0
242.0
242.0
242.0
189.0
164.0
163.0
189.0
163.0
163.0
164.0
189.0
215.0
241.0
273.0
241.0
215.0
216.0
242.0
216.0
242.0
215.0
198.0
189.0
163.0
189.0
163.0
163.0
189.0
163.0
163.0
195.0
137.0
163.0
137.0
195.0
221.0
240.0
273.0
273.0
273.0
252.0
221.0
247.0
221.0
195.0
195.0
183.0
209.0
157.0
157.0
157.0
157.0
157.0
183.0
157.0
157.0
157.0
188.0
204.0
547.0
807.0
807.0
885.0
833.0
833.0
833.0
833.0
807.0
677.0
469.0
354.0
287.0
235.0
221.0
235.0
183.0
183.0
183.0
183.0
183.0
209.0
183.0
339.0
547.0
833.0
833.0
911.0
833.0
859.0
833.0
833.0
833.0
677.0
443.0
351.0
299.0
247.0
231.0
247.0
221.0
205.0
195.0
205.0
195.0
195.0
221.0
325.0
559.0
845.0
871.0
949.0
845.0
897.0
871.0
897.0
845.0
715.0
481.0
387.0
309.0
283.0
257.0
257.0
205.0
189.0
215.0
189.0
189.0
215.0
207.0
319.0
553.0
891.0
885.0
937.0
833.0
885.0
885.0
885.0
859.0
703.0
443.0
365.0
313.0
267.0
278.0
252.0
252.0
189.0
215.0
221.0
221.0
195.0
221.0
351.0
611.0
871.0
897.0
937.0
845.0
897.0
897.0
897.0
845.0
715.0
455.0
356.0
273.0
226.0
252.0
252.0
200.0
200.0
200.0
200.0
200.0
200.0
200.0
191.0
252.0
278.0
304.0
304.0
330.0
330.0
330.0
330.0
293.0
252.0
252.0
226.0
226.0
226.0
200.0
174.0
189.0
200.0
189.0
189.0
189.0
200.0
174.0
200.0
252.0
278.0
293.0
293.0
293.0
304.0
304.0
304.0
330.0
278.0
252.0
252.0
226.0
226.0
200.0
174.0
200.0
200.0
200.0
226.0
168.0
195.0
196.0
196.0
573.0
859.0
911.0
990.0
859.0
954.0
928.0
928.0
886.0
730.0
496.0
377.0
330.0
252.0
226.0
247.0
195.0
195.0
221.0
195.0
195.0
192.0
221.0
325.0
611.0
897.0
885.0
963.0
859.0
885.0
859.0
859.0
859.0
720.0
486.0
382.0
304.0
278.0
252.0
252.0
226.0
200.0
226.0
188.0
226.0
200.0
210.0
314.0
600.0
860.0
886.0
944.0
834.0
886.0
860.0
860.0
834.0
704.0
444.0
382.0
330.0
272.0
278.0
252.0
209.0
391.0
403.0
391.0
391.0
391.0
417.0
443.0
495.0
573.0
547.0
625.0
625.0
573.0
859.0
859.0
859.0
703.0
495.0
339.0
287.0
268.0
241.0
242.0
215.0
189.0
216.0
190.0
216.0
189.0
215.0
351.0
605.0
860.0
886.0
938.0
832.0
858.0
858.0
884.0
832.0
728.0
442.0
338.0
260.0
260.0
208.0
234.0
182.0
182.0
182.0
182.0
182.0
182.0
182.0
221.0
208.0
260.0
260.0
286.0
260.0
289.0
286.0
286.0
286.0
260.0
234.0
208.0
234.0
186.0
169.0
169.0
195.0
169.0
195.0
195.0
195.0
169.0
195.0
195.0
221.0
237.0
273.0
260.0
260.0
260.0
260.0
260.0
260.0
260.0
208.0
208.0
208.0
182.0
182.0
156.0
182.0
182.0
182.0
164.0
156.0
182.0
189.0
205.0
580.0
865.0
892.0
943.0
865.0
923.0
917.0
865.0
865.0
735.0
449.0
371.0
293.0
267.0
241.0
241.0
215.0
215.0
189.0
215.0
189.0
215.0
215.0
345.0
553.0
839.0
865.0
917.0
839.0
865.0
891.0
865.0
845.0
715.0
455.0
377.0
320.0
273.0
247.0
247.0
195.0
221.0
195.0
205.0
205.0
231.0
231.0
335.0
621.0
855.0
881.0
933.0
855.0
881.0
881.0
855.0
855.0
725.0
465.0
387.0
335.0
283.0
257.0
257.0
205.0
231.0
205.0
205.0
205.0
205.0
205.0
315.0
575.0
835.0
835.0
913.0
840.0
887.0
861.0
835.0
835.0
705.0
445.0
315.0
268.0
242.0
216.0
237.0
185.0
185.0
185.0
159.0
185.0
185.0
185.0
289.0
549.0
835.0
861.0
939.0
809.0
861.0
835.0
835.0
809.0
679.0
419.0
315.0
289.0
237.0
211.0
237.0
185.0
159.0
185.0
185.0
159.0
159.0
159.0
221.0
247.0
273.0
263.0
289.0
263.0
289.0
289.0
263.0
237.0
211.0
211.0
185.0
211.0
182.0
182.0
156.0
182.0
156.0
182.0
156.0
156.0
156.0
195.0
156.0
156.0
208.0
182.0
234.0
182.0
223.0
211.0
211.0
211.0
185.0
211.0
185.0
159.0
185.0
159.0
159.0
185.0
185.0
159.0
185.0
159.0
185.0
194.0
162.0
549.0
809.0
835.0
913.0
844.0
861.0
861.0
845.0
850.0
720.0
445.0
382.0
330.0
278.0
252.0
247.0
221.0
195.0
221.0
193.0
195.0
195.0
221.0
299.0
559.0
839.0
839.0
937.0
813.0
891.0
839.0
839.0
813.0
709.0
449.0
345.0
289.0
237.0
215.0
241.0
190.0
200.0
189.0
185.0
185.0
185.0
211.0
289.0
549.0
835.0
809.0
913.0
809.0
861.0
818.0
809.0
809.0
689.0
455.0
351.0
299.0
247.0
247.0
247.0
195.0
195.0
169.0
221.0
169.0
169.0
221.0
299.0
533.0
819.0
819.0
897.0
767.0
833.0
809.0
767.0
807.0
679.0
417.0
341.0
289.0
235.0
246.0
261.0
159.0
183.0
185.0
211.0
185.0
185.0
211.0
289.0
523.0
809.0
835.0
887.0
783.0
835.0
809.0
809.0
783.0
627.0
419.0
315.0
289.0
237.0
211.0
211.0
205.0
211.0
185.0
205.0
185.0
159.0
159.0
223.0
221.0
275.0
309.0
309.0
251.0
309.0
300.0
293.0
309.0
257.0
231.0
231.0
205.0
205.0
231.0
179.0
205.0
179.0
205.0
205.0
169.0
195.0
195.0
195.0
211.0
237.0
263.0
263.0
263.0
263.0
263.0
263.0
237.0
237.0
211.0
221.0
221.0
195.0
195.0
169.0
195.0
189.0
163.0
189.0
163.0
245.0
221.0
195.0
221.0
221.0
195.0
195.0
195.0
221.0
195.0
195.0
221.0
185.0
211.0
211.0
237.0
211.0
237.0
237.0
237.0
211.0
237.0
212.0
237.0
211.0
211.0
185.0
211.0
211.0
211.0
231.0
211.0
185.0
231.0
195.0
195.0
575.0
875.0
907.0
959.0
881.0
907.0
907.0
933.0
907.0
757.0
549.0
419.0
361.0
289.0
211.0
237.0
211.0
211.0
185.0
208.0
182.0
208.0
208.0
319.0
598.0
858.0
917.0
936.0
832.0
891.0
884.0
889.0
891.0
761.0
494.0
434.0
356.0
260.0
260.0
234.0
234.0
208.0
208.0
182.0
208.0
156.0
208.0
325.0
533.0
862.0
871.0
897.0
806.0
858.0
858.0
832.0
858.0
754.0
468.0
390.0
338.0
286.0
208.0
252.0
226.0
226.0
226.0
200.0
226.0
226.0
200.0
356.0
553.0
876.0
876.0
954.0
824.0
902.0
859.0
885.0
833.0
729.0
495.0
443.0
367.0
304.0
237.0
237.0
211.0
221.0
195.0
195.0
195.0
195.0
221.0
325.0
547.0
897.0
897.0
923.0
819.0
871.0
819.0
767.0
793.0
637.0
455.0
377.0
325.0
260.0
234.0
234.0
208.0
208.0
185.0
221.0
215.0
185.0
221.0
221.0
221.0
289.0
299.0
315.0
335.0
335.0
335.0
315.0
335.0
309.0
257.0
231.0
257.0
257.0
205.0
215.0
195.0
215.0
189.0
206.0
189.0
200.0
232.0
226.0
195.0
215.0
241.0
237.0
237.0
237.0
237.0
237.0
237.0
237.0
263.0
247.0
211.0
237.0
211.0
211.0
211.0
185.0
211.0
195.0
211.0
199.0
195.0
196.0
575.0
861.0
887.0
975.0
871.0
887.0
887.0
887.0
871.0
793.0
559.0
418.0
377.0
273.0
247.0
247.0
221.0
195.0
229.0
221.0
221.0
221.0
215.0
314.0
574.0
906.0
891.0
943.0
813.0
886.0
891.0
891.0
891.0
761.0
579.0
475.0
345.0
293.0
237.0
237.0
211.0
211.0
185.0
211.0
211.0
211.0
211.0
315.0
637.0
897.0
897.0
949.0
871.0
897.0
897.0
897.0
897.0
767.0
527.0
449.0
356.0
267.0
252.0
267.0
215.0
189.0
215.0
189.0
241.0
189.0
215.0
319.0
605.0
871.0
923.0
949.0
845.0
923.0
897.0
897.0
897.0
767.0
533.0
429.0
351.0
273.0
247.0
273.0
247.0
195.0
221.0
195.0
221.0
221.0
221.0
293.0
559.0
891.0
943.0
943.0
865.0
891.0
891.0
891.0
865.0
735.0
497.0
393.0
315.0
289.0
263.0
263.0
211.0
211.0
185.0
185.0
185.0
185.0
192.0
211.0
215.0
241.0
267.0
293.0
251.0
303.0
277.0
284.0
310.0
258.0
258.0
258.0
232.0
232.0
232.0
232.0
206.0
232.0
206.0
206.0
206.0
206.0
206.0
232.0
232.0
284.0
284.0
284.0
284.0
284.0
284.0
284.0
284.0
284.0
258.0
258.0
232.0
232.0
232.0
232.0
258.0
206.0
232.0
199.0
232.0
232.0
206.0
224.0
589.0
927.0
901.0
953.0
875.0
901.0
927.0
901.0
901.0
797.0
589.0
459.0
381.0
303.0
277.0
277.0
251.0
225.0
225.0
199.0
199.0
225.0
173.0
381.0
589.0
875.0
927.0
953.0
875.0
927.0
901.0
901.0
901.0
771.0
537.0
463.0
355.0
303.0
277.0
277.0
251.0
241.0
251.0
215.0
215.0
241.0
241.0
371.0
605.0
875.0
891.0
927.0
849.0
901.0
875.0
849.0
875.0
771.0
615.0
511.0
381.0
329.0
329.0
277.0
251.0
277.0
251.0
225.0
225.0
251.0
251.0
381.0
585.0
849.0
875.0
901.0
823.0
849.0
816.0
861.0
835.0
757.0
601.0
497.0
367.0
315.0
289.0
263.0
237.0
237.0
263.0
263.0
239.0
237.0
237.0
367.0
575.0
849.0
849.0
887.0
809.0
849.0
823.0
849.0
823.0
745.0
496.0
433.0
355.0
329.0
277.0
251.0
199.0
225.0
195.0
195.0
195.0
195.0
195.0
221.0
247.0
299.0
325.0
351.0
318.0
344.0
344.0
355.0
355.0
329.0
277.0
251.0
225.0
225.0
225.0
225.0
199.0
225.0
199.0
199.0
199.0
199.0
199.0
214.0
240.0
251.0
277.0
303.0
303.0
303.0
303.0
277.0
303.0
277.0
251.0
251.0
225.0
225.0
199.0
225.0
214.0
207.0
266.0
266.0
274.0
292.0
274.0
353.0
302.0
793.0
845.0
871.0
793.0
847.0
845.0
819.0
845.0
793.0
637.0
559.0
351.0
318.0
325.0
325.0
273.0
221.0
241.0
267.0
241.0
241.0
251.0
329.0
615.0
901.0
917.0
953.0
891.0
953.0
953.0
953.0
901.0
797.0
579.0
485.0
371.0
345.0
293.0
267.0
251.0
225.0
214.0
215.0
215.0
215.0
210.0
366.0
600.0
912.0
912.0
938.0
886.0
938.0
912.0
912.0
886.0
756.0
548.0
392.0
340.0
288.0
236.0
262.0
236.0
226.0
221.0
221.0
221.0
195.0
221.0
377.0
615.0
875.0
897.0
953.0
849.0
875.0
901.0
875.0
849.0
771.0
511.0
407.0
355.0
277.0
277.0
251.0
251.0
225.0
225.0
225.0
225.0
225.0
251.0
355.0
641.0
849.0
901.0
927.0
861.0
887.0
897.0
871.0
871.0
741.0
481.0
377.0
325.0
273.0
221.0
247.0
195.0
221.0
221.0
198.0
195.0
184.0
199.0
199.0
225.0
225.0
225.0
225.0
251.0
225.0
251.0
225.0
225.0
251.0
225.0
237.0
211.0
211.0
185.0
211.0
211.0
185.0
185.0
185.0
185.0
185.0
185.0
211.0
159.0
211.0
251.0
277.0
251.0
251.0
251.0
277.0
251.0
277.0
277.0
277.0
251.0
251.0
251.0
225.0
199.0
225.0
225.0
225.0
199.0
225.0
197.0
202.0
641.0
927.0
979.0
1005.0
901.0
953.0
953.0
927.0
901.0
771.0
537.0
459.0
355.0
277.0
247.0
247.0
215.0
486.0
488.0
486.0
471.0
475.0
475.0
527.0
605.0
657.0
657.0
683.0
709.0
683.0
631.0
683.0
683.0
637.0
579.0
429.0
351.0
273.0
273.0
247.0
273.0
231.0
247.0
221.0
221.0
221.0
247.0
377.0
611.0
871.0
923.0
949.0
897.0
897.0
897.0
871.0
897.0
741.0
533.0
403.0
351.0
299.0
273.0
247.0
247.0
221.0
247.0
221.0
247.0
195.0
221.0
377.0
611.0
897.0
897.0
949.0
871.0
897.0
901.0
901.0
875.0
719.0
537.0
407.0
355.0
303.0
277.0
251.0
225.0
225.0
225.0
241.0
189.0
215.0
215.0
371.0
605.0
839.0
865.0
891.0
813.0
891.0
865.0
839.0
865.0
735.0
475.0
367.0
345.0
267.0
215.0
241.0
215.0
215.0
215.0
215.0
215.0
215.0
215.0
169.0
221.0
247.0
221.0
221.0
247.0
221.0
221.0
221.0
242.0
247.0
247.0
247.0
221.0
237.0
237.0
217.0
211.0
185.0
211.0
211.0
211.0
221.0
221.0
199.0
225.0
221.0
195.0
251.0
221.0
247.0
247.0
247.0
247.0
247.0
273.0
247.0
251.0
251.0
225.0
225.0
225.0
225.0
199.0
251.0
225.0
225.0
225.0
204.0
641.0
927.0
953.0
953.0
901.0
901.0
927.0
927.0
901.0
793.0
533.0
419.0
341.0
263.0
263.0
237.0
211.0
237.0
185.0
211.0
211.0
211.0
225.0
355.0
641.0
901.0
927.0
953.0
901.0
901.0
927.0
901.0
901.0
767.0
533.0
429.0
325.0
278.0
226.0
273.0
221.0
247.0
221.0
195.0
221.0
221.0
221.0
351.0
689.0
871.0
927.0
953.0
849.0
901.0
901.0
901.0
901.0
771.0
537.0
407.0
355.0
277.0
277.0
225.0
225.0
225.0
251.0
251.0
199.0
251.0
225.0
381.0
641.0
901.0
927.0
953.0
849.0
901.0
901.0
901.0
875.0
745.0
507.0
375.0
299.0
271.0
245.0
221.0
219.0
219.0
219.0
193.0
221.0
221.0
193.0
323.0
609.0
845.0
897.0
897.0
819.0
871.0
871.0
819.0
809.0
715.0
445.0
341.0
271.0
221.0
211.0
211.0
199.0
199.0
199.0
199.0
199.0
199.0
199.0
199.0
225.0
277.0
277.0
303.0
355.0
303.0
251.0
225.0
251.0
199.0
225.0
225.0
225.0
225.0
251.0
381.0
641.0
953.0
1005.0
1051.0
953.0
979.0
953.0
927.0
927.0
797.0
537.0
433.0
355.0
277.0
251.0
225.0
221.0
225.0
225.0
221.0
195.0
221.0
199.0
381.0
641.0
927.0
968.0
1020.0
927.0
953.0
927.0
927.0
901.0
793.0
455.0
377.0
289.0
254.0
237.0
211.0
185.0
211.0
211.0
185.0
211.0
185.0
211.0
188.0
214.0
266.0
325.0
299.0
292.0
355.0
344.0
329.0
355.0
329.0
303.0
277.0
251.0
225.0
199.0
225.0
199.0
225.0
225.0
199.0
225.0
199.0
199.0
225.0
225.0
251.0
277.0
277.0
277.0
277.0
277.0
278.0
278.0
252.0
278.0
273.0
221.0
221.0
221.0
221.0
221.0
195.0
221.0
195.0
221.0
195.0
228.0
185.0
632.0
975.0
1001.0
1027.0
949.0
1001.0
949.0
975.0
949.0
819.0
585.0
455.0
351.0
299.0
247.0
221.0
221.0
221.0
221.0
221.0
221.0
221.0
247.0
377.0
637.0
949.0
969.0
1012.0
917.0
969.0
969.0
943.0
943.0
813.0
553.0
433.0
381.0
303.0
277.0
225.0
225.0
251.0
225.0
225.0
199.0
225.0
251.0
381.0
641.0
953.0
979.0
1012.0
927.0
1001.0
975.0
953.0
934.0
830.0
570.0
414.0
362.0
336.0
284.0
232.0
258.0
258.0
232.0
232.0
232.0
258.0
258.0
388.0
648.0
960.0
986.0
1025.0
960.0
960.0
960.0
934.0
934.0
778.0
501.0
449.0
371.0
293.0
241.0
215.0
215.0
215.0
215.0
215.0
215.0
189.0
241.0
371.0
631.0
943.0
943.0
995.0
891.0
943.0
917.0
917.0
891.0
761.0
527.0
397.0
345.0
267.0
215.0
215.0
215.0
189.0
215.0
215.0
189.0
215.0
199.0
199.0
251.0
355.0
355.0
355.0
329.0
355.0
355.0
355.0
355.0
329.0
277.0
251.0
251.0
247.0
221.0
231.0
221.0
221.0
221.0
221.0
221.0
195.0
221.0
199.0
247.0
256.0
329.0
355.0
329.0
355.0
355.0
355.0
355.0
355.0
277.0
251.0
225.0
199.0
173.0
216.0
173.0
173.0
199.0
225.0
173.0
199.0
199.0
199.0
563.0
953.0
1005.0
1057.0
927.0
969.0
969.0
953.0
969.0
839.0
611.0
455.0
351.0
273.0
241.0
215.0
189.0
215.0
215.0
189.0
189.0
189.0
211.0
371.0
657.0
917.0
969.0
999.0
917.0
956.0
917.0
917.0
891.0
761.0
501.0
423.0
345.0
267.0
241.0
215.0
189.0
189.0
215.0
189.0
215.0
189.0
215.0
345.0
657.0
943.0
969.0
1021.0
891.0
943.0
943.0
917.0
917.0
787.0
553.0
423.0
345.0
267.0
215.0
215.0
189.0
215.0
189.0
189.0
215.0
189.0
215.0
345.0
631.0
917.0
975.0
1001.0
897.0
949.0
923.0
923.0
897.0
767.0
507.0
377.0
351.0
273.0
247.0
221.0
221.0
221.0
211.0
185.0
237.0
211.0
211.0
375.0
627.0
947.0
939.0
976.0
817.0
895.0
817.0
817.0
791.0
635.0
505.0
375.0
297.0
245.0
245.0
219.0
219.0
219.0
219.0
181.0
207.0
207.0
219.0
219.0
219.0
293.0
401.0
401.0
349.0
401.0
401.0
401.0
375.0
349.0
245.0
219.0
219.0
215.0
189.0
215.0
189.0
189.0
163.0
181.0
155.0
181.0
155.0
181.0
207.0
230.0
355.0
349.0
349.0
348.0
323.0
329.0
329.0
277.0
251.0
251.0
225.0
225.0
225.0
225.0
199.0
193.0
206.0
206.0
206.0
206.0
189.0
349.0
715.0
845.0
871.0
923.0
871.0
871.0
871.0
871.0
845.0
712.0
479.0
349.0
297.0
284.0
245.0
219.0
193.0
195.0
195.0
193.0
193.0
193.0
219.0
349.0
583.0
812.0
843.0
895.0
843.0
843.0
817.0
817.0
791.0
661.0
453.0
323.0
296.0
271.0
245.0
219.0
245.0
219.0
219.0
219.0
225.0
225.0
251.0
355.0
589.0
823.0
797.0
849.0
823.0
797.0
797.0
797.0
771.0
563.0
407.0
323.0
297.0
245.0
273.0
219.0
219.0
219.0
219.0
193.0
219.0
219.0
219.0
349.0
557.0
741.0
767.0
767.0
741.0
715.0
741.0
689.0
663.0
533.0
377.0
296.0
244.0
218.0
221.0
221.0
195.0
195.0
221.0
195.0
221.0
195.0
221.0
325.0
479.0
611.0
637.0
663.0
660.0
637.0
611.0
585.0
559.0
481.0
351.0
273.0
218.0
192.0
195.0
221.0
192.0
173.0
199.0
199.0
199.0
199.0
199.0
297.0
371.0
504.0
488.0
478.0
452.0
374.0
296.0
218.0
192.0
169.0
169.0
159.0
167.0
164.0
167.0
221.0
167.0
169.0
169.0
169.0
169.0
169.0
169.0
166.0
140.0
140.0
140.0
140.0
166.0
140.0
143.0
143.0
143.0
143.0
169.0
169.0
169.0
169.0
169.0
159.0
143.0
169.0
169.0
167.0
167.0
167.0
141.0
141.0
141.0
141.0
167.0
167.0
141.0
140.0
141.0
141.0
167.0
167.0
167.0
141.0
167.0
167.0
141.0
167.0
167.0
141.0
167.0
167.0
167.0
167.0
140.0
140.0
162.0
165.0
141.0
140.0
169.0
169.0
169.0
141.0
169.0
169.0
169.0
169.0
143.0
169.0
169.0
169.0
143.0
169.0
169.0
143.0
159.0
159.0
133.0
133.0
133.0
159.0
133.0
159.0
133.0
159.0
159.0
133.0
159.0
133.0
159.0
159.0
159.0
159.0
159.0
141.0
167.0
167.0
167.0
167.0
167.0
167.0
141.0
167.0
141.0
167.0
167.0
141.0
169.0
143.0
143.0
169.0
147.0
169.0
169.0
169.0
169.0
169.0
169.0
169.0
169.0
143.0
169.0
143.0
169.0
154.0
154.0
163.0
154.0
163.0
147.0
141.0
173.0
141.0
173.0
167.0
167.0
167.0
167.0
167.0
167.0
159.0
159.0
159.0
133.0
159.0
133.0
159.0
133.0
159.0
133.0
159.0
159.0
159.0
133.0
159.0
159.0
167.0
195.0
169.0
169.0
167.0
167.0
169.0
169.0
169.0
169.0
129.0
169.0
169.0
173.0
173.0
173.0
173.0
173.0
140.0
478.0
615.0
629.0
660.0
667.0
629.0
603.0
551.0
551.0
455.0
299.0
265.0
218.0
218.0
187.0
221.0
195.0
195.0
169.0
169.0
195.0
247.0
195.0
297.0
585.0
793.0
819.0
871.0
793.0
819.0
819.0
793.0
793.0
637.0
377.0
297.0
244.0
222.0
221.0
221.0
195.0
195.0
195.0
195.0
195.0
221.0
221.0
325.0
637.0
819.0
871.0
923.0
845.0
871.0
897.0
897.0
871.0
715.0
455.0
323.0
270.0
221.0
195.0
221.0
195.0
195.0
195.0
195.0
221.0
195.0
195.0
195.0
637.0
871.0
923.0
923.0
845.0
897.0
871.0
897.0
871.0
741.0
455.0
377.0
297.0
270.0
221.0
221.0
195.0
221.0
193.0
193.0
219.0
219.0
219.0
349.0
635.0
895.0
921.0
947.0
843.0
895.0
869.0
869.0
843.0
739.0
453.0
349.0
323.0
267.0
245.0
215.0
189.0
215.0
189.0
215.0
189.0
215.0
215.0
371.0
631.0
891.0
917.0
943.0
839.0
891.0
891.0
865.0
839.0
709.0
449.0
345.0
293.0
241.0
215.0
215.0
189.0
167.0
193.0
199.0
199.0
199.0
199.0
199.0
199.0
251.0
251.0
242.0
270.0
251.0
268.0
225.0
277.0
225.0
225.0
225.0
225.0
199.0
199.0
173.0
199.0
199.0
225.0
199.0
211.0
193.0
173.0
199.0
185.0
225.0
225.0
241.0
252.0
221.0
221.0
221.0
221.0
221.0
221.0
195.0
219.0
193.0
195.0
169.0
193.0
193.0
193.0
193.0
193.0
193.0
193.0
349.0
609.0
921.0
947.0
999.0
869.0
938.0
947.0
947.0
923.0
741.0
533.0
377.0
299.0
247.0
221.0
224.0
195.0
197.0
190.0
221.0
195.0
195.0
221.0
377.0
663.0
949.0
975.0
975.0
897.0
923.0
923.0
923.0
923.0
767.0
533.0
403.0
377.0
277.0
251.0
211.0
219.0
219.0
219.0
219.0
245.0
219.0
219.0
349.0
635.0
895.0
927.0
921.0
375.0
375.0
271.0
245.0
271.0
219.0
247.0
221.0
221.0
221.0
221.0
247.0
351.0
585.0
845.0
897.0
923.0
845.0
897.0
897.0
897.0
836.0
767.0
533.0
403.0
351.0
273.0
273.0
247.0
195.0
225.0
251.0
186.0
212.0
225.0
195.0
325.0
559.0
845.0
871.0
897.0
845.0
871.0
845.0
843.0
817.0
715.0
479.0
403.0
351.0
271.0
219.0
245.0
219.0
193.0
219.0
193.0
219.0
193.0
193.0
219.0
245.0
271.0
271.0
323.0
271.0
297.0
271.0
271.0
270.0
242.0
242.0
242.0
225.0
225.0
225.0
173.0
199.0
199.0
195.0
195.0
195.0
188.0
192.0
221.0
221.0
216.0
216.0
216.0
242.0
242.0
230.0
256.0
256.0
256.0
256.0
230.0
230.0
221.0
221.0
169.0
195.0
221.0
221.0
221.0
193.0
221.0
193.0
193.0
606.0
864.0
892.0
949.0
871.0
923.0
897.0
923.0
897.0
793.0
533.0
455.0
351.0
325.0
273.0
247.0
195.0
195.0
188.0
219.0
219.0
219.0
219.0
319.0
605.0
839.0
921.0
947.0
865.0
895.0
891.0
865.0
865.0
787.0
553.0
449.0
345.0
293.0
241.0
241.0
215.0
241.0
210.0
215.0
215.0
215.0
215.0
319.0
605.0
839.0
891.0
917.0
845.0
897.0
871.0
871.0
871.0
767.0
507.0
429.0
377.0
294.0
268.0
251.0
219.0
199.0
219.0
219.0
219.0
219.0
219.0
329.0
615.0
849.0
901.0
927.0
823.0
849.0
849.0
849.0
823.0
719.0
485.0
381.0
329.0
268.0
242.0
242.0
216.0
195.0
190.0
216.0
221.0
195.0
195.0
347.0
663.0
845.0
871.0
899.0
793.0
871.0
871.0
840.0
866.0
710.0
450.0
372.0
320.0
268.0
242.0
247.0
190.0
190.0
190.0
216.0
190.0
190.0
190.0
190.0
216.0
242.0
268.0
268.0
268.0
268.0
268.0
268.0
268.0
242.0
216.0
242.0
193.0
219.0
219.0
164.0
190.0
190.0
190.0
190.0
190.0
188.0
169.0
188.0
217.0
217.0
191.0
217.0
243.0
217.0
243.0
243.0
243.0
243.0
217.0
217.0
217.0
243.0
191.0
165.0
191.0
217.0
191.0
217.0
191.0
189.0
193.0
193.0
581.0
841.0
867.0
893.0
815.0
867.0
841.0
841.0
815.0
737.0
559.0
481.0
347.0
269.0
247.0
247.0
221.0
221.0
221.0
195.0
221.0
195.0
221.0
351.0
585.0
845.0
845.0
871.0
845.0
871.0
871.0
867.0
871.0
767.0
533.0
455.0
377.0
299.0
247.0
247.0
247.0
221.0
219.0
193.0
219.0
221.0
221.0
325.0
585.0
845.0
897.0
897.0
819.0
845.0
871.0
845.0
871.0
741.0
507.0
403.0
351.0
299.0
273.0
247.0
247.0
221.0
195.0
195.0
221.0
195.0
221.0
325.0
611.0
819.0
871.0
879.0
767.0
819.0
819.0
767.0
715.0
611.0
429.0
377.0
302.0
273.0
221.0
247.0
195.0
195.0
195.0
195.0
169.0
169.0
169.0
195.0
169.0
221.0
195.0
195.0
195.0
195.0
195.0
221.0
221.0
221.0
224.0
195.0
195.0
169.0
165.0
165.0
165.0
165.0
191.0
165.0
191.0
165.0
165.0
165.0
191.0
165.0
191.0
191.0
191.0
191.0
191.0
191.0
217.0
191.0
217.0
191.0
191.0
191.0
191.0
165.0
191.0
165.0
195.0
191.0
191.0
139.0
165.0
165.0
165.0
165.0
185.0
165.0
185.0
195.0
190.0
190.0
190.0
190.0
216.0
203.0
190.0
190.0
190.0
164.0
190.0
164.0
190.0
164.0
164.0
190.0
190.0
172.0
580.0
866.0
866.0
892.0
814.0
892.0
866.0
892.0
866.0
762.0
481.0
424.0
346.0
294.0
255.0
255.0
229.0
229.0
229.0
203.0
229.0
229.0
203.0
333.0
619.0
853.0
905.0
931.0
827.0
879.0
905.0
905.0
879.0
793.0
507.0
437.0
351.0
307.0
255.0
247.0
195.0
229.0
229.0
229.0
203.0
203.0
229.0
333.0
619.0
853.0
905.0
931.0
853.0
867.0
893.0
893.0
867.0
737.0
529.0
425.0
347.0
269.0
216.0
243.0
216.0
216.0
216.0
216.0
190.0
190.0
221.0
333.0
645.0
853.0
905.0
905.0
827.0
879.0
905.0
905.0
879.0
775.0
541.0
437.0
359.0
307.0
255.0
281.0
229.0
229.0
203.0
203.0
229.0
229.0
229.0
333.0
593.0
853.0
879.0
905.0
823.0
867.0
893.0
867.0
867.0
737.0
503.0
399.0
347.0
269.0
243.0
269.0
191.0
217.0
191.0
217.0
217.0
217.0
191.0
217.0
217.0
269.0
269.0
269.0
269.0
269.0
294.0
294.0
294.0
242.0
242.0
216.0
242.0
216.0
216.0
164.0
188.0
214.0
190.0
190.0
190.0
188.0
188.0
195.0
190.0
185.0
216.0
240.0
240.0
240.0
221.0
214.0
221.0
221.0
221.0
221.0
247.0
221.0
190.0
164.0
211.0
221.0
195.0
195.0
211.0
199.0
199.0
193.0
581.0
893.0
893.0
945.0
867.0
919.0
919.0
919.0
919.0
763.0
555.0
425.0
373.0
295.0
245.0
269.0
217.0
243.0
217.0
217.0
217.0
217.0
217.0
321.0
607.0
867.0
893.0
919.0
819.0
893.0
893.0
897.0
897.0
741.0
533.0
403.0
351.0
299.0
247.0
273.0
221.0
221.0
221.0
207.0
221.0
221.0
221.0
325.0
611.0
871.0
871.0
923.0
819.0
871.0
897.0
845.0
871.0
741.0
507.0
377.0
351.0
273.0
247.0
273.0
221.0
195.0
221.0
221.0
221.0
195.0
221.0
351.0
611.0
853.0
871.0
923.0
853.0
897.0
897.0
897.0
845.0
715.0
507.0
429.0
359.0
271.0
245.0
278.0
226.0
217.0
217.0
217.0
191.0
191.0
217.0
373.0
581.0
841.0
893.0
919.0
815.0
867.0
867.0
867.0
867.0
715.0
507.0
377.0
351.0
271.0
271.0
271.0
221.0
221.0
221.0
221.0
221.0
221.0
221.0
221.0
263.0
299.0
299.0
351.0
269.0
292.0
294.0
292.0
295.0
269.0
217.0
217.0
217.0
191.0
217.0
169.0
169.0
195.0
221.0
195.0
195.0
214.0
192.0
195.0
221.0
247.0
274.0
274.0
240.0
242.0
274.0
266.0
266.0
242.0
242.0
247.0
221.0
221.0
221.0
167.0
195.0
221.0
193.0
193.0
219.0
188.0
188.0
181.0
583.0
921.0
921.0
947.0
869.0
921.0
921.0
923.0
871.0
767.0
533.0
455.0
323.0
295.0
247.0
247.0
221.0
217.0
247.0
221.0
221.0
221.0
221.0
351.0
637.0
871.0
897.0
923.0
819.0
897.0
897.0
897.0
871.0
767.0
507.0
429.0
367.0
299.0
247.0
247.0
221.0
247.0
247.0
221.0
221.0
195.0
247.0
351.0
611.0
871.0
897.0
945.0
815.0
893.0
893.0
867.0
867.0
763.0
529.0
425.0
373.0
295.0
251.0
243.0
217.0
217.0
217.0
221.0
221.0
195.0
247.0
325.0
637.0
845.0
897.0
923.0
853.0
897.0
897.0
897.0
845.0
767.0
533.0
455.0
377.0
297.0
271.0
247.0
221.0
247.0
195.0
221.0
195.0
221.0
221.0
347.0
607.0
841.0
893.0
919.0
841.0
867.0
867.0
841.0
815.0
711.0
451.0
373.0
321.0
269.0
217.0
243.0
217.0
191.0
169.0
195.0
169.0
164.0
195.0
195.0
190.0
216.0
242.0
270.0
242.0
242.0
242.0
268.0
268.0
269.0
217.0
221.0
221.0
195.0
221.0
165.0
195.0
195.0
164.0
169.0
195.0
195.0
164.0
195.0
195.0
216.0
266.0
266.0
242.0
242.0
242.0
242.0
242.0
216.0
242.0
216.0
216.0
216.0
190.0
164.0
190.0
164.0
190.0
190.0
164.0
169.0
192.0
193.0
580.0
891.0
891.0
943.0
892.0
892.0
923.0
897.0
871.0
767.0
559.0
455.0
377.0
299.0
247.0
247.0
221.0
221.0
195.0
221.0
221.0
195.0
221.0
318.0
611.0
845.0
871.0
923.0
819.0
897.0
897.0
845.0
871.0
741.0
533.0
429.0
377.0
299.0
247.0
247.0
221.0
221.0
221.0
221.0
195.0
221.0
221.0
351.0
611.0
897.0
923.0
195.0
240.0
403.0
541.0
541.0
541.0
515.0
533.0
429.0
320.0
273.0
190.0
164.0
169.0
191.0
165.0
191.0
165.0
165.0
165.0
191.0
165.0
165.0
165.0
191.0
139.0
139.0
166.0
166.0
166.0
165.0
165.0
143.0
169.0
169.0
169.0
169.0
195.0
169.0
169.0
169.0
165.0
195.0
165.0
165.0
165.0
165.0
162.0
169.0
143.0
169.0
169.0
169.0
169.0
169.0
169.0
169.0
169.0
169.0
169.0
169.0
195.0
169.0
169.0
195.0
169.0
143.0
169.0
169.0
169.0
169.0
169.0
169.0
169.0
169.0
169.0
169.0
169.0
143.0
169.0
169.0
143.0
169.0
164.0
164.0
164.0
195.0
164.0
164.0
164.0
165.0
165.0
165.0
139.0
165.0
165.0
139.0
165.0
165.0
139.0
139.0
139.0
165.0
139.0
165.0
139.0
165.0
139.0
165.0
165.0
195.0
169.0
169.0
169.0
169.0
169.0
169.0
169.0
169.0
169.0
169.0
169.0
169.0
143.0
169.0
143.0
169.0
143.0
143.0
143.0
169.0
143.0
169.0
169.0
169.0
169.0
169.0
169.0
169.0
195.0
164.0
195.0
164.0
164.0
137.0
137.0
137.0
163.0
163.0
169.0
163.0
163.0
163.0
163.0
163.0
169.0
163.0
163.0
163.0
163.0
163.0
163.0
163.0
169.0
169.0
169.0
169.0
169.0
169.0
169.0
169.0
169.0
195.0
169.0
169.0
195.0
195.0
169.0
195.0
169.0
195.0
195.0
195.0
169.0
169.0
169.0
169.0
195.0
143.0
195.0
169.0
169.0
169.0
169.0
503.0
633.0
670.0
659.0
659.0
685.0
633.0
659.0
633.0
503.0
399.0
295.0
243.0
244.0
217.0
217.0
217.0
191.0
191.0
191.0
217.0
217.0
191.0
325.0
581.0
841.0
841.0
841.0
789.0
815.0
815.0
815.0
789.0
711.0
451.0
347.0
306.0
266.0
217.0
217.0
217.0
221.0
221.0
195.0
195.0
221.0
221.0
325.0
611.0
845.0
845.0
897.0
819.0
871.0
871.0
871.0
819.0
741.0
481.0
375.0
297.0
245.0
247.0
221.0
221.0
221.0
221.0
221.0
221.0
221.0
221.0
351.0
611.0
819.0
845.0
863.0
793.0
871.0
841.0
841.0
815.0
685.0
399.0
321.0
269.0
243.0
217.0
217.0
217.0
217.0
217.0
217.0
217.0
213.0
217.0
195.0
217.0
217.0
217.0
217.0
217.0
217.0
217.0
217.0
217.0
221.0
247.0
221.0
221.0
221.0
195.0
169.0
191.0
191.0
191.0
217.0
217.0
217.0
217.0
344.0
685.0
945.0
945.0
971.0
893.0
945.0
945.0
945.0
919.0
819.0
585.0
429.0
351.0
299.0
273.0
221.0
221.0
221.0
221.0
221.0
241.0
215.0
215.0
345.0
657.0
943.0
943.0
995.0
917.0
969.0
943.0
969.0
917.0
813.0
553.0
449.0
345.0
293.0
269.0
215.0
241.0
215.0
215.0
215.0
215.0
215.0
215.0
345.0
657.0
943.0
945.0
997.0
945.0
971.0
945.0
945.0
919.0
789.0
555.0
425.0
349.0
297.0
271.0
219.0
245.0
219.0
219.0
219.0
219.0
219.0
219.0
349.0
661.0
949.0
970.0
996.0
908.0
949.0
944.0
923.0
918.0
789.0
529.0
451.0
373.0
295.0
243.0
217.0
243.0
217.0
217.0
217.0
219.0
221.0
221.0
351.0
637.0
923.0
949.0
1001.0
897.0
949.0
917.0
917.0
917.0
787.0
553.0
397.0
345.0
295.0
217.0
217.0
217.0
243.0
217.0
217.0
191.0
217.0
191.0
191.0
217.0
243.0
295.0
269.0
243.0
269.0
269.0
269.0
269.0
217.0
269.0
217.0
217.0
215.0
215.0
163.0
215.0
189.0
215.0
215.0
214.0
232.0
188.0
215.0
215.0
241.0
241.0
241.0
266.0
266.0
242.0
242.0
266.0
242.0
266.0
242.0
216.0
216.0
221.0
163.0
215.0
215.0
215.0
215.0
214.0
214.0
214.0
318.0
607.0
919.0
997.0
1023.0
919.0
949.0
949.0
943.0
943.0
787.0
579.0
449.0
345.0
286.0
267.0
215.0
241.0
241.0
241.0
241.0
241.0
215.0
215.0
371.0
657.0
943.0
969.0
995.0
917.0
969.0
943.0
917.0
917.0
787.0
527.0
423.0
345.0
293.0
267.0
267.0
241.0
241.0
241.0
215.0
241.0
241.0
215.0
371.0
657.0
917.0
943.0
995.0
891.0
943.0
943.0
917.0
891.0
819.0
559.0
455.0
377.0
325.0
273.0
273.0
237.0
247.0
247.0
221.0
241.0
241.0
215.0
351.0
579.0
917.0
943.0
943.0
891.0
917.0
891.0
891.0
891.0
787.0
553.0
449.0
345.0
319.0
247.0
273.0
247.0
247.0
221.0
247.0
221.0
215.0
241.0
345.0
605.0
865.0
917.0
943.0
839.0
893.0
893.0
867.0
867.0
737.0
529.0
399.0
347.0
269.0
252.0
272.0
217.0
217.0
217.0
191.0
217.0
217.0
217.0
195.0
221.0
219.0
219.0
245.0
245.0
247.0
245.0
271.0
245.0
245.0
245.0
219.0
247.0
221.0
221.0
169.0
221.0
195.0
219.0
193.0
219.0
219.0
217.0
195.0
219.0
219.0
223.0
245.0
245.0
245.0
245.0
245.0
245.0
255.0
245.0
219.0
245.0
219.0
219.0
163.0
215.0
241.0
215.0
241.0
217.0
217.0
195.0
188.0
581.0
893.0
919.0
969.0
917.0
943.0
943.0
943.0
923.0
793.0
533.0
481.0
403.0
325.0
273.0
273.0
247.0
247.0
247.0
243.0
243.0
217.0
243.0
347.0
581.0
893.0
945.0
975.0
897.0
923.0
919.0
897.0
897.0
767.0
559.0
429.0
373.0
295.0
269.0
269.0
243.0
243.0
217.0
243.0
217.0
243.0
221.0
351.0
585.0
871.0
897.0
949.0
891.0
891.0
891.0
891.0
865.0
761.0
527.0
397.0
345.0
293.0
267.0
241.0
241.0
241.0
215.0
241.0
241.0
215.0
241.0
345.0
579.0
891.0
917.0
943.0
871.0
897.0
897.0
897.0
871.0
767.0
507.0
403.0
347.0
295.0
269.0
243.0
243.0
243.0
217.0
217.0
217.0
217.0
217.0
347.0
555.0
893.0
919.0
945.0
867.0
897.0
897.0
897.0
891.0
761.0
533.0
403.0
351.0
299.0
273.0
247.0
221.0
221.0
221.0
195.0
221.0
221.0
221.0
195.0
221.0
247.0
218.0
244.0
247.0
221.0
247.0
247.0
247.0
247.0
247.0
221.0
247.0
221.0
221.0
169.0
217.0
217.0
217.0
191.0
191.0
191.0
218.0
192.0
217.0
217.0
243.0
266.0
243.0
241.0
270.0
215.0
241.0
241.0
215.0
215.0
241.0
215.0
215.0
177.0
221.0
221.0
189.0
215.0
189.0
217.0
217.0
188.0
579.0
917.0
969.0
969.0
917.0
958.0
943.0
917.0
917.0
787.0
564.0
423.0
319.0
267.0
241.0
241.0
215.0
215.0
215.0
215.0
215.0
191.0
241.0
325.0
637.0
897.0
949.0
949.0
871.0
923.0
923.0
897.0
897.0
767.0
507.0
429.0
349.0
295.0
245.0
243.0
219.0
245.0
245.0
245.0
219.0
245.0
273.0
351.0
377.0
897.0
923.0
949.0
871.0
897.0
897.0
871.0
865.0
735.0
501.0
376.0
371.0
319.0
241.0
267.0
215.0
241.0
215.0
243.0
243.0
217.0
243.0
321.0
607.0
867.0
893.0
919.0
867.0
893.0
867.0
893.0
867.0
763.0
529.0
451.0
377.0
325.0
247.0
273.0
247.0
221.0
221.0
221.0
247.0
247.0
221.0
377.0
611.0
897.0
923.0
945.0
893.0
893.0
893.0
893.0
867.0
763.0
529.0
399.0
347.0
321.0
269.0
269.0
217.0
191.0
217.0
217.0
217.0
217.0
217.0
195.0
247.0
247.0
243.0
246.0
272.0
273.0
273.0
273.0
246.0
247.0
221.0
247.0
221.0
221.0
195.0
169.0
195.0
195.0
195.0
191.0
195.0
195.0
191.0
191.0
221.0
221.0
247.0
240.0
240.0
240.0
266.0
214.0
240.0
258.0
240.0
240.0
214.0
214.0
214.0
162.0
191.0
191.0
217.0
191.0
191.0
191.0
165.0
188.0
578.0
890.0
916.0
968.0
864.0
916.0
916.0
916.0
890.0
786.0
526.0
474.0
388.0
318.0
760.0
578.0
474.0
370.0
292.0
266.0
240.0
214.0
214.0
240.0
214.0
214.0
213.0
214.0
370.0
656.0
871.0
890.0
949.0
871.0
897.0
897.0
897.0
874.0
767.0
533.0
455.0
377.0
325.0
273.0
247.0
221.0
195.0
221.0
195.0
195.0
195.0
195.0
273.0
299.0
351.0
325.0
351.0
317.0
317.0
317.0
343.0
317.0
291.0
273.0
265.0
239.0
247.0
221.0
169.0
195.0
221.0
221.0
201.0
195.0
197.0
213.0
195.0
195.0
247.0
221.0
247.0
266.0
240.0
221.0
240.0
240.0
214.0
240.0
240.0
240.0
214.0
221.0
169.0
187.0
213.0
187.0
224.0
187.0
187.0
218.0
344.0
629.0
889.0
923.0
1027.0
897.0
949.0
949.0
923.0
922.0
793.0
533.0
429.0
377.0
325.0
273.0
240.0
214.0
214.0
214.0
247.0
221.0
213.0
213.0
369.0
629.0
915.0
967.0
1045.0
915.0
941.0
941.0
915.0
915.0
785.0
525.0
447.0
395.0
317.0
239.0
239.0
213.0
213.0
213.0
213.0
213.0
213.0
213.0
369.0
655.0
863.0
941.0
993.0
889.0
915.0
923.0
923.0
897.0
767.0
533.0
442.0
369.0
325.0
265.0
239.0
221.0
221.0
216.0
216.0
216.0
190.0
216.0
372.0
606.0
892.0
918.0
944.0
840.0
892.0
892.0
892.0
866.0
767.0
507.0
403.0
377.0
325.0
273.0
247.0
221.0
221.0
222.0
247.0
221.0
221.0
221.0
351.0
611.0
871.0
897.0
923.0
819.0
867.0
867.0
867.0
837.0
707.0
473.0
369.0
317.0
265.0
187.0
239.0
187.0
213.0
187.0
213.0
213.0
161.0
187.0
187.0
213.0
265.0
265.0
291.0
291.0
265.0
265.0
239.0
265.0
242.0
216.0
242.0
190.0
216.0
191.0
169.0
195.0
221.0
221.0
217.0
217.0
191.0
217.0
191.0
247.0
266.0
325.0
348.0
322.0
291.0
291.0
265.0
265.0
265.0
243.0
243.0
243.0
217.0
217.0
165.0
187.0
187.0
187.0
187.0
213.0
191.0
191.0
192.0
585.0
889.0
915.0
975.0
889.0
949.0
923.0
923.0
897.0
793.0
533.0
429.0
325.0
273.0
221.0
247.0
195.0
195.0
195.0
221.0
191.0
191.0
191.0
371.0
605.0
839.0
891.0
943.0
865.0
871.0
897.0
897.0
871.0
741.0
507.0
455.0
351.0
273.0
216.0
242.0
216.0
190.0
190.0
216.0
190.0
216.0
216.0
346.0
632.0
866.0
918.0
944.0
840.0
892.0
897.0
923.0
897.0
767.0
507.0
455.0
351.0
273.0
247.0
247.0
221.0
195.0
195.0
195.0
195.0
195.0
221.0
351.0
611.0
897.0
923.0
949.0
871.0
923.0
934.0
923.0
897.0
793.0
533.0
455.0
351.0
273.0
273.0
247.0
221.0
221.0
221.0
221.0
221.0
247.0
243.0
373.0
633.0
919.0
945.0
997.0
893.0
945.0
919.0
893.0
893.0
763.0
503.0
399.0
321.0
269.0
240.0
243.0
217.0
214.0
217.0
189.0
217.0
191.0
217.0
188.0
240.0
240.0
240.0
266.0
266.0
266.0
266.0
240.0
240.0
240.0
214.0
240.0
214.0
221.0
221.0
169.0
195.0
221.0
221.0
185.0
221.0
191.0
211.0
185.0
214.0
240.0
266.0
266.0
266.0
240.0
266.0
266.0
240.0
240.0
240.0
240.0
214.0
188.0
188.0
162.0
188.0
188.0
188.0
188.0
185.0
185.0
211.0
344.0
630.0
916.0
968.0
994.0
942.0
942.0
942.0
942.0
942.0
793.0
559.0
455.0
341.0
299.0
240.0
240.0
214.0
247.0
195.0
247.0
221.0
195.0
221.0
377.0
637.0
923.0
955.0
975.0
897.0
923.0
923.0
897.0
897.0
737.0
527.0
425.0
373.0
295.0
269.0
243.0
217.0
243.0
191.0
217.0
191.0
191.0
221.0
351.0
611.0
845.0
897.0
949.0
845.0
897.0
897.0
897.0
871.0
767.0
507.0
403.0
351.0
299.0
273.0
247.0
221.0
221.0
195.0
221.0
195.0
162.0
214.0
370.0
578.0
890.0
916.0
942.0
864.0
890.0
864.0
890.0
864.0
734.0
448.0
370.0
344.0
292.0
240.0
240.0
214.0
188.0
162.0
188.0
221.0
191.0
195.0
377.0
689.0
845.0
897.0
949.0
871.0
897.0
897.0
897.0
845.0
715.0
455.0
351.0
299.0
221.0
247.0
247.0
195.0
195.0
221.0
195.0
195.0
221.0
195.0
169.0
187.0
196.0
196.0
196.0
213.0
187.0
187.0
213.0
187.0
213.0
213.0
213.0
187.0
213.0
213.0
161.0
187.0
213.0
187.0
195.0
195.0
195.0
185.0
185.0
195.0
221.0
237.0
247.0
247.0
240.0
240.0
214.0
214.0
188.0
214.0
215.0
191.0
189.0
185.0
165.0
217.0
191.0
191.0
191.0
191.0
185.0
191.0
159.0
217.0
191.0
243.0
243.0
217.0
217.0
243.0
243.0
217.0
217.0
217.0
225.0
217.0
191.0
217.0
165.0
217.0
191.0
191.0
169.0
185.0
185.0
185.0
204.0
657.0
943.0
969.0
1047.0
943.0
943.0
943.0
943.0
917.0
813.0
553.0
423.0
345.0
267.0
273.0
247.0
221.0
221.0
195.0
221.0
195.0
195.0
195.0
377.0
689.0
949.0
949.0
1001.0
923.0
949.0
923.0
923.0
923.0
793.0
533.0
429.0
377.0
299.0
247.0
247.0
221.0
195.0
221.0
195.0
221.0
195.0
247.0
377.0
689.0
923.0
969.0
1047.0
917.0
969.0
943.0
945.0
893.0
789.0
529.0
425.0
373.0
269.0
269.0
243.0
217.0
217.0
254.0
217.0
217.0
191.0
217.0
373.0
685.0
919.0
945.0
997.0
893.0
919.0
919.0
893.0
893.0
735.0
501.0
397.0
319.0
239.0
215.0
239.0
163.0
195.0
169.0
169.0
169.0
169.0
169.0
169.0
221.0
263.0
248.0
248.0
222.0
273.0
247.0
273.0
241.0
240.0
214.0
214.0
214.0
188.0
214.0
162.0
188.0
188.0
185.0
162.0
162.0
188.0
159.0
185.0
191.0
240.0
266.0
266.0
269.0
240.0
240.0
269.0
269.0
243.0
217.0
191.0
217.0
189.0
189.0
169.0
190.0
169.0
195.0
195.0
169.0
169.0
185.0
323.0
663.0
923.0
923.0
1001.0
897.0
960.0
923.0
949.0
897.0
761.0
501.0
449.0
371.0
293.0
267.0
267.0
215.0
215.0
241.0
215.0
189.0
215.0
215.0
373.0
659.0
919.0
971.0
1049.0
945.0
971.0
945.0
945.0
919.0
789.0
529.0
451.0
373.0
321.0
269.0
269.0
217.0
217.0
221.0
215.0
215.0
215.0
215.0
363.0
605.0
917.0
917.0
995.0
917.0
943.0
917.0
917.0
891.0
761.0
501.0
423.0
371.0
293.0
267.0
267.0
215.0
215.0
215.0
213.0
187.0
187.0
241.0
371.0
631.0
916.0
953.0
969.0
917.0
917.0
891.0
893.0
867.0
737.0
503.0
425.0
373.0
295.0
269.0
243.0
217.0
217.0
227.0
243.0
217.0
217.0
243.0
373.0
659.0
919.0
945.0
997.0
917.0
943.0
943.0
917.0
917.0
761.0
527.0
397.0
347.0
295.0
267.0
241.0
215.0
215.0
189.0
189.0
189.0
189.0
189.0
215.0
215.0
293.0
301.0
324.0
301.0
301.0
301.0
326.0
300.0
275.0
239.0
213.0
247.0
221.0
247.0
169.0
195.0
221.0
221.0
221.0
195.0
195.0
202.0
221.0
247.0
271.0
292.0
358.0
298.0
301.0
280.0
301.0
275.0
275.0
249.0
249.0
241.0
215.0
215.0
163.0
215.0
189.0
215.0
189.0
189.0
189.0
202.0
228.0
607.0
841.0
919.0
919.0
841.0
893.0
893.0
865.0
865.0
737.0
477.0
373.0
347.0
269.0
275.0
247.0
223.0
195.0
221.0
195.0
195.0
221.0
221.0
351.0
611.0
845.0
871.0
897.0
845.0
845.0
845.0
845.0
845.0
715.0
481.0
377.0
325.0
267.0
267.0
241.0
220.0
215.0
215.0
215.0
189.0
215.0
253.0
383.0
643.0
825.0
851.0
929.0
877.0
851.0
877.0
851.0
825.0
721.0
487.0
383.0
331.0
279.0
279.0
253.0
253.0
227.0
227.0
227.0
227.0
253.0
227.0
383.0
643.0
877.0
877.0
747.0
461.0
379.0
301.0
275.0
249.0
253.0
227.0
227.0
201.0
227.0
201.0
227.0
227.0
357.0
565.0
847.0
873.0
925.0
847.0
873.0
899.0
873.0
847.0
717.0
457.0
379.0
327.0
275.0
249.0
249.0
197.0
223.0
197.0
197.0
197.0
223.0
223.0
327.0
613.0
847.0
873.0
925.0
847.0
873.0
873.0
847.0
847.0
717.0
457.0
379.0
327.0
275.0
249.0
249.0
197.0
223.0
197.0
197.0
197.0
197.0
197.0
327.0
587.0
847.0
847.0
925.0
847.0
899.0
873.0
847.0
847.0
717.0
457.0
327.0
275.0
249.0
223.0
249.0
197.0
197.0
197.0
171.0
197.0
197.0
197.0
301.0
561.0
847.0
873.0
951.0
821.0
873.0
847.0
847.0
821.0
695.0
435.0
331.0
305.0
253.0
227.0
253.0
201.0
175.0
201.0
201.0
175.0
175.0
171.0
223.0
244.0
270.0
275.0
301.0
275.0
301.0
301.0
275.0
249.0
223.0
223.0
197.0
223.0
197.0
197.0
166.0
197.0
171.0
197.0
171.0
171.0
171.0
185.0
159.0
159.0
223.0
192.0
244.0
192.0
218.0
218.0
218.0
218.0
204.0
218.0
192.0
166.0
192.0
166.0
166.0
192.0
192.0
166.0
197.0
171.0
192.0
185.0
169.0
561.0
821.0
847.0
925.0
847.0
873.0
873.0
847.0
847.0
717.0
457.0
379.0
327.0
275.0
249.0
249.0
223.0
197.0
223.0
197.0
197.0
197.0
223.0
301.0
545.0
831.0
831.0
935.0
805.0
883.0
831.0
831.0
805.0
701.0
441.0
353.0
301.0
249.0
223.0
249.0
197.0
197.0
197.0
197.0
184.0
197.0
223.0
301.0
561.0
847.0
821.0
925.0
821.0
873.0
821.0
821.0
821.0
691.0
457.0
353.0
301.0
249.0
249.0
249.0
197.0
197.0
171.0
223.0
171.0
171.0
223.0
301.0
535.0
821.0
821.0
894.0
769.0
840.0
814.0
761.0
813.0
684.0
423.0
348.0
296.0
248.0
241.0
267.0
163.0
189.0
189.0
215.0
189.0
189.0
215.0
293.0
535.0
821.0
847.0
899.0
785.0
847.0
821.0
821.0
795.0
639.0
431.0
327.0
301.0
244.0
218.0
218.0
192.0
218.0
192.0
192.0
192.0
166.0
166.0
218.0
218.0
270.0
296.0
296.0
244.0
296.0
296.0
296.0
296.0
244.0
218.0
218.0
192.0
192.0
218.0
166.0
192.0
166.0
192.0
192.0
166.0
192.0
192.0
192.0
218.0
244.0
270.0
283.0
270.0
270.0
270.0
270.0
244.0
244.0
218.0
218.0
218.0
192.0
192.0
166.0
192.0
202.0
166.0
192.0
166.0
166.0
192.0
323.0
582.0
842.0
842.0
903.0
816.0
842.0
825.0
825.0
799.0
639.0
457.0
348.0
301.0
249.0
249.0
223.0
197.0
200.0
197.0
171.0
191.0
165.0
223.0
327.0
561.0
795.0
821.0
899.0
795.0
821.0
821.0
821.0
795.0
665.0
457.0
353.0
296.0
223.0
218.0
218.0
197.0
197.0
171.0
197.0
197.0
171.0
197.0
327.0
535.0
795.0
847.0
898.0
795.0
847.0
821.0
799.0
799.0
669.0
435.0
331.0
296.0
253.0
218.0
218.0
175.0
201.0
201.0
201.0
201.0
197.0
223.0
327.0
561.0
821.0
873.0
925.0
795.0
873.0
847.0
847.0
821.0
691.0
461.0
383.0
296.0
253.0
227.0
227.0
201.0
175.0
201.0
175.0
201.0
201.0
192.0
293.0
553.0
761.0
813.0
839.0
761.0
813.0
787.0
761.0
761.0
605.0
397.0
322.0
267.0
215.0
189.0
218.0
163.0
163.0
171.0
171.0
171.0
171.0
171.0
171.0
192.0
244.0
244.0
244.0
229.0
244.0
270.0
244.0
218.0
218.0
192.0
197.0
171.0
171.0
171.0
145.0
197.0
171.0
171.0
171.0
145.0
171.0
171.0
171.0
197.0
223.0
249.0
275.0
227.0
279.0
279.0
279.0
279.0
279.0
201.0
175.0
189.0
175.0
175.0
175.0
175.0
175.0
175.0
175.0
149.0
175.0
171.0
159.0
504.0
816.0
821.0
899.0
821.0
873.0
873.0
847.0
847.0
353.0
795.0
379.0
327.0
249.0
223.0
223.0
197.0
197.0
197.0
197.0
197.0
197.0
197.0
291.0
561.0
821.0
847.0
925.0
821.0
873.0
873.0
847.0
811.0
691.0
457.0
379.0
305.0
253.0
227.0
227.0
201.0
201.0
201.0
201.0
201.0
175.0
227.0
305.0
561.0
821.0
847.0
899.0
821.0
847.0
821.0
821.0
795.0
691.0
457.0
353.0
275.0
249.0
249.0
223.0
197.0
197.0
197.0
197.0
197.0
197.0
223.0
301.0
535.0
821.0
847.0
835.0
296.0
842.0
824.0
816.0
816.0
668.0
426.0
356.0
304.0
278.0
226.0
226.0
226.0
200.0
200.0
200.0
200.0
200.0
200.0
304.0
538.0
798.0
824.0
876.0
824.0
850.0
824.0
824.0
798.0
694.0
460.0
356.0
304.0
174.0
200.0
226.0
252.0
184.0
174.0
200.0
200.0
174.0
163.0
163.0
192.0
218.0
270.0
244.0
270.0
270.0
244.0
270.0
270.0
265.0
400.0
189.0
267.0
163.0
187.0
175.0
175.0
149.0
201.0
175.0
167.0
149.0
201.0
213.0
201.0
227.0
227.0
249.0
223.0
223.0
244.0
265.0
275.0
265.0
275.0
223.0
135.0
171.0
239.0
171.0
197.0
197.0
197.0
161.0
193.0
301.0
162.0
301.0
266.0
866.0
740.0
348.0
795.0
847.0
821.0
821.0
769.0
665.0
431.0
353.0
275.0
201.0
227.0
227.0
201.0
201.0
201.0
175.0
197.0
192.0
201.0
270.0
497.0
793.0
793.0
871.0
767.0
845.0
819.0
793.0
767.0
611.0
429.0
351.0
273.0
247.0
221.0
216.0
190.0
164.0
190.0
164.0
164.0
171.0
197.0
275.0
509.0
795.0
769.0
847.0
743.0
821.0
769.0
795.0
769.0
613.0
457.0
327.0
301.0
275.0
249.0
223.0
197.0
197.0
171.0
171.0
197.0
171.0
197.0
301.0
535.0
821.0
249.0
861.0
764.0
847.0
821.0
804.0
804.0
665.0
466.0
379.0
327.0
247.0
232.0
232.0
201.0
201.0
175.0
201.0
169.0
195.0
197.0
291.0
509.0
821.0
821.0
899.0
795.0
847.0
821.0
821.0
795.0
665.0
405.0
327.0
275.0
223.0
197.0
218.0
201.0
201.0
175.0
175.0
201.0
159.0
201.0
175.0
192.0
296.0
296.0
322.0
270.0
296.0
296.0
296.0
296.0
308.0
230.0
230.0
204.0
204.0
204.0
178.0
204.0
204.0
178.0
204.0
204.0
178.0
204.0
204.0
230.0
273.0
301.0
334.0
275.0
308.0
334.0
301.0
301.0
275.0
249.0
223.0
223.0
197.0
197.0
171.0
197.0
197.0
171.0
197.0
163.0
189.0
189.0
285.0
523.0
813.0
813.0
891.0
813.0
839.0
839.0
839.0
779.0
649.0
441.0
363.0
285.0
207.0
207.0
207.0
181.0
181.0
155.0
181.0
155.0
181.0
207.0
285.0
519.0
812.0
805.0
857.0
753.0
805.0
831.0
805.0
779.0
675.0
441.0
363.0
311.0
233.0
207.0
231.0
181.0
205.0
205.0
205.0
205.0
205.0
205.0
283.0
517.0
751.0
777.0
855.0
803.0
803.0
803.0
777.0
777.0
621.0
429.0
335.0
273.0
221.0
221.0
169.0
195.0
195.0
192.0
195.0
195.0
169.0
195.0
299.0
478.0
685.0
763.0
741.0
753.0
715.0
741.0
715.0
715.0
611.0
455.0
351.0
325.0
273.0
247.0
190.0
190.0
190.0
190.0
190.0
216.0
164.0
138.0
268.0
143.0
677.0
793.0
819.0
779.0
767.0
741.0
715.0
793.0
637.0
351.0
273.0
247.0
195.0
247.0
195.0
195.0
143.0
169.0
275.0
171.0
249.0
171.0
166.0
202.0
244.0
244.0
270.0
218.0
244.0
244.0
244.0
244.0
218.0
218.0
192.0
192.0
192.0
166.0
166.0
155.0
161.0
161.0
187.0
161.0
187.0
161.0
161.0
161.0
213.0
213.0
239.0
246.0
217.0
217.0
217.0
217.0
191.0
191.0
201.0
175.0
175.0
175.0
175.0
175.0
201.0
175.0
157.0
227.0
155.0
206.0
227.0
201.0
227.0
201.0
171.0
197.0
197.0
197.0
197.0
175.0
201.0
201.0
188.0
188.0
240.0
246.0
266.0
246.0
266.0
266.0
246.0
266.0
221.0
221.0
195.0
169.0
195.0
195.0
179.0
162.0
205.0
179.0
195.0
169.0
169.0
195.0
211.0
483.0
613.0
767.0
821.0
761.0
798.0
787.0
798.0
772.0
657.0
449.0
345.0
293.0
241.0
215.0
163.0
163.0
166.0
166.0
175.0
175.0
192.0
166.0
280.0
538.0
779.0
779.0
839.0
727.0
779.0
779.0
753.0
753.0
631.0
452.0
345.0
319.0
267.0
215.0
163.0
163.0
163.0
166.0
189.0
163.0
163.0
189.0
275.0
500.0
753.0
779.0
813.0
717.0
757.0
757.0
757.0
753.0
639.0
431.0
353.0
301.0
249.0
249.0
171.0
171.0
166.0
166.0
166.0
166.0
166.0
191.0
269.0
493.0
757.0
727.0
805.0
712.0
757.0
753.0
774.0
727.0
634.0
426.0
348.0
322.0
270.0
218.0
166.0
192.0
166.0
192.0
166.0
166.0
166.0
166.0
259.0
483.0
727.0
753.0
779.0
686.0
753.0
727.0
735.0
738.0
608.0
371.0
348.0
296.0
241.0
218.0
163.0
166.0
162.0
166.0
163.0
188.0
166.0
166.0
166.0
176.0
211.0
185.0
211.0
185.0
211.0
211.0
211.0
211.0
211.0
185.0
200.0
179.0
205.0
179.0
179.0
205.0
179.0
158.0
179.0
179.0
179.0
179.0
179.0
179.0
181.0
181.0
181.0
207.0
181.0
181.0
207.0
181.0
185.0
181.0
181.0
155.0
181.0
181.0
155.0
155.0
171.0
171.0
155.0
171.0
171.0
171.0
171.0
171.0
200.0
185.0
207.0
252.0
226.0
226.0
226.0
211.0
211.0
185.0
185.0
205.0
179.0
205.0
179.0
200.0
200.0
200.0
163.0
179.0
200.0
155.0
155.0
467.0
675.0
691.0
795.0
717.0
779.0
779.0
753.0
769.0
673.0
483.0
353.0
275.0
275.0
223.0
171.0
192.0
192.0
166.0
171.0
201.0
201.0
166.0
285.0
513.0
757.0
757.0
825.0
721.0
757.0
763.0
789.0
763.0
639.0
452.0
353.0
296.0
249.0
223.0
171.0
192.0
192.0
166.0
197.0
171.0
197.0
191.0
269.0
509.0
789.0
789.0
847.0
743.0
815.0
795.0
821.0
795.0
665.0
457.0
353.0
301.0
275.0
249.0
171.0
197.0
197.0
197.0
191.0
191.0
191.0
191.0
269.0
503.0
780.0
783.0
847.0
763.0
814.0
815.0
819.0
789.0
665.0
457.0
353.0
275.0
223.0
197.0
171.0
171.0
145.0
166.0
145.0
153.0
145.0
171.0
145.0
176.0
185.0
185.0
185.0
185.0
211.0
200.0
185.0
211.0
182.0
182.0
182.0
156.0
171.0
156.0
156.0
145.0
165.0
165.0
171.0
145.0
139.0
165.0
139.0
139.0
160.0
165.0
182.0
165.0
191.0
191.0
191.0
191.0
165.0
191.0
191.0
165.0
165.0
145.0
171.0
145.0
171.0
171.0
145.0
145.0
139.0
171.0
143.0
483.0
789.0
821.0
873.0
769.0
818.0
821.0
821.0
795.0
665.0
457.0
353.0
327.0
249.0
223.0
197.0
181.0
181.0
155.0
171.0
181.0
171.0
181.0
285.0
493.0
798.0
805.0
839.0
727.0
805.0
798.0
798.0
753.0
665.0
431.0
348.0
296.0
244.0
218.0
192.0
166.0
192.0
166.0
166.0
191.0
170.0
191.0
269.0
503.0
763.0
763.0
847.0
737.0
763.0
763.0
789.0
763.0
636.0
431.0
296.0
269.0
223.0
244.0
192.0
166.0
192.0
166.0
171.0
166.0
171.0
188.0
269.0
503.0
760.0
760.0
816.0
717.0
760.0
762.0
754.0
728.0
639.0
431.0
353.0
270.0
249.0
218.0
192.0
182.0
188.0
156.0
188.0
162.0
188.0
188.0
292.0
526.0
760.0
760.0
821.0
717.0
786.0
786.0
760.0
743.0
639.0
431.0
301.0
270.0
223.0
218.0
192.0
166.0
162.0
162.0
162.0
162.0
162.0
166.0
166.0
170.0
196.0
196.0
196.0
196.0
214.0
214.0
185.0
214.0
188.0
190.0
188.0
188.0
162.0
165.0
165.0
165.0
191.0
171.0
145.0
165.0
165.0
165.0
165.0
165.0
191.0
217.0
191.0
217.0
217.0
217.0
217.0
217.0
217.0
191.0
191.0
191.0
165.0
191.0
171.0
145.0
191.0
171.0
171.0
171.0
145.0
188.0
259.0
497.0
757.0
766.0
818.0
717.0
795.0
769.0
766.0
766.0
636.0
428.0
350.0
298.0
246.0
220.0
194.0
165.0
162.0
173.0
165.0
159.0
160.0
200.0
243.0
503.0
737.0
737.0
795.0
717.0
743.0
754.0
743.0
717.0
639.0
457.0
350.0
275.0
249.0
220.0
194.0
171.0
190.0
164.0
173.0
185.0
173.0
190.0
268.0
483.0
743.0
743.0
797.0
717.0
771.0
743.0
762.0
743.0
613.0
431.0
353.0
275.0
249.0
197.0
197.0
171.0
197.0
165.0
165.0
185.0
165.0
191.0
269.0
431.0
639.0
738.0
815.0
686.0
763.0
763.0
783.0
763.0
665.0
457.0
353.0
327.0
257.0
218.0
192.0
166.0
192.0
191.0
165.0
200.0
156.0
191.0
269.0
529.0
738.0
789.0
816.0
738.0
772.0
772.0
798.0
751.0
639.0
431.0
327.0
283.0
223.0
205.0
205.0
179.0
205.0
179.0
179.0
179.0
179.0
179.0
166.0
196.0
263.0
263.0
274.0
274.0
263.0
278.0
278.0
278.0
252.0
217.0
217.0
191.0
191.0
191.0
171.0
171.0
190.0
164.0
190.0
164.0
164.0
164.0
164.0
190.0
242.0
237.0
237.0
226.0
263.0
263.0
263.0
263.0
208.0
182.0
208.0
182.0
182.0
156.0
156.0
156.0
156.0
182.0
156.0
156.0
156.0
182.0
259.0
478.0
754.0
792.0
832.0
754.0
818.0
790.0
754.0
780.0
665.0
454.0
379.0
298.0
246.0
220.0
194.0
171.0
192.0
182.0
185.0
185.0
185.0
182.0
301.0
494.0
757.0
754.0
818.0
740.0
795.0
772.0
753.0
743.0
639.0
431.0
353.0
301.0
246.0
223.0
194.0
166.0
192.0
165.0
185.0
185.0
185.0
191.0
295.0
529.0
763.0
789.0
844.0
743.0
789.0
789.0
789.0
789.0
639.0
457.0
301.0
275.0
249.0
220.0
194.0
165.0
174.0
174.0
185.0
174.0
174.0
191.0
269.0
529.0
771.0
789.0
844.0
740.0
825.0
815.0
815.0
789.0
688.0
454.0
350.0
324.0
272.0
220.0
194.0
168.0
194.0
191.0
200.0
200.0
174.0
191.0
295.0
529.0
815.0
815.0
844.0
740.0
815.0
789.0
789.0
763.0
636.0
454.0
324.0
272.0
272.0
220.0
194.0
171.0
197.0
165.0
200.0
174.0
174.0
159.0
176.0
202.0
228.0
248.0
274.0
214.0
266.0
243.0
252.0
278.0
226.0
214.0
191.0
191.0
191.0
165.0
171.0
171.0
171.0
165.0
205.0
165.0
191.0
139.0
166.0
165.0
191.0
188.0
191.0
214.0
217.0
214.0
191.0
214.0
188.0
191.0
217.0
191.0
191.0
165.0
171.0
171.0
191.0
171.0
171.0
171.0
139.0
191.0
158.0
503.0
766.0
792.0
870.0
766.0
792.0
821.0
795.0
769.0
636.0
454.0
376.0
298.0
272.0
220.0
194.0
168.0
194.0
191.0
188.0
174.0
174.0
191.0
295.0
529.0
789.0
772.0
855.0
763.0
798.0
798.0
798.0
772.0
673.0
465.0
387.0
309.0
283.0
231.0
205.0
179.0
194.0
205.0
162.0
200.0
200.0
191.0
295.0
529.0
789.0
798.0
844.0
751.0
789.0
789.0
789.0
789.0
665.0
454.0
324.0
298.0
246.0
220.0
220.0
171.0
194.0
197.0
200.0
200.0
200.0
217.0
292.0
529.0
772.0
815.0
844.0
743.0
815.0
824.0
789.0
789.0
691.0
457.0
353.0
275.0
246.0
220.0
246.0
168.0
194.0
166.0
200.0
185.0
174.0
205.0
295.0
543.0
763.0
798.0
870.0
751.0
815.0
798.0
789.0
763.0
647.0
413.0
288.0
234.0
231.0
220.0
246.0
168.0
194.0
165.0
165.0
200.0
165.0
174.0
168.0
202.0
304.0
304.0
1003.0
925.0
951.0
925.0
899.0
891.0
789.0
527.0
345.0
267.0
241.0
220.0
272.0
228.0
194.0
220.0
217.0
243.0
186.0
217.0
194.0
202.0
254.0
254.0
254.0
248.0
259.0
264.0
264.0
238.0
238.0
264.0
212.0
238.0
216.0
238.0
165.0
191.0
217.0
217.0
217.0
191.0
217.0
204.0
217.0
217.0
217.0
217.0
207.0
269.0
292.0
240.0
240.0
240.0
252.0
240.0
240.0
217.0
217.0
217.0
165.0
217.0
218.0
218.0
192.0
217.0
217.0
217.0
318.0
633.0
948.0
974.0
1052.0
948.0
1000.0
1029.0
977.0
977.0
821.0
587.0
431.0
353.0
301.0
272.0
272.0
246.0
246.0
223.0
223.0
217.0
217.0
217.0
379.0
622.0
951.0
1003.0
1029.0
977.0
1003.0
977.0
951.0
977.0
841.0
561.0
431.0
353.0
301.0
249.0
261.0
236.0
223.0
249.0
217.0
217.0
217.0
217.0
353.0
639.0
925.0
951.0
1029.0
951.0
977.0
951.0
945.0
919.0
789.0
529.0
425.0
347.0
321.0
244.0
280.0
244.0
218.0
217.0
217.0
217.0
217.0
217.0
348.0
633.0
919.0
971.0
1049.0
945.0
969.0
969.0
943.0
917.0
841.0
527.0
423.0
345.0
293.0
272.0
280.0
272.0
220.0
249.0
249.0
223.0
223.0
223.0
379.0
613.0
925.0
951.0
1029.0
951.0
977.0
977.0
951.0
925.0
814.0
535.0
379.0
353.0
275.0
249.0
280.0
220.0
194.0
223.0
216.0
216.0
190.0
228.0
218.0
244.0
254.0
278.0
270.0
270.0
268.0
269.0
269.0
268.0
266.0
240.0
240.0
217.0
217.0
243.0
165.0
218.0
217.0
232.0
232.0
206.0
206.0
206.0
206.0
206.0
232.0
232.0
284.0
258.0
252.0
284.0
278.0
284.0
252.0
258.0
232.0
232.0
232.0
206.0
180.0
180.0
206.0
232.0
180.0
180.0
206.0
206.0
195.0
636.0
844.0
896.0
1003.0
951.0
948.0
1003.0
951.0
977.0
847.0
587.0
457.0
379.0
301.0
272.0
272.0
220.0
191.0
243.0
217.0
217.0
188.0
217.0
353.0
639.0
925.0
951.0
1055.0
951.0
977.0
1003.0
977.0
951.0
841.0
587.0
457.0
379.0
321.0
270.0
272.0
244.0
243.0
243.0
243.0
217.0
217.0
243.0
374.0
639.0
951.0
951.0
1055.0
951.0
977.0
977.0
951.0
951.0
815.0
613.0
405.0
379.0
350.0
246.0
280.0
246.0
243.0
243.0
217.0
240.0
240.0
217.0
373.0
633.0
945.0
971.0
1049.0
945.0
977.0
951.0
951.0
951.0
815.0
613.0
483.0
379.0
321.0
269.0
272.0
243.0
243.0
217.0
251.0
225.0
217.0
243.0
379.0
691.0
951.0
977.0
1055.0
951.0
1003.0
977.0
951.0
951.0
789.0
587.0
431.0
353.0
301.0
275.0
272.0
219.0
191.0
187.0
225.0
225.0
187.0
191.0
194.0
220.0
246.0
246.0
266.0
270.0
265.0
269.0
239.0
265.0
240.0
214.0
214.0
240.0
191.0
217.0
165.0
191.0
191.0
217.0
191.0
217.0
191.0
191.0
217.0
217.0
214.0
240.0
259.0
266.0
243.0
266.0
266.0
266.0
266.0
240.0
214.0
240.0
217.0
191.0
165.0
191.0
217.0
191.0
191.0
213.0
213.0
213.0
203.0
659.0
919.0
997.0
1023.0
945.0
997.0
971.0
997.0
945.0
815.0
529.0
425.0
347.0
295.0
269.0
246.0
217.0
243.0
217.0
239.0
217.0
239.0
217.0
373.0
633.0
919.0
997.0
1055.0
977.0
1003.0
977.0
951.0
951.0
847.0
595.0
439.0
361.0
298.0
272.0
246.0
246.0
228.0
231.0
217.0
216.0
216.0
217.0
387.0
647.0
945.0
997.0
1049.0
945.0
997.0
997.0
971.0
971.0
841.0
587.0
431.0
379.0
324.0
272.0
246.0
220.0
249.0
223.0
249.0
217.0
217.0
249.0
379.0
691.0
951.0
977.0
1055.0
951.0
1003.0
977.0
951.0
925.0
847.0
535.0
431.0
379.0
327.0
272.0
235.0
223.0
223.0
223.0
223.0
223.0
197.0
223.0
379.0
691.0
919.0
971.0
1049.0
945.0
971.0
971.0
945.0
919.0
815.0
529.0
425.0
347.0
269.0
246.0
246.0
217.0
191.0
191.0
217.0
217.0
199.0
217.0
220.0
228.0
222.0
272.0
248.0
272.0
246.0
277.0
277.0
246.0
220.0
252.0
220.0
252.0
194.0
220.0
168.0
194.0
194.0
194.0
194.0
194.0
225.0
199.0
199.0
225.0
220.0
239.0
265.0
277.0
239.0
277.0
252.0
265.0
213.0
265.0
239.0
251.0
199.0
225.0
173.0
199.0
225.0
199.0
199.0
199.0
199.0
199.0
181.0
623.0
951.0
987.0
1013.0
951.0
1003.0
977.0
1005.0
977.0
847.0
587.0
457.0
353.0
296.0
244.0
244.0
207.0
223.0
217.0
243.0
217.0
217.0
249.0
353.0
639.0
951.0
1003.0
1055.0
951.0
1003.0
951.0
977.0
951.0
841.0
587.0
419.0
353.0
295.0
272.0
243.0
220.0
217.0
217.0
243.0
243.0
217.0
217.0
373.0
633.0
919.0
945.0
1049.0
919.0
971.0
945.0
945.0
893.0
841.0
555.0
425.0
347.0
294.0
242.0
242.0
216.0
190.0
217.0
216.0
216.0
216.0
216.0
372.0
632.0
920.0
951.0
1055.0
951.0
951.0
951.0
925.0
899.0
795.0
535.0
379.0
353.0
301.0
246.0
249.0
217.0
217.0
191.0
217.0
191.0
225.0
191.0
373.0
607.0
894.0
919.0
1023.0
945.0
945.0
919.0
919.0
893.0
771.0
537.0
381.0
329.0
251.0
251.0
251.0
199.0
199.0
199.0
192.0
199.0
199.0
192.0
218.0
228.0
254.0
263.0
266.0
251.0
289.0
277.0
251.0
240.0
252.0
239.0
213.0
213.0
216.0
190.0
171.0
216.0
197.0
197.0
191.0
191.0
191.0
191.0
187.0
187.0
213.0
213.0
239.0
265.0
233.0
239.0
239.0
265.0
239.0
213.0
239.0
225.0
225.0
225.0
173.0
199.0
199.0
199.0
199.0
199.0
199.0
199.0
202.0
641.0
925.0
925.0
1055.0
945.0
945.0
997.0
971.0
945.0
815.0
529.0
451.0
347.0
295.0
244.0
243.0
243.0
191.0
243.0
191.0
217.0
191.0
217.0
347.0
633.0
920.0
945.0
1049.0
945.0
945.0
971.0
945.0
945.0
815.0
555.0
451.0
347.0
295.0
246.0
243.0
243.0
225.0
251.0
225.0
225.0
225.0
225.0
355.0
641.0
927.0
1005.0
1057.0
953.0
979.0
953.0
953.0
927.0
823.0
563.0
433.0
381.0
303.0
251.0
251.0
251.0
225.0
225.0
225.0
225.0
217.0
217.0
373.0
685.0
945.0
971.0
1049.0
945.0
945.0
945.0
937.0
919.0
815.0
529.0
399.0
347.0
298.0
246.0
257.0
249.0
243.0
191.0
191.0
217.0
191.0
231.0
379.0
639.0
951.0
951.0
1029.0
925.0
977.0
951.0
951.0
899.0
795.0
483.0
353.0
346.0
268.0
216.0
242.0
190.0
216.0
190.0
194.0
168.0
188.0
194.0
220.0
194.0
272.0
292.0
300.0
292.0
300.0
300.0
300.0
300.0
266.0
240.0
214.0
214.0
214.0
194.0
171.0
194.0
194.0
194.0
188.0
171.0
188.0
188.0
162.0
188.0
214.0
214.0
240.0
266.0
240.0
240.0
240.0
229.0
239.0
213.0
213.0
239.0
213.0
213.0
165.0
191.0
191.0
191.0
187.0
213.0
187.0
187.0
197.0
587.0
899.0
925.0
1003.0
951.0
951.0
951.0
925.0
899.0
795.0
561.0
457.0
324.0
272.0
246.0
246.0
246.0
220.0
189.0
216.0
216.0
194.0
216.0
346.0
606.0
918.0
944.0
996.0
918.0
979.0
979.0
944.0
953.0
840.0
528.0
450.0
346.0
298.0
242.0
242.0
216.0
216.0
216.0
216.0
216.0
216.0
242.0
379.0
613.0
951.0
1003.0
1055.0
951.0
1003.0
977.0
951.0
951.0
795.0
535.0
431.0
353.0
301.0
272.0
249.0
249.0
223.0
223.0
223.0
223.0
249.0
225.0
381.0
641.0
927.0
953.0
1057.0
953.0
953.0
953.0
953.0
927.0
823.0
537.0
433.0
381.0
329.0
251.0
251.0
251.0
225.0
225.0
188.0
188.0
223.0
197.0
171.0
171.0
197.0
171.0
197.0
197.0
197.0
171.0
197.0
169.0
613.0
873.0
873.0
951.0
873.0
899.0
870.0
899.0
873.0
743.0
457.0
376.0
298.0
272.0
246.0
246.0
220.0
220.0
223.0
220.0
192.0
223.0
251.0
355.0
615.0
833.0
901.0
953.0
849.0
901.0
875.0
901.0
875.0
745.0
537.0
405.0
350.0
275.0
272.0
246.0
220.0
220.0
220.0
246.0
220.0
249.0
249.0
327.0
584.0
831.0
870.0
899.0
847.0
867.0
844.0
844.0
841.0
711.0
451.0
376.0
324.0
272.0
269.0
246.0
220.0
194.0
220.0
220.0
194.0
191.0
194.0
194.0
194.0
220.0
244.0
270.0
270.0
244.0
218.0
270.0
244.0
270.0
244.0
244.0
244.0
218.0
192.0
218.0
218.0
192.0
218.0
192.0
201.0
192.0
192.0
192.0
574.0
886.0
886.0
938.0
860.0
912.0
912.0
886.0
886.0
782.0
548.0
444.0
376.0
324.0
272.0
246.0
246.0
246.0
220.0
220.0
192.0
192.0
210.0
314.0
548.0
834.0
896.0
886.0
808.0
860.0
867.0
867.0
841.0
763.0
503.0
425.0
350.0
295.0
269.0
243.0
217.0
217.0
210.0
216.0
216.0
190.0
210.0
314.0
574.0
834.0
886.0
938.0
808.0
886.0
886.0
886.0
860.0
756.0
496.0
418.0
366.0
296.0
262.0
277.0
251.0
225.0
225.0
225.0
218.0
192.0
217.0
321.0
563.0
875.0
901.0
927.0
849.0
901.0
875.0
875.0
849.0
763.0
537.0
407.0
355.0
303.0
277.0
251.0
225.0
225.0
225.0
225.0
225.0
225.0
225.0
329.0
563.0
849.0
875.0
901.0
849.0
823.0
849.0
823.0
823.0
719.0
511.0
381.0
329.0
261.0
251.0
251.0
251.0
225.0
199.0
201.0
210.0
201.0
205.0
199.0
220.0
220.0
218.0
244.0
270.0
253.0
253.0
279.0
253.0
279.0
253.0
253.0
227.0
253.0
227.0
227.0
201.0
227.0
227.0
201.0
201.0
201.0
201.0
201.0
201.0
227.0
227.0
253.0
279.0
253.0
253.0
227.0
253.0
227.0
227.0
227.0
201.0
227.0
227.0
217.0
227.0
191.0
201.0
201.0
227.0
175.0
201.0
188.0
581.0
847.0
912.0
938.0
860.0
899.0
899.0
860.0
860.0
756.0
470.0
381.0
355.0
269.0
251.0
251.0
217.0
217.0
194.0
217.0
194.0
210.0
210.0
340.0
548.0
834.0
926.0
938.0
860.0
886.0
886.0
886.0
860.0
756.0
496.0
392.0
350.0
272.0
246.0
246.0
220.0
220.0
220.0
220.0
220.0
210.0
210.0
366.0
574.0
860.0
933.0
938.0
881.0
907.0
908.0
907.0
881.0
763.0
517.0
407.0
329.0
277.0
246.0
251.0
251.0
251.0
225.0
225.0
225.0
223.0
223.0
355.0
563.0
873.0
899.0
951.0
847.0
899.0
899.0
899.0
873.0
763.0
477.0
399.0
350.0
295.0
269.0
235.0
220.0
243.0
217.0
220.0
217.0
191.0
217.0
321.0
563.0
849.0
901.0
953.0
823.0
901.0
875.0
875.0
875.0
745.0
510.0
381.0
354.0
251.0
224.0
250.0
224.0
172.0
224.0
198.0
198.0
198.0
198.0
198.0
224.0
250.0
268.0
246.0
272.0
242.0
242.0
242.0
216.0
252.0
216.0
216.0
190.0
190.0
216.0
216.0
216.0
191.0
165.0
191.0
216.0
188.0
188.0
188.0
214.0
240.0
240.0
240.0
240.0
240.0
240.0
214.0
240.0
214.0
214.0
214.0
214.0
191.0
191.0
217.0
191.0
191.0
165.0
188.0
188.0
188.0
188.0
188.0
574.0
882.0
882.0
960.0
882.0
908.0
901.0
901.0
927.0
756.0
563.0
433.0
381.0
277.0
244.0
244.0
192.0
192.0
218.0
192.0
217.0
191.0
217.0
321.0
607.0
894.0
893.0
919.0
867.0
867.0
893.0
867.0
893.0
789.0
555.0
451.0
348.0
275.0
244.0
244.0
192.0
218.0
220.0
194.0
223.0
223.0
197.0
353.0
613.0
821.0
873.0
899.0
821.0
873.0
899.0
873.0
847.0
788.0
509.0
457.0
353.0
298.0
246.0
246.0
220.0
220.0
220.0
194.0
242.0
220.0
243.0
361.0
555.0
867.0
907.0
959.0
881.0
907.0
907.0
907.0
881.0
762.0
543.0
413.0
387.0
309.0
283.0
283.0
251.0
231.0
231.0
205.0
217.0
217.0
217.0
327.0
561.0
847.0
899.0
899.0
847.0
873.0
899.0
899.0
873.0
763.0
535.0
405.0
327.0
301.0
272.0
269.0
220.0
220.0
194.0
217.0
217.0
191.0
191.0
194.0
220.0
269.0
243.0
243.0
242.0
242.0
242.0
256.0
256.0
256.0
242.0
216.0
216.0
216.0
216.0
216.0
216.0
224.0
190.0
216.0
216.0
190.0
190.0
190.0
216.0
268.0
242.0
242.0
242.0
276.0
250.0
276.0
268.0
250.0
250.0
250.0
224.0
224.0
224.0
224.0
198.0
198.0
190.0
190.0
165.0
190.0
190.0
191.0
588.0
899.0
899.0
926.0
849.0
874.0
875.0
901.0
875.0
771.0
537.0
433.0
380.0
286.0
250.0
272.0
220.0
220.0
194.0
220.0
216.0
216.0
197.0
327.0
561.0
847.0
873.0
951.0
821.0
873.0
886.0
872.0
860.0
762.0
543.0
457.0
374.0
296.0
244.0
270.0
218.0
244.0
218.0
218.0
191.0
217.0
191.0
347.0
581.0
841.0
867.0
945.0
841.0
867.0
899.0
873.0
873.0
789.0
535.0
431.0
379.0
296.0
275.0
275.0
250.0
224.0
224.0
218.0
217.0
218.0
223.0
355.0
615.0
849.0
875.0
953.0
849.0
901.0
901.0
901.0
901.0
762.0
563.0
451.0
381.0
303.0
244.0
277.0
218.0
218.0
218.0
218.0
194.0
194.0
225.0
355.0
589.0
886.0
901.0
953.0
849.0
901.0
901.0
901.0
875.0
763.0
537.0
407.0
321.0
243.0
220.0
269.0
194.0
220.0
220.0
191.0
191.0
191.0
191.0
168.0
220.0
246.0
272.0
246.0
246.0
272.0
272.0
282.0
300.0
300.0
282.0
244.0
220.0
218.0
218.0
218.0
218.0
218.0
218.0
182.0
182.0
182.0
182.0
182.0
208.0
260.0
282.0
274.0
308.0
308.0
322.0
322.0
300.0
300.0
256.0
230.0
230.0
191.0
191.0
217.0
232.0
180.0
191.0
165.0
191.0
191.0
188.0
185.0
555.0
847.0
899.0
925.0
847.0
899.0
925.0
899.0
873.0
769.0
561.0
457.0
348.0
322.0
244.0
244.0
218.0
218.0
218.0
221.0
216.0
216.0
223.0
327.0
561.0
899.0
899.0
953.0
814.0
901.0
901.0
875.0
901.0
762.0
537.0
451.0
351.0
273.0
247.0
251.0
221.0
195.0
221.0
221.0
221.0
221.0
223.0
340.0
548.0
847.0
899.0
922.0
815.0
870.0
899.0
873.0
870.0
763.0
548.0
451.0
376.0
264.0
246.0
246.0
220.0
246.0
220.0
220.0
220.0
216.0
223.0
379.0
587.0
873.0
899.0
951.0
847.0
925.0
897.0
897.0
897.0
788.0
533.0
425.0
377.0
273.0
273.0
247.0
221.0
247.0
247.0
247.0
221.0
191.0
221.0
353.0
561.0
899.0
897.0
951.0
847.0
897.0
897.0
897.0
845.0
737.0
535.0
405.0
348.0
270.0
244.0
244.0
218.0
218.0
218.0
218.0
218.0
192.0
192.0
244.0
270.0
296.0
296.0
348.0
296.0
318.0
328.0
328.0
274.0
274.0
217.0
244.0
244.0
224.0
191.0
224.0
224.0
198.0
191.0
191.0
217.0
191.0
191.0
217.0
190.0
216.0
216.0
242.0
216.0
242.0
244.0
244.0
216.0
242.0
216.0
242.0
217.0
217.0
190.0
217.0
217.0
217.0
217.0
217.0
191.0
217.0
190.0
188.0
589.0
875.0
901.0
953.0
875.0
897.0
901.0
925.0
901.0
769.0
561.0
431.0
351.0
299.0
223.0
247.0
221.0
221.0
195.0
221.0
194.0
223.0
223.0
327.0
613.0
873.0
925.0
951.0
847.0
899.0
899.0
899.0
899.0
769.0
509.0
431.0
351.0
273.0
273.0
247.0
247.0
221.0
221.0
195.0
217.0
165.0
217.0
329.0
529.0
875.0
221.0
195.0
172.0
191.0
169.0
174.0
191.0
195.0
200.0
226.0
252.0
276.0
242.0
242.0
242.0
272.0
272.0
268.0
216.0
216.0
216.0
190.0
216.0
169.0
190.0
190.0
169.0
169.0
190.0
190.0
164.0
190.0
190.0
216.0
268.0
268.0
242.0
244.0
244.0
244.0
244.0
217.0
243.0
217.0
217.0
217.0
191.0
171.0
191.0
171.0
191.0
191.0
171.0
165.0
190.0
188.0
587.0
899.0
899.0
951.0
894.0
899.0
925.0
899.0
873.0
762.0
561.0
457.0
379.0
296.0
244.0
244.0
218.0
218.0
192.0
218.0
225.0
199.0
225.0
329.0
615.0
842.0
875.0
927.0
815.0
893.0
894.0
841.0
867.0
737.0
529.0
425.0
373.0
295.0
247.0
247.0
221.0
224.0
221.0
221.0
191.0
217.0
217.0
347.0
607.0
893.0
919.0
938.0
834.0
897.0
897.0
897.0
860.0
763.0
522.0
418.0
314.0
273.0
247.0
247.0
218.0
218.0
221.0
192.0
195.0
223.0
223.0
327.0
587.0
899.0
925.0
951.0
847.0
899.0
888.0
899.0
873.0
763.0
587.0
472.0
380.0
299.0
266.0
247.0
224.0
221.0
238.0
212.0
223.0
223.0
223.0
379.0
669.0
873.0
899.0
951.0
873.0
899.0
899.0
888.0
873.0
763.0
535.0
457.0
368.0
316.0
273.0
247.0
221.0
197.0
212.0
199.0
199.0
191.0
196.0
275.0
295.0
353.0
327.0
350.0
320.0
318.0
321.0
348.0
322.0
300.0
275.0
270.0
244.0
244.0
223.0
171.0
197.0
223.0
217.0
191.0
191.0
191.0
216.0
191.0
191.0
243.0
217.0
243.0
270.0
244.0
217.0
244.0
244.0
217.0
243.0
243.0
243.0
217.0
217.0
173.0
191.0
217.0
191.0
217.0
191.0
191.0
217.0
344.0
641.0
901.0
927.0
1031.0
888.0
940.0
953.0
927.0
927.0
797.0
537.0
420.0
368.0
316.0
264.0
238.0
212.0
212.0
212.0
238.0
212.0
223.0
223.0
379.0
639.0
925.0
977.0
1055.0
925.0
951.0
951.0
925.0
925.0
789.0
535.0
457.0
405.0
327.0
249.0
247.0
223.0
223.0
223.0
223.0
223.0
223.0
223.0
379.0
665.0
868.0
953.0
1005.0
901.0
927.0
927.0
927.0
901.0
763.0
537.0
459.0
381.0
329.0
270.0
244.0
218.0
218.0
223.0
223.0
223.0
197.0
223.0
379.0
613.0
899.0
925.0
951.0
847.0
899.0
899.0
899.0
873.0
763.0
509.0
405.0
379.0
327.0
270.0
244.0
218.0
218.0
218.0
249.0
223.0
223.0
223.0
353.0
613.0
873.0
899.0
925.0
821.0
873.0
874.0
857.0
841.0
717.0
477.0
386.0
327.0
276.0
197.0
250.0
198.0
224.0
198.0
223.0
223.0
171.0
197.0
198.0
217.0
269.0
262.0
300.0
300.0
269.0
269.0
243.0
276.0
250.0
217.0
247.0
191.0
223.0
191.0
171.0
197.0
223.0
223.0
217.0
217.0
189.0
217.0
191.0
247.0
269.0
321.0
353.0
325.0
295.0
295.0
269.0
273.0
269.0
247.0
247.0
247.0
221.0
221.0
173.0
199.0
199.0
199.0
191.0
217.0
189.0
189.0
181.0
589.0
901.0
927.0
979.0
901.0
953.0
927.0
927.0
901.0
782.0
522.0
418.0
327.0
272.0
220.0
246.0
194.0
194.0
192.0
223.0
197.0
201.0
197.0
383.0
613.0
847.0
899.0
951.0
873.0
873.0
899.0
899.0
873.0
743.0
509.0
457.0
357.0
279.0
227.0
253.0
227.0
201.0
201.0
227.0
197.0
223.0
223.0
353.0
639.0
873.0
925.0
951.0
847.0
899.0
899.0
925.0
899.0
763.0
509.0
457.0
357.0
272.0
246.0
246.0
227.0
201.0
201.0
197.0
190.0
184.0
223.0
340.0
600.0
886.0
912.0
944.0
866.0
918.0
918.0
918.0
886.0
789.0
522.0
451.0
346.0
272.0
272.0
242.0
220.0
216.0
216.0
217.0
217.0
258.0
249.0
379.0
633.0
925.0
951.0
1003.0
899.0
951.0
925.0
899.0
899.0
763.0
509.0
405.0
327.0
275.0
246.0
246.0
220.0
220.0
223.0
197.0
223.0
197.0
223.0
192.0
253.0
253.0
243.0
279.0
270.0
270.0
279.0
243.0
253.0
244.0
227.0
244.0
218.0
218.0
218.0
166.0
201.0
218.0
227.0
191.0
217.0
191.0
217.0
191.0
217.0
253.0
279.0
279.0
279.0
244.0
270.0
270.0
244.0
244.0
244.0
244.0
218.0
191.0
191.0
171.0
201.0
191.0
191.0
191.0
191.0
191.0
217.0
353.0
643.0
929.0
981.0
1007.0
955.0
955.0
955.0
955.0
955.0
795.0
561.0
457.0
357.0
305.0
246.0
246.0
227.0
253.0
201.0
249.0
223.0
197.0
223.0
379.0
639.0
925.0
951.0
977.0
899.0
925.0
925.0
899.0
899.0
737.0
535.0
433.0
381.0
299.0
273.0
247.0
221.0
247.0
199.0
223.0
189.0
201.0
223.0
353.0
613.0
847.0
899.0
951.0
847.0
894.0
899.0
899.0
873.0
761.0
509.0
405.0
353.0
300.0
275.0
244.0
223.0
223.0
197.0
223.0
197.0
166.0
223.0
379.0
587.0
899.0
925.0
951.0
873.0
899.0
875.0
901.0
875.0
745.0
451.0
381.0
355.0
298.0
246.0
249.0
222.0
199.0
175.0
201.0
225.0
201.0
201.0
373.0
691.0
847.0
903.0
951.0
873.0
894.0
899.0
899.0
841.0
710.0
451.0
353.0
296.0
218.0
244.0
244.0
192.0
192.0
218.0
192.0
192.0
218.0
192.0
162.0
188.0
188.0
188.0
188.0
214.0
190.0
190.0
216.0
190.0
217.0
217.0
216.0
191.0
216.0
216.0
165.0
191.0
216.0
191.0
191.0
191.0
191.0
191.0
191.0
191.0
217.0
243.0
243.0
249.0
249.0
249.0
223.0
217.0
191.0
217.0
217.0
191.0
191.0
191.0
171.0
217.0
201.0
201.0
191.0
191.0
191.0
191.0
165.0
217.0
191.0
253.0
253.0
227.0
227.0
253.0
253.0
227.0
227.0
227.0
227.0
217.0
191.0
217.0
171.0
217.0
191.0
191.0
163.0
191.0
191.0
191.0
191.0
665.0
951.0
977.0
1055.0
951.0
951.0
946.0
951.0
925.0
821.0
561.0
433.0
354.0
276.0
276.0
250.0
225.0
225.0
199.0
225.0
199.0
199.0
199.0
381.0
693.0
953.0
953.0
1005.0
927.0
953.0
927.0
927.0
925.0
789.0
535.0
431.0
374.0
296.0
244.0
244.0
218.0
197.0
223.0
197.0
223.0
191.0
249.0
379.0
691.0
925.0
977.0
1055.0
925.0
977.0
951.0
951.0
899.0
789.0
535.0
431.0
374.0
270.0
270.0
244.0
223.0
223.0
249.0
223.0
223.0
197.0
223.0
379.0
691.0
925.0
951.0
1005.0
899.0
925.0
925.0
899.0
899.0
743.0
509.0
405.0
327.0
240.0
223.0
249.0
156.0
189.0
163.0
163.0
166.0
166.0
166.0
163.0
215.0
274.0
241.0
244.0
215.0
267.0
248.0
267.0
241.0
244.0
216.0
225.0
216.0
197.0
223.0
171.0
197.0
196.0
191.0
165.0
165.0
191.0
165.0
191.0
191.0
253.0
275.0
275.0
279.0
253.0
253.0
279.0
279.0
253.0
227.0
191.0
225.0
191.0
191.0
173.0
199.0
173.0
199.0
191.0
165.0
165.0
191.0
318.0
667.0
927.0
927.0
1005.0
901.0
953.0
927.0
953.0
899.0
769.0
509.0
457.0
383.0
305.0
279.0
279.0
227.0
223.0
249.0
223.0
197.0
223.0
223.0
379.0
665.0
925.0
977.0
1055.0
951.0
977.0
951.0
951.0
925.0
789.0
535.0
457.0
379.0
320.0
272.0
268.0
216.0
223.0
223.0
218.0
216.0
223.0
216.0
379.0
613.0
918.0
925.0
1003.0
925.0
951.0
925.0
925.0
899.0
763.0
509.0
431.0
380.0
302.0
276.0
276.0
224.0
224.0
223.0
223.0
198.0
198.0
249.0
379.0
639.0
925.0
951.0
977.0
925.0
925.0
899.0
899.0
873.0
737.0
509.0
431.0
379.0
301.0
275.0
249.0
223.0
223.0
223.0
249.0
223.0
223.0
249.0
379.0
665.0
925.0
951.0
1003.0
925.0
951.0
951.0
925.0
224.0
247.0
199.0
251.0
251.0
251.0
251.0
257.0
257.0
355.0
517.0
803.0
841.0
873.0
803.0
803.0
763.0
768.0
751.0
665.0
457.0
405.0
353.0
301.0
275.0
275.0
275.0
275.0
301.0
275.0
275.0
309.0
309.0
379.0
503.0
717.0
763.0
841.0
743.0
763.0
763.0
737.0
737.0
665.0
457.0
402.0
350.0
324.0
324.0
298.0
223.0
194.0
220.0
194.0
220.0
191.0
217.0
326.0
535.0
847.0
847.0
919.0
818.0
847.0
847.0
841.0
841.0
717.0
477.0
379.0
324.0
272.0
246.0
220.0
220.0
198.0
224.0
224.0
224.0
224.0
223.0
327.0
561.0
821.0
873.0
926.0
822.0
874.0
874.0
874.0
874.0
718.0
458.0
354.0
276.0
276.0
250.0
224.0
172.0
172.0
172.0
172.0
171.0
171.0
171.0
171.0
194.0
272.0
300.0
295.0
299.0
269.0
269.0
269.0
273.0
269.0
217.0
217.0
191.0
191.0
191.0
171.0
171.0
171.0
171.0
171.0
165.0
165.0
165.0
165.0
191.0
268.0
269.0
295.0
276.0
294.0
302.0
302.0
276.0
276.0
224.0
224.0
198.0
198.0
198.0
172.0
172.0
198.0
198.0
190.0
191.0
196.0
191.0
292.0
483.0
744.0
795.0
847.0
795.0
821.0
814.0
762.0
769.0
665.0
431.0
351.0
299.0
275.0
273.0
218.0
218.0
192.0
218.0
192.0
192.0
201.0
201.0
295.0
535.0
737.0
794.0
847.0
769.0
825.0
794.0
794.0
795.0
678.0
483.0
377.0
325.0
247.0
247.0
224.0
224.0
195.0
221.0
195.0
195.0
195.0
195.0
268.0
517.0
789.0
820.0
907.0
788.0
840.0
820.0
820.0
803.0
699.0
456.0
361.0
298.0
272.0
246.0
220.0
220.0
194.0
194.0
194.0
194.0
205.0
205.0
309.0
517.0
815.0
855.0
933.0
829.0
881.0
855.0
847.0
829.0
717.0
477.0
379.0
350.0
246.0
246.0
220.0
220.0
220.0
194.0
194.0
197.0
197.0
197.0
327.0
587.0
847.0
873.0
925.0
821.0
873.0
847.0
847.0
821.0
717.0
457.0
327.0
283.0
231.0
205.0
179.0
205.0
179.0
179.0
205.0
179.0
179.0
205.0
179.0
192.0
299.0
309.0
309.0
257.0
309.0
296.0
296.0
309.0
283.0
231.0
205.0
205.0
205.0
171.0
171.0
197.0
171.0
171.0
197.0
171.0
175.0
175.0
175.0
196.0
253.0
227.0
253.0
227.0
253.0
253.0
253.0
253.0
227.0
227.0
201.0
201.0
227.0
201.0
175.0
201.0
175.0
197.0
171.0
191.0
171.0
191.0
178.0
565.0
847.0
873.0
951.0
847.0
899.0
873.0
899.0
877.0
747.0
461.0
380.0
302.0
276.0
250.0
224.0
198.0
224.0
198.0
198.0
198.0
205.0
205.0
335.0
569.0
881.0
907.0
959.0
855.0
881.0
907.0
881.0
855.0
751.0
451.0
380.0
309.0
272.0
246.0
210.0
217.0
191.0
191.0
191.0
217.0
191.0
191.0
321.0
569.0
907.0
907.0
959.0
855.0
907.0
907.0
881.0
855.0
719.0
456.0
374.0
296.0
270.0
244.0
244.0
218.0
218.0
218.0
192.0
190.0
198.0
216.0
327.0
561.0
847.0
873.0
944.0
814.0
899.0
899.0
873.0
873.0
717.0
535.0
431.0
350.0
279.0
253.0
253.0
201.0
201.0
201.0
201.0
205.0
179.0
231.0
335.0
569.0
855.0
881.0
933.0
825.0
881.0
867.0
841.0
856.0
721.0
513.0
383.0
331.0
253.0
227.0
253.0
175.0
201.0
201.0
175.0
165.0
165.0
191.0
195.0
195.0
273.0
273.0
295.0
273.0
299.0
299.0
299.0
299.0
273.0
221.0
216.0
223.0
197.0
197.0
171.0
197.0
197.0
171.0
197.0
191.0
164.0
165.0
196.0
191.0
217.0
249.0
249.0
223.0
269.0
269.0
243.0
243.0
217.0
191.0
191.0
191.0
191.0
191.0
165.0
165.0
191.0
191.0
165.0
165.0
165.0
196.0
188.0
555.0
841.0
867.0
945.0
841.0
893.0
867.0
867.0
867.0
710.0
461.0
357.0
305.0
279.0
253.0
253.0
201.0
201.0
201.0
201.0
175.0
201.0
217.0
321.0
561.0
847.0
873.0
951.0
829.0
907.0
907.0
907.0
881.0
751.0
451.0
383.0
305.0
279.0
242.0
242.0
190.0
190.0
190.0
190.0
197.0
190.0
217.0
327.0
613.0
847.0
899.0
951.0
853.0
899.0
899.0
873.0
847.0
717.0
457.0
328.0
276.0
250.0
250.0
250.0
198.0
224.0
198.0
194.0
194.0
194.0
221.0
329.0
611.0
907.0
933.0
985.0
881.0
933.0
907.0
907.0
841.0
737.0
451.0
347.0
295.0
246.0
253.0
253.0
227.0
201.0
227.0
201.0
197.0
201.0
201.0
321.0
561.0
873.0
899.0
925.0
834.0
847.0
773.0
756.0
756.0
574.0
366.0
305.0
279.0
253.0
253.0
253.0
192.0
166.0
166.0
192.0
166.0
165.0
165.0
192.0
218.0
244.0
270.0
244.0
218.0
218.0
244.0
218.0
244.0
218.0
191.0
191.0
166.0
191.0
166.0
166.0
192.0
166.0
166.0
192.0
140.0
165.0
145.0
191.0
217.0
244.0
270.0
270.0
268.0
247.0
221.0
247.0
231.0
205.0
191.0
205.0
231.0
179.0
179.0
179.0
162.0
179.0
205.0
179.0
179.0
179.0
190.0
195.0
569.0
829.0
829.0
907.0
855.0
855.0
855.0
855.0
829.0
690.0
491.0
361.0
309.0
253.0
227.0
253.0
201.0
201.0
201.0
201.0
201.0
227.0
201.0
347.0
569.0
855.0
855.0
933.0
855.0
881.0
855.0
855.0
855.0
699.0
457.0
353.0
301.0
244.0
223.0
249.0
223.0
194.0
194.0
191.0
191.0
191.0
217.0
321.0
548.0
834.0
860.0
938.0
834.0
886.0
860.0
886.0
834.0
717.0
483.0
382.0
301.0
278.0
249.0
249.0
197.0
197.0
217.0
191.0
191.0
217.0
217.0
321.0
555.0
893.0
893.0
945.0
841.0
893.0
907.0
893.0
867.0
711.0
456.0
373.0
321.0
269.0
283.0
238.0
257.0
194.0
220.0
227.0
227.0
201.0
227.0
357.0
617.0
877.0
903.0
959.0
851.0
903.0
903.0
903.0
851.0
721.0
460.0
351.0
273.0
224.0
250.0
250.0
198.0
198.0
198.0
198.0
198.0
198.0
198.0
198.0
248.0
276.0
302.0
302.0
328.0
328.0
328.0
328.0
302.0
250.0
250.0
224.0
224.0
224.0
198.0
172.0
198.0
198.0
198.0
198.0
196.0
196.0
165.0
196.0
250.0
276.0
302.0
302.0
302.0
302.0
302.0
302.0
328.0
276.0
250.0
250.0
224.0
224.0
198.0
172.0
198.0
198.0
198.0
224.0
172.0
196.0
196.0
195.0
588.0
873.0
925.0
1003.0
873.0
951.0
919.0
919.0
893.0
737.0
503.0
373.0
321.0
244.0
218.0
244.0
192.0
192.0
218.0
191.0
191.0
191.0
217.0
321.0
607.0
893.0
893.0
971.0
873.0
899.0
873.0
873.0
873.0
717.0
483.0
385.0
301.0
275.0
249.0
249.0
217.0
191.0
217.0
191.0
217.0
191.0
217.0
321.0
607.0
867.0
893.0
945.0
841.0
893.0
867.0
867.0
841.0
711.0
451.0
373.0
321.0
269.0
269.0
243.0
217.0
399.0
405.0
405.0
405.0
405.0
431.0
451.0
508.0
587.0
555.0
632.0
626.0
574.0
860.0
860.0
876.0
704.0
496.0
357.0
305.0
279.0
236.0
236.0
210.0
184.0
210.0
184.0
227.0
184.0
216.0
357.0
606.0
860.0
886.0
938.0
834.0
875.0
866.0
892.0
840.0
736.0
456.0
346.0
270.0
270.0
220.0
244.0
192.0
192.0
192.0
192.0
192.0
197.0
197.0
218.0
222.0
275.0
274.0
300.0
274.0
301.0
300.0
301.0
300.0
274.0
248.0
222.0
249.0
197.0
171.0
171.0
197.0
171.0
197.0
197.0
196.0
170.0
191.0
191.0
217.0
243.0
268.0
268.0
268.0
268.0
268.0
268.0
268.0
268.0
216.0
216.0
216.0
190.0
190.0
164.0
190.0
190.0
190.0
164.0
164.0
191.0
191.0
195.0
580.0
874.0
900.0
952.0
874.0
926.0
250.0
276.0
224.0
243.0
217.0
217.0
191.0
217.0
191.0
347.0
587.0
847.0
873.0
951.0
847.0
873.0
899.0
873.0
873.0
789.0
535.0
431.0
379.0
301.0
275.0
275.0
249.0
223.0
223.0
223.0
210.0
210.0
210.0
340.0
600.0
834.0
860.0
938.0
834.0
886.0
886.0
886.0
886.0
768.0
548.0
444.0
366.0
288.0
236.0
262.0
214.0
210.0
210.0
210.0
184.0
184.0
217.0
347.0
587.0
899.0
899.0
951.0
847.0
899.0
899.0
899.0
873.0
763.0
535.0
406.0
328.0
250.0
224.0
276.0
198.0
224.0
224.0
198.0
197.0
197.0
197.0
166.0
218.0
257.0
270.0
244.0
256.0
282.0
282.0
282.0
295.0
300.0
282.0
256.0
230.0
230.0
230.0
230.0
230.0
230.0
230.0
204.0
204.0
204.0
204.0
201.0
230.0
282.0
282.0
279.0
308.0
308.0
331.0
334.0
305.0
305.0
253.0
223.0
224.0
197.0
198.0
224.0
224.0
172.0
198.0
172.0
198.0
196.0
191.0
186.0
555.0
848.0
900.0
926.0
848.0
900.0
926.0
900.0
874.0
770.0
562.0
458.0
354.0
328.0
250.0
250.0
224.0
224.0
224.0
224.0
223.0
223.0
223.0
327.0
561.0
899.0
899.0
951.0
821.0
899.0
899.0
873.0
899.0
769.0
535.0
457.0
353.0
275.0
249.0
249.0
223.0
197.0
223.0
223.0
223.0
223.0
223.0
353.0
561.0
847.0
899.0
925.0
822.0
874.0
900.0
874.0
874.0
770.0
562.0
456.0
376.0
272.0
246.0
246.0
220.0
246.0
220.0
220.0
220.0
220.0
210.0
366.0
574.0
860.0
886.0
938.0
834.0
912.0
899.0
899.0
899.0
799.0
535.0
430.0
380.0
276.0
276.0
250.0
224.0
250.0
250.0
250.0
224.0
198.0
224.0
354.0
562.0
900.0
900.0
952.0
848.0
900.0
900.0
900.0
848.0
747.0
536.0
406.0
354.0
276.0
250.0
250.0
224.0
223.0
223.0
223.0
223.0
197.0
197.0
249.0
269.0
295.0
295.0
347.0
295.0
321.0
321.0
321.0
269.0
274.0
224.0
250.0
250.0
224.0
198.0
224.0
224.0
198.0
197.0
191.0
217.0
191.0
191.0
217.0
196.0
222.0
224.0
250.0
224.0
250.0
250.0
250.0
224.0
250.0
224.0
250.0
224.0
224.0
191.0
224.0
224.0
224.0
224.0
224.0
191.0
217.0
191.0
186.0
587.0
873.0
899.0
952.0
873.0
896.0
896.0
925.0
899.0
769.0
561.0
431.0
360.0
300.0
223.0
249.0
215.0
223.0
197.0
223.0
197.0
223.0
223.0
327.0
613.0
873.0
925.0
951.0
847.0
899.0
899.0
899.0
883.0
753.0
493.0
423.0
345.0
267.0
267.0
241.0
241.0
215.0
215.0
189.0
215.0
163.0
215.0
319.0
527.0
865.0
865.0
891.0
813.0
865.0
865.0
839.0
865.0
761.0
475.0
397.0
345.0
293.0
215.0
241.0
215.0
224.0
224.0
198.0
224.0
224.0
198.0
354.0
561.0
873.0
865.0
943.0
813.0
891.0
865.0
891.0
839.0
735.0
501.0
449.0
371.0
293.0
250.0
241.0
215.0
223.0
197.0
197.0
197.0
197.0
223.0
327.0
561.0
899.0
899.0
925.0
821.0
873.0
821.0
769.0
795.0
639.0
461.0
380.0
328.0
276.0
250.0
250.0
224.0
224.0
198.0
224.0
224.0
198.0
224.0
224.0
222.0
293.0
293.0
328.0
328.0
319.0
319.0
324.0
324.0
293.0
246.0
215.0
241.0
241.0
189.0
215.0
189.0
215.0
189.0
189.0
191.0
191.0
217.0
217.0
191.0
217.0
241.0
244.0
244.0
244.0
244.0
244.0
244.0
244.0
270.0
244.0
218.0
244.0
218.0
218.0
218.0
192.0
218.0
192.0
218.0
192.0
192.0
192.0
582.0
868.0
894.0
972.0
868.0
894.0
894.0
894.0
868.0
782.0
548.0
418.0
374.0
270.0
244.0
250.0
224.0
198.0
231.0
231.0
231.0
231.0
231.0
335.0
595.0
899.0
899.0
951.0
821.0
899.0
899.0
899.0
899.0
763.0
587.0
484.0
354.0
302.0
250.0
250.0
224.0
224.0
198.0
224.0
224.0
223.0
223.0
327.0
633.0
899.0
899.0
951.0
873.0
899.0
899.0
899.0
899.0
769.0
535.0
456.0
350.0
272.0
246.0
283.0
231.0
205.0
231.0
205.0
257.0
205.0
231.0
328.0
614.0
874.0
926.0
952.0
848.0
926.0
900.0
900.0
900.0
763.0
535.0
432.0
354.0
276.0
250.0
275.0
249.0
197.0
223.0
197.0
223.0
223.0
223.0
301.0
561.0
899.0
951.0
951.0
873.0
899.0
899.0
899.0
873.0
743.0
509.0
402.0
324.0
298.0
272.0
272.0
220.0
220.0
194.0
194.0
197.0
197.0
197.0
223.0
217.0
243.0
269.0
295.0
246.0
298.0
272.0
272.0
298.0
246.0
250.0
250.0
224.0
224.0
224.0
224.0
198.0
224.0
198.0
198.0
201.0
191.0
191.0
227.0
215.0
267.0
267.0
267.0
267.0
273.0
267.0
267.0
267.0
267.0
241.0
241.0
220.0
220.0
220.0
220.0
246.0
194.0
220.0
194.0
220.0
227.0
191.0
227.0
588.0
926.0
900.0
948.0
870.0
896.0
922.0
896.0
896.0
792.0
584.0
454.0
376.0
298.0
272.0
272.0
246.0
220.0
220.0
194.0
194.0
220.0
158.0
366.0
574.0
860.0
912.0
938.0
860.0
912.0
886.0
891.0
886.0
761.0
527.0
449.0
345.0
302.0
276.0
276.0
250.0
250.0
250.0
224.0
224.0
250.0
250.0
380.0
614.0
874.0
900.0
926.0
848.0
900.0
874.0
848.0
874.0
773.0
606.0
506.0
376.0
324.0
324.0
283.0
246.0
283.0
257.0
231.0
220.0
246.0
257.0
376.0
584.0
855.0
870.0
896.0
821.0
847.0
821.0
873.0
847.0
769.0
613.0
509.0
379.0
328.0
301.0
276.0
250.0
250.0
276.0
276.0
250.0
250.0
250.0
380.0
588.0
848.0
848.0
900.0
822.0
848.0
822.0
839.0
813.0
743.0
509.0
431.0
345.0
327.0
275.0
249.0
197.0
223.0
197.0
197.0
197.0
197.0
197.0
216.0
249.0
295.0
321.0
353.0
324.0
350.0
350.0
350.0
350.0
324.0
272.0
246.0
214.0
220.0
224.0
224.0
191.0
217.0
191.0
191.0
191.0
196.0
196.0
217.0
246.0
246.0
272.0
298.0
298.0
298.0
298.0
272.0
300.0
272.0
246.0
246.0
220.0
220.0
194.0
220.0
223.0
223.0
275.0
275.0
275.0
295.0
275.0
347.0
295.0
789.0
841.0
874.0
796.0
847.0
841.0
815.0
847.0
795.0
639.0
561.0
353.0
327.0
327.0
327.0
272.0
220.0
246.0
272.0
246.0
246.0
246.0
324.0
617.0
896.0
922.0
948.0
886.0
948.0
948.0
938.0
886.0
799.0
574.0
482.0
380.0
354.0
302.0
276.0
250.0
224.0
224.0
224.0
224.0
223.0
223.0
379.0
613.0
925.0
925.0
951.0
899.0
951.0
922.0
922.0
896.0
766.0
558.0
398.0
346.0
299.0
247.0
273.0
247.0
221.0
221.0
221.0
220.0
194.0
220.0
376.0
610.0
870.0
896.0
948.0
844.0
866.0
892.0
861.0
840.0
762.0
502.0
398.0
346.0
268.0
268.0
242.0
242.0
216.0
216.0
216.0
216.0
216.0
242.0
346.0
632.0
840.0
892.0
918.0
874.0
900.0
900.0
874.0
874.0
744.0
484.0
380.0
324.0
272.0
220.0
246.0
194.0
220.0
220.0
194.0
194.0
194.0
199.0
194.0
227.0
227.0
220.0
220.0
246.0
220.0
246.0
220.0
220.0
246.0
220.0
246.0
220.0
220.0
196.0
222.0
220.0
191.0
196.0
196.0
196.0
196.0
196.0
222.0
170.0
222.0
250.0
276.0
250.0
250.0
250.0
273.0
247.0
273.0
273.0
269.0
246.0
246.0
246.0
220.0
194.0
220.0
220.0
220.0
191.0
217.0
196.0
196.0
633.0
919.0
974.0
996.0
892.0
944.0
944.0
918.0
892.0
762.0
528.0
450.0
346.0
268.0
242.0
242.0
223.0
476.0
476.0
476.0
476.0
476.0
476.0
528.0
617.0
658.0
658.0
679.0
710.0
684.0
299.0
294.0
268.0
268.0
268.0
242.0
242.0
242.0
216.0
216.0
164.0
190.0
190.0
190.0
190.0
216.0
185.0
196.0
205.0
580.0
892.0
918.0
970.0
892.0
944.0
918.0
926.0
900.0
796.0
536.0
432.0
324.0
272.0
220.0
246.0
194.0
194.0
194.0
220.0
194.0
194.0
194.0
376.0
607.0
841.0
893.0
945.0
867.0
867.0
893.0
893.0
867.0
737.0
503.0
451.0
347.0
269.0
224.0
250.0
224.0
198.0
198.0
223.0
197.0
223.0
223.0
353.0
639.0
873.0
925.0
951.0
847.0
899.0
896.0
925.0
896.0
766.0
506.0
454.0
350.0
272.0
246.0
242.0
216.0
190.0
190.0
190.0
190.0
190.0
216.0
358.0
606.0
892.0
918.0
944.0
866.0
918.0
918.0
918.0
892.0
788.0
528.0
461.0
346.0
268.0
268.0
242.0
216.0
216.0
216.0
216.0
223.0
249.0
249.0
372.0
640.0
926.0
952.0
1000.0
896.0
948.0
922.0
896.0
896.0
766.0
506.0
402.0
324.0
272.0
246.0
246.0
220.0
220.0
220.0
194.0
220.0
194.0
220.0
194.0
252.0
252.0
252.0
272.0
272.0
272.0
272.0
244.0
244.0
244.0
218.0
246.0
220.0
220.0
220.0
168.0
194.0
220.0
220.0
192.0
220.0
196.0
222.0
185.0
220.0
246.0
272.0
272.0
272.0
246.0
272.0
272.0
246.0
246.0
246.0
246.0
218.0
196.0
200.0
166.0
192.0
192.0
192.0
192.0
200.0
196.0
226.0
354.0
634.0
920.0
972.0
998.0
944.0
946.0
946.0
944.0
944.0
788.0
554.0
450.0
350.0
298.0
246.0
246.0
220.0
246.0
194.0
246.0
220.0
194.0
220.0
376.0
636.0
922.0
948.0
974.0
899.0
925.0
925.0
899.0
899.0
743.0
535.0
434.0
379.0
301.0
278.0
252.0
215.0
241.0
189.0
215.0
184.0
184.0
210.0
340.0
605.0
834.0
900.0
952.0
848.0
900.0
900.0
908.0
874.0
766.0
506.0
402.0
350.0
298.0
272.0
246.0
220.0
220.0
194.0
220.0
194.0
164.0
216.0
372.0
580.0
892.0
918.0
944.0
866.0
892.0
866.0
892.0
866.0
752.0
460.0
387.0
361.0
299.0
257.0
257.0
231.0
198.0
172.0
191.0
217.0
194.0
194.0
373.0
685.0
841.0
896.0
945.0
867.0
897.0
893.0
893.0
841.0
711.0
460.0
347.0
295.0
217.0
243.0
243.0
191.0
191.0
217.0
191.0
191.0
217.0
191.0
165.0
200.0
200.0
196.0
196.0
226.0
196.0
196.0
222.0
196.0
222.0
222.0
222.0
196.0
226.0
220.0
168.0
194.0
220.0
194.0
194.0
194.0
194.0
185.0
185.0
194.0
220.0
237.0
242.0
240.0
242.0
244.0
218.0
218.0
192.0
220.0
220.0
194.0
194.0
194.0
168.0
220.0
194.0
194.0
194.0
185.0
185.0
185.0
175.0
211.0
185.0
247.0
247.0
226.0
226.0
247.0
247.0
226.0
218.0
221.0
221.0
223.0
185.0
220.0
176.0
228.0
202.0
202.0
174.0
200.0
200.0
185.0
198.0
670.0
956.0
982.0
1053.0
951.0
949.0
951.0
951.0
925.0
821.0
561.0
431.0
347.0
278.0
269.0
243.0
217.0
217.0
191.0
217.0
191.0
191.0
191.0
373.0
685.0
945.0
945.0
1003.0
925.0
951.0
925.0
925.0
925.0
789.0
535.0
425.0
379.0
301.0
249.0
249.0
223.0
194.0
220.0
194.0
220.0
194.0
246.0
376.0
694.0
922.0
974.0
1052.0
922.0
974.0
948.0
948.0
902.0
798.0
538.0
434.0
382.0
278.0
278.0
252.0
226.0
226.0
252.0
226.0
226.0
200.0
226.0
382.0
700.0
934.0
960.0
1012.0
908.0
934.0
934.0
908.0
908.0
752.0
511.0
402.0
329.0
246.0
225.0
251.0
168.0
194.0
168.0
168.0
168.0
168.0
168.0
174.0
226.0
278.0
252.0
246.0
226.0
278.0
252.0
278.0
252.0
252.0
226.0
226.0
226.0
200.0
226.0
174.0
200.0
200.0
200.0
174.0
174.0
200.0
161.0
200.0
200.0
252.0
278.0
278.0
278.0
252.0
252.0
278.0
278.0
252.0
225.0
200.0
226.0
200.0
199.0
173.0
199.0
173.0
199.0
199.0
174.0
174.0
200.0
335.0
660.0
927.0
927.0
1005.0
901.0
953.0
927.0
953.0
901.0
771.0
511.0
459.0
381.0
303.0
277.0
277.0
225.0
225.0
251.0
225.0
199.0
225.0
225.0
381.0
667.0
927.0
966.0
1057.0
952.0
979.0
949.0
949.0
923.0
796.0
533.0
455.0
377.0
325.0
273.0
273.0
221.0
221.0
221.0
221.0
221.0
221.0
221.0
377.0
611.0
923.0
923.0
1001.0
923.0
956.0
930.0
930.0
904.0
774.0
514.0
428.0
371.0
298.0
272.0
280.0
220.0
220.0
220.0
220.0
194.0
194.0
246.0
376.0
636.0
922.0
948.0
974.0
922.0
922.0
896.0
896.0
870.0
740.0
506.0
428.0
376.0
298.0
272.0
250.0
224.0
224.0
224.0
250.0
218.0
218.0
244.0
374.0
660.0
920.0
946.0
998.0
920.0
946.0
956.0
930.0
925.0
774.0
535.0
410.0
358.0
294.0
268.0
249.0
223.0
221.0
195.0
195.0
195.0
195.0
195.0
221.0
226.0
298.0
298.0
324.0
298.0
298.0
299.0
325.0
299.0
273.0
247.0
221.0
247.0
221.0
247.0
169.0
195.0
221.0
221.0
221.0
185.0
185.0
200.0
218.0
244.0
270.0
295.0
348.0
296.0
296.0
270.0
296.0
270.0
270.0
244.0
244.0
244.0
218.0
218.0
166.0
218.0
192.0
218.0
194.0
200.0
200.0
200.0
221.0
608.0
842.0
920.0
926.0
848.0
900.0
900.0
874.0
874.0
744.0
484.0
380.0
348.0
270.0
270.0
242.0
218.0
192.0
218.0
192.0
192.0
216.0
216.0
346.0
606.0
842.0
866.0
894.0
842.0
842.0
847.0
842.0
842.0
712.0
480.0
376.0
324.0
272.0
272.0
246.0
220.0
220.0
220.0
220.0
194.0
220.0
246.0
376.0
640.0
822.0
848.0
926.0
874.0
848.0
863.0
837.0
811.0
707.0
473.0
369.0
317.0
265.0
265.0
239.0
239.0
213.0
213.0
213.0
213.0
239.0
213.0
381.0
641.0
837.0
863.0
927.0
875.0
901.0
849.0
844.0
844.0
714.0
506.0
376.0
324.0
324.0
246.0
246.0
246.0
246.0
220.0
194.0
220.0
225.0
225.0
355.0
667.0
901.0
875.0
953.0
875.0
901.0
849.0
875.0
849.0
719.0
511.0
367.0
315.0
263.0
237.0
237.0
211.0
211.0
211.0
211.0
187.0
213.0
187.0
187.0
196.0
226.0
222.0
222.0
226.0
226.0
226.0
226.0
226.0
226.0
218.0
226.0
200.0
244.0
226.0
174.0
200.0
218.0
218.0
218.0
200.0
200.0
200.0
200.0
200.0
226.0
249.0
275.0
249.0
249.0
223.0
249.0
252.0
226.0
252.0
226.0
252.0
226.0
226.0
174.0
226.0
200.0
200.0
200.0
226.0
200.0
226.0
205.0
658.0
918.0
996.0
1048.0
944.0
996.0
951.0
951.0
925.0
795.0
535.0
431.0
379.0
327.0
263.0
249.0
223.0
249.0
249.0
223.0
223.0
223.0
246.0
376.0
688.0
948.0
964.0
1055.0
951.0
977.0
951.0
949.0
925.0
769.0
507.0
403.0
353.0
301.0
247.0
247.0
221.0
221.0
221.0
221.0
247.0
194.0
220.0
350.0
662.0
930.0
951.0
1026.0
945.0
919.0
919.0
919.0
893.0
789.0
555.0
425.0
373.0
295.0
269.0
243.0
217.0
217.0
217.0
217.0
243.0
243.0
217.0
347.0
633.0
919.0
945.0
997.0
945.0
945.0
945.0
951.0
925.0
795.0
535.0
405.0
379.0
294.0
242.0
242.0
242.0
216.0
216.0
216.0
242.0
216.0
216.0
343.0
606.0
944.0
944.0
996.0
918.0
944.0
918.0
892.0
892.0
788.0
532.0
350.0
272.0
246.0
220.0
272.0
220.0
200.0
226.0
226.0
252.0
200.0
226.0
200.0
200.0
252.0
252.0
239.0
252.0
278.0
278.0
278.0
239.0
239.0
265.0
221.0
247.0
221.0
247.0
174.0
201.0
221.0
221.0
221.0
195.0
923.0
923.0
923.0
897.0
715.0
455.0
403.0
299.0
247.0
247.0
221.0
195.0
221.0
211.0
211.0
185.0
211.0
211.0
341.0
627.0
887.0
887.0
939.0
840.0
907.0
892.0
866.0
866.0
736.0
528.0
424.0
346.0
263.0
237.0
211.0
218.0
195.0
221.0
221.0
221.0
195.0
221.0
325.0
637.0
845.0
897.0
923.0
819.0
897.0
897.0
873.0
832.0
743.0
509.0
379.0
327.0
275.0
275.0
224.0
224.0
195.0
221.0
221.0
195.0
194.0
220.0
350.0
610.0
870.0
896.0
922.0
844.0
870.0
844.0
870.0
876.0
714.0
447.0
369.0
317.0
265.0
239.0
213.0
213.0
187.0
223.0
197.0
197.0
197.0
223.0
353.0
613.0
845.0
871.0
923.0
819.0
871.0
871.0
843.0
847.0
717.0
457.0
379.0
327.0
275.0
249.0
223.0
223.0
223.0
223.0
197.0
223.0
197.0
197.0
196.0
222.0
274.0
300.0
300.0
299.0
300.0
300.0
325.0
300.0
248.0
247.0
221.0
221.0
221.0
195.0
168.0
194.0
194.0
194.0
187.0
194.0
194.0
168.0
175.0
220.0
239.0
239.0
239.0
239.0
239.0
265.0
239.0
239.0
239.0
239.0
213.0
213.0
213.0
187.0
161.0
213.0
221.0
195.0
195.0
195.0
194.0
220.0
335.0
585.0
845.0
897.0
897.0
845.0
871.0
897.0
897.0
871.0
767.0
537.0
381.0
346.0
277.0
247.0
221.0
221.0
195.0
195.0
195.0
195.0
195.0
221.0
325.0
637.0
845.0
897.0
949.0
819.0
897.0
889.0
889.0
863.0
733.0
454.0
343.0
291.0
265.0
213.0
213.0
213.0
187.0
161.0
187.0
187.0
187.0
213.0
343.0
577.0
863.0
917.0
946.0
816.0
897.0
871.0
897.0
871.0
741.0
454.0
351.0
325.0
273.0
221.0
195.0
221.0
192.0
192.0
192.0
195.0
192.0
192.0
325.0
559.0
845.0
871.0
923.0
824.0
871.0
871.0
871.0
871.0
715.0
507.0
377.0
322.0
270.0
218.0
158.0
224.0
192.0
192.0
192.0
192.0
192.0
195.0
351.0
594.0
845.0
897.0
912.0
818.0
860.0
834.0
860.0
834.0
704.0
444.0
366.0
299.0
247.0
221.0
158.0
195.0
195.0
195.0
158.0
197.0
158.0
158.0
158.0
196.0
272.0
275.0
275.0
249.0
298.0
272.0
272.0
265.0
246.0
187.0
168.0
194.0
161.0
187.0
161.0
161.0
187.0
161.0
161.0
161.0
135.0
161.0
161.0
194.0
246.0
265.0
265.0
239.0
273.0
273.0
273.0
273.0
247.0
221.0
194.0
221.0
195.0
190.0
156.0
164.0
190.0
138.0
164.0
164.0
194.0
168.0
168.0
502.0
840.0
814.0
866.0
788.0
840.0
814.0
808.0
808.0
678.0
444.0
366.0
314.0
236.0
242.0
158.0
184.0
166.0
192.0
158.0
158.0
158.0
190.0
270.0
496.0
788.0
844.0
840.0
738.0
818.0
788.0
814.0
788.0
658.0
454.0
351.0
327.0
275.0
247.0
171.0
197.0
161.0
161.0
187.0
171.0
187.0
171.0
291.0
525.0
785.0
818.0
837.0
733.0
811.0
821.0
795.0
796.0
666.0
432.0
354.0
302.0
250.0
250.0
172.0
172.0
172.0
171.0
158.0
158.0
158.0
184.0
262.0
496.0
782.0
848.0
834.0
742.0
808.0
822.0
782.0
782.0
678.0
444.0
340.0
299.0
273.0
247.0
169.0
190.0
164.0
190.0
190.0
158.0
158.0
184.0
262.0
496.0
782.0
782.0
834.0
730.0
782.0
782.0
756.0
756.0
626.0
461.0
314.0
262.0
210.0
184.0
158.0
158.0
158.0
158.0
158.0
158.0
158.0
132.0
158.0
158.0
194.0
194.0
188.0
188.0
220.0
188.0
214.0
188.0
188.0
158.0
195.0
195.0
169.0
169.0
169.0
169.0
169.0
169.0
169.0
143.0
169.0
143.0
169.0
169.0
169.0
158.0
184.0
158.0
158.0
184.0
184.0
184.0
184.0
158.0
184.0
158.0
158.0
158.0
158.0
158.0
158.0
132.0
158.0
161.0
132.0
161.0
161.0
132.0
158.0
187.0
187.0
187.0
187.0
187.0
187.0
187.0
187.0
187.0
187.0
187.0
161.0
161.0
161.0
161.0
161.0
161.0
161.0
161.0
171.0
171.0
168.0
431.0
639.0
821.0
821.0
717.0
808.0
782.0
793.0
756.0
652.0
444.0
340.0
288.0
210.0
226.0
158.0
200.0
174.0
200.0
158.0
158.0
158.0
158.0
279.0
522.0
756.0
808.0
851.0
730.0
808.0
782.0
782.0
756.0
652.0
444.0
314.0
314.0
236.0
210.0
158.0
184.0
184.0
184.0
158.0
158.0
158.0
158.0
279.0
496.0
782.0
808.0
834.0
743.0
808.0
795.0
782.0
756.0
626.0
444.0
340.0
262.0
236.0
223.0
158.0
171.0
187.0
158.0
197.0
158.0
158.0
197.0
292.0
509.0
704.0
773.0
799.0
704.0
769.0
741.0
730.0
704.0
600.0
444.0
340.0
247.0
221.0
200.0
174.0
174.0
174.0
174.0
158.0
158.0
158.0
158.0
174.0
174.0
226.0
226.0
226.0
200.0
226.0
226.0
226.0
226.0
226.0
200.0
174.0
200.0
174.0
174.0
174.0
174.0
174.0
174.0
174.0
174.0
174.0
148.0
158.0
174.0
211.0
236.0
239.0
213.0
213.0
242.0
213.0
187.0
187.0
187.0
187.0
187.0
187.0
161.0
161.0
161.0
161.0
161.0
161.0
161.0
161.0
158.0
168.0
470.0
733.0
782.0
782.0
704.0
756.0
756.0
756.0
756.0
600.0
418.0
340.0
314.0
236.0
210.0
158.0
184.0
184.0
184.0
184.0
184.0
184.0
158.0
288.0
496.0
730.0
782.0
818.0
741.0
767.0
767.0
767.0
767.0
611.0
429.0
351.0
273.0
221.0
195.0
169.0
195.0
169.0
169.0
169.0
169.0
169.0
169.0
272.0
509.0
743.0
802.0
818.0
717.0
776.0
769.0
769.0
743.0
613.0
440.0
336.0
310.0
284.0
206.0
180.0
206.0
206.0
180.0
180.0
180.0
206.0
180.0
305.0
518.0
752.0
802.0
854.0
724.0
802.0
776.0
776.0
776.0
646.0
438.0
334.0
282.0
256.0
204.0
178.0
204.0
178.0
204.0
178.0
178.0
178.0
204.0
279.0
516.0
750.0
750.0
799.0
724.0
750.0
724.0
724.0
724.0
620.0
412.0
334.0
282.0
230.0
230.0
178.0
178.0
178.0
178.0
169.0
169.0
178.0
158.0
178.0
178.0
256.0
256.0
256.0
230.0
256.0
279.0
213.0
239.0
213.0
213.0
184.0
184.0
187.0
158.0
158.0
132.0
158.0
158.0
158.0
158.0
158.0
132.0
194.0
158.0
201.0
227.0
226.0
252.0
228.0
226.0
218.0
218.0
218.0
218.0
192.0
192.0
166.0
166.0
166.0
166.0
169.0
169.0
169.0
169.0
169.0
169.0
159.0
481.0
770.0
741.0
767.0
715.0
767.0
767.0
767.0
767.0
637.0
425.0
351.0
299.0
247.0
215.0
163.0
189.0
163.0
163.0
163.0
163.0
163.0
179.0
272.0
499.0
759.0
785.0
792.0
707.0
785.0
759.0
759.0
759.0
629.0
447.0
317.0
265.0
213.0
228.0
161.0
161.0
205.0
179.0
179.0
205.0
179.0
187.0
272.0
543.0
777.0
759.0
818.0
707.0
785.0
785.0
759.0
759.0
637.0
429.0
343.0
291.0
247.0
213.0
161.0
195.0
161.0
187.0
161.0
161.0
161.0
187.0
279.0
525.0
733.0
759.0
825.0
681.0
759.0
759.0
759.0
750.0
646.0
438.0
334.0
282.0
230.0
230.0
178.0
204.0
178.0
204.0
158.0
158.0
158.0
204.0
262.0
522.0
730.0
730.0
792.0
678.0
730.0
768.0
704.0
626.0
522.0
392.0
340.0
262.0
220.0
221.0
169.0
195.0
187.0
187.0
187.0
161.0
187.0
161.0
200.0
187.0
272.0
272.0
265.0
239.0
265.0
265.0
265.0
265.0
239.0
187.0
213.0
187.0
213.0
187.0
178.0
204.0
204.0
204.0
195.0
169.0
195.0
194.0
194.0
194.0
247.0
247.0
273.0
247.0
273.0
273.0
251.0
273.0
221.0
221.0
195.0
169.0
195.0
195.0
161.0
161.0
187.0
161.0
187.0
161.0
655.0
941.0
967.0
1045.0
941.0
941.0
941.0
941.0
915.0
811.0
548.0
421.0
343.0
273.0
273.0
247.0
221.0
221.0
195.0
221.0
184.0
184.0
184.0
366.0
678.0
938.0
938.0
990.0
912.0
938.0
912.0
912.0
912.0
803.0
543.0
439.0
380.0
305.0
253.0
253.0
227.0
201.0
227.0
201.0
227.0
201.0
253.0
383.0
695.0
929.0
981.0
1059.0
915.0
975.0
949.0
949.0
897.0
793.0
533.0
429.0
369.0
265.0
265.0
239.0
213.0
213.0
239.0
213.0
213.0
187.0
213.0
369.0
681.0
923.0
943.0
1001.0
886.0
912.0
912.0
886.0
886.0
730.0
496.0
403.0
325.0
256.0
215.0
241.0
163.0
189.0
163.0
163.0
163.0
163.0
158.0
159.0
220.0
272.0
246.0
239.0
220.0
272.0
246.0
272.0
246.0
244.0
220.0
218.0
218.0
183.0
218.0
166.0
204.0
201.0
201.0
178.0
178.0
204.0
178.0
204.0
201.0
256.0
282.0
282.0
282.0
256.0
256.0
282.0
282.0
256.0
230.0
204.0
230.0
200.0
200.0
174.0
200.0
174.0
200.0
184.0
163.0
163.0
194.0
331.0
657.0
912.0
912.0
990.0
897.0
949.0
923.0
949.0
897.0
767.0
507.0
455.0
377.0
299.0
273.0
273.0
221.0
221.0
247.0
221.0
195.0
221.0
221.0
377.0
663.0
923.0
975.0
1053.0
949.0
975.0
951.0
951.0
925.0
795.0
539.0
457.0
379.0
327.0
275.0
275.0
223.0
209.0
230.0
223.0
223.0
223.0
223.0
379.0
613.0
925.0
925.0
1003.0
925.0
951.0
925.0
925.0
897.0
767.0
496.0
418.0
366.0
288.0
275.0
275.0
223.0
223.0
223.0
221.0
195.0
195.0
247.0
366.0
637.0
923.0
949.0
975.0
923.0
913.0
906.0
897.0
871.0
741.0
507.0
433.0
381.0
286.0
277.0
239.0
225.0
225.0
225.0
251.0
225.0
225.0
251.0
381.0
667.0
927.0
953.0
1001.0
923.0
949.0
949.0
923.0
923.0
767.0
533.0
397.0
345.0
293.0
267.0
241.0
215.0
215.0
189.0
189.0
189.0
189.0
189.0
215.0
220.0
304.0
304.0
330.0
304.0
306.0
304.0
332.0
304.0
278.0
254.0
226.0
254.0
228.0
254.0
176.0
189.0
215.0
215.0
223.0
197.0
200.0
200.0
213.0
239.0
278.0
304.0
343.0
304.0
304.0
265.0
305.0
265.0
265.0
239.0
239.0
239.0
225.0
225.0
173.0
225.0
204.0
230.0
204.0
201.0
200.0
200.0
211.0
620.0
854.0
932.0
932.0
854.0
906.0
906.0
880.0
868.0
750.0
490.0
386.0
360.0
282.0
282.0
256.0
230.0
204.0
227.0
201.0
201.0
227.0
227.0
357.0
617.0
851.0
877.0
903.0
851.0
851.0
851.0
849.0
849.0
719.0
487.0
381.0
322.0
270.0
270.0
244.0
218.0
218.0
218.0
218.0
192.0
221.0
247.0
377.0
641.0
823.0
849.0
920.0
875.0
845.0
871.0
845.0
819.0
715.0
481.0
377.0
325.0
270.0
273.0
244.0
247.0
218.0
218.0
218.0
221.0
247.0
221.0
377.0
637.0
845.0
871.0
923.0
871.0
897.0
845.0
845.0
845.0
715.0
507.0
377.0
317.0
328.0
244.0
244.0
250.0
250.0
230.0
198.0
224.0
224.0
224.0
354.0
666.0
900.0
874.0
952.0
874.0
900.0
845.0
871.0
845.0
715.0
513.0
377.0
325.0
265.0
239.0
239.0
221.0
221.0
213.0
221.0
195.0
221.0
195.0
187.0
192.0
220.0
220.0
220.0
220.0
220.0
220.0
220.0
220.0
213.0
213.0
213.0
187.0
239.0
213.0
173.0
190.0
216.0
216.0
216.0
190.0
190.0
190.0
201.0
195.0
221.0
247.0
273.0
247.0
247.0
221.0
242.0
242.0
216.0
242.0
216.0
242.0
216.0
216.0
161.0
213.0
187.0
187.0
187.0
213.0
187.0
213.0
194.0
655.0
915.0
993.0
1045.0
941.0
993.0
941.0
941.0
927.0
797.0
537.0
433.0
381.0
329.0
277.0
251.0
225.0
244.0
251.0
225.0
225.0
225.0
251.0
381.0
693.0
953.0
979.0
1057.0
951.0
977.0
951.0
951.0
925.0
769.0
499.0
395.0
343.0
291.0
239.0
249.0
214.0
223.0
218.0
223.0
249.0
197.0
223.0
353.0
667.0
923.0
953.0
1031.0
942.0
927.0
927.0
927.0
901.0
793.0
559.0
429.0
372.0
294.0
268.0
242.0
216.0
216.0
216.0
216.0
242.0
242.0
216.0
346.0
632.0
918.0
944.0
996.0
949.0
949.0
949.0
949.0
933.0
803.0
543.0
400.0
374.0
301.0
244.0
244.0
235.0
209.0
218.0
224.0
250.0
209.0
209.0
353.0
621.0
951.0
951.0
1003.0
925.0
951.0
925.0
899.0
899.0
795.0
522.0
353.0
275.0
249.0
223.0
265.0
213.0
187.0
213.0
213.0
239.0
187.0
213.0
192.0
192.0
242.0
246.0
246.0
246.0
279.0
272.0
279.0
246.0
242.0
268.0
216.0
242.0
216.0
242.0
164.0
190.0
218.0
218.0
218.0
192.0
218.0
192.0
227.0
220.0
227.0
227.0
220.0
270.0
306.0
253.0
244.0
244.0
244.0
242.0
242.0
216.0
216.0
216.0
164.0
216.0
216.0
218.0
192.0
216.0
216.0
220.0
335.0
632.0
941.0
967.0
1045.0
941.0
993.0
1027.0
975.0
975.0
819.0
585.0
421.0
343.0
291.0
265.0
261.0
235.0
235.0
209.0
209.0
209.0
209.0
209.0
365.0
599.0
937.0
989.0
1015.0
975.0
1001.0
975.0
949.0
975.0
851.0
559.0
428.0
351.0
299.0
249.0
275.0
235.0
227.0
253.0
209.0
209.0
209.0
209.0
339.0
625.0
911.0
937.0
1015.0
937.0
963.0
937.0
937.0
911.0
781.0
521.0
417.0
339.0
313.0
235.0
261.0
235.0
209.0
209.0
209.0
209.0
216.0
216.0
346.0
632.0
918.0
970.0
1064.0
944.0
970.0
963.0
937.0
911.0
833.0
521.0
417.0
339.0
287.0
261.0
261.0
261.0
209.0
235.0
235.0
209.0
209.0
209.0
365.0
599.0
911.0
937.0
1015.0
949.0
975.0
975.0
949.0
915.0
819.0
525.0
369.0
343.0
265.0
239.0
265.0
213.0
187.0
213.0
213.0
213.0
187.0
213.0
213.0
239.0
239.0
265.0
265.0
279.0
279.0
279.0
279.0
261.0
261.0
235.0
235.0
209.0
209.0
235.0
157.0
209.0
209.0
209.0
209.0
190.0
194.0
194.0
194.0
194.0
220.0
220.0
268.0
244.0
244.0
270.0
270.0
270.0
244.0
244.0
218.0
210.0
220.0
192.0
166.0
166.0
192.0
218.0
166.0
166.0
192.0
194.0
194.0
637.0
845.0
897.0
993.0
949.0
941.0
1001.0
949.0
975.0
845.0
595.0
461.0
380.0
296.0
270.0
270.0
218.0
187.0
239.0
213.0
213.0
187.0
213.0
343.0
629.0
934.0
941.0
1045.0
949.0
975.0
1001.0
975.0
949.0
845.0
585.0
454.0
374.0
325.0
273.0
273.0
247.0
247.0
247.0
247.0
221.0
221.0
247.0
377.0
637.0
949.0
949.0
1053.0
949.0
975.0
975.0
958.0
949.0
819.0
611.0
400.0
374.0
348.0
244.0
270.0
244.0
244.0
244.0
218.0
244.0
253.0
227.0
383.0
643.0
955.0
981.0
1059.0
955.0
981.0
949.0
949.0
949.0
825.0
611.0
487.0
377.0
325.0
273.0
273.0
247.0
247.0
221.0
247.0
221.0
221.0
247.0
383.0
689.0
949.0
975.0
1053.0
949.0
1001.0
975.0
949.0
949.0
799.0
585.0
429.0
351.0
299.0
273.0
273.0
209.0
183.0
183.0
209.0
209.0
183.0
201.0
201.0
218.0
253.0
253.0
279.0
279.0
279.0
279.0
244.0
270.0
244.0
227.0
226.0
252.0
200.0
226.0
161.0
200.0
187.0
213.0
200.0
216.0
194.0
194.0
220.0
220.0
220.0
239.0
265.0
265.0
239.0
265.0
265.0
265.0
265.0
252.0
226.0
247.0
221.0
195.0
179.0
195.0
221.0
195.0
195.0
221.0
220.0
220.0
205.0
663.0
911.0
989.0
1015.0
937.0
989.0
963.0
989.0
937.0
807.0
521.0
421.0
343.0
291.0
265.0
239.0
226.0
218.0
192.0
218.0
192.0
192.0
192.0
192.0
166.0
166.0
169.0
169.0
192.0
169.0
143.0
169.0
169.0
169.0
169.0
169.0
194.0
220.0
194.0
220.0
221.0
221.0
220.0
218.0
218.0
192.0
189.0
189.0
163.0
189.0
163.0
145.0
192.0
171.0
171.0
171.0
145.0
197.0
272.0
504.0
777.0
777.0
819.0
715.0
793.0
767.0
767.0
767.0
637.0
429.0
351.0
299.0
247.0
221.0
198.0
169.0
169.0
161.0
161.0
169.0
169.0
195.0
247.0
507.0
741.0
741.0
799.0
715.0
741.0
767.0
747.0
724.0
646.0
455.0
360.0
273.0
247.0
221.0
204.0
169.0
195.0
169.0
169.0
195.0
169.0
195.0
273.0
490.0
741.0
741.0
792.0
715.0
767.0
741.0
767.0
750.0
611.0
429.0
343.0
265.0
239.0
187.0
187.0
161.0
187.0
161.0
161.0
187.0
171.0
197.0
272.0
431.0
639.0
743.0
818.0
691.0
769.0
769.0
803.0
769.0
665.0
457.0
351.0
325.0
247.0
221.0
197.0
169.0
195.0
197.0
171.0
197.0
171.0
197.0
272.0
535.0
743.0
795.0
822.0
744.0
770.0
770.0
796.0
744.0
634.0
432.0
328.0
273.0
221.0
195.0
195.0
169.0
195.0
169.0
169.0
169.0
169.0
169.0
155.0
194.0
272.0
272.0
276.0
276.0
276.0
272.0
276.0
276.0
250.0
224.0
224.0
198.0
198.0
198.0
172.0
172.0
198.0
172.0
198.0
172.0
178.0
178.0
178.0
194.0
246.0
250.0
250.0
224.0
276.0
276.0
276.0
276.0
224.0
195.0
221.0
195.0
195.0
169.0
169.0
169.0
169.0
195.0
169.0
169.0
178.0
195.0
282.0
481.0
767.0
793.0
845.0
767.0
819.0
793.0
767.0
793.0
663.0
455.0
377.0
299.0
247.0
221.0
192.0
169.0
195.0
195.0
195.0
195.0
195.0
195.0
299.0
507.0
759.0
759.0
818.0
738.0
788.0
764.0
764.0
736.0
632.0
424.0
346.0
296.0
242.0
216.0
192.0
164.0
190.0
164.0
192.0
192.0
192.0
192.0
294.0
528.0
762.0
788.0
840.0
736.0
788.0
788.0
788.0
790.0
634.0
448.0
299.0
273.0
247.0
221.0
192.0
169.0
169.0
169.0
195.0
169.0
169.0
195.0
272.0
533.0
767.0
793.0
851.0
741.0
819.0
819.0
819.0
793.0
689.0
454.0
351.0
325.0
273.0
221.0
194.0
171.0
197.0
197.0
187.0
187.0
161.0
187.0
299.0
525.0
811.0
819.0
845.0
741.0
819.0
793.0
793.0
761.0
637.0
455.0
325.0
273.0
273.0
221.0
195.0
169.0
195.0
169.0
195.0
169.0
169.0
169.0
169.0
194.0
220.0
246.0
273.0
216.0
273.0
247.0
244.0
273.0
221.0
218.0
195.0
195.0
195.0
169.0
169.0
169.0
169.0
169.0
195.0
169.0
195.0
135.0
178.0
161.0
194.0
194.0
194.0
220.0
224.0
223.0
197.0
223.0
197.0
197.0
223.0
197.0
195.0
169.0
169.0
169.0
195.0
169.0
169.0
169.0
143.0
187.0
178.0
507.0
767.0
793.0
871.0
767.0
793.0
819.0
793.0
767.0
637.0
455.0
377.0
299.0
273.0
221.0
195.0
169.0
195.0
195.0
197.0
171.0
171.0
197.0
299.0
543.0
793.0
767.0
845.0
767.0
793.0
793.0
793.0
767.0
663.0
455.0
377.0
299.0
273.0
221.0
195.0
169.0
195.0
195.0
169.0
195.0
195.0
195.0
305.0
533.0
793.0
793.0
845.0
751.0
799.0
799.0
799.0
796.0
666.0
458.0
328.0
302.0
250.0
224.0
224.0
172.0
198.0
198.0
198.0
198.0
198.0
224.0
305.0
536.0
770.0
822.0
848.0
744.0
822.0
822.0
796.0
796.0
692.0
458.0
354.0
276.0
250.0
224.0
250.0
172.0
198.0
172.0
198.0
198.0
172.0
198.0
299.0
533.0
767.0
793.0
871.0
741.0
822.0
796.0
796.0
770.0
640.0
406.0
302.0
250.0
224.0
224.0
250.0
172.0
198.0
172.0
172.0
198.0
172.0
172.0
172.0
198.0
298.0
298.0
276.0
250.0
298.0
272.0
272.0
272.0
250.0
198.0
198.0
198.0
172.0
172.0
169.0
169.0
169.0
169.0
169.0
172.0
172.0
172.0
172.0
201.0
272.0
276.0
276.0
276.0
276.0
250.0
250.0
250.0
224.0
198.0
198.0
198.0
172.0
172.0
172.0
172.0
195.0
169.0
169.0
169.0
169.0
194.0
172.0
481.0
819.0
819.0
897.0
767.0
822.0
848.0
796.0
796.0
666.0
458.0
354.0
302.0
276.0
224.0
250.0
198.0
406.0
406.0
411.0
406.0
432.0
432.0
459.0
510.0
562.0
559.0
585.0
585.0
559.0
533.0
533.0
793.0
673.0
429.0
403.0
302.0
276.0
247.0
250.0
224.0
198.0
198.0
198.0
198.0
198.0
190.0
294.0
510.0
770.0
796.0
848.0
770.0
825.0
793.0
796.0
744.0
559.0
369.0
291.0
239.0
187.0
187.0
239.0
135.0
161.0
161.0
135.0
135.0
161.0
143.0
169.0
166.0
166.0
166.0
220.0
195.0
166.0
169.0
169.0
166.0
143.0
143.0
169.0
143.0
143.0
169.0
143.0
143.0
169.0
143.0
169.0
169.0
143.0
143.0
173.0
173.0
173.0
173.0
251.0
225.0
199.0
199.0
199.0
173.0
173.0
173.0
173.0
173.0
173.0
173.0
173.0
147.0
173.0
173.0
147.0
173.0
147.0
137.0
143.0
169.0
189.0
189.0
195.0
195.0
195.0
195.0
195.0
195.0
169.0
169.0
169.0
169.0
169.0
143.0
169.0
169.0
143.0
143.0
169.0
169.0
169.0
187.0
153.0
499.0
785.0
759.0
759.0
707.0
759.0
759.0
759.0
733.0
629.0
421.0
317.0
265.0
213.0
198.0
146.0
198.0
198.0
172.0
172.0
172.0
172.0
198.0
302.0
536.0
819.0
845.0
845.0
793.0
845.0
819.0
819.0
793.0
689.0
455.0
351.0
299.0
247.0
221.0
247.0
195.0
195.0
195.0
195.0
195.0
169.0
221.0
272.0
533.0
819.0
845.0
897.0
793.0
845.0
819.0
819.0
793.0
689.0
481.0
377.0
343.0
239.0
213.0
239.0
187.0
187.0
187.0
187.0
187.0
161.0
189.0
291.0
533.0
811.0
837.0
889.0
811.0
871.0
837.0
845.0
793.0
699.0
465.0
335.0
299.0
247.0
221.0
247.0
195.0
195.0
195.0
195.0
195.0
169.0
195.0
287.0
521.0
807.0
807.0
859.0
781.0
807.0
807.0
829.0
803.0
699.0
465.0
361.0
299.0
273.0
247.0
247.0
195.0
195.0
195.0
169.0
195.0
169.0
221.0
273.0
533.0
819.0
845.0
897.0
819.0
871.0
845.0
845.0
819.0
715.0
487.0
383.0
279.0
227.0
227.0
253.0
175.0
175.0
175.0
175.0
169.0
169.0
169.0
164.0
192.0
227.0
227.0
201.0
201.0
221.0
218.0
218.0
244.0
221.0
195.0
195.0
169.0
181.0
169.0
169.0
169.0
169.0
169.0
169.0
169.0
169.0
169.0
169.0
190.0
190.0
216.0
229.0
216.0
216.0
218.0
218.0
218.0
218.0
192.0
192.0
192.0
218.0
192.0
166.0
192.0
166.0
203.0
177.0
190.0
177.0
201.0
305.0
515.0
827.0
879.0
931.0
827.0
879.0
853.0
853.0
807.0
723.0
463.0
385.0
307.0
255.0
229.0
255.0
195.0
255.0
255.0
247.0
247.0
247.0
247.0
346.0
502.0
788.0
840.0
866.0
788.0
788.0
762.0
762.0
736.0
658.0
463.0
411.0
359.0
307.0
281.0
281.0
281.0
281.0
307.0
281.0
281.0
307.0
307.0
385.0
515.0
723.0
775.0
853.0
749.0
775.0
775.0
749.0
749.0
671.0
463.0
411.0
359.0
333.0
333.0
307.0
229.0
203.0
229.0
203.0
229.0
203.0
229.0
331.0
541.0
855.0
855.0
918.0
829.0
855.0
855.0
855.0
855.0
725.0
487.0
385.0
333.0
281.0
255.0
229.0
229.0
203.0
229.0
229.0
229.0
229.0
221.0
325.0
559.0
819.0
871.0
923.0
819.0
871.0
871.0
866.0
866.0
710.0
450.0
346.0
268.0
268.0
242.0
216.0
164.0
177.0
177.0
177.0
164.0
827.0
697.0
463.0
359.0
307.0
255.0
255.0
255.0
203.0
203.0
177.0
229.0
169.0
169.0
221.0
299.0
533.0
819.0
819.0
897.0
767.0
845.0
819.0
767.0
819.0
689.0
429.0
359.0
307.0
255.0
255.0
281.0
177.0
203.0
203.0
229.0
203.0
203.0
229.0
307.0
525.0
811.0
837.0
892.0
788.0
840.0
819.0
819.0
793.0
637.0
429.0
325.0
299.0
247.0
221.0
221.0
195.0
221.0
192.0
195.0
195.0
169.0
169.0
221.0
218.0
270.0
305.0
298.0
244.0
296.0
296.0
296.0
298.0
244.0
218.0
218.0
192.0
192.0
218.0
166.0
192.0
166.0
192.0
192.0
166.0
201.0
190.0
190.0
216.0
253.0
279.0
279.0
268.0
268.0
268.0
268.0
242.0
250.0
221.0
221.0
221.0
195.0
195.0
169.0
195.0
195.0
169.0
195.0
169.0
175.0
190.0
331.0
585.0
845.0
845.0
897.0
819.0
845.0
819.0
819.0
793.0
637.0
455.0
354.0
299.0
242.0
242.0
216.0
190.0
190.0
190.0
164.0
190.0
164.0
216.0
320.0
554.0
788.0
819.0
897.0
793.0
819.0
819.0
819.0
793.0
663.0
455.0
354.0
299.0
221.0
221.0
221.0
192.0
198.0
169.0
195.0
195.0
169.0
195.0
325.0
533.0
782.0
845.0
897.0
793.0
845.0
819.0
793.0
793.0
663.0
429.0
325.0
299.0
247.0
221.0
221.0
169.0
195.0
195.0
195.0
195.0
195.0
221.0
325.0
559.0
819.0
881.0
933.0
803.0
881.0
855.0
855.0
823.0
699.0
465.0
377.0
299.0
247.0
231.0
231.0
205.0
166.0
205.0
179.0
195.0
195.0
195.0
299.0
559.0
767.0
819.0
845.0
767.0
819.0
793.0
767.0
767.0
611.0
403.0
325.0
273.0
218.0
192.0
221.0
169.0
169.0
169.0
169.0
161.0
161.0
157.0
163.0
189.0
241.0
253.0
253.0
227.0
253.0
279.0
253.0
227.0
227.0
201.0
201.0
175.0
175.0
175.0
149.0
201.0
175.0
175.0
175.0
149.0
173.0
173.0
173.0
190.0
216.0
247.0
273.0
221.0
273.0
273.0
273.0
273.0
273.0
195.0
169.0
195.0
169.0
169.0
169.0
169.0
169.0
169.0
169.0
143.0
173.0
173.0
173.0
507.0
819.0
819.0
897.0
821.0
871.0
871.0
845.0
845.0
351.0
793.0
377.0
325.0
250.0
221.0
221.0
198.0
198.0
198.0
195.0
195.0
195.0
195.0
302.0
562.0
819.0
845.0
923.0
819.0
871.0
871.0
845.0
819.0
689.0
450.0
377.0
299.0
247.0
221.0
221.0
195.0
195.0
195.0
195.0
195.0
179.0
221.0
299.0
559.0
819.0
845.0
897.0
819.0
845.0
819.0
819.0
793.0
689.0
452.0
350.0
273.0
253.0
244.0
227.0
194.0
194.0
194.0
194.0
195.0
195.0
221.0
298.0
532.0
825.0
840.0
840.0
298.0
851.0
825.0
818.0
818.0
669.0
428.0
350.0
298.0
270.0
227.0
220.0
220.0
194.0
201.0
194.0
201.0
201.0
201.0
305.0
539.0
792.0
819.0
871.0
819.0
845.0
819.0
819.0
793.0
689.0
455.0
351.0
299.0
166.0
192.0
221.0
247.0
195.0
169.0
195.0
195.0
169.0
169.0
178.0
198.0
227.0
279.0
253.0
279.0
282.0
247.0
273.0
273.0
281.0
412.0
194.0
273.0
169.0
201.0
169.0
169.0
143.0
195.0
169.0
164.0
143.0
195.0
221.0
195.0
215.0
218.0
241.0
220.0
220.0
241.0
279.0
267.0
281.0
267.0
215.0
137.0
172.0
253.0
169.0
195.0
195.0
195.0
169.0
201.0
302.0
169.0
306.0
273.0
874.0
740.0
351.0
793.0
845.0
823.0
819.0
767.0
663.0
433.0
351.0
277.0
197.0
221.0
225.0
199.0
199.0
199.0
169.0
195.0
199.0
199.0
272.0
506.0
797.0
793.0
871.0
767.0
844.0
819.0
793.0
767.0
621.0
428.0
355.0
283.0
247.0
231.0
231.0
205.0
179.0
205.0
179.0
179.0
168.0
205.0
283.0
517.0
803.0
777.0
855.0
751.0
829.0
777.0
803.0
777.0
621.0
465.0
335.0
309.0
268.0
257.0
227.0
205.0
201.0
175.0
175.0
201.0
175.0
201.0
305.0
539.0
825.0
253.0
877.0
773.0
851.0
825.0
799.0
799.0
669.0
461.0
383.0
325.0
247.0
227.0
227.0
201.0
201.0
175.0
188.0
169.0
201.0
201.0
305.0
513.0
825.0
825.0
903.0
799.0
851.0
825.0
825.0
799.0
669.0
409.0
331.0
279.0
216.0
201.0
227.0
201.0
201.0
175.0
175.0
201.0
166.0
192.0
166.0
192.0
298.0
298.0
322.0
270.0
296.0
296.0
296.0
296.0
294.0
218.0
218.0
192.0
192.0
192.0
166.0
192.0
192.0
166.0
192.0
192.0
168.0
194.0
192.0
220.0
272.0
298.0
324.0
272.0
298.0
324.0
298.0
294.0
273.0
255.0
227.0
221.0
195.0
195.0
175.0
201.0
201.0
175.0
201.0
175.0
201.0
201.0
308.0
539.0
825.0
825.0
903.0
825.0
851.0
851.0
851.0
799.0
669.0
461.0
383.0
305.0
227.0
227.0
227.0
201.0
201.0
175.0
201.0
175.0
201.0
227.0
305.0
539.0
825.0
825.0
877.0
773.0
830.0
856.0
830.0
804.0
700.0
466.0
388.0
336.0
239.0
232.0
232.0
206.0
206.0
206.0
206.0
206.0
206.0
206.0
284.0
518.0
752.0
778.0
856.0
804.0
804.0
804.0
778.0
778.0
622.0
440.0
336.0
273.0
223.0
223.0
169.0
195.0
195.0
195.0
195.0
195.0
169.0
201.0
301.0
484.0
689.0
769.0
743.0
769.0
717.0
743.0
717.0
717.0
613.0
457.0
353.0
327.0
273.0
249.0
197.0
197.0
197.0
197.0
197.0
223.0
171.0
145.0
275.0
145.0
686.0
795.0
821.0
790.0
769.0
743.0
717.0
795.0
639.0
353.0
275.0
242.0
195.0
242.0
197.0
205.0
151.0
179.0
283.0
166.0
247.0
169.0
177.0
203.0
246.0
247.0
273.0
220.0
246.0
246.0
246.0
246.0
227.0
220.0
194.0
201.0
201.0
175.0
175.0
178.0
175.0
175.0
194.0
175.0
194.0
172.0
175.0
175.0
220.0
220.0
253.0
257.0
213.0
229.0
229.0
229.0
195.0
195.0
195.0
169.0
169.0
169.0
169.0
169.0
195.0
169.0
168.0
221.0
175.0
194.0
279.0
204.0
793.0
829.0
881.0
788.0
814.0
814.0
725.0
803.0
673.0
461.0
335.0
309.0
231.0
229.0
203.0
231.0
205.0
231.0
205.0
231.0
143.0
195.0
304.0
949.0
819.0
793.0
845.0
273.0
767.0
793.0
741.0
775.0
637.0
429.0
328.0
299.0
247.0
195.0
195.0
247.0
273.0
247.0
273.0
273.0
247.0
273.0
299.0
513.0
677.0
703.0
703.0
703.0
703.0
703.0
573.0
443.0
495.0
339.0
261.0
279.0
221.0
187.0
195.0
273.0
169.0
169.0
169.0
175.0
175.0
177.0
171.0
177.0
203.0
177.0
203.0
255.0
175.0
201.0
201.0
203.0
177.0
175.0
177.0
175.0
169.0
195.0
143.0
169.0
169.0
143.0
169.0
175.0
143.0
175.0
175.0
169.0
194.0
203.0
221.0
227.0
195.0
203.0
175.0
229.0
203.0
177.0
169.0
203.0
169.0
203.0
143.0
169.0
169.0
169.0
169.0
169.0
143.0
153.0
169.0
169.0
169.0
195.0
203.0
205.0
179.0
205.0
231.0
205.0
179.0
205.0
205.0
179.0
179.0
179.0
153.0
179.0
179.0
153.0
179.0
157.0
179.0
194.0
272.0
517.0
751.0
803.0
829.0
777.0
793.0
818.0
819.0
819.0
663.0
429.0
351.0
325.0
273.0
229.0
247.0
221.0
195.0
195.0
221.0
221.0
221.0
247.0
325.0
585.0
767.0
793.0
842.0
766.0
793.0
871.0
793.0
767.0
637.0
429.0
351.0
298.0
245.0
221.0
203.0
195.0
195.0
195.0
481.0
195.0
247.0
143.0
247.0
247.0
221.0
195.0
246.0
220.0
244.0
689.0
725.0
699.0
611.0
435.0
361.0
291.0
231.0
220.0
187.0
161.0
161.0
156.0
161.0
161.0
161.0
161.0
213.0
179.0
135.0
135.0
179.0
143.0
153.0
135.0
151.0
135.0
135.0
135.0
135.0
161.0
161.0
203.0
187.0
161.0
177.0
161.0
161.0
161.0
161.0
161.0
135.0
161.0
135.0
161.0
161.0
135.0
135.0
151.0
151.0
151.0
151.0
135.0
143.0
203.0
177.0
220.0
227.0
213.0
203.0
203.0
203.0
203.0
161.0
161.0
169.0
135.0
143.0
135.0
135.0
135.0
151.0
151.0
151.0
151.0
201.0
143.0
395.0
681.0
707.0
733.0
629.0
707.0
681.0
723.0
697.0
551.0
343.0
265.0
273.0
213.0
187.0
135.0
161.0
135.0
156.0
177.0
151.0
177.0
177.0
229.0
435.0
681.0
733.0
749.0
629.0
707.0
697.0
723.0
697.0
585.0
343.0
265.0
247.0
247.0
187.0
135.0
161.0
161.0
187.0
177.0
177.0
161.0
161.0
239.0
435.0
707.0
707.0
747.0
629.0
693.0
693.0
719.0
697.0
604.0
407.0
329.0
303.0
257.0
199.0
143.0
199.0
173.0
173.0
173.0
173.0
173.0
173.0
251.0
433.0
689.0
741.0
771.0
663.0
745.0
741.0
745.0
694.0
611.0
377.0
304.0
277.0
273.0
226.0
143.0
195.0
174.0
174.0
174.0
174.0
195.0
174.0
226.0
403.0
663.0
715.0
715.0
637.0
720.0
720.0
720.0
697.0
590.0
356.0
330.0
304.0
274.0
226.0
143.0
200.0
200.0
203.0
177.0
203.0
195.0
203.0
247.0
461.0
741.0
715.0
799.0
669.0
715.0
715.0
715.0
723.0
585.0
351.0
307.0
256.0
230.0
221.0
143.0
169.0
169.0
161.0
161.0
161.0
161.0
161.0
265.0
462.0
733.0
733.0
799.0
707.0
733.0
707.0
707.0
707.0
611.0
377.0
299.0
247.0
239.0
195.0
143.0
169.0
169.0
169.0
169.0
169.0
195.0
143.0
169.0
143.0
221.0
213.0
255.0
239.0
213.0
228.0
213.0
223.0
213.0
187.0
187.0
187.0
161.0
161.0
135.0
161.0
161.0
161.0
161.0
161.0
135.0
161.0
161.0
161.0
241.0
213.0
239.0
239.0
213.0
213.0
187.0
213.0
213.0
213.0
187.0
187.0
187.0
169.0
143.0
169.0
143.0
169.0
143.0
169.0
169.0
169.0
179.0
411.0
741.0
793.0
819.0
715.0
767.0
793.0
797.0
767.0
663.0
429.0
317.0
307.0
275.0
195.0
143.0
169.0
169.0
169.0
172.0
172.0
172.0
169.0
273.0
455.0
741.0
741.0
818.0
709.0
741.0
741.0
718.0
682.0
611.0
377.0
351.0
299.0
283.0
221.0
143.0
169.0
169.0
172.0
172.0
172.0
161.0
161.0
239.0
447.0
733.0
785.0
796.0
707.0
759.0
759.0
770.0
744.0
629.0
439.0
354.0
302.0
266.0
231.0
153.0
179.0
179.0
161.0
187.0
187.0
177.0
187.0
257.0
465.0
733.0
759.0
799.0
681.0
759.0
759.0
775.0
749.0
637.0
377.0
299.0
281.0
256.0
247.0
143.0
169.0
195.0
195.0
195.0
195.0
169.0
195.0
273.0
455.0
741.0
767.0
785.0
715.0
741.0
767.0
767.0
723.0
637.0
377.0
299.0
247.0
221.0
183.0
143.0
169.0
169.0
169.0
169.0
169.0
169.0
169.0
169.0
169.0
247.0
279.0
247.0
247.0
247.0
273.0
239.0
265.0
213.0
187.0
187.0
187.0
195.0
187.0
143.0
195.0
143.0
149.0
158.0
173.0
169.0
173.0
143.0
173.0
175.0
201.0
225.0
225.0
199.0
199.0
225.0
199.0
199.0
173.0
173.0
199.0
173.0
173.0
173.0
161.0
161.0
161.0
161.0
161.0
161.0
175.0
283.0
463.0
736.0
733.0
811.0
707.0
759.0
759.0
759.0
759.0
629.0
421.0
343.0
291.0
239.0
213.0
135.0
187.0
187.0
161.0
187.0
187.0
161.0
187.0
273.0
455.0
767.0
741.0
799.0
715.0
767.0
767.0
757.0
741.0
637.0
429.0
341.0
299.0
247.0
195.0
133.0
195.0
195.0
159.0
187.0
159.0
187.0
161.0
239.0
447.0
733.0
785.0
825.0
733.0
785.0
785.0
759.0
759.0
629.0
429.0
343.0
273.0
273.0
221.0
135.0
195.0
159.0
169.0
169.0
159.0
169.0
159.0
247.0
455.0
715.0
767.0
799.0
715.0
767.0
767.0
771.0
731.0
637.0
461.0
343.0
317.0
265.0
213.0
135.0
161.0
187.0
161.0
187.0
161.0
187.0
161.0
239.0
473.0
733.0
759.0
799.0
681.0
759.0
733.0
733.0
707.0
603.0
369.0
317.0
265.0
259.0
212.0
135.0
183.0
161.0
161.0
161.0
161.0
161.0
161.0
161.0
161.0
213.0
252.0
239.0
221.0
247.0
247.0
252.0
226.0
252.0
200.0
174.0
200.0
169.0
169.0
169.0
169.0
143.0
169.0
169.0
169.0
169.0
143.0
143.0
169.0
200.0
200.0
201.0
200.0
200.0
226.0
226.0
200.0
226.0
174.0
174.0
174.0
135.0
161.0
161.0
135.0
161.0
135.0
135.0
135.0
135.0
161.0
137.0
421.0
733.0
733.0
759.0
707.0
767.0
773.0
767.0
741.0
637.0
455.0
351.0
325.0
261.0
247.0
221.0
221.0
223.0
229.0
229.0
203.0
203.0
169.0
203.0
169.0
175.0
201.0
175.0
175.0
175.0
175.0
175.0
179.0
155.0
155.0
181.0
181.0
181.0
207.0
201.0
201.0
227.0
201.0
201.0
201.0
201.0
175.0
201.0
201.0
175.0
175.0
175.0
175.0
175.0
175.0
175.0
175.0
158.0
158.0
201.0
201.0
210.0
236.0
227.0
227.0
227.0
227.0
227.0
201.0
201.0
184.0
158.0
184.0
158.0
184.0
184.0
184.0
158.0
169.0
195.0
175.0
162.0
476.0
689.0
689.0
793.0
715.0
799.0
793.0
767.0
767.0
663.0
487.0
351.0
273.0
273.0
221.0
169.0
195.0
195.0
158.0
158.0
184.0
184.0
158.0
288.0
496.0
777.0
777.0
825.0
725.0
767.0
767.0
784.0
767.0
629.0
454.0
340.0
288.0
239.0
213.0
158.0
187.0
187.0
161.0
187.0
161.0
187.0
187.0
265.0
499.0
785.0
785.0
837.0
733.0
811.0
785.0
811.0
785.0
655.0
447.0
343.0
291.0
265.0
239.0
161.0
187.0
187.0
187.0
187.0
187.0
187.0
187.0
265.0
499.0
788.0
785.0
837.0
759.0
811.0
811.0
811.0
783.0
655.0
447.0
343.0
265.0
213.0
187.0
161.0
161.0
135.0
161.0
135.0
135.0
135.0
177.0
135.0
161.0
187.0
187.0
187.0
187.0
213.0
187.0
203.0
229.0
203.0
195.0
195.0
169.0
169.0
169.0
169.0
143.0
169.0
169.0
169.0
143.0
143.0
169.0
143.0
153.0
169.0
169.0
195.0
169.0
195.0
195.0
181.0
181.0
155.0
181.0
181.0
155.0
155.0
129.0
155.0
129.0
155.0
155.0
129.0
129.0
143.0
169.0
153.0
481.0
793.0
819.0
871.0
767.0
825.0
825.0
811.0
793.0
655.0
447.0
343.0
317.0
239.0
213.0
187.0
187.0
187.0
161.0
161.0
187.0
161.0
187.0
291.0
499.0
785.0
811.0
853.0
749.0
811.0
785.0
785.0
759.0
655.0
421.0
343.0
291.0
243.0
213.0
181.0
176.0
181.0
155.0
155.0
181.0
155.0
181.0
259.0
493.0
753.0
773.0
831.0
727.0
753.0
753.0
779.0
753.0
623.0
415.0
285.0
272.0
217.0
233.0
202.0
169.0
195.0
169.0
169.0
169.0
169.0
195.0
265.0
514.0
767.0
773.0
825.0
715.0
767.0
767.0
767.0
741.0
637.0
429.0
351.0
273.0
243.0
223.0
195.0
202.0
202.0
176.0
187.0
166.0
187.0
195.0
291.0
525.0
759.0
759.0
811.0
707.0
785.0
785.0
765.0
733.0
629.0
421.0
285.0
270.0
213.0
227.0
192.0
175.0
175.0
175.0
175.0
175.0
175.0
175.0
175.0
175.0
201.0
201.0
201.0
200.0
227.0
227.0
192.0
227.0
201.0
201.0
201.0
201.0
155.0
155.0
155.0
155.0
181.0
155.0
129.0
155.0
155.0
155.0
155.0
155.0
181.0
207.0
195.0
221.0
221.0
221.0
221.0
221.0
231.0
192.0
195.0
195.0
169.0
195.0
169.0
149.0
187.0
173.0
161.0
161.0
135.0
187.0
272.0
499.0
759.0
759.0
811.0
707.0
785.0
759.0
777.0
777.0
647.0
439.0
361.0
309.0
239.0
231.0
205.0
179.0
179.0
179.0
179.0
171.0
179.0
197.0
257.0
509.0
751.0
751.0
799.0
725.0
751.0
777.0
751.0
721.0
647.0
447.0
353.0
265.0
252.0
213.0
187.0
161.0
187.0
161.0
161.0
187.0
161.0
187.0
265.0
473.0
751.0
751.0
799.0
725.0
759.0
751.0
777.0
751.0
621.0
431.0
343.0
265.0
247.0
187.0
187.0
161.0
187.0
161.0
169.0
195.0
161.0
187.0
265.0
421.0
629.0
733.0
825.0
689.0
767.0
759.0
785.0
759.0
655.0
461.0
343.0
317.0
256.0
213.0
187.0
161.0
187.0
187.0
169.0
195.0
169.0
195.0
273.0
533.0
741.0
793.0
820.0
741.0
766.0
767.0
793.0
741.0
637.0
429.0
325.0
273.0
221.0
195.0
195.0
169.0
195.0
169.0
169.0
171.0
161.0
161.0
161.0
197.0
279.0
276.0
282.0
275.0
273.0
282.0
279.0
279.0
247.0
221.0
221.0
195.0
195.0
195.0
169.0
169.0
195.0
169.0
195.0
169.0
175.0
169.0
169.0
195.0
247.0
240.0
240.0
221.0
266.0
266.0
266.0
266.0
221.0
188.0
221.0
188.0
188.0
162.0
169.0
169.0
169.0
195.0
169.0
169.0
169.0
195.0
272.0
481.0
767.0
793.0
845.0
767.0
819.0
793.0
767.0
793.0
663.0
455.0
377.0
299.0
247.0
221.0
195.0
169.0
195.0
195.0
195.0
195.0
195.0
195.0
299.0
507.0
767.0
767.0
818.0
740.0
792.0
767.0
767.0
727.0
623.0
415.0
337.0
285.0
233.0
207.0
181.0
168.0
181.0
155.0
181.0
181.0
181.0
195.0
299.0
533.0
767.0
792.0
846.0
740.0
792.0
792.0
793.0
793.0
637.0
455.0
299.0
273.0
247.0
221.0
202.0
161.0
161.0
161.0
187.0
176.0
161.0
202.0
265.0
540.0
774.0
800.0
852.0
748.0
811.0
826.0
811.0
785.0
696.0
462.0
358.0
325.0
280.0
228.0
202.0
176.0
202.0
195.0
202.0
186.0
176.0
202.0
306.0
540.0
826.0
826.0
852.0
748.0
826.0
800.0
800.0
767.0
637.0
455.0
332.0
280.0
282.0
228.0
202.0
176.0
195.0
169.0
195.0
176.0
169.0
169.0
169.0
194.0
208.0
253.0
272.0
221.0
273.0
247.0
246.0
272.0
220.0
221.0
194.0
194.0
194.0
169.0
169.0
161.0
169.0
169.0
195.0
169.0
195.0
153.0
157.0
169.0
194.0
195.0
194.0
221.0
221.0
221.0
194.0
220.0
194.0
194.0
221.0
194.0
194.0
169.0
169.0
169.0
194.0
168.0
169.0
169.0
143.0
195.0
179.0
494.0
766.0
793.0
871.0
767.0
793.0
823.0
799.0
767.0
624.0
442.0
369.0
286.0
272.0
208.0
182.0
156.0
187.0
187.0
182.0
156.0
156.0
182.0
306.0
540.0
800.0
774.0
852.0
774.0
800.0
800.0
800.0
774.0
655.0
447.0
369.0
306.0
280.0
228.0
202.0
176.0
187.0
202.0
176.0
202.0
187.0
202.0
299.0
533.0
800.0
800.0
852.0
748.0
793.0
793.0
793.0
793.0
663.0
455.0
325.0
299.0
247.0
221.0
221.0
169.0
195.0
195.0
195.0
195.0
195.0
221.0
303.0
533.0
767.0
825.0
844.0
741.0
819.0
819.0
793.0
793.0
689.0
461.0
351.0
273.0
247.0
221.0
247.0
169.0
195.0
169.0
195.0
195.0
169.0
195.0
299.0
533.0
767.0
793.0
870.0
741.0
819.0
793.0
793.0
767.0
637.0
403.0
299.0
247.0
221.0
221.0
247.0
169.0
195.0
169.0
169.0
194.0
169.0
169.0
169.0
194.0
299.0
308.0
282.0
247.0
302.0
279.0
279.0
282.0
246.0
197.0
197.0
197.0
171.0
171.0
171.0
171.0
171.0
171.0
171.0
171.0
171.0
171.0
171.0
197.0
275.0
282.0
272.0
272.0
272.0
246.0
246.0
246.0
221.0
195.0
195.0
195.0
169.0
169.0
169.0
169.0
195.0
169.0
169.0
169.0
169.0
195.0
157.0
481.0
819.0
819.0
897.0
767.0
819.0
851.0
793.0
793.0
663.0
455.0
351.0
299.0
273.0
221.0
247.0
195.0
403.0
403.0
403.0
403.0
429.0
429.0
455.0
507.0
565.0
559.0
585.0
585.0
558.0
532.0
539.0
799.0
669.0
429.0
403.0
299.0
273.0
247.0
247.0
221.0
195.0
195.0
195.0
202.0
195.0
202.0
308.0
510.0
771.0
797.0
849.0
770.0
823.0
784.0
797.0
741.0
559.0
366.0
303.0
251.0
195.0
199.0
239.0
135.0
173.0
173.0
146.0
146.0
173.0
146.0
172.0
172.0
161.0
172.0
224.0
198.0
172.0
172.0
172.0
172.0
146.0
149.0
161.0
135.0
149.0
161.0
135.0
135.0
161.0
146.0
161.0
161.0
135.0
146.0
161.0
161.0
160.0
160.0
238.0
212.0
186.0
186.0
186.0
160.0
160.0
160.0
160.0
160.0
161.0
161.0
169.0
149.0
175.0
175.0
149.0
169.0
221.0
195.0
169.0
195.0
221.0
195.0
195.0
221.0
221.0
221.0
198.0
655.0
923.0
993.0
1019.0
941.0
993.0
967.0
993.0
941.0
819.0
525.0
421.0
343.0
291.0
265.0
239.0
213.0
239.0
213.0
239.0
213.0
247.0
221.0
377.0
637.0
923.0
998.0
1053.0
975.0
1001.0
975.0
949.0
949.0
845.0
585.0
429.0
343.0
296.0
264.0
238.0
247.0
213.0
213.0
213.0
213.0
213.0
213.0
369.0
629.0
946.0
993.0
1045.0
941.0
993.0
993.0
967.0
967.0
842.0
577.0
421.0
369.0
322.0
265.0
247.0
213.0
239.0
213.0
239.0
213.0
221.0
247.0
377.0
689.0
949.0
972.0
1053.0
941.0
993.0
967.0
941.0
915.0
849.0
525.0
421.0
369.0
317.0
270.0
239.0
213.0
213.0
213.0
213.0
213.0
187.0
213.0
369.0
681.0
915.0
975.0
1045.0
941.0
967.0
967.0
941.0
915.0
811.0
525.0
421.0
343.0
265.0
239.0
239.0
213.0
187.0
187.0
213.0
213.0
187.0
213.0
213.0
213.0
227.0
265.0
239.0
271.0
253.0
279.0
279.0
253.0
213.0
239.0
213.0
239.0
187.0
213.0
172.0
187.0
187.0
195.0
195.0
195.0
221.0
198.0
195.0
221.0
207.0
247.0
272.0
280.0
247.0
273.0
244.0
274.0
221.0
283.0
247.0
239.0
187.0
213.0
161.0
187.0
213.0
187.0
187.0
187.0
187.0
187.0
204.0
629.0
941.0
993.0
1019.0
941.0
993.0
967.0
993.0
967.0
837.0
577.0
447.0
343.0
301.0
239.0
247.0
213.0
213.0
213.0
239.0
213.0
213.0
247.0
351.0
639.0
946.0
1001.0
1053.0
941.0
993.0
941.0
967.0
949.0
845.0
585.0
429.0
351.0
299.0
273.0
247.0
221.0
221.0
221.0
247.0
247.0
221.0
221.0
377.0
639.0
923.0
949.0
1053.0
923.0
975.0
949.0
949.0
897.0
845.0
559.0
429.0
351.0
299.0
247.0
247.0
221.0
187.0
213.0
213.0
213.0
213.0
213.0
369.0
637.0
915.0
951.0
1045.0
951.0
941.0
941.0
915.0
889.0
785.0
539.0
369.0
343.0
291.0
247.0
247.0
213.0
213.0
202.0
213.0
195.0
221.0
195.0
377.0
611.0
897.0
923.0
1019.0
949.0
955.0
923.0
929.0
897.0
767.0
533.0
377.0
325.0
247.0
247.0
247.0
195.0
195.0
195.0
195.0
195.0
195.0
195.0
221.0
221.0
253.0
273.0
273.0
253.0
302.0
279.0
253.0
247.0
247.0
247.0
221.0
221.0
221.0
195.0
169.0
221.0
195.0
195.0
195.0
195.0
201.0
201.0
201.0
201.0
221.0
221.0
246.0
275.0
247.0
249.0
249.0
272.0
249.0
221.0
249.0
221.0
221.0
221.0
169.0
195.0
195.0
195.0
197.0
187.0
187.0
183.0
204.0
629.0
915.0
915.0
1045.0
941.0
941.0
993.0
967.0
941.0
816.0
525.0
447.0
351.0
299.0
247.0
247.0
239.0
195.0
247.0
195.0
221.0
195.0
221.0
351.0
637.0
923.0
949.0
1045.0
941.0
941.0
967.0
941.0
941.0
811.0
551.0
447.0
351.0
299.0
247.0
239.0
239.0
213.0
239.0
223.0
213.0
213.0
213.0
345.0
629.0
923.0
993.0
1053.0
941.0
967.0
941.0
941.0
915.0
811.0
551.0
421.0
377.0
299.0
247.0
247.0
239.0
221.0
221.0
221.0
221.0
221.0
221.0
377.0
689.0
949.0
975.0
1053.0
949.0
941.0
941.0
941.0
923.0
819.0
525.0
403.0
351.0
299.0
247.0
247.0
239.0
239.0
187.0
187.0
213.0
195.0
221.0
377.0
637.0
941.0
941.0
1019.0
915.0
967.0
941.0
941.0
889.0
785.0
473.0
343.0
343.0
265.0
213.0
239.0
187.0
213.0
187.0
187.0
161.0
195.0
195.0
221.0
195.0
273.0
299.0
299.0
305.0
296.0
296.0
305.0
296.0
273.0
247.0
221.0
221.0
221.0
195.0
175.0
195.0
190.0
195.0
195.0
175.0
195.0
201.0
175.0
195.0
221.0
221.0
247.0
270.0
249.0
249.0
244.0
221.0
247.0
221.0
221.0
247.0
221.0
221.0
169.0
195.0
195.0
195.0
195.0
221.0
195.0
201.0
205.0
585.0
897.0
923.0
1001.0
949.0
949.0
955.0
923.0
897.0
793.0
559.0
455.0
325.0
273.0
247.0
239.0
239.0
213.0
187.0
213.0
213.0
187.0
213.0
343.0
603.0
915.0
941.0
993.0
915.0
967.0
967.0
941.0
941.0
837.0
525.0
461.0
353.0
305.0
249.0
247.0
213.0
221.0
221.0
221.0
221.0
221.0
247.0
379.0
611.0
949.0
1001.0
1055.0
949.0
993.0
967.0
941.0
941.0
785.0
525.0
421.0
343.0
301.0
275.0
239.0
239.0
213.0
213.0
223.0
223.0
249.0
223.0
379.0
629.0
925.0
951.0
1055.0
941.0
941.0
941.0
941.0
915.0
811.0
525.0
431.0
377.0
327.0
249.0
247.0
247.0
221.0
221.0
221.0
221.0
247.0
247.0
377.0
637.0
949.0
975.0
1027.0
949.0
949.0
949.0
949.0
923.0
819.0
534.0
429.0
351.0
325.0
247.0
247.0
221.0
247.0
195.0
221.0
221.0
195.0
221.0
247.0
221.0
273.0
299.0
279.0
253.0
296.0
279.0
305.0
306.0
249.0
249.0
244.0
249.0
223.0
223.0
171.0
223.0
247.0
195.0
195.0
221.0
192.0
195.0
221.0
221.0
221.0
227.0
280.0
270.0
244.0
223.0
223.0
244.0
223.0
223.0
223.0
249.0
213.0
212.0
171.0
197.0
197.0
223.0
223.0
197.0
197.0
212.0
354.0
629.0
889.0
993.0
1019.0
941.0
993.0
993.0
941.0
951.0
811.0
551.0
447.0
369.0
291.0
273.0
239.0
213.0
213.0
213.0
213.0
187.0
195.0
247.0
369.0
655.0
920.0
941.0
1019.0
941.0
967.0
941.0
915.0
915.0
785.0
499.0
421.0
369.0
317.0
265.0
239.0
239.0
239.0
213.0
239.0
213.0
187.0
213.0
369.0
655.0
920.0
941.0
993.0
923.0
941.0
923.0
915.0
897.0
759.0
539.0
403.0
325.0
299.0
221.0
247.0
195.0
221.0
195.0
195.0
221.0
221.0
195.0
221.0
195.0
221.0
221.0
279.0
273.0
221.0
273.0
247.0
221.0
247.0
221.0
247.0
221.0
221.0
195.0
169.0
221.0
195.0
195.0
195.0
195.0
175.0
186.0
195.0
227.0
247.0
221.0
253.0
308.0
247.0
221.0
221.0
247.0
221.0
221.0
221.0
221.0
195.0
195.0
169.0
195.0
195.0
221.0
195.0
195.0
195.0
189.0
201.0
195.0
221.0
227.0
247.0
221.0
221.0
247.0
221.0
247.0
221.0
221.0
221.0
221.0
195.0
195.0
169.0
221.0
195.0
195.0
195.0
195.0
195.0
195.0
198.0
663.0
897.0
949.0
1053.0
923.0
949.0
955.0
955.0
903.0
799.0
461.0
383.0
305.0
279.0
253.0
253.0
227.0
228.0
211.0
237.0
185.0
211.0
211.0
367.0
627.0
939.0
965.0
1043.0
941.0
993.0
967.0
939.0
965.0
835.0
627.0
445.0
367.0
315.0
263.0
275.0
223.0
223.0
249.0
249.0
223.0
249.0
223.0
379.0
639.0
925.0
977.0
1055.0
949.0
1001.0
975.0
975.0
949.0
793.0
639.0
431.0
379.0
301.0
275.0
249.0
226.0
223.0
223.0
249.0
197.0
249.0
247.0
377.0
637.0
949.0
949.0
1053.0
949.0
975.0
949.0
923.0
923.0
793.0
533.0
429.0
351.0
299.0
273.0
247.0
230.0
221.0
221.0
211.0
211.0
185.0
211.0
377.0
627.0
913.0
939.0
1017.0
913.0
965.0
939.0
913.0
887.0
783.0
523.0
419.0
341.0
289.0
237.0
237.0
211.0
211.0
211.0
211.0
211.0
225.0
211.0
367.0
643.0
877.0
929.0
1007.0
903.0
903.0
929.0
903.0
877.0
799.0
539.0
383.0
357.0
279.0
253.0
253.0
201.0
201.0
230.0
204.0
204.0
204.0
197.0
197.0
223.0
230.0
230.0
256.0
256.0
223.0
256.0
256.0
230.0
230.0
256.0
230.0
230.0
230.0
204.0
178.0
230.0
204.0
195.0
204.0
230.0
204.0
204.0
204.0
204.0
230.0
256.0
256.0
256.0
256.0
256.0
256.0
230.0
230.0
223.0
160.0
195.0
185.0
185.0
185.0
185.0
201.0
201.0
227.0
227.0
211.0
211.0
227.0
244.0
244.0
227.0
244.0
244.0
256.0
244.0
230.0
230.0
230.0
230.0
178.0
204.0
230.0
216.0
230.0
204.0
230.0
186.0
204.0
611.0
861.0
887.0
939.0
861.0
913.0
903.0
929.0
887.0
783.0
523.0
445.0
341.0
327.0
275.0
249.0
197.0
197.0
197.0
223.0
223.0
223.0
223.0
327.0
613.0
847.0
925.0
951.0
873.0
899.0
899.0
873.0
873.0
795.0
561.0
457.0
353.0
301.0
249.0
249.0
218.0
249.0
223.0
223.0
223.0
223.0
223.0
327.0
613.0
847.0
887.0
913.0
835.0
887.0
861.0
861.0
861.0
757.0
497.0
419.0
367.0
289.0
263.0
237.0
218.0
185.0
211.0
211.0
211.0
211.0
211.0
315.0
601.0
847.0
899.0
925.0
821.0
847.0
847.0
847.0
821.0
717.0
483.0
379.0
327.0
275.0
249.0
249.0
218.0
197.0
192.0
223.0
223.0
197.0
197.0
353.0
665.0
847.0
873.0
899.0
795.0
873.0
873.0
847.0
873.0
704.0
461.0
379.0
327.0
275.0
249.0
249.0
197.0
197.0
197.0
223.0
197.0
197.0
197.0
197.0
223.0
249.0
282.0
282.0
270.0
275.0
279.0
279.0
270.0
249.0
223.0
249.0
197.0
223.0
223.0
171.0
186.0
186.0
197.0
197.0
197.0
201.0
175.0
201.0
227.0
227.0
201.0
211.0
237.0
211.0
237.0
237.0
237.0
237.0
211.0
211.0
211.0
237.0
185.0
159.0
185.0
211.0
185.0
211.0
185.0
185.0
185.0
198.0
575.0
835.0
861.0
887.0
809.0
861.0
851.0
835.0
809.0
744.0
549.0
487.0
341.0
263.0
249.0
249.0
218.0
218.0
211.0
185.0
211.0
185.0
211.0
341.0
575.0
835.0
835.0
861.0
835.0
861.0
861.0
861.0
873.0
769.0
535.0
461.0
379.0
301.0
249.0
249.0
249.0
223.0
223.0
184.0
223.0
223.0
223.0
327.0
587.0
847.0
899.0
899.0
821.0
847.0
873.0
847.0
873.0
743.0
509.0
405.0
353.0
301.0
275.0
249.0
249.0
223.0
197.0
197.0
223.0
197.0
210.0
314.0
600.0
808.0
860.0
860.0
756.0
808.0
808.0
756.0
704.0
600.0
418.0
379.0
296.0
275.0
218.0
249.0
192.0
192.0
192.0
192.0
166.0
171.0
171.0
197.0
171.0
218.0
197.0
197.0
197.0
197.0
197.0
223.0
223.0
223.0
223.0
197.0
197.0
171.0
171.0
171.0
171.0
171.0
184.0
171.0
184.0
171.0
171.0
171.0
197.0
171.0
197.0
197.0
197.0
197.0
197.0
182.0
223.0
197.0
223.0
197.0
184.0
197.0
192.0
166.0
184.0
166.0
184.0
184.0
184.0
132.0
158.0
158.0
158.0
158.0
184.0
158.0
184.0
184.0
184.0
184.0
184.0
184.0
210.0
184.0
184.0
184.0
184.0
158.0
184.0
166.0
184.0
166.0
171.0
184.0
184.0
160.0
574.0
878.0
873.0
899.0
821.0
899.0
877.0
903.0
873.0
769.0
483.0
431.0
353.0
301.0
249.0
249.0
218.0
218.0
218.0
192.0
211.0
211.0
185.0
315.0
611.0
845.0
897.0
923.0
808.0
860.0
886.0
886.0
860.0
782.0
496.0
418.0
353.0
301.0
244.0
249.0
192.0
218.0
228.0
223.0
197.0
197.0
223.0
327.0
613.0
847.0
899.0
925.0
847.0
873.0
899.0
899.0
873.0
743.0
522.0
431.0
353.0
275.0
218.0
237.0
218.0
218.0
218.0
211.0
185.0
185.0
221.0
325.0
637.0
845.0
897.0
897.0
819.0
871.0
897.0
897.0
871.0
767.0
539.0
435.0
351.0
301.0
249.0
275.0
218.0
223.0
197.0
197.0
223.0
223.0
223.0
327.0
587.0
847.0
879.0
899.0
821.0
873.0
899.0
873.0
873.0
743.0
509.0
405.0
353.0
275.0
249.0
275.0
197.0
218.0
185.0
211.0
211.0
211.0
185.0
211.0
211.0
263.0
263.0
263.0
263.0
263.0
305.0
305.0
296.0
251.0
237.0
211.0
237.0
211.0
211.0
169.0
184.0
211.0
185.0
185.0
185.0
185.0
185.0
185.0
201.0
201.0
227.0
249.0
249.0
249.0
223.0
223.0
223.0
223.0
223.0
223.0
249.0
223.0
197.0
171.0
223.0
223.0
197.0
197.0
223.0
197.0
189.0
205.0
587.0
899.0
899.0
951.0
873.0
913.0
929.0
913.0
913.0
757.0
561.0
435.0
379.0
301.0
249.0
275.0
223.0
244.0
223.0
223.0
223.0
223.0
223.0
327.0
613.0
873.0
899.0
925.0
821.0
899.0
899.0
899.0
899.0
743.0
539.0
409.0
353.0
301.0
253.0
279.0
218.0
218.0
227.0
227.0
227.0
227.0
227.0
331.0
617.0
877.0
877.0
929.0
825.0
877.0
903.0
851.0
877.0
747.0
513.0
379.0
353.0
275.0
249.0
275.0
218.0
197.0
223.0
223.0
223.0
197.0
227.0
362.0
611.0
845.0
871.0
930.0
852.0
897.0
897.0
897.0
845.0
715.0
507.0
429.0
358.0
280.0
254.0
280.0
218.0
218.0
218.0
228.0
202.0
202.0
223.0
377.0
587.0
847.0
899.0
925.0
821.0
873.0
873.0
873.0
873.0
717.0
507.0
379.0
353.0
275.0
275.0
275.0
218.0
223.0
223.0
223.0
223.0
223.0
223.0
223.0
275.0
301.0
301.0
353.0
279.0
296.0
296.0
296.0
305.0
275.0
223.0
227.0
227.0
201.0
227.0
175.0
175.0
195.0
227.0
201.0
201.0
215.0
201.0
201.0
227.0
254.0
265.0
280.0
244.0
244.0
280.0
275.0
275.0
244.0
249.0
249.0
223.0
223.0
223.0
171.0
195.0
223.0
197.0
197.0
210.0
197.0
202.0
198.0
587.0
929.0
933.0
959.0
881.0
933.0
929.0
912.0
860.0
756.0
522.0
444.0
314.0
296.0
236.0
236.0
218.0
218.0
244.0
210.0
210.0
210.0
210.0
340.0
626.0
860.0
886.0
912.0
808.0
886.0
886.0
886.0
860.0
756.0
496.0
429.0
377.0
299.0
247.0
244.0
218.0
244.0
244.0
221.0
221.0
195.0
247.0
351.0
611.0
873.0
899.0
951.0
821.0
886.0
886.0
860.0
860.0
756.0
522.0
418.0
379.0
301.0
249.0
249.0
222.0
222.0
223.0
223.0
211.0
185.0
237.0
315.0
627.0
835.0
887.0
913.0
835.0
887.0
887.0
887.0
835.0
757.0
523.0
457.0
379.0
301.0
275.0
248.0
222.0
248.0
195.0
221.0
195.0
221.0
221.0
351.0
611.0
845.0
897.0
923.0
845.0
871.0
871.0
845.0
819.0
715.0
457.0
379.0
327.0
275.0
223.0
249.0
223.0
197.0
171.0
197.0
171.0
171.0
197.0
197.0
197.0
223.0
249.0
275.0
249.0
249.0
249.0
279.0
275.0
275.0
223.0
210.0
210.0
197.0
210.0
171.0
195.0
184.0
171.0
171.0
184.0
184.0
158.0
184.0
184.0
210.0
275.0
262.0
249.0
249.0
249.0
249.0
240.0
210.0
249.0
223.0
223.0
223.0
197.0
171.0
195.0
171.0
195.0
197.0
171.0
175.0
184.0
205.0
587.0
899.0
899.0
951.0
899.0
899.0
929.0
899.0
873.0
769.0
561.0
457.0
379.0
301.0
249.0
249.0
223.0
223.0
197.0
223.0
223.0
197.0
223.0
327.0
613.0
847.0
873.0
925.0
821.0
899.0
899.0
847.0
873.0
743.0
525.0
421.0
383.0
291.0
244.0
244.0
218.0
218.0
218.0
223.0
197.0
227.0
227.0
357.0
613.0
899.0
925.0
955.0
847.0
899.0
899.0
899.0
873.0
769.0
535.0
431.0
327.0
275.0
244.0
244.0
218.0
218.0
223.0
197.0
197.0
221.0
221.0
325.0
585.0
897.0
923.0
949.0
845.0
897.0
899.0
899.0
873.0
769.0
587.0
483.0
374.0
301.0
270.0
244.0
218.0
218.0
244.0
223.0
223.0
223.0
223.0
379.0
665.0
873.0
899.0
951.0
873.0
899.0
899.0
899.0
873.0
769.0
535.0
457.0
379.0
322.0
270.0
244.0
218.0
197.0
223.0
197.0
197.0
197.0
197.0
275.0
301.0
270.0
274.0
270.0
270.0
249.0
223.0
221.0
195.0
195.0
195.0
169.0
169.0
195.0
169.0
195.0
169.0
177.0
169.0
169.0
195.0
247.0
247.0
249.0
221.0
275.0
275.0
273.0
275.0
210.0
184.0
210.0
184.0
184.0
158.0
158.0
158.0
158.0
184.0
158.0
158.0
158.0
184.0
274.0
481.0
769.0
782.0
847.0
769.0
821.0
788.0
769.0
795.0
665.0
457.0
374.0
301.0
244.0
218.0
192.0
166.0
192.0
192.0
192.0
192.0
192.0
204.0
301.0
509.0
769.0
769.0
821.0
743.0
795.0
769.0
756.0
730.0
626.0
418.0
340.0
296.0
244.0
218.0
192.0
166.0
183.0
166.0
192.0
192.0
192.0
192.0
296.0
530.0
767.0
793.0
842.0
741.0
790.0
793.0
793.0
790.0
639.0
457.0
296.0
270.0
256.0
218.0
192.0
166.0
166.0
166.0
192.0
166.0
166.0
192.0
280.0
533.0
762.0
794.0
851.0
741.0
819.0
819.0
821.0
795.0
691.0
456.0
348.0
327.0
270.0
222.0
192.0
170.0
196.0
192.0
192.0
192.0
166.0
192.0
296.0
530.0
821.0
825.0
851.0
738.0
816.0
790.0
790.0
764.0
634.0
452.0
322.0
270.0
270.0
218.0
192.0
166.0
192.0
166.0
192.0
166.0
166.0
166.0
166.0
192.0
218.0
244.0
270.0
218.0
270.0
254.0
244.0
270.0
218.0
218.0
195.0
192.0
192.0
166.0
166.0
166.0
166.0
166.0
201.0
175.0
201.0
149.0
175.0
175.0
201.0
201.0
201.0
228.0
227.0
227.0
201.0
227.0
201.0
201.0
227.0
201.0
201.0
166.0
166.0
166.0
192.0
166.0
166.0
166.0
145.0
197.0
163.0
507.0
764.0
802.0
873.0
765.0
783.0
809.0
783.0
757.0
627.0
445.0
367.0
289.0
270.0
218.0
192.0
166.0
192.0
192.0
192.0
166.0
166.0
192.0
299.0
530.0
793.0
767.0
851.0
767.0
793.0
793.0
793.0
767.0
663.0
455.0
374.0
296.0
270.0
218.0
192.0
166.0
192.0
192.0
170.0
192.0
192.0
192.0
301.0
530.0
795.0
795.0
847.0
743.0
795.0
795.0
795.0
783.0
653.0
452.0
322.0
296.0
244.0
218.0
218.0
166.0
192.0
192.0
192.0
192.0
192.0
218.0
296.0
523.0
757.0
825.0
845.0
741.0
819.0
819.0
793.0
793.0
686.0
455.0
351.0
270.0
244.0
218.0
244.0
166.0
192.0
166.0
197.0
197.0
166.0
197.0
301.0
535.0
769.0
795.0
873.0
743.0
821.0
795.0
795.0
769.0
645.0
411.0
296.0
255.0
230.0
218.0
237.0
166.0
192.0
166.0
166.0
192.0
166.0
171.0
171.0
197.0
301.0
301.0
275.0
249.0
307.0
281.0
281.0
281.0
249.0
201.0
201.0
182.0
177.0
177.0
175.0
177.0
171.0
177.0
177.0
177.0
175.0
171.0
175.0
201.0
275.0
273.0
275.0
273.0
273.0
247.0
247.0
247.0
221.0
195.0
195.0
195.0
169.0
169.0
169.0
169.0
195.0
169.0
169.0
169.0
169.0
201.0
163.0
478.0
827.0
819.0
897.0
767.0
819.0
851.0
793.0
795.0
660.0
452.0
348.0
296.0
270.0
218.0
244.0
201.0
400.0
400.0
400.0
400.0
426.0
429.0
452.0
513.0
549.0
549.0
587.0
587.0
561.0
535.0
539.0
795.0
669.0
431.0
405.0
296.0
275.0
249.0
249.0
223.0
197.0
204.0
197.0
192.0
204.0
202.0
306.0
514.0
764.0
793.0
845.0
767.0
819.0
793.0
795.0
741.0
559.0
377.0
296.0
247.0
204.0
195.0
247.0
143.0
169.0
169.0
144.0
144.0
167.0
144.0
166.0
170.0
166.0
170.0
221.0
192.0
170.0
166.0
169.0
166.0
140.0
149.0
169.0
141.0
141.0
167.0
141.0
141.0
167.0
141.0
167.0
167.0
141.0
141.0
167.0
167.0
167.0
158.0
245.0
219.0
193.0
184.0
193.0
167.0
167.0
167.0
167.0
167.0
167.0
167.0
167.0
141.0
167.0
167.0
141.0
167.0
141.0
141.0
141.0
167.0
193.0
193.0
193.0
193.0
193.0
193.0
193.0
193.0
167.0
167.0
167.0
167.0
167.0
141.0
167.0
167.0
141.0
141.0
167.0
167.0
167.0
193.0
132.0
505.0
791.0
765.0
765.0
713.0
767.0
767.0
767.0
741.0
637.0
429.0
325.0
271.0
219.0
204.0
143.0
193.0
193.0
167.0
167.0
167.0
167.0
193.0
297.0
531.0
817.0
853.0
853.0
791.0
843.0
817.0
817.0
791.0
687.0
453.0
349.0
297.0
245.0
219.0
245.0
193.0
193.0
193.0
193.0
193.0
167.0
219.0
271.0
524.0
810.0
836.0
888.0
784.0
836.0
810.0
810.0
784.0
680.0
472.0
368.0
342.0
245.0
218.0
245.0
193.0
193.0
193.0
193.0
193.0
167.0
193.0
297.0
531.0
817.0
843.0
895.0
817.0
869.0
843.0
843.0
791.0
687.0
453.0
323.0
296.0
244.0
219.0
238.0
186.0
185.0
186.0
186.0
186.0
160.0
186.0
290.0
524.0
810.0
810.0
862.0
784.0
810.0
810.0
810.0
784.0
680.0
455.0
342.0
290.0
270.0
238.0
249.0
197.0
197.0
197.0
171.0
197.0
171.0
223.0
273.0
533.0
819.0
851.0
897.0
817.0
869.0
843.0
843.0
817.0
713.0
479.0
375.0
271.0
219.0
219.0
245.0
167.0
167.0
167.0
167.0
167.0
167.0
167.0
167.0
193.0
219.0
219.0
193.0
186.0
212.0
212.0
212.0
238.0
212.0
186.0
186.0
160.0
186.0
160.0
160.0
160.0
160.0
160.0
160.0
160.0
160.0
160.0
167.0
193.0
193.0
219.0
219.0
219.0
219.0
219.0
219.0
219.0
219.0
193.0
193.0
193.0
210.0
193.0
167.0
193.0
167.0
193.0
167.0
184.0
167.0
197.0
287.0
498.0
817.0
869.0
921.0
817.0
869.0
851.0
851.0
817.0
713.0
453.0
375.0
297.0
245.0
219.0
245.0
197.0
249.0
234.0
249.0
249.0
249.0
249.0
351.0
507.0
793.0
833.0
871.0
793.0
793.0
769.0
769.0
743.0
665.0
457.0
401.0
349.0
297.0
271.0
271.0
271.0
271.0
297.0
271.0
271.0
297.0
297.0
375.0
505.0
713.0
765.0
833.0
739.0
765.0
765.0
739.0
739.0
661.0
453.0
401.0
349.0
323.0
323.0
300.0
219.0
193.0
219.0
193.0
219.0
193.0
219.0
323.0
531.0
843.0
843.0
911.0
817.0
843.0
843.0
843.0
843.0
713.0
479.0
375.0
323.0
271.0
245.0
219.0
219.0
193.0
221.0
221.0
221.0
221.0
221.0
327.0
559.0
819.0
871.0
923.0
819.0
871.0
871.0
881.0
871.0
715.0
455.0
348.0
270.0
270.0
244.0
221.0
169.0
169.0
169.0
169.0
169.0
169.0
169.0
169.0
192.0
273.0
299.0
297.0
297.0
274.0
271.0
274.0
274.0
271.0
219.0
219.0
201.0
201.0
193.0
167.0
175.0
159.0
175.0
167.0
167.0
167.0
167.0
167.0
193.0
271.0
274.0
300.0
271.0
297.0
300.0
300.0
271.0
271.0
219.0
219.0
185.0
185.0
193.0
159.0
159.0
185.0
185.0
185.0
183.0
183.0
183.0
287.0
469.0
732.0
799.0
847.0
783.0
821.0
810.0
757.0
757.0
653.0
431.0
349.0
297.0
271.0
271.0
219.0
219.0
193.0
219.0
193.0
193.0
193.0
193.0
297.0
523.0
731.0
799.0
835.0
769.0
821.0
795.0
795.0
795.0
691.0
483.0
375.0
327.0
245.0
249.0
223.0
223.0
197.0
223.0
197.0
195.0
195.0
187.0
273.0
507.0
793.0
819.0
897.0
793.0
845.0
819.0
817.0
791.0
687.0
453.0
349.0
296.0
270.0
245.0
218.0
221.0
192.0
195.0
195.0
192.0
192.0
195.0
299.0
507.0
819.0
845.0
923.0
819.0
871.0
847.0
847.0
821.0
717.0
483.0
379.0
353.0
245.0
245.0
219.0
219.0
219.0
193.0
193.0
193.0
193.0
193.0
323.0
583.0
843.0
871.0
923.0
819.0
871.0
845.0
845.0
819.0
715.0
452.0
325.0
270.0
221.0
195.0
169.0
195.0
166.0
166.0
193.0
167.0
427.0
348.0
271.0
245.0
271.0
245.0
193.0
219.0
193.0
219.0
221.0
221.0
299.0
557.0
895.0
938.0
938.0
869.0
895.0
895.0
886.0
860.0
743.0
497.0
400.0
327.0
301.0
263.0
263.0
223.0
223.0
197.0
197.0
197.0
197.0
197.0
223.0
219.0
245.0
271.0
297.0
248.0
297.0
274.0
274.0
300.0
245.0
245.0
245.0
219.0
219.0
219.0
219.0
193.0
219.0
193.0
193.0
193.0
203.0
203.0
221.0
221.0
273.0
273.0
273.0
270.0
270.0
270.0
273.0
273.0
273.0
247.0
247.0
221.0
221.0
221.0
221.0
247.0
195.0
221.0
197.0
223.0
223.0
203.0
209.0
593.0
928.0
897.0
949.0
871.0
905.0
931.0
905.0
897.0
787.0
585.0
455.0
377.0
299.0
270.0
273.0
247.0
221.0
221.0
195.0
195.0
221.0
169.0
377.0
590.0
871.0
928.0
954.0
873.0
925.0
899.0
902.0
899.0
769.0
535.0
460.0
356.0
304.0
278.0
278.0
252.0
255.0
249.0
229.0
229.0
249.0
255.0
385.0
619.0
879.0
905.0
931.0
853.0
905.0
879.0
853.0
879.0
775.0
619.0
515.0
385.0
333.0
333.0
281.0
244.0
271.0
245.0
219.0
219.0
245.0
249.0
379.0
587.0
847.0
873.0
895.0
827.0
843.0
817.0
869.0
843.0
765.0
609.0
513.0
375.0
323.0
297.0
271.0
245.0
245.0
271.0
271.0
245.0
247.0
247.0
377.0
585.0
845.0
845.0
897.0
827.0
845.0
819.0
845.0
819.0
741.0
507.0
429.0
351.0
325.0
273.0
247.0
195.0
221.0
195.0
195.0
195.0
195.0
195.0
221.0
247.0
301.0
327.0
353.0
322.0
353.0
353.0
353.0
353.0
327.0
274.0
249.0
219.0
219.0
219.0
219.0
193.0
230.0
202.0
204.0
203.0
196.0
203.0
229.0
245.0
247.0
273.0
299.0
296.0
296.0
296.0
273.0
299.0
273.0
247.0
247.0
221.0
221.0
195.0
221.0
230.0
222.0
273.0
274.0
273.0
299.0
273.0
359.0
298.0
801.0
853.0
871.0
801.0
853.0
833.0
824.0
847.0
795.0
639.0
561.0
353.0
327.0
327.0
327.0
275.0
223.0
249.0
273.0
247.0
247.0
247.0
325.0
611.0
897.0
923.0
949.0
903.0
949.0
949.0
949.0
897.0
791.0
583.0
479.0
375.0
349.0
297.0
271.0
245.0
221.0
221.0
221.0
221.0
221.0
221.0
377.0
611.0
923.0
923.0
949.0
897.0
949.0
923.0
923.0
897.0
767.0
559.0
403.0
351.0
299.0
247.0
273.0
247.0
221.0
221.0
221.0
221.0
195.0
221.0
377.0
611.0
871.0
897.0
949.0
841.0
871.0
904.0
878.0
852.0
774.0
505.0
410.0
358.0
281.0
281.0
255.0
255.0
229.0
229.0
229.0
229.0
229.0
255.0
359.0
645.0
853.0
905.0
931.0
878.0
904.0
904.0
878.0
878.0
748.0
488.0
384.0
332.0
280.0
221.0
254.0
202.0
221.0
221.0
195.0
195.0
195.0
195.0
195.0
221.0
221.0
221.0
221.0
247.0
221.0
254.0
228.0
228.0
254.0
228.0
254.0
228.0
228.0
202.0
219.0
228.0
202.0
193.0
193.0
193.0
197.0
193.0
228.0
160.0
228.0
254.0
280.0
254.0
254.0
247.0
280.0
254.0
273.0
280.0
273.0
254.0
247.0
247.0
221.0
193.0
221.0
221.0
221.0
195.0
221.0
203.0
183.0
645.0
931.0
975.0
1001.0
897.0
947.0
947.0
921.0
895.0
765.0
531.0
453.0
349.0
271.0
245.0
245.0
219.0
479.0
479.0
479.0
479.0
479.0
479.0
531.0
609.0
663.0
663.0
689.0
715.0
690.0
637.0
686.0
686.0
637.0
585.0
429.0
351.0
273.0
273.0
247.0
273.0
221.0
247.0
221.0
221.0
221.0
247.0
383.0
617.0
871.0
929.0
955.0
903.0
903.0
888.0
871.0
897.0
741.0
533.0
403.0
351.0
299.0
273.0
247.0
247.0
221.0
247.0
221.0
247.0
195.0
221.0
377.0
611.0
897.0
897.0
949.0
871.0
897.0
897.0
897.0
871.0
715.0
533.0
403.0
351.0
299.0
273.0
235.0
221.0
221.0
221.0
247.0
195.0
221.0
219.0
375.0
609.0
843.0
869.0
895.0
817.0
897.0
871.0
845.0
871.0
741.0
481.0
377.0
351.0
273.0
221.0
247.0
221.0
221.0
221.0
221.0
221.0
221.0
221.0
169.0
221.0
247.0
221.0
221.0
247.0
221.0
221.0
221.0
247.0
247.0
249.0
249.0
223.0
249.0
249.0
223.0
223.0
197.0
223.0
223.0
223.0
223.0
223.0
197.0
223.0
223.0
197.0
249.0
223.0
248.0
249.0
249.0
249.0
249.0
275.0
249.0
249.0
249.0
221.0
221.0
221.0
221.0
195.0
247.0
221.0
221.0
221.0
205.0
645.0
931.0
949.0
949.0
897.0
905.0
931.0
923.0
897.0
793.0
533.0
429.0
353.0
275.0
275.0
249.0
223.0
249.0
197.0
223.0
223.0
223.0
211.0
341.0
627.0
887.0
913.0
939.0
887.0
897.0
923.0
897.0
897.0
767.0
533.0
429.0
325.0
273.0
221.0
273.0
221.0
247.0
221.0
195.0
221.0
221.0
221.0
351.0
689.0
871.0
923.0
949.0
845.0
897.0
897.0
897.0
897.0
767.0
539.0
403.0
351.0
273.0
273.0
221.0
221.0
221.0
247.0
247.0
195.0
247.0
221.0
377.0
637.0
897.0
923.0
949.0
845.0
897.0
897.0
897.0
871.0
741.0
507.0
377.0
299.0
271.0
245.0
221.0
221.0
221.0
221.0
195.0
221.0
221.0
195.0
325.0
611.0
845.0
897.0
897.0
819.0
871.0
871.0
819.0
819.0
715.0
455.0
351.0
275.0
221.0
221.0
221.0
195.0
197.0
195.0
195.0
195.0
195.0
195.0
195.0
221.0
273.0
273.0
300.0
274.0
325.0
299.0
325.0
299.0
273.0
247.0
247.0
221.0
195.0
221.0
221.0
201.0
201.0
195.0
195.0
201.0
201.0
203.0
203.0
229.0
211.0
247.0
247.0
247.0
234.0
247.0
247.0
247.0
273.0
247.0
247.0
221.0
195.0
221.0
221.0
195.0
195.0
195.0
197.0
223.0
195.0
195.0
197.0
611.0
897.0
923.0
923.0
871.0
887.0
897.0
897.0
871.0
741.0
455.0
377.0
325.0
273.0
221.0
221.0
195.0
221.0
221.0
195.0
221.0
195.0
221.0
325.0
585.0
871.0
897.0
949.0
845.0
897.0
871.0
871.0
845.0
767.0
481.0
377.0
351.0
273.0
237.0
221.0
221.0
221.0
221.0
221.0
195.0
221.0
195.0
351.0
585.0
819.0
871.0
925.0
821.0
873.0
873.0
847.0
847.0
717.0
457.0
379.0
301.0
275.0
249.0
223.0
223.0
197.0
197.0
223.0
197.0
223.0
223.0
353.0
561.0
821.0
845.0
897.0
819.0
845.0
819.0
819.0
793.0
611.0
403.0
327.0
275.0
249.0
211.0
211.0
185.0
197.0
185.0
185.0
185.0
197.0
159.0
185.0
232.0
223.0
249.0
249.0
249.0
249.0
249.0
249.0
249.0
249.0
237.0
211.0
211.0
221.0
195.0
221.0
193.0
193.0
221.0
195.0
221.0
197.0
169.0
195.0
197.0
221.0
247.0
247.0
221.0
247.0
244.0
244.0
244.0
218.0
211.0
218.0
192.0
211.0
197.0
211.0
193.0
195.0
193.0
195.0
197.0
197.0
159.0
185.0
211.0
237.0
263.0
263.0
263.0
263.0
263.0
263.0
263.0
237.0
221.0
247.0
247.0
221.0
195.0
221.0
193.0
193.0
221.0
221.0
197.0
197.0
229.0
353.0
611.0
949.0
949.0
975.0
897.0
949.0
949.0
949.0
923.0
819.0
533.0
455.0
351.0
273.0
221.0
221.0
200.0
221.0
221.0
221.0
221.0
195.0
221.0
379.0
665.0
925.0
951.0
1003.0
925.0
951.0
925.0
925.0
925.0
795.0
535.0
431.0
379.0
275.0
249.0
223.0
223.0
223.0
197.0
223.0
221.0
195.0
221.0
377.0
637.0
949.0
949.0
1001.0
897.0
949.0
923.0
923.0
923.0
793.0
559.0
403.0
351.0
299.0
247.0
221.0
221.0
197.0
223.0
197.0
197.0
223.0
223.0
379.0
639.0
925.0
951.0
847.0
847.0
717.0
457.0
379.0
327.0
275.0
249.0
223.0
223.0
223.0
221.0
195.0
221.0
195.0
195.0
195.0
221.0
273.0
301.0
301.0
301.0
299.0
301.0
325.0
299.0
247.0
247.0
221.0
221.0
219.0
193.0
167.0
193.0
193.0
193.0
193.0
195.0
195.0
177.0
160.0
221.0
247.0
247.0
247.0
247.0
247.0
273.0
247.0
247.0
247.0
247.0
221.0
221.0
221.0
195.0
169.0
221.0
221.0
197.0
197.0
197.0
197.0
223.0
327.0
587.0
847.0
899.0
899.0
847.0
873.0
899.0
899.0
873.0
769.0
535.0
379.0
353.0
275.0
249.0
223.0
223.0
197.0
197.0
197.0
197.0
197.0
221.0
325.0
637.0
845.0
897.0
949.0
819.0
897.0
897.0
897.0
871.0
741.0
457.0
353.0
301.0
275.0
223.0
223.0
223.0
197.0
171.0
197.0
197.0
197.0
221.0
351.0
585.0
871.0
923.0
949.0
819.0
897.0
871.0
897.0
871.0
741.0
455.0
351.0
325.0
273.0
221.0
195.0
221.0
193.0
195.0
195.0
195.0
195.0
195.0
325.0
559.0
845.0
871.0
923.0
819.0
871.0
871.0
871.0
871.0
715.0
507.0
377.0
325.0
273.0
221.0
169.0
221.0
197.0
195.0
195.0
195.0
195.0
195.0
351.0
585.0
845.0
897.0
923.0
819.0
871.0
835.0
861.0
835.0
705.0
445.0
367.0
289.0
237.0
211.0
169.0
202.0
202.0
202.0
176.0
202.0
171.0
171.0
171.0
202.0
275.0
275.0
275.0
249.0
301.0
281.0
275.0
275.0
249.0
197.0
169.0
202.0
176.0
196.0
170.0
176.0
183.0
157.0
169.0
169.0
131.0
157.0
169.0
195.0
247.0
273.0
273.0
247.0
273.0
273.0
273.0
273.0
249.0
221.0
197.0
221.0
197.0
197.0
157.0
157.0
183.0
131.0
157.0
171.0
203.0
157.0
157.0
497.0
845.0
819.0
871.0
801.0
845.0
819.0
819.0
819.0
689.0
455.0
377.0
325.0
247.0
247.0
169.0
197.0
170.0
193.0
171.0
171.0
171.0
197.0
275.0
509.0
795.0
845.0
847.0
741.0
819.0
793.0
819.0
793.0
663.0
453.0
351.0
325.0
273.0
245.0
169.0
196.0
170.0
167.0
193.0
169.0
195.0
169.0
299.0
533.0
793.0
819.0
845.0
741.0
819.0
819.0
793.0
793.0
663.0
422.0
351.0
297.0
247.0
247.0
169.0
167.0
170.0
167.0
167.0
169.0
169.0
195.0
273.0
507.0
793.0
845.0
847.0
743.0
821.0
821.0
795.0
795.0
691.0
457.0
353.0
301.0
275.0
247.0
169.0
197.0
170.0
196.0
197.0
169.0
169.0
195.0
273.0
507.0
795.0
793.0
845.0
741.0
793.0
793.0
767.0
767.0
637.0
455.0
325.0
266.0
214.0
195.0
162.0
162.0
162.0
162.0
162.0
162.0
162.0
136.0
162.0
162.0
188.0
188.0
188.0
188.0
214.0
188.0
214.0
188.0
188.0
162.0
188.0
195.0
162.0
162.0
162.0
162.0
162.0
162.0
162.0
136.0
162.0
136.0
162.0
169.0
171.0
171.0
197.0
171.0
171.0
197.0
197.0
197.0
197.0
162.0
188.0
162.0
162.0
162.0
162.0
162.0
170.0
145.0
171.0
171.0
145.0
171.0
171.0
145.0
171.0
197.0
197.0
197.0
197.0
197.0
195.0
195.0
195.0
195.0
197.0
195.0
170.0
170.0
167.0
169.0
170.0
167.0
167.0
167.0
167.0
171.0
157.0
417.0
625.0
821.0
821.0
708.0
819.0
793.0
786.0
767.0
663.0
455.0
351.0
292.0
214.0
214.0
162.0
196.0
170.0
188.0
162.0
169.0
169.0
169.0
273.0
533.0
767.0
819.0
853.0
739.0
819.0
793.0
793.0
767.0
663.0
448.0
327.0
332.0
249.0
223.0
162.0
196.0
188.0
197.0
171.0
171.0
171.0
171.0
275.0
509.0
795.0
821.0
847.0
743.0
821.0
795.0
795.0
769.0
639.0
453.0
349.0
271.0
245.0
219.0
167.0
167.0
193.0
167.0
193.0
167.0
171.0
197.0
301.0
509.0
717.0
769.0
795.0
713.0
769.0
743.0
743.0
717.0
613.0
455.0
353.0
249.0
223.0
197.0
170.0
170.0
167.0
167.0
167.0
169.0
169.0
169.0
169.0
169.0
221.0
221.0
221.0
195.0
214.0
214.0
214.0
214.0
214.0
188.0
167.0
193.0
162.0
162.0
170.0
170.0
167.0
167.0
167.0
169.0
167.0
141.0
169.0
169.0
221.0
247.0
247.0
221.0
221.0
247.0
221.0
195.0
195.0
195.0
195.0
195.0
195.0
167.0
170.0
170.0
162.0
162.0
171.0
171.0
171.0
171.0
171.0
483.0
734.0
795.0
795.0
717.0
769.0
769.0
769.0
769.0
613.0
431.0
353.0
327.0
249.0
223.0
170.0
196.0
193.0
197.0
197.0
197.0
195.0
169.0
299.0
507.0
743.0
793.0
819.0
741.0
767.0
767.0
767.0
767.0
598.0
429.0
351.0
273.0
219.0
196.0
170.0
196.0
170.0
167.0
167.0
167.0
171.0
171.0
275.0
505.0
739.0
791.0
817.0
713.0
767.0
767.0
767.0
741.0
611.0
429.0
325.0
299.0
273.0
195.0
170.0
196.0
195.0
169.0
169.0
169.0
195.0
169.0
299.0
507.0
741.0
793.0
847.0
715.0
793.0
767.0
767.0
767.0
637.0
429.0
325.0
273.0
247.0
188.0
162.0
196.0
162.0
188.0
162.0
162.0
162.0
188.0
266.0
500.0
734.0
734.0
786.0
708.0
741.0
715.0
715.0
711.0
611.0
403.0
325.0
273.0
219.0
217.0
170.0
170.0
165.0
165.0
169.0
169.0
169.0
169.0
169.0
169.0
247.0
247.0
247.0
221.0
247.0
273.0
221.0
247.0
221.0
221.0
195.0
197.0
197.0
171.0
170.0
145.0
171.0
171.0
171.0
171.0
171.0
143.0
195.0
165.0
191.0
223.0
217.0
243.0
217.0
217.0
217.0
217.0
217.0
217.0
191.0
191.0
165.0
165.0
165.0
165.0
165.0
171.0
171.0
171.0
171.0
171.0
171.0
469.0
769.0
743.0
769.0
717.0
769.0
769.0
769.0
769.0
637.0
429.0
351.0
297.0
247.0
221.0
162.0
193.0
167.0
167.0
169.0
169.0
169.0
169.0
273.0
500.0
767.0
786.0
793.0
708.0
793.0
767.0
767.0
767.0
637.0
453.0
325.0
271.0
219.0
219.0
167.0
167.0
191.0
165.0
165.0
191.0
165.0
191.0
269.0
529.0
763.0
763.0
815.0
711.0
789.0
789.0
767.0
767.0
637.0
429.0
351.0
297.0
247.0
219.0
170.0
193.0
167.0
195.0
169.0
169.0
169.0
195.0
273.0
533.0
741.0
767.0
819.0
689.0
767.0
767.0
767.0
741.0
637.0
429.0
325.0
273.0
219.0
219.0
170.0
196.0
167.0
193.0
167.0
169.0
169.0
195.0
273.0
529.0
737.0
739.0
789.0
685.0
741.0
767.0
715.0
637.0
521.0
403.0
351.0
273.0
217.0
217.0
167.0
193.0
191.0
191.0
191.0
165.0
191.0
165.0
191.0
191.0
269.0
269.0
269.0
243.0
273.0
275.0
275.0
275.0
249.0
197.0
223.0
197.0
223.0
197.0
167.0
195.0
195.0
195.0
195.0
169.0
195.0
197.0
195.0
195.0
247.0
247.0
273.0
247.0
273.0
273.0
247.0
273.0
221.0
221.0
195.0
169.0
195.0
197.0
165.0
171.0
183.0
161.0
191.0
171.0
171.0
197.0
229.0
487.0
611.0
767.0
815.0
767.0
789.0
793.0
793.0
767.0
663.0
455.0
351.0
299.0
247.0
222.0
170.0
167.0
165.0
165.0
169.0
169.0
195.0
169.0
273.0
533.0
793.0
795.0
845.0
741.0
795.0
795.0
769.0
769.0
639.0
457.0
353.0
327.0
275.0
223.0
171.0
171.0
171.0
171.0
197.0
171.0
171.0
195.0
273.0
507.0
767.0
793.0
819.0
715.0
767.0
767.0
763.0
763.0
633.0
425.0
347.0
295.0
243.0
243.0
165.0
165.0
165.0
165.0
165.0
165.0
165.0
191.0
269.0
503.0
763.0
734.0
819.0
715.0
767.0
767.0
767.0
741.0
637.0
429.0
351.0
325.0
269.0
222.0
176.0
191.0
165.0
195.0
169.0
169.0
169.0
169.0
299.0
325.0
295.0
269.0
243.0
217.0
243.0
209.0
243.0
165.0
183.0
221.0
223.0
231.0
195.0
195.0
189.0
221.0
247.0
281.0
307.0
351.0
299.0
299.0
273.0
292.0
273.0
273.0
247.0
247.0
247.0
214.0
214.0
162.0
214.0
183.0
221.0
195.0
205.0
189.0
189.0
215.0
611.0
853.0
923.0
923.0
845.0
897.0
905.0
871.0
871.0
741.0
481.0
377.0
353.0
275.0
275.0
257.0
223.0
205.0
231.0
205.0
205.0
231.0
231.0
361.0
621.0
855.0
881.0
907.0
855.0
845.0
855.0
855.0
855.0
725.0
481.0
387.0
325.0
269.0
269.0
243.0
217.0
217.0
217.0
217.0
191.0
217.0
243.0
373.0
633.0
815.0
841.0
919.0
871.0
845.0
871.0
845.0
819.0
715.0
481.0
377.0
325.0
273.0
273.0
247.0
247.0
221.0
221.0
221.0
221.0
247.0
221.0
377.0
637.0
845.0
871.0
923.0
871.0
897.0
845.0
845.0
845.0
715.0
507.0
377.0
325.0
325.0
243.0
243.0
243.0
243.0
221.0
195.0
221.0
221.0
221.0
351.0
663.0
897.0
871.0
949.0
871.0
897.0
845.0
871.0
845.0
715.0
507.0
377.0
325.0
269.0
243.0
243.0
217.0
217.0
217.0
217.0
191.0
221.0
191.0
191.0
191.0
217.0
217.0
217.0
217.0
217.0
217.0
217.0
217.0
217.0
217.0
221.0
195.0
247.0
221.0
169.0
195.0
217.0
210.0
217.0
191.0
191.0
197.0
197.0
191.0
217.0
243.0
269.0
243.0
243.0
217.0
243.0
243.0
217.0
243.0
217.0
243.0
217.0
217.0
165.0
217.0
188.0
188.0
188.0
214.0
197.0
221.0
198.0
663.0
923.0
1001.0
1053.0
949.0
1001.0
949.0
949.0
923.0
793.0
533.0
429.0
377.0
325.0
273.0
247.0
221.0
243.0
233.0
217.0
217.0
221.0
243.0
373.0
685.0
945.0
975.0
1053.0
949.0
975.0
949.0
949.0
923.0
767.0
507.0
403.0
347.0
301.0
249.0
249.0
223.0
223.0
223.0
223.0
249.0
197.0
223.0
353.0
663.0
923.0
949.0
1027.0
949.0
923.0
923.0
923.0
897.0
793.0
559.0
429.0
377.0
299.0
278.0
247.0
221.0
221.0
221.0
221.0
247.0
247.0
221.0
351.0
639.0
923.0
949.0
1001.0
949.0
949.0
949.0
951.0
925.0
795.0
535.0
405.0
379.0
295.0
249.0
249.0
249.0
223.0
217.0
217.0
243.0
217.0
217.0
347.0
607.0
945.0
945.0
997.0
918.0
945.0
919.0
893.0
899.0
795.0
535.0
353.0
275.0
249.0
223.0
273.0
221.0
195.0
221.0
221.0
252.0
195.0
221.0
200.0
200.0
252.0
252.0
252.0
252.0
275.0
278.0
273.0
252.0
252.0
278.0
226.0
252.0
226.0
252.0
174.0
200.0
226.0
226.0
226.0
200.0
232.0
197.0
223.0
226.0
226.0
226.0
223.0
278.0
304.0
252.0
252.0
252.0
252.0
252.0
252.0
226.0
226.0
226.0
174.0
226.0
226.0
216.0
183.0
217.0
223.0
223.0
327.0
637.0
949.0
970.0
1053.0
949.0
1001.0
1027.0
975.0
975.0
819.0
585.0
429.0
346.0
294.0
273.0
273.0
247.0
242.0
216.0
216.0
217.0
217.0
217.0
373.0
599.0
945.0
996.0
1022.0
971.0
1001.0
975.0
949.0
975.0
841.0
559.0
429.0
351.0
299.0
243.0
269.0
249.0
217.0
242.0
217.0
217.0
232.0
217.0
347.0
633.0
919.0
945.0
1023.0
945.0
971.0
949.0
949.0
923.0
793.0
533.0
425.0
347.0
325.0
247.0
273.0
247.0
216.0
216.0
217.0
221.0
221.0
221.0
346.0
637.0
923.0
975.0
1053.0
949.0
975.0
975.0
949.0
923.0
845.0
533.0
429.0
351.0
299.0
273.0
273.0
273.0
221.0
242.0
242.0
221.0
221.0
221.0
377.0
611.0
923.0
945.0
1027.0
949.0
975.0
975.0
949.0
923.0
819.0
533.0
377.0
346.0
273.0
247.0
268.0
221.0
190.0
216.0
216.0
216.0
190.0
216.0
216.0
242.0
242.0
268.0
268.0
268.0
268.0
268.0
268.0
268.0
268.0
242.0
242.0
216.0
216.0
242.0
165.0
217.0
217.0
217.0
223.0
191.0
191.0
197.0
191.0
191.0
217.0
217.0
269.0
243.0
243.0
269.0
269.0
269.0
245.0
245.0
217.0
217.0
217.0
191.0
165.0
165.0
195.0
217.0
165.0
165.0
197.0
197.0
184.0
633.0
841.0
897.0
1001.0
945.0
945.0
997.0
945.0
975.0
845.0
585.0
451.0
373.0
295.0
269.0
269.0
221.0
195.0
245.0
221.0
221.0
195.0
221.0
351.0
637.0
923.0
949.0
1053.0
949.0
975.0
1001.0
975.0
949.0
841.0
581.0
451.0
373.0
321.0
269.0
269.0
243.0
243.0
245.0
245.0
217.0
217.0
243.0
375.0
633.0
945.0
945.0
1049.0
945.0
971.0
971.0
945.0
945.0
815.0
607.0
399.0
373.0
349.0
247.0
271.0
245.0
245.0
245.0
219.0
245.0
247.0
221.0
377.0
637.0
949.0
975.0
1053.0
949.0
975.0
949.0
949.0
949.0
819.0
611.0
481.0
377.0
325.0
273.0
269.0
243.0
245.0
217.0
245.0
217.0
221.0
247.0
373.0
689.0
949.0
971.0
1049.0
945.0
997.0
975.0
949.0
945.0
793.0
585.0
429.0
343.0
299.0
273.0
273.0
221.0
195.0
195.0
216.0
217.0
191.0
191.0
190.0
218.0
243.0
245.0
269.0
269.0
269.0
269.0
243.0
269.0
255.0
217.0
217.0
243.0
191.0
217.0
165.0
191.0
191.0
217.0
191.0
223.0
191.0
197.0
223.0
221.0
221.0
245.0
279.0
273.0
247.0
271.0
271.0
271.0
271.0
245.0
219.0
245.0
219.0
193.0
167.0
193.0
221.0
193.0
193.0
221.0
223.0
223.0
198.0
663.0
923.0
1001.0
1027.0
949.0
1001.0
975.0
1001.0
949.0
819.0
533.0
429.0
347.0
295.0
269.0
243.0
217.0
243.0
217.0
245.0
217.0
243.0
223.0
379.0
639.0
925.0
1003.0
1055.0
975.0
1001.0
975.0
949.0
949.0
845.0
585.0
429.0
351.0
299.0
273.0
243.0
243.0
217.0
217.0
217.0
217.0
217.0
217.0
373.0
637.0
949.0
1001.0
1053.0
949.0
1001.0
1001.0
975.0
975.0
845.0
585.0
429.0
377.0
325.0
273.0
247.0
217.0
245.0
217.0
243.0
217.0
217.0
243.0
373.0
685.0
945.0
971.0
1049.0
945.0
997.0
971.0
945.0
919.0
841.0
529.0
425.0
373.0
321.0
269.0
243.0
217.0
219.0
219.0
219.0
219.0
193.0
210.0
379.0
691.0
921.0
977.0
1053.0
949.0
975.0
975.0
949.0
923.0
819.0
533.0
429.0
351.0
273.0
247.0
243.0
221.0
191.0
191.0
217.0
217.0
191.0
217.0
217.0
217.0
219.0
269.0
245.0
269.0
243.0
269.0
269.0
245.0
219.0
245.0
217.0
245.0
191.0
217.0
162.0
197.0
197.0
197.0
197.0
197.0
223.0
197.0
197.0
223.0
223.0
245.0
271.0
275.0
245.0
271.0
245.0
271.0
219.0
271.0
245.0
245.0
191.0
223.0
165.0
197.0
217.0
191.0
191.0
191.0
191.0
197.0
205.0
637.0
949.0
1001.0
1027.0
949.0
1001.0
975.0
1001.0
975.0
845.0
585.0
455.0
351.0
299.0
247.0
242.0
221.0
216.0
216.0
242.0
217.0
217.0
243.0
347.0
633.0
945.0
997.0
1049.0
945.0
997.0
945.0
971.0
945.0
841.0
581.0
425.0
347.0
295.0
269.0
243.0
217.0
217.0
217.0
243.0
243.0
217.0
217.0
373.0
633.0
923.0
949.0
1053.0
923.0
975.0
949.0
949.0
897.0
845.0
559.0
429.0
351.0
299.0
247.0
247.0
221.0
195.0
221.0
221.0
221.0
221.0
221.0
377.0
633.0
919.0
945.0
1049.0
945.0
945.0
945.0
919.0
893.0
793.0
533.0
373.0
351.0
299.0
243.0
243.0
217.0
217.0
191.0
217.0
191.0
217.0
191.0
373.0
607.0
893.0
919.0
1023.0
945.0
945.0
919.0
919.0
893.0
763.0
529.0
373.0
325.0
247.0
247.0
247.0
195.0
195.0
195.0
195.0
195.0
193.0
923.0
975.0
975.0
949.0
923.0
819.0
533.0
429.0
351.0
273.0
247.0
221.0
217.0
217.0
191.0
217.0
191.0
191.0
217.0
351.0
637.0
923.0
960.0
1038.0
934.0
1012.0
960.0
949.0
926.0
845.0
559.0
429.0
362.0
310.0
258.0
232.0
258.0
206.0
232.0
232.0
232.0
232.0
258.0
388.0
648.0
960.0
1012.0
1064.0
960.0
986.0
945.0
919.0
919.0
789.0
529.0
425.0
347.0
269.0
243.0
217.0
217.0
217.0
217.0
217.0
191.0
217.0
191.0
373.0
633.0
919.0
971.0
1023.0
934.0
960.0
934.0
934.0
908.0
804.0
466.0
388.0
310.0
244.0
247.0
221.0
195.0
218.0
217.0
191.0
217.0
191.0
217.0
191.0
217.0
269.0
321.0
295.0
295.0
347.0
348.0
322.0
349.0
322.0
296.0
270.0
244.0
218.0
192.0
209.0
192.0
217.0
217.0
191.0
217.0
191.0
191.0
217.0
218.0
243.0
269.0
270.0
270.0
270.0
270.0
270.0
269.0
244.0
269.0
269.0
217.0
217.0
217.0
217.0
227.0
191.0
217.0
194.0
226.0
200.0
226.0
200.0
633.0
971.0
997.0
1023.0
945.0
997.0
945.0
971.0
945.0
815.0
581.0
451.0
347.0
303.0
243.0
217.0
217.0
217.0
217.0
217.0
217.0
217.0
243.0
373.0
633.0
945.0
971.0
997.0
919.0
971.0
971.0
945.0
945.0
815.0
555.0
425.0
373.0
295.0
269.0
219.0
217.0
243.0
217.0
217.0
191.0
217.0
243.0
373.0
633.0
949.0
975.0
1001.0
923.0
1001.0
975.0
949.0
923.0
819.0
559.0
399.0
347.0
321.0
268.0
216.0
243.0
242.0
216.0
216.0
217.0
243.0
243.0
373.0
633.0
945.0
971.0
1023.0
945.0
945.0
945.0
919.0
919.0
755.0
503.0
451.0
373.0
297.0
251.0
219.0
216.0
225.0
216.0
216.0
225.0
199.0
251.0
381.0
641.0
953.0
953.0
1005.0
901.0
953.0
919.0
919.0
901.0
755.0
521.0
407.0
355.0
277.0
225.0
225.0
225.0
199.0
225.0
225.0
199.0
225.0
199.0
191.0
243.0
349.0
347.0
351.0
321.0
347.0
348.0
348.0
348.0
322.0
277.0
251.0
251.0
251.0
225.0
209.0
209.0
225.0
225.0
225.0
225.0
199.0
225.0
199.0
251.0
255.0
329.0
355.0
323.0
347.0
347.0
349.0
349.0
347.0
269.0
243.0
217.0
191.0
165.0
217.0
165.0
165.0
191.0
217.0
173.0
203.0
199.0
197.0
563.0
957.0
992.0
1057.0
927.0
979.0
979.0
953.0
979.0
841.0
607.0
451.0
347.0
269.0
243.0
217.0
199.0
216.0
216.0
190.0
191.0
191.0
217.0
373.0
659.0
927.0
979.0
1005.0
927.0
953.0
927.0
927.0
901.0
755.0
511.0
433.0
355.0
277.0
242.0
225.0
199.0
198.0
224.0
198.0
224.0
198.0
217.0
351.0
663.0
949.0
975.0
1027.0
897.0
949.0
952.0
926.0
926.0
789.0
555.0
432.0
354.0
276.0
224.0
224.0
198.0
224.0
198.0
198.0
224.0
198.0
225.0
355.0
641.0
927.0
979.0
1005.0
901.0
953.0
927.0
927.0
901.0
771.0
511.0
381.0
355.0
277.0
251.0
225.0
225.0
225.0
225.0
190.0
251.0
232.0
232.0
388.0
648.0
960.0
960.0
986.0
821.0
908.0
815.0
815.0
789.0
632.0
511.0
381.0
294.0
242.0
242.0
216.0
216.0
216.0
216.0
198.0
224.0
224.0
224.0
224.0
224.0
302.0
406.0
406.0
354.0
406.0
398.0
398.0
378.0
346.0
250.0
224.0
224.0
224.0
198.0
209.0
204.0
198.0
172.0
191.0
172.0
183.0
172.0
198.0
224.0
223.0
346.0
346.0
354.0
346.0
328.0
328.0
328.0
277.0
250.0
251.0
225.0
216.0
225.0
209.0
190.0
190.0
190.0
190.0
191.0
191.0
197.0
353.0
703.0
841.0
867.0
919.0
866.0
867.0
867.0
867.0
841.0
711.0
477.0
347.0
295.0
268.0
242.0
216.0
190.0
199.0
199.0
199.0
199.0
199.0
225.0
355.0
589.0
823.0
849.0
901.0
849.0
849.0
823.0
823.0
797.0
667.0
459.0
336.0
294.0
268.0
242.0
216.0
251.0
216.0
225.0
216.0
225.0
225.0
251.0
355.0
589.0
823.0
797.0
849.0
823.0
797.0
797.0
797.0
771.0
563.0
407.0
329.0
303.0
251.0
277.0
209.0
209.0
209.0
209.0
183.0
209.0
209.0
209.0
339.0
547.0
729.0
755.0
769.0
729.0
703.0
729.0
677.0
651.0
521.0
365.0
287.0
235.0
209.0
215.0
215.0
189.0
189.0
215.0
189.0
215.0
189.0
218.0
319.0
475.0
605.0
631.0
657.0
657.0
631.0
605.0
579.0
553.0
475.0
345.0
267.0
216.0
204.0
189.0
215.0
189.0
163.0
189.0
189.0
189.0
189.0
189.0
295.0
373.0
501.0
476.0
475.0
449.0
379.0
293.0
215.0
189.0
163.0
163.0
163.0
163.0
163.0
163.0
215.0
163.0
163.0
163.0
163.0
163.0
163.0
163.0
163.0
137.0
141.0
141.0
141.0
163.0
137.0
137.0
137.0
137.0
137.0
173.0
163.0
163.0
163.0
163.0
155.0
137.0
163.0
163.0
163.0
163.0
163.0
137.0
137.0
144.0
144.0
163.0
163.0
144.0
144.0
137.0
144.0
163.0
163.0
163.0
137.0
163.0
163.0
137.0
163.0
163.0
137.0
163.0
163.0
163.0
163.0
137.0
137.0
163.0
163.0
137.0
137.0
163.0
163.0
163.0
137.0
163.0
163.0
163.0
163.0
137.0
163.0
163.0
163.0
137.0
163.0
163.0
137.0
163.0
163.0
137.0
137.0
137.0
163.0
137.0
163.0
137.0
163.0
163.0
137.0
163.0
137.0
163.0
163.0
163.0
163.0
163.0
137.0
163.0
163.0
163.0
163.0
163.0
163.0
137.0
163.0
137.0
163.0
163.0
137.0
163.0
137.0
137.0
163.0
137.0
163.0
163.0
163.0
163.0
163.0
163.0
163.0
163.0
137.0
163.0
137.0
163.0
137.0
137.0
163.0
137.0
163.0
137.0
137.0
177.0
137.0
173.0
163.0
163.0
163.0
163.0
163.0
163.0
163.0
163.0
163.0
137.0
163.0
137.0
163.0
137.0
163.0
137.0
163.0
163.0
163.0
137.0
163.0
171.0
163.0
189.0
163.0
163.0
163.0
163.0
163.0
164.0
163.0
163.0
137.0
163.0
163.0
163.0
163.0
163.0
163.0
163.0
145.0
475.0
605.0
631.0
657.0
657.0
631.0
605.0
553.0
553.0
449.0
293.0
267.0
215.0
228.0
189.0
215.0
189.0
189.0
163.0
163.0
189.0
241.0
189.0
295.0
579.0
787.0
813.0
873.0
787.0
815.0
815.0
787.0
787.0
631.0
371.0
293.0
241.0
215.0
215.0
215.0
189.0
189.0
189.0
183.0
183.0
209.0
209.0
313.0
625.0
823.0
859.0
911.0
833.0
859.0
885.0
901.0
875.0
703.0
459.0
325.0
261.0
221.0
195.0
221.0
195.0
195.0
195.0
195.0
221.0
195.0
195.0
191.0
633.0
867.0
919.0
919.0
841.0
893.0
867.0
893.0
867.0
729.0
451.0
373.0
295.0
269.0
217.0
217.0
191.0
217.0
191.0
205.0
221.0
221.0
221.0
351.0
631.0
891.0
917.0
943.0
839.0
891.0
865.0
865.0
839.0
729.0
449.0
345.0
319.0
267.0
241.0
215.0
189.0
215.0
189.0
215.0
189.0
215.0
215.0
371.0
631.0
891.0
917.0
943.0
839.0
891.0
891.0
865.0
839.0
709.0
449.0
345.0
293.0
241.0
215.0
215.0
189.0
163.0
189.0
189.0
189.0
189.0
189.0
189.0
189.0
241.0
241.0
241.0
267.0
241.0
267.0
215.0
267.0
215.0
215.0
215.0
215.0
189.0
189.0
163.0
189.0
189.0
215.0
201.0
223.0
189.0
163.0
189.0
189.0
215.0
215.0
241.0
241.0
215.0
215.0
215.0
215.0
215.0
215.0
189.0
215.0
189.0
189.0
163.0
189.0
189.0
189.0
189.0
189.0
199.0
199.0
353.0
605.0
917.0
943.0
995.0
865.0
943.0
943.0
943.0
917.0
735.0
527.0
371.0
293.0
241.0
222.0
215.0
189.0
196.0
189.0
215.0
163.0
163.0
137.0
137.0
170.0
170.0
170.0
163.0
241.0
222.0
196.0
196.0
196.0
170.0
170.0
170.0
170.0
170.0
170.0
170.0
170.0
131.0
170.0
157.0
131.0
157.0
131.0
131.0
131.0
157.0
183.0
183.0
183.0
183.0
183.0
189.0
189.0
189.0
163.0
163.0
163.0
163.0
163.0
137.0
163.0
163.0
137.0
137.0
163.0
163.0
163.0
199.0
139.0
495.0
787.0
761.0
761.0
709.0
761.0
761.0
761.0
735.0
631.0
423.0
319.0
274.0
222.0
189.0
151.0
189.0
189.0
163.0
163.0
163.0
163.0
189.0
293.0
527.0
813.0
839.0
839.0
787.0
839.0
813.0
813.0
793.0
683.0
449.0
345.0
293.0
248.0
222.0
248.0
189.0
189.0
189.0
189.0
189.0
163.0
215.0
269.0
529.0
815.0
841.0
893.0
787.0
839.0
813.0
813.0
787.0
683.0
475.0
371.0
352.0
248.0
222.0
248.0
190.0
189.0
189.0
189.0
189.0
163.0
191.0
295.0
529.0
815.0
841.0
891.0
813.0
867.0
841.0
841.0
789.0
685.0
451.0
321.0
294.0
242.0
222.0
242.0
190.0
189.0
189.0
189.0
189.0
163.0
189.0
293.0
521.0
813.0
813.0
865.0
787.0
813.0
815.0
815.0
789.0
683.0
449.0
345.0
287.0
274.0
235.0
241.0
189.0
189.0
189.0
163.0
189.0
163.0
215.0
267.0
527.0
813.0
839.0
891.0
813.0
865.0
839.0
839.0
813.0
709.0
475.0
371.0
267.0
215.0
222.0
241.0
163.0
163.0
163.0
163.0
163.0
163.0
163.0
157.0
198.0
224.0
224.0
198.0
198.0
224.0
224.0
222.0
248.0
224.0
198.0
198.0
172.0
198.0
172.0
163.0
163.0
163.0
163.0
163.0
175.0
163.0
163.0
163.0
189.0
189.0
215.0
215.0
215.0
215.0
222.0
211.0
222.0
222.0
196.0
196.0
196.0
222.0
196.0
170.0
196.0
170.0
196.0
170.0
196.0
172.0
196.0
297.0
495.0
826.0
867.0
930.0
826.0
878.0
852.0
852.0
826.0
722.0
449.0
384.0
306.0
252.0
222.0
241.0
189.0
241.0
241.0
241.0
241.0
241.0
243.0
347.0
503.0
789.0
841.0
867.0
789.0
789.0
763.0
763.0
737.0
659.0
451.0
397.0
356.0
304.0
278.0
267.0
267.0
267.0
293.0
267.0
267.0
293.0
293.0
371.0
495.0
719.0
771.0
849.0
745.0
771.0
771.0
745.0
745.0
667.0
459.0
407.0
355.0
329.0
313.0
303.0
225.0
199.0
225.0
199.0
225.0
199.0
225.0
329.0
537.0
849.0
849.0
921.0
807.0
833.0
833.0
833.0
833.0
703.0
469.0
365.0
313.0
271.0
245.0
219.0
216.0
190.0
216.0
216.0
217.0
217.0
217.0
321.0
555.0
815.0
867.0
919.0
815.0
869.0
865.0
865.0
865.0
709.0
449.0
345.0
271.0
271.0
245.0
219.0
163.0
163.0
163.0
163.0
175.0
163.0
163.0
163.0
193.0
271.0
293.0
297.0
297.0
271.0
271.0
271.0
271.0
271.0
219.0
219.0
193.0
193.0
193.0
167.0
167.0
167.0
167.0
167.0
167.0
163.0
163.0
167.0
193.0
271.0
267.0
293.0
271.0
297.0
297.0
297.0
271.0
271.0
224.0
219.0
198.0
198.0
198.0
172.0
167.0
198.0
198.0
198.0
198.0
193.0
193.0
297.0
475.0
744.0
787.0
848.0
796.0
822.0
822.0
770.0
770.0
666.0
432.0
354.0
302.0
276.0
276.0
224.0
224.0
198.0
224.0
198.0
198.0
198.0
198.0
306.0
543.0
733.0
796.0
837.0
770.0
816.0
785.0
785.0
785.0
681.0
484.0
378.0
328.0
248.0
250.0
222.0
224.0
187.0
213.0
187.0
187.0
187.0
187.0
265.0
495.0
785.0
811.0
889.0
785.0
837.0
811.0
811.0
785.0
681.0
456.0
346.0
287.0
268.0
242.0
213.0
213.0
187.0
187.0
187.0
187.0
187.0
187.0
291.0
495.0
811.0
837.0
915.0
811.0
863.0
837.0
837.0
811.0
707.0
473.0
369.0
361.0
242.0
242.0
216.0
216.0
216.0
191.0
191.0
205.0
205.0
205.0
335.0
595.0
855.0
881.0
915.0
811.0
863.0
837.0
837.0
811.0
707.0
447.0
317.0
265.0
213.0
185.0
161.0
187.0
161.0
161.0
187.0
161.0
161.0
187.0
161.0
189.0
309.0
293.0
293.0
250.0
293.0
293.0
293.0
293.0
271.0
215.0
199.0
199.0
199.0
173.0
173.0
199.0
173.0
173.0
199.0
173.0
173.0
173.0
173.0
199.0
251.0
225.0
245.0
219.0
245.0
245.0
245.0
245.0
219.0
219.0
193.0
193.0
219.0
193.0
163.0
189.0
163.0
189.0
163.0
189.0
163.0
193.0
167.0
553.0
839.0
865.0
941.0
837.0
889.0
863.0
889.0
863.0
733.0
447.0
369.0
291.0
261.0
235.0
209.0
183.0
209.0
183.0
183.0
183.0
183.0
183.0
313.0
547.0
859.0
885.0
937.0
833.0
859.0
885.0
859.0
833.0
729.0
443.0
365.0
287.0
261.0
235.0
213.0
213.0
187.0
187.0
187.0
213.0
187.0
187.0
317.0
551.0
889.0
889.0
941.0
837.0
889.0
889.0
863.0
837.0
717.0
457.0
379.0
301.0
274.0
249.0
249.0
223.0
223.0
223.0
197.0
197.0
197.0
213.0
317.0
561.0
847.0
873.0
951.0
821.0
899.0
899.0
865.0
865.0
709.0
527.0
423.0
354.0
276.0
250.0
250.0
198.0
198.0
197.0
197.0
197.0
179.0
231.0
335.0
569.0
855.0
881.0
933.0
829.0
881.0
881.0
855.0
855.0
725.0
510.0
380.0
328.0
250.0
224.0
250.0
161.0
187.0
187.0
161.0
161.0
161.0
197.0
187.0
187.0
275.0
265.0
291.0
276.0
302.0
302.0
302.0
302.0
276.0
224.0
224.0
224.0
198.0
198.0
172.0
198.0
197.0
171.0
197.0
197.0
171.0
171.0
197.0
197.0
223.0
249.0
249.0
223.0
276.0
276.0
250.0
250.0
223.0
197.0
198.0
198.0
198.0
198.0
172.0
172.0
205.0
198.0
172.0
172.0
161.0
187.0
199.0
551.0
839.0
865.0
941.0
837.0
889.0
863.0
863.0
863.0
722.0
462.0
354.0
304.0
278.0
252.0
252.0
200.0
200.0
200.0
200.0
174.0
189.0
215.0
319.0
553.0
839.0
865.0
943.0
813.0
891.0
891.0
891.0
865.0
735.0
449.0
382.0
304.0
278.0
241.0
241.0
189.0
189.0
189.0
189.0
189.0
187.0
213.0
317.0
603.0
837.0
889.0
941.0
837.0
889.0
889.0
863.0
837.0
707.0
447.0
320.0
268.0
242.0
242.0
239.0
190.0
216.0
190.0
190.0
187.0
187.0
213.0
327.0
613.0
899.0
925.0
977.0
873.0
925.0
899.0
899.0
847.0
743.0
457.0
346.0
294.0
242.0
242.0
249.0
215.0
189.0
215.0
189.0
189.0
189.0
189.0
319.0
553.0
865.0
891.0
915.0
837.0
837.0
769.0
759.0
759.0
577.0
369.0
302.0
276.0
249.0
249.0
249.0
197.0
171.0
171.0
197.0
171.0
171.0
171.0
197.0
223.0
249.0
275.0
249.0
223.0
223.0
249.0
223.0
249.0
223.0
197.0
197.0
171.0
197.0
171.0
171.0
197.0
171.0
171.0
197.0
145.0
171.0
145.0
197.0
223.0
249.0
275.0
275.0
275.0
249.0
223.0
249.0
223.0
197.0
197.0
197.0
223.0
171.0
171.0
171.0
171.0
171.0
197.0
171.0
171.0
171.0
197.0
199.0
547.0
821.0
821.0
899.0
847.0
847.0
847.0
847.0
821.0
691.0
483.0
353.0
301.0
249.0
223.0
249.0
197.0
197.0
197.0
197.0
197.0
223.0
197.0
353.0
561.0
847.0
847.0
925.0
847.0
873.0
847.0
847.0
847.0
691.0
457.0
353.0
301.0
249.0
223.0
249.0
223.0
197.0
197.0
197.0
197.0
186.0
223.0
327.0
561.0
847.0
873.0
951.0
847.0
899.0
873.0
899.0
847.0
717.0
484.0
380.0
302.0
276.0
250.0
250.0
198.0
198.0
224.0
199.0
199.0
225.0
225.0
329.0
563.0
899.0
899.0
951.0
847.0
899.0
899.0
899.0
873.0
717.0
457.0
268.0
249.0
249.0
223.0
223.0
223.0
197.0
197.0
197.0
223.0
327.0
562.0
847.0
873.0
955.0
821.0
893.0
893.0
867.0
867.0
711.0
529.0
425.0
346.0
268.0
243.0
243.0
191.0
191.0
191.0
191.0
191.0
171.0
223.0
327.0
561.0
847.0
873.0
925.0
821.0
873.0
873.0
847.0
847.0
717.0
509.0
379.0
327.0
249.0
222.0
249.0
171.0
197.0
197.0
171.0
171.0
171.0
191.0
190.0
190.0
268.0
268.0
294.0
268.0
294.0
294.0
294.0
294.0
268.0
216.0
216.0
216.0
190.0
190.0
172.0
198.0
198.0
172.0
198.0
198.0
171.0
171.0
198.0
197.0
224.0
250.0
250.0
224.0
276.0
276.0
244.0
250.0
224.0
198.0
198.0
198.0
198.0
198.0
172.0
172.0
190.0
190.0
164.0
164.0
164.0
197.0
197.0
553.0
840.0
866.0
943.0
839.0
891.0
865.0
865.0
865.0
710.0
450.0
349.0
294.0
268.0
245.0
245.0
193.0
197.0
197.0
197.0
171.0
197.0
223.0
327.0
561.0
847.0
873.0
951.0
821.0
899.0
899.0
899.0
873.0
743.0
457.0
375.0
301.0
275.0
249.0
249.0
197.0
197.0
197.0
197.0
197.0
197.0
223.0
327.0
613.0
847.0
899.0
951.0
847.0
899.0
899.0
873.0
843.0
713.0
450.0
327.0
268.0
242.0
242.0
242.0
190.0
216.0
190.0
190.0
190.0
190.0
216.0
320.0
606.0
892.0
918.0
970.0
866.0
918.0
892.0
892.0
840.0
736.0
450.0
346.0
294.0
242.0
242.0
242.0
216.0
197.0
223.0
197.0
189.0
189.0
189.0
319.0
553.0
865.0
899.0
925.0
847.0
847.0
769.0
769.0
769.0
587.0
379.0
301.0
268.0
242.0
242.0
242.0
190.0
164.0
164.0
189.0
163.0
163.0
163.0
189.0
215.0
241.0
267.0
242.0
215.0
216.0
242.0
216.0
248.0
216.0
189.0
189.0
163.0
198.0
163.0
165.0
191.0
165.0
165.0
199.0
139.0
165.0
139.0
191.0
224.0
250.0
269.0
276.0
276.0
250.0
224.0
250.0
224.0
198.0
198.0
198.0
224.0
172.0
172.0
172.0
175.0
175.0
201.0
175.0
175.0
175.0
193.0
196.0
565.0
825.0
825.0
903.0
851.0
851.0
851.0
851.0
825.0
695.0
487.0
357.0
305.0
253.0
227.0
253.0
201.0
201.0
201.0
201.0
201.0
227.0
201.0
355.0
563.0
849.0
849.0
927.0
849.0
875.0
851.0
851.0
851.0
695.0
458.0
354.0
302.0
250.0
224.0
250.0
224.0
198.0
189.0
189.0
189.0
189.0
215.0
319.0
553.0
839.0
865.0
943.0
839.0
891.0
865.0
891.0
839.0
709.0
481.0
377.0
293.0
273.0
247.0
247.0
195.0
195.0
221.0
189.0
189.0
215.0
215.0
319.0
553.0
891.0
891.0
943.0
841.0
893.0
893.0
893.0
874.0
711.0
451.0
373.0
321.0
269.0
269.0
243.0
243.0
191.0
217.0
217.0
217.0
191.0
217.0
347.0
607.0
867.0
893.0
945.0
841.0
893.0
893.0
893.0
841.0
711.0
451.0
354.0
269.0
216.0
242.0
242.0
198.0
198.0
198.0
189.0
189.0
189.0
198.0
198.0
250.0
276.0
302.0
302.0
328.0
328.0
328.0
328.0
302.0
250.0
250.0
224.0
224.0
224.0
198.0
172.0
198.0
198.0
198.0
198.0
198.0
204.0
172.0
198.0
250.0
276.0
302.0
302.0
302.0
302.0
302.0
302.0
327.0
275.0
249.0
249.0
223.0
223.0
197.0
171.0
197.0
197.0
197.0
223.0
171.0
197.0
197.0
193.0
587.0
873.0
925.0
1003.0
873.0
951.0
925.0
918.0
891.0
735.0
501.0
371.0
320.0
242.0
216.0
242.0
190.0
190.0
216.0
190.0
190.0
190.0
216.0
320.0
606.0
892.0
892.0
970.0
866.0
892.0
866.0
866.0
862.0
706.0
472.0
368.0
290.0
264.0
238.0
238.0
212.0
186.0
212.0
197.0
223.0
197.0
223.0
327.0
613.0
873.0
899.0
943.0
839.0
899.0
873.0
873.0
847.0
717.0
457.0
368.0
327.0
264.0
275.0
249.0
215.0
405.0
405.0
405.0
405.0
404.0
431.0
457.0
509.0
587.0
554.0
638.0
632.0
587.0
866.0
873.0
873.0
717.0
509.0
353.0
300.0
274.0
249.0
249.0
223.0
197.0
223.0
197.0
223.0
197.0
223.0
353.0
613.0
874.0
900.0
952.0
848.0
874.0
874.0
895.0
843.0
739.0
453.0
349.0
271.0
271.0
219.0
245.0
193.0
193.0
193.0
193.0
193.0
193.0
193.0
219.0
219.0
271.0
271.0
297.0
271.0
297.0
297.0
297.0
297.0
271.0
245.0
219.0
245.0
193.0
167.0
167.0
193.0
164.0
190.0
190.0
190.0
164.0
190.0
190.0
216.0
242.0
268.0
268.0
268.0
268.0
268.0
268.0
268.0
268.0
216.0
224.0
231.0
198.0
198.0
172.0
198.0
198.0
198.0
172.0
172.0
193.0
193.0
199.0
588.0
874.0
900.0
952.0
874.0
926.0
926.0
874.0
874.0
735.0
458.0
380.0
302.0
276.0
250.0
250.0
224.0
230.0
190.0
216.0
190.0
216.0
216.0
346.0
554.0
840.0
866.0
918.0
840.0
866.0
892.0
866.0
840.0
710.0
450.0
372.0
320.0
268.0
242.0
242.0
190.0
216.0
190.0
198.0
198.0
224.0
224.0
328.0
614.0
848.0
874.0
926.0
848.0
874.0
874.0
848.0
848.0
718.0
453.0
380.0
328.0
276.0
245.0
245.0
198.0
224.0
198.0
198.0
198.0
198.0
198.0
329.0
579.0
848.0
848.0
926.0
848.0
900.0
874.0
848.0
848.0
718.0
458.0
328.0
276.0
250.0
224.0
250.0
198.0
198.0
198.0
172.0
198.0
198.0
197.0
301.0
561.0
847.0
873.0
951.0
821.0
873.0
848.0
843.0
817.0
692.0
433.0
328.0
302.0
250.0
224.0
250.0
198.0
172.0
198.0
198.0
172.0
172.0
172.0
224.0
250.0
276.0
271.0
294.0
268.0
294.0
294.0
268.0
245.0
219.0
216.0
190.0
216.0
193.0
193.0
167.0
193.0
167.0
190.0
169.0
169.0
169.0
189.0
169.0
169.0
221.0
195.0
245.0
198.0
224.0
224.0
224.0
224.0
198.0
224.0
198.0
172.0
198.0
172.0
172.0
198.0
198.0
164.0
190.0
164.0
189.0
196.0
163.0
557.0
822.0
848.0
926.0
848.0
874.0
874.0
848.0
848.0
718.0
458.0
380.0
328.0
276.0
250.0
250.0
224.0
198.0
224.0
198.0
198.0
198.0
224.0
296.0
562.0
848.0
848.0
952.0
822.0
900.0
848.0
847.0
822.0
717.0
457.0
353.0
301.0
250.0
224.0
250.0
198.0
198.0
198.0
198.0
198.0
198.0
224.0
302.0
562.0
848.0
822.0
926.0
822.0
874.0
822.0
822.0
822.0
692.0
458.0
354.0
302.0
250.0
250.0
250.0
192.0
192.0
166.0
218.0
166.0
166.0
218.0
296.0
531.0
816.0
816.0
894.0
770.0
848.0
816.0
770.0
822.0
692.0
432.0
354.0
302.0
250.0
250.0
276.0
172.0
192.0
192.0
218.0
192.0
192.0
218.0
296.0
531.0
817.0
839.0
892.0
788.0
843.0
817.0
817.0
791.0
631.0
423.0
323.0
297.0
245.0
219.0
219.0
193.0
219.0
193.0
193.0
193.0
167.0
172.0
224.0
219.0
271.0
297.0
297.0
245.0
302.0
302.0
302.0
297.0
245.0
219.0
219.0
193.0
193.0
218.0
166.0
192.0
166.0
192.0
192.0
166.0
192.0
199.0
192.0
218.0
244.0
270.0
270.0
270.0
270.0
270.0
270.0
244.0
244.0
218.0
218.0
218.0
190.0
190.0
164.0
199.0
190.0
164.0
190.0
164.0
164.0
196.0
319.0
580.0
840.0
840.0
892.0
814.0
840.0
814.0
814.0
788.0
632.0
449.0
348.0
296.0
244.0
244.0
218.0
192.0
192.0
192.0
166.0
192.0
166.0
218.0
321.0
555.0
789.0
815.0
900.0
796.0
822.0
822.0
822.0
796.0
666.0
458.0
354.0
302.0
224.0
224.0
224.0
198.0
198.0
172.0
198.0
191.0
165.0
191.0
321.0
538.0
789.0
841.0
893.0
789.0
217.0
243.0
217.0
191.0
191.0
165.0
191.0
165.0
191.0
191.0
191.0
199.0
165.0
189.0
191.0
191.0
191.0
217.0
243.0
243.0
217.0
217.0
244.0
218.0
218.0
192.0
218.0
192.0
166.0
166.0
192.0
166.0
192.0
189.0
189.0
189.0
189.0
166.0
190.0
166.0
192.0
166.0
200.0
174.0
200.0
200.0
200.0
200.0
226.0
200.0
226.0
226.0
200.0
174.0
200.0
174.0
174.0
200.0
200.0
174.0
174.0
200.0
193.0
193.0
167.0
193.0
219.0
193.0
193.0
193.0
193.0
193.0
219.0
219.0
167.0
219.0
167.0
167.0
193.0
167.0
198.0
172.0
172.0
172.0
172.0
198.0
198.0
224.0
224.0
250.0
250.0
224.0
250.0
250.0
250.0
224.0
224.0
198.0
198.0
196.0
198.0
172.0
172.0
198.0
198.0
172.0
172.0
190.0
196.0
190.0
172.0
198.0
198.0
250.0
250.0
224.0
224.0
198.0
198.0
198.0
224.0
224.0
198.0
172.0
196.0
172.0
172.0
172.0
198.0
198.0
172.0
166.0
166.0
166.0
192.0
166.0
192.0
218.0
218.0
192.0
193.0
219.0
219.0
193.0
195.0
195.0
221.0
190.0
169.0
169.0
195.0
169.0
195.0
195.0
195.0
169.0
196.0
173.0
611.0
871.0
866.0
944.0
866.0
892.0
866.0
897.0
871.0
739.0
455.0
377.0
299.0
273.0
245.0
245.0
219.0
219.0
219.0
221.0
195.0
221.0
247.0
351.0
611.0
849.0
897.0
952.0
848.0
894.0
868.0
900.0
874.0
739.0
536.0
406.0
354.0
276.0
276.0
250.0
224.0
224.0
224.0
250.0
224.0
250.0
250.0
328.0
588.0
848.0
874.0
900.0
848.0
874.0
847.0
847.0
847.0
717.0
457.0
379.0
327.0
275.0
275.0
249.0
223.0
197.0
223.0
221.0
195.0
191.0
191.0
191.0
191.0
219.0
245.0
271.0
271.0
245.0
219.0
271.0
245.0
271.0
245.0
245.0
245.0
219.0
193.0
219.0
219.0
193.0
219.0
190.0
196.0
196.0
196.0
196.0
588.0
892.0
892.0
952.0
866.0
931.0
918.0
900.0
900.0
796.0
562.0
458.0
380.0
328.0
276.0
250.0
254.0
250.0
224.0
217.0
198.0
198.0
224.0
328.0
562.0
849.0
901.0
893.0
823.0
875.0
875.0
867.0
849.0
771.0
511.0
433.0
355.0
303.0
277.0
250.0
224.0
225.0
225.0
225.0
225.0
199.0
225.0
329.0
589.0
849.0
900.0
952.0
822.0
900.0
900.0
900.0
874.0
770.0
510.0
432.0
380.0
302.0
276.0
276.0
250.0
224.0
224.0
224.0
224.0
198.0
224.0
328.0
562.0
874.0
900.0
926.0
848.0
900.0
866.0
866.0
840.0
762.0
528.0
398.0
346.0
294.0
268.0
242.0
223.0
216.0
216.0
224.0
224.0
224.0
224.0
328.0
564.0
848.0
874.0
900.0
848.0
822.0
848.0
822.0
822.0
718.0
510.0
380.0
328.0
276.0
250.0
250.0
250.0
224.0
198.0
198.0
224.0
198.0
198.0
198.0
224.0
224.0
224.0
250.0
276.0
250.0
250.0
276.0
250.0
276.0
250.0
250.0
230.0
250.0
224.0
224.0
198.0
224.0
224.0
198.0
198.0
198.0
200.0
198.0
200.0
226.0
226.0
252.0
278.0
252.0
252.0
226.0
252.0
226.0
226.0
226.0
200.0
226.0
226.0
226.0
226.0
200.0
197.0
197.0
216.0
171.0
196.0
199.0
587.0
847.0
925.0
951.0
873.0
899.0
899.0
873.0
874.0
770.0
484.0
380.0
354.0
276.0
250.0
250.0
224.0
224.0
198.0
224.0
198.0
224.0
224.0
354.0
562.0
848.0
926.0
952.0
874.0
900.0
900.0
900.0
874.0
770.0
510.0
406.0
354.0
276.0
250.0
250.0
224.0
224.0
224.0
224.0
224.0
224.0
224.0
380.0
588.0
874.0
926.0
952.0
878.0
893.0
890.0
899.0
881.0
763.0
503.0
405.0
327.0
275.0
249.0
249.0
249.0
249.0
223.0
223.0
223.0
223.0
223.0
353.0
561.0
873.0
899.0
951.0
847.0
899.0
899.0
899.0
873.0
763.0
477.0
399.0
347.0
295.0
269.0
243.0
217.0
243.0
217.0
217.0
217.0
191.0
217.0
321.0
555.0
841.0
893.0
945.0
815.0
893.0
873.0
867.0
873.0
743.0
509.0
379.0
353.0
249.0
223.0
249.0
223.0
171.0
223.0
197.0
197.0
197.0
197.0
197.0
223.0
249.0
275.0
249.0
275.0
249.0
246.0
246.0
223.0
249.0
223.0
223.0
197.0
190.0
216.0
216.0
216.0
190.0
164.0
190.0
225.0
190.0
190.0
190.0
216.0
242.0
245.0
245.0
245.0
245.0
245.0
219.0
245.0
219.0
219.0
219.0
219.0
193.0
190.0
219.0
193.0
193.0
167.0
190.0
190.0
190.0
190.0
189.0
583.0
869.0
869.0
947.0
869.0
895.0
895.0
895.0
932.0
763.0
555.0
425.0
373.0
269.0
245.0
245.0
191.0
191.0
217.0
191.0
217.0
191.0
217.0
321.0
607.0
893.0
893.0
919.0
867.0
867.0
893.0
867.0
893.0
789.0
555.0
451.0
347.0
269.0
243.0
243.0
191.0
217.0
217.0
191.0
217.0
217.0
191.0
347.0
607.0
815.0
867.0
893.0
815.0
867.0
893.0
869.0
843.0
789.0
503.0
451.0
347.0
297.0
245.0
245.0
219.0
219.0
219.0
191.0
243.0
217.0
243.0
347.0
555.0
867.0
893.0
945.0
867.0
893.0
899.0
899.0
873.0
769.0
529.0
405.0
379.0
301.0
275.0
275.0
249.0
223.0
223.0
197.0
223.0
223.0
223.0
327.0
561.0
847.0
899.0
899.0
847.0
873.0
899.0
899.0
873.0
769.0
535.0
405.0
327.0
301.0
275.0
275.0
223.0
223.0
197.0
223.0
216.0
190.0
190.0
190.0
223.0
275.0
249.0
249.0
249.0
249.0
249.0
249.0
249.0
249.0
249.0
223.0
223.0
223.0
223.0
224.0
224.0
224.0
198.0
224.0
224.0
190.0
190.0
198.0
224.0
276.0
250.0
250.0
250.0
276.0
250.0
276.0
276.0
250.0
250.0
250.0
217.0
217.0
217.0
217.0
194.0
191.0
191.0
190.0
165.0
189.0
190.0
196.0
581.0
893.0
893.0
925.0
841.0
867.0
867.0
893.0
867.0
763.0
529.0
425.0
373.0
295.0
243.0
269.0
217.0
217.0
191.0
217.0
217.0
217.0
198.0
328.0
562.0
848.0
874.0
952.0
822.0
874.0
900.0
874.0
874.0
770.0
536.0
458.0
380.0
301.0
250.0
276.0
223.0
249.0
223.0
223.0
197.0
223.0
197.0
353.0
587.0
847.0
873.0
951.0
847.0
873.0
899.0
867.0
873.0
796.0
527.0
432.0
371.0
302.0
275.0
275.0
249.0
217.0
217.0
217.0
217.0
217.0
217.0
347.0
607.0
841.0
867.0
945.0
841.0
893.0
893.0
893.0
893.0
763.0
555.0
451.0
373.0
295.0
243.0
269.0
223.0
223.0
217.0
217.0
191.0
191.0
217.0
347.0
581.0
893.0
893.0
951.0
841.0
899.0
895.0
893.0
867.0
763.0
529.0
399.0
330.0
252.0
226.0
276.0
193.0
219.0
219.0
191.0
191.0
191.0
191.0
172.0
224.0
250.0
276.0
250.0
250.0
276.0
278.0
276.0
297.0
297.0
276.0
250.0
224.0
224.0
224.0
224.0
224.0
217.0
217.0
198.0
198.0
198.0
191.0
191.0
217.0
269.0
269.0
269.0
295.0
301.0
327.0
327.0
301.0
295.0
249.0
224.0
224.0
198.0
198.0
224.0
219.0
172.0
198.0
172.0
198.0
198.0
198.0
198.0
553.0
848.0
900.0
926.0
848.0
900.0
926.0
900.0
874.0
761.0
553.0
449.0
354.0
319.0
241.0
241.0
215.0
215.0
215.0
215.0
215.0
215.0
215.0
327.0
553.0
899.0
891.0
951.0
821.0
899.0
899.0
873.0
899.0
769.0
529.0
457.0
353.0
275.0
249.0
249.0
223.0
197.0
217.0
217.0
217.0
217.0
217.0
347.0
555.0
841.0
893.0
919.0
822.0
867.0
893.0
867.0
867.0
763.0
555.0
458.0
373.0
263.0
250.0
250.0
223.0
249.0
223.0
223.0
223.0
223.0
217.0
373.0
581.0
867.0
401.0
401.0
425.0
458.0
510.0
588.0
562.0
640.0
640.0
588.0
874.0
874.0
865.0
718.0
510.0
354.0
298.0
276.0
250.0
250.0
224.0
198.0
224.0
198.0
224.0
198.0
224.0
354.0
614.0
874.0
901.0
952.0
848.0
874.0
867.0
900.0
848.0
744.0
458.0
354.0
275.0
269.0
223.0
249.0
197.0
191.0
191.0
191.0
191.0
191.0
200.0
226.0
226.0
278.0
278.0
294.0
278.0
295.0
295.0
295.0
295.0
275.0
249.0
223.0
249.0
191.0
165.0
167.0
191.0
165.0
191.0
191.0
205.0
165.0
199.0
189.0
217.0
243.0
269.0
269.0
269.0
269.0
269.0
269.0
269.0
269.0
217.0
217.0
217.0
191.0
191.0
165.0
191.0
191.0
191.0
165.0
165.0
191.0
189.0
192.0
576.0
862.0
888.0
940.0
862.0
914.0
914.0
862.0
862.0
737.0
451.0
380.0
302.0
276.0
250.0
250.0
224.0
224.0
198.0
224.0
198.0
224.0
224.0
354.0
555.0
841.0
867.0
926.0
848.0
867.0
891.0
867.0
841.0
718.0
458.0
380.0
328.0
270.0
250.0
250.0
198.0
224.0
198.0
198.0
198.0
224.0
224.0
321.0
607.0
841.0
867.0
919.0
841.0
867.0
867.0
841.0
841.0
720.0
460.0
382.0
330.0
278.0
252.0
252.0
200.0
226.0
200.0
200.0
200.0
200.0
200.0
330.0
581.0
841.0
841.0
916.0
841.0
893.0
867.0
841.0
841.0
711.0
451.0
321.0
274.0
243.0
217.0
243.0
191.0
191.0
191.0
165.0
188.0
188.0
188.0
295.0
555.0
841.0
867.0
945.0
815.0
867.0
841.0
841.0
815.0
685.0
425.0
321.0
300.0
249.0
217.0
243.0
197.0
171.0
197.0
197.0
171.0
172.0
172.0
224.0
250.0
266.0
266.0
294.0
268.0
292.0
292.0
266.0
240.0
220.0
214.0
188.0
214.0
188.0
188.0
162.0
188.0
162.0
188.0
162.0
162.0
162.0
188.0
162.0
162.0
214.0
188.0
240.0
188.0
223.0
223.0
223.0
223.0
198.0
224.0
198.0
172.0
198.0
172.0
172.0
198.0
198.0
172.0
198.0
169.0
189.0
192.0
175.0
557.0
821.0
847.0
925.0
846.0
873.0
873.0
847.0
846.0
717.0
457.0
379.0
321.0
275.0
249.0
249.0
223.0
191.0
217.0
191.0
191.0
191.0
217.0
295.0
555.0
841.0
841.0
945.0
815.0
893.0
841.0
841.0
821.0
717.0
457.0
353.0
301.0
248.0
223.0
249.0
188.0
197.0
197.0
197.0
197.0
197.0
223.0
301.0
561.0
847.0
821.0
925.0
821.0
873.0
821.0
821.0
821.0
691.0
457.0
353.0
300.0
249.0
249.0
249.0
197.0
197.0
171.0
217.0
165.0
165.0
217.0
295.0
529.0
821.0
825.0
899.0
763.0
841.0
815.0
763.0
815.0
691.0
431.0
353.0
300.0
253.0
249.0
275.0
171.0
197.0
197.0
223.0
197.0
197.0
223.0
301.0
539.0
821.0
847.0
899.0
795.0
847.0
821.0
821.0
795.0
639.0
431.0
327.0
301.0
245.0
223.0
223.0
197.0
223.0
197.0
197.0
197.0
171.0
171.0
223.0
223.0
274.0
301.0
301.0
248.0
301.0
302.0
302.0
297.0
248.0
224.0
224.0
198.0
197.0
224.0
171.0
198.0
172.0
198.0
198.0
172.0
198.0
198.0
198.0
224.0
240.0
266.0
266.0
266.0
266.0
266.0
266.0
240.0
240.0
214.0
214.0
214.0
188.0
198.0
167.0
198.0
188.0
171.0
188.0
162.0
162.0
198.0
330.0
586.0
846.0
850.0
902.0
824.0
850.0
824.0
824.0
798.0
642.0
460.0
356.0
304.0
252.0
252.0
226.0
191.0
200.0
200.0
174.0
196.0
165.0
217.0
321.0
562.0
796.0
820.0
900.0
796.0
822.0
822.0
822.0
796.0
668.0
460.0
352.0
300.0
222.0
222.0
226.0
196.0
196.0
174.0
196.0
196.0
174.0
196.0
321.0
534.0
791.0
843.0
895.0
789.0
843.0
817.0
789.0
789.0
659.0
427.0
323.0
297.0
245.0
219.0
219.0
167.0
193.0
193.0
193.0
193.0
193.0
217.0
321.0
557.0
817.0
867.0
918.0
789.0
867.0
841.0
841.0
815.0
685.0
451.0
378.0
300.0
252.0
226.0
226.0
196.0
174.0
196.0
174.0
200.0
196.0
196.0
304.0
560.0
772.0
824.0
840.0
772.0
824.0
798.0
772.0
772.0
616.0
404.0
326.0
274.0
222.0
196.0
222.0
170.0
170.0
170.0
170.0
170.0
170.0
170.0
170.0
196.0
248.0
248.0
248.0
222.0
248.0
274.0
248.0
222.0
222.0
196.0
196.0
170.0
170.0
170.0
144.0
196.0
170.0
170.0
170.0
144.0
170.0
170.0
170.0
196.0
226.0
238.0
278.0
222.0
274.0
274.0
274.0
274.0
274.0
196.0
170.0
196.0
170.0
170.0
170.0
170.0
170.0
170.0
170.0
144.0
170.0
170.0
167.0
501.0
820.0
820.0
898.0
820.0
872.0
872.0
846.0
846.0
354.0
789.0
382.0
330.0
248.0
226.0
226.0
200.0
200.0
200.0
200.0
200.0
200.0
200.0
304.0
560.0
820.0
850.0
928.0
824.0
876.0
876.0
850.0
824.0
694.0
460.0
382.0
304.0
249.0
223.0
223.0
197.0
197.0
197.0
197.0
197.0
171.0
223.0
301.0
561.0
821.0
847.0
899.0
821.0
847.0
821.0
813.0
787.0
683.0
449.0
352.0
274.0
241.0
241.0
226.0
200.0
200.0
200.0
200.0
200.0
200.0
226.0
304.0
538.0
824.0
839.0
839.0
304.0
839.0
824.0
824.0
824.0
665.0
430.0
341.0
301.0
261.0
223.0
223.0
223.0
197.0
198.0
197.0
200.0
200.0
200.0
304.0
528.0
792.0
824.0
876.0
824.0
850.0
824.0
824.0
798.0
694.0
460.0
356.0
304.0
157.0
193.0
226.0
252.0
200.0
174.0
200.0
200.0
174.0
174.0
174.0
200.0
226.0
266.0
252.0
278.0
278.0
248.0
275.0
275.0
271.0
401.0
200.0
269.0
165.0
193.0
165.0
165.0
141.0
191.0
165.0
172.0
138.0
191.0
224.0
191.0
217.0
217.0
243.0
222.0
217.0
243.0
269.0
278.0
271.0
278.0
226.0
148.0
174.0
252.0
174.0
200.0
200.0
200.0
174.0
198.0
300.0
174.0
304.0
278.0
869.0
742.0
356.0
798.0
850.0
824.0
821.0
769.0
665.0
431.0
353.0
275.0
191.0
217.0
223.0
197.0
197.0
196.0
171.0
188.0
196.0
196.0
274.0
507.0
794.0
794.0
872.0
768.0
846.0
820.0
794.0
768.0
612.0
430.0
352.0
274.0
242.0
222.0
222.0
190.0
170.0
192.0
166.0
164.0
164.0
190.0
270.0
508.0
788.0
762.0
840.0
736.0
814.0
762.0
788.0
762.0
606.0
450.0
327.0
294.0
268.0
242.0
216.0
190.0
190.0
164.0
164.0
190.0
164.0
190.0
301.0
532.0
814.0
242.0
866.0
762.0
840.0
814.0
788.0
788.0
658.0
450.0
372.0
320.0
242.0
223.0
223.0
197.0
197.0
171.0
197.0
171.0
197.0
197.0
301.0
509.0
814.0
821.0
892.0
788.0
847.0
814.0
814.0
788.0
658.0
398.0
320.0
268.0
216.0
190.0
223.0
197.0
197.0
171.0
171.0
197.0
171.0
197.0
171.0
197.0
294.0
299.0
327.0
268.0
301.0
301.0
294.0
301.0
299.0
223.0
223.0
197.0
190.0
197.0
171.0
197.0
197.0
164.0
197.0
197.0
164.0
190.0
190.0
216.0
268.0
299.0
320.0
275.0
301.0
327.0
301.0
299.0
268.0
242.0
216.0
216.0
190.0
190.0
164.0
190.0
190.0
164.0
190.0
164.0
190.0
190.0
294.0
528.0
821.0
814.0
892.0
814.0
847.0
847.0
842.0
789.0
659.0
451.0
373.0
295.0
217.0
217.0
217.0
198.0
198.0
172.0
198.0
172.0
198.0
216.0
302.0
542.0
814.0
814.0
866.0
762.0
814.0
840.0
814.0
788.0
684.0
450.0
372.0
320.0
242.0
216.0
216.0
190.0
190.0
190.0
190.0
190.0
190.0
190.0
282.0
502.0
736.0
762.0
840.0
788.0
788.0
788.0
762.0
762.0
606.0
431.0
320.0
164.0
171.0
216.0
249.0
249.0
223.0
223.0
249.0
223.0
197.0
197.0
197.0
197.0
190.0
197.0
164.0
164.0
164.0
164.0
164.0
164.0
164.0
164.0
164.0
164.0
472.0
736.0
788.0
790.0
710.0
762.0
762.0
761.0
761.0
605.0
423.0
345.0
319.0
241.0
215.0
163.0
189.0
189.0
189.0
189.0
189.0
189.0
163.0
293.0
501.0
735.0
787.0
813.0
735.0
761.0
761.0
761.0
761.0
605.0
423.0
345.0
267.0
215.0
189.0
163.0
189.0
163.0
165.0
165.0
165.0
165.0
165.0
282.0
503.0
737.0
789.0
815.0
710.0
763.0
763.0
762.0
736.0
606.0
424.0
320.0
294.0
268.0
190.0
164.0
190.0
190.0
164.0
164.0
164.0
190.0
163.0
293.0
508.0
736.0
787.0
839.0
709.0
787.0
761.0
761.0
761.0
631.0
423.0
319.0
267.0
241.0
189.0
163.0
189.0
163.0
189.0
163.0
163.0
163.0
189.0
268.0
501.0
735.0
735.0
787.0
709.0
735.0
709.0
709.0
709.0
605.0
397.0
319.0
267.0
215.0
215.0
163.0
163.0
163.0
163.0
163.0
163.0
163.0
163.0
163.0
170.0
241.0
241.0
241.0
215.0
241.0
267.0
215.0
241.0
215.0
215.0
189.0
189.0
189.0
163.0
163.0
144.0
163.0
163.0
172.0
172.0
164.0
138.0
190.0
172.0
190.0
224.0
224.0
248.0
222.0
224.0
222.0
222.0
222.0
220.0
197.0
197.0
171.0
171.0
171.0
164.0
164.0
164.0
164.0
164.0
164.0
164.0
162.0
469.0
762.0
736.0
768.0
710.0
762.0
762.0
762.0
762.0
632.0
424.0
346.0
302.0
250.0
216.0
164.0
190.0
164.0
164.0
164.0
164.0
163.0
170.0
268.0
501.0
762.0
788.0
788.0
710.0
788.0
762.0
762.0
762.0
632.0
450.0
320.0
268.0
216.0
216.0
164.0
164.0
190.0
164.0
164.0
190.0
163.0
189.0
267.0
527.0
762.0
762.0
813.0
710.0
787.0
787.0
761.0
761.0
631.0
423.0
345.0
293.0
241.0
215.0
163.0
189.0
163.0
190.0
164.0
164.0
164.0
198.0
268.0
528.0
736.0
762.0
814.0
684.0
762.0
762.0
762.0
736.0
632.0
424.0
320.0
268.0
216.0
216.0
164.0
190.0
164.0
190.0
164.0
164.0
164.0
190.0
268.0
538.0
736.0
736.0
788.0
684.0
736.0
762.0
710.0
632.0
528.0
404.0
352.0
268.0
222.0
222.0
170.0
196.0
196.0
190.0
196.0
164.0
190.0
170.0
196.0
196.0
268.0
274.0
274.0
248.0
268.0
274.0
268.0
274.0
248.0
196.0
222.0
196.0
216.0
196.0
170.0
196.0
196.0
196.0
196.0
170.0
190.0
190.0
190.0
196.0
248.0
248.0
274.0
248.0
274.0
274.0
248.0
268.0
216.0
216.0
190.0
164.0
190.0
190.0
164.0
164.0
190.0
164.0
190.0
164.0
164.0
190.0
216.0
475.0
606.0
762.0
820.0
762.0
788.0
788.0
788.0
762.0
657.0
449.0
345.0
293.0
241.0
215.0
163.0
163.0
163.0
163.0
163.0
163.0
189.0
170.0
267.0
533.0
787.0
787.0
839.0
735.0
787.0
787.0
761.0
761.0
631.0
456.0
345.0
319.0
274.0
222.0
163.0
163.0
170.0
163.0
196.0
170.0
170.0
196.0
274.0
506.0
761.0
787.0
820.0
709.0
761.0
761.0
761.0
761.0
631.0
423.0
345.0
293.0
241.0
241.0
163.0
163.0
163.0
163.0
163.0
163.0
170.0
196.0
268.0
508.0
762.0
736.0
813.0
709.0
761.0
761.0
761.0
735.0
631.0
423.0
345.0
319.0
267.0
215.0
163.0
189.0
163.0
189.0
163.0
163.0
163.0
169.0
267.0
480.0
735.0
761.0
787.0
683.0
761.0
735.0
735.0
735.0
605.0
371.0
345.0
293.0
241.0
215.0
163.0
163.0
163.0
163.0
163.0
189.0
163.0
169.0
163.0
163.0
215.0
189.0
215.0
189.0
215.0
215.0
215.0
215.0
216.0
190.0
190.0
164.0
190.0
164.0
164.0
190.0
164.0
164.0
164.0
164.0
164.0
164.0
164.0
164.0
190.0
190.0
190.0
224.0
189.0
189.0
224.0
198.0
198.0
198.0
198.0
172.0
198.0
198.0
172.0
172.0
172.0
172.0
172.0
172.0
172.0
172.0
172.0
163.0
198.0
198.0
215.0
250.0
224.0
224.0
224.0
224.0
224.0
189.0
189.0
189.0
163.0
198.0
163.0
198.0
198.0
196.0
163.0
163.0
186.0
163.0
170.0
469.0
683.0
683.0
787.0
709.0
787.0
787.0
761.0
761.0
657.0
475.0
345.0
267.0
267.0
215.0
163.0
189.0
189.0
163.0
163.0
189.0
189.0
163.0
293.0
501.0
761.0
761.0
813.0
709.0
761.0
761.0
787.0
761.0
631.0
449.0
345.0
293.0
241.0
215.0
163.0
189.0
189.0
163.0
189.0
163.0
189.0
189.0
267.0
501.0
787.0
787.0
839.0
735.0
813.0
787.0
813.0
787.0
657.0
449.0
354.0
302.0
276.0
250.0
163.0
189.0
193.0
189.0
189.0
198.0
189.0
198.0
273.0
509.0
787.0
787.0
840.0
761.0
813.0
813.0
813.0
787.0
657.0
449.0
345.0
267.0
215.0
189.0
163.0
163.0
136.0
163.0
137.0
137.0
137.0
169.0
143.0
169.0
189.0
189.0
189.0
189.0
215.0
189.0
189.0
215.0
189.0
189.0
196.0
163.0
174.0
163.0
163.0
148.0
163.0
163.0
163.0
148.0
148.0
163.0
148.0
148.0
163.0
163.0
189.0
163.0
189.0
189.0
189.0
189.0
163.0
189.0
189.0
163.0
163.0
143.0
163.0
148.0
163.0
163.0
143.0
137.0
137.0
163.0
148.0
479.0
787.0
819.0
865.0
761.0
813.0
813.0
813.0
787.0
657.0
449.0
345.0
319.0
241.0
215.0
189.0
189.0
189.0
163.0
163.0
189.0
163.0
189.0
293.0
508.0
787.0
820.0
839.0
735.0
813.0
787.0
787.0
761.0
657.0
423.0
345.0
293.0
241.0
215.0
189.0
163.0
189.0
163.0
163.0
189.0
163.0
189.0
267.0
501.0
761.0
761.0
839.0
736.0
762.0
762.0
788.0
762.0
632.0
424.0
294.0
268.0
216.0
242.0
190.0
164.0
190.0
164.0
164.0
164.0
164.0
194.0
268.0
507.0
762.0
762.0
814.0
710.0
762.0
762.0
762.0
736.0
632.0
423.0
345.0
267.0
241.0
215.0
189.0
189.0
189.0
163.0
189.0
163.0
189.0
189.0
293.0
527.0
761.0
761.0
813.0
709.0
787.0
787.0
761.0
735.0
631.0
423.0
293.0
267.0
215.0
215.0
189.0
163.0
163.0
163.0
163.0
163.0
163.0
163.0
163.0
163.0
189.0
189.0
189.0
189.0
215.0
215.0
189.0
215.0
189.0
189.0
189.0
189.0
163.0
163.0
163.0
163.0
189.0
163.0
143.0
163.0
163.0
163.0
163.0
163.0
189.0
215.0
189.0
224.0
224.0
224.0
224.0
224.0
224.0
198.0
198.0
198.0
172.0
198.0
163.0
131.0
198.0
163.0
163.0
163.0
131.0
189.0
267.0
512.0
761.0
761.0
819.0
709.0
787.0
761.0
761.0
761.0
631.0
424.0
345.0
293.0
241.0
215.0
189.0
163.0
163.0
163.0
163.0
163.0
163.0
189.0
242.0
508.0
735.0
735.0
787.0
710.0
735.0
761.0
735.0
709.0
631.0
449.0
345.0
267.0
241.0
215.0
189.0
163.0
189.0
163.0
163.0
189.0
163.0
189.0
267.0
475.0
735.0
735.0
787.0
709.0
761.0
735.0
761.0
735.0
605.0
423.0
345.0
267.0
241.0
189.0
189.0
163.0
189.0
170.0
170.0
196.0
170.0
196.0
274.0
423.0
632.0
735.0
813.0
683.0
761.0
761.0
787.0
761.0
657.0
449.0
345.0
319.0
241.0
224.0
189.0
163.0
189.0
189.0
163.0
198.0
172.0
189.0
267.0
527.0
735.0
787.0
813.0
735.0
761.0
761.0
787.0
735.0
631.0
423.0
319.0
267.0
215.0
189.0
189.0
163.0
189.0
163.0
163.0
163.0
163.0
169.0
163.0
189.0
267.0
267.0
267.0
267.0
267.0
267.0
267.0
267.0
241.0
215.0
215.0
189.0
189.0
189.0
631.0
944.0
970.0
995.0
917.0
969.0
969.0
943.0
943.0
813.0
553.0
423.0
371.0
293.0
266.0
215.0
215.0
241.0
215.0
215.0
189.0
215.0
241.0
371.0
631.0
951.0
969.0
995.0
917.0
1003.0
969.0
943.0
917.0
813.0
553.0
397.0
353.0
327.0
266.0
223.0
249.0
249.0
223.0
223.0
223.0
249.0
249.0
379.0
639.0
947.0
977.0
1029.0
951.0
951.0
951.0
925.0
917.0
761.0
501.0
449.0
379.0
299.0
249.0
223.0
223.0
223.0
221.0
221.0
223.0
197.0
241.0
371.0
631.0
943.0
943.0
995.0
891.0
951.0
917.0
917.0
891.0
761.0
527.0
405.0
353.0
275.0
223.0
223.0
223.0
197.0
223.0
223.0
197.0
223.0
197.0
197.0
249.0
345.0
345.0
346.0
327.0
345.0
345.0
345.0
352.0
319.0
267.0
241.0
241.0
241.0
215.0
213.0
215.0
215.0
215.0
215.0
215.0
189.0
215.0
189.0
241.0
242.0
320.0
346.0
328.0
346.0
346.0
346.0
345.0
356.0
267.0
241.0
215.0
189.0
163.0
215.0
163.0
163.0
189.0
215.0
163.0
189.0
189.0
190.0
554.0
943.0
995.0
1047.0
917.0
969.0
969.0
943.0
969.0
839.0
605.0
449.0
345.0
275.0
249.0
223.0
197.0
223.0
223.0
197.0
197.0
197.0
223.0
379.0
657.0
917.0
969.0
995.0
917.0
943.0
917.0
917.0
891.0
761.0
501.0
423.0
345.0
274.0
241.0
215.0
189.0
189.0
215.0
189.0
215.0
189.0
215.0
345.0
657.0
943.0
969.0
1021.0
891.0
943.0
943.0
917.0
917.0
787.0
553.0
423.0
345.0
267.0
215.0
222.0
189.0
219.0
196.0
196.0
222.0
196.0
222.0
352.0
638.0
924.0
976.0
1001.0
898.0
950.0
917.0
917.0
891.0
761.0
501.0
380.0
352.0
274.0
250.0
222.0
222.0
222.0
222.0
189.0
241.0
215.0
215.0
371.0
631.0
943.0
943.0
969.0
814.0
891.0
813.0
813.0
787.0
631.0
501.0
371.0
293.0
241.0
241.0
215.0
215.0
215.0
215.0
189.0
215.0
215.0
215.0
215.0
215.0
300.0
398.0
398.0
346.0
397.0
397.0
397.0
371.0
345.0
241.0
215.0
215.0
215.0
189.0
215.0
189.0
189.0
163.0
189.0
163.0
189.0
163.0
189.0
215.0
214.0
344.0
346.0
345.0
353.0
319.0
319.0
319.0
275.0
249.0
249.0
223.0
223.0
223.0
223.0
197.0
197.0
197.0
197.0
197.0
197.0
197.0
344.0
720.0
847.0
873.0
925.0
873.0
873.0
865.0
865.0
839.0
710.0
475.0
346.0
293.0
267.0
242.0
216.0
190.0
190.0
190.0
190.0
190.0
190.0
215.0
345.0
579.0
813.0
840.0
891.0
845.0
840.0
813.0
813.0
788.0
657.0
450.0
320.0
294.0
268.0
242.0
216.0
242.0
216.0
216.0
216.0
216.0
216.0
242.0
346.0
580.0
813.0
788.0
840.0
814.0
787.0
787.0
787.0
761.0
553.0
397.0
325.0
293.0
241.0
267.0
215.0
215.0
215.0
215.0
189.0
215.0
215.0
215.0
345.0
554.0
735.0
762.0
762.0
736.0
709.0
735.0
683.0
657.0
527.0
372.0
294.0
242.0
216.0
216.0
216.0
190.0
190.0
216.0
190.0
216.0
190.0
216.0
320.0
482.0
606.0
632.0
658.0
657.0
631.0
605.0
579.0
553.0
486.0
345.0
267.0
215.0
189.0
189.0
215.0
196.0
170.0
189.0
189.0
189.0
189.0
189.0
300.0
382.0
501.0
482.0
475.0
449.0
371.0
300.0
222.0
196.0
163.0
163.0
163.0
163.0
163.0
163.0
215.0
174.0
174.0
163.0
163.0
163.0
163.0
174.0
163.0
137.0
137.0
129.0
144.0
164.0
144.0
148.0
144.0
144.0
148.0
164.0
164.0
180.0
164.0
164.0
164.0
138.0
164.0
164.0
164.0
164.0
164.0
148.0
148.0
148.0
148.0
174.0
174.0
148.0
137.0
148.0
148.0
163.0
163.0
163.0
148.0
163.0
163.0
148.0
163.0
163.0
148.0
163.0
163.0
163.0
163.0
144.0
148.0
163.0
163.0
148.0
137.0
163.0
163.0
163.0
137.0
163.0
163.0
163.0
163.0
144.0
164.0
164.0
164.0
144.0
164.0
164.0
144.0
164.0
164.0
137.0
144.0
148.0
163.0
137.0
163.0
144.0
163.0
163.0
144.0
163.0
148.0
163.0
163.0
163.0
163.0
163.0
148.0
163.0
163.0
163.0
163.0
163.0
163.0
148.0
163.0
148.0
163.0
163.0
148.0
163.0
148.0
148.0
163.0
144.0
163.0
163.0
163.0
163.0
163.0
163.0
163.0
163.0
144.0
159.0
144.0
163.0
144.0
144.0
170.0
144.0
170.0
144.0
144.0
164.0
144.0
175.0
164.0
163.0
163.0
163.0
163.0
163.0
163.0
163.0
163.0
144.0
163.0
148.0
163.0
144.0
163.0
148.0
163.0
163.0
163.0
148.0
163.0
164.0
163.0
189.0
163.0
163.0
163.0
163.0
163.0
163.0
163.0
163.0
144.0
163.0
163.0
163.0
163.0
163.0
163.0
163.0
148.0
486.0
604.0
630.0
659.0
659.0
633.0
605.0
553.0
553.0
449.0
293.0
267.0
215.0
215.0
189.0
215.0
191.0
189.0
163.0
163.0
189.0
241.0
190.0
293.0
590.0
787.0
813.0
866.0
787.0
813.0
813.0
787.0
802.0
631.0
371.0
293.0
241.0
215.0
215.0
217.0
189.0
189.0
189.0
189.0
196.0
215.0
216.0
320.0
632.0
814.0
866.0
918.0
840.0
866.0
892.0
892.0
866.0
709.0
449.0
319.0
267.0
215.0
189.0
215.0
190.0
189.0
189.0
189.0
215.0
189.0
189.0
189.0
631.0
865.0
932.0
932.0
839.0
891.0
865.0
892.0
866.0
736.0
450.0
372.0
308.0
268.0
230.0
230.0
204.0
230.0
204.0
204.0
230.0
230.0
230.0
346.0
632.0
906.0
932.0
958.0
854.0
906.0
880.0
880.0
854.0
750.0
464.0
360.0
334.0
282.0
256.0
230.0
204.0
230.0
205.0
216.0
190.0
216.0
216.0
372.0
632.0
892.0
918.0
944.0
840.0
892.0
892.0
866.0
840.0
710.0
450.0
346.0
294.0
242.0
230.0
221.0
190.0
164.0
190.0
190.0
190.0
190.0
190.0
190.0
190.0
242.0
256.0
256.0
282.0
256.0
282.0
230.0
282.0
230.0
230.0
230.0
230.0
204.0
204.0
178.0
204.0
204.0
230.0
204.0
230.0
204.0
164.0
204.0
197.0
230.0
223.0
249.0
249.0
223.0
223.0
223.0
223.0
223.0
223.0
197.0
223.0
197.0
197.0
171.0
197.0
197.0
197.0
197.0
197.0
197.0
197.0
346.0
613.0
925.0
951.0
1003.0
873.0
951.0
951.0
943.0
917.0
735.0
527.0
386.0
308.0
248.0
230.0
230.0
204.0
196.0
196.0
215.0
189.0
189.0
215.0
371.0
657.0
943.0
969.0
969.0
892.0
918.0
918.0
918.0
918.0
762.0
528.0
398.0
372.0
276.0
242.0
216.0
216.0
222.0
222.0
222.0
248.0
215.0
215.0
345.0
631.0
891.0
917.0
917.0
865.0
891.0
917.0
891.0
891.0
761.0
501.0
423.0
351.0
273.0
221.0
221.0
221.0
215.0
215.0
215.0
215.0
189.0
215.0
319.0
605.0
891.0
944.0
944.0
866.0
918.0
918.0
892.0
892.0
762.0
554.0
450.0
346.0
268.0
242.0
216.0
216.0
216.0
190.0
216.0
216.0
190.0
216.0
372.0
632.0
944.0
944.0
996.0
891.0
943.0
917.0
917.0
891.0
761.0
527.0
397.0
351.0
273.0
247.0
221.0
195.0
216.0
216.0
216.0
216.0
216.0
216.0
190.0
242.0
300.0
326.0
300.0
274.0
326.0
300.0
300.0
300.0
273.0
247.0
247.0
247.0
221.0
221.0
169.0
195.0
221.0
195.0
221.0
215.0
215.0
195.0
195.0
247.0
247.0
273.0
273.0
273.0
273.0
273.0
273.0
247.0
273.0
247.0
221.0
221.0
195.0
190.0
169.0
221.0
195.0
196.0
195.0
221.0
195.0
216.0
346.0
637.0
923.0
949.0
975.0
897.0
923.0
897.0
897.0
871.0
715.0
455.0
377.0
299.0
247.0
221.0
221.0
299.0
247.0
221.0
195.0
169.0
195.0
169.0
169.0
195.0
170.0
196.0
274.0
516.0
754.0
778.0
839.0
750.0
761.0
761.0
802.0
776.0
646.0
423.0
308.0
267.0
215.0
256.0
195.0
171.0
197.0
169.0
171.0
171.0
163.0
189.0
267.0
501.0
761.0
761.0
813.0
709.0
761.0
769.0
769.0
743.0
639.0
431.0
353.0
275.0
247.0
221.0
197.0
197.0
206.0
180.0
206.0
180.0
206.0
206.0
310.0
544.0
778.0
778.0
830.0
726.0
804.0
804.0
778.0
752.0
648.0
440.0
310.0
284.0
232.0
232.0
195.0
169.0
169.0
169.0
171.0
169.0
171.0
171.0
171.0
169.0
195.0
195.0
206.0
206.0
232.0
232.0
206.0
232.0
206.0
206.0
206.0
197.0
171.0
171.0
171.0
171.0
195.0
171.0
143.0
171.0
171.0
171.0
171.0
169.0
195.0
221.0
195.0
221.0
221.0
221.0
221.0
221.0
221.0
195.0
195.0
195.0
169.0
195.0
169.0
143.0
195.0
169.0
169.0
169.0
148.0
195.0
273.0
512.0
767.0
767.0
819.0
715.0
793.0
767.0
767.0
767.0
639.0
431.0
351.0
299.0
247.0
221.0
195.0
169.0
169.0
171.0
171.0
171.0
163.0
189.0
241.0
501.0
735.0
735.0
787.0
709.0
735.0
761.0
735.0
709.0
639.0
457.0
353.0
275.0
249.0
223.0
197.0
169.0
197.0
171.0
169.0
195.0
171.0
192.0
274.0
481.0
742.0
742.0
794.0
716.0
768.0
742.0
768.0
741.0
612.0
430.0
351.0
273.0
247.0
197.0
197.0
171.0
197.0
171.0
171.0
197.0
171.0
196.0
275.0
430.0
638.0
742.0
820.0
700.0
768.0
768.0
795.0
769.0
664.0
456.0
352.0
326.0
248.0
222.0
196.0
170.0
196.0
197.0
171.0
197.0
170.0
196.0
274.0
535.0
743.0
795.0
821.0
743.0
769.0
769.0
795.0
743.0
639.0
431.0
327.0
275.0
223.0
197.0
197.0
171.0
197.0
171.0
171.0
171.0
171.0
171.0
171.0
197.0
275.0
275.0
275.0
275.0
275.0
275.0
275.0
275.0
249.0
223.0
223.0
197.0
195.0
195.0
169.0
169.0
195.0
160.0
186.0
160.0
160.0
160.0
160.0
186.0
238.0
238.0
238.0
223.0
264.0
264.0
275.0
275.0
223.0
197.0
223.0
197.0
197.0
171.0
171.0
180.0
180.0
206.0
171.0
171.0
171.0
190.0
268.0
486.0
778.0
804.0
856.0
769.0
830.0
804.0
769.0
795.0
665.0
457.0
379.0
301.0
249.0
223.0
197.0
164.0
190.0
190.0
190.0
190.0
190.0
190.0
294.0
508.0
768.0
768.0
820.0
742.0
794.0
768.0
768.0
742.0
638.0
430.0
352.0
299.0
248.0
222.0
196.0
170.0
196.0
170.0
196.0
196.0
196.0
196.0
300.0
524.0
768.0
794.0
846.0
742.0
794.0
794.0
794.0
794.0
638.0
456.0
299.0
273.0
247.0
221.0
195.0
169.0
169.0
169.0
195.0
169.0
169.0
195.0
273.0
535.0
769.0
795.0
847.0
743.0
821.0
821.0
821.0
795.0
691.0
457.0
353.0
327.0
275.0
232.0
197.0
171.0
197.0
197.0
197.0
197.0
171.0
197.0
301.0
535.0
821.0
821.0
847.0
743.0
821.0
795.0
795.0
769.0
639.0
457.0
327.0
275.0
275.0
223.0
197.0
171.0
197.0
171.0
197.0
170.0
170.0
170.0
171.0
186.0
212.0
238.0
264.0
212.0
264.0
247.0
247.0
273.0
221.0
221.0
195.0
195.0
186.0
160.0
160.0
160.0
160.0
160.0
186.0
160.0
186.0
134.0
164.0
160.0
186.0
186.0
186.0
212.0
212.0
212.0
186.0
212.0
186.0
186.0
212.0
196.0
196.0
170.0
169.0
169.0
195.0
169.0
169.0
169.0
145.0
190.0
164.0
509.0
774.0
793.0
871.0
767.0
793.0
819.0
793.0
767.0
637.0
455.0
377.0
299.0
273.0
221.0
195.0
169.0
195.0
195.0
195.0
169.0
169.0
195.0
299.0
533.0
793.0
767.0
839.0
767.0
793.0
793.0
793.0
767.0
657.0
455.0
377.0
296.0
273.0
221.0
195.0
169.0
195.0
195.0
169.0
195.0
195.0
195.0
299.0
533.0
793.0
793.0
845.0
741.0
794.0
793.0
793.0
793.0
663.0
455.0
325.0
299.0
247.0
221.0
221.0
169.0
195.0
197.0
197.0
195.0
195.0
223.0
301.0
535.0
769.0
821.0
847.0
743.0
821.0
819.0
793.0
793.0
689.0
455.0
351.0
273.0
247.0
221.0
247.0
169.0
195.0
169.0
195.0
195.0
168.0
195.0
299.0
533.0
767.0
795.0
873.0
743.0
821.0
795.0
795.0
769.0
639.0
405.0
301.0
249.0
223.0
223.0
249.0
171.0
197.0
171.0
171.0
197.0
171.0
171.0
171.0
197.0
294.0
290.0
268.0
244.0
299.0
270.0
270.0
270.0
244.0
192.0
195.0
192.0
166.0
166.0
166.0
166.0
166.0
169.0
169.0
169.0
169.0
169.0
169.0
195.0
276.0
268.0
268.0
268.0
268.0
244.0
244.0
244.0
223.0
197.0
197.0
197.0
171.0
171.0
171.0
166.0
197.0
171.0
171.0
171.0
171.0
195.0
175.0
486.0
819.0
819.0
899.0
769.0
821.0
847.0
795.0
795.0
665.0
446.0
342.0
290.0
264.0
212.0
249.0
197.0
394.0
405.0
405.0
405.0
431.0
431.0
457.0
509.0
561.0
561.0
587.0
587.0
561.0
535.0
535.0
795.0
665.0
431.0
405.0
301.0
275.0
249.0
249.0
223.0
197.0
197.0
198.0
198.0
190.0
204.0
294.0
498.0
767.0
793.0
845.0
767.0
819.0
793.0
793.0
741.0
559.0
377.0
299.0
250.0
198.0
198.0
250.0
146.0
172.0
172.0
146.0
146.0
172.0
146.0
172.0
172.0
172.0
172.0
224.0
198.0
172.0
172.0
172.0
172.0
146.0
145.0
172.0
146.0
134.0
172.0
134.0
134.0
172.0
134.0
172.0
172.0
134.0
134.0
172.0
172.0
172.0
164.0
250.0
224.0
198.0
198.0
198.0
172.0
172.0
172.0
172.0
172.0
172.0
172.0
170.0
148.0
170.0
170.0
148.0
170.0
144.0
148.0
144.0
170.0
196.0
196.0
196.0
196.0
196.0
186.0
186.0
186.0
169.0
169.0
169.0
169.0
169.0
134.0
169.0
169.0
148.0
148.0
164.0
164.0
164.0
190.0
149.0
498.0
795.0
769.0
769.0
717.0
769.0
769.0
769.0
746.0
639.0
431.0
327.0
275.0
223.0
197.0
145.0
197.0
197.0
171.0
171.0
171.0
171.0
196.0
300.0
534.0
820.0
846.0
846.0
794.0
845.0
819.0
819.0
793.0
689.0
455.0
351.0
299.0
247.0
221.0
247.0
195.0
195.0
195.0
196.0
196.0
170.0
222.0
274.0
534.0
820.0
846.0
898.0
794.0
846.0
820.0
820.0
794.0
690.0
482.0
378.0
352.0
244.0
218.0
248.0
196.0
197.0
197.0
197.0
197.0
171.0
197.0
301.0
535.0
821.0
847.0
899.0
821.0
873.0
847.0
847.0
795.0
691.0
457.0
327.0
301.0
249.0
223.0
249.0
197.0
197.0
197.0
197.0
197.0
171.0
197.0
301.0
534.0
821.0
821.0
873.0
795.0
819.0
819.0
819.0
793.0
689.0
455.0
351.0
299.0
273.0
247.0
247.0
195.0
195.0
197.0
169.0
197.0
171.0
223.0
275.0
535.0
821.0
847.0
899.0
821.0
873.0
847.0
847.0
821.0
717.0
483.0
379.0
275.0
223.0
223.0
249.0
164.0
164.0
164.0
164.0
164.0
164.0
164.0
164.0
190.0
216.0
221.0
195.0
195.0
221.0
221.0
221.0
247.0
221.0
195.0
195.0
169.0
195.0
169.0
169.0
169.0
169.0
169.0
170.0
170.0
170.0
171.0
171.0
197.0
197.0
223.0
223.0
223.0
223.0
223.0
223.0
223.0
221.0
195.0
195.0
195.0
221.0
195.0
169.0
195.0
169.0
195.0
169.0
195.0
169.0
195.0
304.0
512.0
821.0
873.0
925.0
821.0
873.0
847.0
847.0
819.0
715.0
455.0
377.0
299.0
247.0
221.0
255.0
195.0
247.0
247.0
247.0
247.0
247.0
247.0
351.0
507.0
793.0
840.0
871.0
663.0
429.0
351.0
299.0
249.0
223.0
197.0
171.0
197.0
171.0
171.0
197.0
171.0
197.0
275.0
509.0
769.0
769.0
847.0
743.0
769.0
769.0
795.0
769.0
639.0
432.0
302.0
276.0
221.0
247.0
195.0
169.0
195.0
169.0
169.0
169.0
169.0
195.0
273.0
507.0
767.0
767.0
819.0
715.0
767.0
767.0
767.0
741.0
637.0
429.0
351.0
273.0
247.0
221.0
198.0
198.0
198.0
172.0
198.0
172.0
198.0
198.0
302.0
542.0
776.0
776.0
828.0
724.0
802.0
802.0
776.0
750.0
646.0
438.0
308.0
282.0
230.0
218.0
192.0
169.0
169.0
171.0
171.0
171.0
171.0
171.0
164.0
164.0
190.0
190.0
190.0
190.0
216.0
216.0
192.0
218.0
198.0
198.0
198.0
198.0
172.0
171.0
171.0
171.0
197.0
171.0
145.0
171.0
171.0
171.0
171.0
171.0
197.0
223.0
197.0
223.0
223.0
223.0
223.0
223.0
222.0
196.0
196.0
198.0
172.0
197.0
171.0
145.0
197.0
171.0
164.0
164.0
145.0
190.0
268.0
509.0
762.0
764.0
814.0
710.0
793.0
767.0
767.0
767.0
637.0
429.0
351.0
299.0
247.0
221.0
195.0
169.0
169.0
169.0
169.0
169.0
169.0
195.0
247.0
507.0
741.0
741.0
793.0
715.0
741.0
767.0
741.0
715.0
637.0
455.0
351.0
273.0
247.0
221.0
195.0
169.0
195.0
169.0
169.0
195.0
169.0
195.0
273.0
481.0
741.0
741.0
793.0
715.0
767.0
741.0
767.0
741.0
611.0
429.0
351.0
273.0
247.0
195.0
195.0
169.0
195.0
169.0
169.0
195.0
169.0
195.0
273.0
429.0
637.0
741.0
819.0
689.0
767.0
767.0
793.0
767.0
663.0
455.0
351.0
325.0
247.0
221.0
198.0
172.0
198.0
198.0
172.0
198.0
172.0
198.0
276.0
536.0
744.0
785.0
822.0
742.0
768.0
768.0
794.0
742.0
638.0
430.0
326.0
265.0
223.0
195.0
195.0
169.0
195.0
169.0
169.0
169.0
169.0
169.0
169.0
195.0
273.0
273.0
273.0
273.0
273.0
273.0
275.0
275.0
249.0
223.0
223.0
197.0
197.0
197.0
171.0
171.0
197.0
171.0
198.0
172.0
172.0
172.0
172.0
198.0
250.0
250.0
250.0
224.0
268.0
276.0
276.0
273.0
221.0
195.0
221.0
198.0
198.0
172.0
172.0
172.0
172.0
198.0
172.0
169.0
170.0
205.0
274.0
486.0
768.0
794.0
846.0
768.0
820.0
794.0
768.0
795.0
665.0
457.0
379.0
301.0
249.0
223.0
197.0
171.0
197.0
197.0
197.0
197.0
197.0
197.0
301.0
509.0
769.0
767.0
819.0
741.0
793.0
767.0
767.0
741.0
637.0
429.0
351.0
299.0
247.0
221.0
190.0
164.0
190.0
164.0
190.0
190.0
190.0
190.0
294.0
538.0
762.0
798.0
845.0
741.0
793.0
793.0
793.0
793.0
637.0
455.0
299.0
273.0
247.0
221.0
195.0
169.0
169.0
169.0
190.0
164.0
164.0
190.0
268.0
528.0
762.0
788.0
840.0
736.0
814.0
814.0
814.0
788.0
684.0
450.0
353.0
320.0
275.0
216.0
190.0
164.0
190.0
190.0
190.0
190.0
164.0
190.0
294.0
528.0
814.0
814.0
840.0
736.0
814.0
788.0
788.0
762.0
632.0
457.0
327.0
275.0
275.0
223.0
197.0
171.0
197.0
171.0
197.0
171.0
171.0
171.0
171.0
197.0
223.0
247.0
273.0
221.0
273.0
247.0
247.0
273.0
221.0
221.0
195.0
195.0
195.0
169.0
169.0
169.0
169.0
169.0
195.0
169.0
195.0
143.0
164.0
171.0
190.0
190.0
190.0
216.0
216.0
216.0
190.0
216.0
190.0
190.0
216.0
190.0
190.0
164.0
164.0
164.0
190.0
164.0
164.0
164.0
138.0
190.0
169.0
512.0
770.0
796.0
874.0
770.0
796.0
824.0
798.0
772.0
642.0
460.0
382.0
304.0
270.0
226.0
200.0
164.0
200.0
200.0
200.0
174.0
164.0
190.0
304.0
538.0
791.0
772.0
850.0
772.0
798.0
798.0
798.0
772.0
668.0
460.0
382.0
304.0
278.0
226.0
200.0
174.0
200.0
200.0
174.0
200.0
200.0
195.0
304.0
538.0
798.0
798.0
847.0
743.0
795.0
795.0
795.0
795.0
666.0
458.0
328.0
302.0
250.0
224.0
224.0
172.0
198.0
198.0
198.0
198.0
198.0
224.0
302.0
536.0
770.0
822.0
848.0
744.0
822.0
822.0
796.0
796.0
692.0
458.0
356.0
278.0
252.0
226.0
252.0
174.0
200.0
174.0
200.0
200.0
174.0
200.0
304.0
538.0
772.0
798.0
876.0
746.0
824.0
798.0
798.0
772.0
642.0
408.0
296.0
252.0
226.0
221.0
247.0
169.0
195.0
169.0
169.0
195.0
169.0
169.0
169.0
200.0
304.0
304.0
278.0
252.0
304.0
278.0
274.0
278.0
252.0
196.0
196.0
197.0
171.0
171.0
171.0
171.0
171.0
171.0
171.0
171.0
171.0
171.0
169.0
195.0
273.0
268.0
273.0
268.0
273.0
247.0
247.0
247.0
221.0
195.0
195.0
195.0
169.0
171.0
171.0
171.0
197.0
171.0
171.0
171.0
171.0
197.0
174.0
483.0
821.0
821.0
899.0
769.0
821.0
847.0
795.0
795.0
665.0
457.0
353.0
301.0
275.0
223.0
249.0
197.0
405.0
403.0
403.0
403.0
429.0
429.0
455.0
507.0
560.0
560.0
586.0
586.0
560.0
534.0
534.0
794.0
664.0
430.0
404.0
300.0
274.0
248.0
248.0
222.0
196.0
196.0
196.0
196.0
190.0
190.0
294.0
512.0
770.0
796.0
848.0
770.0
822.0
796.0
796.0
744.0
562.0
380.0
302.0
250.0
198.0
198.0
250.0
146.0
172.0
172.0
146.0
146.0
172.0
146.0
172.0
166.0
166.0
166.0
224.0
198.0
172.0
172.0
172.0
172.0
146.0
146.0
172.0
143.0
143.0
169.0
148.0
148.0
169.0
148.0
169.0
166.0
143.0
146.0
172.0
166.0
172.0
164.0
250.0
224.0
198.0
198.0
198.0
172.0
172.0
172.0
172.0
166.0
166.0
172.0
172.0
148.0
172.0
172.0
148.0
172.0
148.0
148.0
143.0
169.0
195.0
195.0
195.0
195.0
195.0
195.0
195.0
195.0
169.0
169.0
169.0
169.0
174.0
148.0
174.0
174.0
148.0
148.0
174.0
168.0
168.0
190.0
144.0
509.0
788.0
762.0
762.0
710.0
762.0
770.0
770.0
743.0
640.0
432.0
328.0
276.0
224.0
198.0
146.0
198.0
198.0
172.0
172.0
172.0
172.0
198.0
302.0
536.0
822.0
848.0
848.0
796.0
840.0
822.0
814.0
788.0
684.0
450.0
346.0
294.0
242.0
216.0
242.0
190.0
190.0
190.0
190.0
190.0
163.0
215.0
278.0
538.0
824.0
850.0
902.0
798.0
850.0
824.0
824.0
798.0
694.0
486.0
382.0
356.0
252.0
226.0
252.0
200.0
200.0
200.0
200.0
200.0
174.0
200.0
304.0
538.0
824.0
850.0
902.0
824.0
871.0
845.0
845.0
793.0
689.0
455.0
325.0
299.0
247.0
221.0
247.0
195.0
195.0
195.0
195.0
195.0
169.0
195.0
299.0
535.0
819.0
819.0
871.0
793.0
822.0
822.0
822.0
796.0
689.0
458.0
354.0
302.0
273.0
247.0
247.0
195.0
195.0
195.0
169.0
195.0
169.0
221.0
273.0
533.0
822.0
848.0
900.0
822.0
874.0
848.0
848.0
822.0
718.0
476.0
372.0
268.0
218.0
216.0
242.0
172.0
172.0
166.0
172.0
172.0
172.0
172.0
172.0
192.0
218.0
218.0
192.0
192.0
218.0
218.0
218.0
244.0
218.0
192.0
192.0
166.0
192.0
166.0
169.0
169.0
169.0
169.0
169.0
169.0
169.0
169.0
169.0
195.0
195.0
221.0
221.0
221.0
224.0
224.0
224.0
224.0
224.0
198.0
198.0
198.0
224.0
198.0
167.0
198.0
167.0
198.0
172.0
190.0
172.0
190.0
304.0
512.0
822.0
865.0
918.0
814.0
866.0
840.0
840.0
814.0
713.0
450.0
372.0
294.0
242.0
216.0
241.0
198.0
250.0
250.0
250.0
250.0
250.0
250.0
354.0
501.0
267.0
148.0
684.0
788.0
814.0
788.0
762.0
736.0
710.0
788.0
632.0
346.0
268.0
241.0
200.0
241.0
195.0
189.0
141.0
169.0
273.0
169.0
247.0
171.0
169.0
195.0
247.0
247.0
273.0
221.0
247.0
247.0
247.0
247.0
221.0
221.0
195.0
195.0
195.0
166.0
169.0
175.0
169.0
169.0
195.0
169.0
195.0
169.0
169.0
169.0
221.0
221.0
247.0
247.0
221.0
221.0
221.0
221.0
195.0
195.0
195.0
169.0
169.0
169.0
169.0
169.0
195.0
169.0
180.0
221.0
164.0
190.0
268.0
197.0
796.0
822.0
874.0
796.0
822.0
822.0
718.0
793.0
663.0
455.0
323.0
299.0
221.0
226.0
195.0
221.0
195.0
221.0
195.0
226.0
143.0
200.0
304.0
954.0
824.0
798.0
840.0
278.0
772.0
798.0
746.0
765.0
642.0
434.0
323.0
304.0
250.0
198.0
198.0
250.0
276.0
250.0
276.0
276.0
250.0
276.0
302.0
510.0
694.0
720.0
710.0
720.0
720.0
720.0
590.0
460.0
512.0
356.0
278.0
278.0
226.0
200.0
200.0
278.0
174.0
174.0
174.0
174.0
174.0
174.0
170.0
174.0
200.0
174.0
200.0
252.0
159.0
185.0
195.0
195.0
169.0
169.0
169.0
169.0
169.0
195.0
143.0
169.0
169.0
143.0
166.0
159.0
133.0
159.0
159.0
159.0
185.0
185.0
211.0
222.0
196.0
196.0
170.0
222.0
196.0
170.0
170.0
196.0
165.0
196.0
139.0
170.0
170.0
165.0
165.0
165.0
144.0
139.0
165.0
163.0
163.0
191.0
191.0
198.0
172.0
198.0
224.0
198.0
172.0
198.0
198.0
172.0
172.0
165.0
146.0
172.0
172.0
146.0
172.0
172.0
161.0
190.0
276.0
512.0
735.0
787.0
813.0
761.0
793.0
819.0
819.0
819.0
655.0
429.0
351.0
325.0
273.0
213.0
247.0
221.0
189.0
189.0
215.0
215.0
215.0
241.0
319.0
579.0
761.0
787.0
851.0
773.0
794.0
871.0
793.0
767.0
637.0
429.0
351.0
299.0
247.0
221.0
195.0
195.0
195.0
195.0
482.0
196.0
248.0
144.0
248.0
248.0
217.0
196.0
248.0
222.0
244.0
690.0
709.0
684.0
606.0
430.0
345.0
300.0
217.0
216.0
190.0
165.0
165.0
164.0
164.0
164.0
171.0
164.0
216.0
190.0
685.0
474.0
814.0
710.0
788.0
788.0
762.0
762.0
632.0
450.0
346.0
294.0
242.0
225.0
192.0
173.0
169.0
195.0
169.0
169.0
192.0
199.0
247.0
455.0
738.0
771.0
823.0
745.0
771.0
762.0
762.0
762.0
684.0
450.0
372.0
320.0
242.0
216.0
190.0
164.0
164.0
190.0
171.0
171.0
199.0
197.0
251.0
433.0
745.0
797.0
849.0
745.0
771.0
771.0
771.0
745.0
626.0
433.0
355.0
277.0
225.0
225.0
199.0
173.0
173.0
173.0
173.0
199.0
173.0
173.0
173.0
199.0
251.0
251.0
277.0
251.0
277.0
277.0
277.0
277.0
225.0
199.0
196.0
196.0
170.0
170.0
170.0
170.0
170.0
170.0
144.0
170.0
196.0
170.0
170.0
196.0
222.0
274.0
269.0
248.0
274.0
269.0
268.0
268.0
242.0
216.0
190.0
164.0
190.0
164.0
164.0
164.0
164.0
164.0
144.0
199.0
147.0
173.0
173.0
427.0
771.0
823.0
901.0
797.0
823.0
823.0
823.0
797.0
719.0
459.0
381.0
352.0
274.0
248.0
196.0
196.0
196.0
170.0
170.0
196.0
170.0
196.0
274.0
482.0
763.0
813.0
865.0
789.0
815.0
787.0
813.0
788.0
684.0
450.0
372.0
346.0
268.0
245.0
190.0
190.0
190.0
164.0
190.0
164.0
190.0
197.0
268.0
535.0
795.0
839.0
891.0
849.0
849.0
823.0
823.0
797.0
693.0
485.0
381.0
355.0
277.0
277.0
199.0
225.0
199.0
199.0
199.0
199.0
199.0
199.0
277.0
485.0
797.0
830.0
865.0
761.0
830.0
788.0
778.0
762.0
632.0
450.0
372.0
327.0
268.0
249.0
190.0
197.0
197.0
223.0
197.0
197.0
171.0
197.0
275.0
483.0
743.0
769.0
847.0
769.0
769.0
735.0
709.0
741.0
481.0
377.0
273.0
247.0
221.0
169.0
143.0
169.0
143.0
169.0
143.0
143.0
143.0
143.0
143.0
143.0
143.0
166.0
162.0
143.0
166.0
166.0
166.0
140.0
172.0
158.0
146.0
172.0
146.0
146.0
132.0
132.0
144.0
140.0
136.0
140.0
140.0
140.0
140.0
140.0
164.0
172.0
170.0
170.0
196.0
196.0
170.0
196.0
170.0
144.0
170.0
170.0
144.0
144.0
170.0
141.0
131.0
140.0
131.0
131.0
131.0
144.0
144.0
144.0
170.0
144.0
190.0
184.0
158.0
158.0
184.0
158.0
132.0
132.0
158.0
132.0
140.0
132.0
158.0
132.0
136.0
136.0
136.0
140.0
140.0
140.0
132.0
132.0
132.0
172.0
198.0
198.0
198.0
172.0
172.0
172.0
172.0
146.0
132.0
146.0
140.0
140.0
140.0
140.0
140.0
146.0
141.0
140.0
143.0
143.0
141.0
143.0
172.0
198.0
198.0
198.0
198.0
198.0
172.0
172.0
172.0
140.0
166.0
140.0
166.0
141.0
140.0
166.0
140.0
145.0
140.0
140.0
140.0
140.0
140.0
140.0
173.0
173.0
199.0
199.0
173.0
173.0
173.0
173.0
173.0
173.0
173.0
147.0
173.0
147.0
173.0
166.0
140.0
136.0
140.0
136.0
140.0
140.0
140.0
140.0
190.0
164.0
216.0
216.0
216.0
190.0
190.0
190.0
190.0
166.0
166.0
166.0
140.0
138.0
138.0
138.0
140.0
140.0
136.0
140.0
132.0
195.0
138.0
403.0
678.0
704.0
730.0
626.0
704.0
678.0
704.0
678.0
548.0
340.0
262.0
262.0
210.0
184.0
132.0
164.0
140.0
166.0
166.0
140.0
172.0
166.0
224.0
424.0
692.0
744.0
744.0
640.0
718.0
692.0
718.0
692.0
588.0
354.0
276.0
250.0
250.0
184.0
132.0
158.0
166.0
184.0
166.0
166.0
158.0
158.0
236.0
418.0
718.0
718.0
744.0
640.0
692.0
692.0
718.0
692.0
614.0
406.0
322.0
302.0
251.0
198.0
146.0
199.0
173.0
166.0
166.0
166.0
166.0
166.0
250.0
432.0
692.0
744.0
770.0
666.0
744.0
744.0
744.0
692.0
614.0
380.0
296.0
276.0
276.0
224.0
146.0
198.0
166.0
166.0
166.0
166.0
183.0
179.0
224.0
403.0
666.0
718.0
718.0
640.0
718.0
718.0
710.0
686.0
580.0
346.0
320.0
294.0
268.0
216.0
138.0
190.0
190.0
192.0
166.0
183.0
183.0
192.0
251.0
456.0
736.0
710.0
788.0
658.0
710.0
710.0
710.0
710.0
580.0
346.0
296.0
242.0
216.0
216.0
138.0
164.0
164.0
166.0
166.0
166.0
164.0
164.0
268.0
450.0
736.0
736.0
788.0
720.0
736.0
710.0
710.0
710.0
606.0
378.0
300.0
248.0
248.0
196.0
144.0
170.0
170.0
170.0
170.0
170.0
196.0
144.0
170.0
144.0
222.0
222.0
248.0
248.0
222.0
222.0
222.0
222.0
222.0
196.0
196.0
196.0
170.0
170.0
144.0
170.0
170.0
170.0
170.0
170.0
144.0
170.0
170.0
170.0
242.0
222.0
248.0
248.0
222.0
222.0
196.0
222.0
224.0
224.0
198.0
198.0
198.0
172.0
146.0
172.0
146.0
177.0
146.0
172.0
172.0
172.0
174.0
392.0
744.0
796.0
816.0
718.0
770.0
796.0
790.0
770.0
666.0
432.0
328.0
302.0
276.0
198.0
144.0
170.0
170.0
170.0
166.0
170.0
170.0
170.0
276.0
456.0
742.0
742.0
820.0
710.0
744.0
744.0
718.0
692.0
606.0
372.0
346.0
294.0
268.0
216.0
138.0
164.0
164.0
164.0
164.0
164.0
164.0
164.0
242.0
456.0
738.0
788.0
788.0
710.0
762.0
762.0
762.0
736.0
632.0
424.0
346.0
294.0
268.0
216.0
138.0
164.0
164.0
164.0
192.0
190.0
164.0
190.0
242.0
450.0
736.0
762.0
788.0
684.0
762.0
762.0
762.0
736.0
632.0
380.0
302.0
276.0
250.0
250.0
250.0
224.0
209.0
224.0
198.0
167.0
198.0
198.0
198.0
198.0
172.0
198.0
198.0
172.0
198.0
224.0
224.0
250.0
260.0
250.0
250.0
250.0
224.0
250.0
224.0
224.0
250.0
216.0
216.0
164.0
190.0
190.0
190.0
190.0
216.0
198.0
198.0
200.0
585.0
900.0
926.0
1005.0
952.0
952.0
954.0
926.0
900.0
796.0
562.0
458.0
328.0
276.0
250.0
250.0
250.0
224.0
190.0
216.0
216.0
190.0
232.0
346.0
606.0
918.0
946.0
996.0
918.0
980.0
980.0
944.0
944.0
840.0
528.0
450.0
346.0
294.0
242.0
242.0
216.0
216.0
216.0
216.0
216.0
216.0
242.0
374.0
606.0
942.0
996.0
1048.0
944.0
996.0
980.0
944.0
944.0
788.0
528.0
424.0
346.0
294.0
268.0
242.0
242.0
216.0
216.0
216.0
216.0
242.0
216.0
372.0
632.0
920.0
944.0
1048.0
944.0
957.0
957.0
944.0
918.0
814.0
528.0
424.0
372.0
320.0
242.0
242.0
250.0
224.0
224.0
224.0
224.0
242.0
242.0
372.0
640.0
946.0
978.0
1030.0
952.0
953.0
957.0
952.0
926.0
822.0
536.0
432.0
354.0
328.0
250.0
250.0
224.0
250.0
198.0
224.0
224.0
198.0
224.0
250.0
224.0
276.0
302.0
276.0
250.0
302.0
276.0
294.0
294.0
250.0
250.0
250.0
250.0
224.0
224.0
172.0
224.0
241.0
198.0
198.0
224.0
198.0
198.0
224.0
224.0
224.0
224.0
268.0
276.0
250.0
209.0
224.0
250.0
224.0
224.0
224.0
250.0
224.0
224.0
172.0
198.0
198.0
224.0
224.0
198.0
198.0
223.0
356.0
638.0
891.0
996.0
1022.0
944.0
996.0
996.0
944.0
944.0
814.0
554.0
450.0
372.0
294.0
268.0
242.0
216.0
216.0
216.0
216.0
190.0
190.0
242.0
372.0
658.0
918.0
944.0
1022.0
944.0
983.0
957.0
918.0
918.0
788.0
502.0
424.0
372.0
320.0
268.0
242.0
250.0
250.0
224.0
242.0
216.0
190.0
216.0
372.0
658.0
918.0
944.0
996.0
918.0
953.0
919.0
926.0
900.0
770.0
536.0
406.0
328.0
302.0
224.0
250.0
198.0
224.0
198.0
198.0
224.0
224.0
198.0
224.0
198.0
224.0
224.0
278.0
276.0
216.0
268.0
250.0
225.0
251.0
225.0
251.0
225.0
225.0
199.0
173.0
225.0
199.0
199.0
199.0
199.0
173.0
199.0
199.0
216.0
251.0
225.0
251.0
303.0
252.0
225.0
225.0
251.0
225.0
225.0
216.0
216.0
190.0
190.0
164.0
190.0
190.0
216.0
190.0
190.0
190.0
190.0
190.0
190.0
216.0
216.0
244.0
216.0
216.0
244.0
216.0
244.0
216.0
216.0
210.0
210.0
190.0
190.0
164.0
216.0
184.0
184.0
184.0
184.0
184.0
184.0
200.0
666.0
892.0
944.0
1048.0
918.0
955.0
954.0
944.0
892.0
788.0
458.0
372.0
294.0
268.0
242.0
242.0
216.0
216.0
216.0
242.0
190.0
218.0
216.0
372.0
632.0
944.0
970.0
1048.0
944.0
996.0
979.0
952.0
978.0
848.0
640.0
458.0
380.0
328.0
276.0
276.0
224.0
224.0
250.0
250.0
224.0
244.0
218.0
374.0
634.0
920.0
972.0
1056.0
952.0
1004.0
978.0
978.0
952.0
796.0
640.0
432.0
380.0
302.0
276.0
250.0
224.0
224.0
224.0
250.0
198.0
244.0
250.0
374.0
635.0
946.0
952.0
1056.0
952.0
983.0
957.0
926.0
926.0
796.0
536.0
432.0
354.0
302.0
276.0
250.0
224.0
224.0
224.0
224.0
224.0
198.0
224.0
374.0
640.0
926.0
952.0
1030.0
926.0
983.0
957.0
926.0
900.0
781.0
536.0
424.0
346.0
302.0
250.0
250.0
224.0
216.0
224.0
216.0
216.0
216.0
216.0
380.0
640.0
874.0
926.0
1004.0
900.0
905.0
931.0
900.0
874.0
796.0
536.0
380.0
354.0
276.0
250.0
250.0
198.0
188.0
224.0
198.0
198.0
198.0
198.0
198.0
224.0
208.0
224.0
250.0
250.0
224.0
250.0
247.0
221.0
216.0
242.0
216.0
216.0
216.0
190.0
164.0
216.0
190.0
190.0
190.0
216.0
190.0
190.0
190.0
190.0
216.0
242.0
242.0
242.0
242.0
242.0
224.0
250.0
224.0
250.0
250.0
224.0
224.0
224.0
172.0
224.0
224.0
224.0
224.0
198.0
198.0
198.0
201.0
588.0
874.0
952.0
1030.0
926.0
944.0
957.0
926.0
926.0
796.0
536.0
458.0
354.0
276.0
250.0
250.0
224.0
224.0
224.0
224.0
224.0
224.0
250.0
354.0
640.0
900.0
952.0
978.0
900.0
926.0
931.0
900.0
900.0
770.0
510.0
380.0
354.0
276.0
250.0
250.0
220.0
224.0
224.0
224.0
224.0
224.0
224.0
354.0
640.0
900.0
952.0
978.0
900.0
957.0
931.0
923.0
874.0
796.0
510.0
406.0
354.0
302.0
250.0
250.0
224.0
224.0
198.0
224.0
224.0
222.0
224.0
380.0
666.0
926.0
952.0
1004.0
900.0
924.0
931.0
900.0
866.0
744.0
536.0
406.0
354.0
302.0
276.0
250.0
224.0
224.0
198.0
250.0
222.0
222.0
222.0
380.0
609.0
898.0
952.0
978.0
900.0
926.0
902.0
900.0
900.0
770.0
510.0
372.0
354.0
276.0
250.0
250.0
224.0
224.0
224.0
216.0
222.0
222.0
190.0
224.0
224.0
224.0
190.0
242.0
242.0
242.0
216.0
242.0
242.0
216.0
224.0
250.0
224.0
224.0
198.0
172.0
198.0
198.0
198.0
198.0
224.0
224.0
198.0
198.0
224.0
250.0
242.0
268.0
268.0
242.0
268.0
242.0
242.0
216.0
242.0
242.0
216.0
216.0
190.0
164.0
216.0
216.0
190.0
190.0
224.0
224.0
278.0
408.0
616.0
874.0
900.0
952.0
900.0
952.0
952.0
952.0
926.0
822.0
614.0
458.0
380.0
302.0
276.0
250.0
224.0
224.0
224.0
224.0
224.0
224.0
224.0
354.0
640.0
926.0
952.0
1004.0
926.0
952.0
911.0
926.0
900.0
796.0
536.0
432.0
380.0
302.0
250.0
250.0
224.0
224.0
224.0
224.0
224.0
224.0
224.0
380.0
640.0
900.0
952.0
978.0
900.0
952.0
928.0
952.0
926.0
796.0
536.0
432.0
354.0
276.0
250.0
250.0
224.0
224.0
224.0
198.0
224.0
216.0
224.0
380.0
640.0
926.0
952.0
1004.0
926.0
952.0
928.0
926.0
900.0
796.0
536.0
458.0
380.0
268.0
242.0
242.0
216.0
216.0
242.0
190.0
216.0
216.0
216.0
372.0
632.0
892.0
944.0
996.0
900.0
926.0
902.0
926.0
900.0
744.0
458.0
380.0
354.0
276.0
250.0
276.0
198.0
224.0
224.0
224.0
224.0
224.0
198.0
250.0
224.0
276.0
276.0
276.0
270.0
264.0
276.0
268.0
250.0
224.0
244.0
250.0
224.0
224.0
224.0
172.0
190.0
216.0
216.0
216.0
216.0
190.0
216.0
190.0
242.0
190.0
216.0
268.0
242.0
216.0
242.0
268.0
242.0
216.0
242.0
242.0
216.0
216.0
224.0
172.0
224.0
224.0
224.0
198.0
224.0
224.0
198.0
188.0
599.0
885.0
900.0
978.0
900.0
885.0
911.0
885.0
874.0
770.0
484.0
406.0
328.0
302.0
250.0
276.0
250.0
224.0
250.0
224.0
221.0
224.0
250.0
380.0
666.0
874.0
866.0
944.0
892.0
885.0
885.0
866.0
866.0
710.0
484.0
372.0
346.0
320.0
268.0
247.0
242.0
216.0
216.0
216.0
190.0
221.0
250.0
354.0
666.0
900.0
900.0
952.0
900.0
888.0
888.0
874.0
848.0
562.0
406.0
354.0
294.0
276.0
224.0
242.0
198.0
190.0
190.0
190.0
202.0
190.0
164.0
190.0
216.0
216.0
242.0
264.0
268.0
242.0
242.0
242.0
242.0
242.0
216.0
242.0
216.0
190.0
190.0
164.0
198.0
172.0
198.0
198.0
198.0
198.0
172.0
198.0
198.0
198.0
198.0
224.0
250.0
250.0
224.0
224.0
250.0
224.0
224.0
198.0
224.0
198.0
172.0
164.0
190.0
164.0
190.0
190.0
190.0
190.0
190.0
164.0
190.0
164.0
190.0
164.0
190.0
190.0
164.0
164.0
164.0
190.0
164.0
307.0
502.0
736.0
788.0
853.0
703.0
781.0
755.0
755.0
770.0
625.0
417.0
328.0
261.0
235.0
198.0
177.0
203.0
177.0
203.0
177.0
177.0
172.0
198.0
276.0
505.0
744.0
744.0
796.0
718.0
744.0
718.0
718.0
718.0
614.0
406.0
329.0
277.0
225.0
225.0
167.0
177.0
173.0
173.0
173.0
173.0
173.0
173.0
173.0
173.0
242.0
242.0
242.0
216.0
242.0
268.0
216.0
242.0
216.0
216.0
190.0
190.0
190.0
166.0
177.0
140.0
164.0
166.0
166.0
164.0
164.0
146.0
198.0
172.0
198.0
224.0
224.0
250.0
224.0
224.0
224.0
224.0
224.0
224.0
198.0
198.0
172.0
172.0
164.0
164.0
164.0
164.0
164.0
164.0
164.0
164.0
160.0
479.0
762.0
736.0
775.0
710.0
762.0
762.0
762.0
758.0
632.0
424.0
346.0
294.0
242.0
216.0
177.0
190.0
164.0
164.0
164.0
164.0
164.0
172.0
276.0
495.0
770.0
796.0
796.0
718.0
796.0
770.0
770.0
762.0
632.0
450.0
320.0
268.0
216.0
216.0
164.0
177.0
196.0
170.0
164.0
203.0
164.0
190.0
268.0
527.0
762.0
762.0
814.0
710.0
788.0
788.0
762.0
762.0
632.0
424.0
346.0
294.0
242.0
216.0
164.0
190.0
177.0
198.0
164.0
172.0
172.0
198.0
276.0
521.0
744.0
770.0
822.0
692.0
770.0
770.0
770.0
744.0
640.0
432.0
328.0
276.0
224.0
216.0
168.0
194.0
164.0
190.0
172.0
172.0
172.0
198.0
276.0
521.0
744.0
744.0
796.0
692.0
744.0
770.0
718.0
640.0
536.0
406.0
346.0
268.0
216.0
216.0
167.0
190.0
190.0
190.0
190.0
164.0
190.0
157.0
190.0
190.0
268.0
268.0
268.0
242.0
268.0
268.0
268.0
268.0
242.0
190.0
216.0
190.0
216.0
190.0
164.0
190.0
190.0
190.0
190.0
164.0
190.0
190.0
190.0
190.0
242.0
242.0
268.0
242.0
268.0
276.0
250.0
276.0
224.0
224.0
198.0
172.0
198.0
198.0
172.0
172.0
198.0
172.0
198.0
172.0
164.0
198.0
224.0
486.0
599.0
762.0
818.0
762.0
792.0
788.0
788.0
762.0
658.0
450.0
346.0
294.0
242.0
220.0
164.0
164.0
155.0
168.0
168.0
168.0
190.0
164.0
268.0
521.0
788.0
788.0
840.0
736.0
788.0
788.0
762.0
762.0
632.0
450.0
346.0
320.0
268.0
216.0
164.0
164.0
173.0
173.0
199.0
173.0
173.0
190.0
268.0
502.0
762.0
788.0
814.0
710.0
762.0
762.0
762.0
762.0
632.0
424.0
346.0
294.0
242.0
242.0
170.0
170.0
170.0
164.0
164.0
164.0
164.0
190.0
268.0
501.0
762.0
736.0
814.0
710.0
762.0
762.0
762.0
736.0
632.0
424.0
346.0
320.0
267.0
215.0
163.0
189.0
163.0
190.0
164.0
164.0
164.0
164.0
267.0
476.0
736.0
762.0
788.0
684.0
762.0
736.0
736.0
736.0
606.0
372.0
346.0
294.0
241.0
215.0
167.0
167.0
163.0
163.0
163.0
189.0
157.0
164.0
164.0
163.0
215.0
190.0
216.0
190.0
216.0
216.0
216.0
216.0
216.0
190.0
190.0
177.0
190.0
164.0
164.0
190.0
164.0
164.0
164.0
164.0
164.0
164.0
164.0
164.0
190.0
190.0
190.0
216.0
190.0
190.0
216.0
190.0
190.0
190.0
190.0
164.0
190.0
190.0
164.0
164.0
164.0
164.0
164.0
164.0
164.0
164.0
164.0
164.0
190.0
190.0
216.0
242.0
216.0
216.0
216.0
216.0
216.0
190.0
190.0
190.0
164.0
190.0
164.0
190.0
190.0
190.0
164.0
164.0
190.0
164.0
160.0
481.0
684.0
684.0
788.0
710.0
788.0
788.0
762.0
762.0
658.0
476.0
346.0
259.0
259.0
207.0
155.0
181.0
190.0
167.0
164.0
190.0
190.0
164.0
294.0
505.0
770.0
770.0
822.0
718.0
770.0
770.0
796.0
770.0
640.0
458.0
354.0
297.0
250.0
224.0
172.0
198.0
198.0
164.0
190.0
164.0
190.0
190.0
268.0
502.0
788.0
788.0
840.0
736.0
814.0
788.0
814.0
788.0
658.0
450.0
346.0
294.0
271.0
242.0
164.0
190.0
190.0
190.0
190.0
190.0
190.0
190.0
268.0
511.0
788.0
788.0
840.0
762.0
814.0
814.0
814.0
788.0
658.0
458.0
346.0
268.0
224.0
198.0
172.0
166.0
141.0
171.0
138.0
138.0
138.0
164.0
140.0
166.0
190.0
190.0
190.0
190.0
216.0
190.0
190.0
216.0
190.0
194.0
190.0
164.0
164.0
164.0
164.0
138.0
164.0
164.0
164.0
138.0
138.0
164.0
138.0
138.0
164.0
164.0
190.0
164.0
190.0
190.0
190.0
190.0
164.0
190.0
190.0
164.0
164.0
138.0
164.0
138.0
164.0
164.0
138.0
138.0
138.0
164.0
143.0
469.0
788.0
814.0
866.0
762.0
822.0
822.0
822.0
796.0
666.0
450.0
346.0
328.0
249.0
224.0
198.0
198.0
190.0
164.0
164.0
190.0
164.0
190.0
294.0
502.0
788.0
814.0
840.0
736.0
814.0
788.0
788.0
762.0
658.0
424.0
346.0
301.0
242.0
216.0
197.0
164.0
190.0
164.0
164.0
190.0
164.0
190.0
268.0
502.0
762.0
762.0
840.0
736.0
762.0
763.0
788.0
762.0
632.0
424.0
294.0
268.0
216.0
242.0
197.0
164.0
190.0
174.0
164.0
164.0
164.0
190.0
268.0
502.0
762.0
762.0
814.0
710.0
762.0
762.0
762.0
736.0
632.0
424.0
346.0
274.0
242.0
222.0
196.0
196.0
196.0
170.0
196.0
170.0
196.0
190.0
294.0
521.0
762.0
762.0
822.0
718.0
796.0
788.0
762.0
736.0
632.0
424.0
294.0
278.0
216.0
229.0
200.0
174.0
174.0
177.0
164.0
164.0
164.0
164.0
164.0
164.0
190.0
190.0
190.0
190.0
216.0
216.0
190.0
216.0
190.0
190.0
190.0
190.0
164.0
164.0
164.0
164.0
190.0
164.0
138.0
164.0
164.0
164.0
164.0
164.0
190.0
216.0
189.0
216.0
216.0
216.0
216.0
216.0
216.0
190.0
190.0
190.0
164.0
190.0
164.0
138.0
190.0
164.0
164.0
164.0
138.0
190.0
268.0
495.0
772.0
772.0
814.0
720.0
788.0
762.0
762.0
762.0
632.0
424.0
355.0
294.0
242.0
225.0
200.0
174.0
164.0
164.0
164.0
164.0
164.0
190.0
242.0
495.0
736.0
736.0
788.0
710.0
752.0
762.0
736.0
710.0
632.0
450.0
356.0
278.0
252.0
226.0
200.0
174.0
198.0
174.0
172.0
198.0
172.0
198.0
276.0
484.0
744.0
744.0
796.0
718.0
770.0
744.0
770.0
744.0
614.0
432.0
354.0
278.0
252.0
198.0
200.0
177.0
190.0
164.0
164.0
190.0
164.0
190.0
268.0
424.0
632.0
736.0
814.0
684.0
762.0
762.0
788.0
762.0
658.0
450.0
346.0
320.0
242.0
226.0
200.0
174.0
198.0
198.0
172.0
200.0
174.0
198.0
276.0
521.0
744.0
796.0
822.0
744.0
762.0
762.0
788.0
736.0
632.0
424.0
320.0
278.0
226.0
190.0
200.0
174.0
200.0
164.0
174.0
164.0
164.0
164.0
164.0
200.0
268.0
268.0
268.0
268.0
268.0
268.0
278.0
276.0
252.0
224.0
224.0
198.0
198.0
198.0
172.0
172.0
198.0
172.0
198.0
172.0
172.0
172.0
172.0
198.0
250.0
250.0
250.0
224.0
276.0
276.0
276.0
276.0
224.0
198.0
224.0
198.0
198.0
172.0
172.0
172.0
172.0
198.0
172.0
172.0
172.0
190.0
276.0
479.0
762.0
788.0
850.0
762.0
814.0
788.0
762.0
788.0
658.0
450.0
372.0
294.0
243.0
217.0
200.0
165.0
191.0
206.0
206.0
206.0
206.0
190.0
294.0
502.0
778.0
778.0
830.0
752.0
804.0
778.0
778.0
752.0
648.0
440.0
362.0
310.0
258.0
232.0
206.0
180.0
206.0
180.0
206.0
206.0
206.0
206.0
310.0
521.0
763.0
789.0
841.0
744.0
796.0
432.0
347.0
295.0
243.0
226.0
139.0
191.0
191.0
165.0
191.0
191.0
165.0
198.0
276.0
450.0
770.0
744.0
796.0
718.0
770.0
770.0
770.0
744.0
633.0
425.0
347.0
295.0
243.0
191.0
139.0
191.0
191.0
165.0
191.0
165.0
191.0
165.0
243.0
450.0
744.0
796.0
822.0
744.0
796.0
796.0
770.0
762.0
632.0
424.0
347.0
269.0
269.0
217.0
139.0
191.0
165.0
165.0
165.0
165.0
165.0
165.0
243.0
450.0
718.0
770.0
796.0
718.0
770.0
771.0
770.0
744.0
640.0
458.0
354.0
328.0
275.0
223.0
146.0
172.0
198.0
172.0
198.0
172.0
198.0
172.0
250.0
474.0
744.0
770.0
796.0
692.0
770.0
744.0
744.0
718.0
614.0
380.0
328.0
276.0
276.0
223.0
146.0
198.0
172.0
172.0
172.0
164.0
164.0
164.0
164.0
171.0
216.0
242.0
242.0
216.0
242.0
242.0
242.0
216.0
242.0
190.0
164.0
190.0
164.0
164.0
165.0
164.0
138.0
164.0
172.0
172.0
172.0
146.0
146.0
172.0
198.0
185.0
198.0
198.0
198.0
232.0
224.0
198.0
224.0
172.0
172.0
172.0
146.0
172.0
172.0
146.0
172.0
146.0
146.0
146.0
146.0
172.0
143.0
417.0
744.0
744.0
763.0
718.0
770.0
777.0
770.0
744.0
640.0
458.0
347.0
328.0
269.0
243.0
796.0
536.0
432.0
380.0
328.0
276.0
250.0
224.0
250.0
250.0
224.0
224.0
224.0
250.0
380.0
692.0
952.0
978.0
1056.0
952.0
978.0
952.0
952.0
926.0
770.0
510.0
396.0
354.0
302.0
250.0
250.0
224.0
224.0
224.0
216.0
242.0
190.0
216.0
346.0
658.0
918.0
944.0
1022.0
944.0
911.0
918.0
918.0
892.0
788.0
554.0
424.0
380.0
302.0
276.0
250.0
224.0
224.0
224.0
224.0
250.0
250.0
224.0
354.0
640.0
926.0
952.0
1004.0
952.0
952.0
952.0
952.0
926.0
796.0
536.0
406.0
380.0
302.0
250.0
250.0
250.0
216.0
216.0
216.0
242.0
216.0
216.0
346.0
606.0
944.0
944.0
996.0
918.0
944.0
911.0
892.0
892.0
788.0
528.0
346.0
268.0
250.0
224.0
276.0
224.0
198.0
224.0
224.0
250.0
198.0
224.0
198.0
198.0
250.0
250.0
250.0
250.0
261.0
269.0
276.0
250.0
250.0
276.0
224.0
250.0
224.0
250.0
172.0
198.0
224.0
224.0
224.0
198.0
224.0
190.0
216.0
216.0
216.0
216.0
224.0
268.0
300.0
242.0
242.0
242.0
242.0
242.0
242.0
216.0
216.0
224.0
172.0
212.0
224.0
224.0
198.0
224.0
224.0
224.0
330.0
640.0
954.0
983.0
1056.0
952.0
1004.0
1030.0
978.0
978.0
822.0
588.0
432.0
354.0
307.0
276.0
276.0
250.0
250.0
229.0
216.0
216.0
216.0
216.0
372.0
606.0
944.0
996.0
1022.0
970.0
996.0
970.0
944.0
970.0
848.0
562.0
432.0
354.0
302.0
250.0
276.0
250.0
211.0
250.0
224.0
224.0
224.0
224.0
354.0
640.0
926.0
952.0
1030.0
952.0
978.0
952.0
952.0
926.0
796.0
536.0
432.0
341.0
315.0
237.0
263.0
237.0
211.0
211.0
211.0
211.0
211.0
211.0
341.0
627.0
913.0
978.0
1056.0
952.0
978.0
978.0
952.0
926.0
848.0
536.0
419.0
341.0
289.0
274.0
265.0
263.0
222.0
248.0
248.0
224.0
224.0
222.0
378.0
614.0
926.0
952.0
1030.0
952.0
978.0
978.0
952.0
926.0
814.0
528.0
372.0
352.0
268.0
248.0
268.0
222.0
196.0
222.0
222.0
222.0
196.0
216.0
222.0
248.0
248.0
274.0
274.0
274.0
274.0
278.0
264.0
274.0
274.0
248.0
248.0
222.0
222.0
237.0
172.0
211.0
211.0
211.0
211.0
185.0
185.0
185.0
185.0
185.0
211.0
211.0
263.0
237.0
237.0
263.0
263.0
263.0
237.0
237.0
211.0
211.0
211.0
185.0
159.0
172.0
198.0
224.0
172.0
172.0
198.0
198.0
200.0
638.0
846.0
901.0
996.0
944.0
944.0
996.0
944.0
970.0
840.0
580.0
450.0
380.0
302.0
274.0
276.0
222.0
196.0
250.0
224.0
224.0
198.0
224.0
354.0
640.0
926.0
952.0
1056.0
952.0
978.0
991.0
965.0
939.0
835.0
588.0
458.0
367.0
315.0
263.0
276.0
250.0
250.0
250.0
250.0
224.0
224.0
250.0
378.0
640.0
952.0
944.0
1048.0
944.0
970.0
970.0
956.0
944.0
814.0
606.0
398.0
372.0
346.0
242.0
268.0
242.0
242.0
248.0
216.0
242.0
242.0
216.0
372.0
632.0
944.0
970.0
1048.0
944.0
970.0
944.0
944.0
952.0
822.0
614.0
484.0
384.0
332.0
280.0
280.0
254.0
254.0
228.0
254.0
228.0
228.0
254.0
384.0
696.0
956.0
978.0
1056.0
952.0
1004.0
978.0
944.0
944.0
788.0
580.0
424.0
346.0
294.0
268.0
268.0
224.0
198.0
198.0
224.0
224.0
198.0
185.0
185.0
215.0
237.0
237.0
263.0
263.0
263.0
263.0
237.0
263.0
237.0
211.0
211.0
237.0
185.0
224.0
172.0
198.0
198.0
224.0
198.0
224.0
198.0
198.0
224.0
216.0
216.0
237.0
263.0
263.0
242.0
263.0
263.0
263.0
263.0
237.0
211.0
237.0
211.0
185.0
172.0
185.0
211.0
185.0
185.0
216.0
216.0
216.0
200.0
658.0
911.0
996.0
1022.0
944.0
996.0
970.0
996.0
944.0
814.0
528.0
424.0
346.0
294.0
268.0
250.0
224.0
250.0
224.0
250.0
224.0
250.0
224.0
380.0
640.0
926.0
1004.0
1056.0
978.0
1004.0
978.0
952.0
952.0
840.0
588.0
432.0
354.0
306.0
280.0
254.0
254.0
228.0
228.0
216.0
216.0
216.0
216.0
372.0
632.0
944.0
996.0
1048.0
944.0
996.0
996.0
970.0
970.0
840.0
580.0
424.0
372.0
332.0
280.0
254.0
228.0
254.0
228.0
250.0
224.0
224.0
250.0
380.0
692.0
952.0
978.0
1056.0
952.0
1004.0
978.0
952.0
926.0
844.0
536.0
436.0
380.0
332.0
280.0
254.0
228.0
228.0
216.0
216.0
216.0
190.0
216.0
372.0
684.0
918.0
971.0
1048.0
944.0
970.0
970.0
944.0
918.0
814.0
536.0
436.0
358.0
280.0
254.0
254.0
228.0
202.0
202.0
228.0
228.0
202.0
216.0
228.0
216.0
228.0
268.0
237.0
276.0
242.0
268.0
261.0
237.0
211.0
237.0
211.0
237.0
185.0
224.0
172.0
198.0
194.0
194.0
194.0
194.0
220.0
194.0
194.0
220.0
220.0
246.0
272.0
272.0
246.0
272.0
246.0
272.0
220.0
272.0
246.0
246.0
194.0
220.0
168.0
194.0
220.0
194.0
194.0
194.0
198.0
198.0
201.0
640.0
937.0
1004.0
1030.0
952.0
1004.0
978.0
1004.0
978.0
848.0
588.0
458.0
354.0
302.0
239.0
239.0
213.0
213.0
213.0
242.0
216.0
216.0
242.0
346.0
632.0
944.0
996.0
1048.0
944.0
1004.0
952.0
978.0
952.0
848.0
588.0
432.0
354.0
302.0
272.0
246.0
220.0
220.0
220.0
254.0
242.0
220.0
216.0
372.0
632.0
926.0
952.0
1056.0
926.0
978.0
952.0
952.0
900.0
848.0
562.0
432.0
354.0
306.0
254.0
254.0
228.0
202.0
228.0
228.0
228.0
213.0
224.0
372.0
632.0
918.0
944.0
1048.0
944.0
944.0
944.0
918.0
892.0
788.0
528.0
372.0
346.0
294.0
254.0
254.0
228.0
228.0
202.0
228.0
202.0
224.0
198.0
380.0
614.0
900.0
926.0
1030.0
952.0
952.0
926.0
926.0
900.0
770.0
536.0
380.0
328.0
250.0
242.0
248.0
190.0
196.0
196.0
190.0
190.0
190.0
190.0
216.0
216.0
248.0
276.0
274.0
242.0
294.0
268.0
248.0
248.0
248.0
248.0
216.0
216.0
216.0
190.0
164.0
216.0
190.0
190.0
190.0
190.0
190.0
190.0
190.0
190.0
216.0
216.0
242.0
263.0
242.0
242.0
237.0
274.0
242.0
216.0
242.0
216.0
216.0
216.0
164.0
196.0
190.0
190.0
196.0
190.0
190.0
198.0
200.0
636.0
928.0
911.0
1056.0
952.0
948.0
1004.0
978.0
948.0
822.0
528.0
450.0
350.0
298.0
246.0
246.0
246.0
194.0
246.0
194.0
224.0
198.0
224.0
354.0
640.0
926.0
952.0
1056.0
952.0
952.0
978.0
952.0
952.0
822.0
562.0
458.0
354.0
298.0
246.0
246.0
246.0
220.0
237.0
224.0
211.0
211.0
224.0
354.0
640.0
918.0
996.0
1048.0
944.0
970.0
944.0
944.0
918.0
814.0
554.0
419.0
367.0
289.0
237.0
237.0
237.0
211.0
211.0
211.0
224.0
224.0
224.0
380.0
692.0
952.0
978.0
1056.0
952.0
952.0
952.0
952.0
918.0
814.0
528.0
402.0
346.0
298.0
246.0
246.0
243.0
243.0
191.0
191.0
224.0
198.0
224.0
380.0
640.0
952.0
952.0
1030.0
926.0
978.0
952.0
952.0
900.0
796.0
484.0
354.0
354.0
272.0
211.0
246.0
185.0
220.0
185.0
185.0
159.0
185.0
190.0
211.0
194.0
276.0
294.0
294.0
294.0
294.0
298.0
294.0
294.0
269.0
243.0
217.0
217.0
217.0
191.0
165.0
191.0
191.0
191.0
191.0
165.0
191.0
191.0
172.0
186.0
217.0
216.0
242.0
268.0
242.0
242.0
242.0
216.0
242.0
217.0
217.0
243.0
211.0
211.0
159.0
185.0
185.0
185.0
185.0
211.0
185.0
185.0
183.0
580.0
952.0
874.0
885.0
874.0
900.0
874.0
744.0
458.0
376.0
354.0
298.0
246.0
246.0
220.0
192.0
166.0
192.0
216.0
190.0
190.0
380.0
684.0
840.0
892.0
944.0
866.0
892.0
892.0
892.0
840.0
710.0
450.0
346.0
294.0
216.0
242.0
248.0
190.0
190.0
216.0
190.0
190.0
216.0
198.0
159.0
185.0
185.0
185.0
185.0
211.0
185.0
185.0
222.0
185.0
224.0
224.0
224.0
198.0
224.0
224.0
172.0
198.0
224.0
198.0
198.0
198.0
198.0
198.0
198.0
191.0
216.0
242.0
250.0
250.0
250.0
250.0
224.0
217.0
191.0
217.0
217.0
191.0
198.0
198.0
172.0
224.0
198.0
198.0
198.0
198.0
198.0
198.0
171.0
224.0
198.0
250.0
242.0
216.0
216.0
242.0
242.0
217.0
217.0
216.0
216.0
216.0
190.0
216.0
164.0
216.0
190.0
191.0
164.0
198.0
198.0
198.0
195.0
666.0
945.0
978.0
1056.0
952.0
952.0
952.0
952.0
926.0
822.0
562.0
432.0
358.0
280.0
262.0
246.0
220.0
224.0
198.0
224.0
198.0
198.0
198.0
380.0
692.0
952.0
952.0
1004.0
926.0
952.0
926.0
926.0
926.0
796.0
536.0
432.0
380.0
306.0
254.0
254.0
228.0
202.0
224.0
198.0
224.0
198.0
250.0
380.0
692.0
926.0
978.0
1056.0
926.0
978.0
952.0
952.0
900.0
796.0
536.0
432.0
373.0
269.0
269.0
243.0
217.0
217.0
243.0
217.0
217.0
191.0
217.0
372.0
684.0
918.0
944.0
996.0
892.0
919.0
918.0
892.0
892.0
736.0
502.0
402.0
328.0
246.0
217.0
243.0
165.0
191.0
165.0
165.0
165.0
165.0
165.0
165.0
220.0
269.0
254.0
243.0
217.0
272.0
246.0
272.0
246.0
246.0
220.0
220.0
220.0
190.0
228.0
176.0
190.0
192.0
190.0
166.0
164.0
192.0
164.0
192.0
190.0
242.0
268.0
268.0
268.0
242.0
242.0
268.0
268.0
242.0
216.0
190.0
216.0
192.0
192.0
166.0
192.0
166.0
192.0
192.0
165.0
164.0
191.0
313.0
659.0
919.0
919.0
997.0
893.0
945.0
919.0
945.0
893.0
763.0
503.0
451.0
373.0
295.0
269.0
269.0
217.0
217.0
243.0
217.0
198.0
224.0
224.0
380.0
666.0
926.0
978.0
1056.0
952.0
978.0
952.0
952.0
926.0
788.0
536.0
458.0
380.0
322.0
270.0
270.0
218.0
217.0
217.0
218.0
218.0
218.0
216.0
372.0
606.0
918.0
918.0
996.0
918.0
944.0
918.0
918.0
892.0
762.0
502.0
424.0
372.0
306.0
280.0
280.0
228.0
228.0
216.0
216.0
190.0
190.0
242.0
372.0
632.0
918.0
944.0
970.0
918.0
918.0
892.0
900.0
874.0
744.0
510.0
422.0
380.0
292.0
266.0
240.0
214.0
214.0
214.0
250.0
224.0
224.0
250.0
380.0
666.0
926.0
952.0
1004.0
926.0
952.0
952.0
926.0
926.0
770.0
536.0
399.0
352.0
293.0
267.0
241.0
215.0
215.0
189.0
189.0
189.0
189.0
189.0
215.0
216.0
289.0
289.0
315.0
306.0
306.0
300.0
326.0
300.0
263.0
247.0
211.0
237.0
211.0
237.0
170.0
185.0
216.0
216.0
216.0
190.0
190.0
190.0
216.0
246.0
268.0
298.0
350.0
298.0
298.0
268.0
298.0
268.0
263.0
242.0
250.0
250.0
224.0
224.0
172.0
224.0
198.0
216.0
190.0
190.0
185.0
185.0
209.0
601.0
835.0
913.0
918.0
840.0
892.0
887.0
866.0
866.0
736.0
476.0
372.0
345.0
272.0
268.0
242.0
216.0
190.0
216.0
190.0
190.0
216.0
216.0
346.0
606.0
840.0
866.0
892.0
840.0
840.0
840.0
840.0
840.0
710.0
476.0
372.0
328.0
267.0
267.0
241.0
224.0
224.0
224.0
224.0
198.0
224.0
233.0
371.0
631.0
813.0
844.0
922.0
874.0
848.0
874.0
848.0
822.0
718.0
484.0
376.0
328.0
272.0
272.0
246.0
246.0
220.0
216.0
220.0
220.0
242.0
216.0
372.0
632.0
840.0
866.0
919.0
866.0
892.0
840.0
839.0
848.0
718.0
501.0
371.0
319.0
319.0
248.0
241.0
241.0
241.0
225.0
189.0
215.0
215.0
216.0
354.0
666.0
900.0
874.0
943.0
865.0
891.0
848.0
865.0
839.0
709.0
501.0
371.0
319.0
280.0
241.0
241.0
215.0
215.0
215.0
215.0
202.0
215.0
189.0
191.0
196.0
228.0
222.0
222.0
222.0
222.0
222.0
222.0
222.0
222.0
222.0
222.0
196.0
248.0
222.0
163.0
189.0
215.0
215.0
209.0
189.0
189.0
189.0
189.0
189.0
215.0
241.0
267.0
241.0
241.0
215.0
241.0
241.0
216.0
233.0
207.0
233.0
207.0
207.0
155.0
207.0
181.0
181.0
181.0
207.0
181.0
216.0
200.0
666.0
926.0
1004.0
1056.0
952.0
1004.0
952.0
952.0
926.0
796.0
527.0
423.0
371.0
332.0
280.0
254.0
228.0
254.0
254.0
228.0
228.0
216.0
242.0
372.0
684.0
944.0
970.0
1048.0
944.0
970.0
943.0
943.0
917.0
761.0
501.0
397.0
345.0
293.0
241.0
241.0
215.0
215.0
215.0
215.0
237.0
185.0
211.0
341.0
653.0
922.0
939.0
1017.0
957.0
928.0
913.0
926.0
900.0
796.0
562.0
432.0
372.0
306.0
280.0
254.0
228.0
224.0
224.0
228.0
250.0
250.0
224.0
354.0
640.0
926.0
952.0
1004.0
952.0
952.0
952.0
952.0
926.0
796.0
536.0
397.0
371.0
293.0
241.0
241.0
241.0
215.0
215.0
215.0
241.0
215.0
215.0
346.0
606.0
948.0
944.0
996.0
926.0
952.0
926.0
900.0
900.0
796.0
536.0
354.0
276.0
249.0
223.0
276.0
223.0
197.0
224.0
223.0
250.0
198.0
224.0
198.0
197.0
249.0
249.0
249.0
249.0
275.0
275.0
275.0
249.0
249.0
267.0
215.0
241.0
215.0
241.0
164.0
191.0
217.0
217.0
217.0
191.0
224.0
191.0
224.0
224.0
223.0
224.0
220.0
275.0
301.0
249.0
249.0
249.0
249.0
249.0
249.0
223.0
223.0
223.0
168.0
223.0
223.0
215.0
190.0
215.0
220.0
220.0
313.0
623.0
945.0
961.0
1047.0
943.0
995.0
1021.0
969.0
969.0
813.0
579.0
423.0
345.0
293.0
267.0
267.0
241.0
242.0
216.0
216.0
216.0
216.0
224.0
380.0
614.0
952.0
1004.0
1030.0
978.0
1004.0
978.0
952.0
978.0
848.0
562.0
432.0
354.0
302.0
254.0
280.0
248.0
222.0
248.0
216.0
216.0
216.0
216.0
354.0
632.0
918.0
944.0
1022.0
944.0
970.0
944.0
952.0
909.0
779.0
536.0
420.0
337.0
311.0
248.0
274.0
243.0
217.0
217.0
217.0
217.0
217.0
217.0
347.0
633.0
919.0
971.0
1049.0
945.0
971.0
971.0
945.0
919.0
841.0
529.0
425.0
347.0
295.0
269.0
269.0
268.0
216.0
242.0
242.0
216.0
216.0
216.0
372.0
606.0
918.0
952.0
1030.0
952.0
978.0
978.0
952.0
926.0
822.0
536.0
380.0
337.0
268.0
233.0
259.0
224.0
191.0
217.0
217.0
217.0
191.0
217.0
217.0
243.0
243.0
269.0
269.0
269.0
269.0
269.0
269.0
269.0
269.0
243.0
243.0
217.0
217.0
241.0
164.0
215.0
215.0
215.0
216.0
190.0
190.0
190.0
190.0
190.0
216.0
216.0
268.0
242.0
242.0
268.0
269.0
269.0
243.0
243.0
224.0
217.0
217.0
198.0
165.0
165.0
191.0
217.0
165.0
165.0
198.0
190.0
194.0
641.0
848.0
885.0
1004.0
952.0
945.0
1004.0
952.0
978.0
848.0
588.0
441.0
363.0
285.0
259.0
259.0
207.0
181.0
233.0
216.0
216.0
190.0
216.0
346.0
632.0
918.0
944.0
1048.0
945.0
971.0
997.0
969.0
945.0
841.0
581.0
451.0
373.0
321.0
269.0
269.0
243.0
243.0
243.0
243.0
217.0
217.0
243.0
373.0
633.0
945.0
945.0
1056.0
952.0
978.0
978.0
952.0
952.0
822.0
614.0
406.0
380.0
346.0
242.0
268.0
242.0
241.0
241.0
320.0
554.0
840.0
866.0
944.0
828.0
892.0
892.0
866.0
866.0
710.0
528.0
424.0
358.0
259.0
233.0
233.0
181.0
181.0
181.0
181.0
181.0
155.0
207.0
311.0
545.0
831.0
857.0
909.0
805.0
857.0
857.0
831.0
841.0
711.0
503.0
373.0
321.0
243.0
217.0
243.0
165.0
191.0
191.0
165.0
165.0
165.0
198.0
191.0
191.0
269.0
269.0
295.0
269.0
300.0
300.0
295.0
300.0
269.0
217.0
217.0
216.0
191.0
190.0
164.0
190.0
190.0
163.0
190.0
190.0
168.0
164.0
189.0
189.0
215.0
241.0
254.0
216.0
280.0
280.0
254.0
254.0
216.0
202.0
202.0
202.0
202.0
190.0
176.0
176.0
190.0
202.0
176.0
164.0
176.0
190.0
183.0
547.0
840.0
866.0
944.0
840.0
892.0
866.0
866.0
866.0
710.0
450.0
346.0
294.0
275.0
243.0
243.0
191.0
191.0
191.0
191.0
157.0
190.0
216.0
320.0
554.0
840.0
866.0
944.0
814.0
892.0
892.0
892.0
866.0
736.0
450.0
373.0
295.0
280.0
243.0
243.0
191.0
191.0
190.0
190.0
190.0
190.0
216.0
320.0
606.0
840.0
892.0
944.0
840.0
892.0
892.0
867.0
841.0
711.0
451.0
321.0
269.0
243.0
243.0
243.0
191.0
217.0
191.0
191.0
191.0
191.0
217.0
321.0
607.0
893.0
919.0
971.0
867.0
919.0
893.0
893.0
841.0
737.0
451.0
347.0
295.0
249.0
243.0
243.0
217.0
191.0
217.0
191.0
191.0
191.0
191.0
320.0
554.0
874.0
900.0
912.0
834.0
848.0
762.0
762.0
762.0
580.0
372.0
306.0
266.0
254.0
254.0
254.0
189.0
163.0
163.0
189.0
164.0
165.0
165.0
202.0
228.0
254.0
280.0
254.0
228.0
228.0
254.0
228.0
254.0
228.0
202.0
202.0
176.0
202.0
176.0
176.0
202.0
176.0
176.0
189.0
142.0
165.0
142.0
191.0
222.0
243.0
269.0
269.0
269.0
243.0
217.0
246.0
220.0
194.0
194.0
194.0
220.0
168.0
176.0
176.0
176.0
176.0
202.0
177.0
168.0
168.0
194.0
194.0
563.0
814.0
814.0
905.0
853.0
853.0
853.0
853.0
827.0
686.0
489.0
347.0
295.0
243.0
229.0
255.0
203.0
203.0
203.0
203.0
203.0
217.0
191.0
347.0
553.0
841.0
841.0
919.0
841.0
867.0
841.0
841.0
841.0
684.0
450.0
347.0
295.0
254.0
228.0
254.0
228.0
202.0
202.0
202.0
202.0
202.0
216.0
320.0
554.0
840.0
866.0
944.0
840.0
892.0
866.0
892.0
841.0
710.0
477.0
373.0
294.0
264.0
242.0
246.0
190.0
190.0
216.0
190.0
190.0
216.0
216.0
320.0
554.0
892.0
892.0
944.0
840.0
900.0
900.0
900.0
862.0
718.0
446.0
368.0
316.0
264.0
264.0
238.0
238.0
186.0
212.0
212.0
212.0
186.0
229.0
359.0
619.0
879.0
905.0
957.0
844.0
905.0
905.0
905.0
853.0
723.0
463.0
359.0
281.0
229.0
255.0
255.0
182.0
203.0
203.0
203.0
203.0
190.0
190.0
190.0
254.0
274.0
306.0
290.0
316.0
332.0
332.0
320.0
306.0
254.0
254.0
228.0
228.0
228.0
202.0
176.0
198.0
198.0
198.0
198.0
198.0
190.0
168.0
189.0
243.0
269.0
295.0
295.0
306.0
306.0
306.0
306.0
321.0
269.0
243.0
243.0
217.0
217.0
190.0
165.0
190.0
190.0
190.0
216.0
164.0
190.0
194.0
186.0
580.0
866.0
918.0
1004.0
874.0
952.0
926.0
926.0
900.0
744.0
510.0
380.0
328.0
243.0
217.0
243.0
191.0
191.0
217.0
191.0
191.0
190.0
216.0
320.0
606.0
892.0
892.0
970.0
866.0
892.0
866.0
866.0
867.0
710.0
477.0
373.0
295.0
269.0
243.0
243.0
217.0
191.0
217.0
191.0
217.0
191.0
217.0
328.0
614.0
874.0
905.0
952.0
853.0
905.0
879.0
879.0
853.0
723.0
463.0
385.0
333.0
274.0
281.0
248.0
224.0
399.0
398.0
398.0
398.0
399.0
425.0
451.0
503.0
580.0
553.0
633.0
633.0
581.0
867.0
867.0
879.0
710.0
502.0
346.0
294.0
268.0
242.0
242.0
216.0
190.0
216.0
190.0
216.0
189.0
215.0
346.0
605.0
866.0
892.0
944.0
840.0
867.0
867.0
893.0
841.0
737.0
451.0
347.0
269.0
269.0
217.0
243.0
191.0
191.0
191.0
190.0
190.0
190.0
190.0
216.0
217.0
269.0
274.0
295.0
274.0
300.0
292.0
302.0
302.0
276.0
250.0
224.0
250.0
198.0
172.0
172.0
198.0
164.0
190.0
190.0
190.0
163.0
189.0
189.0
215.0
242.0
268.0
269.0
269.0
269.0
269.0
269.0
269.0
269.0
217.0
217.0
217.0
191.0
191.0
165.0
191.0
206.0
191.0
163.0
163.0
189.0
189.0
189.0
581.0
867.0
893.0
944.0
867.0
919.0
919.0
867.0
867.0
737.0
451.0
373.0
295.0
269.0
243.0
243.0
217.0
217.0
191.0
216.0
190.0
216.0
216.0
346.0
554.0
840.0
866.0
918.0
856.0
867.0
892.0
867.0
841.0
711.0
451.0
373.0
321.0
269.0
243.0
243.0
191.0
217.0
191.0
191.0
198.0
224.0
224.0
320.0
606.0
840.0
866.0
918.0
840.0
873.0
866.0
840.0
840.0
717.0
457.0
379.0
327.0
275.0
249.0
249.0
197.0
223.0
197.0
197.0
197.0
197.0
197.0
320.0
580.0
847.0
847.0
925.0
847.0
892.0
873.0
841.0
840.0
716.0
450.0
320.0
269.0
243.0
223.0
255.0
203.0
203.0
203.0
177.0
190.0
190.0
190.0
294.0
554.0
840.0
866.0
944.0
827.0
866.0
840.0
840.0
814.0
684.0
424.0
322.0
307.0
255.0
229.0
242.0
203.0
177.0
203.0
190.0
164.0
164.0
164.0
216.0
254.0
280.0
280.0
295.0
269.0
306.0
295.0
269.0
243.0
217.0
217.0
191.0
217.0
191.0
191.0
165.0
191.0
165.0
191.0
165.0
171.0
171.0
197.0
171.0
171.0
223.0
197.0
249.0
197.0
223.0
223.0
223.0
223.0
197.0
223.0
197.0
171.0
197.0
171.0
171.0
190.0
190.0
171.0
190.0
171.0
197.0
197.0
163.0
547.0
814.0
840.0
918.0
840.0
873.0
866.0
840.0
840.0
711.0
451.0
373.0
321.0
275.0
243.0
243.0
217.0
191.0
217.0
191.0
191.0
191.0
216.0
294.0
554.0
840.0
841.0
945.0
815.0
893.0
841.0
841.0
815.0
711.0
450.0
346.0
307.0
255.0
229.0
255.0
203.0
203.0
203.0
191.0
203.0
203.0
229.0
307.0
553.0
853.0
827.0
931.0
827.0
866.0
814.0
814.0
814.0
684.0
450.0
346.0
295.0
243.0
242.0
243.0
191.0
191.0
165.0
217.0
165.0
165.0
217.0
295.0
521.0
815.0
821.0
899.0
769.0
847.0
821.0
769.0
814.0
691.0
424.0
353.0
301.0
242.0
249.0
275.0
171.0
197.0
197.0
223.0
197.0
198.0
220.0
301.0
521.0
827.0
853.0
905.0
801.0
853.0
827.0
827.0
801.0
645.0
437.0
333.0
307.0
255.0
229.0
229.0
203.0
229.0
203.0
203.0
203.0
177.0
177.0
229.0
229.0
281.0
307.0
301.0
249.0
301.0
301.0
301.0
301.0
249.0
223.0
223.0
197.0
197.0
223.0
165.0
191.0
165.0
191.0
191.0
165.0
197.0
197.0
197.0
223.0
243.0
269.0
269.0
284.0
280.0
268.0
284.0
254.0
238.0
215.0
215.0
215.0
189.0
189.0
163.0
189.0
189.0
163.0
189.0
163.0
168.0
197.0
313.0
580.0
840.0
840.0
892.0
814.0
840.0
814.0
814.0
788.0
633.0
445.0
353.0
301.0
249.0
249.0
223.0
197.0
197.0
203.0
177.0
203.0
177.0
229.0
333.0
566.0
789.0
815.0
893.0
789.0
815.0
815.0
815.0
789.0
659.0
462.0
358.0
306.0
228.0
228.0
228.0
202.0
202.0
176.0
202.0
202.0
176.0
202.0
332.0
540.0
800.0
852.0
904.0
800.0
852.0
826.0
800.0
800.0
670.0
436.0
332.0
306.0
254.0
228.0
280.0
254.0
254.0
228.0
202.0
232.0
206.0
232.0
206.0
232.0
336.0
622.0
882.0
892.0
944.0
840.0
892.0
866.0
866.0
840.0
710.0
450.0
372.0
320.0
275.0
268.0
249.0
216.0
398.0
390.0
398.0
398.0
398.0
425.0
450.0
502.0
580.0
549.0
633.0
633.0
581.0
867.0
867.0
866.0
702.0
502.0
347.0
295.0
269.0
242.0
242.0
216.0
190.0
216.0
190.0
216.0
203.0
208.0
346.0
606.0
866.0
892.0
944.0
840.0
879.0
866.0
892.0
840.0
736.0
450.0
338.0
260.0
260.0
208.0
234.0
182.0
182.0
182.0
182.0
182.0
182.0
182.0
208.0
208.0
260.0
260.0
286.0
260.0
286.0
309.0
286.0
286.0
260.0
234.0
228.0
254.0
202.0
176.0
176.0
202.0
176.0
202.0
202.0
202.0
168.0
194.0
189.0
220.0
254.0
280.0
280.0
280.0
280.0
280.0
280.0
280.0
280.0
229.0
229.0
229.0
203.0
203.0
177.0
203.0
203.0
197.0
171.0
171.0
197.0
197.0
201.0
587.0
873.0
899.0
951.0
873.0
925.0
925.0
873.0
873.0
743.0
457.0
379.0
301.0
275.0
249.0
249.0
223.0
223.0
197.0
223.0
182.0
208.0
208.0
338.0
546.0
841.0
867.0
919.0
841.0
867.0
905.0
879.0
853.0
723.0
463.0
385.0
312.0
260.0
234.0
234.0
182.0
208.0
182.0
182.0
182.0
208.0
208.0
312.0
598.0
847.0
873.0
925.0
847.0
873.0
873.0
847.0
847.0
717.0
457.0
379.0
327.0
275.0
249.0
249.0
197.0
223.0
197.0
197.0
197.0
197.0
197.0
327.0
587.0
847.0
847.0
925.0
847.0
899.0
873.0
847.0
840.0
710.0
450.0
327.0
280.0
249.0
223.0
242.0
190.0
190.0
190.0
164.0
190.0
190.0
190.0
294.0
554.0
840.0
866.0
944.0
814.0
866.0
840.0
840.0
814.0
684.0
424.0
320.0
294.0
242.0
228.0
242.0
191.0
165.0
191.0
191.0
165.0
165.0
165.0
217.0
249.0
275.0
275.0
301.0
275.0
301.0
301.0
275.0
249.0
223.0
223.0
197.0
223.0
197.0
197.0
171.0
197.0
171.0
197.0
163.0
163.0
163.0
194.0
163.0
163.0
215.0
189.0
255.0
189.0
229.0
229.0
229.0
223.0
197.0
223.0
197.0
171.0
197.0
171.0
171.0
197.0
197.0
171.0
197.0
171.0
194.0
194.0
168.0
553.0
821.0
847.0
925.0
847.0
873.0
873.0
847.0
847.0
717.0
457.0
379.0
327.0
275.0
249.0
249.0
223.0
197.0
223.0
197.0
197.0
197.0
218.0
296.0
556.0
842.0
842.0
946.0
816.0
894.0
842.0
842.0
816.0
712.0
452.0
348.0
296.0
244.0
218.0
244.0
192.0
192.0
192.0
192.0
192.0
192.0
218.0
296.0
553.0
842.0
816.0
920.0
816.0
868.0
816.0
816.0
816.0
686.0
452.0
348.0
296.0
244.0
255.0
244.0
192.0
192.0
166.0
218.0
166.0
166.0
218.0
296.0
527.0
816.0
826.0
904.0
774.0
852.0
826.0
774.0
826.0
696.0
436.0
358.0
306.0
242.0
254.0
280.0
176.0
202.0
203.0
229.0
203.0
203.0
229.0
301.0
527.0
821.0
847.0
899.0
795.0
847.0
821.0
821.0
795.0
639.0
431.0
327.0
301.0
249.0
223.0
223.0
197.0
223.0
197.0
197.0
197.0
171.0
171.0
223.0
223.0
275.0
301.0
301.0
249.0
301.0
301.0
301.0
301.0
249.0
225.0
223.0
197.0
197.0
223.0
171.0
192.0
166.0
192.0
192.0
168.0
194.0
194.0
194.0
220.0
249.0
275.0
275.0
275.0
275.0
275.0
275.0
249.0
249.0
223.0
223.0
223.0
197.0
197.0
171.0
197.0
191.0
168.0
191.0
168.0
168.0
194.0
313.0
581.0
847.0
847.0
899.0
821.0
841.0
821.0
821.0
795.0
639.0
457.0
353.0
301.0
249.0
249.0
223.0
197.0
197.0
197.0
171.0
203.0
171.0
223.0
327.0
563.0
795.0
821.0
899.0
795.0
821.0
820.0
821.0
795.0
665.0
457.0
353.0
301.0
223.0
223.0
223.0
197.0
197.0
171.0
197.0
187.0
171.0
197.0
327.0
535.0
795.0
847.0
899.0
795.0
847.0
821.0
795.0
795.0
665.0
431.0
327.0
301.0
249.0
223.0
223.0
171.0
197.0
197.0
197.0
197.0
197.0
223.0
327.0
561.0
821.0
873.0
925.0
795.0
873.0
847.0
847.0
821.0
680.0
446.0
368.0
290.0
238.0
212.0
218.0
197.0
166.0
192.0
166.0
192.0
192.0
192.0
296.0
553.0
764.0
816.0
842.0
764.0
816.0
790.0
764.0
764.0
608.0
400.0
322.0
275.0
218.0
192.0
218.0
166.0
166.0
166.0
166.0
166.0
166.0
166.0
167.0
193.0
245.0
246.0
246.0
220.0
246.0
272.0
245.0
219.0
223.0
197.0
197.0
171.0
171.0
171.0
145.0
197.0
171.0
171.0
168.0
145.0
168.0
171.0
171.0
197.0
220.0
246.0
272.0
220.0
272.0
272.0
272.0
272.0
272.0
194.0
168.0
194.0
168.0
168.0
168.0
168.0
168.0
168.0
168.0
140.0
168.0
168.0
168.0
514.0
816.0
818.0
894.0
818.0
870.0
870.0
844.0
844.0
350.0
792.0
376.0
324.0
246.0
220.0
220.0
194.0
194.0
191.0
191.0
191.0
194.0
194.0
298.0
558.0
824.0
844.0
919.0
818.0
873.0
873.0
847.0
821.0
691.0
457.0
368.0
301.0
249.0
223.0
223.0
197.0
197.0
197.0
197.0
197.0
171.0
223.0
301.0
566.0
818.0
844.0
896.0
816.0
842.0
816.0
818.0
790.0
688.0
454.0
350.0
272.0
246.0
246.0
220.0
194.0
194.0
194.0
194.0
194.0
194.0
220.0
298.0
532.0
818.0
844.0
851.0
298.0
847.0
821.0
824.0
810.0
662.0
434.0
342.0
298.0
270.0
218.0
220.0
220.0
194.0
192.0
192.0
192.0
192.0
192.0
296.0
540.0
792.0
816.0
868.0
816.0
842.0
816.0
816.0
790.0
686.0
452.0
348.0
296.0
166.0
192.0
218.0
249.0
197.0
171.0
197.0
197.0
171.0
171.0
160.0
197.0
223.0
275.0
249.0
275.0
264.0
238.0
264.0
264.0
275.0
394.0
194.0
264.0
160.0
194.0
160.0
160.0
145.0
197.0
160.0
157.0
150.0
197.0
220.0
194.0
223.0
223.0
249.0
223.0
223.0
249.0
275.0
269.0
280.0
275.0
223.0
145.0
171.0
249.0
171.0
197.0
197.0
197.0
171.0
194.0
304.0
166.0
286.0
278.0
868.0
738.0
348.0
790.0
842.0
816.0
816.0
764.0
660.0
426.0
348.0
281.0
203.0
229.0
223.0
203.0
203.0
197.0
171.0
197.0
197.0
197.0
275.0
514.0
795.0
795.0
873.0
769.0
847.0
821.0
795.0
769.0
613.0
431.0
353.0
275.0
249.0
223.0
223.0
197.0
171.0
197.0
177.0
177.0
177.0
203.0
269.0
511.0
801.0
775.0
853.0
737.0
827.0
775.0
801.0
763.0
619.0
451.0
321.0
295.0
269.0
243.0
217.0
191.0
191.0
165.0
165.0
191.0
179.0
191.0
295.0
537.0
815.0
243.0
865.0
763.0
850.0
815.0
789.0
789.0
659.0
454.0
373.0
329.0
241.0
226.0
215.0
189.0
189.0
163.0
189.0
163.0
197.0
197.0
301.0
511.0
821.0
821.0
899.0
795.0
847.0
821.0
821.0
795.0
665.0
410.0
332.0
280.0
228.0
202.0
217.0
191.0
191.0
165.0
165.0
191.0
165.0
191.0
165.0
194.0
295.0
295.0
324.0
281.0
298.0
307.0
306.0
306.0
307.0
229.0
229.0
203.0
194.0
194.0
168.0
194.0
194.0
168.0
194.0
194.0
163.0
189.0
194.0
215.0
272.0
307.0
324.0
281.0
298.0
324.0
298.0
298.0
272.0
246.0
220.0
220.0
194.0
194.0
168.0
194.0
194.0
168.0
189.0
163.0
189.0
189.0
287.0
537.0
813.0
813.0
891.0
813.0
839.0
839.0
839.0
787.0
668.0
460.0
382.0
295.0
217.0
217.0
217.0
191.0
200.0
165.0
191.0
163.0
189.0
215.0
304.0
538.0
813.0
813.0
865.0
761.0
267.0
278.0
252.0
278.0
267.0
267.0
408.0
189.0
267.0
163.0
189.0
163.0
163.0
137.0
189.0
163.0
163.0
137.0
189.0
215.0
189.0
215.0
215.0
241.0
215.0
215.0
241.0
267.0
269.0
267.0
267.0
215.0
137.0
163.0
241.0
163.0
189.0
189.0
189.0
165.0
189.0
304.0
163.0
287.0
275.0
858.0
728.0
338.0
780.0
832.0
806.0
806.0
754.0
650.0
416.0
338.0
277.0
199.0
225.0
208.0
199.0
199.0
199.0
173.0
199.0
199.0
182.0
277.0
511.0
797.0
797.0
875.0
771.0
849.0
823.0
797.0
771.0
598.0
416.0
338.0
260.0
234.0
208.0
208.0
182.0
156.0
182.0
156.0
171.0
171.0
197.0
275.0
494.0
801.0
775.0
841.0
737.0
815.0
763.0
789.0
763.0
607.0
460.0
321.0
295.0
269.0
243.0
217.0
191.0
191.0
165.0
165.0
191.0
165.0
191.0
295.0
540.0
815.0
235.0
867.0
763.0
850.0
815.0
789.0
783.0
659.0
461.0
387.0
335.0
257.0
227.0
231.0
205.0
205.0
179.0
205.0
179.0
194.0
205.0
309.0
495.0
829.0
829.0
907.0
803.0
855.0
829.0
829.0
788.0
673.0
413.0
335.0
283.0
229.0
203.0
229.0
203.0
205.0
179.0
179.0
205.0
179.0
194.0
168.0
194.0
298.0
306.0
313.0
272.0
305.0
295.0
303.0
287.0
295.0
217.0
231.0
205.0
205.0
205.0
179.0
205.0
205.0
179.0
205.0
205.0
179.0
191.0
191.0
217.0
269.0
295.0
321.0
269.0
295.0
321.0
295.0
295.0
269.0
243.0
217.0
217.0
191.0
191.0
165.0
191.0
191.0
165.0
191.0
165.0
191.0
189.0
287.0
521.0
815.0
815.0
893.0
815.0
841.0
841.0
847.0
789.0
659.0
451.0
373.0
295.0
217.0
217.0
217.0
191.0
191.0
165.0
191.0
165.0
191.0
217.0
306.0
529.0
815.0
815.0
867.0
763.0
815.0
841.0
815.0
789.0
685.0
449.0
371.0
319.0
241.0
215.0
223.0
189.0
206.0
189.0
189.0
192.0
192.0
192.0
279.0
504.0
738.0
764.0
842.0
790.0
790.0
790.0
764.0
764.0
608.0
426.0
322.0
270.0
218.0
218.0
179.0
192.0
192.0
192.0
205.0
192.0
166.0
192.0
301.0
478.0
699.0
777.0
751.0
777.0
725.0
743.0
725.0
725.0
621.0
465.0
361.0
335.0
283.0
257.0
205.0
205.0
205.0
205.0
205.0
231.0
179.0
153.0
275.0
150.0
686.0
789.0
815.0
790.0
763.0
743.0
711.0
792.0
633.0
347.0
269.0
256.0
191.0
243.0
191.0
191.0
142.0
165.0
281.0
177.0
257.0
168.0
168.0
194.0
257.0
257.0
283.0
231.0
257.0
257.0
257.0
257.0
231.0
231.0
192.0
205.0
205.0
179.0
179.0
166.0
165.0
165.0
191.0
166.0
192.0
166.0
165.0
165.0
217.0
217.0
243.0
243.0
217.0
217.0
217.0
217.0
191.0
191.0
191.0
165.0
165.0
165.0
165.0
166.0
191.0
165.0
166.0
217.0
166.0
192.0
270.0
183.0
792.0
818.0
867.0
789.0
827.0
827.0
723.0
789.0
659.0
461.0
324.0
295.0
224.0
224.0
198.0
224.0
198.0
224.0
198.0
224.0
146.0
198.0
302.0
952.0
822.0
796.0
848.0
276.0
766.0
796.0
741.0
773.0
636.0
423.0
328.0
302.0
250.0
198.0
198.0
250.0
276.0
250.0
276.0
276.0
250.0
267.0
305.0
514.0
692.0
718.0
718.0
712.0
709.0
709.0
579.0
449.0
501.0
345.0
276.0
276.0
224.0
198.0
198.0
276.0
172.0
172.0
172.0
172.0
172.0
172.0
172.0
168.0
194.0
179.0
205.0
257.0
179.0
205.0
205.0
194.0
179.0
179.0
179.0
179.0
179.0
205.0
153.0
179.0
179.0
153.0
179.0
179.0
153.0
179.0
179.0
179.0
205.0
205.0
231.0
231.0
205.0
205.0
179.0
231.0
205.0
179.0
179.0
205.0
165.0
191.0
153.0
168.0
179.0
179.0
168.0
168.0
153.0
153.0
168.0
168.0
168.0
194.0
194.0
194.0
168.0
194.0
220.0
194.0
160.0
194.0
194.0
168.0
168.0
168.0
142.0
168.0
168.0
146.0
168.0
168.0
168.0
194.0
270.0
494.0
740.0
792.0
818.0
770.0
796.0
822.0
818.0
818.0
662.0
428.0
350.0
324.0
276.0
220.0
250.0
220.0
198.0
198.0
224.0
224.0
220.0
250.0
328.0
588.0
770.0
796.0
842.0
770.0
796.0
874.0
796.0
770.0
640.0
432.0
361.0
309.0
257.0
231.0
205.0
205.0
205.0
205.0
491.0
205.0
257.0
153.0
257.0
257.0
210.0
194.0
257.0
207.0
249.0
699.0
725.0
699.0
621.0
439.0
353.0
309.0
231.0
231.0
205.0
179.0
179.0
179.0
179.0
179.0
179.0
179.0
231.0
205.0
689.0
487.0
822.0
718.0
796.0
796.0
770.0
770.0
640.0
458.0
354.0
302.0
250.0
221.0
198.0
172.0
172.0
198.0
172.0
169.0
195.0
195.0
250.0
442.0
741.0
767.0
822.0
741.0
770.0
770.0
770.0
767.0
692.0
458.0
380.0
328.0
250.0
232.0
206.0
180.0
180.0
206.0
169.0
169.0
195.0
195.0
258.0
440.0
747.0
804.0
856.0
752.0
778.0
778.0
778.0
737.0
633.0
425.0
347.0
269.0
224.0
232.0
206.0
180.0
172.0
180.0
180.0
195.0
169.0
169.0
169.0
195.0
258.0
258.0
273.0
258.0
284.0
284.0
284.0
284.0
232.0
206.0
206.0
206.0
155.0
180.0
180.0
180.0
180.0
180.0
154.0
180.0
206.0
172.0
172.0
198.0
224.0
276.0
284.0
250.0
261.0
276.0
284.0
284.0
247.0
224.0
198.0
172.0
198.0
172.0
172.0
172.0
172.0
172.0
146.0
198.0
146.0
172.0
180.0
416.0
767.0
822.0
900.0
796.0
822.0
822.0
822.0
793.0
718.0
455.0
380.0
354.0
276.0
250.0
198.0
198.0
206.0
180.0
168.0
185.0
168.0
206.0
284.0
480.0
770.0
822.0
874.0
796.0
822.0
796.0
822.0
796.0
692.0
458.0
380.0
341.0
268.0
250.0
198.0
198.0
198.0
172.0
198.0
172.0
198.0
198.0
276.0
536.0
796.0
848.0
902.0
848.0
848.0
822.0
822.0
796.0
692.0
484.0
380.0
354.0
276.0
268.0
198.0
224.0
198.0
198.0
194.0
198.0
198.0
198.0
276.0
484.0
796.0
809.0
874.0
770.0
822.0
796.0
770.0
770.0
640.0
454.0
380.0
324.0
272.0
250.0
198.0
198.0
198.0
224.0
194.0
194.0
172.0
198.0
276.0
484.0
736.0
770.0
848.0
770.0
770.0
744.0
718.0
737.0
484.0
380.0
276.0
249.0
223.0
172.0
146.0
172.0
146.0
171.0
145.0
145.0
145.0
145.0
145.0
145.0
146.0
171.0
171.0
145.0
171.0
171.0
172.0
146.0
172.0
172.0
146.0
172.0
146.0
146.0
133.0
146.0
145.0
132.0
149.0
149.0
149.0
149.0
149.0
149.0
172.0
172.0
172.0
172.0
198.0
198.0
172.0
198.0
172.0
146.0
172.0
172.0
145.0
145.0
172.0
149.0
149.0
138.0
138.0
149.0
149.0
145.0
145.0
146.0
172.0
151.0
198.0
198.0
172.0
172.0
198.0
172.0
146.0
146.0
172.0
146.0
138.0
146.0
172.0
146.0
145.0
146.0
145.0
133.0
136.0
146.0
146.0
146.0
146.0
172.0
198.0
198.0
198.0
172.0
172.0
172.0
172.0
146.0
146.0
145.0
138.0
138.0
138.0
138.0
138.0
146.0
138.0
138.0
138.0
138.0
138.0
138.0
171.0
197.0
197.0
197.0
197.0
197.0
171.0
171.0
171.0
145.0
171.0
145.0
171.0
145.0
145.0
171.0
145.0
145.0
145.0
145.0
145.0
145.0
145.0
139.0
165.0
165.0
191.0
191.0
165.0
165.0
165.0
165.0
165.0
165.0
156.0
145.0
156.0
130.0
156.0
156.0
145.0
145.0
145.0
145.0
145.0
145.0
145.0
145.0
182.0
156.0
208.0
232.0
232.0
206.0
206.0
206.0
206.0
180.0
180.0
156.0
154.0
154.0
154.0
154.0
145.0
145.0
145.0
206.0
206.0
180.0
180.0
180.0
180.0
154.0
180.0
180.0
180.0
154.0
154.0
180.0
154.0
154.0
180.0
180.0
206.0
180.0
206.0
206.0
198.0
198.0
172.0
198.0
198.0
172.0
172.0
146.0
172.0
146.0
172.0
172.0
145.0
138.0
138.0
172.0
154.0
468.0
796.0
822.0
874.0
767.0
822.0
822.0
822.0
795.0
665.0
457.0
348.0
322.0
244.0
218.0
182.0
192.0
192.0
166.0
171.0
192.0
166.0
182.0
286.0
504.0
780.0
806.0
832.0
728.0
806.0
780.0
780.0
769.0
650.0
416.0
353.0
286.0
234.0
208.0
182.0
171.0
197.0
171.0
166.0
197.0
171.0
197.0
275.0
509.0
763.0
763.0
847.0
743.0
763.0
763.0
795.0
769.0
633.0
425.0
295.0
269.0
217.0
249.0
191.0
171.0
191.0
171.0
171.0
171.0
171.0
191.0
269.0
503.0
769.0
763.0
815.0
711.0
763.0
763.0
763.0
737.0
633.0
425.0
347.0
269.0
243.0
223.0
191.0
197.0
197.0
166.0
197.0
171.0
197.0
197.0
301.0
536.0
769.0
770.0
821.0
717.0
796.0
795.0
769.0
744.0
640.0
432.0
301.0
275.0
224.0
223.0
197.0
171.0
171.0
171.0
171.0
171.0
171.0
171.0
171.0
171.0
197.0
197.0
197.0
197.0
223.0
223.0
197.0
223.0
197.0
197.0
198.0
198.0
172.0
172.0
172.0
156.0
182.0
156.0
145.0
156.0
156.0
172.0
172.0
172.0
198.0
224.0
198.0
224.0
208.0
223.0
223.0
223.0
223.0
197.0
197.0
197.0
171.0
197.0
171.0
145.0
197.0
171.0
171.0
171.0
145.0
206.0
281.0
494.0
769.0
769.0
821.0
703.0
796.0
770.0
769.0
773.0
640.0
432.0
353.0
302.0
250.0
223.0
197.0
171.0
171.0
171.0
171.0
171.0
165.0
191.0
243.0
494.0
736.0
741.0
789.0
711.0
737.0
763.0
737.0
711.0
633.0
451.0
347.0
269.0
243.0
217.0
197.0
171.0
191.0
165.0
165.0
191.0
165.0
191.0
273.0
468.0
743.0
736.0
789.0
711.0
763.0
737.0
763.0
737.0
607.0
425.0
347.0
269.0
243.0
191.0
191.0
171.0
198.0
171.0
171.0
198.0
172.0
198.0
276.0
416.0
640.0
744.0
822.0
685.0
770.0
763.0
789.0
763.0
659.0
451.0
347.0
321.0
243.0
222.0
191.0
172.0
198.0
198.0
170.0
196.0
170.0
198.0
276.0
536.0
742.0
796.0
820.0
744.0
770.0
770.0
796.0
744.0
640.0
432.0
328.0
274.0
222.0
198.0
198.0
170.0
196.0
170.0
170.0
170.0
172.0
172.0
172.0
196.0
274.0
276.0
276.0
276.0
276.0
276.0
284.0
284.0
250.0
224.0
224.0
198.0
198.0
198.0
172.0
172.0
198.0
172.0
198.0
172.0
172.0
172.0
172.0
191.0
245.0
250.0
246.0
224.0
276.0
276.0
276.0
276.0
224.0
198.0
224.0
198.0
198.0
172.0
172.0
172.0
172.0
198.0
172.0
172.0
172.0
198.0
281.0
468.0
770.0
796.0
848.0
770.0
822.0
796.0
767.0
794.0
664.0
458.0
380.0
302.0
249.0
224.0
198.0
171.0
198.0
197.0
197.0
197.0
198.0
198.0
302.0
509.0
770.0
770.0
820.0
743.0
796.0
769.0
769.0
744.0
640.0
432.0
354.0
300.0
248.0
223.0
197.0
171.0
191.0
171.0
197.0
197.0
191.0
191.0
301.0
529.0
768.0
792.0
840.0
740.0
792.0
792.0
792.0
792.0
633.0
451.0
298.0
272.0
246.0
222.0
194.0
168.0
172.0
172.0
194.0
168.0
172.0
198.0
276.0
536.0
770.0
796.0
848.0
744.0
822.0
822.0
822.0
796.0
692.0
450.0
349.0
328.0
271.0
216.0
198.0
172.0
198.0
198.0
198.0
196.0
172.0
198.0
295.0
536.0
822.0
815.0
841.0
737.0
815.0
789.0
794.0
763.0
633.0
451.0
321.0
274.0
269.0
222.0
191.0
165.0
191.0
165.0
191.0
165.0
165.0
165.0
165.0
191.0
217.0
243.0
269.0
217.0
269.0
243.0
243.0
269.0
221.0
221.0
195.0
195.0
195.0
169.0
165.0
169.0
165.0
165.0
191.0
165.0
191.0
139.0
169.0
165.0
191.0
191.0
191.0
217.0
217.0
217.0
191.0
217.0
191.0
191.0
217.0
191.0
191.0
165.0
165.0
165.0
191.0
165.0
165.0
165.0
139.0
191.0
177.0
494.0
763.0
789.0
867.0
763.0
789.0
817.0
792.0
765.0
635.0
451.0
373.0
297.0
268.0
220.0
191.0
165.0
191.0
191.0
191.0
165.0
165.0
191.0
295.0
529.0
789.0
763.0
841.0
763.0
789.0
789.0
789.0
766.0
659.0
451.0
373.0
298.0
268.0
220.0
193.0
165.0
191.0
191.0
167.0
191.0
191.0
191.0
297.0
529.0
789.0
789.0
843.0
737.0
789.0
789.0
791.0
791.0
659.0
453.0
323.0
295.0
246.0
219.0
219.0
165.0
191.0
193.0
191.0
195.0
191.0
217.0
295.0
529.0
763.0
815.0
838.0
737.0
815.0
815.0
789.0
800.0
685.0
451.0
349.0
280.0
254.0
228.0
243.0
165.0
191.0
165.0
191.0
191.0
165.0
191.0
295.0
529.0
763.0
789.0
878.0
737.0
815.0
800.0
789.0
763.0
633.0
399.0
306.0
243.0
217.0
217.0
243.0
165.0
191.0
165.0
165.0
191.0
165.0
165.0
165.0
191.0
295.0
295.0
280.0
243.0
295.0
269.0
280.0
269.0
243.0
191.0
191.0
191.0
165.0
165.0
165.0
165.0
165.0
165.0
165.0
165.0
165.0
165.0
165.0
191.0
269.0
260.0
280.0
277.0
277.0
254.0
243.0
254.0
217.0
191.0
191.0
191.0
165.0
165.0
165.0
165.0
198.0
172.0
172.0
172.0
172.0
198.0
177.0
468.0
822.0
822.0
900.0
770.0
822.0
852.0
800.0
797.0
658.0
450.0
358.0
303.0
266.0
228.0
250.0
198.0
398.0
398.0
396.0
396.0
424.0
436.0
448.0
514.0
546.0
546.0
572.0
572.0
546.0
520.0
520.0
780.0
650.0
436.0
410.0
286.0
260.0
234.0
234.0
208.0
182.0
182.0
182.0
202.0
202.0
202.0
286.0
494.0
762.0
780.0
852.0
771.0
826.0
780.0
780.0
728.0
546.0
364.0
306.0
254.0
191.0
191.0
243.0
150.0
176.0
176.0
150.0
139.0
165.0
150.0
176.0
156.0
156.0
156.0
208.0
182.0
176.0
156.0
156.0
156.0
130.0
130.0
156.0
130.0
130.0
156.0
130.0
130.0
156.0
130.0
156.0
156.0
130.0
130.0
156.0
156.0
156.0
156.0
234.0
208.0
182.0
182.0
182.0
165.0
165.0
165.0
165.0
165.0
176.0
165.0
165.0
150.0
165.0
165.0
139.0
165.0
139.0
139.0
139.0
165.0
191.0
191.0
191.0
191.0
191.0
191.0
191.0
191.0
165.0
165.0
165.0
165.0
165.0
139.0
165.0
165.0
139.0
139.0
165.0
165.0
165.0
191.0
151.0
517.0
789.0
763.0
763.0
711.0
763.0
763.0
774.0
737.0
633.0
425.0
331.0
269.0
217.0
191.0
139.0
191.0
191.0
165.0
165.0
165.0
165.0
191.0
303.0
529.0
815.0
841.0
841.0
789.0
841.0
815.0
815.0
789.0
685.0
451.0
347.0
295.0
243.0
217.0
243.0
191.0
191.0
191.0
191.0
191.0
165.0
217.0
269.0
529.0
815.0
840.0
893.0
789.0
841.0
815.0
815.0
789.0
685.0
477.0
373.0
357.0
251.0
217.0
243.0
191.0
191.0
191.0
197.0
191.0
165.0
191.0
295.0
529.0
815.0
851.0
901.0
823.0
867.0
841.0
841.0
789.0
676.0
451.0
321.0
302.0
234.0
208.0
234.0
182.0
182.0
198.0
198.0
198.0
156.0
182.0
286.0
520.0
806.0
822.0
874.0
796.0
822.0
822.0
822.0
796.0
692.0
458.0
354.0
305.0
279.0
250.0
250.0
198.0
198.0
198.0
172.0
198.0
172.0
224.0
276.0
536.0
822.0
848.0
901.0
822.0
874.0
848.0
848.0
822.0
718.0
477.0
380.0
276.0
224.0
224.0
250.0
178.0
172.0
172.0
172.0
172.0
172.0
172.0
172.0
198.0
224.0
279.0
279.0
243.0
217.0
217.0
217.0
217.0
182.0
208.0
312.0
546.0
869.0
895.0
927.0
832.0
895.0
858.0
869.0
843.0
754.0
520.0
390.0
349.0
305.0
279.0
245.0
219.0
208.0
208.0
217.0
219.0
217.0
217.0
321.0
555.0
841.0
871.0
895.0
841.0
815.0
845.0
819.0
819.0
715.0
507.0
377.0
325.0
277.0
247.0
247.0
247.0
221.0
195.0
195.0
221.0
195.0
188.0
195.0
221.0
221.0
221.0
247.0
273.0
247.0
247.0
273.0
247.0
273.0
247.0
247.0
221.0
247.0
221.0
221.0
195.0
208.0
208.0
182.0
182.0
182.0
182.0
182.0
182.0
221.0
208.0
247.0
273.0
247.0
247.0
221.0
247.0
221.0
221.0
221.0
195.0
221.0
221.0
221.0
221.0
195.0
195.0
195.0
221.0
169.0
195.0
205.0
585.0
845.0
923.0
949.0
871.0
897.0
897.0
871.0
871.0
767.0
481.0
377.0
346.0
273.0
247.0
247.0
221.0
221.0
195.0
221.0
195.0
221.0
221.0
351.0
559.0
843.0
926.0
952.0
871.0
897.0
897.0
897.0
871.0
767.0
507.0
400.0
351.0
270.0
247.0
247.0
221.0
221.0
221.0
221.0
221.0
221.0
221.0
377.0
581.0
867.0
913.0
945.0
871.0
894.0
897.0
897.0
871.0
767.0
507.0
400.0
325.0
277.0
247.0
247.0
247.0
247.0
221.0
221.0
221.0
221.0
221.0
351.0
559.0
871.0
894.0
949.0
845.0
897.0
897.0
897.0
871.0
767.0
481.0
403.0
348.0
305.0
270.0
247.0
221.0
247.0
221.0
221.0
221.0
195.0
221.0
325.0
559.0
851.0
894.0
949.0
819.0
897.0
871.0
871.0
871.0
737.0
507.0
377.0
351.0
247.0
221.0
247.0
221.0
169.0
221.0
195.0
195.0
195.0
195.0
195.0
221.0
247.0
273.0
247.0
273.0
247.0
247.0
247.0
221.0
247.0
221.0
221.0
195.0
195.0
221.0
221.0
221.0
195.0
169.0
195.0
221.0
195.0
195.0
195.0
221.0
247.0
247.0
247.0
247.0
247.0
247.0
221.0
247.0
221.0
221.0
221.0
221.0
195.0
195.0
221.0
195.0
195.0
169.0
195.0
195.0
195.0
195.0
203.0
572.0
871.0
871.0
949.0
871.0
906.0
897.0
906.0
923.0
771.0
559.0
425.0
386.0
260.0
243.0
243.0
182.0
182.0
208.0
191.0
217.0
191.0
217.0
312.0
607.0
893.0
893.0
919.0
867.0
867.0
893.0
867.0
893.0
789.0
555.0
451.0
347.0
270.0
243.0
243.0
191.0
217.0
217.0
191.0
217.0
217.0
195.0
351.0
611.0
816.0
868.0
903.0
819.0
871.0
897.0
871.0
845.0
793.0
507.0
455.0
351.0
305.0
247.0
247.0
221.0
221.0
221.0
195.0
247.0
221.0
247.0
351.0
559.0
871.0
897.0
949.0
871.0
897.0
897.0
893.0
867.0
767.0
533.0
403.0
373.0
296.0
269.0
269.0
247.0
217.0
217.0
191.0
217.0
217.0
217.0
321.0
546.0
842.0
893.0
893.0
841.0
867.0
893.0
893.0
867.0
763.0
529.0
412.0
321.0
305.0
269.0
269.0
217.0
217.0
191.0
217.0
217.0
191.0
191.0
191.0
217.0
273.0
247.0
247.0
247.0
247.0
247.0
247.0
247.0
247.0
247.0
221.0
221.0
221.0
221.0
221.0
221.0
221.0
195.0
221.0
221.0
195.0
195.0
195.0
221.0
273.0
243.0
243.0
243.0
272.0
243.0
269.0
260.0
243.0
243.0
243.0
217.0
217.0
217.0
221.0
195.0
195.0
195.0
195.0
169.0
195.0
195.0
203.0
585.0
897.0
897.0
923.0
845.0
871.0
871.0
897.0
871.0
767.0
533.0
429.0
377.0
305.0
243.0
269.0
217.0
217.0
191.0
217.0
217.0
217.0
191.0
321.0
555.0
841.0
867.0
948.0
815.0
871.0
897.0
874.0
871.0
767.0
533.0
455.0
377.0
305.0
247.0
273.0
221.0
247.0
221.0
221.0
195.0
221.0
195.0
351.0
587.0
847.0
871.0
948.0
845.0
867.0
897.0
871.0
871.0
793.0
533.0
429.0
377.0
305.0
279.0
272.0
247.0
221.0
221.0
221.0
221.0
221.0
221.0
351.0
611.0
845.0
871.0
949.0
845.0
897.0
897.0
897.0
897.0
767.0
559.0
455.0
377.0
298.0
247.0
273.0
221.0
221.0
221.0
221.0
195.0
195.0
221.0
351.0
585.0
899.0
897.0
949.0
845.0
897.0
897.0
897.0
871.0
767.0
533.0
403.0
325.0
247.0
221.0
273.0
190.0
221.0
221.0
195.0
195.0
195.0
195.0
169.0
221.0
247.0
273.0
247.0
247.0
273.0
273.0
273.0
286.0
286.0
260.0
243.0
221.0
221.0
221.0
221.0
221.0
221.0
221.0
195.0
195.0
195.0
195.0
195.0
221.0
272.0
260.0
261.0
299.0
299.0
312.0
312.0
301.0
299.0
247.0
221.0
221.0
195.0
195.0
221.0
221.0
169.0
195.0
169.0
195.0
195.0
191.0
203.0
567.0
841.0
897.0
919.0
841.0
893.0
919.0
893.0
867.0
763.0
559.0
451.0
353.0
327.0
243.0
243.0
217.0
217.0
217.0
217.0
217.0
217.0
217.0
321.0
555.0
893.0
897.0
949.0
819.0
897.0
897.0
871.0
897.0
767.0
525.0
455.0
347.0
275.0
247.0
247.0
221.0
195.0
221.0
221.0
217.0
217.0
221.0
347.0
546.0
841.0
893.0
919.0
815.0
867.0
897.0
867.0
867.0
763.0
559.0
451.0
379.0
275.0
243.0
243.0
217.0
243.0
217.0
217.0
217.0
217.0
217.0
373.0
581.0
867.0
893.0
949.0
841.0
923.0
893.0
893.0
893.0
793.0
533.0
429.0
383.0
275.0
262.0
243.0
221.0
247.0
243.0
249.0
217.0
195.0
221.0
351.0
559.0
897.0
900.0
949.0
845.0
897.0
897.0
897.0
845.0
741.0
533.0
403.0
351.0
273.0
247.0
247.0
221.0
221.0
221.0
221.0
221.0
195.0
195.0
247.0
273.0
309.0
286.0
338.0
301.0
325.0
325.0
312.0
273.0
273.0
221.0
247.0
247.0
221.0
195.0
221.0
221.0
195.0
195.0
195.0
221.0
195.0
195.0
221.0
195.0
221.0
221.0
247.0
221.0
247.0
243.0
243.0
221.0
246.0
221.0
246.0
221.0
221.0
195.0
221.0
221.0
221.0
221.0
221.0
195.0
221.0
195.0
203.0
572.0
867.0
893.0
945.0
867.0
893.0
893.0
919.0
893.0
763.0
555.0
425.0
343.0
291.0
217.0
243.0
217.0
217.0
191.0
217.0
195.0
221.0
221.0
325.0
598.0
858.0
923.0
949.0
845.0
897.0
897.0
897.0
897.0
767.0
507.0
429.0
350.0
265.0
265.0
247.0
247.0
221.0
221.0
195.0
221.0
169.0
220.0
325.0
533.0
871.0
871.0
897.0
819.0
871.0
871.0
845.0
871.0
767.0
480.0
402.0
343.0
298.0
220.0
246.0
220.0
220.0
220.0
194.0
220.0
220.0
194.0
350.0
546.0
870.0
870.0
948.0
818.0
896.0
871.0
897.0
845.0
741.0
507.0
455.0
383.0
305.0
247.0
247.0
221.0
221.0
195.0
195.0
195.0
195.0
220.0
325.0
559.0
896.0
897.0
923.0
819.0
871.0
819.0
767.0
793.0
637.0
455.0
376.0
324.0
272.0
246.0
246.0
220.0
220.0
194.0
220.0
220.0
194.0
220.0
220.0
220.0
298.0
286.0
312.0
324.0
324.0
324.0
312.0
324.0
298.0
246.0
220.0
246.0
246.0
194.0
220.0
194.0
220.0
194.0
194.0
194.0
194.0
220.0
220.0
194.0
220.0
246.0
246.0
246.0
246.0
246.0
246.0
246.0
246.0
272.0
246.0
220.0
246.0
220.0
220.0
220.0
194.0
220.0
194.0
220.0
194.0
194.0
195.0
572.0
871.0
896.0
975.0
870.0
896.0
897.0
897.0
871.0
785.0
559.0
429.0
383.0
265.0
246.0
246.0
220.0
194.0
220.0
220.0
213.0
213.0
213.0
324.0
584.0
889.0
897.0
941.0
819.0
897.0
889.0
889.0
897.0
767.0
585.0
481.0
357.0
291.0
253.0
239.0
213.0
213.0
187.0
213.0
213.0
213.0
213.0
317.0
637.0
889.0
889.0
941.0
871.0
889.0
845.0
897.0
871.0
845.0
871.0
767.0
611.0
507.0
383.0
317.0
331.0
279.0
243.0
284.0
246.0
232.0
232.0
258.0
258.0
388.0
584.0
856.0
882.0
908.0
830.0
856.0
830.0
882.0
856.0
778.0
622.0
518.0
388.0
331.0
301.0
279.0
243.0
243.0
269.0
269.0
246.0
243.0
247.0
377.0
584.0
841.0
841.0
897.0
819.0
845.0
830.0
856.0
830.0
752.0
518.0
440.0
362.0
336.0
275.0
258.0
206.0
232.0
206.0
206.0
206.0
206.0
206.0
232.0
258.0
310.0
336.0
362.0
336.0
362.0
362.0
362.0
362.0
336.0
284.0
246.0
229.0
232.0
232.0
232.0
206.0
232.0
206.0
206.0
206.0
206.0
206.0
232.0
258.0
246.0
284.0
298.0
298.0
298.0
298.0
284.0
310.0
284.0
246.0
246.0
220.0
217.0
206.0
221.0
221.0
221.0
284.0
284.0
284.0
310.0
284.0
359.0
310.0
804.0
856.0
882.0
804.0
856.0
856.0
830.0
856.0
804.0
648.0
570.0
347.0
327.0
331.0
321.0
272.0
217.0
243.0
284.0
250.0
243.0
258.0
336.0
622.0
908.0
934.0
960.0
908.0
960.0
960.0
960.0
908.0
804.0
596.0
484.0
380.0
354.0
305.0
274.0
246.0
221.0
220.0
220.0
220.0
220.0
220.0
376.0
611.0
922.0
922.0
936.0
896.0
936.0
910.0
910.0
884.0
754.0
555.0
399.0
352.0
298.0
246.0
274.0
243.0
217.0
232.0
232.0
232.0
206.0
232.0
388.0
611.0
871.0
897.0
949.0
845.0
871.0
897.0
871.0
845.0
767.0
507.0
405.0
353.0
269.0
277.0
243.0
243.0
217.0
217.0
217.0
217.0
217.0
243.0
347.0
637.0
844.0
893.0
922.0
863.0
897.0
897.0
871.0
871.0
741.0
492.0
376.0
324.0
284.0
232.0
258.0
206.0
232.0
232.0
206.0
206.0
206.0
206.0
191.0
217.0
217.0
217.0
217.0
243.0
217.0
243.0
217.0
217.0
243.0
217.0
243.0
217.0
217.0
191.0
217.0
217.0
191.0
206.0
206.0
206.0
206.0
206.0
232.0
180.0
232.0
258.0
273.0
258.0
258.0
258.0
269.0
243.0
269.0
269.0
269.0
243.0
243.0
258.0
232.0
206.0
232.0
232.0
232.0
206.0
232.0
206.0
203.0
637.0
934.0
986.0
1012.0
898.0
960.0
960.0
934.0
908.0
778.0
544.0
466.0
355.0
274.0
246.0
258.0
232.0
483.0
487.0
487.0
487.0
487.0
487.0
539.0
622.0
663.0
659.0
689.0
711.0
685.0
633.0
685.0
682.0
633.0
581.0
425.0
350.0
269.0
269.0
243.0
273.0
232.0
258.0
232.0
232.0
221.0
243.0
377.0
610.0
871.0
923.0
949.0
897.0
897.0
897.0
871.0
897.0
741.0
533.0
405.0
350.0
305.0
279.0
243.0
247.0
221.0
251.0
221.0
246.0
195.0
221.0
377.0
611.0
896.0
897.0
949.0
871.0
897.0
897.0
896.0
871.0
715.0
533.0
402.0
350.0
305.0
275.0
243.0
221.0
221.0
217.0
243.0
191.0
217.0
217.0
377.0
611.0
841.0
867.0
893.0
819.0
897.0
871.0
845.0
871.0
741.0
480.0
381.0
347.0
269.0
217.0
243.0
217.0
217.0
217.0
217.0
217.0
217.0
217.0
165.0
217.0
243.0
217.0
217.0
243.0
217.0
217.0
217.0
243.0
243.0
243.0
243.0
217.0
243.0
243.0
217.0
217.0
191.0
217.0
217.0
221.0
221.0
221.0
195.0
221.0
221.0
195.0
247.0
221.0
247.0
247.0
246.0
243.0
246.0
272.0
243.0
243.0
243.0
217.0
217.0
217.0
217.0
191.0
243.0
217.0
217.0
217.0
195.0
637.0
919.0
948.0
948.0
896.0
893.0
919.0
919.0
897.0
789.0
529.0
428.0
358.0
269.0
272.0
247.0
221.0
247.0
195.0
221.0
217.0
221.0
221.0
351.0
637.0
897.0
923.0
949.0
897.0
897.0
923.0
897.0
897.0
767.0
533.0
426.0
322.0
270.0
217.0
273.0
217.0
243.0
217.0
191.0
217.0
217.0
217.0
351.0
689.0
871.0
919.0
949.0
845.0
897.0
897.0
897.0
897.0
763.0
533.0
399.0
347.0
269.0
269.0
221.0
217.0
217.0
243.0
243.0
191.0
243.0
217.0
377.0
633.0
893.0
919.0
945.0
841.0
893.0
893.0
893.0
867.0
737.0
503.0
374.0
295.0
269.0
243.0
208.0
208.0
217.0
217.0
182.0
217.0
208.0
182.0
324.0
611.0
832.0
884.0
889.0
806.0
858.0
858.0
806.0
806.0
711.0
455.0
351.0
273.0
221.0
221.0
221.0
195.0
195.0
195.0
195.0
195.0
195.0
195.0
195.0
221.0
273.0
273.0
299.0
273.0
325.0
299.0
325.0
299.0
273.0
243.0
243.0
221.0
195.0
221.0
217.0
191.0
191.0
191.0
191.0
191.0
191.0
191.0
191.0
217.0
217.0
243.0
243.0
243.0
246.0
246.0
246.0
246.0
272.0
246.0
247.0
221.0
195.0
221.0
221.0
195.0
195.0
195.0
195.0
221.0
195.0
195.0
205.0
611.0
897.0
923.0
923.0
871.0
897.0
897.0
897.0
871.0
741.0
455.0
373.0
322.0
273.0
217.0
221.0
191.0
217.0
217.0
191.0
217.0
191.0
217.0
325.0
589.0
867.0
893.0
945.0
841.0
893.0
867.0
867.0
841.0
763.0
477.0
373.0
347.0
269.0
243.0
217.0
217.0
217.0
217.0
217.0
191.0
217.0
191.0
358.0
589.0
815.0
867.0
919.0
815.0
867.0
867.0
841.0
841.0
711.0
454.0
376.0
298.0
273.0
246.0
221.0
221.0
195.0
194.0
221.0
195.0
221.0
221.0
351.0
559.0
823.0
849.0
897.0
819.0
845.0
819.0
819.0
793.0
611.0
411.0
321.0
273.0
243.0
221.0
221.0
191.0
199.0
199.0
191.0
191.0
191.0
169.0
196.0
221.0
221.0
247.0
247.0
247.0
247.0
247.0
243.0
243.0
243.0
243.0
217.0
217.0
217.0
191.0
217.0
191.0
195.0
221.0
195.0
221.0
195.0
169.0
195.0
195.0
221.0
247.0
247.0
221.0
247.0
247.0
247.0
247.0
221.0
221.0
221.0
195.0
221.0
195.0
221.0
195.0
195.0
195.0
195.0
195.0
195.0
169.0
195.0
221.0
247.0
269.0
273.0
269.0
269.0
269.0
269.0
269.0
243.0
217.0
243.0
243.0
217.0
191.0
217.0
191.0
191.0
217.0
221.0
195.0
195.0
221.0
357.0
611.0
949.0
945.0
975.0
897.0
949.0
949.0
949.0
923.0
815.0
533.0
451.0
355.0
269.0
217.0
217.0
191.0
217.0
217.0
217.0
217.0
191.0
217.0
373.0
663.0
923.0
949.0
1001.0
923.0
949.0
923.0
923.0
923.0
793.0
533.0
429.0
373.0
269.0
247.0
221.0
209.0
221.0
191.0
217.0
217.0
195.0
221.0
377.0
637.0
949.0
949.0
1001.0
897.0
949.0
923.0
923.0
923.0
793.0
559.0
399.0
347.0
299.0
247.0
221.0
221.0
199.0
217.0
191.0
191.0
217.0
217.0
373.0
633.0
919.0
949.0
1001.0
897.0
949.0
923.0
923.0
923.0
789.0
559.0
429.0
350.0
272.0
247.0
221.0
195.0
217.0
191.0
217.0
191.0
217.0
217.0
373.0
637.0
949.0
975.0
1027.0
893.0
949.0
923.0
923.0
893.0
763.0
555.0
432.0
347.0
269.0
247.0
221.0
221.0
195.0
221.0
195.0
195.0
221.0
195.0
195.0
221.0
260.0
299.0
273.0
260.0
286.0
286.0
299.0
260.0
273.0
234.0
208.0
208.0
208.0
182.0
208.0
182.0
182.0
195.0
195.0
195.0
195.0
195.0
195.0
195.0
247.0
247.0
273.0
273.0
273.0
273.0
247.0
273.0
273.0
273.0
221.0
221.0
221.0
195.0
221.0
221.0
195.0
221.0
221.0
195.0
221.0
195.0
195.0
637.0
923.0
1004.0
1027.0
949.0
1001.0
975.0
949.0
975.0
851.0
533.0
429.0
347.0
273.0
221.0
221.0
221.0
191.0
191.0
217.0
191.0
191.0
217.0
347.0
637.0
945.0
971.0
1023.0
923.0
975.0
975.0
949.0
923.0
818.0
533.0
429.0
354.0
273.0
247.0
221.0
221.0
220.0
194.0
220.0
845.0
588.0
429.0
351.0
302.0
277.0
247.0
247.0
221.0
224.0
224.0
221.0
221.0
221.0
377.0
643.0
949.0
1001.0
1053.0
949.0
1001.0
1001.0
975.0
975.0
845.0
585.0
432.0
377.0
325.0
276.0
247.0
221.0
243.0
217.0
251.0
221.0
217.0
250.0
377.0
695.0
949.0
975.0
1053.0
949.0
1001.0
975.0
949.0
923.0
845.0
533.0
429.0
377.0
325.0
269.0
234.0
208.0
208.0
208.0
208.0
208.0
182.0
208.0
364.0
676.0
910.0
962.0
1040.0
936.0
962.0
962.0
936.0
910.0
806.0
520.0
416.0
338.0
269.0
243.0
243.0
217.0
191.0
191.0
217.0
217.0
191.0
225.0
225.0
225.0
225.0
277.0
251.0
277.0
251.0
273.0
279.0
251.0
225.0
251.0
221.0
251.0
195.0
221.0
169.0
195.0
195.0
195.0
195.0
195.0
221.0
195.0
195.0
221.0
221.0
247.0
273.0
279.0
234.0
279.0
234.0
269.0
208.0
269.0
243.0
243.0
191.0
217.0
165.0
191.0
217.0
191.0
191.0
191.0
195.0
195.0
205.0
637.0
949.0
1001.0
1027.0
949.0
1001.0
975.0
1001.0
975.0
845.0
585.0
455.0
351.0
303.0
247.0
247.0
221.0
221.0
220.0
247.0
221.0
221.0
247.0
351.0
637.0
949.0
1001.0
1053.0
949.0
1001.0
949.0
971.0
945.0
841.0
581.0
425.0
347.0
295.0
269.0
243.0
217.0
217.0
217.0
243.0
243.0
217.0
217.0
381.0
633.0
923.0
949.0
1053.0
923.0
971.0
945.0
945.0
893.0
841.0
555.0
425.0
347.0
295.0
243.0
243.0
217.0
191.0
217.0
217.0
217.0
217.0
217.0
381.0
633.0
919.0
945.0
1053.0
949.0
949.0
949.0
923.0
897.0
793.0
533.0
376.0
351.0
298.0
247.0
247.0
221.0
221.0
195.0
221.0
195.0
221.0
195.0
377.0
611.0
897.0
923.0
1027.0
949.0
949.0
923.0
923.0
897.0
767.0
529.0
373.0
321.0
243.0
243.0
243.0
191.0
182.0
182.0
182.0
182.0
182.0
182.0
208.0
208.0
234.0
260.0
260.0
234.0
286.0
260.0
234.0
234.0
234.0
234.0
208.0
208.0
208.0
182.0
156.0
212.0
195.0
195.0
195.0
195.0
195.0
195.0
195.0
195.0
221.0
217.0
253.0
269.0
243.0
243.0
243.0
269.0
243.0
217.0
243.0
217.0
217.0
217.0
165.0
191.0
191.0
191.0
191.0
191.0
191.0
201.0
201.0
633.0
919.0
919.0
1049.0
945.0
945.0
997.0
971.0
945.0
815.0
529.0
451.0
347.0
295.0
243.0
243.0
243.0
191.0
243.0
191.0
221.0
191.0
217.0
351.0
643.0
923.0
949.0
1053.0
949.0
949.0
975.0
949.0
949.0
819.0
555.0
451.0
347.0
295.0
243.0
243.0
243.0
217.0
243.0
217.0
217.0
217.0
217.0
351.0
637.0
923.0
1001.0
1053.0
949.0
975.0
949.0
949.0
923.0
819.0
559.0
429.0
386.0
308.0
243.0
243.0
243.0
230.0
230.0
230.0
230.0
230.0
230.0
386.0
685.0
945.0
971.0
1049.0
945.0
945.0
945.0
945.0
919.0
815.0
529.0
399.0
347.0
295.0
257.0
243.0
243.0
243.0
191.0
191.0
232.0
206.0
220.0
377.0
637.0
949.0
949.0
1027.0
923.0
975.0
946.0
945.0
893.0
789.0
477.0
347.0
347.0
269.0
232.0
258.0
206.0
232.0
206.0
206.0
180.0
206.0
206.0
232.0
206.0
284.0
305.0
305.0
299.0
310.0
310.0
298.0
298.0
284.0
258.0
217.0
217.0
217.0
195.0
169.0
195.0
195.0
195.0
195.0
169.0
195.0
195.0
169.0
195.0
221.0
221.0
243.0
280.0
254.0
254.0
254.0
217.0
243.0
217.0
217.0
254.0
217.0
217.0
165.0
202.0
202.0
202.0
202.0
228.0
202.0
202.0
201.0
591.0
904.0
930.0
1008.0
956.0
956.0
956.0
930.0
904.0
789.0
555.0
451.0
321.0
280.0
254.0
243.0
254.0
228.0
191.0
220.0
220.0
192.0
221.0
351.0
611.0
923.0
949.0
1001.0
919.0
971.0
971.0
945.0
945.0
841.0
529.0
451.0
347.0
295.0
243.0
243.0
217.0
217.0
217.0
217.0
217.0
217.0
243.0
373.0
607.0
945.0
997.0
1049.0
945.0
997.0
971.0
945.0
945.0
789.0
529.0
425.0
347.0
296.0
272.0
246.0
246.0
220.0
218.0
218.0
218.0
244.0
220.0
376.0
637.0
923.0
949.0
1053.0
949.0
949.0
949.0
949.0
919.0
815.0
529.0
426.0
373.0
322.0
243.0
243.0
243.0
218.0
218.0
218.0
218.0
244.0
244.0
374.0
633.0
945.0
971.0
1023.0
945.0
945.0
945.0
945.0
919.0
815.0
529.0
425.0
348.0
322.0
244.0
244.0
218.0
244.0
192.0
218.0
218.0
192.0
218.0
244.0
218.0
277.0
305.0
270.0
244.0
290.0
270.0
298.0
298.0
244.0
244.0
244.0
244.0
218.0
218.0
166.0
221.0
247.0
195.0
195.0
217.0
194.0
195.0
221.0
212.0
212.0
212.0
279.0
264.0
238.0
212.0
212.0
238.0
212.0
212.0
212.0
238.0
212.0
212.0
160.0
186.0
186.0
212.0
212.0
186.0
195.0
221.0
359.0
643.0
897.0
1001.0
1027.0
949.0
1001.0
1001.0
949.0
949.0
819.0
559.0
455.0
377.0
296.0
270.0
247.0
218.0
218.0
218.0
218.0
195.0
195.0
247.0
377.0
663.0
923.0
949.0
1027.0
958.0
975.0
949.0
923.0
923.0
793.0
507.0
429.0
368.0
316.0
264.0
238.0
238.0
238.0
212.0
238.0
212.0
186.0
212.0
373.0
654.0
914.0
948.0
1000.0
922.0
948.0
922.0
923.0
897.0
767.0
533.0
394.0
316.0
290.0
212.0
238.0
186.0
212.0
186.0
186.0
212.0
212.0
186.0
212.0
186.0
212.0
212.0
264.0
264.0
212.0
264.0
238.0
212.0
238.0
212.0
238.0
218.0
217.0
191.0
165.0
217.0
191.0
191.0
191.0
191.0
165.0
203.0
191.0
220.0
244.0
218.0
255.0
296.0
244.0
218.0
218.0
244.0
218.0
218.0
218.0
218.0
195.0
195.0
166.0
195.0
195.0
221.0
203.0
195.0
194.0
203.0
194.0
192.0
208.0
218.0
244.0
218.0
218.0
244.0
218.0
244.0
218.0
220.0
218.0
220.0
194.0
194.0
168.0
220.0
194.0
192.0
192.0
192.0
192.0
194.0
203.0
660.0
894.0
946.0
1050.0
920.0
946.0
946.0
956.0
897.0
793.0
455.0
377.0
299.0
264.0
238.0
238.0
212.0
212.0
212.0
238.0
186.0
212.0
212.0
368.0
637.0
945.0
966.0
1049.0
945.0
997.0
971.0
945.0
971.0
841.0
636.0
455.0
368.0
316.0
264.0
272.0
212.0
223.0
249.0
247.0
221.0
247.0
221.0
377.0
637.0
923.0
975.0
1053.0
949.0
1001.0
975.0
975.0
949.0
793.0
637.0
429.0
377.0
299.0
270.0
247.0
223.0
223.0
223.0
249.0
197.0
247.0
247.0
377.0
637.0
949.0
949.0
1053.0
949.0
975.0
949.0
923.0
923.0
793.0
533.0
429.0
337.0
290.0
264.0
247.0
212.0
218.0
218.0
218.0
218.0
192.0
218.0
377.0
637.0
914.0
949.0
1027.0
923.0
975.0
949.0
923.0
897.0
789.0
529.0
425.0
348.0
298.0
246.0
243.0
220.0
220.0
220.0
218.0
220.0
220.0
220.0
376.0
637.0
871.0
923.0
1001.0
897.0
897.0
923.0
897.0
871.0
793.0
533.0
374.0
348.0
270.0
244.0
244.0
192.0
192.0
218.0
192.0
192.0
192.0
192.0
192.0
218.0
218.0
218.0
244.0
244.0
218.0
244.0
244.0
218.0
218.0
244.0
218.0
218.0
218.0
192.0
166.0
218.0
195.0
195.0
195.0
221.0
194.0
201.0
195.0
195.0
221.0
244.0
244.0
244.0
244.0
244.0
218.0
244.0
217.0
244.0
244.0
218.0
218.0
218.0
166.0
218.0
218.0
217.0
217.0
191.0
191.0
201.0
203.0
581.0
867.0
945.0
1023.0
919.0
945.0
945.0
919.0
919.0
789.0
529.0
451.0
353.0
275.0
249.0
243.0
212.0
212.0
212.0
212.0
212.0
212.0
238.0
351.0
637.0
689.0
948.0
1001.0
1027.0
949.0
1027.0
975.0
966.0
940.0
810.0
561.0
405.0
353.0
301.0
275.0
249.0
223.0
249.0
218.0
244.0
218.0
244.0
218.0
374.0
218.0
272.0
305.0
270.0
296.0
270.0
296.0
279.0
296.0
296.0
270.0
270.0
252.0
270.0
270.0
270.0
270.0
270.0
270.0
269.0
249.0
275.0
234.0
201.0
279.0
275.0
275.0
275.0
301.0
296.0
270.0
296.0
270.0
244.0
279.0
244.0
305.0
275.0
249.0
223.0
275.0
275.0
275.0
275.0
275.0
269.0
275.0
279.0
591.0
665.0
977.0
841.0
821.0
841.0
1027.0
871.0
845.0
767.0
559.0
402.0
402.0
327.0
301.0
275.0
275.0
298.0
272.0
298.0
298.0
298.0
272.0
350.0
584.0
818.0
873.0
899.0
799.0
897.0
873.0
873.0
845.0
741.0
559.0
455.0
379.0
327.0
275.0
299.0
273.0
299.0
299.0
299.0
299.0
299.0
272.0
350.0
558.0
841.0
919.0
945.0
893.0
945.0
945.0
904.0
919.0
763.0
555.0
410.0
358.0
322.0
254.0
280.0
228.0
228.0
230.0
256.0
230.0
230.0
221.0
325.0
637.0
949.0
949.0
1010.0
897.0
949.0
949.0
923.0
923.0
819.0
533.0
455.0
377.0
351.0
273.0
273.0
247.0
247.0
254.0
247.0
254.0
228.0
247.0
377.0
663.0
949.0
956.0
1008.0
923.0
975.0
949.0
949.0
923.0
793.0
507.0
410.0
296.0
280.0
244.0
270.0
218.0
218.0
218.0
192.0
192.0
192.0
192.0
166.0
218.0
192.0
192.0
192.0
192.0
166.0
166.0
192.0
194.0
194.0
220.0
194.0
191.0
191.0
191.0
191.0
186.0
160.0
186.0
186.0
186.0
160.0
160.0
186.0
186.0
238.0
212.0
212.0
221.0
221.0
247.0
221.0
247.0
221.0
247.0
221.0
195.0
195.0
195.0
221.0
195.0
195.0
195.0
194.0
194.0
194.0
169.0
203.0
611.0
923.0
1001.0
1027.0
923.0
1001.0
949.0
949.0
975.0
871.0
585.0
455.0
350.0
264.0
238.0
246.0
238.0
212.0
212.0
238.0
212.0
212.0
212.0
347.0
633.0
945.0
966.0
992.0
945.0
971.0
971.0
971.0
971.0
841.0
581.0
426.0
373.0
296.0
270.0
270.0
244.0
244.0
244.0
226.0
247.0
221.0
221.0
351.0
637.0
949.0
975.0
1001.0
949.0
1001.0
975.0
949.0
923.0
793.0
532.0
410.0
358.0
332.0
280.0
273.0
280.0
280.0
280.0
243.0
243.0
243.0
243.0
347.0
633.0
945.0
974.0
1053.0
949.0
975.0
975.0
975.0
949.0
845.0
585.0
429.0
377.0
299.0
273.0
273.0
273.0
238.0
238.0
238.0
243.0
217.0
217.0
347.0
607.0
945.0
971.0
1000.0
945.0
1027.0
975.0
949.0
949.0
818.0
532.0
402.0
350.0
298.0
272.0
246.0
218.0
192.0
218.0
218.0
221.0
221.0
221.0
192.0
244.0
244.0
244.0
277.0
218.0
244.0
270.0
272.0
272.0
272.0
264.0
273.0
247.0
247.0
221.0
221.0
221.0
221.0
221.0
221.0
220.0
247.0
194.0
247.0
194.0
221.0
254.0
269.0
243.0
280.0
280.0
254.0
280.0
254.0
256.0
256.0
256.0
256.0
230.0
230.0
230.0
204.0
230.0
230.0
221.0
220.0
220.0
229.0
646.0
958.0
1010.0
906.0
819.0
880.0
871.0
845.0
819.0
689.0
559.0
412.0
308.0
282.0
282.0
256.0
230.0
230.0
256.0
230.0
246.0
230.0
220.0
376.0
685.0
879.0
955.0
945.0
919.0
945.0
971.0
971.0
945.0
841.0
633.0
503.0
376.0
272.0
272.0
238.0
238.0
238.0
238.0
246.0
246.0
246.0
220.0
350.0
663.0
948.0
974.0
1000.0
948.0
974.0
974.0
974.0
922.0
818.0
584.0
480.0
376.0
308.0
282.0
256.0
256.0
256.0
256.0
256.0
230.0
246.0
220.0
350.0
636.0
922.0
974.0
1000.0
896.0
948.0
948.0
922.0
896.0
792.0
532.0
454.0
376.0
324.0
274.0
246.0
246.0
246.0
246.0
246.0
220.0
246.0
246.0
376.0
636.0
922.0
938.0
948.0
897.0
949.0
923.0
923.0
923.0
763.0
555.0
451.0
373.0
269.0
249.0
249.0
223.0
249.0
223.0
247.0
221.0
221.0
221.0
221.0
238.0
238.0
298.0
280.0
303.0
280.0
272.0
298.0
272.0
246.0
272.0
246.0
246.0
220.0
220.0
220.0
220.0
220.0
220.0
220.0
220.0
220.0
220.0
220.0
220.0
220.0
194.0
220.0
220.0
220.0
220.0
246.0
246.0
221.0
247.0
247.0
221.0
195.0
221.0
221.0
221.0
221.0
195.0
221.0
221.0
194.0
221.0
201.0
637.0
949.0
1001.0
997.0
945.0
971.0
971.0
971.0
945.0
841.0
581.0
454.0
350.0
298.0
256.0
256.0
246.0
256.0
256.0
256.0
243.0
246.0
246.0
350.0
636.0
922.0
1000.0
1000.0
896.0
974.0
948.0
922.0
922.0
818.0
558.0
480.0
368.0
316.0
238.0
238.0
238.0
212.0
212.0
220.0
220.0
220.0
220.0
350.0
636.0
948.0
948.0
974.0
923.0
949.0
897.0
923.0
897.0
741.0
507.0
455.0
337.0
259.0
259.0
233.0
247.0
207.0
207.0
207.0
246.0
220.0
220.0
376.0
636.0
896.0
948.0
948.0
870.0
948.0
922.0
896.0
897.0
741.0
507.0
404.0
325.0
272.0
248.0
196.0
222.0
222.0
248.0
222.0
221.0
220.0
217.0
321.0
617.0
841.0
867.0
893.0
815.0
867.0
841.0
763.0
789.0
610.0
402.0
350.0
324.0
236.0
194.0
184.0
210.0
220.0
194.0
246.0
194.0
194.0
220.0
194.0
210.0
220.0
184.0
210.0
184.0
184.0
184.0
220.0
220.0
194.0
194.0
220.0
194.0
194.0
220.0
220.0
194.0
220.0
220.0
194.0
194.0
194.0
194.0
192.0
480.0
638.0
638.0
664.0
663.0
663.0
637.0
611.0
610.0
507.0
402.0
246.0
246.0
220.0
212.0
186.0
196.0
212.0
186.0
212.0
181.0
212.0
194.0
290.0
480.0
584.0
610.0
636.0
610.0
636.0
636.0
662.0
636.0
480.0
402.0
272.0
220.0
220.0
220.0
186.0
194.0
194.0
194.0
220.0
194.0
168.0
194.0
246.0
402.0
532.0
532.0
532.0
506.0
535.0
428.0
324.0
272.0
194.0
168.0
168.0
194.0
178.0
194.0
171.0
165.0
165.0
191.0
169.0
169.0
169.0
195.0
143.0
143.0
178.0
178.0
178.0
178.0
178.0
143.0
168.0
169.0
164.0
169.0
195.0
169.0
169.0
166.0
166.0
194.0
168.0
168.0
168.0
168.0
168.0
168.0
142.0
168.0
168.0
168.0
168.0
168.0
168.0
168.0
168.0
168.0
168.0
168.0
194.0
168.0
168.0
194.0
168.0
142.0
168.0
168.0
168.0
168.0
168.0
168.0
168.0
168.0
169.0
169.0
169.0
143.0
168.0
168.0
142.0
168.0
168.0
168.0
169.0
195.0
169.0
169.0
169.0
169.0
169.0
169.0
143.0
169.0
169.0
143.0
169.0
169.0
143.0
143.0
143.0
169.0
140.0
166.0
140.0
168.0
140.0
166.0
168.0
194.0
168.0
168.0
168.0
168.0
168.0
168.0
168.0
168.0
168.0
168.0
168.0
168.0
142.0
168.0
142.0
168.0
142.0
142.0
142.0
168.0
142.0
168.0
168.0
168.0
168.0
168.0
168.0
168.0
195.0
169.0
184.0
169.0
158.0
132.0
143.0
143.0
169.0
158.0
168.0
169.0
169.0
168.0
168.0
169.0
169.0
169.0
169.0
169.0
169.0
169.0
168.0
168.0
176.0
168.0
168.0
168.0
168.0
168.0
168.0
168.0
168.0
194.0
168.0
168.0
194.0
194.0
168.0
194.0
168.0
194.0
194.0
194.0
169.0
169.0
169.0
169.0
202.0
150.0
202.0
176.0
168.0
168.0
168.0
506.0
636.0
660.0
662.0
662.0
688.0
636.0
662.0
636.0
506.0
402.0
298.0
246.0
244.0
218.0
218.0
218.0
192.0
192.0
192.0
218.0
218.0
192.0
322.0
585.0
842.0
842.0
845.0
793.0
813.0
816.0
819.0
790.0
712.0
452.0
348.0
296.0
270.0
218.0
218.0
218.0
220.0
194.0
194.0
194.0
194.0
194.0
194.0
220.0
221.0
246.0
270.0
246.0
246.0
220.0
246.0
220.0
220.0
220.0
194.0
220.0
220.0
220.0
220.0
194.0
194.0
194.0
220.0
168.0
194.0
194.0
585.0
845.0
923.0
949.0
871.0
897.0
897.0
871.0
871.0
767.0
481.0
377.0
351.0
270.0
244.0
244.0
212.0
212.0
186.0
212.0
186.0
212.0
212.0
351.0
559.0
836.0
923.0
948.0
870.0
896.0
896.0
896.0
870.0
766.0
504.0
400.0
350.0
270.0
244.0
244.0
218.0
218.0
220.0
220.0
220.0
218.0
230.0
377.0
585.0
871.0
923.0
949.0
868.0
897.0
897.0
897.0
871.0
767.0
507.0
400.0
322.0
270.0
252.0
252.0
252.0
252.0
221.0
221.0
221.0
226.0
221.0
351.0
559.0
871.0
897.0
949.0
845.0
897.0
897.0
897.0
871.0
767.0
481.0
403.0
356.0
304.0
278.0
244.0
218.0
246.0
221.0
220.0
221.0
195.0
221.0
325.0
559.0
845.0
897.0
949.0
818.0
897.0
871.0
871.0
870.0
740.0
506.0
376.0
350.0
244.0
218.0
244.0
218.0
168.0
220.0
194.0
194.0
194.0
194.0
194.0
220.0
246.0
272.0
246.0
272.0
246.0
246.0
249.0
223.0
249.0
230.0
230.0
204.0
204.0
230.0
230.0
230.0
204.0
178.0
204.0
230.0
204.0
204.0
204.0
230.0
256.0
256.0
246.0
246.0
246.0
246.0
220.0
246.0
220.0
220.0
221.0
221.0
195.0
195.0
221.0
195.0
195.0
169.0
194.0
194.0
194.0
195.0
203.0
585.0
868.0
871.0
949.0
871.0
904.0
896.0
896.0
922.0
766.0
558.0
428.0
374.0
272.0
244.0
244.0
194.0
194.0
220.0
194.0
220.0
194.0
220.0
324.0
610.0
897.0
897.0
923.0
871.0
870.0
896.0
870.0
896.0
792.0
558.0
454.0
350.0
272.0
246.0
249.0
194.0
220.0
220.0
194.0
220.0
220.0
194.0
351.0
611.0
810.0
862.0
897.0
810.0
871.0
897.0
871.0
845.0
793.0
498.0
455.0
351.0
290.0
238.0
238.0
212.0
220.0
220.0
194.0
246.0
220.0
246.0
350.0
558.0
870.0
896.0
948.0
870.0
896.0
896.0
896.0
871.0
767.0
533.0
400.0
378.0
296.0
270.0
270.0
244.0
218.0
218.0
192.0
218.0
218.0
218.0
322.0
559.0
842.0
897.0
894.0
845.0
871.0
897.0
897.0
868.0
767.0
533.0
400.0
322.0
296.0
270.0
275.0
223.0
223.0
195.0
223.0
223.0
197.0
197.0
197.0
223.0
275.0
249.0
246.0
246.0
246.0
246.0
246.0
246.0
246.0
246.0
220.0
220.0
220.0
220.0
220.0
220.0
220.0
204.0
230.0
230.0
204.0
204.0
204.0
230.0
282.0
256.0
256.0
256.0
282.0
256.0
282.0
282.0
256.0
246.0
246.0
220.0
220.0
220.0
220.0
194.0
194.0
194.0
194.0
168.0
194.0
194.0
203.0
584.0
896.0
896.0
922.0
844.0
870.0
870.0
896.0
870.0
766.0
532.0
428.0
379.0
301.0
249.0
275.0
223.0
223.0
197.0
223.0
223.0
223.0
202.0
332.0
566.0
852.0
878.0
956.0
826.0
878.0
896.0
870.0
858.0
766.0
532.0
454.0
379.0
298.0
248.0
274.0
222.0
246.0
220.0
221.0
192.0
218.0
195.0
351.0
585.0
845.0
871.0
949.0
854.0
880.0
906.0
870.0
870.0
792.0
532.0
428.0
376.0
298.0
264.0
272.0
246.0
220.0
220.0
220.0
220.0
220.0
220.0
350.0
610.0
845.0
871.0
949.0
845.0
897.0
897.0
898.0
897.0
767.0
559.0
455.0
374.0
296.0
244.0
270.0
218.0
218.0
221.0
221.0
195.0
195.0
221.0
351.0
585.0
897.0
897.0
949.0
845.0
897.0
897.0
897.0
871.0
767.0
533.0
403.0
327.0
249.0
223.0
275.0
197.0
221.0
221.0
195.0
197.0
197.0
197.0
171.0
223.0
249.0
275.0
249.0
249.0
275.0
275.0
272.0
301.0
301.0
275.0
249.0
220.0
220.0
220.0
220.0
221.0
221.0
221.0
195.0
195.0
195.0
195.0
195.0
221.0
273.0
273.0
273.0
306.0
306.0
332.0
332.0
306.0
306.0
254.0
228.0
228.0
202.0
202.0
228.0
228.0
176.0
202.0
176.0
202.0
202.0
202.0
204.0
558.0
852.0
897.0
923.0
845.0
897.0
923.0
897.0
871.0
767.0
559.0
455.0
348.0
325.0
244.0
244.0
218.0
218.0
218.0
218.0
218.0
221.0
221.0
325.0
559.0
897.0
897.0
949.0
818.0
896.0
896.0
870.0
896.0
766.0
532.0
454.0
357.0
272.0
246.0
246.0
220.0
194.0
221.0
221.0
221.0
221.0
221.0
351.0
559.0
845.0
897.0
923.0
819.0
871.0
897.0
871.0
871.0
767.0
559.0
455.0
379.0
275.0
249.0
249.0
223.0
249.0
223.0
223.0
223.0
223.0
220.0
377.0
585.0
871.0
897.0
949.0
845.0
923.0
897.0
897.0
897.0
792.0
533.0
429.0
376.0
272.0
275.0
249.0
223.0
249.0
249.0
249.0
223.0
195.0
221.0
351.0
559.0
897.0
897.0
949.0
845.0
897.0
897.0
897.0
845.0
741.0
533.0
402.0
350.0
272.0
244.0
246.0
220.0
220.0
220.0
220.0
220.0
194.0
195.0
247.0
278.0
305.0
298.0
351.0
304.0
325.0
325.0
324.0
280.0
273.0
228.0
246.0
247.0
221.0
195.0
221.0
221.0
195.0
195.0
195.0
221.0
195.0
195.0
221.0
195.0
221.0
221.0
247.0
221.0
246.0
246.0
246.0
221.0
249.0
223.0
249.0
223.0
223.0
197.0
223.0
220.0
220.0
220.0
221.0
195.0
221.0
194.0
205.0
584.0
871.0
897.0
949.0
871.0
897.0
897.0
923.0
897.0
767.0
559.0
429.0
342.0
290.0
221.0
249.0
223.0
223.0
194.0
223.0
194.0
220.0
221.0
325.0
611.0
871.0
923.0
949.0
845.0
897.0
897.0
897.0
897.0
767.0
507.0
429.0
356.0
278.0
278.0
252.0
252.0
226.0
221.0
200.0
221.0
169.0
221.0
325.0
533.0
871.0
871.0
897.0
819.0
871.0
871.0
845.0
871.0
767.0
488.0
410.0
358.0
306.0
228.0
254.0
228.0
228.0
228.0
202.0
228.0
228.0
202.0
358.0
566.0
878.0
878.0
956.0
826.0
904.0
878.0
904.0
852.0
748.0
514.0
454.0
379.0
301.0
249.0
249.0
223.0
223.0
194.0
197.0
194.0
197.0
221.0
325.0
559.0
897.0
897.0
923.0
819.0
871.0
819.0
767.0
793.0
637.0
455.0
376.0
330.0
278.0
252.0
249.0
223.0
223.0
197.0
223.0
223.0
197.0
228.0
223.0
223.0
306.0
306.0
332.0
332.0
332.0
332.0
332.0
332.0
306.0
254.0
228.0
254.0
254.0
202.0
228.0
202.0
228.0
202.0
202.0
202.0
202.0
220.0
221.0
195.0
220.0
246.0
246.0
246.0
246.0
246.0
246.0
246.0
246.0
272.0
246.0
220.0
246.0
221.0
221.0
221.0
195.0
221.0
195.0
221.0
195.0
194.0
192.0
584.0
871.0
897.0
975.0
871.0
897.0
897.0
897.0
871.0
793.0
559.0
429.0
376.0
272.0
246.0
246.0
220.0
194.0
220.0
220.0
220.0
220.0
220.0
324.0
584.0
896.0
896.0
948.0
818.0
896.0
896.0
896.0
896.0
766.0
584.0
480.0
353.0
298.0
246.0
256.0
230.0
230.0
204.0
230.0
230.0
230.0
230.0
334.0
633.0
893.0
893.0
945.0
867.0
893.0
893.0
893.0
897.0
767.0
533.0
455.0
351.0
269.0
247.0
282.0
230.0
204.0
230.0
204.0
247.0
195.0
221.0
325.0
611.0
871.0
923.0
949.0
854.0
932.0
906.0
906.0
906.0
776.0
542.0
438.0
360.0
282.0
256.0
275.0
249.0
197.0
223.0
197.0
223.0
223.0
223.0
298.0
559.0
897.0
949.0
949.0
871.0
897.0
897.0
897.0
871.0
741.0
507.0
405.0
327.0
301.0
275.0
269.0
217.0
217.0
195.0
191.0
191.0
191.0
195.0
217.0
222.0
248.0
274.0
300.0
248.0
300.0
272.0
272.0
298.0
376.0
272.0
246.0
246.0
220.0
246.0
220.0
220.0
220.0
220.0
220.0
376.0
584.0
870.0
896.0
948.0
844.0
922.0
896.0
896.0
896.0
792.0
532.0
428.0
376.0
275.0
275.0
249.0
223.0
246.0
246.0
246.0
220.0
194.0
220.0
350.0
558.0
896.0
896.0
948.0
844.0
904.0
904.0
904.0
852.0
741.0
533.0
402.0
350.0
272.0
249.0
249.0
223.0
220.0
220.0
220.0
220.0
194.0
195.0
247.0
278.0
299.0
304.0
351.0
304.0
325.0
325.0
330.0
278.0
273.0
226.0
252.0
247.0
217.0
194.0
220.0
220.0
194.0
194.0
194.0
230.0
204.0
194.0
220.0
194.0
220.0
220.0
246.0
220.0
246.0
246.0
254.0
228.0
254.0
228.0
254.0
228.0
230.0
204.0
230.0
230.0
230.0
230.0
230.0
204.0
230.0
204.0
204.0
584.0
880.0
896.0
948.0
870.0
896.0
896.0
922.0
902.0
766.0
558.0
428.0
350.0
304.0
220.0
246.0
220.0
220.0
194.0
220.0
194.0
220.0
220.0
324.0
610.0
870.0
922.0
948.0
844.0
896.0
904.0
899.0
904.0
767.0
506.0
428.0
350.0
275.0
272.0
246.0
246.0
220.0
220.0
194.0
220.0
168.0
220.0
324.0
532.0
870.0
870.0
896.0
818.0
870.0
870.0
844.0
871.0
767.0
481.0
403.0
352.0
300.0
222.0
248.0
222.0
222.0
222.0
196.0
222.0
222.0
196.0
351.0
559.0
871.0
872.0
949.0
820.0
898.0
872.0
898.0
845.0
741.0
507.0
455.0
378.0
300.0
248.0
248.0
222.0
222.0
196.0
196.0
194.0
194.0
220.0
324.0
558.0
896.0
896.0
922.0
818.0
870.0
818.0
766.0
792.0
636.0
454.0
376.0
320.0
268.0
242.0
242.0
216.0
228.0
202.0
228.0
228.0
202.0
228.0
228.0
228.0
306.0
306.0
332.0
332.0
332.0
332.0
332.0
332.0
306.0
254.0
228.0
254.0
247.0
195.0
221.0
196.0
222.0
196.0
196.0
196.0
196.0
220.0
222.0
194.0
222.0
248.0
248.0
248.0
248.0
248.0
248.0
248.0
248.0
272.0
246.0
220.0
246.0
220.0
220.0
220.0
195.0
228.0
202.0
228.0
191.0
195.0
204.0
584.0
871.0
893.0
975.0
871.0
893.0
893.0
893.0
871.0
793.0
559.0
429.0
376.0
269.0
242.0
243.0
216.0
192.0
218.0
218.0
220.0
220.0
220.0
324.0
584.0
896.0
896.0
948.0
818.0
896.0
896.0
896.0
896.0
766.0
584.0
480.0
350.0
298.0
246.0
246.0
220.0
220.0
194.0
220.0
220.0
220.0
220.0
324.0
636.0
896.0
896.0
948.0
870.0
896.0
896.0
896.0
896.0
766.0
532.0
454.0
350.0
274.0
246.0
274.0
222.0
194.0
220.0
194.0
246.0
194.0
220.0
324.0
610.0
870.0
922.0
949.0
845.0
923.0
897.0
897.0
897.0
767.0
533.0
429.0
351.0
275.0
242.0
268.0
249.0
197.0
223.0
197.0
223.0
221.0
221.0
299.0
559.0
897.0
949.0
949.0
871.0
899.0
899.0
899.0
873.0
743.0
509.0
405.0
327.0
301.0
275.0
275.0
223.0
223.0
197.0
197.0
197.0
197.0
197.0
223.0
223.0
249.0
268.0
294.0
249.0
294.0
280.0
279.0
300.0
248.0
248.0
248.0
222.0
222.0
222.0
222.0
196.0
222.0
196.0
196.0
196.0
196.0
201.0
222.0
222.0
274.0
274.0
274.0
274.0
274.0
274.0
273.0
272.0
272.0
246.0
246.0
220.0
220.0
220.0
223.0
249.0
197.0
223.0
197.0
220.0
227.0
194.0
227.0
584.0
925.0
899.0
951.0
873.0
899.0
925.0
899.0
899.0
794.0
584.0
454.0
378.0
300.0
267.0
274.0
248.0
220.0
223.0
197.0
195.0
221.0
169.0
377.0
585.0
871.0
923.0
949.0
871.0
923.0
899.0
899.0
897.0
767.0
533.0
457.0
353.0
301.0
275.0
275.0
249.0
249.0
249.0
223.0
223.0
249.0
246.0
379.0
610.0
870.0
896.0
922.0
844.0
896.0
870.0
844.0
870.0
766.0
610.0
506.0
378.0
326.0
326.0
274.0
248.0
274.0
248.0
222.0
222.0
248.0
248.0
378.0
586.0
845.0
871.0
897.0
819.0
845.0
811.0
871.0
845.0
769.0
613.0
507.0
379.0
327.0
301.0
275.0
249.0
249.0
273.0
273.0
243.0
243.0
243.0
373.0
581.0
844.0
844.0
896.0
818.0
844.0
818.0
844.0
815.0
740.0
506.0
428.0
347.0
321.0
269.0
253.0
191.0
217.0
201.0
201.0
196.0
196.0
196.0
227.0
253.0
305.0
331.0
347.0
331.0
357.0
357.0
357.0
357.0
331.0
269.0
253.0
227.0
227.0
217.0
217.0
191.0
217.0
191.0
194.0
191.0
191.0
201.0
217.0
243.0
246.0
279.0
305.0
298.0
298.0
305.0
272.0
298.0
272.0
246.0
246.0
220.0
220.0
194.0
220.0
220.0
230.0
272.0
272.0
284.0
298.0
272.0
359.0
305.0
793.0
845.0
871.0
793.0
845.0
845.0
819.0
845.0
793.0
637.0
559.0
351.0
325.0
325.0
325.0
273.0
221.0
247.0
273.0
247.0
247.0
247.0
325.0
611.0
897.0
923.0
949.0
897.0
949.0
949.0
949.0
897.0
793.0
585.0
481.0
377.0
353.0
298.0
272.0
246.0
220.0
220.0
220.0
220.0
220.0
220.0
376.0
610.0
922.0
922.0
948.0
896.0
945.0
919.0
919.0
893.0
763.0
555.0
399.0
347.0
293.0
241.0
269.0
243.0
217.0
217.0
217.0
217.0
194.0
220.0
376.0
610.0
870.0
896.0
948.0
844.0
872.0
898.0
872.0
846.0
768.0
508.0
404.0
352.0
274.0
267.0
248.0
248.0
222.0
222.0
222.0
222.0
222.0
248.0
352.0
638.0
845.0
900.0
923.0
871.0
897.0
897.0
871.0
871.0
741.0
481.0
377.0
325.0
267.0
215.0
241.0
189.0
215.0
215.0
191.0
191.0
189.0
189.0
189.0
215.0
215.0
215.0
215.0
241.0
215.0
241.0
215.0
215.0
248.0
222.0
241.0
217.0
217.0
191.0
217.0
217.0
191.0
191.0
194.0
201.0
203.0
201.0
220.0
178.0
230.0
246.0
272.0
246.0
246.0
239.0
265.0
239.0
265.0
265.0
265.0
243.0
243.0
243.0
217.0
191.0
217.0
217.0
222.0
196.0
227.0
201.0
204.0
638.0
924.0
976.0
1002.0
898.0
950.0
945.0
919.0
893.0
763.0
529.0
451.0
359.0
279.0
239.0
239.0
217.0
477.0
477.0
477.0
477.0
477.0
477.0
529.0
607.0
663.0
659.0
690.0
716.0
690.0
638.0
690.0
683.0
638.0
586.0
430.0
352.0
274.0
274.0
248.0
274.0
222.0
249.0
223.0
223.0
223.0
249.0
379.0
613.0
870.0
922.0
948.0
906.0
906.0
906.0
880.0
893.0
737.0
529.0
412.0
360.0
300.0
274.0
248.0
248.0
222.0
248.0
222.0
248.0
196.0
222.0
378.0
612.0
898.0
898.0
950.0
872.0
898.0
898.0
898.0
867.0
711.0
529.0
399.0
347.0
295.0
269.0
243.0
217.0
217.0
220.0
246.0
194.0
220.0
220.0
376.0
610.0
844.0
870.0
899.0
821.0
899.0
873.0
847.0
873.0
743.0
483.0
379.0
353.0
275.0
222.0
248.0
222.0
222.0
222.0
222.0
222.0
222.0
218.0
166.0
218.0
244.0
223.0
223.0
249.0
223.0
223.0
223.0
249.0
249.0
249.0
249.0
223.0
249.0
249.0
223.0
222.0
197.0
223.0
223.0
223.0
230.0
229.0
201.0
227.0
227.0
194.0
249.0
223.0
248.0
248.0
248.0
248.0
248.0
274.0
248.0
250.0
249.0
221.0
221.0
223.0
223.0
197.0
249.0
223.0
223.0
227.0
205.0
638.0
924.0
950.0
950.0
898.0
898.0
924.0
924.0
898.0
794.0
534.0
432.0
354.0
276.0
276.0
250.0
224.0
250.0
198.0
224.0
226.0
226.0
226.0
356.0
642.0
902.0
928.0
954.0
902.0
902.0
928.0
900.0
900.0
770.0
536.0
432.0
328.0
276.0
224.0
276.0
224.0
250.0
224.0
198.0
224.0
224.0
224.0
354.0
692.0
874.0
926.0
952.0
822.0
848.0
900.0
846.0
846.0
820.0
820.0
794.0
664.0
444.0
326.0
294.0
274.0
248.0
222.0
248.0
222.0
222.0
222.0
222.0
222.0
252.0
356.0
590.0
824.0
798.0
850.0
824.0
798.0
795.0
795.0
767.0
561.0
405.0
327.0
301.0
249.0
275.0
223.0
223.0
223.0
223.0
196.0
222.0
222.0
222.0
352.0
560.0
742.0
768.0
776.0
742.0
716.0
742.0
690.0
664.0
534.0
378.0
300.0
252.0
226.0
226.0
226.0
200.0
200.0
226.0
190.0
216.0
200.0
223.0
327.0
483.0
613.0
645.0
671.0
663.0
626.0
600.0
574.0
548.0
481.0
340.0
262.0
210.0
184.0
184.0
210.0
190.0
158.0
196.0
196.0
196.0
196.0
196.0
300.0
377.0
508.0
482.0
482.0
456.0
380.0
302.0
224.0
190.0
172.0
172.0
172.0
172.0
172.0
171.0
223.0
171.0
171.0
171.0
171.0
178.0
171.0
171.0
171.0
145.0
145.0
145.0
145.0
171.0
145.0
144.0
144.0
144.0
144.0
170.0
170.0
170.0
170.0
170.0
177.0
144.0
170.0
170.0
170.0
174.0
174.0
148.0
148.0
148.0
144.0
170.0
170.0
144.0
144.0
144.0
144.0
170.0
170.0
170.0
144.0
165.0
168.0
145.0
168.0
171.0
145.0
171.0
171.0
171.0
171.0
145.0
145.0
171.0
171.0
144.0
144.0
170.0
170.0
170.0
144.0
170.0
170.0
170.0
170.0
144.0
170.0
170.0
170.0
144.0
170.0
170.0
145.0
158.0
158.0
132.0
132.0
132.0
171.0
132.0
171.0
145.0
171.0
171.0
145.0
171.0
145.0
158.0
158.0
158.0
158.0
158.0
132.0
158.0
158.0
158.0
158.0
158.0
170.0
144.0
170.0
144.0
170.0
170.0
144.0
170.0
144.0
144.0
170.0
144.0
170.0
170.0
170.0
170.0
170.0
170.0
170.0
170.0
144.0
170.0
144.0
170.0
146.0
146.0
172.0
146.0
172.0
146.0
146.0
173.0
146.0
172.0
172.0
158.0
158.0
158.0
158.0
158.0
158.0
158.0
163.0
132.0
158.0
132.0
158.0
132.0
158.0
132.0
158.0
158.0
158.0
132.0
158.0
158.0
161.0
184.0
158.0
158.0
170.0
170.0
170.0
170.0
170.0
170.0
144.0
170.0
170.0
170.0
170.0
170.0
170.0
170.0
144.0
482.0
612.0
638.0
664.0
654.0
638.0
612.0
560.0
560.0
457.0
301.0
275.0
210.0
210.0
184.0
210.0
184.0
184.0
158.0
158.0
184.0
236.0
184.0
288.0
574.0
782.0
808.0
860.0
782.0
808.0
808.0
782.0
782.0
626.0
366.0
288.0
236.0
222.0
222.0
222.0
196.0
196.0
189.0
198.0
198.0
224.0
224.0
326.0
636.0
822.0
874.0
926.0
848.0
874.0
900.0
899.0
873.0
718.0
457.0
327.0
276.0
224.0
198.0
224.0
198.0
198.0
189.0
198.0
222.0
196.0
196.0
194.0
636.0
872.0
924.0
924.0
846.0
898.0
872.0
898.0
872.0
742.0
456.0
379.0
288.0
262.0
210.0
210.0
184.0
210.0
184.0
184.0
210.0
210.0
210.0
340.0
639.0
899.0
925.0
951.0
847.0
894.0
868.0
868.0
842.0
738.0
452.0
348.0
322.0
270.0
244.0
218.0
192.0
218.0
192.0
218.0
192.0
218.0
222.0
378.0
638.0
898.0
924.0
946.0
856.0
894.0
894.0
868.0
842.0
712.0
452.0
348.0
296.0
244.0
218.0
218.0
192.0
166.0
189.0
192.0
192.0
192.0
192.0
192.0
192.0
244.0
244.0
244.0
270.0
244.0
270.0
218.0
270.0
218.0
224.0
218.0
224.0
198.0
198.0
172.0
198.0
198.0
224.0
198.0
224.0
192.0
166.0
192.0
192.0
218.0
228.0
244.0
244.0
218.0
222.0
218.0
222.0
222.0
222.0
196.0
222.0
196.0
196.0
170.0
196.0
196.0
196.0
196.0
196.0
196.0
203.0
359.0
608.0
920.0
946.0
998.0
868.0
946.0
946.0
946.0
920.0
738.0
530.0
374.0
296.0
244.0
218.0
218.0
192.0
192.0
192.0
218.0
192.0
192.0
218.0
388.0
660.0
960.0
986.0
986.0
908.0
934.0
934.0
934.0
934.0
778.0
534.0
404.0
378.0
274.0
244.0
218.0
218.0
218.0
218.0
218.0
244.0
218.0
218.0
348.0
634.0
894.0
920.0
920.0
868.0
894.0
920.0
894.0
894.0
764.0
504.0
426.0
348.0
270.0
218.0
218.0
218.0
218.0
218.0
218.0
218.0
192.0
218.0
322.0
608.0
894.0
956.0
956.0
878.0
930.0
930.0
904.0
904.0
774.0
566.0
462.0
358.0
280.0
258.0
232.0
232.0
232.0
206.0
232.0
232.0
206.0
232.0
388.0
639.0
951.0
951.0
1002.0
898.0
950.0
924.0
924.0
898.0
768.0
534.0
404.0
352.0
277.0
251.0
225.0
199.0
225.0
225.0
225.0
225.0
225.0
225.0
199.0
251.0
303.0
329.0
303.0
277.0
327.0
301.0
301.0
303.0
277.0
251.0
251.0
251.0
225.0
225.0
173.0
199.0
225.0
199.0
225.0
225.0
232.0
203.0
199.0
251.0
251.0
270.0
270.0
270.0
270.0
270.0
270.0
251.0
277.0
251.0
225.0
225.0
199.0
199.0
173.0
225.0
206.0
206.0
206.0
218.0
203.0
229.0
359.0
648.0
934.0
960.0
986.0
908.0
934.0
908.0
908.0
882.0
726.0
466.0
388.0
310.0
258.0
232.0
232.0
206.0
206.0
206.0
206.0
206.0
206.0
232.0
362.0
648.0
908.0
960.0
986.0
882.0
908.0
934.0
908.0
882.0
752.0
456.0
388.0
314.0
251.0
236.0
210.0
210.0
184.0
199.0
225.0
199.0
188.0
225.0
355.0
641.0
875.0
927.0
953.0
823.0
901.0
902.0
902.0
849.0
719.0
459.0
381.0
329.0
277.0
251.0
225.0
199.0
225.0
199.0
225.0
199.0
199.0
225.0
355.0
641.0
849.0
898.0
924.0
830.0
856.0
882.0
856.0
846.0
716.0
456.0
378.0
274.0
274.0
196.0
222.0
196.0
192.0
192.0
196.0
196.0
192.0
192.0
192.0
218.0
244.0
244.0
270.0
244.0
240.0
266.0
240.0
240.0
240.0
212.0
214.0
188.0
214.0
188.0
162.0
188.0
188.0
188.0
188.0
177.0
203.0
203.0
162.0
188.0
240.0
214.0
214.0
240.0
214.0
240.0
214.0
240.0
251.0
222.0
196.0
222.0
196.0
196.0
170.0
196.0
196.0
196.0
196.0
203.0
199.0
203.0
203.0
641.0
901.0
927.0
950.0
872.0
925.0
925.0
899.0
890.0
734.0
552.0
396.0
318.0
266.0
240.0
214.0
188.0
188.0
188.0
187.0
188.0
188.0
214.0
370.0
604.0
864.0
926.0
952.0
848.0
870.0
870.0
844.0
844.0
714.0
454.0
324.0
293.0
266.0
214.0
214.0
214.0
188.0
188.0
214.0
188.0
188.0
214.0
344.0
656.0
890.0
916.0
949.0
845.0
894.0
894.0
898.0
868.0
712.0
452.0
374.0
348.0
270.0
240.0
218.0
192.0
218.0
192.0
218.0
192.0
188.0
214.0
344.0
630.0
890.0
916.0
942.0
890.0
916.0
916.0
890.0
890.0
734.0
500.0
422.0
354.0
276.0
229.0
224.0
197.0
203.0
203.0
197.0
223.0
197.0
223.0
353.0
639.0
899.0
925.0
925.0
847.0
899.0
873.0
870.0
870.0
714.0
506.0
376.0
322.0
244.0
218.0
218.0
192.0
192.0
192.0
188.0
188.0
188.0
162.0
188.0
188.0
266.0
240.0
266.0
266.0
292.0
299.0
292.0
292.0
251.0
225.0
225.0
214.0
214.0
197.0
171.0
197.0
202.0
197.0
197.0
197.0
197.0
197.0
197.0
197.0
249.0
255.0
255.0
255.0
255.0
255.0
255.0
255.0
255.0
229.0
229.0
232.0
206.0
196.0
173.0
196.0
206.0
206.0
206.0
203.0
203.0
203.0
203.0
645.0
905.0
934.0
986.0
882.0
934.0
934.0
925.0
899.0
717.0
457.0
405.0
288.0
255.0
255.0
229.0
203.0
229.0
223.0
223.0
197.0
223.0
223.0
356.0
639.0
899.0
899.0
951.0
847.0
899.0
899.0
873.0
873.0
743.0
535.0
422.0
344.0
281.0
255.0
229.0
229.0
240.0
240.0
240.0
188.0
188.0
188.0
188.0
188.0
188.0
188.0
214.0
214.0
240.0
281.0
281.0
255.0
307.0
274.0
255.0
255.0
255.0
255.0
222.0
222.0
222.0
196.0
165.0
218.0
192.0
192.0
192.0
192.0
192.0
192.0
199.0
199.0
225.0
225.0
251.0
276.0
250.0
250.0
250.0
276.0
250.0
224.0
250.0
225.0
214.0
224.0
162.0
188.0
188.0
199.0
192.0
192.0
192.0
188.0
203.0
635.0
919.0
919.0
1049.0
945.0
945.0
1002.0
971.0
950.0
820.0
534.0
456.0
352.0
300.0
248.0
248.0
248.0
196.0
248.0
196.0
222.0
196.0
222.0
352.0
630.0
916.0
942.0
1046.0
942.0
942.0
968.0
942.0
942.0
812.0
552.0
452.0
348.0
296.0
244.0
244.0
244.0
218.0
244.0
218.0
232.0
232.0
232.0
362.0
648.0
934.0
1012.0
1064.0
960.0
986.0
960.0
951.0
925.0
821.0
561.0
431.0
379.0
301.0
249.0
249.0
249.0
223.0
224.0
223.0
223.0
223.0
223.0
379.0
691.0
951.0
968.0
1046.0
942.0
942.0
951.0
951.0
925.0
823.0
535.0
407.0
355.0
303.0
251.0
249.0
249.0
251.0
199.0
199.0
225.0
199.0
232.0
388.0
648.0
960.0
960.0
1038.0
934.0
975.0
954.0
954.0
902.0
798.0
486.0
356.0
356.0
268.0
226.0
252.0
200.0
226.0
200.0
200.0
174.0
200.0
200.0
226.0
200.0
278.0
294.0
294.0
304.0
304.0
294.0
304.0
304.0
278.0
242.0
226.0
226.0
222.0
200.0
174.0
200.0
200.0
200.0
200.0
174.0
200.0
200.0
174.0
200.0
226.0
226.0
252.0
278.0
252.0
251.0
251.0
226.0
252.0
223.0
223.0
249.0
223.0
223.0
171.0
197.0
197.0
197.0
197.0
223.0
197.0
203.0
203.0
593.0
899.0
925.0
1012.0
960.0
960.0
960.0
934.0
908.0
804.0
570.0
466.0
336.0
284.0
258.0
258.0
258.0
232.0
199.0
225.0
225.0
199.0
221.0
351.0
611.0
923.0
954.0
1001.0
928.0
980.0
980.0
954.0
954.0
850.0
525.0
460.0
356.0
304.0
251.0
251.0
225.0
225.0
225.0
225.0
225.0
225.0
251.0
381.0
615.0
953.0
1005.0
1057.0
953.0
1003.0
977.0
951.0
951.0
795.0
535.0
430.0
344.0
292.0
266.0
240.0
240.0
214.0
226.0
226.0
226.0
252.0
226.0
382.0
642.0
928.0
954.0
1058.0
954.0
954.0
954.0
954.0
928.0
824.0
526.0
434.0
370.0
330.0
240.0
240.0
240.0
214.0
224.0
223.0
223.0
249.0
249.0
379.0
641.0
953.0
979.0
1024.0
951.0
951.0
946.0
946.0
920.0
816.0
530.0
426.0
348.0
322.0
244.0
244.0
218.0
250.0
198.0
224.0
224.0
198.0
228.0
254.0
216.0
278.0
294.0
268.0
242.0
304.0
278.0
303.0
300.0
251.0
251.0
251.0
251.0
225.0
225.0
173.0
225.0
251.0
202.0
199.0
223.0
192.0
192.0
225.0
225.0
225.0
225.0
277.0
277.0
251.0
225.0
225.0
241.0
215.0
215.0
218.0
244.0
228.0
228.0
176.0
202.0
202.0
228.0
228.0
202.0
199.0
225.0
355.0
644.0
904.0
1008.0
1034.0
956.0
1008.0
1008.0
956.0
956.0
826.0
566.0
462.0
378.0
306.0
280.0
248.0
228.0
228.0
228.0
228.0
202.0
202.0
254.0
384.0
670.0
930.0
956.0
1034.0
956.0
982.0
956.0
930.0
920.0
790.0
504.0
426.0
374.0
322.0
270.0
244.0
251.0
251.0
225.0
251.0
225.0
199.0
225.0
381.0
667.0
927.0
953.0
1005.0
927.0
953.0
927.0
927.0
901.0
771.0
537.0
407.0
329.0
293.0
215.0
241.0
196.0
215.0
196.0
196.0
222.0
222.0
196.0
214.0
188.0
214.0
215.0
266.0
267.0
215.0
267.0
241.0
215.0
241.0
215.0
241.0
215.0
215.0
189.0
163.0
215.0
189.0
200.0
200.0
200.0
171.0
192.0
197.0
223.0
249.0
223.0
244.0
301.0
249.0
223.0
223.0
249.0
222.0
222.0
222.0
222.0
196.0
196.0
170.0
196.0
196.0
222.0
196.0
196.0
197.0
199.0
197.0
199.0
225.0
225.0
251.0
222.0
222.0
244.0
218.0
244.0
218.0
218.0
226.0
226.0
200.0
200.0
171.0
218.0
192.0
199.0
199.0
199.0
200.0
200.0
199.0
668.0
898.0
954.0
1054.0
924.0
950.0
950.0
950.0
898.0
794.0
456.0
378.0
300.0
274.0
248.0
248.0
222.0
222.0
222.0
248.0
196.0
222.0
222.0
378.0
638.0
950.0
979.0
1054.0
949.0
1001.0
975.0
949.0
975.0
842.0
634.0
455.0
374.0
322.0
270.0
270.0
218.0
226.0
252.0
252.0
226.0
252.0
221.0
382.0
642.0
923.0
976.0
1054.0
950.0
1002.0
976.0
976.0
950.0
793.0
638.0
430.0
378.0
300.0
274.0
248.0
222.0
222.0
222.0
248.0
196.0
248.0
248.0
378.0
638.0
950.0
950.0
1054.0
950.0
976.0
950.0
924.0
924.0
794.0
534.0
430.0
352.0
300.0
270.0
248.0
218.0
225.0
222.0
222.0
222.0
196.0
222.0
378.0
638.0
924.0
950.0
1028.0
924.0
976.0
950.0
924.0
898.0
794.0
534.0
426.0
348.0
296.0
244.0
244.0
218.0
218.0
218.0
218.0
218.0
222.0
222.0
378.0
638.0
872.0
924.0
1002.0
898.0
898.0
924.0
898.0
872.0
794.0
534.0
378.0
352.0
274.0
241.0
248.0
196.0
196.0
222.0
196.0
196.0
196.0
196.0
192.0
218.0
218.0
218.0
244.0
241.0
218.0
241.0
241.0
215.0
215.0
241.0
223.0
223.0
223.0
192.0
173.0
225.0
199.0
199.0
199.0
222.0
192.0
203.0
196.0
196.0
222.0
240.0
240.0
240.0
240.0
240.0
214.0
240.0
214.0
240.0
240.0
214.0
214.0
214.0
162.0
214.0
214.0
214.0
214.0
188.0
188.0
203.0
199.0
593.0
864.0
950.0
1020.0
916.0
942.0
942.0
916.0
916.0
794.0
534.0
448.0
354.0
276.0
250.0
248.0
224.0
224.0
222.0
222.0
222.0
222.0
248.0
352.0
638.0
898.0
950.0
976.0
898.0
924.0
924.0
898.0
898.0
768.0
508.0
382.0
348.0
270.0
244.0
244.0
218.0
218.0
222.0
222.0
222.0
222.0
222.0
352.0
638.0
898.0
950.0
976.0
898.0
950.0
924.0
924.0
872.0
794.0
508.0
404.0
352.0
304.0
252.0
249.0
226.0
228.0
202.0
228.0
228.0
228.0
223.0
379.0
665.0
925.0
953.0
1005.0
901.0
927.0
927.0
901.0
875.0
745.0
534.0
407.0
355.0
303.0
274.0
248.0
214.0
222.0
188.0
248.0
222.0
222.0
222.0
378.0
604.0
890.0
948.0
976.0
890.0
925.0
899.0
899.0
899.0
769.0
509.0
374.0
355.0
277.0
251.0
251.0
225.0
225.0
225.0
225.0
225.0
225.0
199.0
225.0
225.0
225.0
199.0
241.0
244.0
241.0
215.0
241.0
244.0
218.0
218.0
244.0
218.0
218.0
192.0
166.0
192.0
192.0
192.0
192.0
218.0
218.0
192.0
192.0
218.0
244.0
244.0
270.0
273.0
244.0
274.0
241.0
244.0
218.0
244.0
244.0
222.0
221.0
195.0
169.0
221.0
221.0
195.0
195.0
221.0
223.0
270.0
407.0
615.0
875.0
901.0
953.0
901.0
949.0
953.0
953.0
923.0
819.0
611.0
459.0
381.0
303.0
277.0
251.0
225.0
221.0
221.0
221.0
221.0
221.0
221.0
351.0
637.0
923.0
949.0
1001.0
923.0
949.0
924.0
924.0
898.0
794.0
534.0
430.0
380.0
300.0
250.0
250.0
224.0
218.0
218.0
222.0
222.0
222.0
222.0
378.0
634.0
898.0
950.0
976.0
898.0
950.0
923.0
949.0
923.0
793.0
533.0
429.0
344.0
273.0
240.0
240.0
224.0
221.0
221.0
195.0
221.0
221.0
221.0
377.0
637.0
923.0
949.0
1001.0
923.0
949.0
923.0
923.0
897.0
793.0
533.0
455.0
377.0
273.0
241.0
241.0
221.0
221.0
247.0
195.0
221.0
221.0
221.0
377.0
634.0
894.0
946.0
998.0
894.0
192.0
166.0
192.0
166.0
140.0
166.0
166.0
140.0
140.0
166.0
140.0
140.0
140.0
140.0
140.0
140.0
140.0
144.0
144.0
170.0
144.0
197.0
203.0
171.0
172.0
203.0
177.0
145.0
144.0
162.0
146.0
136.0
136.0
170.0
136.0
136.0
136.0
136.0
136.0
136.0
136.0
136.0
136.0
150.0
176.0
203.0
203.0
203.0
176.0
176.0
176.0
177.0
151.0
150.0
150.0
151.0
150.0
150.0
150.0
150.0
144.0
140.0
140.0
140.0
140.0
140.0
140.0
166.0
192.0
192.0
192.0
192.0
192.0
163.0
163.0
163.0
137.0
163.0
137.0
170.0
148.0
144.0
170.0
144.0
144.0
144.0
144.0
144.0
144.0
144.0
144.0
170.0
170.0
196.0
196.0
170.0
173.0
173.0
173.0
173.0
173.0
173.0
147.0
173.0
147.0
173.0
173.0
147.0
147.0
147.0
147.0
147.0
147.0
147.0
147.0
192.0
166.0
218.0
218.0
218.0
199.0
199.0
199.0
189.0
173.0
173.0
173.0
147.0
148.0
148.0
144.0
144.0
148.0
148.0
144.0
144.0
192.0
140.0
404.0
690.0
705.0
742.0
638.0
716.0
690.0
723.0
690.0
560.0
352.0
281.0
274.0
229.0
203.0
144.0
170.0
147.0
173.0
173.0
147.0
173.0
173.0
225.0
433.0
690.0
742.0
742.0
638.0
716.0
686.0
712.0
690.0
582.0
348.0
281.0
244.0
255.0
203.0
144.0
170.0
170.0
196.0
170.0
170.0
170.0
170.0
248.0
429.0
716.0
716.0
742.0
638.0
690.0
690.0
716.0
690.0
616.0
408.0
333.0
300.0
255.0
203.0
144.0
189.0
176.0
176.0
176.0
176.0
176.0
176.0
254.0
436.0
696.0
748.0
774.0
670.0
748.0
748.0
748.0
690.0
612.0
378.0
307.0
274.0
267.0
215.0
144.0
196.0
170.0
170.0
170.0
170.0
196.0
170.0
222.0
411.0
664.0
716.0
716.0
638.0
716.0
716.0
716.0
686.0
586.0
352.0
328.0
302.0
276.0
229.0
144.0
196.0
196.0
196.0
170.0
196.0
196.0
196.0
248.0
463.0
742.0
716.0
794.0
671.0
719.0
719.0
719.0
719.0
589.0
355.0
302.0
251.0
225.0
225.0
147.0
173.0
173.0
173.0
173.0
173.0
173.0
173.0
280.0
455.0
742.0
742.0
794.0
716.0
742.0
716.0
716.0
716.0
612.0
378.0
300.0
248.0
241.0
189.0
144.0
170.0
170.0
170.0
170.0
170.0
196.0
144.0
170.0
144.0
222.0
225.0
251.0
251.0
225.0
225.0
215.0
215.0
215.0
199.0
192.0
192.0
170.0
170.0
144.0
170.0
170.0
170.0
170.0
170.0
144.0
170.0
170.0
170.0
248.0
222.0
248.0
244.0
222.0
222.0
192.0
218.0
218.0
218.0
192.0
192.0
192.0
166.0
148.0
166.0
148.0
174.0
148.0
174.0
174.0
174.0
166.0
408.0
746.0
798.0
824.0
720.0
768.0
798.0
798.0
768.0
664.0
434.0
330.0
304.0
276.0
196.0
148.0
170.0
170.0
170.0
174.0
170.0
170.0
170.0
274.0
456.0
742.0
742.0
816.0
723.0
742.0
742.0
720.0
694.0
616.0
382.0
354.0
302.0
274.0
226.0
144.0
170.0
170.0
170.0
170.0
170.0
170.0
176.0
254.0
462.0
748.0
800.0
800.0
722.0
774.0
774.0
774.0
748.0
644.0
436.0
354.0
306.0
280.0
228.0
150.0
176.0
176.0
176.0
202.0
202.0
176.0
202.0
254.0
462.0
748.0
774.0
800.0
690.0
768.0
768.0
774.0
748.0
644.0
384.0
306.0
280.0
254.0
254.0
150.0
176.0
202.0
202.0
202.0
202.0
176.0
202.0
270.0
456.0
742.0
768.0
794.0
716.0
742.0
768.0
768.0
719.0
638.0
378.0
303.0
251.0
225.0
199.0
144.0
170.0
173.0
173.0
173.0
173.0
173.0
170.0
170.0
173.0
251.0
277.0
251.0
255.0
251.0
281.0
255.0
281.0
225.0
182.0
196.0
196.0
196.0
196.0
144.0
196.0
144.0
144.0
170.0
170.0
170.0
170.0
144.0
170.0
170.0
196.0
222.0
222.0
196.0
196.0
218.0
192.0
192.0
166.0
166.0
192.0
173.0
173.0
173.0
173.0
173.0
173.0
173.0
169.0
173.0
176.0
270.0
459.0
745.0
745.0
823.0
719.0
771.0
771.0
771.0
768.0
638.0
430.0
355.0
300.0
251.0
222.0
144.0
196.0
196.0
170.0
196.0
196.0
170.0
196.0
274.0
456.0
768.0
742.0
794.0
716.0
768.0
768.0
764.0
748.0
641.0
433.0
355.0
303.0
251.0
199.0
151.0
199.0
199.0
173.0
199.0
170.0
196.0
170.0
248.0
455.0
742.0
794.0
820.0
742.0
794.0
794.0
768.0
768.0
638.0
430.0
352.0
274.0
274.0
222.0
144.0
196.0
170.0
170.0
170.0
170.0
170.0
170.0
248.0
456.0
721.0
768.0
794.0
716.0
768.0
768.0
768.0
742.0
638.0
456.0
348.0
322.0
270.0
218.0
140.0
166.0
192.0
166.0
192.0
166.0
192.0
166.0
244.0
489.0
742.0
768.0
794.0
690.0
768.0
730.0
738.0
704.0
600.0
378.0
314.0
262.0
262.0
210.0
132.0
184.0
170.0
158.0
158.0
170.0
170.0
170.0
166.0
170.0
218.0
248.0
251.0
225.0
251.0
251.0
251.0
225.0
251.0
199.0
173.0
199.0
173.0
173.0
173.0
173.0
144.0
170.0
170.0
170.0
170.0
144.0
144.0
170.0
196.0
196.0
196.0
196.0
196.0
222.0
219.0
193.0
219.0
167.0
167.0
167.0
140.0
166.0
166.0
140.0
158.0
132.0
132.0
132.0
132.0
158.0
140.0
434.0
746.0
746.0
772.0
722.0
773.0
773.0
773.0
747.0
644.0
462.0
357.0
332.0
279.0
253.0
638.0
430.0
352.0
300.0
248.0
222.0
196.0
196.0
196.0
196.0
487.0
196.0
248.0
144.0
253.0
253.0
227.0
201.0
253.0
227.0
255.0
697.0
721.0
695.0
617.0
435.0
358.0
306.0
228.0
227.0
201.0
175.0
175.0
167.0
175.0
175.0
175.0
175.0
227.0
202.0
695.0
487.0
817.0
713.0
799.0
799.0
765.0
765.0
635.0
453.0
349.0
297.0
245.0
227.0
201.0
167.0
175.0
201.0
167.0
167.0
193.0
193.0
245.0
453.0
739.0
765.0
817.0
739.0
765.0
765.0
765.0
760.0
687.0
453.0
375.0
323.0
245.0
219.0
193.0
167.0
167.0
193.0
175.0
175.0
201.0
201.0
251.0
433.0
745.0
797.0
849.0
745.0
771.0
762.0
771.0
745.0
641.0
424.0
355.0
268.0
216.0
216.0
190.0
164.0
164.0
164.0
157.0
190.0
164.0
164.0
164.0
190.0
242.0
242.0
268.0
242.0
268.0
268.0
268.0
279.0
227.0
201.0
201.0
201.0
174.0
174.0
174.0
175.0
174.0
166.0
140.0
166.0
192.0
166.0
167.0
193.0
219.0
271.0
271.0
245.0
274.0
271.0
274.0
274.0
242.0
216.0
190.0
164.0
190.0
164.0
164.0
164.0
167.0
167.0
141.0
193.0
141.0
167.0
166.0
427.0
765.0
817.0
901.0
797.0
823.0
823.0
823.0
797.0
719.0
459.0
381.0
355.0
277.0
251.0
199.0
199.0
182.0
173.0
173.0
199.0
173.0
199.0
277.0
485.0
768.0
820.0
875.0
794.0
814.0
791.0
817.0
791.0
687.0
453.0
375.0
349.0
271.0
245.0
193.0
193.0
193.0
167.0
193.0
167.0
193.0
193.0
271.0
531.0
794.0
846.0
898.0
846.0
840.0
820.0
820.0
794.0
690.0
482.0
378.0
352.0
279.0
279.0
201.0
227.0
201.0
193.0
193.0
193.0
193.0
193.0
271.0
479.0
791.0
817.0
877.0
765.0
825.0
791.0
765.0
765.0
635.0
453.0
374.0
322.0
279.0
253.0
201.0
192.0
192.0
226.0
200.0
200.0
174.0
200.0
278.0
486.0
746.0
772.0
850.0
765.0
765.0
733.0
713.0
739.0
479.0
375.0
271.0
245.0
216.0
167.0
141.0
167.0
141.0
167.0
141.0
141.0
141.0
141.0
141.0
141.0
141.0
164.0
164.0
138.0
164.0
164.0
164.0
138.0
164.0
164.0
138.0
164.0
138.0
138.0
138.0
138.0
138.0
138.0
138.0
138.0
138.0
138.0
138.0
138.0
164.0
164.0
164.0
166.0
192.0
192.0
166.0
192.0
166.0
140.0
167.0
157.0
141.0
141.0
167.0
141.0
141.0
141.0
141.0
141.0
141.0
141.0
141.0
141.0
167.0
138.0
193.0
193.0
167.0
167.0
193.0
167.0
140.0
140.0
166.0
131.0
131.0
131.0
166.0
131.0
131.0
140.0
131.0
140.0
140.0
140.0
140.0
140.0
140.0
166.0
192.0
192.0
192.0
166.0
171.0
171.0
157.0
131.0
131.0
131.0
131.0
131.0
131.0
131.0
131.0
145.0
131.0
131.0
131.0
131.0
131.0
141.0
167.0
193.0
193.0
193.0
193.0
193.0
167.0
167.0
167.0
141.0
167.0
137.0
167.0
137.0
141.0
167.0
137.0
141.0
140.0
137.0
140.0
140.0
141.0
141.0
166.0
166.0
192.0
192.0
166.0
166.0
166.0
166.0
166.0
166.0
166.0
140.0
164.0
138.0
164.0
164.0
134.0
138.0
138.0
138.0
138.0
138.0
138.0
138.0
190.0
164.0
216.0
216.0
215.0
189.0
189.0
189.0
189.0
163.0
163.0
163.0
137.0
137.0
137.0
137.0
137.0
137.0
137.0
137.0
137.0
197.0
145.0
408.0
694.0
709.0
735.0
642.0
714.0
683.0
709.0
688.0
558.0
350.0
267.0
272.0
215.0
189.0
142.0
163.0
137.0
168.0
168.0
142.0
168.0
167.0
219.0
428.0
687.0
739.0
739.0
635.0
713.0
687.0
713.0
687.0
583.0
349.0
271.0
245.0
245.0
193.0
141.0
167.0
163.0
193.0
167.0
167.0
167.0
167.0
246.0
428.0
714.0
714.0
740.0
636.0
688.0
688.0
714.0
688.0
610.0
402.0
324.0
298.0
242.0
194.0
138.0
194.0
168.0
168.0
168.0
173.0
173.0
173.0
251.0
428.0
693.0
745.0
771.0
667.0
740.0
740.0
740.0
688.0
610.0
376.0
298.0
272.0
279.0
227.0
142.0
194.0
175.0
168.0
168.0
168.0
194.0
168.0
220.0
402.0
662.0
714.0
714.0
636.0
714.0
714.0
714.0
688.0
584.0
350.0
324.0
298.0
267.0
215.0
137.0
194.0
194.0
194.0
168.0
194.0
194.0
194.0
246.0
454.0
740.0
714.0
792.0
662.0
714.0
714.0
714.0
714.0
584.0
350.0
298.0
246.0
220.0
220.0
149.0
168.0
168.0
168.0
168.0
168.0
168.0
168.0
272.0
454.0
740.0
740.0
792.0
714.0
740.0
714.0
714.0
714.0
610.0
376.0
298.0
246.0
246.0
194.0
146.0
168.0
168.0
168.0
168.0
168.0
194.0
142.0
168.0
142.0
220.0
220.0
255.0
250.0
220.0
220.0
224.0
224.0
224.0
198.0
194.0
194.0
168.0
168.0
146.0
168.0
168.0
179.0
168.0
168.0
142.0
168.0
168.0
168.0
249.0
220.0
246.0
246.0
220.0
220.0
194.0
220.0
220.0
220.0
194.0
194.0
194.0
168.0
142.0
168.0
142.0
168.0
142.0
168.0
168.0
168.0
171.0
402.0
740.0
799.0
818.0
714.0
766.0
792.0
792.0
775.0
662.0
428.0
324.0
305.0
272.0
194.0
149.0
168.0
168.0
168.0
168.0
168.0
168.0
168.0
272.0
453.0
740.0
740.0
827.0
714.0
740.0
740.0
714.0
688.0
610.0
376.0
350.0
298.0
272.0
220.0
142.0
168.0
168.0
168.0
168.0
168.0
168.0
168.0
246.0
459.0
740.0
792.0
792.0
714.0
766.0
766.0
766.0
740.0
636.0
428.0
350.0
296.0
272.0
220.0
142.0
168.0
168.0
168.0
194.0
194.0
166.0
196.0
248.0
459.0
742.0
768.0
794.0
690.0
764.0
764.0
764.0
742.0
634.0
374.0
296.0
270.0
244.0
244.0
140.0
166.0
192.0
192.0
192.0
192.0
166.0
192.0
270.0
461.0
738.0
764.0
790.0
712.0
738.0
764.0
764.0
712.0
634.0
374.0
296.0
244.0
218.0
192.0
140.0
166.0
166.0
166.0
166.0
166.0
166.0
173.0
173.0
163.0
251.0
277.0
241.0
241.0
241.0
267.0
241.0
267.0
215.0
199.0
199.0
199.0
199.0
199.0
137.0
199.0
140.0
140.0
173.0
166.0
166.0
166.0
140.0
166.0
166.0
192.0
218.0
218.0
192.0
192.0
218.0
192.0
192.0
166.0
166.0
192.0
166.0
166.0
166.0
166.0
166.0
166.0
166.0
166.0
166.0
166.0
269.0
452.0
738.0
738.0
816.0
712.0
764.0
764.0
764.0
764.0
634.0
426.0
348.0
296.0
244.0
218.0
140.0
192.0
192.0
166.0
194.0
194.0
168.0
194.0
272.0
462.0
768.0
742.0
794.0
716.0
768.0
768.0
768.0
742.0
638.0
430.0
352.0
300.0
248.0
191.0
139.0
194.0
194.0
168.0
194.0
176.0
194.0
168.0
246.0
459.0
740.0
792.0
818.0
740.0
792.0
792.0
766.0
766.0
636.0
428.0
350.0
272.0
270.0
218.0
139.0
192.0
166.0
166.0
166.0
166.0
166.0
166.0
244.0
450.0
712.0
764.0
790.0
712.0
760.0
760.0
760.0
734.0
630.0
448.0
344.0
318.0
269.0
214.0
136.0
162.0
188.0
162.0
188.0
162.0
188.0
162.0
240.0
477.0
734.0
760.0
786.0
682.0
760.0
734.0
734.0
708.0
604.0
370.0
318.0
266.0
266.0
217.0
139.0
188.0
166.0
166.0
166.0
166.0
166.0
166.0
166.0
166.0
218.0
244.0
244.0
218.0
244.0
244.0
244.0
218.0
244.0
192.0
166.0
192.0
166.0
166.0
166.0
166.0
140.0
179.0
166.0
166.0
166.0
140.0
140.0
166.0
192.0
192.0
192.0
192.0
192.0
218.0
218.0
192.0
214.0
162.0
162.0
162.0
146.0
165.0
172.0
146.0
172.0
146.0
146.0
146.0
146.0
172.0
139.0
432.0
354.0
666.0
958.0
978.0
1004.0
900.0
953.0
953.0
927.0
927.0
797.0
537.0
442.0
381.0
303.0
244.0
218.0
244.0
218.0
218.0
218.0
218.0
218.0
218.0
348.0
624.0
921.0
936.0
999.0
895.0
947.0
921.0
921.0
921.0
791.0
557.0
401.0
349.0
296.0
218.0
218.0
208.0
234.0
208.0
208.0
182.0
208.0
182.0
182.0
217.0
234.0
286.0
260.0
234.0
260.0
260.0
260.0
277.0
225.0
277.0
225.0
208.0
208.0
208.0
156.0
208.0
182.0
225.0
225.0
217.0
217.0
191.0
217.0
217.0
244.0
244.0
244.0
270.0
270.0
244.0
244.0
270.0
244.0
270.0
244.0
218.0
218.0
218.0
166.0
218.0
218.0
218.0
218.0
218.0
217.0
217.0
326.0
608.0
927.0
1005.0
1024.0
910.0
936.0
936.0
936.0
936.0
780.0
572.0
442.0
355.0
303.0
277.0
225.0
251.0
251.0
251.0
251.0
251.0
225.0
225.0
381.0
667.0
953.0
979.0
1005.0
927.0
962.0
953.0
927.0
927.0
780.0
520.0
416.0
355.0
303.0
277.0
277.0
251.0
251.0
251.0
225.0
251.0
251.0
225.0
381.0
667.0
927.0
953.0
1005.0
901.0
953.0
953.0
927.0
901.0
823.0
563.0
459.0
381.0
329.0
277.0
277.0
251.0
251.0
251.0
225.0
251.0
251.0
225.0
355.0
589.0
927.0
960.0
953.0
901.0
927.0
901.0
901.0
901.0
797.0
563.0
459.0
355.0
329.0
251.0
277.0
251.0
251.0
225.0
251.0
225.0
225.0
251.0
355.0
615.0
875.0
927.0
953.0
849.0
901.0
901.0
875.0
875.0
745.0
537.0
407.0
355.0
270.0
244.0
270.0
218.0
225.0
225.0
199.0
225.0
225.0
225.0
199.0
220.0
225.0
225.0
251.0
251.0
251.0
251.0
277.0
251.0
251.0
244.0
218.0
251.0
218.0
218.0
166.0
218.0
192.0
218.0
192.0
218.0
218.0
218.0
192.0
218.0
218.0
218.0
244.0
244.0
244.0
244.0
244.0
244.0
244.0
244.0
218.0
244.0
218.0
214.0
162.0
214.0
240.0
214.0
244.0
218.0
218.0
192.0
196.0
582.0
894.0
920.0
972.0
927.0
953.0
953.0
953.0
927.0
797.0
537.0
485.0
407.0
329.0
277.0
277.0
251.0
258.0
251.0
251.0
251.0
225.0
251.0
355.0
589.0
901.0
953.0
979.0
901.0
927.0
927.0
901.0
901.0
771.0
563.0
433.0
381.0
303.0
277.0
277.0
251.0
246.0
220.0
246.0
220.0
246.0
220.0
350.0
584.0
870.0
883.0
946.0
894.0
894.0
894.0
894.0
868.0
764.0
530.0
400.0
348.0
296.0
270.0
244.0
244.0
244.0
218.0
244.0
244.0
218.0
244.0
348.0
582.0
894.0
920.0
946.0
868.0
894.0
894.0
894.0
868.0
764.0
504.0
400.0
348.0
299.0
270.0
244.0
244.0
244.0
218.0
218.0
218.0
218.0
218.0
348.0
556.0
894.0
927.0
953.0
875.0
901.0
901.0
901.0
894.0
764.0
537.0
400.0
348.0
296.0
270.0
244.0
218.0
218.0
218.0
192.0
218.0
218.0
218.0
192.0
218.0
244.0
218.0
244.0
244.0
218.0
244.0
244.0
244.0
244.0
244.0
218.0
244.0
218.0
218.0
166.0
218.0
218.0
219.0
192.0
192.0
192.0
218.0
192.0
218.0
218.0
251.0
277.0
251.0
251.0
269.0
217.0
243.0
243.0
217.0
217.0
243.0
220.0
220.0
165.0
220.0
217.0
191.0
217.0
191.0
217.0
217.0
196.0
581.0
922.0
974.0
971.0
919.0
948.0
948.0
922.0
920.0
797.0
563.0
433.0
329.0
269.0
243.0
243.0
217.0
225.0
225.0
225.0
217.0
191.0
251.0
329.0
641.0
901.0
953.0
953.0
875.0
927.0
927.0
901.0
901.0
771.0
511.0
433.0
348.0
296.0
244.0
244.0
218.0
244.0
244.0
244.0
218.0
244.0
270.0
348.0
374.0
894.0
920.0
946.0
868.0
894.0
894.0
868.0
868.0
738.0
504.0
374.0
374.0
322.0
244.0
270.0
218.0
244.0
218.0
244.0
244.0
218.0
244.0
322.0
608.0
868.0
894.0
927.0
875.0
901.0
875.0
901.0
875.0
771.0
537.0
442.0
370.0
318.0
240.0
269.0
240.0
214.0
214.0
217.0
240.0
244.0
218.0
381.0
608.0
901.0
927.0
953.0
901.0
901.0
901.0
901.0
875.0
771.0
537.0
396.0
344.0
318.0
266.0
266.0
214.0
199.0
219.0
219.0
219.0
219.0
219.0
191.0
243.0
251.0
251.0
251.0
269.0
277.0
269.0
269.0
243.0
243.0
217.0
243.0
217.0
217.0
191.0
165.0
181.0
181.0
181.0
181.0
181.0
181.0
181.0
181.0
207.0
207.0
233.0
233.0
233.0
233.0
259.0
207.0
233.0
233.0
233.0
243.0
217.0
225.0
225.0
165.0
199.0
199.0
225.0
199.0
199.0
199.0
173.0
196.0
589.0
901.0
927.0
979.0
875.0
927.0
923.0
927.0
901.0
797.0
537.0
485.0
381.0
329.0
277.0
277.0
212.0
225.0
212.0
186.0
225.0
186.0
225.0
329.0
563.0
875.0
901.0
901.0
849.0
901.0
875.0
875.0
901.0
771.0
537.0
433.0
349.0
297.0
249.0
275.0
233.0
233.0
207.0
207.0
207.0
207.0
207.0
329.0
563.0
851.0
875.0
901.0
823.0
901.0
875.0
901.0
875.0
764.0
530.0
452.0
374.0
322.0
270.0
270.0
244.0
244.0
218.0
218.0
218.0
218.0
244.0
322.0
556.0
842.0
896.0
922.0
844.0
896.0
896.0
896.0
870.0
766.0
558.0
454.0
376.0
298.0
270.0
270.0
217.0
244.0
218.0
218.0
218.0
192.0
218.0
338.0
546.0
858.0
868.0
884.0
816.0
894.0
868.0
832.0
832.0
712.0
494.0
400.0
348.0
270.0
218.0
270.0
192.0
192.0
218.0
218.0
192.0
192.0
197.0
197.0
191.0
223.0
223.0
249.0
223.0
223.0
243.0
243.0
243.0
275.0
249.0
249.0
223.0
197.0
171.0
171.0
197.0
223.0
197.0
223.0
197.0
197.0
171.0
197.0
197.0
223.0
223.0
197.0
223.0
223.0
223.0
197.0
223.0
223.0
197.0
223.0
223.0
206.0
197.0
171.0
197.0
197.0
197.0
197.0
197.0
171.0
197.0
197.0
197.0
223.0
223.0
223.0
249.0
249.0
249.0
249.0
249.0
223.0
223.0
223.0
223.0
223.0
197.0
171.0
197.0
197.0
197.0
197.0
197.0
197.0
197.0
196.0
587.0
899.0
951.0
951.0
899.0
925.0
951.0
899.0
899.0
797.0
537.0
459.0
353.0
275.0
249.0
277.0
199.0
225.0
223.0
225.0
225.0
199.0
199.0
329.0
615.0
875.0
901.0
927.0
849.0
884.0
901.0
885.0
901.0
745.0
563.0
459.0
348.0
296.0
244.0
270.0
192.0
218.0
192.0
218.0
199.0
225.0
225.0
355.0
563.0
875.0
875.0
946.0
842.0
875.0
875.0
875.0
901.0
745.0
530.0
400.0
348.0
296.0
270.0
270.0
218.0
244.0
192.0
218.0
223.0
197.0
223.0
327.0
589.0
821.0
873.0
901.0
821.0
858.0
806.0
832.0
806.0
702.0
468.0
381.0
329.0
245.0
217.0
271.0
173.0
193.0
193.0
167.0
200.0
200.0
199.0
167.0
219.0
251.0
219.0
245.0
193.0
245.0
245.0
219.0
193.0
245.0
219.0
193.0
200.0
192.0
166.0
166.0
166.0
192.0
166.0
200.0
200.0
200.0
166.0
200.0
226.0
218.0
218.0
218.0
218.0
244.0
197.0
223.0
223.0
197.0
223.0
223.0
223.0
226.0
197.0
171.0
197.0
197.0
197.0
197.0
171.0
200.0
200.0
197.0
590.0
850.0
870.0
870.0
818.0
844.0
844.0
870.0
844.0
688.0
480.0
376.0
324.0
272.0
246.0
246.0
194.0
220.0
220.0
220.0
194.0
194.0
220.0
350.0
584.0
818.0
896.0
922.0
844.0
870.0
884.0
858.0
832.0
754.0
468.0
454.0
364.0
298.0
246.0
272.0
246.0
192.0
218.0
218.0
218.0
192.0
244.0
329.0
563.0
823.0
868.0
901.0
816.0
875.0
849.0
849.0
875.0
719.0
511.0
381.0
381.0
277.0
243.0
165.0
199.0
225.0
191.0
191.0
191.0
191.0
191.0
217.0
217.0
165.0
217.0
155.0
165.0
191.0
165.0
191.0
165.0
165.0
165.0
165.0
191.0
191.0
217.0
217.0
243.0
243.0
217.0
243.0
243.0
243.0
217.0
217.0
191.0
191.0
191.0
191.0
165.0
165.0
191.0
191.0
165.0
165.0
199.0
199.0
199.0
173.0
199.0
192.0
251.0
251.0
218.0
218.0
192.0
192.0
191.0
218.0
218.0
192.0
166.0
192.0
166.0
166.0
166.0
192.0
192.0
166.0
166.0
164.0
164.0
190.0
164.0
190.0
225.0
216.0
190.0
190.0
216.0
216.0
190.0
190.0
190.0
216.0
190.0
176.0
164.0
190.0
164.0
190.0
190.0
190.0
166.0
192.0
165.0
608.0
868.0
868.0
946.0
868.0
894.0
868.0
894.0
868.0
740.0
452.0
376.0
298.0
272.0
246.0
246.0
220.0
220.0
220.0
220.0
194.0
220.0
246.0
350.0
603.0
844.0
896.0
948.0
844.0
896.0
870.0
896.0
870.0
740.0
532.0
402.0
350.0
272.0
272.0
246.0
220.0
220.0
220.0
240.0
214.0
251.0
240.0
329.0
578.0
849.0
875.0
901.0
849.0
875.0
849.0
849.0
849.0
719.0
459.0
381.0
329.0
270.0
270.0
244.0
218.0
192.0
218.0
218.0
192.0
192.0
192.0
196.0
196.0
222.0
248.0
274.0
269.0
243.0
217.0
269.0
243.0
269.0
243.0
243.0
243.0
217.0
191.0
217.0
217.0
191.0
217.0
191.0
191.0
197.0
197.0
196.0
587.0
899.0
899.0
951.0
873.0
925.0
925.0
899.0
899.0
795.0
561.0
457.0
373.0
321.0
269.0
243.0
243.0
243.0
217.0
217.0
199.0
199.0
225.0
329.0
563.0
849.0
896.0
896.0
818.0
870.0
870.0
870.0
844.0
766.0
506.0
428.0
350.0
298.0
272.0
246.0
220.0
220.0
220.0
220.0
220.0
194.0
220.0
324.0
589.0
844.0
884.0
936.0
806.0
884.0
884.0
884.0
858.0
754.0
494.0
431.0
379.0
301.0
275.0
275.0
244.0
223.0
223.0
223.0
223.0
197.0
223.0
329.0
563.0
875.0
901.0
927.0
849.0
901.0
875.0
875.0
849.0
771.0
537.0
407.0
353.0
301.0
277.0
243.0
217.0
217.0
217.0
225.0
225.0
225.0
225.0
312.0
563.0
849.0
875.0
901.0
849.0
823.0
849.0
823.0
823.0
719.0
511.0
381.0
321.0
269.0
243.0
243.0
243.0
217.0
191.0
191.0
225.0
191.0
192.0
191.0
217.0
218.0
217.0
244.0
270.0
244.0
244.0
274.0
248.0
270.0
248.0
248.0
222.0
248.0
222.0
222.0
196.0
222.0
222.0
196.0
196.0
196.0
196.0
197.0
196.0
222.0
223.0
248.0
275.0
248.0
248.0
222.0
248.0
222.0
222.0
222.0
196.0
222.0
222.0
222.0
222.0
196.0
196.0
196.0
220.0
170.0
194.0
197.0
584.0
844.0
922.0
948.0
870.0
897.0
896.0
870.0
870.0
766.0
480.0
376.0
352.0
274.0
248.0
248.0
222.0
222.0
196.0
222.0
196.0
222.0
222.0
352.0
560.0
846.0
924.0
950.0
872.0
898.0
898.0
894.0
868.0
764.0
508.0
404.0
352.0
274.0
248.0
248.0
222.0
222.0
222.0
222.0
222.0
222.0
222.0
378.0
586.0
872.0
924.0
950.0
872.0
898.0
898.0
898.0
872.0
771.0
508.0
409.0
331.0
267.0
253.0
253.0
253.0
253.0
207.0
227.0
223.0
223.0
223.0
353.0
561.0
873.0
899.0
951.0
851.0
903.0
903.0
903.0
877.0
773.0
487.0
409.0
357.0
305.0
279.0
253.0
227.0
253.0
227.0
227.0
227.0
201.0
227.0
331.0
565.0
851.0
903.0
955.0
825.0
903.0
868.0
875.0
875.0
745.0
511.0
381.0
348.0
243.0
217.0
243.0
217.0
165.0
217.0
191.0
191.0
191.0
186.0
191.0
217.0
243.0
269.0
253.0
279.0
253.0
253.0
253.0
227.0
253.0
227.0
212.0
194.0
194.0
220.0
220.0
220.0
194.0
168.0
194.0
220.0
194.0
194.0
194.0
220.0
246.0
246.0
246.0
246.0
246.0
246.0
222.0
248.0
222.0
222.0
222.0
222.0
196.0
194.0
220.0
196.0
196.0
170.0
194.0
196.0
196.0
196.0
196.0
586.0
872.0
872.0
950.0
875.0
898.0
901.0
901.0
927.0
771.0
563.0
430.0
378.0
274.0
248.0
248.0
196.0
196.0
222.0
196.0
222.0
196.0
222.0
329.0
612.0
901.0
898.0
927.0
875.0
873.0
899.0
862.0
888.0
784.0
550.0
446.0
342.0
264.0
238.0
238.0
186.0
212.0
212.0
186.0
212.0
218.0
192.0
348.0
608.0
816.0
868.0
894.0
816.0
868.0
894.0
868.0
842.0
797.0
511.0
459.0
355.0
295.0
243.0
243.0
217.0
217.0
219.0
193.0
251.0
225.0
251.0
350.0
558.0
870.0
896.0
948.0
870.0
896.0
896.0
896.0
870.0
766.0
532.0
402.0
376.0
298.0
272.0
271.0
251.0
219.0
223.0
186.0
212.0
212.0
212.0
316.0
550.0
836.0
888.0
888.0
836.0
862.0
888.0
899.0
873.0
769.0
535.0
405.0
327.0
301.0
275.0
275.0
223.0
223.0
197.0
223.0
219.0
197.0
199.0
193.0
219.0
271.0
245.0
245.0
245.0
245.0
238.0
238.0
238.0
238.0
238.0
212.0
212.0
212.0
212.0
212.0
212.0
212.0
186.0
212.0
212.0
191.0
197.0
197.0
223.0
275.0
243.0
243.0
243.0
269.0
243.0
269.0
269.0
243.0
243.0
245.0
219.0
219.0
219.0
219.0
186.0
186.0
186.0
186.0
160.0
186.0
186.0
196.0
576.0
908.0
888.0
914.0
836.0
862.0
862.0
888.0
862.0
758.0
537.0
427.0
375.0
297.0
245.0
271.0
219.0
219.0
193.0
219.0
219.0
222.0
196.0
326.0
560.0
846.0
872.0
950.0
820.0
875.0
898.0
872.0
872.0
768.0
534.0
456.0
378.0
300.0
248.0
274.0
222.0
248.0
222.0
222.0
196.0
220.0
196.0
350.0
586.0
846.0
870.0
948.0
844.0
870.0
896.0
875.0
870.0
797.0
537.0
433.0
381.0
295.0
269.0
269.0
238.0
212.0
212.0
212.0
212.0
212.0
212.0
342.0
602.0
836.0
862.0
940.0
831.0
888.0
888.0
888.0
888.0
758.0
550.0
457.0
379.0
301.0
249.0
275.0
223.0
223.0
223.0
223.0
197.0
197.0
223.0
353.0
587.0
899.0
899.0
951.0
847.0
899.0
899.0
899.0
873.0
769.0
535.0
405.0
327.0
245.0
219.0
271.0
193.0
219.0
223.0
197.0
197.0
197.0
186.0
160.0
217.0
238.0
264.0
238.0
243.0
264.0
264.0
264.0
300.0
300.0
264.0
238.0
212.0
227.0
227.0
227.0
218.0
218.0
218.0
192.0
192.0
192.0
192.0
192.0
218.0
270.0
279.0
271.0
305.0
305.0
331.0
331.0
305.0
305.0
253.0
219.0
216.0
190.0
190.0
216.0
216.0
164.0
190.0
164.0
190.0
190.0
190.0
204.0
554.0
840.0
892.0
918.0
840.0
892.0
922.0
896.0
870.0
766.0
558.0
454.0
350.0
324.0
257.0
253.0
227.0
231.0
231.0
231.0
231.0
231.0
231.0
335.0
569.0
907.0
907.0
959.0
829.0
907.0
907.0
881.0
907.0
777.0
534.0
450.0
346.0
268.0
242.0
242.0
216.0
190.0
216.0
231.0
231.0
231.0
226.0
361.0
569.0
855.0
907.0
933.0
829.0
881.0
907.0
881.0
866.0
762.0
554.0
450.0
372.0
268.0
242.0
242.0
216.0
242.0
216.0
216.0
216.0
216.0
216.0
372.0
580.0
866.0
892.0
944.0
840.0
918.0
892.0
892.0
892.0
788.0
528.0
424.0
372.0
268.0
268.0
242.0
216.0
242.0
242.0
242.0
216.0
193.0
219.0
349.0
557.0
895.0
896.0
953.0
849.0
896.0
896.0
896.0
844.0
740.0
532.0
402.0
346.0
268.0
245.0
245.0
219.0
219.0
220.0
220.0
220.0
194.0
194.0
245.0
271.0
297.0
297.0
349.0
297.0
323.0
333.0
323.0
274.0
271.0
219.0
249.0
249.0
216.0
190.0
216.0
216.0
190.0
762.0
535.0
398.0
346.0
268.0
242.0
216.0
197.0
231.0
231.0
231.0
231.0
231.0
231.0
205.0
257.0
309.0
331.0
305.0
279.0
331.0
305.0
300.0
300.0
279.0
253.0
253.0
253.0
227.0
227.0
163.0
201.0
216.0
201.0
227.0
227.0
227.0
191.0
201.0
253.0
253.0
279.0
279.0
279.0
279.0
279.0
279.0
253.0
269.0
243.0
217.0
217.0
191.0
191.0
165.0
217.0
191.0
191.0
191.0
217.0
191.0
217.0
347.0
633.0
922.0
948.0
974.0
896.0
922.0
896.0
896.0
867.0
711.0
451.0
373.0
295.0
243.0
217.0
217.0
191.0
191.0
191.0
191.0
191.0
191.0
217.0
347.0
633.0
893.0
945.0
971.0
867.0
893.0
919.0
893.0
867.0
736.0
450.0
372.0
320.0
243.0
242.0
216.0
216.0
190.0
190.0
216.0
190.0
190.0
216.0
346.0
632.0
866.0
918.0
944.0
814.0
892.0
892.0
892.0
840.0
710.0
450.0
372.0
320.0
269.0
243.0
217.0
190.0
217.0
191.0
217.0
191.0
191.0
216.0
353.0
639.0
847.0
899.0
925.0
821.0
847.0
873.0
847.0
847.0
717.0
457.0
379.0
275.0
268.0
197.0
216.0
197.0
190.0
190.0
197.0
197.0
190.0
190.0
190.0
219.0
242.0
245.0
271.0
245.0
245.0
271.0
245.0
245.0
245.0
219.0
219.0
193.0
219.0
193.0
168.0
194.0
190.0
190.0
190.0
164.0
194.0
197.0
168.0
190.0
242.0
216.0
216.0
242.0
219.0
245.0
219.0
245.0
245.0
219.0
193.0
219.0
194.0
194.0
168.0
194.0
194.0
194.0
194.0
194.0
190.0
190.0
204.0
632.0
884.0
918.0
948.0
866.0
922.0
922.0
892.0
892.0
736.0
554.0
398.0
320.0
268.0
242.0
216.0
190.0
190.0
190.0
190.0
190.0
190.0
216.0
372.0
606.0
866.0
918.0
944.0
840.0
866.0
866.0
840.0
840.0
710.0
450.0
320.0
294.0
268.0
216.0
216.0
216.0
190.0
190.0
216.0
190.0
190.0
216.0
353.0
665.0
899.0
927.0
953.0
847.0
892.0
901.0
901.0
875.0
719.0
459.0
381.0
353.0
275.0
249.0
223.0
197.0
223.0
197.0
223.0
197.0
197.0
223.0
353.0
639.0
899.0
925.0
951.0
899.0
925.0
922.0
896.0
896.0
740.0
506.0
428.0
337.0
259.0
207.0
207.0
194.0
194.0
194.0
194.0
220.0
194.0
220.0
350.0
636.0
896.0
922.0
922.0
844.0
896.0
870.0
870.0
870.0
714.0
506.0
379.0
327.0
249.0
223.0
223.0
190.0
190.0
190.0
190.0
190.0
190.0
164.0
190.0
190.0
268.0
242.0
269.0
269.0
301.0
301.0
301.0
301.0
249.0
223.0
223.0
223.0
223.0
197.0
171.0
190.0
190.0
190.0
190.0
190.0
190.0
191.0
190.0
191.0
242.0
242.0
242.0
245.0
245.0
246.0
246.0
246.0
246.0
220.0
209.0
220.0
194.0
194.0
168.0
194.0
194.0
190.0
190.0
190.0
190.0
190.0
197.0
639.0
899.0
925.0
977.0
873.0
925.0
925.0
925.0
899.0
717.0
459.0
405.0
301.0
249.0
249.0
223.0
197.0
223.0
223.0
223.0
197.0
223.0
223.0
346.0
632.0
901.0
892.0
944.0
840.0
892.0
892.0
866.0
875.0
745.0
537.0
428.0
350.0
272.0
246.0
220.0
220.0
194.0
220.0
220.0
220.0
194.0
220.0
324.0
636.0
844.0
896.0
922.0
818.0
896.0
896.0
870.0
844.0
740.0
503.0
373.0
321.0
269.0
269.0
217.0
217.0
191.0
217.0
217.0
191.0
191.0
217.0
347.0
607.0
867.0
893.0
919.0
841.0
867.0
851.0
877.0
877.0
721.0
461.0
383.0
331.0
279.0
253.0
227.0
223.0
197.0
222.0
197.0
197.0
190.0
216.0
346.0
606.0
840.0
866.0
918.0
814.0
866.0
866.0
840.0
840.0
710.0
450.0
372.0
320.0
269.0
243.0
217.0
217.0
217.0
217.0
191.0
217.0
191.0
191.0
191.0
217.0
269.0
295.0
295.0
295.0
295.0
295.0
332.0
295.0
243.0
243.0
217.0
217.0
217.0
190.0
164.0
190.0
190.0
190.0
190.0
190.0
188.0
165.0
165.0
207.0
233.0
233.0
233.0
233.0
233.0
259.0
233.0
233.0
233.0
233.0
207.0
207.0
217.0
191.0
165.0
217.0
217.0
191.0
191.0
190.0
190.0
216.0
334.0
576.0
840.0
892.0
892.0
840.0
866.0
892.0
892.0
866.0
762.0
528.0
375.0
349.0
271.0
245.0
219.0
217.0
191.0
191.0
191.0
191.0
191.0
217.0
321.0
633.0
841.0
893.0
945.0
815.0
893.0
893.0
893.0
867.0
737.0
454.0
347.0
295.0
269.0
217.0
217.0
217.0
191.0
165.0
191.0
191.0
191.0
217.0
355.0
589.0
875.0
919.0
944.0
814.0
892.0
866.0
892.0
866.0
736.0
450.0
346.0
320.0
268.0
216.0
190.0
216.0
190.0
190.0
190.0
194.0
194.0
194.0
324.0
558.0
844.0
870.0
922.0
818.0
870.0
870.0
870.0
870.0
714.0
506.0
376.0
324.0
272.0
220.0
168.0
220.0
194.0
194.0
194.0
194.0
194.0
194.0
350.0
584.0
844.0
896.0
922.0
818.0
870.0
844.0
870.0
840.0
710.0
454.0
376.0
298.0
246.0
220.0
168.0
194.0
194.0
194.0
168.0
194.0
168.0
168.0
165.0
191.0
269.0
269.0
269.0
243.0
295.0
269.0
269.0
269.0
243.0
191.0
165.0
191.0
179.0
205.0
179.0
179.0
197.0
171.0
171.0
171.0
145.0
171.0
171.0
197.0
249.0
275.0
275.0
249.0
275.0
270.0
270.0
270.0
244.0
218.0
192.0
218.0
192.0
192.0
165.0
165.0
191.0
139.0
165.0
165.0
191.0
165.0
178.0
503.0
841.0
815.0
867.0
789.0
841.0
815.0
815.0
815.0
685.0
446.0
373.0
321.0
243.0
243.0
165.0
191.0
165.0
191.0
165.0
165.0
165.0
191.0
269.0
503.0
789.0
841.0
841.0
737.0
815.0
789.0
817.0
790.0
659.0
451.0
347.0
321.0
269.0
243.0
165.0
191.0
165.0
165.0
191.0
165.0
191.0
165.0
295.0
529.0
789.0
815.0
843.0
736.0
814.0
814.0
788.0
788.0
658.0
424.0
346.0
297.0
245.0
245.0
164.0
167.0
167.0
167.0
167.0
167.0
167.0
193.0
271.0
505.0
797.0
843.0
843.0
739.0
821.0
817.0
795.0
795.0
685.0
451.0
347.0
297.0
271.0
243.0
171.0
191.0
171.0
191.0
191.0
165.0
165.0
191.0
269.0
503.0
784.0
784.0
841.0
743.0
795.0
795.0
769.0
769.0
639.0
457.0
327.0
275.0
207.0
197.0
171.0
168.0
168.0
168.0
168.0
168.0
168.0
142.0
168.0
168.0
194.0
194.0
183.0
183.0
209.0
183.0
209.0
183.0
183.0
157.0
183.0
183.0
157.0
157.0
157.0
157.0
157.0
157.0
157.0
131.0
165.0
131.0
157.0
157.0
157.0
157.0
183.0
171.0
171.0
197.0
197.0
197.0
197.0
173.0
197.0
171.0
171.0
167.0
165.0
165.0
165.0
141.0
165.0
165.0
139.0
165.0
165.0
139.0
168.0
194.0
194.0
194.0
194.0
190.0
190.0
190.0
190.0
190.0
190.0
190.0
164.0
164.0
164.0
164.0
164.0
164.0
164.0
164.0
164.0
164.0
165.0
425.0
625.0
807.0
807.0
703.0
815.0
789.0
781.0
763.0
651.0
443.0
339.0
287.0
209.0
209.0
157.0
183.0
157.0
191.0
165.0
165.0
165.0
165.0
269.0
529.0
763.0
815.0
841.0
737.0
810.0
784.0
784.0
758.0
651.0
443.0
328.0
313.0
235.0
209.0
157.0
183.0
183.0
183.0
157.0
157.0
157.0
157.0
261.0
509.0
795.0
821.0
841.0
737.0
821.0
789.0
789.0
769.0
639.0
457.0
347.0
269.0
243.0
223.0
171.0
171.0
197.0
171.0
197.0
171.0
171.0
197.0
301.0
509.0
717.0
769.0
795.0
717.0
769.0
743.0
743.0
717.0
613.0
457.0
353.0
249.0
219.0
191.0
165.0
165.0
165.0
165.0
165.0
165.0
165.0
165.0
165.0
165.0
165.0
165.0
197.0
275.0
509.0
789.0
763.0
847.0
743.0
821.0
769.0
794.0
769.0
612.0
456.0
326.0
296.0
274.0
248.0
222.0
196.0
196.0
170.0
170.0
191.0
164.0
190.0
294.0
528.0
814.0
242.0
867.0
762.0
853.0
814.0
788.0
788.0
658.0
450.0
372.0
320.0
242.0
216.0
216.0
190.0
190.0
164.0
190.0
164.0
194.0
194.0
300.0
514.0
818.0
818.0
896.0
792.0
844.0
818.0
818.0
792.0
662.0
402.0
324.0
259.0
207.0
194.0
220.0
181.0
194.0
168.0
165.0
191.0
165.0
191.0
165.0
191.0
295.0
295.0
321.0
269.0
295.0
295.0
295.0
295.0
295.0
217.0
217.0
191.0
191.0
194.0
168.0
194.0
197.0
171.0
197.0
197.0
171.0
191.0
197.0
223.0
275.0
301.0
327.0
275.0
297.0
327.0
296.0
296.0
270.0
244.0
218.0
218.0
192.0
192.0
166.0
192.0
192.0
167.0
192.0
175.0
190.0
192.0
308.0
528.0
814.0
814.0
894.0
816.0
842.0
842.0
842.0
790.0
660.0
452.0
374.0
296.0
218.0
223.0
223.0
197.0
197.0
171.0
197.0
171.0
197.0
223.0
301.0
535.0
821.0
821.0
873.0
769.0
821.0
847.0
821.0
795.0
691.0
457.0
379.0
327.0
249.0
220.0
220.0
194.0
197.0
197.0
197.0
197.0
197.0
197.0
275.0
509.0
736.0
762.0
840.0
788.0
800.0
800.0
774.0
774.0
618.0
436.0
332.0
280.0
228.0
228.0
176.0
202.0
201.0
202.0
202.0
202.0
176.0
196.0
306.0
488.0
696.0
774.0
748.0
774.0
722.0
748.0
714.0
714.0
610.0
454.0
350.0
324.0
272.0
244.0
192.0
192.0
190.0
192.0
192.0
218.0
166.0
144.0
270.0
140.0
691.0
790.0
814.0
789.0
762.0
736.0
710.0
788.0
632.0
346.0
268.0
242.0
190.0
242.0
190.0
190.0
151.0
164.0
283.0
164.0
242.0
164.0
164.0
190.0
243.0
243.0
269.0
217.0
243.0
243.0
243.0
243.0
217.0
228.0
202.0
202.0
202.0
176.0
176.0
165.0
176.0
176.0
202.0
176.0
191.0
165.0
176.0
176.0
228.0
228.0
254.0
254.0
228.0
228.0
228.0
228.0
202.0
202.0
202.0
176.0
176.0
176.0
176.0
176.0
202.0
176.0
176.0
228.0
168.0
194.0
272.0
194.0
781.0
818.0
870.0
792.0
821.0
821.0
717.0
795.0
665.0
458.0
328.0
301.0
224.0
224.0
183.0
224.0
197.0
223.0
197.0
223.0
145.0
197.0
301.0
945.0
815.0
789.0
841.0
276.0
770.0
789.0
737.0
770.0
633.0
425.0
321.0
295.0
243.0
191.0
191.0
243.0
269.0
250.0
276.0
276.0
250.0
276.0
302.0
510.0
692.0
710.0
710.0
717.0
710.0
717.0
587.0
458.0
510.0
353.0
275.0
275.0
223.0
198.0
198.0
276.0
172.0
172.0
172.0
172.0
172.0
172.0
172.0
172.0
198.0
172.0
198.0
250.0
172.0
198.0
198.0
198.0
172.0
172.0
172.0
172.0
172.0
198.0
146.0
172.0
172.0
146.0
172.0
172.0
146.0
172.0
172.0
172.0
198.0
198.0
224.0
224.0
198.0
198.0
172.0
224.0
194.0
165.0
165.0
191.0
165.0
191.0
139.0
165.0
168.0
168.0
168.0
168.0
142.0
142.0
172.0
172.0
172.0
198.0
198.0
198.0
172.0
198.0
224.0
198.0
172.0
198.0
198.0
172.0
172.0
157.0
146.0
172.0
172.0
146.0
172.0
172.0
172.0
198.0
276.0
510.0
744.0
796.0
822.0
770.0
796.0
822.0
822.0
822.0
666.0
432.0
354.0
328.0
276.0
224.0
250.0
224.0
198.0
198.0
224.0
224.0
224.0
250.0
328.0
588.0
770.0
796.0
842.0
776.0
796.0
874.0
796.0
762.0
632.0
424.0
346.0
294.0
242.0
216.0
190.0
190.0
190.0
199.0
476.0
194.0
246.0
142.0
246.0
246.0
220.0
194.0
246.0
217.0
248.0
688.0
714.0
688.0
610.0
428.0
353.0
298.0
223.0
223.0
194.0
168.0
168.0
165.0
165.0
165.0
165.0
165.0
217.0
197.0
685.0
477.0
815.0
711.0
789.0
789.0
763.0
763.0
633.0
451.0
347.0
295.0
243.0
217.0
191.0
165.0
165.0
191.0
165.0
165.0
191.0
191.0
243.0
462.0
740.0
766.0
818.0
740.0
763.0
763.0
763.0
763.0
685.0
451.0
373.0
321.0
250.0
224.0
198.0
172.0
172.0
198.0
172.0
172.0
198.0
198.0
250.0
432.0
749.0
796.0
835.0
744.0
770.0
770.0
763.0
737.0
633.0
425.0
347.0
269.0
217.0
220.0
194.0
168.0
168.0
168.0
168.0
194.0
168.0
168.0
168.0
194.0
246.0
246.0
272.0
246.0
272.0
272.0
272.0
272.0
220.0
191.0
191.0
191.0
165.0
165.0
165.0
165.0
165.0
165.0
139.0
165.0
191.0
165.0
165.0
184.0
217.0
269.0
269.0
243.0
269.0
269.0
269.0
269.0
245.0
220.0
191.0
168.0
194.0
168.0
168.0
168.0
168.0
168.0
142.0
205.0
142.0
165.0
165.0
428.0
765.0
818.0
896.0
792.0
818.0
818.0
818.0
792.0
714.0
453.0
376.0
353.0
271.0
245.0
194.0
194.0
194.0
168.0
168.0
194.0
167.0
194.0
272.0
480.0
765.0
818.0
869.0
791.0
817.0
791.0
817.0
791.0
687.0
453.0
375.0
349.0
271.0
245.0
193.0
193.0
193.0
167.0
193.0
167.0
193.0
193.0
271.0
531.0
791.0
842.0
894.0
842.0
842.0
816.0
816.0
790.0
686.0
478.0
385.0
348.0
274.0
270.0
192.0
218.0
192.0
192.0
192.0
191.0
191.0
191.0
269.0
477.0
789.0
815.0
867.0
756.0
815.0
789.0
763.0
763.0
633.0
451.0
373.0
319.0
269.0
243.0
191.0
191.0
191.0
217.0
191.0
191.0
166.0
191.0
270.0
482.0
738.0
763.0
841.0
764.0
763.0
737.0
712.0
737.0
477.0
373.0
269.0
244.0
218.0
166.0
139.0
165.0
139.0
165.0
139.0
139.0
139.0
139.0
139.0
139.0
139.0
165.0
165.0
139.0
165.0
166.0
166.0
140.0
166.0
166.0
140.0
166.0
140.0
140.0
140.0
140.0
140.0
140.0
140.0
144.0
144.0
144.0
144.0
144.0
166.0
166.0
166.0
156.0
198.0
198.0
172.0
198.0
172.0
146.0
172.0
172.0
146.0
146.0
172.0
146.0
146.0
146.0
146.0
146.0
146.0
146.0
146.0
142.0
168.0
142.0
194.0
194.0
168.0
168.0
194.0
168.0
142.0
142.0
168.0
142.0
133.0
142.0
165.0
142.0
142.0
142.0
133.0
133.0
142.0
133.0
133.0
142.0
142.0
168.0
194.0
194.0
194.0
168.0
168.0
168.0
168.0
142.0
142.0
142.0
133.0
133.0
133.0
133.0
132.0
132.0
132.0
132.0
132.0
132.0
132.0
132.0
158.0
184.0
184.0
184.0
184.0
184.0
158.0
158.0
158.0
132.0
158.0
132.0
158.0
132.0
132.0
158.0
132.0
132.0
132.0
132.0
132.0
132.0
132.0
132.0
158.0
158.0
184.0
184.0
158.0
172.0
172.0
172.0
172.0
172.0
172.0
146.0
168.0
146.0
168.0
168.0
149.0
149.0
149.0
133.0
149.0
133.0
149.0
149.0
201.0
175.0
227.0
227.0
227.0
201.0
201.0
201.0
201.0
168.0
168.0
168.0
142.0
142.0
142.0
142.0
142.0
142.0
141.0
133.0
133.0
197.0
142.0
402.0
679.0
714.0
740.0
636.0
714.0
688.0
714.0
688.0
558.0
350.0
272.0
272.0
220.0
194.0
142.0
172.0
146.0
158.0
158.0
132.0
158.0
158.0
210.0
436.0
678.0
730.0
730.0
640.0
718.0
692.0
718.0
692.0
588.0
347.0
263.0
237.0
237.0
185.0
142.0
168.0
168.0
194.0
159.0
168.0
168.0
168.0
246.0
424.0
714.0
714.0
740.0
636.0
688.0
688.0
714.0
688.0
610.0
399.0
324.0
295.0
246.0
194.0
139.0
194.0
168.0
168.0
168.0
168.0
168.0
168.0
246.0
436.0
688.0
740.0
766.0
662.0
740.0
740.0
728.0
688.0
610.0
376.0
298.0
558.0
844.0
870.0
896.0
844.0
870.0
844.0
844.0
818.0
714.0
480.0
402.0
350.0
272.0
220.0
246.0
220.0
190.0
220.0
194.0
220.0
194.0
194.0
220.0
246.0
272.0
272.0
321.0
272.0
295.0
269.0
262.0
272.0
246.0
246.0
246.0
220.0
220.0
220.0
168.0
194.0
194.0
184.0
184.0
184.0
184.0
184.0
210.0
210.0
210.0
210.0
220.0
246.0
246.0
220.0
246.0
246.0
246.0
246.0
220.0
220.0
220.0
220.0
168.0
194.0
220.0
220.0
220.0
194.0
220.0
194.0
204.0
610.0
870.0
896.0
948.0
870.0
922.0
896.0
922.0
896.0
792.0
532.0
454.0
350.0
324.0
272.0
246.0
194.0
194.0
194.0
220.0
220.0
220.0
220.0
324.0
610.0
844.0
922.0
948.0
870.0
896.0
896.0
870.0
870.0
792.0
558.0
454.0
350.0
298.0
246.0
246.0
220.0
246.0
220.0
220.0
220.0
220.0
220.0
324.0
610.0
844.0
896.0
922.0
841.0
893.0
867.0
867.0
867.0
763.0
503.0
425.0
373.0
295.0
269.0
246.0
211.0
191.0
217.0
217.0
217.0
217.0
217.0
321.0
607.0
841.0
893.0
919.0
815.0
841.0
845.0
845.0
818.0
714.0
481.0
380.0
328.0
276.0
250.0
250.0
224.0
198.0
198.0
224.0
221.0
195.0
195.0
351.0
663.0
845.0
871.0
897.0
793.0
871.0
871.0
845.0
871.0
715.0
455.0
377.0
325.0
273.0
247.0
247.0
195.0
195.0
198.0
221.0
195.0
195.0
195.0
195.0
221.0
247.0
273.0
273.0
273.0
273.0
273.0
273.0
273.0
247.0
221.0
247.0
195.0
221.0
221.0
169.0
195.0
195.0
195.0
195.0
195.0
195.0
158.0
195.0
221.0
221.0
195.0
221.0
247.0
221.0
247.0
247.0
247.0
247.0
221.0
221.0
221.0
247.0
195.0
169.0
195.0
221.0
195.0
221.0
195.0
195.0
195.0
204.0
585.0
845.0
870.0
896.0
818.0
870.0
844.0
844.0
818.0
740.0
558.0
480.0
357.0
279.0
246.0
253.0
227.0
227.0
227.0
195.0
221.0
195.0
221.0
351.0
585.0
845.0
845.0
871.0
845.0
858.0
871.0
871.0
871.0
767.0
533.0
455.0
377.0
299.0
247.0
247.0
247.0
221.0
221.0
201.0
221.0
221.0
221.0
324.0
584.0
844.0
896.0
893.0
818.0
844.0
871.0
844.0
871.0
741.0
507.0
406.0
351.0
299.0
276.0
247.0
247.0
221.0
195.0
195.0
221.0
195.0
221.0
325.0
611.0
819.0
871.0
871.0
767.0
819.0
825.0
766.0
715.0
617.0
435.0
383.0
302.0
279.0
227.0
253.0
195.0
201.0
201.0
195.0
175.0
169.0
169.0
195.0
169.0
221.0
195.0
195.0
195.0
195.0
194.0
220.0
220.0
220.0
220.0
194.0
194.0
168.0
168.0
169.0
169.0
169.0
195.0
169.0
195.0
169.0
169.0
169.0
195.0
169.0
195.0
195.0
195.0
195.0
195.0
195.0
221.0
195.0
221.0
195.0
195.0
195.0
195.0
168.0
194.0
168.0
195.0
195.0
195.0
143.0
169.0
169.0
169.0
169.0
195.0
169.0
195.0
204.0
194.0
194.0
194.0
194.0
220.0
194.0
194.0
194.0
194.0
168.0
194.0
168.0
194.0
168.0
165.0
191.0
191.0
176.0
581.0
867.0
870.0
896.0
818.0
896.0
870.0
896.0
870.0
766.0
480.0
428.0
350.0
298.0
246.0
246.0
220.0
220.0
220.0
194.0
220.0
220.0
194.0
324.0
610.0
844.0
896.0
922.0
818.0
870.0
896.0
896.0
870.0
792.0
506.0
428.0
350.0
302.0
246.0
246.0
194.0
220.0
220.0
220.0
194.0
194.0
220.0
330.0
610.0
844.0
896.0
922.0
844.0
870.0
896.0
896.0
870.0
741.0
533.0
428.0
354.0
276.0
224.0
250.0
221.0
221.0
224.0
221.0
195.0
195.0
221.0
325.0
637.0
845.0
897.0
897.0
819.0
871.0
897.0
897.0
871.0
767.0
533.0
428.0
350.0
298.0
246.0
272.0
220.0
220.0
194.0
194.0
220.0
220.0
220.0
324.0
585.0
845.0
871.0
897.0
819.0
871.0
897.0
871.0
871.0
741.0
507.0
403.0
351.0
273.0
247.0
273.0
195.0
221.0
195.0
221.0
221.0
221.0
195.0
221.0
231.0
272.0
272.0
272.0
272.0
272.0
298.0
298.0
298.0
246.0
246.0
220.0
246.0
220.0
220.0
168.0
194.0
220.0
194.0
194.0
194.0
194.0
194.0
194.0
194.0
194.0
220.0
246.0
246.0
246.0
220.0
220.0
220.0
220.0
220.0
220.0
246.0
220.0
194.0
168.0
220.0
220.0
194.0
194.0
220.0
194.0
194.0
204.0
584.0
896.0
896.0
948.0
870.0
922.0
922.0
922.0
922.0
766.0
558.0
428.0
380.0
298.0
250.0
272.0
220.0
246.0
224.0
220.0
220.0
220.0
220.0
324.0
610.0
870.0
896.0
922.0
818.0
896.0
896.0
896.0
896.0
740.0
532.0
402.0
354.0
302.0
246.0
272.0
224.0
220.0
220.0
220.0
220.0
220.0
220.0
324.0
610.0
870.0
871.0
922.0
819.0
870.0
897.0
845.0
871.0
741.0
507.0
377.0
351.0
273.0
247.0
273.0
221.0
195.0
221.0
221.0
221.0
195.0
221.0
351.0
611.0
845.0
871.0
923.0
844.0
902.0
896.0
896.0
844.0
714.0
507.0
428.0
350.0
276.0
246.0
272.0
220.0
220.0
220.0
220.0
194.0
194.0
220.0
376.0
590.0
850.0
897.0
928.0
824.0
876.0
876.0
876.0
876.0
711.0
503.0
382.0
356.0
272.0
272.0
272.0
220.0
220.0
221.0
220.0
220.0
220.0
220.0
226.0
272.0
298.0
298.0
350.0
272.0
304.0
304.0
304.0
304.0
278.0
226.0
226.0
226.0
200.0
226.0
169.0
169.0
195.0
221.0
195.0
195.0
221.0
184.0
195.0
221.0
252.0
278.0
278.0
252.0
252.0
278.0
278.0
272.0
252.0
252.0
252.0
226.0
226.0
226.0
174.0
200.0
226.0
200.0
200.0
226.0
200.0
200.0
197.0
590.0
928.0
928.0
954.0
870.0
928.0
922.0
928.0
876.0
772.0
532.0
454.0
330.0
304.0
252.0
252.0
226.0
218.0
246.0
220.0
220.0
221.0
221.0
351.0
637.0
871.0
897.0
923.0
819.0
894.0
897.0
894.0
871.0
767.0
507.0
429.0
387.0
309.0
257.0
257.0
221.0
247.0
247.0
221.0
221.0
195.0
247.0
351.0
611.0
871.0
897.0
949.0
819.0
903.0
897.0
877.0
870.0
766.0
533.0
435.0
379.0
305.0
253.0
253.0
227.0
227.0
227.0
227.0
227.0
201.0
247.0
331.0
637.0
845.0
903.0
923.0
845.0
897.0
903.0
898.0
845.0
767.0
533.0
461.0
383.0
299.0
279.0
253.0
231.0
247.0
194.0
220.0
194.0
220.0
220.0
350.0
610.0
844.0
896.0
922.0
844.0
870.0
870.0
844.0
818.0
714.0
454.0
376.0
324.0
276.0
220.0
246.0
220.0
194.0
172.0
198.0
172.0
172.0
198.0
198.0
205.0
231.0
250.0
276.0
250.0
247.0
247.0
273.0
273.0
276.0
224.0
224.0
224.0
195.0
224.0
172.0
194.0
194.0
168.0
168.0
194.0
194.0
168.0
194.0
194.0
220.0
279.0
272.0
246.0
257.0
257.0
257.0
257.0
231.0
257.0
231.0
220.0
220.0
194.0
168.0
194.0
168.0
194.0
194.0
169.0
169.0
195.0
204.0
585.0
897.0
897.0
949.0
897.0
890.0
923.0
897.0
871.0
767.0
559.0
455.0
377.0
299.0
250.0
246.0
220.0
220.0
194.0
220.0
220.0
194.0
220.0
324.0
610.0
844.0
870.0
922.0
818.0
896.0
896.0
844.0
870.0
740.0
532.0
428.0
376.0
298.0
246.0
246.0
220.0
220.0
220.0
220.0
194.0
220.0
220.0
350.0
610.0
896.0
922.0
949.0
844.0
896.0
897.0
897.0
871.0
767.0
533.0
428.0
324.0
283.0
257.0
257.0
220.0
220.0
220.0
194.0
194.0
220.0
220.0
324.0
584.0
896.0
922.0
948.0
844.0
907.0
907.0
896.0
870.0
766.0
585.0
491.0
387.0
299.0
283.0
257.0
871.0
767.0
533.0
413.0
351.0
299.0
273.0
246.0
246.0
246.0
220.0
246.0
246.0
220.0
246.0
350.0
585.0
897.0
923.0
949.0
871.0
897.0
897.0
897.0
871.0
767.0
507.0
403.0
351.0
299.0
273.0
247.0
247.0
247.0
221.0
221.0
221.0
221.0
221.0
351.0
559.0
897.0
923.0
949.0
871.0
897.0
897.0
897.0
897.0
767.0
533.0
403.0
354.0
299.0
273.0
246.0
221.0
221.0
221.0
195.0
221.0
221.0
221.0
195.0
221.0
247.0
221.0
247.0
250.0
232.0
258.0
247.0
250.0
250.0
250.0
224.0
250.0
224.0
224.0
172.0
224.0
221.0
221.0
195.0
195.0
195.0
220.0
184.0
220.0
220.0
246.0
272.0
244.0
244.0
270.0
218.0
244.0
244.0
218.0
218.0
247.0
221.0
221.0
169.0
221.0
221.0
195.0
221.0
195.0
221.0
221.0
184.0
585.0
923.0
975.0
975.0
923.0
949.0
949.0
926.0
920.0
796.0
559.0
426.0
328.0
276.0
250.0
250.0
224.0
224.0
224.0
224.0
224.0
198.0
250.0
325.0
637.0
897.0
949.0
949.0
871.0
923.0
923.0
897.0
897.0
766.0
506.0
428.0
350.0
298.0
246.0
244.0
220.0
246.0
246.0
246.0
220.0
246.0
272.0
351.0
377.0
897.0
923.0
949.0
871.0
897.0
886.0
871.0
871.0
741.0
496.0
377.0
366.0
325.0
247.0
273.0
221.0
247.0
226.0
252.0
246.0
220.0
246.0
324.0
610.0
870.0
896.0
922.0
870.0
896.0
870.0
896.0
870.0
766.0
532.0
454.0
376.0
324.0
246.0
272.0
246.0
220.0
226.0
226.0
247.0
247.0
221.0
377.0
611.0
897.0
923.0
949.0
897.0
897.0
897.0
897.0
871.0
767.0
533.0
403.0
351.0
325.0
276.0
276.0
224.0
198.0
224.0
224.0
232.0
224.0
224.0
198.0
250.0
250.0
250.0
250.0
276.0
276.0
276.0
276.0
250.0
250.0
224.0
250.0
224.0
224.0
194.0
168.0
194.0
194.0
194.0
194.0
195.0
195.0
195.0
195.0
221.0
221.0
247.0
247.0
247.0
247.0
273.0
224.0
250.0
250.0
250.0
246.0
220.0
220.0
220.0
168.0
194.0
194.0
220.0
194.0
194.0
194.0
168.0
184.0
584.0
896.0
922.0
974.0
870.0
922.0
922.0
922.0
896.0
792.0
532.0
480.0
376.0
324.0
272.0
272.0
220.0
220.0
220.0
194.0
220.0
198.0
220.0
324.0
553.0
870.0
896.0
896.0
844.0
900.0
870.0
870.0
896.0
766.0
533.0
429.0
354.0
302.0
247.0
273.0
247.0
247.0
221.0
221.0
220.0
220.0
220.0
324.0
558.0
844.0
870.0
896.0
818.0
896.0
870.0
896.0
870.0
766.0
532.0
454.0
376.0
325.0
273.0
276.0
250.0
247.0
221.0
227.0
227.0
227.0
253.0
331.0
565.0
851.0
903.0
929.0
851.0
903.0
906.0
903.0
877.0
773.0
565.0
461.0
383.0
305.0
279.0
279.0
227.0
253.0
227.0
227.0
227.0
201.0
227.0
350.0
558.0
870.0
870.0
896.0
818.0
896.0
870.0
844.0
844.0
714.0
506.0
400.0
350.0
272.0
220.0
272.0
194.0
194.0
220.0
220.0
191.0
194.0
194.0
189.0
189.0
218.0
218.0
241.0
218.0
218.0
244.0
241.0
241.0
267.0
241.0
241.0
215.0
189.0
163.0
163.0
189.0
221.0
195.0
221.0
195.0
195.0
169.0
195.0
195.0
221.0
221.0
195.0
221.0
217.0
217.0
191.0
217.0
217.0
191.0
217.0
217.0
191.0
191.0
175.0
195.0
201.0
184.0
184.0
195.0
168.0
194.0
194.0
201.0
227.0
227.0
227.0
253.0
253.0
253.0
253.0
253.0
227.0
227.0
227.0
227.0
220.0
194.0
175.0
194.0
194.0
194.0
194.0
194.0
194.0
194.0
184.0
584.0
896.0
948.0
948.0
896.0
922.0
948.0
896.0
896.0
792.0
532.0
454.0
350.0
272.0
246.0
272.0
194.0
215.0
215.0
215.0
215.0
189.0
189.0
324.0
610.0
870.0
891.0
917.0
839.0
891.0
891.0
891.0
891.0
735.0
553.0
449.0
345.0
293.0
241.0
267.0
189.0
221.0
195.0
221.0
195.0
221.0
221.0
351.0
559.0
865.0
865.0
943.0
839.0
865.0
865.0
874.0
897.0
741.0
529.0
399.0
347.0
295.0
269.0
269.0
217.0
243.0
191.0
217.0
217.0
191.0
217.0
324.0
584.0
818.0
870.0
896.0
818.0
870.0
818.0
844.0
818.0
714.0
480.0
376.0
324.0
246.0
218.0
272.0
168.0
192.0
192.0
158.0
184.0
184.0
184.0
163.0
215.0
241.0
215.0
241.0
189.0
241.0
241.0
215.0
189.0
241.0
215.0
189.0
189.0
189.0
163.0
158.0
158.0
184.0
158.0
184.0
184.0
184.0
158.0
184.0
210.0
210.0
210.0
210.0
210.0
236.0
195.0
227.0
221.0
195.0
227.0
227.0
227.0
227.0
201.0
175.0
201.0
201.0
191.0
191.0
165.0
191.0
191.0
184.0
581.0
841.0
867.0
867.0
815.0
841.0
841.0
867.0
841.0
685.0
477.0
373.0
319.0
269.0
243.0
243.0
189.0
217.0
217.0
217.0
191.0
191.0
217.0
347.0
581.0
815.0
893.0
919.0
839.0
865.0
893.0
867.0
841.0
763.0
477.0
454.0
371.0
293.0
241.0
267.0
241.0
189.0
215.0
220.0
220.0
194.0
247.0
325.0
559.0
819.0
865.0
897.0
819.0
860.0
834.0
834.0
870.0
714.0
506.0
376.0
376.0
272.0
253.0
279.0
227.0
253.0
227.0
227.0
227.0
227.0
243.0
347.0
581.0
841.0
893.0
919.0
841.0
897.0
897.0
897.0
845.0
767.0
533.0
399.0
348.0
272.0
272.0
252.0
194.0
220.0
246.0
194.0
220.0
220.0
194.0
324.0
558.0
850.0
870.0
902.0
850.0
876.0
850.0
850.0
819.0
715.0
481.0
403.0
351.0
278.0
218.0
247.0
221.0
195.0
221.0
192.0
221.0
195.0
195.0
221.0
244.0
272.0
273.0
325.0
267.0
299.0
273.0
262.0
273.0
241.0
241.0
241.0
221.0
221.0
221.0
169.0
195.0
195.0
189.0
189.0
189.0
189.0
189.0
215.0
215.0
215.0
215.0
215.0
241.0
241.0
215.0
241.0
241.0
241.0
241.0
215.0
215.0
215.0
215.0
163.0
189.0
220.0
220.0
220.0
194.0
221.0
195.0
184.0
611.0
871.0
886.0
949.0
871.0
923.0
897.0
916.0
897.0
793.0
533.0
455.0
345.0
325.0
272.0
241.0
195.0
195.0
195.0
220.0
220.0
220.0
220.0
325.0
611.0
845.0
929.0
955.0
877.0
903.0
903.0
877.0
877.0
799.0
565.0
461.0
345.0
293.0
241.0
241.0
215.0
241.0
215.0
215.0
210.0
210.0
210.0
314.0
600.0
844.0
896.0
917.0
839.0
896.0
865.0
870.0
870.0
766.0
506.0
423.0
371.0
293.0
267.0
241.0
215.0
189.0
215.0
215.0
215.0
210.0
215.0
319.0
605.0
839.0
891.0
917.0
825.0
845.0
845.0
845.0
819.0
715.0
480.0
376.0
324.0
272.0
246.0
246.0
220.0
194.0
194.0
220.0
220.0
201.0
201.0
357.0
669.0
851.0
876.0
903.0
799.0
877.0
877.0
851.0
877.0
721.0
461.0
383.0
331.0
279.0
253.0
253.0
201.0
201.0
201.0
221.0
195.0
195.0
195.0
189.0
215.0
241.0
267.0
267.0
267.0
267.0
267.0
269.0
267.0
241.0
215.0
241.0
189.0
215.0
215.0
163.0
194.0
189.0
191.0
191.0
191.0
191.0
158.0
191.0
215.0
215.0
189.0
215.0
241.0
215.0
241.0
241.0
241.0
241.0
215.0
215.0
215.0
241.0
189.0
163.0
189.0
215.0
189.0
224.0
189.0
184.0
184.0
184.0
590.0
850.0
876.0
902.0
824.0
876.0
850.0
850.0
824.0
746.0
548.0
470.0
356.0
278.0
241.0
241.0
215.0
215.0
215.0
189.0
215.0
189.0
215.0
345.0
579.0
839.0
839.0
865.0
839.0
865.0
865.0
865.0
871.0
767.0
533.0
455.0
377.0
299.0
247.0
247.0
247.0
221.0
221.0
189.0
221.0
221.0
221.0
325.0
897.0
896.0
948.0
870.0
896.0
896.0
896.0
870.0
714.0
532.0
409.0
357.0
305.0
267.0
241.0
215.0
215.0
215.0
241.0
189.0
215.0
215.0
371.0
605.0
839.0
865.0
891.0
813.0
891.0
865.0
845.0
871.0
741.0
475.0
377.0
354.0
276.0
224.0
250.0
224.0
224.0
224.0
224.0
224.0
224.0
224.0
172.0
222.0
250.0
231.0
231.0
241.0
222.0
222.0
215.0
257.0
257.0
257.0
257.0
231.0
257.0
257.0
231.0
231.0
205.0
231.0
231.0
231.0
231.0
221.0
195.0
221.0
221.0
195.0
247.0
221.0
247.0
247.0
241.0
247.0
241.0
267.0
241.0
241.0
241.0
221.0
221.0
221.0
221.0
195.0
247.0
221.0
221.0
221.0
197.0
636.0
922.0
948.0
948.0
896.0
896.0
922.0
922.0
896.0
792.0
532.0
432.0
354.0
276.0
276.0
250.0
224.0
250.0
198.0
224.0
227.0
227.0
227.0
357.0
643.0
907.0
929.0
955.0
903.0
897.0
923.0
897.0
897.0
767.0
533.0
429.0
325.0
273.0
221.0
276.0
224.0
250.0
224.0
195.0
221.0
221.0
224.0
351.0
689.0
871.0
923.0
943.0
839.0
891.0
891.0
891.0
891.0
761.0
527.0
397.0
345.0
267.0
267.0
215.0
215.0
215.0
241.0
241.0
189.0
236.0
210.0
366.0
626.0
886.0
912.0
938.0
834.0
896.0
896.0
896.0
870.0
740.0
506.0
376.0
293.0
267.0
241.0
215.0
215.0
215.0
215.0
189.0
215.0
215.0
189.0
319.0
605.0
839.0
891.0
891.0
813.0
870.0
870.0
818.0
818.0
714.0
455.0
348.0
267.0
221.0
215.0
222.0
196.0
196.0
194.0
201.0
196.0
189.0
196.0
196.0
222.0
267.0
267.0
305.0
267.0
319.0
293.0
331.0
293.0
267.0
241.0
241.0
215.0
189.0
221.0
227.0
201.0
201.0
201.0
201.0
201.0
201.0
201.0
201.0
227.0
227.0
248.0
248.0
248.0
248.0
248.0
248.0
248.0
267.0
241.0
241.0
215.0
189.0
221.0
221.0
195.0
195.0
195.0
195.0
232.0
195.0
195.0
204.0
610.0
898.0
924.0
924.0
872.0
896.0
896.0
896.0
870.0
740.0
454.0
376.0
324.0
274.0
220.0
222.0
196.0
220.0
220.0
201.0
227.0
201.0
227.0
331.0
591.0
877.0
903.0
955.0
845.0
897.0
871.0
871.0
845.0
767.0
481.0
377.0
357.0
279.0
253.0
222.0
227.0
227.0
227.0
227.0
201.0
227.0
201.0
357.0
591.0
825.0
877.0
929.0
825.0
877.0
871.0
845.0
845.0
721.0
461.0
377.0
299.0
274.0
248.0
222.0
215.0
194.0
194.0
220.0
194.0
220.0
220.0
350.0
558.0
820.0
846.0
896.0
818.0
844.0
818.0
818.0
792.0
610.0
402.0
315.0
274.0
248.0
222.0
222.0
189.0
189.0
189.0
189.0
189.0
189.0
163.0
189.0
222.0
222.0
241.0
241.0
241.0
248.0
241.0
241.0
241.0
241.0
241.0
215.0
215.0
215.0
189.0
227.0
201.0
201.0
227.0
201.0
227.0
184.0
158.0
184.0
184.0
210.0
236.0
236.0
210.0
248.0
236.0
248.0
248.0
210.0
210.0
210.0
184.0
210.0
184.0
210.0
184.0
184.0
184.0
184.0
184.0
184.0
158.0
184.0
221.0
247.0
274.0
273.0
274.0
274.0
274.0
274.0
274.0
248.0
222.0
248.0
248.0
221.0
195.0
221.0
195.0
195.0
227.0
227.0
201.0
201.0
227.0
340.0
610.0
948.0
948.0
974.0
896.0
948.0
948.0
948.0
922.0
818.0
532.0
454.0
357.0
279.0
221.0
215.0
195.0
220.0
220.0
220.0
220.0
194.0
220.0
376.0
662.0
922.0
948.0
1000.0
922.0
948.0
922.0
922.0
922.0
792.0
532.0
428.0
376.0
272.0
241.0
222.0
227.0
227.0
201.0
227.0
227.0
201.0
227.0
371.0
643.0
955.0
955.0
1000.0
896.0
948.0
922.0
922.0
922.0
792.0
558.0
397.0
352.0
293.0
248.0
215.0
215.0
189.0
215.0
194.0
194.0
221.0
221.0
377.0
637.0
929.0
955.0
1007.0
903.0
955.0
929.0
929.0
929.0
799.0
565.0
435.0
357.0
279.0
241.0
215.0
201.0
215.0
189.0
215.0
189.0
215.0
215.0
371.0
631.0
943.0
974.0
1016.0
886.0
938.0
912.0
912.0
886.0
756.0
548.0
418.0
352.0
274.0
248.0
222.0
210.0
184.0
210.0
184.0
201.0
227.0
201.0
196.0
222.0
279.0
305.0
279.0
274.0
305.0
293.0
305.0
267.0
267.0
248.0
215.0
215.0
215.0
189.0
227.0
201.0
189.0
189.0
201.0
201.0
201.0
201.0
201.0
201.0
241.0
241.0
274.0
279.0
267.0
279.0
253.0
279.0
264.0
279.0
227.0
227.0
227.0
201.0
227.0
227.0
201.0
227.0
227.0
201.0
227.0
201.0
189.0
643.0
929.0
1007.0
1033.0
955.0
1007.0
981.0
955.0
981.0
846.0
539.0
435.0
357.0
279.0
227.0
224.0
227.0
198.0
201.0
224.0
198.0
198.0
227.0
357.0
643.0
943.0
969.0
1021.0
917.0
975.0
975.0
949.0
923.0
819.0
533.0
432.0
354.0
276.0
250.0
224.0
224.0
224.0
201.0
227.0
201.0
198.0
227.0
354.0
643.0
929.0
955.0
1033.0
929.0
1007.0
955.0
955.0
929.0
851.0
565.0
423.0
352.0
293.0
248.0
222.0
241.0
189.0
215.0
215.0
227.0
227.0
253.0
378.0
643.0
955.0
1007.0
1059.0
955.0
975.0
949.0
923.0
923.0
793.0
533.0
435.0
352.0
279.0
248.0
227.0
227.0
227.0
215.0
215.0
201.0
227.0
201.0
383.0
643.0
929.0
981.0
1033.0
929.0
955.0
929.0
929.0
903.0
799.0
461.0
383.0
305.0
248.0
248.0
227.0
201.0
227.0
227.0
201.0
227.0
189.0
221.0
189.0
222.0
273.0
325.0
299.0
299.0
351.0
351.0
325.0
351.0
325.0
293.0
267.0
241.0
221.0
195.0
221.0
195.0
221.0
221.0
195.0
221.0
201.0
201.0
227.0
227.0
253.0
279.0
279.0
279.0
279.0
279.0
279.0
279.0
253.0
279.0
279.0
227.0
227.0
227.0
220.0
220.0
194.0
220.0
194.0
220.0
194.0
220.0
197.0
636.0
974.0
1000.0
1026.0
948.0
990.0
938.0
981.0
955.0
813.0
591.0
449.0
345.0
293.0
241.0
215.0
215.0
215.0
215.0
215.0
215.0
215.0
241.0
367.0
643.0
955.0
981.0
1007.0
929.0
981.0
981.0
955.0
955.0
825.0
565.0
435.0
371.0
308.0
267.0
215.0
224.0
250.0
224.0
224.0
198.0
224.0
235.0
380.0
640.0
955.0
981.0
1007.0
929.0
1007.0
981.0
955.0
929.0
825.0
565.0
409.0
360.0
331.0
279.0
227.0
253.0
253.0
227.0
227.0
227.0
253.0
253.0
383.0
643.0
943.0
969.0
1021.0
943.0
943.0
943.0
917.0
917.0
761.0
501.0
449.0
386.0
308.0
256.0
230.0
208.0
217.0
217.0
217.0
217.0
191.0
243.0
373.0
633.0
945.0
945.0
997.0
893.0
945.0
919.0
929.0
903.0
773.0
539.0
399.0
360.0
282.0
230.0
230.0
227.0
204.0
230.0
230.0
204.0
230.0
204.0
204.0
256.0
357.0
357.0
347.0
321.0
360.0
360.0
360.0
360.0
334.0
269.0
256.0
243.0
243.0
215.0
215.0
215.0
215.0
215.0
215.0
215.0
189.0
215.0
189.0
241.0
236.0
334.0
360.0
327.0
353.0
347.0
360.0
339.0
340.0
261.0
235.0
209.0
191.0
156.0
208.0
156.0
156.0
182.0
208.0
156.0
182.0
182.0
197.0
546.0
936.0
988.0
1040.0
910.0
962.0
962.0
936.0
962.0
832.0
598.0
442.0
338.0
261.0
234.0
208.0
182.0
209.0
221.0
195.0
195.0
195.0
221.0
377.0
663.0
923.0
975.0
1001.0
922.0
948.0
922.0
922.0
896.0
766.0
506.0
428.0
354.0
276.0
250.0
220.0
194.0
201.0
227.0
201.0
227.0
201.0
227.0
357.0
669.0
955.0
980.0
1033.0
903.0
955.0
955.0
929.0
929.0
799.0
565.0
432.0
359.0
276.0
224.0
224.0
198.0
276.0
354.0
588.0
808.0
874.0
900.0
782.0
896.0
874.0
874.0
844.0
740.0
562.0
458.0
380.0
328.0
276.0
302.0
276.0
298.0
298.0
298.0
298.0
298.0
272.0
350.0
558.0
844.0
922.0
948.0
896.0
948.0
948.0
896.0
917.0
761.0
553.0
397.0
345.0
319.0
241.0
267.0
215.0
215.0
215.0
241.0
215.0
215.0
215.0
319.0
631.0
943.0
943.0
1007.0
903.0
955.0
955.0
929.0
929.0
825.0
539.0
464.0
383.0
357.0
262.0
262.0
236.0
250.0
236.0
236.0
241.0
210.0
236.0
366.0
652.0
938.0
938.0
990.0
912.0
964.0
938.0
938.0
912.0
782.0
496.0
392.0
288.0
262.0
240.0
276.0
220.0
220.0
220.0
194.0
194.0
194.0
194.0
178.0
230.0
194.0
204.0
204.0
204.0
170.0
162.0
204.0
204.0
204.0
227.0
201.0
201.0
201.0
201.0
201.0
201.0
175.0
201.0
201.0
189.0
163.0
163.0
189.0
189.0
241.0
215.0
215.0
215.0
215.0
241.0
215.0
241.0
215.0
241.0
215.0
189.0
189.0
189.0
215.0
189.0
189.0
189.0
195.0
195.0
195.0
169.0
197.0
611.0
923.0
1001.0
1027.0
923.0
1001.0
949.0
949.0
971.0
867.0
584.0
451.0
347.0
269.0
243.0
246.0
246.0
217.0
220.0
246.0
220.0
220.0
220.0
350.0
636.0
948.0
974.0
1007.0
955.0
981.0
974.0
981.0
981.0
851.0
591.0
425.0
383.0
293.0
267.0
267.0
243.0
243.0
243.0
217.0
243.0
217.0
217.0
347.0
631.0
943.0
969.0
995.0
955.0
1007.0
981.0
955.0
929.0
799.0
529.0
399.0
347.0
331.0
279.0
279.0
273.0
273.0
273.0
247.0
247.0
247.0
247.0
351.0
637.0
949.0
975.0
1053.0
949.0
975.0
975.0
975.0
949.0
839.0
591.0
423.0
371.0
293.0
267.0
279.0
279.0
246.0
247.0
247.0
247.0
221.0
221.0
351.0
611.0
949.0
975.0
1001.0
955.0
1033.0
981.0
955.0
955.0
825.0
539.0
403.0
351.0
299.0
284.0
258.0
232.0
195.0
221.0
221.0
232.0
232.0
221.0
206.0
258.0
258.0
258.0
284.0
215.0
241.0
267.0
262.0
267.0
267.0
267.0
267.0
241.0
241.0
221.0
221.0
217.0
217.0
217.0
217.0
217.0
243.0
191.0
243.0
191.0
217.0
243.0
269.0
243.0
269.0
269.0
243.0
269.0
243.0
243.0
243.0
243.0
243.0
217.0
217.0
217.0
191.0
217.0
217.0
217.0
217.0
215.0
210.0
633.0
945.0
997.0
893.0
815.0
867.0
867.0
841.0
815.0
685.0
555.0
399.0
295.0
274.0
269.0
243.0
217.0
217.0
243.0
217.0
243.0
217.0
217.0
373.0
685.0
860.0
938.0
955.0
929.0
955.0
981.0
981.0
955.0
841.0
643.0
503.0
373.0
269.0
269.0
243.0
243.0
243.0
243.0
243.0
243.0
243.0
217.0
347.0
663.0
949.0
975.0
1001.0
949.0
975.0
975.0
975.0
923.0
819.0
585.0
492.0
388.0
310.0
269.0
243.0
243.0
243.0
243.0
243.0
217.0
243.0
217.0
347.0
633.0
919.0
971.0
997.0
893.0
945.0
945.0
919.0
893.0
789.0
529.0
451.0
373.0
321.0
269.0
243.0
243.0
253.0
250.0
250.0
227.0
250.0
250.0
380.0
640.0
922.0
948.0
948.0
896.0
948.0
922.0
922.0
922.0
766.0
558.0
454.0
373.0
269.0
243.0
243.0
217.0
243.0
217.0
243.0
217.0
217.0
217.0
217.0
243.0
243.0
298.0
272.0
295.0
269.0
272.0
298.0
279.0
243.0
269.0
243.0
243.0
217.0
217.0
215.0
215.0
215.0
215.0
215.0
217.0
217.0
217.0
217.0
217.0
217.0
191.0
217.0
217.0
217.0
217.0
243.0
243.0
217.0
243.0
243.0
217.0
191.0
217.0
217.0
217.0
215.0
189.0
215.0
215.0
189.0
215.0
195.0
631.0
945.0
997.0
997.0
945.0
971.0
971.0
971.0
945.0
841.0
581.0
451.0
347.0
300.0
243.0
243.0
243.0
243.0
243.0
243.0
241.0
241.0
241.0
345.0
631.0
917.0
995.0
995.0
896.0
974.0
948.0
922.0
922.0
818.0
558.0
480.0
376.0
326.0
246.0
246.0
246.0
220.0
220.0
217.0
220.0
217.0
217.0
347.0
633.0
945.0
948.0
974.0
922.0
948.0
896.0
922.0
896.0
740.0
506.0
454.0
352.0
274.0
274.0
248.0
241.0
222.0
222.0
222.0
241.0
215.0
210.0
366.0
626.0
886.0
938.0
938.0
860.0
938.0
912.0
886.0
886.0
730.0
496.0
392.0
314.0
269.0
243.0
191.0
217.0
217.0
243.0
217.0
217.0
217.0
227.0
331.0
617.0
851.0
877.0
903.0
825.0
877.0
851.0
773.0
799.0
617.0
409.0
357.0
331.0
243.0
201.0
191.0
217.0
217.0
203.0
243.0
191.0
191.0
217.0
191.0
217.0
217.0
191.0
217.0
196.0
196.0
196.0
232.0
226.0
183.0
194.0
215.0
189.0
189.0
215.0
215.0
189.0
215.0
215.0
189.0
187.0
189.0
189.0
197.0
475.0
638.0
638.0
657.0
657.0
657.0
631.0
622.0
616.0
501.0
409.0
252.0
252.0
226.0
226.0
200.0
200.0
224.0
198.0
224.0
198.0
224.0
198.0
300.0
491.0
579.0
605.0
633.0
607.0
638.0
638.0
664.0
638.0
482.0
402.0
278.0
226.0
226.0
226.0
200.0
200.0
194.0
194.0
220.0
198.0
172.0
198.0
241.0
402.0
536.0
536.0
536.0
510.0
535.0
431.0
326.0
276.0
198.0
172.0
172.0
198.0
172.0
198.0
172.0
172.0
172.0
198.0
172.0
172.0
174.0
191.0
139.0
149.0
170.0
170.0
165.0
165.0
165.0
144.0
170.0
163.0
170.0
163.0
191.0
165.0
170.0
163.0
177.0
205.0
170.0
165.0
165.0
165.0
169.0
170.0
139.0
170.0
170.0
174.0
170.0
170.0
170.0
170.0
170.0
170.0
170.0
170.0
196.0
170.0
170.0
196.0
170.0
144.0
170.0
170.0
170.0
170.0
170.0
170.0
168.0
168.0
168.0
170.0
168.0
142.0
168.0
168.0
142.0
168.0
168.0
168.0
170.0
194.0
168.0
168.0
168.0
168.0
168.0
168.0
142.0
168.0
165.0
139.0
165.0
157.0
139.0
139.0
139.0
165.0
139.0
168.0
142.0
155.0
142.0
168.0
168.0
194.0
168.0
168.0
168.0
168.0
168.0
168.0
168.0
168.0
168.0
168.0
168.0
168.0
144.0
170.0
144.0
170.0
144.0
144.0
144.0
170.0
144.0
170.0
170.0
170.0
170.0
170.0
170.0
170.0
196.0
170.0
198.0
172.0
172.0
146.0
146.0
146.0
172.0
172.0
172.0
172.0
168.0
168.0
168.0
168.0
168.0
168.0
168.0
168.0
168.0
168.0
168.0
168.0
168.0
168.0
168.0
168.0
168.0
168.0
168.0
168.0
168.0
194.0
168.0
168.0
194.0
194.0
170.0
196.0
170.0
196.0
194.0
194.0
170.0
170.0
170.0
170.0
194.0
144.0
194.0
168.0
168.0
168.0
170.0
503.0
645.0
655.0
664.0
659.0
685.0
633.0
659.0
633.0
508.0
399.0
295.0
239.0
239.0
212.0
212.0
212.0
186.0
191.0
186.0
217.0
217.0
186.0
326.0
581.0
841.0
841.0
841.0
789.0
815.0
815.0
815.0
789.0
708.0
451.0
337.0
307.0
265.0
222.0
213.0
222.0
222.0
222.0
196.0
196.0
224.0
224.0
328.0
614.0
848.0
848.0
900.0
822.0
874.0
874.0
874.0
822.0
744.0
484.0
380.0
302.0
233.0
250.0
207.0
224.0
224.0
224.0
212.0
212.0
212.0
212.0
350.0
602.0
818.0
836.0
870.0
792.0
870.0
844.0
836.0
818.0
680.0
394.0
316.0
264.0
238.0
212.0
212.0
212.0
212.0
212.0
212.0
212.0
212.0
212.0
186.0
212.0
212.0
217.0
217.0
222.0
222.0
222.0
222.0
222.0
217.0
243.0
217.0
217.0
214.0
188.0
162.0
188.0
188.0
188.0
214.0
214.0
214.0
214.0
360.0
682.0
942.0
942.0
968.0
890.0
942.0
942.0
942.0
916.0
812.0
584.0
428.0
350.0
290.0
350.0
264.0
238.0
212.0
212.0
186.0
212.0
212.0
212.0
186.0
212.0
316.0
628.0
836.0
888.0
914.0
810.0
888.0
893.0
867.0
841.0
737.0
503.0
373.0
321.0
264.0
269.0
217.0
217.0
191.0
217.0
217.0
191.0
191.0
217.0
350.0
607.0
867.0
893.0
919.0
841.0
867.0
841.0
867.0
870.0
718.0
458.0
376.0
324.0
276.0
246.0
224.0
220.0
194.0
220.0
198.0
198.0
198.0
224.0
354.0
614.0
848.0
874.0
926.0
820.0
874.0
874.0
848.0
839.0
718.0
458.0
380.0
328.0
264.0
238.0
212.0
212.0
212.0
212.0
204.0
230.0
204.0
204.0
204.0
230.0
282.0
308.0
293.0
295.0
300.0
300.0
333.0
300.0
248.0
248.0
222.0
222.0
222.0
196.0
170.0
196.0
196.0
196.0
196.0
194.0
194.0
168.0
168.0
220.0
246.0
246.0
246.0
246.0
246.0
264.0
238.0
246.0
246.0
243.0
217.0
217.0
217.0
191.0
165.0
217.0
222.0
196.0
196.0
194.0
194.0
220.0
326.0
577.0
846.0
898.0
898.0
846.0
872.0
896.0
896.0
870.0
766.0
532.0
380.0
354.0
276.0
250.0
224.0
224.0
198.0
198.0
198.0
198.0
198.0
224.0
328.0
640.0
848.0
900.0
952.0
820.0
898.0
898.0
898.0
872.0
742.0
456.0
352.0
300.0
274.0
222.0
222.0
222.0
196.0
170.0
194.0
194.0
194.0
220.0
346.0
584.0
870.0
922.0
948.0
818.0
896.0
870.0
896.0
870.0
740.0
454.0
347.0
326.0
274.0
222.0
196.0
222.0
196.0
196.0
196.0
196.0
196.0
196.0
326.0
562.0
846.0
872.0
924.0
822.0
874.0
874.0
872.0
872.0
716.0
506.0
373.0
326.0
270.0
222.0
168.0
222.0
194.0
194.0
194.0
194.0
194.0
194.0
350.0
584.0
844.0
896.0
922.0
818.0
870.0
844.0
870.0
844.0
714.0
454.0
380.0
292.0
240.0
214.0
172.0
198.0
198.0
198.0
172.0
198.0
162.0
160.0
160.0
186.0
264.0
264.0
264.0
238.0
290.0
264.0
264.0
264.0
238.0
191.0
165.0
191.0
165.0
194.0
168.0
168.0
194.0
168.0
168.0
168.0
142.0
168.0
168.0
194.0
246.0
272.0
272.0
250.0
276.0
276.0
276.0
276.0
250.0
224.0
198.0
224.0
198.0
198.0
172.0
172.0
198.0
146.0
172.0
170.0
196.0
170.0
162.0
508.0
846.0
820.0
872.0
794.0
841.0
815.0
815.0
815.0
685.0
451.0
373.0
321.0
243.0
243.0
165.0
191.0
165.0
191.0
165.0
165.0
172.0
198.0
276.0
515.0
796.0
844.0
848.0
732.0
820.0
794.0
820.0
794.0
664.0
446.0
342.0
316.0
264.0
238.0
170.0
196.0
170.0
170.0
196.0
170.0
196.0
170.0
300.0
534.0
801.0
822.0
848.0
744.0
822.0
815.0
789.0
789.0
659.0
425.0
347.0
291.0
248.0
248.0
165.0
170.0
170.0
170.0
170.0
170.0
170.0
196.0
274.0
515.0
794.0
846.0
846.0
742.0
818.0
818.0
792.0
792.0
688.0
458.0
354.0
302.0
265.0
250.0
172.0
198.0
172.0
198.0
198.0
172.0
172.0
198.0
276.0
510.0
796.0
796.0
848.0
744.0
789.0
789.0
763.0
766.0
633.0
451.0
317.0
269.0
213.0
191.0
168.0
165.0
165.0
165.0
165.0
168.0
165.0
142.0
168.0
168.0
194.0
194.0
194.0
196.0
220.0
196.0
220.0
196.0
194.0
168.0
194.0
194.0
168.0
168.0
168.0
168.0
168.0
168.0
168.0
142.0
168.0
144.0
170.0
174.0
170.0
170.0
196.0
165.0
165.0
194.0
194.0
194.0
194.0
168.0
194.0
168.0
168.0
168.0
168.0
168.0
168.0
142.0
168.0
168.0
142.0
168.0
168.0
142.0
168.0
194.0
194.0
194.0
194.0
194.0
194.0
194.0
194.0
194.0
194.0
194.0
168.0
168.0
168.0
168.0
172.0
172.0
172.0
172.0
172.0
172.0
178.0
432.0
640.0
815.0
815.0
711.0
815.0
789.0
789.0
763.0
659.0
451.0
347.0
295.0
217.0
217.0
165.0
191.0
165.0
191.0
165.0
165.0
165.0
165.0
269.0
529.0
763.0
815.0
841.0
737.0
815.0
789.0
789.0
763.0
662.0
446.0
316.0
316.0
238.0
212.0
160.0
186.0
186.0
186.0
160.0
160.0
160.0
160.0
264.0
498.0
784.0
810.0
845.0
742.0
818.0
794.0
794.0
766.0
638.0
456.0
352.0
274.0
248.0
222.0
165.0
165.0
191.0
165.0
191.0
165.0
165.0
191.0
291.0
503.0
707.0
763.0
789.0
711.0
763.0
737.0
737.0
711.0
607.0
451.0
347.0
243.0
217.0
191.0
165.0
165.0
165.0
170.0
170.0
170.0
170.0
170.0
170.0
170.0
222.0
222.0
222.0
196.0
217.0
217.0
217.0
217.0
217.0
191.0
165.0
191.0
165.0
165.0
165.0
165.0
165.0
165.0
165.0
165.0
168.0
142.0
168.0
168.0
220.0
246.0
246.0
220.0
220.0
246.0
220.0
194.0
194.0
194.0
194.0
194.0
194.0
168.0
168.0
168.0
168.0
168.0
168.0
168.0
168.0
168.0
162.0
477.0
737.0
789.0
792.0
714.0
763.0
763.0
763.0
763.0
607.0
425.0
342.0
316.0
238.0
212.0
160.0
186.0
186.0
186.0
186.0
186.0
186.0
160.0
290.0
498.0
732.0
784.0
810.0
732.0
766.0
766.0
766.0
766.0
610.0
428.0
342.0
269.0
217.0
191.0
165.0
191.0
165.0
165.0
165.0
165.0
170.0
170.0
274.0
508.0
742.0
794.0
820.0
716.0
768.0
768.0
768.0
742.0
612.0
430.0
326.0
289.0
274.0
196.0
172.0
198.0
198.0
172.0
172.0
172.0
194.0
168.0
302.0
510.0
733.0
792.0
844.0
714.0
792.0
766.0
766.0
766.0
636.0
428.0
317.0
265.0
239.0
194.0
168.0
194.0
168.0
194.0
168.0
168.0
168.0
194.0
272.0
506.0
736.0
733.0
792.0
714.0
740.0
714.0
714.0
714.0
610.0
394.0
320.0
272.0
220.0
220.0
168.0
168.0
172.0
168.0
168.0
168.0
168.0
168.0
165.0
165.0
243.0
243.0
243.0
217.0
243.0
269.0
217.0
243.0
221.0
221.0
195.0
195.0
195.0
169.0
165.0
139.0
165.0
165.0
165.0
165.0
165.0
139.0
191.0
168.0
194.0
220.0
217.0
248.0
220.0
220.0
220.0
220.0
220.0
220.0
194.0
194.0
168.0
168.0
168.0
168.0
168.0
168.0
168.0
168.0
168.0
168.0
178.0
476.0
766.0
740.0
766.0
714.0
766.0
766.0
766.0
766.0
636.0
428.0
350.0
302.0
250.0
220.0
168.0
194.0
172.0
168.0
172.0
168.0
168.0
168.0
269.0
506.0
763.0
789.0
789.0
711.0
789.0
763.0
763.0
766.0
632.0
446.0
324.0
272.0
220.0
220.0
168.0
168.0
194.0
168.0
168.0
194.0
170.0
194.0
264.0
534.0
768.0
766.0
818.0
714.0
792.0
792.0
766.0
766.0
628.0
428.0
342.0
307.0
243.0
217.0
165.0
191.0
165.0
191.0
165.0
165.0
165.0
191.0
276.0
536.0
744.0
777.0
822.0
688.0
766.0
770.0
770.0
744.0
640.0
432.0
328.0
276.0
224.0
224.0
172.0
198.0
172.0
198.0
172.0
172.0
172.0
198.0
276.0
536.0
744.0
744.0
796.0
692.0
744.0
766.0
726.0
636.0
532.0
406.0
346.0
276.0
224.0
224.0
168.0
198.0
198.0
194.0
194.0
168.0
194.0
168.0
194.0
194.0
272.0
272.0
272.0
247.0
272.0
272.0
272.0
272.0
246.0
194.0
220.0
194.0
220.0
194.0
168.0
194.0
194.0
194.0
194.0
168.0
194.0
194.0
194.0
194.0
246.0
253.0
272.0
246.0
274.0
274.0
248.0
272.0
220.0
220.0
194.0
168.0
194.0
194.0
168.0
168.0
194.0
168.0
194.0
168.0
168.0
194.0
220.0
480.0
610.0
766.0
818.0
766.0
792.0
789.0
789.0
763.0
659.0
451.0
347.0
295.0
240.0
214.0
165.0
165.0
162.0
162.0
162.0
162.0
191.0
162.0
266.0
526.0
786.0
789.0
841.0
191.0
217.0
191.0
191.0
204.0
581.0
893.0
919.0
1002.0
950.0
950.0
950.0
924.0
898.0
786.0
560.0
456.0
326.0
274.0
248.0
248.0
248.0
222.0
196.0
222.0
220.0
194.0
220.0
350.0
610.0
922.0
948.0
1000.0
922.0
974.0
974.0
948.0
952.0
848.0
536.0
451.0
347.0
295.0
243.0
243.0
217.0
217.0
217.0
217.0
217.0
217.0
243.0
373.0
607.0
945.0
997.0
1049.0
948.0
1000.0
974.0
948.0
948.0
792.0
532.0
430.0
352.0
300.0
274.0
248.0
248.0
222.0
222.0
222.0
224.0
250.0
224.0
380.0
640.0
919.0
945.0
1049.0
945.0
945.0
945.0
945.0
919.0
815.0
529.0
425.0
373.0
321.0
240.0
247.0
247.0
221.0
221.0
221.0
221.0
247.0
247.0
377.0
637.0
949.0
975.0
1027.0
949.0
949.0
949.0
949.0
919.0
815.0
529.0
425.0
347.0
321.0
243.0
243.0
217.0
243.0
191.0
222.0
221.0
195.0
221.0
247.0
213.0
272.0
298.0
273.0
247.0
302.0
273.0
299.0
299.0
247.0
247.0
247.0
247.0
221.0
221.0
165.0
217.0
243.0
191.0
191.0
217.0
191.0
191.0
217.0
217.0
217.0
217.0
269.0
269.0
243.0
217.0
217.0
243.0
217.0
208.0
220.0
246.0
220.0
220.0
168.0
194.0
194.0
220.0
220.0
194.0
194.0
220.0
360.0
636.0
896.0
1000.0
1026.0
948.0
1000.0
1000.0
948.0
948.0
818.0
558.0
454.0
376.0
298.0
272.0
246.0
220.0
220.0
220.0
220.0
194.0
194.0
246.0
376.0
662.0
923.0
949.0
1027.0
949.0
975.0
945.0
923.0
923.0
789.0
503.0
425.0
373.0
321.0
269.0
248.0
248.0
248.0
222.0
246.0
220.0
194.0
220.0
376.0
662.0
922.0
948.0
1000.0
922.0
945.0
919.0
919.0
893.0
763.0
529.0
399.0
321.0
295.0
217.0
243.0
191.0
217.0
191.0
191.0
217.0
217.0
191.0
213.0
187.0
224.0
224.0
282.0
276.0
224.0
276.0
250.0
224.0
250.0
220.0
246.0
220.0
220.0
191.0
168.0
217.0
191.0
191.0
191.0
191.0
168.0
191.0
191.0
217.0
243.0
217.0
243.0
299.0
248.0
222.0
222.0
248.0
222.0
222.0
222.0
222.0
196.0
196.0
165.0
191.0
191.0
217.0
194.0
194.0
194.0
194.0
194.0
194.0
220.0
221.0
247.0
221.0
223.0
247.0
221.0
247.0
221.0
221.0
221.0
221.0
195.0
196.0
170.0
222.0
196.0
196.0
196.0
196.0
196.0
194.0
204.0
664.0
898.0
950.0
1054.0
924.0
949.0
949.0
949.0
897.0
793.0
455.0
377.0
299.0
273.0
247.0
247.0
221.0
221.0
221.0
247.0
195.0
221.0
221.0
377.0
637.0
949.0
975.0
1053.0
949.0
1001.0
975.0
949.0
975.0
845.0
637.0
455.0
377.0
325.0
273.0
273.0
209.0
222.0
248.0
248.0
222.0
248.0
222.0
377.0
637.0
923.0
975.0
1053.0
949.0
1001.0
975.0
975.0
949.0
793.0
637.0
429.0
377.0
299.0
261.0
235.0
209.0
209.0
209.0
235.0
183.0
247.0
247.0
377.0
637.0
949.0
949.0
1053.0
949.0
975.0
949.0
923.0
923.0
793.0
533.0
429.0
351.0
299.0
273.0
247.0
221.0
221.0
221.0
221.0
221.0
195.0
221.0
377.0
637.0
923.0
949.0
1023.0
919.0
971.0
945.0
919.0
893.0
789.0
529.0
425.0
347.0
295.0
238.0
238.0
220.0
220.0
220.0
220.0
220.0
220.0
220.0
376.0
636.0
870.0
922.0
1000.0
897.0
897.0
923.0
897.0
871.0
793.0
533.0
378.0
351.0
273.0
250.0
250.0
198.0
191.0
217.0
191.0
191.0
191.0
191.0
191.0
217.0
217.0
217.0
243.0
243.0
217.0
243.0
243.0
217.0
217.0
243.0
217.0
217.0
217.0
191.0
170.0
222.0
196.0
196.0
196.0
222.0
196.0
196.0
196.0
196.0
222.0
248.0
248.0
239.0
239.0
239.0
213.0
239.0
213.0
239.0
239.0
213.0
213.0
213.0
161.0
213.0
213.0
217.0
217.0
191.0
196.0
196.0
204.0
586.0
872.0
950.0
1023.0
919.0
945.0
945.0
919.0
924.0
794.0
534.0
456.0
352.0
274.0
248.0
248.0
222.0
222.0
222.0
222.0
222.0
217.0
243.0
347.0
633.0
897.0
949.0
975.0
897.0
923.0
923.0
897.0
897.0
767.0
507.0
377.0
351.0
273.0
247.0
247.0
221.0
221.0
221.0
221.0
221.0
221.0
221.0
351.0
637.0
897.0
950.0
976.0
898.0
950.0
924.0
924.0
872.0
794.0
503.0
399.0
347.0
295.0
243.0
243.0
217.0
217.0
191.0
217.0
217.0
217.0
217.0
373.0
659.0
919.0
952.0
1004.0
900.0
926.0
926.0
900.0
874.0
744.0
539.0
406.0
354.0
302.0
276.0
250.0
224.0
224.0
198.0
250.0
224.0
221.0
221.0
377.0
614.0
893.0
945.0
971.0
893.0
919.0
893.0
893.0
893.0
763.0
503.0
373.0
347.0
269.0
239.0
239.0
213.0
213.0
213.0
213.0
213.0
213.0
187.0
213.0
213.0
213.0
187.0
239.0
239.0
248.0
222.0
248.0
248.0
222.0
222.0
248.0
222.0
222.0
196.0
170.0
196.0
196.0
196.0
196.0
222.0
221.0
195.0
195.0
221.0
247.0
247.0
273.0
273.0
247.0
273.0
247.0
247.0
221.0
247.0
247.0
221.0
221.0
195.0
169.0
221.0
221.0
195.0
195.0
221.0
221.0
273.0
403.0
611.0
871.0
897.0
950.0
898.0
950.0
950.0
950.0
923.0
820.0
611.0
455.0
373.0
295.0
269.0
243.0
217.0
217.0
217.0
217.0
217.0
217.0
217.0
347.0
633.0
919.0
945.0
997.0
926.0
952.0
919.0
919.0
897.0
793.0
533.0
429.0
377.0
300.0
248.0
248.0
222.0
222.0
222.0
222.0
222.0
222.0
222.0
378.0
638.0
898.0
950.0
976.0
898.0
945.0
919.0
945.0
919.0
789.0
529.0
425.0
347.0
269.0
243.0
243.0
217.0
227.0
227.0
189.0
215.0
215.0
215.0
369.0
636.0
922.0
948.0
1000.0
922.0
948.0
922.0
922.0
896.0
792.0
532.0
454.0
376.0
265.0
239.0
239.0
213.0
213.0
239.0
187.0
213.0
227.0
227.0
383.0
643.0
897.0
955.0
997.0
893.0
919.0
893.0
919.0
893.0
737.0
451.0
373.0
347.0
269.0
243.0
273.0
195.0
221.0
221.0
214.0
221.0
221.0
195.0
253.0
214.0
279.0
266.0
266.0
266.0
276.0
279.0
279.0
253.0
222.0
253.0
246.0
220.0
220.0
227.0
168.0
201.0
227.0
227.0
227.0
227.0
201.0
227.0
201.0
253.0
201.0
227.0
279.0
253.0
227.0
253.0
279.0
253.0
227.0
253.0
253.0
227.0
227.0
213.0
175.0
227.0
221.0
221.0
195.0
221.0
221.0
195.0
197.0
611.0
897.0
897.0
975.0
897.0
897.0
923.0
897.0
871.0
767.0
481.0
403.0
325.0
299.0
247.0
273.0
247.0
227.0
253.0
213.0
213.0
213.0
243.0
373.0
659.0
867.0
867.0
945.0
889.0
889.0
889.0
863.0
872.0
716.0
482.0
378.0
350.0
324.0
272.0
250.0
246.0
220.0
222.0
222.0
196.0
222.0
250.0
338.0
650.0
884.0
900.0
952.0
900.0
897.0
897.0
871.0
845.0
559.0
403.0
351.0
291.0
273.0
213.0
239.0
198.0
198.0
198.0
198.0
198.0
198.0
172.0
198.0
224.0
224.0
249.0
272.0
269.0
243.0
243.0
243.0
243.0
243.0
217.0
243.0
220.0
194.0
194.0
168.0
194.0
168.0
194.0
194.0
194.0
194.0
168.0
194.0
194.0
194.0
194.0
220.0
246.0
243.0
217.0
217.0
243.0
213.0
213.0
191.0
213.0
191.0
165.0
165.0
191.0
165.0
191.0
191.0
191.0
191.0
191.0
165.0
198.0
172.0
198.0
172.0
198.0
172.0
198.0
194.0
194.0
194.0
220.0
194.0
220.0
224.0
198.0
172.0
198.0
172.0
172.0
198.0
198.0
172.0
172.0
198.0
198.0
198.0
172.0
198.0
224.0
198.0
198.0
198.0
198.0
198.0
227.0
851.0
721.0
461.0
383.0
331.0
279.0
279.0
253.0
221.0
409.0
395.0
395.0
395.0
409.0
430.0
454.0
499.0
577.0
560.0
629.0
631.0
579.0
865.0
865.0
865.0
709.0
501.0
345.0
291.0
267.0
241.0
241.0
215.0
189.0
215.0
189.0
215.0
200.0
215.0
345.0
605.0
865.0
891.0
943.0
839.0
867.0
867.0
893.0
839.0
735.0
449.0
345.0
267.0
262.0
210.0
236.0
198.0
198.0
198.0
198.0
184.0
184.0
184.0
210.0
210.0
262.0
262.0
288.0
274.0
300.0
300.0
300.0
300.0
274.0
248.0
222.0
248.0
196.0
170.0
170.0
196.0
170.0
196.0
196.0
196.0
170.0
196.0
196.0
222.0
248.0
274.0
262.0
262.0
262.0
262.0
262.0
262.0
262.0
210.0
210.0
210.0
184.0
184.0
158.0
184.0
184.0
184.0
158.0
163.0
189.0
189.0
194.0
579.0
880.0
891.0
943.0
865.0
917.0
917.0
865.0
865.0
735.0
449.0
386.0
308.0
282.0
249.0
256.0
230.0
230.0
204.0
230.0
204.0
224.0
230.0
354.0
562.0
848.0
874.0
926.0
848.0
874.0
900.0
874.0
848.0
718.0
458.0
380.0
328.0
276.0
256.0
256.0
198.0
230.0
204.0
204.0
204.0
222.0
230.0
319.0
605.0
839.0
865.0
917.0
854.0
865.0
865.0
839.0
839.0
709.0
449.0
371.0
319.0
267.0
256.0
241.0
189.0
215.0
189.0
189.0
189.0
186.0
189.0
319.0
579.0
839.0
839.0
917.0
839.0
891.0
865.0
839.0
839.0
709.0
449.0
319.0
267.0
241.0
215.0
241.0
189.0
189.0
189.0
163.0
189.0
189.0
189.0
293.0
553.0
839.0
865.0
943.0
813.0
865.0
839.0
839.0
813.0
683.0
423.0
319.0
293.0
241.0
215.0
241.0
189.0
163.0
189.0
189.0
163.0
163.0
163.0
215.0
241.0
267.0
282.0
293.0
267.0
293.0
298.0
272.0
256.0
230.0
230.0
204.0
215.0
189.0
198.0
172.0
198.0
163.0
189.0
163.0
163.0
163.0
189.0
163.0
163.0
215.0
189.0
241.0
189.0
215.0
215.0
215.0
215.0
189.0
215.0
189.0
163.0
189.0
163.0
163.0
189.0
189.0
163.0
189.0
163.0
189.0
189.0
178.0
553.0
813.0
839.0
917.0
839.0
865.0
865.0
839.0
839.0
709.0
449.0
386.0
319.0
282.0
241.0
256.0
230.0
204.0
230.0
204.0
204.0
204.0
230.0
293.0
553.0
839.0
839.0
943.0
813.0
891.0
839.0
839.0
813.0
709.0
449.0
345.0
293.0
254.0
215.0
241.0
203.0
189.0
189.0
189.0
189.0
189.0
215.0
291.0
558.0
846.0
813.0
917.0
813.0
865.0
813.0
813.0
813.0
683.0
449.0
345.0
298.0
246.0
246.0
246.0
194.0
194.0
168.0
220.0
168.0
168.0
220.0
298.0
532.0
822.0
822.0
896.0
770.0
841.0
815.0
763.0
815.0
690.0
430.0
352.0
300.0
248.0
248.0
274.0
170.0
196.0
196.0
222.0
196.0
196.0
222.0
300.0
534.0
820.0
839.0
891.0
787.0
839.0
830.0
820.0
794.0
638.0
430.0
326.0
300.0
248.0
222.0
222.0
196.0
222.0
196.0
191.0
191.0
165.0
165.0
217.0
217.0
269.0
295.0
295.0
243.0
295.0
295.0
293.0
293.0
241.0
215.0
215.0
189.0
189.0
215.0
163.0
189.0
163.0
189.0
196.0
170.0
196.0
196.0
196.0
222.0
248.0
274.0
274.0
274.0
274.0
274.0
274.0
248.0
248.0
222.0
222.0
222.0
196.0
196.0
170.0
196.0
196.0
170.0
196.0
163.0
163.0
204.0
334.0
579.0
839.0
839.0
891.0
813.0
839.0
813.0
813.0
787.0
631.0
449.0
345.0
293.0
241.0
241.0
221.0
195.0
195.0
195.0
169.0
195.0
169.0
221.0
331.0
565.0
799.0
825.0
903.0
799.0
825.0
813.0
813.0
799.0
669.0
454.0
350.0
298.0
220.0
220.0
220.0
194.0
198.0
169.0
195.0
198.0
169.0
198.0
328.0
533.0
796.0
848.0
900.0
796.0
848.0
822.0
796.0
796.0
666.0
432.0
328.0
302.0
247.0
221.0
221.0
169.0
195.0
195.0
195.0
201.0
201.0
227.0
331.0
565.0
825.0
877.0
929.0
799.0
877.0
851.0
851.0
825.0
695.0
451.0
383.0
305.0
253.0
227.0
224.0
198.0
172.0
198.0
172.0
198.0
198.0
198.0
302.0
562.0
770.0
822.0
848.0
770.0
822.0
796.0
770.0
770.0
617.0
409.0
331.0
276.0
217.0
191.0
217.0
161.0
165.0
165.0
165.0
165.0
175.0
165.0
175.0
195.0
247.0
247.0
247.0
221.0
247.0
273.0
247.0
221.0
221.0
195.0
195.0
169.0
169.0
169.0
143.0
195.0
169.0
169.0
169.0
143.0
169.0
163.0
163.0
189.0
215.0
241.0
267.0
215.0
267.0
273.0
273.0
273.0
273.0
195.0
163.0
189.0
168.0
165.0
165.0
165.0
165.0
165.0
165.0
139.0
165.0
165.0
168.0
503.0
815.0
815.0
893.0
815.0
867.0
867.0
841.0
841.0
347.0
789.0
373.0
321.0
241.0
215.0
215.0
189.0
189.0
189.0
189.0
189.0
189.0
189.0
293.0
559.0
813.0
839.0
917.0
813.0
865.0
865.0
839.0
822.0
683.0
458.0
380.0
302.0
250.0
224.0
224.0
198.0
198.0
198.0
198.0
198.0
172.0
224.0
302.0
562.0
822.0
848.0
891.0
813.0
839.0
813.0
813.0
787.0
683.0
449.0
358.0
280.0
241.0
254.0
228.0
202.0
202.0
202.0
202.0
202.0
202.0
228.0
306.0
540.0
826.0
854.0
844.0
301.0
847.0
821.0
821.0
821.0
665.0
431.0
345.0
293.0
267.0
215.0
223.0
215.0
197.0
189.0
189.0
189.0
189.0
189.0
293.0
527.0
795.0
813.0
865.0
824.0
839.0
813.0
813.0
787.0
683.0
449.0
345.0
293.0
163.0
189.0
215.0
241.0
189.0
163.0
189.0
189.0
163.0
163.0
163.0
189.0
215.0
267.0
241.0
267.0
267.0
241.0
267.0
267.0
282.0
405.0
198.0
276.0
172.0
204.0
172.0
172.0
146.0
198.0
172.0
165.0
146.0
198.0
224.0
198.0
224.0
224.0
250.0
224.0
224.0
250.0
276.0
276.0
274.0
276.0
224.0
146.0
172.0
253.0
172.0
198.0
198.0
198.0
172.0
204.0
301.0
172.0
288.0
274.0
874.0
744.0
354.0
796.0
847.0
822.0
822.0
770.0
666.0
432.0
354.0
276.0
198.0
224.0
224.0
198.0
198.0
198.0
172.0
198.0
198.0
198.0
276.0
503.0
792.0
787.0
865.0
761.0
846.0
824.0
798.0
772.0
616.0
434.0
356.0
278.0
252.0
226.0
226.0
200.0
174.0
200.0
174.0
174.0
174.0
200.0
278.0
512.0
798.0
772.0
850.0
746.0
824.0
772.0
798.0
772.0
616.0
460.0
330.0
304.0
278.0
252.0
225.0
200.0
200.0
174.0
174.0
200.0
174.0
200.0
304.0
538.0
824.0
252.0
877.0
772.0
850.0
824.0
798.0
795.0
668.0
460.0
382.0
330.0
252.0
223.0
223.0
200.0
200.0
174.0
200.0
174.0
200.0
200.0
304.0
512.0
824.0
824.0
902.0
798.0
850.0
824.0
825.0
799.0
669.0
409.0
331.0
279.0
227.0
201.0
227.0
197.0
197.0
171.0
175.0
201.0
175.0
201.0
175.0
201.0
305.0
305.0
331.0
279.0
305.0
305.0
288.0
301.0
288.0
210.0
210.0
184.0
184.0
197.0
158.0
184.0
184.0
158.0
200.0
200.0
174.0
200.0
200.0
226.0
278.0
304.0
330.0
278.0
298.0
314.0
290.0
304.0
278.0
252.0
226.0
226.0
200.0
200.0
174.0
200.0
200.0
174.0
200.0
174.0
184.0
184.0
288.0
522.0
808.0
808.0
886.0
812.0
840.0
834.0
838.0
786.0
668.0
460.0
370.0
301.0
226.0
226.0
223.0
197.0
197.0
174.0
200.0
174.0
200.0
226.0
304.0
535.0
824.0
824.0
876.0
772.0
821.0
847.0
824.0
798.0
694.0
460.0
382.0
325.0
252.0
226.0
223.0
197.0
197.0
188.0
188.0
200.0
188.0
200.0
278.0
174.0
278.0
460.0
747.0
746.0
825.0
721.0
746.0
746.0
720.0
694.0
616.0
382.0
344.0
304.0
278.0
226.0
136.0
162.0
162.0
163.0
163.0
163.0
162.0
163.0
240.0
449.0
735.0
787.0
787.0
709.0
761.0
761.0
761.0
735.0
631.0
423.0
345.0
293.0
267.0
230.0
145.0
163.0
163.0
163.0
189.0
189.0
163.0
189.0
249.0
449.0
735.0
761.0
787.0
683.0
761.0
761.0
761.0
735.0
631.0
371.0
304.0
268.0
242.0
242.0
137.0
174.0
190.0
190.0
190.0
189.0
164.0
190.0
268.0
449.0
735.0
761.0
787.0
709.0
746.0
772.0
772.0
710.0
642.0
382.0
294.0
249.0
216.0
190.0
138.0
164.0
164.0
174.0
174.0
174.0
164.0
164.0
164.0
164.0
242.0
268.0
242.0
242.0
242.0
268.0
242.0
268.0
216.0
190.0
190.0
190.0
190.0
190.0
138.0
190.0
148.0
148.0
174.0
174.0
174.0
174.0
137.0
163.0
163.0
190.0
216.0
216.0
190.0
190.0
216.0
190.0
190.0
164.0
164.0
190.0
164.0
164.0
164.0
164.0
163.0
163.0
163.0
163.0
163.0
163.0
279.0
449.0
735.0
735.0
813.0
709.0
761.0
762.0
762.0
762.0
632.0
424.0
346.0
294.0
242.0
216.0
138.0
200.0
200.0
174.0
200.0
200.0
174.0
200.0
275.0
460.0
772.0
746.0
798.0
720.0
772.0
772.0
772.0
746.0
642.0
424.0
353.0
304.0
242.0
200.0
138.0
200.0
200.0
174.0
200.0
174.0
200.0
174.0
242.0
460.0
746.0
798.0
824.0
746.0
798.0
798.0
772.0
772.0
642.0
439.0
346.0
278.0
283.0
231.0
133.0
205.0
179.0
179.0
174.0
174.0
179.0
179.0
257.0
460.0
711.0
777.0
803.0
725.0
777.0
777.0
777.0
751.0
642.0
441.0
356.0
315.0
275.0
207.0
148.0
174.0
181.0
174.0
200.0
174.0
200.0
174.0
252.0
476.0
746.0
772.0
798.0
694.0
772.0
746.0
746.0
720.0
616.0
372.0
320.0
268.0
268.0
207.0
138.0
190.0
164.0
164.0
164.0
164.0
164.0
164.0
164.0
164.0
216.0
242.0
242.0
216.0
242.0
242.0
242.0
207.0
245.0
197.0
179.0
205.0
179.0
179.0
179.0
179.0
153.0
179.0
179.0
179.0
179.0
153.0
153.0
179.0
205.0
193.0
193.0
193.0
193.0
219.0
223.0
197.0
223.0
155.0
155.0
155.0
139.0
155.0
155.0
139.0
165.0
139.0
139.0
139.0
139.0
165.0
137.0
415.0
727.0
737.0
753.0
711.0
753.0
763.0
763.0
727.0
623.0
451.0
348.0
335.0
275.0
249.0
867.0
893.0
867.0
907.0
881.0
751.0
465.0
387.0
309.0
275.0
249.0
249.0
223.0
211.0
211.0
231.0
205.0
231.0
257.0
361.0
621.0
855.0
907.0
959.0
855.0
907.0
881.0
893.0
873.0
737.0
538.0
398.0
346.0
268.0
268.0
249.0
223.0
216.0
216.0
242.0
216.0
242.0
252.0
330.0
590.0
850.0
866.0
902.0
850.0
867.0
840.0
840.0
840.0
711.0
451.0
373.0
321.0
268.0
269.0
249.0
223.0
185.0
226.0
226.0
200.0
200.0
200.0
200.0
200.0
226.0
252.0
268.0
268.0
252.0
216.0
278.0
252.0
268.0
242.0
242.0
242.0
216.0
190.0
216.0
216.0
190.0
216.0
190.0
190.0
190.0
190.0
189.0
581.0
892.0
892.0
944.0
865.0
918.0
920.0
893.0
895.0
798.0
554.0
451.0
379.0
321.0
275.0
249.0
249.0
249.0
219.0
216.0
190.0
193.0
217.0
321.0
555.0
841.0
893.0
893.0
815.0
867.0
867.0
869.0
843.0
763.0
503.0
427.0
347.0
295.0
271.0
249.0
223.0
219.0
219.0
226.0
226.0
193.0
226.0
321.0
581.0
841.0
902.0
945.0
824.0
893.0
902.0
902.0
868.0
763.0
512.0
431.0
372.0
301.0
275.0
275.0
249.0
223.0
223.0
223.0
216.0
190.0
217.0
321.0
555.0
867.0
892.0
919.0
840.0
893.0
867.0
867.0
841.0
763.0
529.0
398.0
346.0
294.0
270.0
249.0
223.0
223.0
223.0
216.0
216.0
216.0
217.0
321.0
555.0
841.0
867.0
893.0
841.0
815.0
841.0
815.0
815.0
711.0
503.0
372.0
320.0
268.0
242.0
249.0
249.0
216.0
197.0
190.0
217.0
190.0
191.0
191.0
217.0
217.0
217.0
243.0
270.0
244.0
244.0
269.0
243.0
279.0
244.0
244.0
218.0
244.0
218.0
218.0
192.0
217.0
218.0
191.0
192.0
191.0
201.0
201.0
201.0
217.0
227.0
244.0
270.0
244.0
244.0
227.0
244.0
218.0
218.0
218.0
192.0
218.0
227.0
227.0
218.0
191.0
191.0
191.0
217.0
165.0
191.0
191.0
581.0
841.0
919.0
946.0
867.0
894.0
893.0
867.0
867.0
763.0
477.0
373.0
348.0
278.0
244.0
249.0
223.0
218.0
192.0
226.0
200.0
226.0
226.0
356.0
564.0
850.0
928.0
954.0
876.0
902.0
902.0
902.0
876.0
772.0
512.0
408.0
356.0
278.0
249.0
249.0
223.0
218.0
226.0
226.0
226.0
226.0
226.0
382.0
590.0
876.0
928.0
954.0
876.0
902.0
902.0
893.0
867.0
763.0
503.0
399.0
321.0
269.0
249.0
249.0
249.0
244.0
217.0
218.0
217.0
217.0
217.0
347.0
555.0
867.0
892.0
945.0
841.0
887.0
893.0
893.0
867.0
763.0
477.0
399.0
346.0
294.0
275.0
249.0
223.0
242.0
216.0
216.0
216.0
190.0
216.0
321.0
555.0
840.0
892.0
954.0
824.0
893.0
876.0
867.0
867.0
737.0
503.0
373.0
347.0
252.0
211.0
237.0
223.0
165.0
217.0
200.0
190.0
197.0
190.0
190.0
216.0
242.0
268.0
242.0
268.0
242.0
242.0
242.0
216.0
242.0
216.0
216.0
190.0
190.0
216.0
216.0
216.0
190.0
164.0
190.0
216.0
190.0
190.0
190.0
216.0
242.0
242.0
242.0
242.0
244.0
242.0
216.0
242.0
216.0
216.0
216.0
216.0
190.0
190.0
216.0
190.0
190.0
164.0
189.0
189.0
189.0
189.0
189.0
580.0
866.0
866.0
943.0
865.0
892.0
891.0
891.0
917.0
761.0
553.0
423.0
371.0
267.0
249.0
249.0
189.0
185.0
223.0
194.0
220.0
194.0
215.0
319.0
605.0
891.0
893.0
919.0
867.0
867.0
893.0
867.0
893.0
789.0
555.0
451.0
347.0
272.0
249.0
237.0
185.0
220.0
220.0
184.0
210.0
217.0
191.0
347.0
617.0
815.0
867.0
886.0
815.0
867.0
893.0
867.0
841.0
789.0
503.0
451.0
347.0
297.0
236.0
245.0
222.0
226.0
219.0
193.0
252.0
226.0
252.0
356.0
564.0
876.0
902.0
954.0
876.0
902.0
902.0
902.0
876.0
772.0
538.0
408.0
382.0
288.0
263.0
263.0
252.0
222.0
210.0
193.0
226.0
226.0
226.0
330.0
555.0
850.0
893.0
893.0
841.0
867.0
893.0
902.0
867.0
763.0
529.0
399.0
330.0
288.0
263.0
263.0
211.0
210.0
193.0
210.0
210.0
184.0
184.0
184.0
220.0
278.0
252.0
252.0
236.0
236.0
236.0
236.0
236.0
236.0
236.0
210.0
210.0
210.0
219.0
226.0
219.0
226.0
200.0
226.0
226.0
200.0
200.0
200.0
226.0
278.0
245.0
245.0
245.0
274.0
248.0
274.0
271.0
245.0
245.0
245.0
219.0
219.0
219.0
219.0
193.0
191.0
191.0
191.0
165.0
191.0
191.0
198.0
583.0
895.0
895.0
910.0
841.0
867.0
867.0
893.0
867.0
763.0
529.0
425.0
373.0
300.0
248.0
270.0
222.0
218.0
196.0
217.0
217.0
217.0
191.0
321.0
555.0
841.0
867.0
945.0
815.0
867.0
893.0
867.0
867.0
763.0
529.0
451.0
373.0
295.0
244.0
269.0
218.0
243.0
222.0
217.0
190.0
217.0
191.0
347.0
581.0
842.0
867.0
945.0
842.0
867.0
893.0
867.0
867.0
789.0
529.0
425.0
373.0
300.0
274.0
274.0
248.0
232.0
218.0
216.0
216.0
217.0
217.0
347.0
607.0
841.0
867.0
945.0
841.0
893.0
893.0
893.0
893.0
763.0
555.0
451.0
373.0
302.0
250.0
274.0
224.0
222.0
216.0
217.0
191.0
191.0
217.0
347.0
581.0
893.0
893.0
945.0
841.0
893.0
893.0
893.0
867.0
763.0
529.0
399.0
320.0
243.0
216.0
262.0
191.0
210.0
210.0
184.0
184.0
184.0
201.0
175.0
216.0
242.0
262.0
242.0
248.0
279.0
283.0
268.0
305.0
288.0
268.0
250.0
227.0
224.0
222.0
224.0
227.0
227.0
227.0
201.0
201.0
201.0
201.0
201.0
227.0
269.0
276.0
262.0
288.0
295.0
321.0
328.0
300.0
302.0
250.0
217.0
217.0
191.0
191.0
217.0
217.0
165.0
191.0
165.0
191.0
191.0
191.0
201.0
554.0
841.0
895.0
919.0
841.0
893.0
919.0
893.0
867.0
763.0
555.0
451.0
349.0
321.0
243.0
245.0
222.0
222.0
222.0
222.0
219.0
227.0
217.0
321.0
555.0
903.0
893.0
955.0
825.0
903.0
903.0
877.0
903.0
773.0
539.0
461.0
354.0
276.0
248.0
248.0
224.0
198.0
227.0
227.0
226.0
227.0
227.0
357.0
565.0
850.0
902.0
926.0
824.0
876.0
903.0
876.0
876.0
772.0
555.0
460.0
380.0
274.0
250.0
250.0
224.0
252.0
224.0
226.0
224.0
226.0
226.0
382.0
590.0
876.0
902.0
954.0
850.0
928.0
902.0
908.0
902.0
789.0
529.0
425.0
373.0
274.0
274.0
248.0
219.0
258.0
245.0
245.0
226.0
191.0
217.0
356.0
564.0
895.0
902.0
954.0
841.0
893.0
902.0
902.0
850.0
737.0
529.0
408.0
356.0
271.0
248.0
248.0
219.0
219.0
226.0
217.0
226.0
200.0
191.0
243.0
272.0
295.0
295.0
347.0
295.0
321.0
321.0
330.0
278.0
269.0
226.0
245.0
245.0
226.0
200.0
226.0
226.0
200.0
200.0
200.0
226.0
200.0
200.0
226.0
200.0
226.0
226.0
252.0
226.0
245.0
245.0
245.0
226.0
245.0
219.0
245.0
219.0
226.0
193.0
226.0
226.0
226.0
226.0
226.0
200.0
226.0
200.0
198.0
590.0
876.0
902.0
954.0
862.0
902.0
902.0
928.0
902.0
763.0
555.0
434.0
352.0
300.0
226.0
248.0
222.0
226.0
195.0
226.0
200.0
217.0
217.0
321.0
610.0
867.0
919.0
945.0
841.0
893.0
893.0
893.0
893.0
763.0
503.0
424.0
346.0
273.0
274.0
248.0
248.0
222.0
216.0
190.0
216.0
164.0
216.0
320.0
528.0
866.0
866.0
892.0
814.0
866.0
866.0
840.0
867.0
763.0
476.0
398.0
346.0
294.0
222.0
248.0
221.0
225.0
216.0
190.0
867.0
841.0
841.0
711.0
460.0
382.0
330.0
278.0
248.0
248.0
195.0
226.0
200.0
200.0
200.0
200.0
200.0
330.0
584.0
850.0
850.0
928.0
850.0
902.0
876.0
850.0
850.0
720.0
460.0
330.0
278.0
252.0
222.0
248.0
196.0
193.0
200.0
174.0
184.0
193.0
193.0
294.0
558.0
843.0
869.0
947.0
817.0
866.0
840.0
843.0
817.0
687.0
427.0
323.0
297.0
245.0
219.0
245.0
193.0
167.0
193.0
193.0
167.0
167.0
167.0
219.0
246.0
271.0
271.0
304.0
278.0
304.0
304.0
278.0
252.0
226.0
226.0
200.0
226.0
200.0
200.0
174.0
200.0
174.0
200.0
174.0
174.0
174.0
200.0
174.0
168.0
226.0
200.0
252.0
200.0
225.0
225.0
225.0
225.0
206.0
232.0
199.0
173.0
193.0
167.0
167.0
193.0
193.0
167.0
193.0
167.0
193.0
193.0
175.0
557.0
825.0
843.0
929.0
843.0
877.0
877.0
851.0
851.0
713.0
456.0
378.0
323.0
274.0
248.0
248.0
222.0
195.0
225.0
195.0
199.0
199.0
225.0
303.0
557.0
849.0
849.0
953.0
823.0
901.0
849.0
849.0
823.0
719.0
459.0
355.0
303.0
248.0
225.0
251.0
196.0
199.0
199.0
195.0
195.0
199.0
225.0
303.0
558.0
849.0
823.0
927.0
815.0
867.0
815.0
815.0
815.0
685.0
451.0
355.0
300.0
248.0
248.0
248.0
196.0
196.0
173.0
225.0
173.0
173.0
225.0
303.0
529.0
815.0
817.0
895.0
765.0
840.0
817.0
763.0
815.0
684.0
425.0
356.0
299.0
243.0
248.0
273.0
174.0
200.0
200.0
226.0
200.0
200.0
226.0
303.0
537.0
823.0
849.0
901.0
797.0
849.0
823.0
823.0
797.0
641.0
433.0
329.0
303.0
251.0
222.0
222.0
196.0
225.0
196.0
196.0
199.0
173.0
173.0
225.0
220.0
272.0
303.0
303.0
246.0
303.0
303.0
303.0
303.0
251.0
226.0
226.0
200.0
200.0
226.0
174.0
200.0
174.0
200.0
200.0
174.0
200.0
200.0
200.0
226.0
251.0
277.0
277.0
277.0
277.0
277.0
277.0
251.0
251.0
225.0
216.0
216.0
190.0
190.0
164.0
190.0
190.0
164.0
190.0
164.0
175.0
190.0
314.0
586.0
840.0
845.0
892.0
814.0
840.0
814.0
814.0
788.0
632.0
455.0
351.0
294.0
248.0
248.0
222.0
196.0
196.0
195.0
169.0
195.0
164.0
216.0
320.0
554.0
788.0
814.0
892.0
788.0
814.0
814.0
814.0
788.0
658.0
459.0
355.0
304.0
226.0
221.0
221.0
196.0
196.0
173.0
199.0
199.0
173.0
199.0
330.0
538.0
799.0
850.0
901.0
797.0
849.0
823.0
797.0
799.0
669.0
433.0
329.0
303.0
247.0
221.0
222.0
173.0
199.0
199.0
195.0
199.0
199.0
225.0
329.0
563.0
825.0
866.0
918.0
797.0
866.0
840.0
840.0
814.0
684.0
450.0
381.0
303.0
248.0
222.0
222.0
195.0
164.0
199.0
164.0
199.0
190.0
190.0
294.0
554.0
762.0
825.0
840.0
762.0
828.0
788.0
762.0
762.0
606.0
398.0
320.0
277.0
216.0
190.0
225.0
173.0
164.0
164.0
164.0
173.0
164.0
164.0
166.0
192.0
244.0
250.0
247.0
220.0
244.0
270.0
251.0
232.0
225.0
190.0
190.0
164.0
164.0
173.0
138.0
190.0
164.0
164.0
164.0
147.0
164.0
164.0
166.0
200.0
226.0
252.0
277.0
226.0
278.0
277.0
278.0
268.0
271.0
193.0
167.0
190.0
167.0
167.0
167.0
167.0
164.0
164.0
164.0
138.0
164.0
164.0
172.0
502.0
814.0
814.0
892.0
817.0
869.0
866.0
840.0
840.0
351.0
788.0
372.0
325.0
248.0
219.0
216.0
196.0
195.0
190.0
190.0
190.0
190.0
190.0
294.0
554.0
814.0
840.0
918.0
814.0
866.0
866.0
840.0
814.0
684.0
450.0
381.0
299.0
248.0
221.0
222.0
196.0
196.0
199.0
199.0
199.0
173.0
216.0
294.0
554.0
814.0
849.0
892.0
814.0
840.0
814.0
814.0
788.0
684.0
450.0
355.0
277.0
251.0
248.0
217.0
196.0
196.0
199.0
199.0
199.0
199.0
225.0
288.0
528.0
814.0
845.0
838.0
300.0
855.0
823.0
829.0
829.0
664.0
430.0
352.0
304.0
279.0
225.0
225.0
225.0
205.0
190.0
190.0
190.0
199.0
199.0
303.0
528.0
794.0
823.0
866.0
814.0
849.0
814.0
814.0
788.0
684.0
450.0
346.0
294.0
164.0
190.0
216.0
242.0
185.0
164.0
190.0
190.0
164.0
164.0
164.0
190.0
216.0
268.0
242.0
268.0
268.0
242.0
268.0
261.0
267.0
413.0
190.0
268.0
164.0
201.0
173.0
164.0
149.0
201.0
157.0
173.0
141.0
201.0
225.0
201.0
219.0
219.0
245.0
219.0
219.0
245.0
270.0
278.0
267.0
271.0
219.0
141.0
167.0
245.0
167.0
193.0
193.0
193.0
174.0
199.0
300.0
167.0
303.0
275.0
875.0
739.0
349.0
791.0
855.0
817.0
817.0
765.0
661.0
427.0
349.0
278.0
201.0
227.0
212.0
200.0
200.0
201.0
175.0
201.0
201.0
201.0
264.0
496.0
784.0
798.0
876.0
758.0
850.0
824.0
798.0
772.0
616.0
420.0
356.0
278.0
252.0
212.0
231.0
200.0
160.0
193.0
174.0
167.0
160.0
193.0
271.0
505.0
791.0
765.0
843.0
732.0
817.0
765.0
791.0
765.0
609.0
452.0
316.0
296.0
283.0
254.0
231.0
205.0
192.0
166.0
166.0
192.0
166.0
192.0
296.0
530.0
816.0
244.0
868.0
774.0
852.0
816.0
790.0
790.0
660.0
465.0
374.0
322.0
244.0
228.0
218.0
192.0
192.0
166.0
192.0
166.0
192.0
192.0
296.0
504.0
816.0
816.0
894.0
790.0
842.0
816.0
816.0
790.0
660.0
400.0
322.0
270.0
218.0
192.0
218.0
205.0
192.0
166.0
166.0
192.0
166.0
192.0
168.0
192.0
304.0
304.0
330.0
278.0
304.0
296.0
304.0
304.0
304.0
226.0
226.0
200.0
200.0
200.0
174.0
200.0
200.0
174.0
200.0
200.0
174.0
200.0
200.0
215.0
278.0
304.0
330.0
278.0
304.0
330.0
304.0
304.0
271.0
245.0
219.0
219.0
193.0
192.0
156.0
200.0
192.0
174.0
200.0
166.0
200.0
200.0
294.0
530.0
816.0
816.0
894.0
816.0
850.0
842.0
842.0
790.0
660.0
465.0
384.0
309.0
231.0
218.0
218.0
192.0
192.0
166.0
192.0
166.0
192.0
218.0
296.0
530.0
816.0
816.0
868.0
764.0
816.0
855.0
816.0
790.0
686.0
452.0
374.0
322.0
257.0
218.0
218.0
192.0
192.0
192.0
192.0
192.0
192.0
192.0
270.0
500.0
738.0
764.0
842.0
790.0
803.0
790.0
764.0
764.0
608.0
426.0
322.0
270.0
218.0
218.0
166.0
192.0
192.0
192.0
192.0
182.0
166.0
192.0
303.0
478.0
685.0
763.0
728.0
777.0
711.0
737.0
711.0
711.0
615.0
451.0
347.0
321.0
269.0
243.0
191.0
191.0
199.0
191.0
191.0
218.0
166.0
140.0
270.0
146.0
692.0
803.0
829.0
803.0
764.0
738.0
719.0
790.0
634.0
348.0
270.0
244.0
192.0
244.0
192.0
192.0
150.0
166.0
270.0
166.0
244.0
166.0
176.0
192.0
250.0
250.0
280.0
231.0
244.0
244.0
244.0
251.0
225.0
225.0
199.0
199.0
199.0
173.0
173.0
179.0
173.0
173.0
199.0
179.0
200.0
173.0
173.0
174.0
225.0
225.0
251.0
251.0
225.0
226.0
225.0
225.0
199.0
199.0
200.0
174.0
166.0
166.0
166.0
166.0
192.0
166.0
179.0
218.0
166.0
192.0
270.0
192.0
790.0
816.0
868.0
790.0
816.0
824.0
720.0
797.0
661.0
453.0
333.0
304.0
226.0
231.0
205.0
226.0
193.0
226.0
200.0
219.0
148.0
193.0
304.0
943.0
824.0
787.0
850.0
283.0
753.0
792.0
727.0
774.0
644.0
439.0
332.0
304.0
233.0
200.0
200.0
252.0
267.0
241.0
259.0
267.0
241.0
163.0
137.0
137.0
137.0
137.0
137.0
137.0
137.0
137.0
137.0
137.0
163.0
181.0
181.0
191.0
155.0
165.0
163.0
163.0
137.0
137.0
137.0
137.0
137.0
137.0
137.0
137.0
137.0
137.0
137.0
137.0
137.0
137.0
137.0
163.0
189.0
189.0
189.0
189.0
189.0
168.0
166.0
166.0
142.0
166.0
140.0
166.0
140.0
140.0
166.0
140.0
137.0
137.0
137.0
137.0
137.0
137.0
137.0
163.0
162.0
189.0
189.0
163.0
163.0
163.0
163.0
163.0
168.0
168.0
137.0
163.0
137.0
163.0
163.0
137.0
137.0
137.0
137.0
137.0
137.0
137.0
137.0
189.0
163.0
215.0
215.0
215.0
189.0
189.0
194.0
194.0
163.0
163.0
163.0
137.0
137.0
137.0
137.0
137.0
137.0
137.0
137.0
137.0
189.0
137.0
397.0
689.0
709.0
735.0
631.0
709.0
683.0
709.0
688.0
553.0
345.0
267.0
267.0
215.0
189.0
137.0
163.0
137.0
163.0
163.0
137.0
163.0
161.0
220.0
426.0
683.0
735.0
735.0
641.0
709.0
683.0
709.0
683.0
585.0
345.0
267.0
241.0
241.0
189.0
137.0
163.0
163.0
189.0
163.0
163.0
163.0
163.0
241.0
423.0
709.0
709.0
735.0
637.0
683.0
683.0
709.0
693.0
618.0
395.0
324.0
291.0
255.0
187.0
142.0
199.0
161.0
161.0
161.0
161.0
161.0
161.0
239.0
424.0
684.0
735.0
761.0
655.0
733.0
733.0
733.0
688.0
618.0
369.0
291.0
265.0
272.0
221.0
135.0
187.0
161.0
161.0
161.0
161.0
187.0
161.0
213.0
401.0
657.0
709.0
709.0
629.0
707.0
707.0
707.0
688.0
577.0
343.0
317.0
291.0
265.0
220.0
135.0
187.0
187.0
187.0
161.0
187.0
187.0
187.0
244.0
454.0
748.0
707.0
787.0
657.0
707.0
707.0
707.0
722.0
585.0
343.0
298.0
247.0
213.0
228.0
150.0
161.0
161.0
161.0
161.0
163.0
163.0
168.0
267.0
454.0
740.0
735.0
787.0
714.0
735.0
709.0
709.0
714.0
610.0
371.0
293.0
246.0
246.0
189.0
150.0
163.0
163.0
163.0
163.0
163.0
189.0
142.0
163.0
142.0
220.0
220.0
246.0
247.0
220.0
220.0
220.0
220.0
220.0
187.0
187.0
187.0
161.0
161.0
135.0
161.0
161.0
161.0
161.0
161.0
135.0
161.0
161.0
161.0
239.0
213.0
246.0
246.0
213.0
213.0
187.0
220.0
220.0
220.0
187.0
187.0
187.0
161.0
135.0
161.0
135.0
161.0
135.0
163.0
163.0
167.0
163.0
395.0
733.0
792.0
811.0
707.0
759.0
785.0
792.0
774.0
655.0
428.0
324.0
298.0
280.0
187.0
150.0
161.0
161.0
161.0
161.0
161.0
161.0
161.0
265.0
447.0
728.0
733.0
813.0
707.0
733.0
733.0
707.0
688.0
603.0
369.0
350.0
298.0
265.0
213.0
135.0
161.0
161.0
161.0
161.0
161.0
161.0
161.0
239.0
450.0
741.0
792.0
785.0
714.0
759.0
759.0
759.0
744.0
629.0
421.0
350.0
291.0
273.0
221.0
143.0
163.0
163.0
163.0
189.0
189.0
160.0
186.0
241.0
450.0
741.0
758.0
787.0
680.0
761.0
761.0
766.0
740.0
631.0
371.0
293.0
267.0
246.0
246.0
137.0
163.0
189.0
189.0
189.0
189.0
163.0
189.0
267.0
449.0
740.0
766.0
787.0
715.0
735.0
761.0
761.0
715.0
631.0
371.0
293.0
250.0
215.0
189.0
137.0
161.0
161.0
161.0
161.0
161.0
161.0
168.0
168.0
168.0
246.0
272.0
250.0
250.0
246.0
267.0
246.0
267.0
220.0
189.0
189.0
189.0
189.0
189.0
137.0
189.0
137.0
137.0
163.0
163.0
163.0
163.0
137.0
163.0
163.0
189.0
215.0
215.0
189.0
189.0
220.0
194.0
194.0
163.0
163.0
189.0
163.0
163.0
163.0
163.0
163.0
163.0
163.0
163.0
163.0
163.0
267.0
449.0
735.0
735.0
813.0
709.0
763.0
761.0
767.0
770.0
631.0
420.0
342.0
290.0
250.0
212.0
137.0
189.0
189.0
161.0
187.0
187.0
160.0
187.0
265.0
447.0
767.0
732.0
785.0
707.0
759.0
759.0
759.0
733.0
629.0
428.0
343.0
291.0
247.0
187.0
135.0
187.0
187.0
161.0
187.0
161.0
187.0
161.0
239.0
454.0
735.0
787.0
813.0
735.0
787.0
785.0
761.0
759.0
629.0
423.0
345.0
265.0
273.0
215.0
137.0
187.0
161.0
161.0
161.0
163.0
163.0
163.0
241.0
454.0
707.0
761.0
787.0
709.0
761.0
761.0
761.0
741.0
631.0
449.0
345.0
325.0
273.0
215.0
137.0
163.0
189.0
163.0
189.0
163.0
189.0
163.0
241.0
475.0
735.0
761.0
787.0
683.0
761.0
735.0
735.0
709.0
605.0
371.0
319.0
267.0
267.0
215.0
137.0
189.0
163.0
163.0
163.0
163.0
163.0
163.0
168.0
168.0
215.0
246.0
241.0
215.0
241.0
241.0
241.0
215.0
241.0
189.0
163.0
189.0
161.0
161.0
161.0
161.0
135.0
161.0
161.0
161.0
163.0
142.0
142.0
163.0
189.0
189.0
189.0
189.0
189.0
215.0
215.0
189.0
215.0
163.0
161.0
163.0
135.0
163.0
163.0
137.0
163.0
137.0
137.0
137.0
137.0
163.0
137.0
423.0
735.0
735.0
761.0
709.0
761.0
761.0
761.0
750.0
636.0
449.0
345.0
328.0
276.0
241.0
